#==========================================================================
# The first and second rows contain site pairs (i, j) such that j > i
# The third row contains coevolutionary scores obtained 
# using mean-field DCA (mfDCA) algorithm.
# Note that in this data sites are counted/labelled starting from 1
#==========================================================================
4	17	0.21828115447388133
25	33	0.17985988556309146
23	35	0.16230522646487539
67	78	0.14182642596541004
21	37	0.12759642979278554
3	18	0.12751406838742654
66	79	0.12185794505235496
6	15	0.11708210493132298
69	76	0.11554073552553029
24	34	0.11536770158116863
7	14	0.11301064790478632
5	16	0.10601182336860274
22	36	0.10174037623951983
65	80	0.09739836802883564
12	13	0.08115518597684404
9	48	0.05865776612931579
19	39	0.05299140596452295
82	84	0.04888984313101184
62	63	0.048288922314476644
2	8	0.0451861432404897
59	71	0.04493803050087839
59	70	0.04021935755922605
7	50	0.037870382491320354
44	56	0.037421172982319915
20	38	0.034442890274766255
13	74	0.034104642837180926
28	64	0.03233656423222833
6	53	0.03104269341833501
60	70	0.030783230481770264
2	71	0.030448166871825805
15	41	0.028870708865413007
29	31	0.028294065907323085
5	60	0.02800796232500576
18	67	0.027314729713693475
16	38	0.026338183286924836
43	65	0.025394252796350276
27	66	0.02522379459327391
64	81	0.025211317439379516
36	39	0.024625010710726543
80	84	0.0239532618405241
42	64	0.023540937911734443
41	73	0.02332742985839662
40	66	0.022977185969995026
41	67	0.02295628144407823
43	71	0.02275535678206285
43	57	0.02246604024074307
50	61	0.022341584566652348
8	52	0.02158810226499245
27	79	0.02146965912095137
3	67	0.021423610804284534
82	83	0.02091174302945348
23	66	0.020295385577134922
35	66	0.020295385577134784
1	71	0.020278973212067786
6	41	0.020263362598933514
40	79	0.02025189659850363
53	60	0.020070417199198474
14	50	0.019661355483855485
53	70	0.01963999487094152
9	24	0.019357025253791512
28	39	0.019325438392358816
50	74	0.019322713143534044
23	84	0.019311692471328343
35	84	0.019311692471327954
60	71	0.019152162640783107
1	2	0.018993773414373288
80	82	0.018288610102769998
18	20	0.018177873245351035
26	28	0.018163702175233953
20	70	0.01813279586465215
42	74	0.017857753326181298
80	81	0.01708291185243309
12	74	0.01696521294150683
41	62	0.01653540045939342
73	75	0.01618507485056727
52	56	0.016156234984741086
44	52	0.016156234984740836
81	83	0.016075048626616836
24	48	0.016074583935333942
22	24	0.015938853414579745
11	37	0.015665415470307725
11	21	0.015665415470307583
18	78	0.015557855104976192
38	61	0.015382415516748387
61	64	0.015326670644020064
74	81	0.015271381354846625
34	48	0.015236135107885844
9	34	0.015072349681077398
78	81	0.01493515917361692
37	52	0.014906006732070584
21	52	0.014906006732070237
23	79	0.014657261782036397
35	79	0.01465726178203634
1	28	0.014638590851369716
41	78	0.014592404339645426
10	11	0.01456737499164226
80	83	0.014538321682069186
5	38	0.014369756194340989
16	60	0.01423869518897339
12	58	0.014196190903095698
76	80	0.01418635855377857
7	61	0.014096012432302869
50	82	0.014035589961537014
26	59	0.013914369988153118
19	48	0.01388653936306675
38	70	0.013733650980904944
26	30	0.01365308086538478
16	70	0.013500205027405326
1	62	0.01335127653325505
77	83	0.013349313016440337
4	19	0.013312192697355812
17	19	0.0133121926973556
2	7	0.01315356710590257
33	63	0.013089761471966936
25	63	0.013089761471966345
59	84	0.012854081866066024
47	51	0.01284988199473492
19	27	0.012845350614967013
12	28	0.01271135068957328
81	82	0.012620113359635966
16	34	0.012607468112984549
43	61	0.012586016135329576
3	20	0.012581039611959152
40	84	0.012486355595827975
28	36	0.012473196103333967
65	84	0.012452960047845688
63	80	0.012282458585023939
27	39	0.01209122450899065
18	53	0.011961657161947381
63	65	0.011886139644050494
15	53	0.011846050105658812
83	84	0.011844439068591577
6	8	0.01183733487583636
8	64	0.011751443324529497
43	53	0.011749703823209095
60	65	0.0116918268664565
22	38	0.01162921025787745
1	8	0.011523088349532744
22	28	0.01149869976288897
47	77	0.011421600985914304
51	77	0.011421600985914118
64	74	0.011386159455906219
14	27	0.01134604229477253
34	73	0.011298279324257081
1	63	0.01124195117876305
57	65	0.01124110462359907
76	83	0.011196562682218152
2	36	0.011095769470214706
50	60	0.011075058870436917
79	83	0.010968911647108176
40	41	0.010964987357740059
76	77	0.010907893012552943
38	52	0.010829830696041653
9	10	0.010557623643160787
22	39	0.010550956451110472
5	26	0.010538559088204294
77	81	0.010368170741803092
8	61	0.010350413163850375
23	40	0.010320505869988587
35	40	0.010320505869988271
42	81	0.010185553881780699
69	79	0.010147027585794582
59	81	0.01013904057103654
4	5	0.01012530157344412
5	17	0.010125301573443985
17	52	0.01012304650365099
4	52	0.010123046503650904
76	79	0.010105011717494757
22	34	0.009957551948013154
3	71	0.00990349767165249
23	27	0.009859376829787998
27	35	0.009859376829787879
2	28	0.009777630756165197
12	70	0.009472531963884707
3	78	0.009469523462157738
22	57	0.009463238516818503
12	20	0.00942042743514305
19	84	0.009348488303185961
57	80	0.009342167804556769
43	82	0.009283333008468078
1	16	0.009262472860213367
79	84	0.009239934200820737
44	68	0.009030328862617535
56	68	0.009030328862617475
59	60	0.009014347835065089
1	27	0.008936429492901757
27	29	0.008862282580474924
27	31	0.008862282580474612
29	71	0.008859643265382891
31	71	0.008859643265382775
11	19	0.00884714296827812
20	33	0.008793071382589605
20	25	0.008793071382589489
19	20	0.008776409000535508
64	82	0.008764667927230956
8	81	0.008701078781824032
15	73	0.008565968791829649
33	61	0.008514964285041837
25	61	0.00851496428504166
63	74	0.008368143279149563
77	82	0.008364293715221427
44	61	0.0083584752060365
56	61	0.00835847520603649
7	38	0.00835154754815717
66	76	0.008340508463799403
16	20	0.008286077442738989
26	50	0.008285119116430234
47	68	0.008198126194701102
51	68	0.00819812619470094
1	10	0.00813858336104387
81	84	0.008076341348797344
4	42	0.008073857919060247
17	42	0.008073857919059851
78	80	0.008072363181291559
63	84	0.008039496138913579
9	20	0.008014945964736155
27	63	0.007890347927615659
8	13	0.00766095113430677
75	82	0.007582260397697971
27	62	0.0075558608634294835
63	81	0.007520577873947157
9	19	0.00750004272017183
28	30	0.007485777519562721
18	19	0.007423037286322827
8	28	0.007416162595032397
1	69	0.007413023641991027
6	9	0.007398777441418437
66	69	0.007364324834797502
13	70	0.007358805069283558
28	52	0.007338236867584337
9	15	0.007304924050254831
63	64	0.007260273526710947
75	83	0.007243225856429447
38	50	0.007225963792068682
7	70	0.007196431454042005
53	59	0.007181943964980228
67	73	0.007096774614090533
27	28	0.007093106076964973
50	67	0.007031820145410711
24	74	0.007020256263655147
19	28	0.0069579638814602374
32	75	0.006837224118091073
22	67	0.0068170481093526684
62	74	0.006795779027175133
26	52	0.006792278560042733
6	70	0.006670248959259318
40	43	0.006599828065116777
38	60	0.006586583345313944
10	60	0.006573510918093581
5	20	0.006561963190447223
37	74	0.006555364490908845
21	74	0.006555364490908545
65	69	0.006495645756258436
34	40	0.006458327177726712
36	67	0.006457197901343983
23	61	0.006430317170110304
35	61	0.006430317170110176
24	73	0.0064083244921111695
68	77	0.006404204470137072
26	82	0.006366525895953623
19	26	0.0063647338056734525
52	68	0.00635252185535656
78	83	0.00633827369282708
41	74	0.006335435058005262
13	22	0.006329539001212921
42	58	0.006311844856213425
2	43	0.006222318548799066
63	82	0.0061992868483874185
64	71	0.006194997437012484
53	77	0.006179959337700881
41	43	0.006165862532351688
12	27	0.006162214216767588
77	79	0.006157186062366633
28	50	0.006151175210749321
51	53	0.0061406328185256666
47	53	0.0061406328185254115
8	63	0.006132812090977076
39	69	0.006111890276083096
42	48	0.006085317551665431
2	11	0.006073026044035989
13	78	0.006048828925516269
12	40	0.005925874045786542
56	70	0.005896522709854378
44	70	0.005896522709854349
21	36	0.0058678541277026874
36	37	0.005867854127702615
4	60	0.00585612082753036
17	60	0.005856120827530252
19	34	0.005840694514156017
2	6	0.005833757291361083
42	60	0.00581049962157105
59	62	0.005785282833236727
19	82	0.005767629563718062
12	57	0.005767326866864575
13	75	0.005764863811377861
28	62	0.005742558732764556
9	11	0.005709680730108246
7	15	0.005700586378381951
40	73	0.005694423288804336
14	70	0.005694296242352259
67	75	0.005688617363736714
64	65	0.005636714366867434
6	71	0.00560203764241381
43	60	0.005577824068394107
2	41	0.005572707653949764
13	26	0.00555107430068808
8	71	0.005543144076841977
62	67	0.005512260222948543
42	57	0.0055057208968382395
60	64	0.005477521721016568
68	69	0.005448999919716037
20	76	0.005447106430827983
1	43	0.005340101564996267
20	66	0.00532668276985023
2	60	0.005310136421653486
28	81	0.005309069756083788
30	42	0.005287878293549868
3	40	0.0052740455079728285
41	53	0.005190718300529934
43	81	0.005174199899678234
15	34	0.005124052430508353
42	65	0.005118260333237885
77	80	0.005084117941294878
77	78	0.005078445989806508
39	76	0.005053095894798937
20	48	0.005043494744631761
12	19	0.005000145713932244
10	20	0.004991807698170097
6	73	0.00498215466753827
70	84	0.00488660432312621
38	57	0.004874339184650751
5	30	0.004835505551996544
79	81	0.004814893105088664
76	82	0.004811681533754978
13	40	0.004719110931387284
20	63	0.0047153117833024245
13	15	0.004711690113617538
18	71	0.00470174866131517
15	74	0.004688326624694242
19	50	0.0046807784741056575
39	58	0.004662101462499113
20	69	0.004657847978536652
35	39	0.0046290372831685606
23	39	0.0046290372831683906
43	75	0.004619657244457053
11	58	0.004561996419771612
27	81	0.004535850043787102
62	69	0.004532018239673776
2	26	0.004526556606152301
48	58	0.004508760528211805
3	19	0.004505706286645386
4	40	0.0044893505868225225
17	40	0.004489350586822479
76	78	0.004479358124781249
22	81	0.004441959070286718
61	68	0.004396889972901408
2	3	0.0043770845248985776
2	40	0.004363995893111102
31	53	0.00435487063375815
29	53	0.004354870633758057
26	71	0.004293451791221766
39	41	0.004288718159484867
47	73	0.004280048716802973
51	73	0.004280048716802735
79	82	0.0042655076565877754
70	74	0.00420755489870156
1	11	0.004187510428972262
7	64	0.004187161239680598
36	74	0.004179717387950063
16	40	0.004172179926432944
42	82	0.004127315858101158
43	64	0.004079033622489453
6	13	0.004056125001809951
74	82	0.004055788228919529
6	7	0.0040554422264973584
2	73	0.004027940921539539
52	58	0.003998518512039803
39	62	0.003990848098237958
5	70	0.003988846070817247
36	50	0.003987139689381514
28	67	0.003983286237583808
19	60	0.003980309800197824
66	73	0.003951820107292451
9	42	0.003946424327475719
13	19	0.003945485496377115
11	60	0.003945397728193122
24	66	0.0039397122279445675
40	42	0.003930331215663158
26	42	0.003892911633478615
5	57	0.0038847388202404172
32	73	0.0038521986794855497
20	79	0.003825981537323695
11	20	0.0038159200025663148
27	65	0.003809380302341717
26	34	0.0038015931945997597
6	50	0.003794738503524249
8	21	0.0037617210650828696
8	37	0.0037617210650827864
1	32	0.003758084958489852
19	41	0.0037521301345955233
14	69	0.003707070556533608
13	67	0.003703562627867571
46	54	0.0036942010350946982
49	72	0.0036942010350946844
45	54	0.003694201035094665
45	55	0.0036942010350946627
45	49	0.0036942010350946622
46	55	0.0036942010350946328
46	72	0.0036942010350946245
45	72	0.0036942010350946193
45	46	0.0036942010350945486
54	55	0.00369420103509454
46	49	0.003694201035094523
55	72	0.0036942010350945087
49	55	0.003694201035094508
54	72	0.003694201035094492
49	54	0.003694201035094461
14	38	0.0036745884125594184
62	66	0.0036585324027928806
12	43	0.0036569219035466156
68	76	0.0036381456176184214
9	40	0.0035645859036314695
22	50	0.003555238992289305
13	28	0.0035490226408008913
1	3	0.003505286062227742
59	82	0.0035012704749073954
8	58	0.003494975790791575
14	82	0.003484646613454586
15	52	0.003471060601771169
2	14	0.003448344233052755
1	70	0.0034451403049546
50	75	0.0034376705605808212
77	84	0.0034185286220558475
3	38	0.0034106395790104715
5	22	0.0033925916423485306
15	42	0.0033858616704808085
21	38	0.003322398382174435
37	38	0.0033223983821744144
50	84	0.003313702995894496
19	30	0.0032955589644416807
59	66	0.003273228487640731
36	62	0.003252477112893279
14	47	0.0032503883899903966
14	51	0.003250388389990329
65	76	0.0032428739057961302
29	43	0.0032411666108098556
31	43	0.00324116661080977
30	82	0.0032374898865309637
19	42	0.00323552130062584
1	76	0.003229634939541465
28	78	0.003207197803128937
8	68	0.0031943384274233325
6	52	0.003167717880451431
43	84	0.003167332168218167
8	67	0.003150023492915004
58	65	0.0031331474129765013
2	19	0.0031308661253802647
27	50	0.003112250710181813
62	78	0.0030935257680529873
36	81	0.0030726449105809
30	72	0.003048959297585804
30	46	0.003048959297585712
30	45	0.0030489592975857017
30	49	0.0030489592975856956
30	54	0.003048959297585657
30	55	0.003048959297585649
1	39	0.0030154522546817107
8	11	0.0030150517028151268
69	75	0.0030055259516254176
32	83	0.0030044701387807594
22	30	0.0029841072600540115
69	70	0.0029713959032009653
20	43	0.002962464672531114
47	61	0.0029611875985798403
51	61	0.0029611875985797583
42	61	0.002960757470716731
42	44	0.002936851416115562
42	56	0.0029368514161154744
33	52	0.002920317003676446
25	52	0.0029203170036763183
13	30	0.0029180253008981244
61	81	0.002915738120418357
11	53	0.0029114024721335514
30	36	0.002897868321526381
3	68	0.0028961498217897133
1	6	0.002886644791482089
32	69	0.002884784369544324
59	64	0.0028718095466969606
7	51	0.0028616472416560816
7	47	0.0028616472416560118
12	15	0.0028493684979846896
76	81	0.0028431323052753796
5	64	0.0028266167095289656
12	39	0.002819447876985314
61	73	0.0028167806043496255
40	58	0.0028133957072972752
19	64	0.002809052303391367
65	82	0.002774614550813715
20	39	0.0027678672912509385
63	69	0.0027452968724800885
39	73	0.0027452072201816736
1	52	0.002725144361663454
5	42	0.0027229413624017054
24	79	0.002697275766461532
18	60	0.002692976075067988
39	84	0.002692324854005922
1	38	0.002688093199390734
22	61	0.0026676997953730373
2	62	0.00266532544420951
70	71	0.0026482059145566525
14	64	0.0026380435924291236
6	60	0.0026318338583646815
2	27	0.002631562504599687
22	59	0.002623167592175681
41	51	0.0026196752051250243
41	47	0.002619675205124933
18	38	0.0026181370363712944
19	24	0.002610121085486092
56	65	0.0026010061744441895
44	65	0.00260100617444414
64	70	0.0025832319008410494
54	58	0.002581833532232041
49	58	0.0025818335322320375
55	58	0.002581833532232028
58	72	0.002581833532231911
46	58	0.002581833532231853
45	58	0.002581833532231736
10	53	0.002580437682720748
29	72	0.0025663934596754584
31	55	0.0025663934596754268
31	54	0.0025663934596753526
31	45	0.0025663934596753435
31	49	0.0025663934596753413
31	46	0.002566393459675328
31	72	0.0025663934596753227
29	45	0.00256639345967524
29	54	0.0025663934596752334
29	49	0.0025663934596752104
29	55	0.0025663934596752073
29	46	0.0025663934596751956
15	64	0.002566026627926734
24	32	0.0025560148244845268
26	39	0.0025509291016165567
14	76	0.0025466715752837767
43	67	0.002522922853415604
23	58	0.002514234878383094
35	58	0.0025142348783829247
18	39	0.002500460734149614
27	48	0.002491309863096581
39	52	0.002487336832327953
13	58	0.002472139906844411
15	16	0.002471182101050089
22	43	0.002468234011573754
18	40	0.0024254097087833566
8	33	0.002410705518846777
8	25	0.0024107055188465655
25	26	0.002410346056012776
26	33	0.002410346056012689
44	62	0.0024058413908541673
56	62	0.0024058413908539696
42	50	0.0023990947308821717
42	59	0.002397452406915296
28	84	0.0023897405158273986
39	81	0.0023892220602842757
57	60	0.002382825533532752
9	73	0.002358003067099404
55	57	0.0023471593553968913
45	57	0.0023471593553968653
46	57	0.002347159355396861
49	57	0.0023471593553968046
54	57	0.002347159355396761
57	72	0.0023471593553965036
27	34	0.0023434220498143067
45	47	0.0023400464755614922
47	55	0.0023400464755614437
47	54	0.002340046475561406
47	49	0.002340046475561405
47	72	0.0023400464755614046
45	51	0.0023400464755613994
51	72	0.002340046475561367
49	51	0.0023400464755613526
51	55	0.0023400464755613483
51	54	0.0023400464755612923
46	51	0.002340046475561278
46	47	0.0023400464755612056
31	40	0.002329237785680892
29	40	0.0023292377856807783
11	24	0.002326069115223127
14	34	0.0023196008315264187
36	43	0.002296854940112789
4	38	0.0022928336977204138
17	38	0.002292833697720282
34	75	0.002287114296110166
7	69	0.002285780352794196
24	69	0.002278621147182209
32	49	0.002274702609562053
32	55	0.00227470260956205
32	46	0.0022747026095618224
32	45	0.002274702609561814
32	72	0.0022747026095617674
32	54	0.002274702609561708
52	78	0.0022737624136342817
5	32	0.0022620370322917072
10	30	0.0022605031269973272
6	12	0.002258539233871005
39	67	0.0022494648803382204
10	54	0.00223000949004312
10	72	0.0022300094900430654
10	49	0.002230009490043057
10	55	0.0022300094900430368
10	46	0.0022300094900429917
10	45	0.002230009490042963
64	73	0.002224748166480906
33	38	0.002222572518292682
25	38	0.002222572518292453
18	41	0.0022034645469970436
19	53	0.002201175632132046
31	58	0.0022007120383139727
29	58	0.002200712038313751
15	50	0.002176289652494331
5	36	0.002160365681457445
24	62	0.002157927717129908
32	63	0.002157585870823305
48	49	0.0021398621374132815
48	72	0.0021398621374132776
48	54	0.0021398621374132047
48	55	0.0021398621374131184
46	48	0.002139862137413101
45	48	0.002139862137413072
57	83	0.002136222978612189
6	59	0.0021289000354009664
25	28	0.0021199594685003056
28	33	0.00211995946850014
15	19	0.0021172510388097598
26	74	0.0020841569822729993
36	57	0.0020745195263582672
54	75	0.0020721407685825345
46	75	0.0020721407685825146
49	75	0.00207214076858249
55	75	0.0020721407685824838
45	75	0.0020721407685823875
72	75	0.0020721407685823667
2	17	0.002061094002506021
2	4	0.0020610940025059237
24	58	0.0020560925620548313
12	73	0.0020525432439452403
30	51	0.0020183681415446453
30	47	0.002018368141544452
14	61	0.0020098396976324304
18	68	0.0020073161913578526
62	76	0.0019466645106752277
38	44	0.00194536230779159
38	56	0.001945362307791563
1	68	0.0019347319094226156
30	81	0.0019188668692658095
6	34	0.0019118815414706537
23	33	0.0018894405267867627
23	25	0.0018894405267866794
25	35	0.0018894405267864834
33	35	0.0018894405267864504
59	79	0.0018878495903019996
18	42	0.0018868282383278385
20	67	0.0018629218559006698
3	29	0.0018518461736299913
3	31	0.0018518461736298317
68	74	0.0018511897017966248
32	66	0.0018482218340568563
29	51	0.001845926234677589
29	47	0.0018459262346775364
31	51	0.0018459262346774753
31	47	0.001845926234677243
7	13	0.0018451850353790582
58	80	0.001844739156670308
15	59	0.0018325545551965295
49	68	0.001819515346691497
54	68	0.0018195153466914716
55	68	0.001819515346691465
46	68	0.0018195153466914326
45	68	0.0018195153466914263
68	72	0.0018195153466912606
44	55	0.001801408346030804
46	56	0.0018014083460307843
44	46	0.001801408346030773
44	45	0.0018014083460307065
49	56	0.0018014083460306507
44	54	0.0018014083460306215
44	72	0.0018014083460306174
54	56	0.0018014083460306085
55	56	0.0018014083460306072
56	72	0.001801408346030587
44	49	0.0018014083460305551
45	56	0.0018014083460305079
56	71	0.0017927740612550176
44	71	0.0017927740612548888
75	80	0.001782223164955841
44	58	0.0017771994032474063
56	58	0.0017771994032473022
22	78	0.0017613773732621484
30	62	0.0017516974891926386
43	78	0.0017466367414925021
32	70	0.0017431631291163958
40	61	0.0017357366271800387
65	73	0.0017352102146080085
24	75	0.0017323600950582335
9	58	0.0017242592607962597
17	61	0.0017239001471393949
4	61	0.0017239001471392457
55	71	0.0017175725015095864
45	71	0.0017175725015092505
46	71	0.0017175725015092485
49	71	0.0017175725015092435
71	72	0.0017175725015092175
54	71	0.0017175725015091178
75	81	0.0017039065035350629
42	70	0.0017009552410103372
16	24	0.0016972427209640435
53	68	0.0016884097732391217
32	57	0.0016880939498615216
61	77	0.0016750251664801258
2	10	0.0016361248767984555
64	80	0.0016343511653569218
48	69	0.0016294432609521283
13	69	0.001625641422898962
10	12	0.0016142451050213567
34	58	0.0016094836798608266
69	80	0.0016003876919603562
36	78	0.001593488485683978
73	78	0.0015843596339493006
16	26	0.0015747328710300377
71	81	0.001573750088229746
7	82	0.0015577602342839733
73	81	0.0015334149153753184
1	9	0.0015286841596057364
30	68	0.001521159476795224
21	22	0.0015057958447527338
22	37	0.001505795844752732
27	44	0.0015004783653020867
27	56	0.001500478365302059
39	78	0.0014984626404175461
14	77	0.0014832005923522823
38	62	0.0014799336658416502
30	63	0.0014759695139702623
29	75	0.0014646448099008894
31	75	0.0014646448099005687
62	65	0.0014440271318277072
22	62	0.0014257181532820427
51	62	0.0014059543987441393
47	62	0.0014059543987440214
20	57	0.001401716023284527
3	39	0.0014015517306541075
3	41	0.0014010658227117737
48	76	0.0013964825456500444
30	43	0.0013900535017862554
29	48	0.0013803225537610381
31	48	0.001380322553760709
29	57	0.0013762572944624825
31	57	0.001376257294461963
2	64	0.0013697582904731373
13	36	0.0013659581170943598
43	80	0.0013630043428610114
62	79	0.0013580345370992671
7	17	0.0013503749053667621
4	7	0.0013503749053666997
29	32	0.0013436487501409839
31	32	0.0013436487501406406
43	63	0.0013422196992319661
12	17	0.0013409929153522099
4	12	0.0013409929153521817
42	53	0.0013322094665349999
12	26	0.0013222557357835969
3	81	0.001316151375969245
9	66	0.0013144447443300964
12	52	0.0012878814604433027
65	81	0.0012872077279052303
2	63	0.001284632587030962
7	76	0.001280718720641956
62	80	0.0012772910971133216
13	20	0.001269607560171154
34	53	0.001254106289088671
1	42	0.0012433661683562544
5	34	0.0012373789628235335
30	40	0.0012362967358032365
73	77	0.0012329006438379845
59	72	0.0012271540372243233
55	59	0.0012271540372242825
49	59	0.0012271540372242795
54	59	0.0012271540372242574
45	59	0.0012271540372242376
46	59	0.0012271540372242012
49	77	0.0012234882561147392
54	77	0.0012234882561147301
72	77	0.0012234882561146289
55	77	0.001223488256114568
45	77	0.001223488256114503
46	77	0.001223488256114497
18	59	0.0012166330959255591
26	38	0.0012145650682233704
75	84	0.001203945378311747
32	84	0.0012029742354395295
30	31	0.0011829303190618167
29	30	0.0011829303190617417
8	36	0.0011557827336167725
54	83	0.0011501455903480862
49	83	0.0011501455903480562
55	83	0.0011501455903479571
72	83	0.001150145590347943
46	83	0.0011501455903479185
45	83	0.001150145590347864
15	70	0.0011454605859828257
7	77	0.0011417785497517064
8	44	0.0011413465444789026
8	56	0.0011413465444788115
9	79	0.001136555017343198
14	21	0.0011350915477686676
14	37	0.0011350915477686468
48	73	0.0011323014117613668
48	74	0.0011279285816727744
8	39	0.0011157101745773949
1	41	0.0011040339696029924
15	20	0.0011030491983969968
9	27	0.0010915482554816024
24	76	0.001089224669109011
7	10	0.0010877450585423426
13	83	0.0010876806795442236
3	66	0.001084738439993519
5	65	0.0010767465599763925
42	78	0.0010695134416998653
24	35	0.0010654130850694821
23	24	0.0010654130850693885
65	71	0.0010489605713778329
10	32	0.0010416703624227437
58	61	0.001040804205556095
10	17	0.0010291680599543887
4	10	0.001029168059954142
19	69	0.0010202046736213482
39	79	0.0010059299120944477
39	47	0.00100569121217888
39	51	0.0010056912121787572
79	80	0.0010049658343828944
8	40	0.0010006208310822506
52	81	0.000999302947641216
12	78	0.0009748330483104325
37	72	0.0009715564155489361
37	49	0.0009715564155489201
37	55	0.0009715564155489149
37	46	0.0009715564155488932
37	54	0.0009715564155488817
37	45	0.0009715564155488782
21	46	0.0009715564155486007
21	49	0.0009715564155485235
21	72	0.0009715564155485083
21	55	0.0009715564155484762
21	45	0.0009715564155484608
21	54	0.0009715564155484157
21	63	0.000966467530841817
37	63	0.0009664675308418066
32	36	0.0009620584360532855
1	23	0.0009508114707017061
1	35	0.0009508114707015534
59	80	0.0009477252732863579
16	68	0.0009473487174572913
26	27	0.0009465430036462042
32	41	0.0009347696513708472
22	74	0.0009132751265530266
32	34	0.0009119947870986321
12	59	0.0009108855452236455
26	46	0.0009067922690996308
26	72	0.0009067922690995916
26	45	0.0009067922690995382
26	54	0.0009067922690993917
26	49	0.0009067922690993405
26	55	0.0009067922690993119
30	32	0.0009018633395739314
32	50	0.0008999208998605093
10	15	0.0008963521272569224
3	33	0.0008948859408015085
3	25	0.000894885940801466
2	20	0.0008919123128081005
48	66	0.0008857281895549868
30	58	0.0008849375370707396
41	69	0.0008806310412926965
9	54	0.0008674144600758704
9	45	0.0008674144600758448
9	49	0.0008674144600758315
9	55	0.0008674144600758248
9	46	0.0008674144600757934
9	72	0.0008674144600757424
76	84	0.0008653791036543641
10	40	0.0008544292834254175
30	77	0.0008534632999620206
11	55	0.000845961959959255
11	49	0.0008459619599592124
11	45	0.0008459619599591688
11	46	0.0008459619599591514
11	54	0.0008459619599591431
11	72	0.0008459619599590786
19	52	0.0008441695466166656
29	68	0.0008420911955415542
31	68	0.0008420911955413647
13	68	0.0008400941791318998
53	62	0.000838981298540863
57	77	0.0008347692536839078
31	77	0.0008335791523432893
29	77	0.0008335791523425705
10	14	0.0008286326818914475
38	63	0.0008253411325021068
39	66	0.0008146872083157203
26	57	0.0007998402093521728
41	50	0.0007956552310378166
58	73	0.0007898634325586126
6	74	0.0007835716140799052
26	62	0.0007808736715864328
59	74	0.0007768899465963892
51	52	0.0007738771859865544
47	52	0.0007738771859865361
61	84	0.0007717649526540124
51	58	0.0007676385046554873
47	58	0.0007676385046552663
14	42	0.0007650913712246056
53	78	0.0007645259064169383
10	31	0.0007521876263591346
10	29	0.0007521876263591248
13	66	0.0007439137059795514
50	65	0.0007434708369726123
15	24	0.0007415029207203279
73	84	0.0007283461074813402
41	58	0.0007272722321537356
31	66	0.0007169498855097156
29	66	0.0007169498855097087
32	51	0.0007064374981109729
32	47	0.0007064374981109647
58	68	0.0007029024108741835
23	26	0.0007003683936287232
26	35	0.0007003683936284873
32	62	0.0006942692609744525
1	56	0.0006912184791504094
1	44	0.0006912184791503027
40	62	0.0006836707530947644
13	52	0.0006751859491171634
32	58	0.0006657567767568302
15	58	0.000665104644355445
64	78	0.0006612767582050896
62	73	0.0006579039924994373
11	39	0.0006430140659625539
48	79	0.0006414104994584002
52	62	0.0006413366150888481
10	51	0.0006342676477829581
10	47	0.0006342676477828803
13	57	0.0006303452336969663
2	51	0.0006106471001861256
2	47	0.0006106471001860194
42	80	0.0006048926792322495
50	62	0.0005793005247024859
10	57	0.0005751927190290873
16	57	0.000567189148298345
2	69	0.0005666144029509018
23	57	0.0005639245859384127
35	57	0.0005639245859381083
14	59	0.0005625869030491341
6	31	0.0005576086962386321
6	29	0.0005576086962385458
1	29	0.0005564155881804958
1	31	0.0005564155881803245
13	73	0.0005558749877457771
32	42	0.0005519221272342625
31	38	0.0005489280374143578
29	38	0.0005489280374143019
52	67	0.0005319460474115072
3	17	0.0005301135958714343
3	4	0.0005301135958713354
11	36	0.0005295612902838963
4	18	0.0005270080273986379
17	18	0.0005270080273983881
50	79	0.0005175770438518162
64	68	0.0005116553241192876
74	75	0.0005054431723205562
17	53	0.0004949380760313898
4	53	0.0004949380760312962
30	57	0.00048249950751956864
62	75	0.0004773111576196194
22	32	0.00047061553406102996
16	32	0.00046932622060888007
40	74	0.00046033520292728183
11	33	0.0004485438106410886
11	25	0.0004485438106408973
17	20	0.00044640583484260865
4	20	0.000446405834842456
14	84	0.0004394974410764276
58	82	0.00043383034419373174
14	73	0.0004305193533968542
51	57	0.00041920292026688855
47	57	0.00041920292026685667
28	68	0.0004147695261279699
14	24	0.00040883497779940076
5	83	0.0004063664410871564
6	58	0.00040578935590137536
73	79	0.00040445122249932724
22	58	0.000404366317927327
25	58	0.0004030975481026408
33	58	0.00040309754810243133
14	17	0.0003913913778174332
4	14	0.0003913913778171834
29	83	0.0003912994346509141
31	83	0.0003912994346505266
41	42	0.00039103862498834734
3	53	0.00038970688887121196
34	66	0.00038434328392042763
39	77	0.0003728579081624722
10	50	0.0003724286657292974
10	58	0.0003721048753570229
1	5	0.0003713040649475042
4	75	0.00036891719262843563
17	75	0.0003689171926284313
70	82	0.00034817881602394046
47	75	0.00034603294623105816
51	75	0.00034603294623099896
58	77	0.0003416898950934558
34	42	0.00033773436770478255
51	69	0.00033433535674754237
47	69	0.0003343353567474899
6	10	0.00033383573586802124
41	52	0.0003336257600330605
48	67	0.0003223399411150917
4	16	0.0003205279012249984
16	17	0.00032052790122488045
10	18	0.0003196706946946592
11	34	0.000314116012876205
15	51	0.000312612274104489
15	47	0.0003126122741044699
7	34	0.00030500257074058193
42	52	0.0003048953993073679
28	56	0.00030286938761620377
28	44	0.00030286938761618903
50	78	0.00029968067963842375
10	68	0.00029818539537493577
36	48	0.0002875342505324176
26	63	0.0002764504849372589
13	27	0.00027428426639526833
74	80	0.0002703988966467688
30	56	0.00026644832296201766
30	44	0.00026644832296190664
70	78	0.00025490985996533787
24	27	0.00024637742442829187
57	75	0.0002377063359756844
78	84	0.00023668844862580977
1	19	0.00023618466573030114
68	73	0.000235190438487277
5	80	0.00022069978832483378
25	40	0.00021704626520160052
33	40	0.00021704626520155455
39	65	0.0001984940973457118
33	57	0.0001944467718542316
25	57	0.00019444677185407157
11	57	0.0001787784227594148
36	69	0.00016815239637321504
7	62	0.0001633795716471289
43	73	0.0001555413821949991
61	69	0.00015306764592447428
31	44	0.00013682631625671618
31	56	0.00013682631625670447
29	44	0.0001368263162562827
29	56	0.00013682631625627274
5	13	0.0001362122801580861
24	42	0.00013592986320990277
53	79	0.0001352796207501122
48	51	0.00012712791243031738
47	48	0.0001271279124295914
16	18	0.00012571473619869475
27	71	0.0001144760741625065
32	40	0.00011367592471137663
36	53	0.00010835032483000502
11	35	9.653533162752928e-05
11	23	9.653533162731591e-05
40	80	9.458907307318028e-05
20	62	9.45287524024823e-05
3	59	8.815826688567813e-05
26	79	8.122265688916257e-05
11	30	7.042663230492755e-05
39	53	7.023647449585276e-05
41	48	6.646145850281587e-05
1	75	5.2732935340625044e-05
38	68	4.439260884126113e-05
28	42	4.312341735343908e-05
11	29	3.666880383678523e-05
11	31	3.66688038367694e-05
52	64	3.392616551387874e-05
68	81	2.9430967924425067e-05
27	42	2.5667972935234165e-05
44	57	2.5299061499473594e-05
56	57	2.5299061499433045e-05
16	56	2.0546521398285417e-05
16	44	2.0546521398203017e-05
78	82	2.0205669525178924e-05
5	58	1.814217071364815e-05
10	19	1.7705705921429622e-05
12	38	1.6123130663882324e-05
41	56	1.471404514954023e-05
41	44	1.471404514950033e-05
48	75	1.0803321142356399e-05
11	12	7.0809164163937455e-06
6	47	6.185700791840054e-06
6	51	6.185700791751583e-06
10	83	2.2426223395225365e-06
27	70	1.1021125008274513e-06
3	5	-2.330236112242645e-06
6	42	-2.9738347492624592e-05
13	81	-4.212286888122339e-05
7	37	-4.413283772229746e-05
7	21	-4.4132837722430165e-05
32	68	-4.471223984114274e-05
32	60	-5.410546562825604e-05
41	64	-6.042781968728511e-05
11	22	-6.093662433388162e-05
10	75	-6.769194602408712e-05
58	75	-6.811918790987489e-05
9	12	-6.950066455119067e-05
16	36	-7.18794618340575e-05
12	75	-7.667675074124025e-05
46	73	-8.696142299974546e-05
49	73	-8.696142299976497e-05
72	73	-8.696142299976953e-05
45	73	-8.696142299977386e-05
55	73	-8.696142299978926e-05
54	73	-8.696142299983436e-05
20	41	-9.541067138116657e-05
31	73	-9.701877357382038e-05
29	73	-9.701877357402812e-05
10	69	-9.951475291190403e-05
27	38	-0.00013434855292836743
2	76	-0.00013875855081288066
30	65	-0.00014374134581279178
10	44	-0.0001472056851531539
10	56	-0.00014720568515323913
52	61	-0.00014873693451070234
30	74	-0.00015507522465385126
32	61	-0.0001757183078612977
30	75	-0.00017938048208599702
9	82	-0.00018957361275214173
75	78	-0.00019284262316367293
1	45	-0.00019449204867250428
1	46	-0.00019449204867273868
1	72	-0.0001944920486727504
1	54	-0.000194492048672753
1	49	-0.0001944920486727619
1	55	-0.0001944920486727686
58	71	-0.000195697189633034
63	73	-0.00019901066843801794
30	83	-0.00020084732292417035
16	42	-0.00020100665132631763
8	73	-0.00020280541690933986
52	77	-0.00020393084419560205
31	79	-0.00020439713564118778
29	79	-0.00020439713564124763
1	20	-0.00020557118116629452
3	77	-0.000210615920060251
32	56	-0.00022356496374679297
32	44	-0.00022356496374693934
47	83	-0.0002244831967219594
51	83	-0.00022448319672215954
11	32	-0.0002389580058870845
9	62	-0.0002418695250863724
14	75	-0.00024357072439786876
1	83	-0.00024372519143288406
34	39	-0.0002513760364283302
14	46	-0.0002682144345518473
14	45	-0.00026821443455194165
14	72	-0.000268214434552031
14	49	-0.0002682144345520622
14	55	-0.00026821443455207
14	54	-0.00026821443455215047
47	76	-0.00027639376504578215
51	76	-0.00027639376504599075
66	75	-0.000278663748077453
14	63	-0.00027880688058997197
29	37	-0.0002808284830353926
21	29	-0.0002808284830354273
31	37	-0.0002808284830354735
21	31	-0.00028082848303551274
12	60	-0.000281188965193125
25	54	-0.000299963925217555
25	49	-0.0002999639252175624
25	55	-0.00029996392521756975
25	72	-0.0002999639252176298
25	45	-0.0002999639252177341
25	46	-0.00029996392521788005
33	45	-0.00029996392521808063
33	46	-0.0002999639252180817
33	49	-0.0002999639252180928
33	54	-0.0002999639252181162
33	72	-0.0002999639252181264
33	55	-0.0002999639252181908
9	60	-0.00030315776885862875
57	70	-0.0003055221890914898
30	37	-0.0003067770481272013
21	30	-0.00030677704812744023
32	79	-0.00031123123153223515
21	32	-0.000316620029067103
32	37	-0.00031662002906712033
6	19	-0.0003178568397147249
24	36	-0.0003228955326560184
3	16	-0.0003344546214277891
32	80	-0.00033752671480862364
32	48	-0.00033949609496640594
43	59	-0.0003395909900672893
38	74	-0.0003434134993400076
10	77	-0.00034659242760253796
68	79	-0.0003502596286437988
44	47	-0.0003525985089985154
44	51	-0.0003525985089987936
47	56	-0.0003525985089991219
51	56	-0.000352598508999319
18	32	-0.00035460834502777953
5	18	-0.0003547937606492371
11	17	-0.00035823140435429276
4	11	-0.0003582314043543656
8	65	-0.00035962164440970015
56	75	-0.00036041328665770665
44	75	-0.0003604132866579315
54	60	-0.00036845957229071375
46	60	-0.00036845957229078964
55	60	-0.0003684595722908267
49	60	-0.0003684595722908692
45	60	-0.00036845957229090197
60	72	-0.0003684595722909794
14	52	-0.00037153354549879745
65	72	-0.0003725245883876463
45	65	-0.00037252458838768314
49	65	-0.0003725245883877096
55	65	-0.00037252458838772195
46	65	-0.0003725245883877378
54	65	-0.0003725245883878683
47	74	-0.0003773883796023424
51	74	-0.0003773883796024339
7	26	-0.0003797026961058969
56	73	-0.00038315007081603496
44	73	-0.0003831500708161629
68	70	-0.00039276915739371206
9	29	-0.0003943964663421027
9	31	-0.00039439646634214696
7	59	-0.0004026618636929812
3	42	-0.00040373913195609207
36	83	-0.00040670233569070624
73	74	-0.00040697439078653946
7	45	-0.00041715122581900384
7	55	-0.00041715122581903615
7	49	-0.0004171512258190843
7	54	-0.00041715122581910814
7	46	-0.00041715122581921244
7	72	-0.00041715122581924844
36	54	-0.0004206481897930702
36	49	-0.00042064818979311723
36	72	-0.0004206481897931222
36	55	-0.0004206481897931257
36	45	-0.00042064818979319443
36	46	-0.00042064818979321394
8	78	-0.0004212213383524583
8	26	-0.00042808670569302685
26	36	-0.00042873382816649517
1	60	-0.0004338918074136937
3	62	-0.00044120223646195757
26	61	-0.00044164040156172146
33	56	-0.0004432594486857514
33	44	-0.0004432594486859583
25	56	-0.00044325944868598734
25	44	-0.0004432594486859943
51	71	-0.0004464411549020813
47	71	-0.00044644115490221833
62	77	-0.0004467187533285714
13	63	-0.0004493387851213339
42	47	-0.0004503704438196896
42	51	-0.00045037044381981365
15	44	-0.00045346041410973884
15	56	-0.0004534604141097657
69	73	-0.0004598011018790895
16	58	-0.00046417928952625443
73	83	-0.00046444575717750946
70	76	-0.00046449656743369726
10	26	-0.0004650384441967459
16	43	-0.00046860034665368276
21	58	-0.0004722441726330471
37	58	-0.0004722441726330831
20	26	-0.0004755698180849248
24	83	-0.0004772546106279448
12	25	-0.00047839504364675977
12	33	-0.000478395043646812
31	62	-0.00048092438319703723
29	62	-0.00048092438319715823
53	66	-0.00048170249848851054
29	59	-0.0004841212739516757
31	59	-0.00048412127395170606
56	69	-0.000490758769473537
44	69	-0.000490758769473746
3	10	-0.0004924297329394409
13	41	-0.0004982514708541472
10	21	-0.0005015094530127745
10	37	-0.0005015094530129666
70	72	-0.0005031767450542628
46	70	-0.0005031767450544916
49	70	-0.0005031767450545022
45	70	-0.0005031767450545163
55	70	-0.0005031767450545323
54	70	-0.000503176745054541
11	38	-0.0005061897453284758
10	63	-0.0005072173525676629
74	78	-0.0005120959265333055
32	82	-0.0005145339554771828
57	59	-0.000514919856921672
50	72	-0.0005182858062831057
49	50	-0.0005182858062831852
45	50	-0.0005182858062832926
50	54	-0.0005182858062833073
50	55	-0.0005182858062833093
46	50	-0.0005182858062835018
30	48	-0.00051831561439424
53	54	-0.0005192815515934056
53	55	-0.0005192815515934256
46	53	-0.0005192815515934397
53	72	-0.0005192815515934542
45	53	-0.0005192815515934724
49	53	-0.0005192815515934778
14	62	-0.0005236466384660353
3	56	-0.0005278033332608515
3	44	-0.0005278033332608819
68	75	-0.0005310851887238718
61	65	-0.0005318309504301622
32	76	-0.0005398393374658203
44	59	-0.0005444999162036931
56	59	-0.0005444999162038029
11	47	-0.0005471078857241238
11	51	-0.0005471078857242878
10	62	-0.0005475774439509698
15	32	-0.0005595350991251498
13	60	-0.0005599481354006597
16	22	-0.0005670903329971465
13	21	-0.0005680256153889661
13	37	-0.0005680256153890425
36	63	-0.0005710983168186173
58	74	-0.0005713946862155026
35	77	-0.0005743816727143223
23	77	-0.0005743816727144966
26	32	-0.0005765401118937264
20	68	-0.000580282669100385
53	67	-0.0005869150946128058
2	53	-0.0005917550454417001
33	51	-0.000594692204045514
25	51	-0.0005946922040455491
25	47	-0.0005946922040455938
33	47	-0.0005946922040457074
31	70	-0.000595559673476511
29	70	-0.0005955596734767425
5	31	-0.0005959877897114239
5	29	-0.0005959877897115076
57	68	-0.0005995559719945737
66	84	-0.0006031888454657072
67	68	-0.0006121405787362392
2	77	-0.0006129792375521759
33	68	-0.000614663292240619
25	68	-0.000614663292240897
52	54	-0.0006155409594004798
52	72	-0.000615540959400534
52	55	-0.000615540959400557
46	52	-0.0006155409594010052
45	52	-0.0006155409594010364
49	52	-0.0006155409594010963
61	72	-0.0006274871563300558
46	61	-0.0006274871563300948
49	61	-0.0006274871563301291
45	61	-0.0006274871563301397
55	61	-0.0006274871563302299
54	61	-0.0006274871563302722
5	56	-0.0006361451227830774
5	44	-0.0006361451227831602
5	55	-0.000636784807663316
5	54	-0.0006367848076633408
5	49	-0.0006367848076633768
5	45	-0.0006367848076634013
5	46	-0.0006367848076634312
5	72	-0.0006367848076635062
58	83	-0.0006396829983095877
66	72	-0.0006410117988351655
45	66	-0.0006410117988352013
46	66	-0.0006410117988352177
54	66	-0.0006410117988353116
49	66	-0.0006410117988353654
55	66	-0.0006410117988353689
75	76	-0.0006540380360607681
32	71	-0.0006565941465139038
70	75	-0.0006577696075233722
11	28	-0.000661581458776552
21	51	-0.0006617121700946815
37	51	-0.0006617121700947528
37	47	-0.0006617121700948799
21	47	-0.0006617121700949182
10	48	-0.0006643746711277507
8	12	-0.0006657368679098385
11	68	-0.0006661082942814342
66	68	-0.0006732474877296658
10	71	-0.000675923990833263
14	68	-0.0006774659003037455
30	80	-0.0006842019651489978
39	82	-0.0006977392911675364
22	46	-0.0006995906423664026
22	45	-0.000699590642366443
22	72	-0.0006995906423664818
22	55	-0.000699590642366508
22	49	-0.0006995906423665492
22	54	-0.0006995906423665778
42	77	-0.000704064712852173
30	66	-0.0007042739126591011
37	75	-0.0007044420078830657
21	75	-0.0007044420078831338
3	32	-0.0007138400162792088
9	17	-0.000719795733862454
4	9	-0.0007197957338626083
9	25	-0.0007240978753727074
9	33	-0.0007240978753727517
44	80	-0.0007341299320320913
56	80	-0.0007341299320322197
17	30	-0.0007392691160097624
4	30	-0.0007392691160098145
3	51	-0.0007405520082212854
3	47	-0.0007405520082213795
36	56	-0.0007435652079731481
36	44	-0.0007435652079732652
4	43	-0.00075030039957176
17	43	-0.0007503003995718103
8	43	-0.0007678681283057737
13	38	-0.0007747109317238991
17	63	-0.0007747449446669462
4	63	-0.0007747449446670156
2	48	-0.000778581334670213
50	66	-0.0007829349115950155
21	64	-0.0007877103898430498
37	64	-0.0007877103898430637
1	64	-0.0007926359707474389
26	47	-0.0007983108096895879
26	51	-0.0007983108096897623
6	44	-0.0007991600551540811
6	56	-0.0007991600551541548
42	71	-0.0007997196138990392
37	57	-0.0008023099236969446
21	57	-0.0008023099236970166
53	74	-0.0008114864429718078
22	83	-0.0008117748866163319
41	77	-0.0008188950403542699
11	40	-0.0008193190911920936
40	45	-0.0008272922345353406
40	72	-0.000827292234535357
40	54	-0.0008272922345353682
40	55	-0.0008272922345353862
40	49	-0.000827292234535417
40	46	-0.0008272922345354992
48	77	-0.0008285850338996645
24	72	-0.000830372243265114
24	45	-0.000830372243265124
24	46	-0.0008303722432651652
24	55	-0.0008303722432652322
24	49	-0.0008303722432652699
24	54	-0.0008303722432652736
18	81	-0.0008323484722836672
12	34	-0.000834445752590905
16	72	-0.000834496830771314
16	46	-0.0008344968307713921
16	45	-0.000834496830771434
16	49	-0.0008344968307714448
16	54	-0.000834496830771447
16	55	-0.0008344968307714513
10	82	-0.0008364624022614349
27	57	-0.0008433449491736795
59	73	-0.0008446338755367959
32	33	-0.0008448232271986338
25	32	-0.0008448232271987177
33	77	-0.0008448323716715657
25	77	-0.0008448323716716316
32	53	-0.0008471678215694603
38	46	-0.0008618446610899775
38	72	-0.000861844661089994
38	45	-0.0008618446610900153
38	54	-0.00086184466109005
38	49	-0.0008618446610900521
38	55	-0.0008618446610900617
10	24	-0.0008644570805179073
69	72	-0.0008790610026690319
54	69	-0.0008790610026690322
49	69	-0.0008790610026690904
55	69	-0.0008790610026691223
46	69	-0.0008790610026691303
45	69	-0.0008790610026691353
58	78	-0.0008821221869433505
37	73	-0.0008896969691262347
21	73	-0.0008896969691263249
41	45	-0.0008927625607032227
41	46	-0.0008927625607033024
41	72	-0.0008927625607033174
41	54	-0.0008927625607033302
41	55	-0.0008927625607033504
41	49	-0.0008927625607035139
7	24	-0.0009060168577176408
25	80	-0.0009101846841409935
33	80	-0.0009101846841413587
14	31	-0.0009109350970483436
14	29	-0.0009109350970484187
40	48	-0.0009130549399975494
19	54	-0.0009228446448455092
19	49	-0.0009228446448455113
19	55	-0.0009228446448455352
19	45	-0.0009228446448455432
19	46	-0.000922844644845623
19	72	-0.0009228446448456243
16	73	-0.0009291869390719784
32	52	-0.000929756631402157
1	30	-0.0009312775920587025
66	71	-0.00093906577398363
48	57	-0.000944197130004148
11	44	-0.0009455251341514651
11	56	-0.0009455251341515601
30	71	-0.0009534479731032072
11	15	-0.0009590338200016341
15	26	-0.0009635436923885413
41	71	-0.0009639869179784632
43	46	-0.0009639954662189771
43	72	-0.0009639954662191243
43	45	-0.0009639954662191347
43	54	-0.0009639954662192208
43	55	-0.0009639954662192425
43	49	-0.0009639954662192438
26	83	-0.0009693345151633101
19	76	-0.0009723084322892581
54	63	-0.0009769834603173154
63	72	-0.0009769834603173357
46	63	-0.0009769834603173483
49	63	-0.000976983460317382
45	63	-0.0009769834603173821
55	63	-0.0009769834603174398
63	77	-0.000982516629628674
53	84	-0.000984880882803209
45	82	-0.0009917393741646042
72	82	-0.0009917393741646582
55	82	-0.000991739374164752
46	82	-0.0009917393741647647
49	82	-0.000991739374164777
54	82	-0.0009917393741648382
32	59	-0.0010020578624055562
10	33	-0.0010031010010476374
10	25	-0.0010031010010478313
37	84	-0.0010100184498883931
21	84	-0.0010100184498884222
20	40	-0.0010106404802601911
28	74	-0.001016571210734632
49	62	-0.0010246373035894863
45	62	-0.0010246373035894926
46	62	-0.0010246373035895308
54	62	-0.0010246373035896364
55	62	-0.0010246373035897598
62	72	-0.0010246373035898053
12	80	-0.0010326434632407554
38	58	-0.001033896806264473
62	64	-0.0010401679078404901
8	31	-0.0010412022246171948
8	29	-0.001041202224617286
40	75	-0.0010478965314139601
6	40	-0.0010490589722330409
6	32	-0.0010538009246149034
20	46	-0.0010542764028157172
20	45	-0.0010542764028158087
20	72	-0.001054276402815813
20	55	-0.0010542764028160065
20	54	-0.0010542764028161644
20	49	-0.0010542764028161778
5	14	-0.0010548688589557716
26	84	-0.001061794168085974
38	43	-0.0010625106612660046
26	77	-0.0010644545328776472
9	30	-0.0010644588611373167
5	50	-0.0010658604122079675
24	33	-0.0010661339458741346
24	25	-0.0010661339458742309
57	67	-0.0010746872485241673
64	72	-0.00107731514578503
55	64	-0.0010773151457851046
49	64	-0.0010773151457851196
54	64	-0.0010773151457851952
46	64	-0.0010773151457852176
45	64	-0.0010773151457852447
11	75	-0.0010794366682990966
8	32	-0.0010829097259398399
9	32	-0.001083846923342932
50	56	-0.0010880865595980114
44	50	-0.001088086559598227
30	33	-0.0010911096022988764
25	30	-0.0010911096022991106
22	35	-0.0010981961092334062
22	23	-0.0010981961092335676
13	64	-0.0011026483601689237
64	67	-0.0011029854559393131
3	79	-0.001120724689785555
28	54	-0.0011234579552235266
28	45	-0.0011234579552235327
28	49	-0.0011234579552235808
28	46	-0.0011234579552235836
28	72	-0.0011234579552236211
28	55	-0.0011234579552237174
58	64	-0.0011294282012235444
11	83	-0.0011315479217666423
66	83	-0.0011392989998235707
53	64	-0.0011405021358359083
8	51	-0.0011449198338577184
8	47	-0.0011449198338578173
10	76	-0.0011459866510736875
18	47	-0.0011484835038198648
18	51	-0.0011484835038198821
15	84	-0.001148659340570084
22	26	-0.0011509400239749354
18	79	-0.0011591604496555205
57	71	-0.0011623102452339015
23	51	-0.0011697779748467943
35	51	-0.0011697779748468078
23	47	-0.0011697779748471395
35	47	-0.0011697779748471842
12	67	-0.0011734997990819232
57	82	-0.001176685356393568
20	31	-0.0011781767808687381
20	29	-0.0011781767808688648
62	68	-0.0011795279265771116
11	84	-0.0011801292394810377
9	47	-0.0011820829306348523
9	51	-0.0011820829306350368
27	82	-0.0011857559575698586
18	58	-0.0011886015448304412
1	51	-0.0011897610009804762
1	47	-0.001189761000980549
7	63	-0.0011946987444498803
15	68	-0.0011958465518539033
26	29	-0.00119908285042994
26	31	-0.001199082850430119
58	76	-0.0012092841984783298
37	83	-0.0012097860340669676
21	83	-0.0012097860340669923
32	77	-0.0012102937866003546
58	70	-0.0012121899592200678
18	83	-0.0012154946904147524
49	80	-0.0012168537011934114
54	80	-0.0012168537011935626
72	80	-0.0012168537011935652
55	80	-0.001216853701193604
46	80	-0.0012168537011936903
45	80	-0.001216853701193719
26	66	-0.001217329505030752
2	74	-0.0012294582264116075
28	82	-0.0012309360553392984
36	76	-0.0012336213265533797
11	48	-0.0012357361275529017
7	75	-0.001238628400033219
13	32	-0.0012394519747040544
65	75	-0.0012395791081017018
31	60	-0.0012445332381427207
29	60	-0.0012445332381427338
32	65	-0.0012481909761618618
9	69	-0.0012505946031701309
34	54	-0.0012537704481281175
34	45	-0.0012537704481281882
34	46	-0.0012537704481281895
34	72	-0.0012537704481282088
34	49	-0.0012537704481283187
34	55	-0.0012537704481283313
28	58	-0.0012576720509381268
39	44	-0.001258085594786999
39	56	-0.0012580855947871379
35	60	-0.0012718465250674046
23	60	-0.0012718465250675538
48	62	-0.00127469828692987
16	35	-0.0012747238712817188
16	23	-0.001274723871281842
7	42	-0.0012759722949162774
44	77	-0.0012768503436885086
56	77	-0.0012768503436885832
15	63	-0.0012772986457397417
8	54	-0.0012785656560759511
8	49	-0.0012785656560759914
8	45	-0.0012785656560759988
8	72	-0.0012785656560759988
8	46	-0.0012785656560760144
8	55	-0.0012785656560760957
60	74	-0.0012835017660207922
26	44	-0.0012875758601993501
26	56	-0.0012875758601994117
14	26	-0.0012890557449273983
18	25	-0.001291877720429809
18	33	-0.0012918777204298133
1	77	-0.0012924805518064364
63	75	-0.001299057629295265
48	83	-0.0013021891145724215
7	31	-0.0013041081717981436
7	29	-0.0013041081717982763
18	75	-0.0013042875366558854
31	52	-0.0013073898917783757
29	52	-0.0013073898917784345
68	83	-0.0013076791671287778
32	81	-0.0013135938005314055
12	61	-0.001315638694906618
55	79	-0.0013163877439594713
54	79	-0.0013163877439596491
46	79	-0.001316387743959683
45	79	-0.0013163877439597918
72	79	-0.0013163877439597933
49	79	-0.001316387743959898
63	76	-0.0013184119067628057
3	6	-0.0013191880425751003
50	52	-0.0013229510984094674
15	62	-0.0013236861598757872
14	30	-0.0013240255092943419
8	50	-0.0013274995918955597
16	31	-0.001332193574215681
16	29	-0.0013321935742158406
17	48	-0.001333208002679825
4	48	-0.0013332080026799524
41	75	-0.0013340339642636434
16	80	-0.0013349948979528795
6	48	-0.0013377703053960837
22	68	-0.0013383195041846334
11	77	-0.0013389020114031936
11	69	-0.001340537061290492
27	59	-0.0013438341196039408
7	84	-0.001346412621526182
58	69	-0.0013476191828799362
30	64	-0.0013526783797613282
32	64	-0.0013549126726564251
11	50	-0.001355850107078956
18	56	-0.001357985477622072
18	44	-0.001357985477622112
12	44	-0.0013618340186781132
12	56	-0.0013618340186781273
32	74	-0.0013669460120403819
47	59	-0.0013685091963366322
51	59	-0.0013685091963366739
69	77	-0.0013716215582170216
10	59	-0.0013744897461751625
28	47	-0.0013773877093350385
28	51	-0.0013773877093352389
46	67	-0.0013806876759070903
54	67	-0.001380687675907181
49	67	-0.0013806876759071861
45	67	-0.0013806876759072059
67	72	-0.0013806876759073234
55	67	-0.0013806876759074552
7	68	-0.0013816606188320466
58	60	-0.001386258547171761
70	73	-0.0013885389522195887
26	81	-0.001391831741086912
2	54	-0.0013931027245151207
2	49	-0.0013931027245151324
2	55	-0.001393102724515141
2	72	-0.0013931027245152722
2	46	-0.0013931027245152835
2	45	-0.001393102724515316
15	77	-0.0013988962972976593
20	44	-0.001401867164135971
20	56	-0.0014018671641360825
41	68	-0.0014049575892043698
41	76	-0.001412275785984119
30	59	-0.0014129979931845412
25	29	-0.0014131168235422915
25	31	-0.001413116823542579
29	33	-0.0014131168235426035
31	33	-0.001413116823542674
10	52	-0.0014226540842914824
44	48	-0.0014232810096157676
48	56	-0.0014232810096161212
22	44	-0.0014245744507623416
22	56	-0.0014245744507624322
35	36	-0.0014295457886494434
23	36	-0.001429545788649459
22	80	-0.0014428538500250738
21	48	-0.0014529077848405231
37	48	-0.0014529077848405435
39	46	-0.001458631533780233
39	54	-0.001458631533780288
39	45	-0.0014586315337802944
39	49	-0.0014586315337803005
39	55	-0.00145863153378031
39	72	-0.001458631533780364
34	79	-0.001460714521335657
6	68	-0.001462504810246411
18	54	-0.0014628662570509482
18	49	-0.0014628662570510306
18	72	-0.0014628662570510436
18	55	-0.0014628662570510451
18	46	-0.001462866257051112
18	45	-0.0014628662570511284
11	14	-0.0014629533044881295
28	32	-0.001462963809031299
50	63	-0.001466643298159322
44	78	-0.0014674403683442453
56	78	-0.0014674403683443008
58	84	-0.0014689137171366622
36	68	-0.0014782301265851517
35	67	-0.0014810960846676768
23	67	-0.0014810960846676907
69	83	-0.0014836282497772378
3	9	-0.0014881281013145817
21	50	-0.0014924695140980109
37	50	-0.0014924695140980356
7	73	-0.0014926628933162548
6	11	-0.0014952692118474515
42	46	-0.0014982318943303195
42	45	-0.001498231894330362
42	72	-0.0014982318943303982
42	49	-0.0014982318943304192
42	55	-0.0014982318943304504
42	54	-0.0014982318943304626
7	12	-0.001498711401491778
55	76	-0.0014996394266146758
54	76	-0.0014996394266148475
45	76	-0.0014996394266148672
49	76	-0.0014996394266148694
46	76	-0.0014996394266149021
72	76	-0.0014996394266150225
2	61	-0.001499723665430221
65	77	-0.0015013486242414363
24	43	-0.0015025031706927539
15	54	-0.0015046207644482537
15	46	-0.0015046207644482694
15	49	-0.0015046207644482733
15	72	-0.001504620764448295
15	45	-0.0015046207644483422
15	55	-0.0015046207644483977
52	74	-0.0015102613700382246
10	43	-0.0015139286928294326
11	18	-0.0015150882969887092
35	46	-0.0015155669326568904
35	54	-0.0015155669326569038
35	45	-0.0015155669326569468
35	49	-0.0015155669326569511
35	55	-0.0015155669326569919
35	72	-0.0015155669326571014
23	54	-0.0015155669326572352
23	55	-0.00151556693265724
23	49	-0.001515566932657246
23	72	-0.0015155669326572603
23	46	-0.0015155669326572653
23	45	-0.0015155669326572863
58	59	-0.0015272704633087913
16	30	-0.001530374284550321
48	64	-0.0015314049792661023
56	76	-0.0015355497082632083
44	76	-0.001535549708263262
5	61	-0.0015363456190768615
55	81	-0.0015392101584486338
45	81	-0.001539210158448684
72	81	-0.001539210158448794
46	81	-0.001539210158448866
54	81	-0.0015392101584489099
49	81	-0.0015392101584489662
37	77	-0.0015455502088162552
21	77	-0.0015455502088165772
56	83	-0.0015511501494420113
44	83	-0.0015511501494420874
12	71	-0.0015528914422163502
21	68	-0.0015535558954047736
37	68	-0.0015535558954047756
30	61	-0.001557260195417428
16	83	-0.0015579090410344808
50	58	-0.0015679064881159207
48	68	-0.0015681125118878396
33	62	-0.001571434200371388
25	62	-0.0015714342003715943
12	24	-0.001572831525957484
48	78	-0.001574200597700694
72	74	-0.0015770806035093846
55	74	-0.0015770806035093979
45	74	-0.0015770806035094087
54	74	-0.0015770806035094263
46	74	-0.0015770806035094666
49	74	-0.0015770806035095176
27	78	-0.0015807760461731511
12	48	-0.0015819492135533749
10	70	-0.0015848175981882594
30	60	-0.0015869692040656413
7	11	-0.0015896911225107236
58	67	-0.0015978502064669673
24	40	-0.0016051643525909487
6	77	-0.0016091969718547202
30	79	-0.0016110096375361771
13	34	-0.0016144551212669217
12	42	-0.0016180702663475236
53	73	-0.001620177384387023
13	47	-0.0016215002055295974
13	51	-0.0016215002055297292
34	83	-0.0016302008595929555
9	76	-0.0016305606461579731
18	43	-0.0016312426035816913
60	75	-0.001631753492571427
21	56	-0.0016342950089286855
21	44	-0.0016342950089286924
37	44	-0.0016342950089287666
37	56	-0.0016342950089288017
17	56	-0.001640703236091218
17	44	-0.0016407032360913638
4	44	-0.0016407032360915477
4	56	-0.0016407032360915546
24	38	-0.0016422782164267373
71	83	-0.0016436413590302879
71	75	-0.0016455871231971751
17	68	-0.001647516760925537
4	68	-0.0016475167609255508
9	67	-0.0016503916317113674
11	63	-0.0016511520154881372
24	31	-0.001651271867867218
24	29	-0.0016512718678672574
28	59	-0.001658301079124947
47	65	-0.0016628841348279657
51	65	-0.0016628841348279686
42	68	-0.001664204179609675
27	72	-0.0016646180789108166
27	46	-0.001664618078910822
27	49	-0.0016646180789108365
27	45	-0.0016646180789108408
27	54	-0.0016646180789108413
27	55	-0.0016646180789108784
2	33	-0.001665907394678894
2	25	-0.001665907394679006
10	16	-0.0016706365580425103
37	40	-0.0016734142026245454
21	40	-0.0016734142026249132
12	14	-0.0016737480239323956
6	54	-0.0016741329140584648
6	46	-0.001674132914058474
6	45	-0.0016741329140584778
6	72	-0.0016741329140584783
6	49	-0.0016741329140584791
6	55	-0.0016741329140584859
17	54	-0.0016743010683166527
17	55	-0.0016743010683166583
17	49	-0.0016743010683166679
17	46	-0.0016743010683166987
17	72	-0.0016743010683168047
4	46	-0.001674301068316846
17	45	-0.0016743010683168548
4	45	-0.0016743010683168747
4	49	-0.001674301068316896
4	55	-0.0016743010683169073
4	72	-0.0016743010683169532
4	54	-0.0016743010683169977
74	83	-0.001674510041011513
12	18	-0.0016793880871789064
65	70	-0.0016814006699868104
30	50	-0.0016826653392175862
6	61	-0.001688813661861372
8	10	-0.0016892818518200517
13	80	-0.001692831385585198
12	63	-0.001705229831449748
27	32	-0.0017089202111054752
4	27	-0.0017131567645581585
17	27	-0.001713156764558247
14	32	-0.0017152773641285867
47	64	-0.0017182008366292546
51	64	-0.0017182008366293795
50	57	-0.0017193297565452764
10	36	-0.0017230149225252419
74	84	-0.0017247773323500236
42	75	-0.0017293793073061853
40	52	-0.0017301258506311921
38	78	-0.0017320657441144537
47	81	-0.0017324110558134855
51	81	-0.001732411055813724
25	83	-0.0017344233714644839
33	83	-0.0017344233714646506
39	68	-0.0017363448076539332
51	60	-0.0017383454073077948
47	60	-0.0017383454073079028
36	47	-0.0017386239971363755
36	51	-0.0017386239971365564
29	61	-0.0017386761032139096
31	61	-0.0017386761032141343
18	77	-0.0017414620987702733
2	18	-0.0017450785715844835
12	68	-0.0017481406022165245
26	67	-0.0017488098868440596
32	43	-0.0017489836463814247
60	83	-0.0017494997939394106
19	58	-0.0017496509172877503
5	10	-0.0017618073294143309
19	75	-0.0017624671555733166
22	51	-0.001765459401703476
22	47	-0.001765459401703489
27	30	-0.0017697442518819682
10	73	-0.001777829228405213
29	50	-0.0017836845156295991
31	50	-0.001783684515629797
34	68	-0.0017850418397022784
57	78	-0.0017852783880783069
13	61	-0.00178635988751818
33	48	-0.0017874413333816104
25	48	-0.0017874413333817934
9	36	-0.001794669723136218
50	83	-0.0017953346914537302
40	63	-0.0017983320669198262
14	15	-0.001804682785179314
12	62	-0.0018068406922095498
58	66	-0.00180910356006087
52	82	-0.0018134265080614565
2	68	-0.001815542588163506
10	65	-0.0018177188959494117
47	50	-0.001818005284192372
50	51	-0.0018180052841926804
41	57	-0.0018190425699792703
53	58	-0.0018275574842453067
9	57	-0.0018297760531794044
57	84	-0.001834290452798975
34	67	-0.0018438283687307027
52	57	-0.0018451786587684814
20	51	-0.0018571569465142272
20	47	-0.0018571569465142962
53	61	-0.0018650013367451394
12	65	-0.0018738537033323667
33	65	-0.0018743471854109437
25	65	-0.0018743471854112473
29	65	-0.0018789921961103922
31	65	-0.0018789921961107278
64	75	-0.0018798034390918798
6	84	-0.001881389538400345
2	32	-0.001883107753377964
48	82	-0.0018858536101513204
15	48	-0.001893630297675017
30	53	-0.0018942263502122433
63	68	-0.0018942650172587639
2	29	-0.001894269068738728
2	31	-0.001894269068738746
23	43	-0.0018972744878813733
35	43	-0.0018972744878814687
71	77	-0.0019002210400723236
30	73	-0.0019012805078633655
36	75	-0.0019016605530342975
13	76	-0.0019022594236923094
43	62	-0.0019039477671849575
23	82	-0.0019055753614270355
35	82	-0.0019055753614271084
9	64	-0.0019068104703741946
40	47	-0.0019109063416970708
40	51	-0.00191090634169736
9	75	-0.001911036705966609
12	41	-0.0019154404903368076
59	83	-0.0019281960808296614
6	24	-0.0019283514268287547
40	83	-0.0019313578180083692
5	75	-0.0019319566801319942
34	78	-0.0019321197864416682
7	30	-0.0019325975167026523
30	52	-0.0019367078288547953
78	79	-0.0019385835039871773
40	56	-0.0019412170344254203
40	44	-0.0019412170344255434
12	16	-0.0019460342454436803
34	63	-0.0019500347550293427
41	60	-0.0019535833849685926
25	75	-0.0019545725049550885
33	75	-0.001954572504955487
10	22	-0.001958340054107555
13	53	-0.001960041797735622
14	57	-0.0019601506233556222
30	67	-0.0019612203425932954
70	80	-0.0019615157553102107
13	79	-0.0019661892632983928
61	75	-0.001968684050814978
22	69	-0.001969476944845911
24	51	-0.00197149478670653
24	47	-0.00197149478670682
38	59	-0.0019716671553175963
8	75	-0.001974793945396565
20	30	-0.0019764716244123908
34	38	-0.001979230958937185
20	59	-0.0019815548233744987
57	81	-0.00198229064409604
19	47	-0.0019825697180184646
19	51	-0.0019825697180185817
11	73	-0.0019851470597886584
11	62	-0.0019886249376965927
52	53	-0.0019912498173060306
34	51	-0.00199387003870793
34	47	-0.001993870038708139
58	79	-0.0019944757274870683
18	48	-0.0019950308419615943
20	34	-0.0019961019881227643
14	33	-0.0020002130291640217
14	25	-0.0020002130291641084
23	71	-0.0020026462803977886
35	71	-0.002002646280397806
22	29	-0.0020041871628662623
22	31	-0.0020041871628664653
23	34	-0.002017504315548398
34	35	-0.002017504315548563
27	61	-0.0020192527255863697
57	61	-0.0020197897606880526
4	28	-0.002022584481054475
17	28	-0.0020225844810545027
64	83	-0.0020297432415191455
28	57	-0.002031522840027265
51	63	-0.0020337254396264534
47	63	-0.002033725439626651
8	15	-0.0020338708995368444
49	78	-0.002034111055499387
72	78	-0.0020341110554994188
45	78	-0.0020341110554994734
46	78	-0.002034111055499516
54	78	-0.0020341110554995163
55	78	-0.0020341110554996534
28	65	-0.0020345620211687848
5	7	-0.0020366643716974017
42	83	-0.002037917908077018
31	39	-0.0020379817611868565
29	39	-0.0020379817611868795
32	39	-0.0020414752893425482
34	69	-0.002041875153619906
60	67	-0.0020429480362073697
9	41	-0.002049975358219585
68	78	-0.0020522221103211192
31	64	-0.002053751374079941
29	64	-0.0020537513740802107
8	23	-0.0020537635503140098
8	35	-0.0020537635503141624
38	67	-0.0020543628533139027
3	11	-0.0020560314094762843
2	39	-0.0020601234225124925
70	83	-0.0020611438353466743
9	83	-0.0020642184755797575
10	61	-0.002068285052324534
31	82	-0.0020686125537694583
29	82	-0.0020686125537696053
56	74	-0.002070658164859635
44	74	-0.0020706581648596394
9	18	-0.0020714307265648447
61	74	-0.0020774134344841667
19	57	-0.0020774391254425265
32	38	-0.002079431698627342
6	20	-0.0020842017569117736
11	82	-0.002085788611351443
9	77	-0.002090084967856743
3	55	-0.0020929515556030185
3	46	-0.0020929515556030237
3	54	-0.0020929515556030254
3	45	-0.0020929515556030506
3	49	-0.0020929515556030592
3	72	-0.0020929515556031234
16	47	-0.0021015852688418247
16	51	-0.002101585268842025
31	36	-0.0021059366961036956
29	36	-0.0021059366961038687
1	57	-0.0021137177466090317
32	67	-0.002118282043764636
14	39	-0.0021201313184215477
19	61	-0.0021328801029024645
12	36	-0.002136212297955208
10	41	-0.0021376980210818484
7	32	-0.002148056852903967
60	68	-0.0021516763798647355
35	76	-0.002157694605695889
23	76	-0.0021576946056960124
10	66	-0.0021612549612594874
47	66	-0.0021746512087092505
51	66	-0.0021746512087093086
3	52	-0.0021778761272292606
28	31	-0.0021841540307140335
28	29	-0.0021841540307140873
41	83	-0.0021854644688769002
9	74	-0.002186124922374878
15	39	-0.0021918599428267307
27	73	-0.0021959285945256915
26	58	-0.0022032717384723195
10	64	-0.002204334065354725
31	41	-0.0022048767137358163
29	41	-0.0022048767137359464
26	75	-0.002212906860949467
18	30	-0.0022139474820629715
53	82	-0.002216168330623591
19	73	-0.0022175968413729492
39	40	-0.0022186399769392323
30	70	-0.002219457798130992
11	61	-0.0022228979242705036
14	43	-0.002241979219649172
11	76	-0.0022423800098232503
29	69	-0.002245760884858567
31	69	-0.0022457608848585877
22	71	-0.002251993955852449
3	8	-0.0022553852396914997
10	42	-0.0022560164233121137
16	82	-0.0022635580206651056
20	71	-0.0022746911376284266
5	47	-0.0022748254396182995
5	51	-0.002274825439618428
53	75	-0.002290885263890422
16	48	-0.0022917219680164014
60	82	-0.0022922287798450847
23	48	-0.0022928895164597007
35	48	-0.0022928895164598465
20	32	-0.002296272004693975
27	47	-0.002296984106795614
27	51	-0.0022969841067957265
61	76	-0.0022988674174213844
28	40	-0.002299771027252878
10	81	-0.002300073686881202
8	14	-0.0023004037474622036
53	57	-0.002300826948089324
10	39	-0.0023019249703784086
13	59	-0.0023031613833309657
29	34	-0.002306916125373215
31	34	-0.00230691612537326
29	35	-0.0023087371561368694
23	29	-0.0023087371561368933
23	31	-0.002308737156136915
31	35	-0.002308737156136963
56	64	-0.0023130927449442574
44	64	-0.0023130927449443385
34	74	-0.0023172913775481446
68	71	-0.00231964050200862
11	43	-0.0023242022415746423
1	26	-0.002326073555528962
24	26	-0.0023261662029595174
59	65	-0.0023264982379234316
6	16	-0.0023265545550492494
8	77	-0.0023269044978542807
16	65	-0.002333572573776764
50	77	-0.002340461041516698
27	58	-0.002347474523149318
10	28	-0.002349200947939961
28	61	-0.002350061901555238
22	63	-0.0023511958155907273
50	68	-0.0023531915302696274
59	75	-0.002362660001017015
49	84	-0.0023672123471466452
54	84	-0.0023672123471467675
46	84	-0.002367212347146781
72	84	-0.002367212347146803
45	84	-0.002367212347146809
55	84	-0.0023672123471469037
17	58	-0.00236865459455589
4	58	-0.0023686545945561326
14	58	-0.002371553895053936
15	75	-0.0023726277066436503
35	69	-0.0023744730652733963
23	69	-0.0023744730652734353
40	57	-0.002374781446933323
61	83	-0.0023852770787040115
15	21	-0.002388847530633332
15	37	-0.0023888475306336767
19	31	-0.0023896685469562717
19	29	-0.002389668546956279
59	77	-0.002394755581449231
19	59	-0.0023979911492191756
1	61	-0.0023994948605186254
39	61	-0.002400937139541353
12	69	-0.002402237960663112
14	56	-0.0024046647040921795
14	44	-0.00240466470409226
3	75	-0.002411339006689531
2	22	-0.0024137080147184882
60	81	-0.0024183341804142515
16	75	-0.002423185041132491
47	78	-0.0024260738785258245
51	78	-0.0024260738785258423
18	29	-0.0024264076875010953
18	31	-0.0024264076875010953
35	81	-0.0024334691411829175
23	81	-0.0024334691411832124
30	69	-0.0024335814092219694
13	17	-0.002436705636780885
4	13	-0.002436705636781119
38	47	-0.0024379279024624536
38	51	-0.0024379279024624714
57	66	-0.0024428082913231226
7	57	-0.0024436868423579274
11	71	-0.002448144746984253
3	57	-0.0024493670246175923
61	62	-0.0024517325488412813
9	53	-0.0024543173695711724
5	43	-0.0024571695711369714
7	8	-0.0024589101807233494
2	30	-0.0024635280292215622
12	22	-0.0024640911196264228
31	81	-0.0024646421689422703
29	81	-0.002464642168942503
11	66	-0.0024646692093575583
9	68	-0.002469814967646557
10	80	-0.0024702315065923738
47	79	-0.0024744383858733903
51	79	-0.0024744383858734545
26	68	-0.002482054367300924
51	82	-0.0024843958116368818
47	82	-0.002484395811637224
53	69	-0.0024891746699394505
10	34	-0.002494314851307476
8	38	-0.002494745229288043
19	37	-0.002501297004922569
19	21	-0.002501297004922645
3	58	-0.002505588054510299
3	83	-0.0025075855286037724
15	30	-0.0025116509125200923
57	64	-0.002512712350751948
31	74	-0.002514844277582646
29	74	-0.002514844277582708
11	16	-0.002516971856621803
2	9	-0.0025197206344885264
12	53	-0.002522303737933068
30	84	-0.0025241868000544718
16	69	-0.002530250049912879
13	82	-0.002531763498583873
15	61	-0.002538664391892211
64	77	-0.0025410468878115135
40	77	-0.002542873353598862
47	80	-0.002544338896330786
51	80	-0.002544338896330831
15	83	-0.002544392950380742
5	68	-0.0025445283361486054
1	80	-0.0025447204673811645
57	69	-0.002544961278731425
12	50	-0.0025469688958395637
24	57	-0.002549356280355938
64	84	-0.002550773915841567
23	53	-0.002555282808265439
35	53	-0.002555282808265582
33	84	-0.0025599748177966455
25	84	-0.0025599748177967422
18	66	-0.002563993874531688
19	63	-0.002569022522421093
34	43	-0.0025699571460931084
23	32	-0.002576101647796235
32	35	-0.002576101647796294
8	30	-0.00258024714316463
53	83	-0.002581291070380461
2	42	-0.0025882620942215967
22	75	-0.0025902096917750396
60	77	-0.0025999799528457286
10	38	-0.0026005745651140316
71	79	-0.002603295886356582
47	67	-0.002607240841975099
51	67	-0.002607240841975178
75	77	-0.0026096888396687726
43	47	-0.0026104307066915767
43	51	-0.0026104307066920724
38	41	-0.0026208012592547503
52	83	-0.002624449233958319
10	35	-0.0026248522501831463
10	23	-0.0026248522501833406
31	63	-0.002629061865632824
29	63	-0.002629061865632942
29	76	-0.0026357560176034764
31	76	-0.002635756017603694
11	70	-0.00263900125270661
10	84	-0.0026405852759757028
15	57	-0.0026408880387110475
67	80	-0.002641525662481721
53	56	-0.002642893271612515
44	53	-0.0026428932716125496
23	56	-0.00264473813717712
35	44	-0.002644738137177233
35	56	-0.0026447381371772364
23	44	-0.0026447381371774983
29	80	-0.0026464130005418177
31	80	-0.002646413000542048
11	26	-0.0026467472464121464
9	56	-0.002646832125369225
9	44	-0.002646832125369269
59	68	-0.00264742491714474
7	58	-0.0026479806720521894
8	84	-0.0026492731631582423
12	47	-0.0026500504729455986
12	51	-0.002650050472945606
11	59	-0.0026556540551007776
52	75	-0.0026590927098340783
51	70	-0.0026614960646175944
47	70	-0.00266149606461788
5	12	-0.002662327378604966
57	79	-0.002671043319271224
36	77	-0.002676753402593722
53	76	-0.0026777047271637263
24	65	-0.0026782709836692016
37	41	-0.002678611786791115
21	41	-0.0026786117867913465
31	42	-0.0026810737563022764
29	42	-0.002681073756302476
30	34	-0.0026861642991128465
65	74	-0.0026948602583742693
24	68	-0.0026970745739332974
14	83	-0.00269905076983429
9	37	-0.0027062582028988097
9	21	-0.0027062582028988917
40	68	-0.0027092258467220354
1	73	-0.0027095997683533207
11	52	-0.0027097175607126256
20	60	-0.0027099103216940024
6	30	-0.0027116003537523917
10	79	-0.0027121360167499833
3	15	-0.0027133290191521265
27	67	-0.0027136053058006513
75	79	-0.002714506728770098
35	78	-0.002716819475779817
23	78	-0.002716819475779937
3	82	-0.002721451829928504
50	73	-0.002724950115219977
34	57	-0.0027256576507497425
16	74	-0.002725824611128435
13	49	-0.0027260552836006367
13	72	-0.0027260552836006645
13	46	-0.0027260552836006783
13	45	-0.0027260552836006874
13	55	-0.0027260552836007096
13	54	-0.002726055283600732
57	73	-0.0027272873245036454
52	65	-0.0027279812003381506
21	71	-0.0027418474737869545
37	71	-0.002741847473787155
24	77	-0.0027431072082387893
36	58	-0.0027485223892166452
37	53	-0.002751555201727732
21	53	-0.002751555201727811
6	14	-0.0027534160671484446
13	43	-0.002754157477761433
2	21	-0.0027572948557477318
2	37	-0.0027572948557479703
24	30	-0.0027575130121875314
18	74	-0.002758013168442152
42	69	-0.002758367401305876
15	31	-0.0027608719342635444
15	29	-0.0027608719342637074
53	65	-0.0027633838264008344
43	83	-0.0027638360525702502
8	48	-0.002769806877639165
12	23	-0.0027720831460721195
12	35	-0.0027720831460721317
34	56	-0.002772789264787412
34	44	-0.0027727892647874466
20	27	-0.0027729171663045775
2	5	-0.0027729925030881356
27	75	-0.0027731290573774388
17	32	-0.002784195024435514
4	32	-0.002784195024435852
6	75	-0.002785489653078589
28	75	-0.002792977356654792
20	58	-0.0027949211010654083
11	27	-0.002795039855492073
30	78	-0.002804691401482873
42	62	-0.002807656782405653
27	84	-0.0028134046043993928
34	76	-0.0028138567906712663
25	59	-0.002832067693064797
33	59	-0.002832067693065223
27	64	-0.0028397778752521814
6	21	-0.0028425173413315534
6	37	-0.0028425173413319325
12	29	-0.0028429475565008634
12	31	-0.002842947556500875
39	57	-0.0028466663900603797
65	83	-0.002850061893272326
36	80	-0.0028504861257828192
20	75	-0.0028563234738398315
8	53	-0.0028589282281166837
29	67	-0.002860113725683168
31	67	-0.002860113725683244
66	82	-0.0028603577745635643
5	24	-0.0028610271762896525
11	41	-0.0028611824729200723
16	33	-0.002867921566531295
16	25	-0.002867921566531365
38	64	-0.0028729668651709984
16	76	-0.00288045981204908
19	32	-0.0028827421631587953
9	63	-0.0028835319139750583
10	27	-0.0028843013826291516
2	23	-0.0028850420438219695
2	35	-0.0028850420438221863
8	57	-0.0028857842631184348
5	52	-0.002887191879099216
10	74	-0.0028945973038880593
24	44	-0.002897477323441482
24	56	-0.0028974773234415547
3	30	-0.002897770802086844
26	64	-0.0028984642812018803
10	67	-0.002899310339680944
6	57	-0.0028999007530866147
28	83	-0.0029075868777808335
27	41	-0.0029081052275493
17	51	-0.0029098229397808814
4	51	-0.0029098229397809786
17	47	-0.0029098229397811234
4	47	-0.0029098229397812782
36	66	-0.002912146227169396
29	84	-0.002912389161791985
31	84	-0.002912389161792017
12	82	-0.0029124235548959156
9	16	-0.0029158849498079793
22	77	-0.002919478794727326
6	83	-0.002940012823478373
8	22	-0.0029487109823526864
16	77	-0.0029512351449812184
22	82	-0.0029517576763675455
34	77	-0.0029644762379605807
1	81	-0.002964709853226299
7	56	-0.0029690464761821895
7	44	-0.0029690464761822424
38	83	-0.002970961582125173
1	66	-0.00297194085054564
66	77	-0.002972115722671761
44	60	-0.002975062734258236
56	60	-0.0029750627342583127
28	77	-0.002976689404852674
41	84	-0.00297760036719949
15	40	-0.0029785331899710088
27	68	-0.002978697697510205
48	71	-0.002979551451787942
8	60	-0.002982056272153361
42	67	-0.00298806221698953
43	77	-0.0029942642024833738
9	13	-0.0029952401200546526
28	43	-0.0029961830671599776
36	52	-0.002999153050646927
8	83	-0.003000285581334871
18	57	-0.003013232485265892
2	24	-0.003013951677907795
63	67	-0.003014858162685264
9	78	-0.003015665194729505
30	41	-0.0030168483093150067
67	77	-0.0030202789860222473
30	76	-0.0030256443115418644
4	29	-0.0030282865287243428
4	31	-0.003028286528724352
17	31	-0.003028286528724505
17	29	-0.0030282865287247058
28	71	-0.0030343286180514618
1	53	-0.003037105192202694
52	73	-0.003040120409134657
5	11	-0.003042355304346455
35	75	-0.0030500799974485927
23	75	-0.0030500799974486725
11	65	-0.0030534447594822906
30	35	-0.0030541990937916815
23	30	-0.0030541990937917136
33	37	-0.00305789118085901
25	37	-0.003057891180859049
21	25	-0.0030578911808590986
21	33	-0.00305789118085915
1	14	-0.0030598315495688286
67	81	-0.0030617017261547422
71	84	-0.003063420671647529
2	58	-0.0030734226032231105
15	38	-0.003079251104335382
21	59	-0.003079946709576162
37	59	-0.003079946709576403
26	78	-0.0030817898559694253
1	74	-0.0030926102062777553
30	38	-0.0031044764565220763
8	66	-0.003105227790098519
57	76	-0.0031132604125563013
39	48	-0.003124390317352962
63	83	-0.003126543045034243
5	9	-0.003131326848814434
13	31	-0.0031389256596297834
13	29	-0.0031389256596298576
27	52	-0.003139081877421673
64	76	-0.0031409506297938143
24	52	-0.0031493322032012053
7	52	-0.003150930459596418
48	60	-0.0031691780821193677
7	9	-0.0031742498599559325
73	82	-0.0031762073148836724
11	79	-0.003179238229080651
7	16	-0.0031835979309278615
12	32	-0.00318429430587699
70	81	-0.003189072870110699
5	77	-0.003194282929115728
8	74	-0.0031990142169883475
29	78	-0.0032041708351599574
31	78	-0.0032041708351601603
65	68	-0.0032107599954842286
47	84	-0.0032159470012913995
51	84	-0.0032159470012914433
24	78	-0.003225253681940457
12	81	-0.0032270255102911155
7	83	-0.003229579077157835
10	13	-0.0032418884883672226
4	57	-0.003242882384004892
17	57	-0.0032428823840049397
44	63	-0.0032479285176812596
56	63	-0.003247928517681301
48	63	-0.0032489793138199335
48	65	-0.0032590409952375768
2	57	-0.003261248327413537
33	73	-0.003266252506464209
25	73	-0.0032662525064642463
5	48	-0.003272440107395104
73	76	-0.0032729048194019535
37	67	-0.003287830371890657
21	67	-0.003287830371890724
9	23	-0.0032887941205399403
9	35	-0.0032887941205403948
43	76	-0.0032917111148887315
20	77	-0.003292238784212304
20	83	-0.0032957031154176477
11	64	-0.0032982433031041557
21	26	-0.0033000131883550226
26	37	-0.003300013188355257
30	39	-0.0033015662810703
10	78	-0.00331158105294293
12	54	-0.003321472497661116
12	46	-0.0033214724976611334
12	45	-0.00332147249766115
12	49	-0.0033214724976611517
12	55	-0.0033214724976611625
12	72	-0.0033214724976611833
8	34	-0.0033267876906010532
38	77	-0.003332169809972693
37	69	-0.0033337137980254585
21	69	-0.003333713798025738
34	62	-0.003334790312323732
4	50	-0.0033414230445757247
17	50	-0.003341423044575913
2	56	-0.0033488316673184384
2	44	-0.0033488316673184857
12	64	-0.0033504030947920944
12	30	-0.0033523009026192314
11	67	-0.0033545328698127144
7	43	-0.003356941988718709
5	41	-0.0033579461069257856
41	65	-0.003359729308469888
63	66	-0.003362226104601085
50	80	-0.0033824299698535275
39	83	-0.0033864868516818424
1	33	-0.0033915752118591066
1	25	-0.00339157521185928
59	63	-0.003392840651489622
15	43	-0.003406608057830639
34	70	-0.0034130658747909643
36	59	-0.0034184316558717514
19	23	-0.0034304227337998133
19	35	-0.003430422733799997
36	64	-0.003432880484922624
20	78	-0.0034416733326534544
12	83	-0.003450135288665085
27	77	-0.0034524361210351282
27	83	-0.003455661505213989
11	13	-0.0034583341687763136
2	83	-0.0034599717163025026
23	83	-0.0034611298217760507
35	83	-0.003461129821776078
4	15	-0.0034695401287007186
15	17	-0.003469540128701076
16	81	-0.003471883799590735
17	65	-0.0034758299664412635
4	65	-0.0034758299664412965
5	40	-0.0034807540348377277
57	63	-0.0034853602606148056
43	56	-0.003486529209028435
43	44	-0.0034865292090286415
42	76	-0.0034925790372154026
8	41	-0.003493802291631573
14	22	-0.003494706804015383
23	50	-0.0034948306989236308
35	50	-0.0034948306989237487
21	28	-0.00349842239012032
28	37	-0.0034984223901205255
13	56	-0.0035025480317739657
13	44	-0.0035025480317740112
13	50	-0.0035057245797090117
14	53	-0.0035077181756022835
48	84	-0.003512375375788246
14	16	-0.003512753878999416
38	39	-0.0035138762866531534
53	80	-0.0035146577587282417
38	75	-0.003515242482489948
40	53	-0.003526043925442667
37	76	-0.0035292737574600824
21	76	-0.003529273757460187
1	21	-0.003530951020863708
1	37	-0.0035309510208639803
73	80	-0.0035320738851730305
39	75	-0.003533622406013346
3	48	-0.003533852294580932
9	70	-0.003539737084228943
21	42	-0.0035429510387491887
37	42	-0.0035429510387492936
8	19	-0.0035509071815934892
7	33	-0.0035560913286169287
7	25	-0.00355609132861711
9	39	-0.0035586152030788382
12	21	-0.003560114228361187
12	37	-0.0035601142283612336
18	82	-0.0035698255025710286
32	78	-0.0035724255824585347
56	84	-0.0035739709752082424
44	84	-0.0035739709752083126
21	24	-0.0036004596469315685
24	37	-0.0036004596469317867
1	18	-0.003603484816491675
11	78	-0.003604869291710038
69	74	-0.0036049085772536923
64	69	-0.0036056467562454756
40	65	-0.0036062693767696815
11	80	-0.003609060168507359
19	77	-0.0036098548137669323
13	62	-0.003610063093643549
58	81	-0.003610556504218475
11	81	-0.003618132233810944
6	27	-0.0036219003319703912
17	26	-0.003623088653455493
4	26	-0.0036230886534555223
13	33	-0.0036261204646907586
13	25	-0.003626120464690832
24	67	-0.0036267157636577455
15	60	-0.0036294032556864232
26	73	-0.0036380063986472164
43	69	-0.003640963523734838
25	27	-0.0036468705249570986
27	33	-0.0036468705249573857
21	65	-0.003656019630922023
37	65	-0.0036560196309221066
2	75	-0.0036586418589971133
67	83	-0.003669775788633046
24	59	-0.003680423858242716
37	62	-0.0036853582332484823
21	62	-0.003685358233248498
2	16	-0.003690762519087754
28	41	-0.003692598577946694
11	42	-0.003695846734569959
21	60	-0.003701180941400508
37	60	-0.003701180941400588
20	73	-0.0037102648573798178
35	68	-0.0037163293938246977
23	68	-0.003716329393824707
24	39	-0.0037297102736836597
56	66	-0.003746060952072819
44	66	-0.003746060952072939
22	48	-0.0037461925192765625
42	63	-0.0037481935571850454
8	69	-0.0037555410487295545
18	52	-0.0037555799041086822
20	42	-0.0037650390072628626
50	59	-0.0037709968781324877
71	74	-0.0037715179145670352
7	41	-0.003786584463637598
48	52	-0.0037904561833074033
60	63	-0.0037947315326878756
22	76	-0.003796214323055668
1	34	-0.0037984473675267308
36	79	-0.0038002108141697594
4	80	-0.0038032215328712626
17	80	-0.0038032215328714517
1	40	-0.0038056514529175274
12	66	-0.0038119954131629868
20	61	-0.0038160284204006327
62	81	-0.0038166306428258356
2	50	-0.0038173990214634785
4	83	-0.0038209596010719813
17	83	-0.003820959601071986
41	61	-0.003821494125199552
9	43	-0.0038252621832329707
68	82	-0.00382759610002428
27	80	-0.003830334605497237
21	61	-0.0038307492503691183
37	61	-0.0038307492503691187
1	82	-0.003834325180122995
42	84	-0.003835963543399785
15	18	-0.0038432540783114337
27	74	-0.0038442209351140866
68	84	-0.003849557123869107
74	77	-0.003850559758729035
4	67	-0.003857252895299505
17	67	-0.003857252895299937
43	68	-0.003859402438881265
8	80	-0.0038632392704231753
14	48	-0.0038642848181771484
28	79	-0.0038713452122260752
2	78	-0.0038929321498320747
60	73	-0.0038932590332561847
28	63	-0.003910918168603944
19	83	-0.0039158459182675924
61	70	-0.003922939447084899
36	61	-0.003929436917298599
34	36	-0.0039308178009147725
26	53	-0.003931790800399522
22	65	-0.003931914702373675
13	14	-0.003934331709466925
48	59	-0.003935339741840244
71	73	-0.003935651117563997
16	52	-0.003938145848446673
26	48	-0.003941737646589079
1	15	-0.003942385090351229
59	69	-0.003944397613097094
40	50	-0.00394530450407252
8	27	-0.003945401419747341
3	64	-0.003953353612778557
14	20	-0.003953394586333602
43	50	-0.003955365826020315
37	78	-0.003965847393601804
21	78	-0.0039658473936018904
9	50	-0.003972443428395176
5	69	-0.003972801955953457
70	77	-0.003974631394434561
7	48	-0.003977276209250171
43	58	-0.003985174040204058
3	63	-0.003991483466679668
16	27	-0.003994959819767734
5	21	-0.004008820323140003
5	37	-0.00400882032314037
3	61	-0.004009759025317115
44	79	-0.004012710600676907
56	79	-0.004012710600676931
9	14	-0.004014873290113332
39	70	-0.004016318561847685
21	35	-0.004025460088521957
23	37	-0.0040254600885220706
21	23	-0.004025460088522226
35	37	-0.004025460088522281
18	64	-0.004034525602313065
15	82	-0.0040367265749650565
48	53	-0.004041593737652085
5	74	-0.004046338369956753
11	74	-0.004054311747713181
8	76	-0.004060959490264381
43	52	-0.004065575006344913
16	84	-0.00407571929351614
28	69	-0.004085384787914812
36	41	-0.004087707052419025
16	28	-0.004088441624432001
7	39	-0.004088445373925016
19	22	-0.004104617628264768
36	73	-0.004105120298482761
21	70	-0.0041077416904699866
37	70	-0.004107741690470176
56	82	-0.004119253218675207
44	82	-0.00411925321867526
21	81	-0.004128568198425357
37	81	-0.004128568198425698
37	82	-0.004128611934519314
21	82	-0.004128611934519342
3	24	-0.004132548956334129
19	68	-0.004135176568430599
33	71	-0.0041388584409679735
25	71	-0.004138858440968133
67	84	-0.004140010678646421
13	35	-0.004141233524693708
13	23	-0.00414123352469385
22	64	-0.0041472106434796326
8	79	-0.004156289610520067
3	36	-0.004171868925275755
50	81	-0.004179388204809552
5	84	-0.004180339714034357
13	18	-0.004181204462588998
3	60	-0.0041876956211013
12	76	-0.004191458789333009
22	52	-0.0041961533165861195
33	50	-0.004211596412332414
25	50	-0.0042115964123325056
22	41	-0.004212263557179501
35	70	-0.004213436079705288
23	70	-0.004213436079705645
14	41	-0.00422099997460911
35	59	-0.004222395466273771
23	59	-0.004222395466273774
2	81	-0.004229847937802757
26	40	-0.0042372138884413995
59	76	-0.004244800552065774
1	50	-0.004251120138750737
5	63	-0.004258620534144976
5	81	-0.004259261403152716
1	59	-0.00426193562761084
68	80	-0.004266768758900974
13	71	-0.0042714042509609815
12	77	-0.004292692054300202
1	58	-0.004297156083201581
17	77	-0.0042987288840998904
4	77	-0.004298728884100078
3	43	-0.004300796236067646
3	26	-0.00430688641480776
62	83	-0.004308225033015639
16	41	-0.004315725712195454
19	36	-0.004317820612408055
38	66	-0.00431811427693605
20	37	-0.0043198958511962236
20	21	-0.00431989585119627
16	62	-0.00432164729700925
22	70	-0.004323226416945496
37	66	-0.004326325652298001
21	66	-0.0043263256522980175
6	62	-0.0043273511908862895
36	40	-0.004328198071894009
3	74	-0.004334398615644325
24	84	-0.004343723019800138
27	43	-0.00434600227713835
34	60	-0.004349057502177985
2	52	-0.004358728712651732
21	80	-0.004380427379051082
37	80	-0.004380427379051216
25	76	-0.004384701987221863
33	76	-0.004384701987222085
52	66	-0.004391176271349363
26	69	-0.004393361599343743
3	35	-0.0043960636923281865
3	23	-0.004396063692328232
18	80	-0.00440019510860143
9	71	-0.004401619166855194
13	39	-0.004412252780117247
22	53	-0.004413630210057118
71	76	-0.0044139145525931706
6	18	-0.004422318817113647
1	48	-0.004436203922371732
61	82	-0.004436829775662418
5	76	-0.004438763721568932
35	38	-0.004443824884429135
23	38	-0.004443824884429273
6	65	-0.0044611266486818246
69	71	-0.004462458257720683
57	62	-0.004463055339546124
14	40	-0.004466822955782036
7	53	-0.004475956583007675
20	74	-0.004477684671168785
6	64	-0.004491079282679113
62	84	-0.0044961086895066475
40	60	-0.004498196494015446
18	23	-0.004500927780403964
18	35	-0.004500927780404085
38	73	-0.004501256453480959
56	81	-0.0045071828249962555
44	81	-0.004507182824996381
71	80	-0.004512500380460129
38	82	-0.004518145032547652
48	80	-0.004526029647202713
43	74	-0.00453827325109445
21	39	-0.004546976436548389
37	39	-0.004546976436548459
24	28	-0.0045577471654789535
18	26	-0.004558723343712342
9	26	-0.004560931401643343
16	21	-0.004596474701913418
16	37	-0.004596474701913553
39	80	-0.00459928351878482
48	81	-0.00460810900424243
24	63	-0.004608165304017581
53	63	-0.004612918234746251
5	82	-0.0046219846898450725
52	70	-0.004636216264435519
61	71	-0.004639124748856336
36	65	-0.0046442902744848035
28	70	-0.004644887134256878
19	80	-0.004646813881847247
48	61	-0.004648273347235389
28	34	-0.004650409941387095
40	70	-0.004650847035597029
8	42	-0.004659741108621275
21	34	-0.004663617109488886
34	37	-0.004663617109489052
69	84	-0.004670314371072143
5	73	-0.004672491922184422
52	80	-0.0046726029704406355
5	15	-0.004685933728843004
1	65	-0.0046914906546228
37	43	-0.004693053198270175
21	43	-0.004693053198270205
35	63	-0.00469780666317402
23	63	-0.0046978066631741845
38	71	-0.004699649920449118
40	59	-0.004703066608681591
52	71	-0.0047049635052387965
61	80	-0.004710547387282516
52	79	-0.0047139562076373345
48	70	-0.004717747803664594
41	82	-0.00472176185848972
26	65	-0.004723817520166189
18	84	-0.004723961596080507
6	26	-0.004726320228078465
25	53	-0.004744432540680073
33	53	-0.004744432540680318
33	69	-0.004758020948755191
25	69	-0.004758020948755293
4	84	-0.00476335098472312
17	84	-0.0047633509847231584
1	7	-0.004768221229400415
19	43	-0.004774142564228111
27	40	-0.0047795052079086
36	38	-0.004800239513625718
41	70	-0.0048011870638977475
48	50	-0.004801550566723936
19	65	-0.004805389376415562
1	24	-0.004808294016760074
66	74	-0.004809447899872735
28	48	-0.004817035178415269
38	40	-0.004817787401129313
24	71	-0.00482018448259182
27	36	-0.004821972095374612
24	53	-0.004824657372281903
35	62	-0.004829987681526395
23	62	-0.004829987681526465
38	84	-0.0048313637853103775
34	50	-0.004831874161035433
20	81	-0.004834075000283858
41	81	-0.004841084546285969
34	84	-0.004848335079105656
9	22	-0.0048591006467195745
22	27	-0.004870149708653724
39	63	-0.004874503395087317
28	73	-0.0048770019928753025
9	84	-0.004882571507537517
42	73	-0.004887718288966055
1	78	-0.004894251398931716
37	79	-0.004894289295391895
21	79	-0.004894289295391972
9	52	-0.004899024977998443
1	84	-0.004903791949084556
26	80	-0.0049119000939870415
15	69	-0.004917600530266808
53	71	-0.004927759259341795
43	48	-0.004927911503447825
17	36	-0.004929978643129396
4	36	-0.004929978643129643
4	70	-0.004932243312922022
17	70	-0.004932243312922278
1	79	-0.004932546187272058
5	28	-0.004933504561890657
18	73	-0.00493574698276334
9	59	-0.00493981418848875
6	82	-0.0049492942941242075
26	60	-0.004958015493639969
7	40	-0.004961665290273983
18	63	-0.004981142868134917
15	33	-0.004985455163877672
15	25	-0.004985455163877914
36	82	-0.004986824914807171
13	16	-0.004990935605733265
4	74	-0.004991530603062041
17	74	-0.004991530603062167
60	84	-0.004992263062970317
18	61	-0.004996798895086415
60	80	-0.004998035591844843
15	71	-0.004999108274784699
15	65	-0.005001819816592154
12	79	-0.005002626246349435
53	81	-0.00500522153319364
8	9	-0.005011564782082204
71	82	-0.005015893048012601
22	73	-0.0050175047171868905
3	84	-0.005044977786318617
18	21	-0.005050821494996919
18	37	-0.005050821494996941
62	71	-0.0050517040294552635
56	67	-0.005052008616558232
44	67	-0.005052008616558403
13	65	-0.005056690101930303
40	76	-0.005058401976495988
14	74	-0.0050624738209450034
20	53	-0.0050642641664080685
3	27	-0.005068759763869365
38	81	-0.005074095427481572
1	36	-0.005079692529669019
50	71	-0.005088784695252654
4	8	-0.0050961612042651405
8	17	-0.005096161204265227
9	81	-0.0051024959680873935
34	41	-0.0051028736153627555
33	43	-0.005105614941905487
25	43	-0.0051056149419057345
2	67	-0.005111530072148049
52	84	-0.005117705263478234
28	66	-0.005121076710990382
16	71	-0.005122875883550873
61	78	-0.005127666372927894
6	63	-0.005130579243631214
13	77	-0.005132399530439433
40	64	-0.0051435280127748026
35	42	-0.005144791223053342
23	42	-0.005144791223053599
23	28	-0.0051500691503781285
28	35	-0.0051500691503783905
61	63	-0.0051525722518523534
25	42	-0.005158070726821264
33	42	-0.005158070726821521
26	41	-0.005163839092994477
9	65	-0.005169534510665617
7	74	-0.005169849165737696
8	82	-0.005172194390888938
5	23	-0.005174537677688803
5	35	-0.005174537677688956
36	84	-0.0051821926420962585
39	71	-0.005196357132395711
5	71	-0.005198733707304082
66	81	-0.005206208839276411
9	28	-0.005216553975639655
16	66	-0.005227809464412062
2	65	-0.00523179598536896
41	66	-0.00523182926852264
67	69	-0.005246343556747072
4	21	-0.005256466510083596
17	21	-0.005256466510083718
4	37	-0.0052564665100838445
17	37	-0.0052564665100839885
39	64	-0.005257283276656073
7	81	-0.00526138527857513
40	69	-0.005271641788958975
3	37	-0.005272091138130907
3	21	-0.005272091138130907
16	63	-0.005272419649691564
66	70	-0.005275464746880095
28	80	-0.005277826107402173
26	76	-0.005278075699546095
41	63	-0.005284209880807868
13	24	-0.005295978401023241
28	53	-0.0053020138234456645
22	84	-0.005308188788775885
14	71	-0.00531452349407568
5	66	-0.0053233603395024445
5	59	-0.00532601024224568
16	59	-0.0053276264457489154
16	79	-0.005330144717479857
16	61	-0.005335072917520998
3	80	-0.00533560919595201
39	59	-0.005342399568830231
33	60	-0.0053437928443212865
25	60	-0.005343792844321493
34	52	-0.0053441004643947085
20	84	-0.005349820692421991
2	82	-0.00536548050551363
63	71	-0.005377765901201125
14	81	-0.005383562705719715
34	65	-0.005384258457484166
38	76	-0.005384871456356881
19	62	-0.005385205458388905
6	69	-0.0053893905602078514
3	14	-0.0053934225896318955
57	74	-0.005415664197950806
4	39	-0.005420327274333394
17	39	-0.005420327274333529
67	76	-0.005425304515598263
21	27	-0.005426933737884837
27	37	-0.005426933737885116
5	27	-0.0054293750039823155
5	33	-0.00543124305095777
5	25	-0.005431243050957818
24	41	-0.005432315732786587
6	43	-0.00546536223703444
7	22	-0.005469207433271036
26	70	-0.0054794343138021675
19	56	-0.005486296781047693
19	44	-0.005486296781047733
33	41	-0.005487379673450723
25	41	-0.005487379673450966
36	71	-0.005491512686515544
33	74	-0.005495351295032063
25	74	-0.005495351295032227
33	64	-0.00549827799941829
25	64	-0.005498277999418339
3	22	-0.005498740303574736
41	79	-0.005502342138138898
52	69	-0.005504939861325581
28	76	-0.005506476388114651
40	82	-0.005506962169737416
33	82	-0.005508195949682251
25	82	-0.005508195949682385
41	59	-0.00550827189406981
25	81	-0.005520702788895183
33	81	-0.005520702788895401
13	48	-0.005521835665602033
34	81	-0.005535018440820787
14	60	-0.0055619540902214475
60	66	-0.005577008735854356
25	34	-0.005579222734610712
33	34	-0.005579222734610753
18	28	-0.005590569052152508
9	61	-0.005597418648036682
2	34	-0.005608383449309201
20	64	-0.0056096233119663505
2	59	-0.005612433001071116
27	69	-0.005618908706776728
19	40	-0.005621434602209351
15	28	-0.00562718540191588
15	81	-0.0056282041692669515
20	22	-0.005630833698259192
14	65	-0.005632168278859422
23	74	-0.005634554513921022
35	74	-0.005634554513921246
34	80	-0.0056394326640406296
4	82	-0.005648934388694774
17	82	-0.005648934388695071
24	70	-0.005650183342984912
63	79	-0.0056523048470995905
52	59	-0.005653004228490368
3	73	-0.00567265212664835
13	42	-0.005676556070481631
40	81	-0.0056821869795563255
18	62	-0.005697474669500442
69	82	-0.00571102087837026
41	80	-0.005715059575281395
40	71	-0.005715410685296459
38	48	-0.005716061809663853
14	36	-0.005723566815019134
17	41	-0.005724755723642436
4	41	-0.0057247557236425935
5	79	-0.005725757768913646
3	28	-0.0057405980595721575
26	43	-0.005746352299007518
8	18	-0.005747031175684005
3	69	-0.005759485164721268
27	76	-0.005760678219559463
50	69	-0.0057787546594650656
20	24	-0.005781241803629798
15	76	-0.005785836794912517
16	64	-0.005787246344707577
39	42	-0.005793681858713049
19	38	-0.005799823467869094
27	60	-0.005801719481856824
50	76	-0.00581023447080427
3	34	-0.005815405860829638
5	62	-0.0058276492750914234
64	79	-0.005855963647390038
35	64	-0.005856746086914819
23	64	-0.005856746086915057
69	78	-0.005870298185154437
15	27	-0.005892984034758194
1	17	-0.0058956451043875105
1	4	-0.00589564510438771
1	22	-0.005919011857695954
24	82	-0.005937254917664455
16	53	-0.0059414073822082565
67	71	-0.005942055990018384
52	60	-0.005947041607836398
52	76	-0.005952060401472416
17	78	-0.005953066005251376
4	78	-0.005953066005251539
43	66	-0.0059565639402468186
69	81	-0.005958500270067668
9	80	-0.005960731851612332
5	53	-0.005965583783138143
6	81	-0.005965605694249533
70	79	-0.005986550082621804
59	67	-0.005994800125488799
63	70	-0.005997736694560033
59	61	-0.006000853591136678
3	7	-0.006004709278129368
16	50	-0.0060082314735960185
6	38	-0.00601168156694348
19	67	-0.006017661944182982
6	28	-0.006022284176379819
6	39	-0.006024526213104816
38	69	-0.006029175731478289
38	53	-0.006034201230685905
14	18	-0.006035632908629801
64	66	-0.006040068750904309
39	60	-0.0060479269747111195
24	61	-0.006055157326005955
33	70	-0.006058304181417853
25	70	-0.006058304181417956
42	43	-0.006064442441471141
60	62	-0.00606795042446691
4	22	-0.006073483311409449
17	22	-0.006073483311409604
34	59	-0.00607793137287722
6	76	-0.006108709015758204
25	36	-0.00611003130141651
33	36	-0.006110031301416571
4	73	-0.006116859425588152
17	73	-0.0061168594255882275
27	53	-0.006128735014026941
24	80	-0.0061336997459517754
60	69	-0.0061591426261761294
28	60	-0.006160597668030822
14	80	-0.006180974071157067
60	61	-0.006181063116569966
50	70	-0.006199988569370612
17	81	-0.006206525587996417
4	81	-0.00620652558799651
38	79	-0.006209942605447395
52	63	-0.00621859162414113
8	59	-0.006227048272683449
61	67	-0.006235022560887689
6	36	-0.006240509877596504
61	66	-0.006254279916075616
7	71	-0.0062605678618017635
6	33	-0.006272461672470915
6	25	-0.00627246167247099
2	84	-0.006301820810814839
14	78	-0.006308384037718117
24	60	-0.006311024127004417
22	66	-0.0063173329190287005
8	70	-0.0063201003174903425
65	67	-0.006326569213417568
7	20	-0.006328248121935111
22	40	-0.006337979171817576
23	73	-0.00634689829585597
35	73	-0.0063468982958559805
9	38	-0.00634865077058498
8	62	-0.006356041913417461
50	53	-0.006370561830567637
2	80	-0.006371761729111762
4	59	-0.0063723895101296755
17	59	-0.006372389510129967
15	80	-0.006384981989261995
7	36	-0.006388778288764336
7	65	-0.00638929430295241
7	27	-0.006391818439767715
43	79	-0.006440682382097988
3	70	-0.006448171886551225
7	28	-0.0064553140083501
14	66	-0.006458020598241207
18	69	-0.006465497224027733
25	66	-0.00647737237181567
33	66	-0.006477372371815674
18	22	-0.006479417844065298
7	19	-0.006484602875686862
36	70	-0.00648704173721727
65	66	-0.006488894467170221
4	62	-0.00648980005289704
17	62	-0.006489800052897329
33	79	-0.006493989992091025
25	79	-0.006493989992091039
3	76	-0.00649437596954409
22	60	-0.006496431962219653
22	79	-0.00650819856396161
18	36	-0.006519843954084332
5	19	-0.006544661932366928
18	24	-0.006552561161517024
4	71	-0.006558713047233582
17	71	-0.006558713047233641
14	79	-0.006566991799420526
20	23	-0.00658171852116231
20	35	-0.006581718521162319
8	24	-0.006593432263793003
1	67	-0.006594351674448969
34	64	-0.006617770823138954
19	71	-0.0066483496063522
7	60	-0.006681212624612625
19	66	-0.006703041800011916
34	71	-0.006704288564232685
74	76	-0.006705891825603725
60	78	-0.006711631909641191
14	67	-0.006725270270784231
15	36	-0.006731695257254418
18	65	-0.006740272693762897
24	81	-0.006747181073732255
36	42	-0.006749242464858503
36	60	-0.006755997379728968
63	78	-0.0068135104207715045
22	25	-0.006824567564119168
22	33	-0.0068245675641192055
19	79	-0.006826409947992604
14	28	-0.00683932068813923
66	80	-0.006851158200757402
67	74	-0.0068566570504141845
20	50	-0.00687718453339635
60	79	-0.006877866919341888
16	39	-0.006885641421447423
34	82	-0.006887938055064379
8	20	-0.00692917802963941
17	34	-0.006936409097656658
4	34	-0.006936409097656819
20	80	-0.006947058085004528
39	50	-0.006956221811960968
7	18	-0.006985439455368551
39	43	-0.006992670876451712
23	52	-0.0069943517361624186
35	52	-0.006994351736162607
5	6	-0.007017878212599041
6	80	-0.007022480869941979
38	42	-0.007023115719601609
65	79	-0.007025840720226143
2	66	-0.007032264255058143
42	66	-0.007056195196188312
7	80	-0.007066405256999874
8	16	-0.0070752428621652244
4	35	-0.007090016211051683
4	23	-0.007090016211051746
17	23	-0.00709001621105188
17	35	-0.007090016211052058
25	39	-0.007094389280541359
33	39	-0.007094389280541671
19	70	-0.007106437484723221
18	34	-0.007124526992664527
60	76	-0.007137736331645776
34	61	-0.00714442655662721
38	65	-0.00714627978943521
24	50	-0.007170589005872265
20	52	-0.007183419599005563
18	70	-0.0072050923424088935
67	70	-0.007212766496309302
65	78	-0.007226663951500375
2	15	-0.007227887853130681
19	81	-0.007295340995161689
39	74	-0.007338015699671051
20	82	-0.007349334734196268
5	39	-0.007367315604336587
3	50	-0.007369679551488292
2	70	-0.007386829138294155
33	67	-0.007388173991589423
25	67	-0.007388173991589461
6	66	-0.007393755295687342
5	8	-0.007404953686163162
61	79	-0.007409368852399621
59	78	-0.007411688868966833
3	65	-0.007443867512470785
24	64	-0.007444548850574522
74	79	-0.0074684758426057365
43	70	-0.0074890990594299765
50	64	-0.007498374488238884
2	79	-0.007499995450115298
7	66	-0.007505569835724617
18	76	-0.007579758537721137
20	28	-0.007612236829698919
40	67	-0.007620333246125335
23	41	-0.007622153893584043
35	41	-0.007622153893584161
7	79	-0.007628759358940988
16	19	-0.007638338285363878
62	82	-0.007654009088665613
57	58	-0.007659784956056265
22	42	-0.007680398492900824
14	19	-0.007711613231443926
66	67	-0.007724282581962945
33	78	-0.007738274330285502
25	78	-0.00773827433028553
7	78	-0.007740690942606133
4	6	-0.007742058701345994
6	17	-0.0077420587013461
15	66	-0.007785370260814648
20	36	-0.007791260880037427
38	80	-0.00784430732386034
6	22	-0.007845136895013812
19	74	-0.007845359775840563
20	65	-0.007858319501032938
6	79	-0.00788779006762684
42	79	-0.007935241921495825
35	65	-0.007987630304736162
23	65	-0.00798763030473622
2	38	-0.008036662191176878
4	64	-0.008051601095169055
17	64	-0.008051601095169107
15	79	-0.008097320810737222
62	70	-0.008123864877712966
15	67	-0.008139489778140913
71	78	-0.008190900300316712
67	82	-0.00820902956900421
40	78	-0.008220774189164823
7	67	-0.008239158254586937
18	27	-0.00828067764417733
28	38	-0.008290605295434992
15	22	-0.008354489442322609
17	69	-0.008371867868267765
4	69	-0.008371867868268004
4	24	-0.008378919887949525
17	24	-0.00837891988794962
5	67	-0.008400215663930535
16	78	-0.00856466055700247
14	35	-0.008603243571697831
14	23	-0.00860324357169786
2	13	-0.008625259044144563
19	33	-0.008659857994812798
19	25	-0.00865985799481281
17	33	-0.008743677780798972
4	33	-0.00874367778079913
4	25	-0.008743677780799208
17	25	-0.008743677780799304
6	35	-0.009010842652153028
6	23	-0.009010842652153067
18	50	-0.009033139541776073
5	78	-0.00903353592971174
15	35	-0.009169306500214646
15	23	-0.009169306500214743
7	35	-0.009170341585745584
7	23	-0.009170341585745647
6	67	-0.009179459714606552
16	67	-0.009204346519438363
15	78	-0.009304571344653217
17	76	-0.00933353868036554
4	76	-0.009333538680365842
19	78	-0.009339079906356833
6	78	-0.009367515281308443
23	80	-0.009436571575824051
35	80	-0.009436571575824084
17	66	-0.009452450699233526
4	66	-0.009452450699233684
67	79	-0.009739920984913199
58	63	-0.009876254124365163
4	79	-0.010384741826274666
17	79	-0.01038474182627471
66	78	-0.01079438059651548
1	13	-0.01130227874704629
3	12	-0.012460155156731875
3	13	-0.012549402129014297
58	62	-0.015037506748808003
1	12	-0.01525111368324113
2	12	-0.015830829823103604
13	84	-0.0200529667914527
12	84	-0.02052962814303782