#==========================================================================
# The first and second rows contain site pairs (i, j) such that j > i
# The third row contains coevolutionary scores obtained 
# using mean-field DCA (mfDCA) algorithm.
# Note that in this data sites are counted/labelled starting from 1
#==========================================================================
17	24	0.30313891352154215
18	23	0.29819765722918634
16	25	0.26122702134049686
15	26	0.25882752368312506
14	27	0.21062304592497558
2	52	0.0707163801409816
21	22	0.06461254254467232
34	48	0.061340537285396145
1	53	0.055835005099733784
20	22	0.05028204765530924
13	53	0.043278065203497425
14	29	0.040074043361670746
27	29	0.04007404336167063
19	20	0.03769518779759735
13	28	0.03699495648703432
6	52	0.035757808614364374
6	48	0.03432828878859482
6	34	0.03432828878859459
20	21	0.03364608749127353
19	22	0.03209933478001539
25	26	0.030128167553475096
13	30	0.02990073314928752
28	29	0.02853429957094445
22	44	0.028370143806912943
13	45	0.028337378091315056
19	21	0.02818291038695507
29	42	0.02744531309096194
29	31	0.025045792134568964
10	29	0.0250166533058551
16	26	0.024622942934249523
2	45	0.02402796008234436
45	53	0.022375582182412444
28	31	0.021672797206535956
19	42	0.02098271417386579
15	25	0.02052497923553566
17	28	0.020522189380500693
2	6	0.02018303132555109
10	34	0.019164846406698674
10	48	0.019164846406698573
30	31	0.019088269862004043
29	30	0.018160385898608994
43	53	0.016697575969250228
1	2	0.016078333674260314
1	29	0.01602589474087543
10	13	0.013991292850590758
28	30	0.013913293801170899
1	28	0.013714981174498108
42	53	0.013652367652361112
20	44	0.013232673028124625
16	45	0.013104273222119218
24	27	0.012705564551322775
14	24	0.012705564551322733
30	34	0.0126630072984223
30	48	0.012663007298422041
21	29	0.012522610989215296
1	10	0.012296301684350511
27	43	0.011819016541582024
14	43	0.011819016541581849
1	30	0.01170522979094159
30	53	0.011697851340271318
15	16	0.011011604018117925
29	45	0.010140624387297546
6	53	0.009835749825670478
1	27	0.009503483630823335
1	14	0.009503483630823314
15	19	0.008744597824486961
13	22	0.0085532735907091
20	28	0.008502714669300793
18	19	0.008334493502314355
9	52	0.008265985730373914
21	45	0.007719106381611458
13	20	0.007080966681640058
23	27	0.007037296478827858
14	23	0.00703729647882774
13	44	0.006703034606697256
15	53	0.006680558903239327
29	43	0.006619556726840739
2	42	0.006419184663722738
42	45	0.00640429653202864
9	10	0.006169035685136135
6	10	0.006000155672697395
45	52	0.0059079709919141995
10	27	0.005763128006344296
10	14	0.00576312800634407
22	28	0.005744405344985708
14	15	0.005225778113962284
15	27	0.0052257781139621665
10	42	0.005213176958346673
15	43	0.005168667110551174
1	42	0.005160417379203308
1	43	0.004971852393666846
24	31	0.004733082969570396
1	9	0.004680964574582439
9	30	0.0045669941610390905
1	31	0.0045649329493837425
22	23	0.0044877854273156804
22	42	0.004390699366105737
7	11	0.004047378718988311
4	50	0.004047378718988241
4	37	0.0040473787189882334
4	40	0.004047378718988215
4	35	0.004047378718988193
4	51	0.0040473787189881805
4	36	0.004047378718988167
4	49	0.004047378718988166
8	37	0.00404737871898813
11	39	0.004047378718988128
36	37	0.004047378718988127
8	36	0.004047378718988124
3	8	0.004047378718988123
5	47	0.004047378718988111
11	41	0.004047378718988108
46	47	0.004047378718988102
46	49	0.0040473787189880955
11	38	0.004047378718988094
41	50	0.004047378718988088
35	49	0.004047378718988085
33	37	0.004047378718988085
3	40	0.004047378718988085
49	50	0.004047378718988083
38	50	0.004047378718988079
35	47	0.004047378718988078
33	47	0.004047378718988078
41	47	0.004047378718988074
36	46	0.004047378718988072
7	38	0.00404737871898807
47	50	0.004047378718988067
38	49	0.004047378718988066
7	47	0.004047378718988059
40	49	0.004047378718988053
47	51	0.004047378718988053
39	47	0.004047378718988047
4	39	0.004047378718988047
5	50	0.004047378718988047
47	49	0.004047378718988045
8	39	0.004047378718988042
8	47	0.004047378718988042
12	38	0.004047378718988038
5	46	0.0040473787189880366
36	50	0.004047378718988035
8	49	0.004047378718988034
11	47	0.004047378718988032
11	35	0.004047378718988032
36	49	0.0040473787189880305
32	37	0.0040473787189880305
8	38	0.0040473787189880305
11	51	0.00404737871898803
5	51	0.00404737871898803
11	46	0.004047378718988027
4	47	0.004047378718988026
37	46	0.004047378718988021
11	50	0.00404737871898802
11	40	0.004047378718988018
11	33	0.004047378718988012
41	49	0.004047378718988012
7	51	0.004047378718988012
7	46	0.0040473787189880105
7	40	0.004047378718988007
4	12	0.004047378718988005
8	46	0.004047378718988004
3	51	0.004047378718988004
11	36	0.004047378718988001
8	33	0.004047378718988001
11	49	0.004047378718987997
39	50	0.004047378718987993
33	35	0.004047378718987988
38	47	0.004047378718987986
11	12	0.004047378718987982
35	41	0.00404737871898798
37	51	0.0040473787189879715
11	37	0.004047378718987971
4	41	0.004047378718987971
4	32	0.00404737871898797
7	36	0.004047378718987969
7	33	0.004047378718987969
12	41	0.004047378718987969
32	50	0.004047378718987967
7	12	0.004047378718987966
32	35	0.004047378718987962
37	40	0.00404737871898796
12	50	0.00404737871898796
36	47	0.0040473787189879585
40	47	0.0040473787189879585
11	32	0.004047378718987958
46	51	0.004047378718987957
32	41	0.004047378718987957
32	36	0.004047378718987956
12	39	0.0040473787189879516
35	40	0.00404737871898795
12	36	0.004047378718987949
3	35	0.004047378718987949
32	49	0.004047378718987945
3	12	0.004047378718987945
7	35	0.004047378718987944
8	51	0.004047378718987941
32	39	0.004047378718987939
5	37	0.004047378718987938
7	37	0.004047378718987936
5	41	0.004047378718987934
5	36	0.0040473787189879325
33	50	0.004047378718987932
8	35	0.004047378718987932
32	51	0.004047378718987931
7	32	0.004047378718987926
4	11	0.004047378718987924
32	40	0.004047378718987924
5	12	0.004047378718987924
5	49	0.004047378718987921
12	37	0.004047378718987921
12	35	0.00404737871898792
8	50	0.004047378718987919
5	33	0.004047378718987919
33	51	0.004047378718987918
5	32	0.004047378718987918
7	41	0.004047378718987917
5	35	0.004047378718987917
4	33	0.004047378718987915
32	47	0.004047378718987915
50	51	0.0040473787189879125
39	51	0.00404737871898791
33	36	0.00404737871898791
5	39	0.00404737871898791
12	51	0.004047378718987909
12	40	0.004047378718987908
5	38	0.0040473787189879065
5	40	0.004047378718987904
12	47	0.004047378718987904
7	39	0.004047378718987903
35	51	0.004047378718987895
33	49	0.004047378718987895
3	7	0.004047378718987895
12	46	0.004047378718987889
40	50	0.004047378718987887
3	32	0.004047378718987887
39	49	0.004047378718987885
8	40	0.004047378718987882
36	40	0.0040473787189878796
37	47	0.004047378718987877
4	46	0.004047378718987872
37	49	0.004047378718987869
49	51	0.004047378718987869
3	46	0.004047378718987868
38	39	0.0040473787189878666
46	50	0.004047378718987865
37	39	0.004047378718987862
33	40	0.004047378718987861
12	32	0.004047378718987851
12	49	0.004047378718987844
3	4	0.004047378718987842
35	38	0.0040473787189878405
35	46	0.00404737871898784
3	37	0.004047378718987839
35	39	0.004047378718987837
39	41	0.004047378718987837
36	51	0.004047378718987835
3	36	0.004047378718987832
3	47	0.004047378718987832
7	49	0.004047378718987831
40	46	0.004047378718987829
8	41	0.0040473787189878275
32	46	0.004047378718987826
4	38	0.004047378718987824
41	51	0.004047378718987824
39	40	0.004047378718987823
3	39	0.004047378718987823
7	50	0.0040473787189878214
3	33	0.004047378718987821
32	33	0.004047378718987817
3	38	0.004047378718987817
37	41	0.004047378718987813
36	38	0.004047378718987809
35	50	0.004047378718987805
38	41	0.004047378718987802
35	36	0.004047378718987797
33	46	0.004047378718987797
41	46	0.004047378718987796
36	41	0.004047378718987795
4	5	0.004047378718987795
38	51	0.004047378718987783
40	41	0.004047378718987782
36	39	0.00404737871898778
37	50	0.004047378718987771
38	40	0.00404737871898777
37	38	0.0040473787189877685
12	33	0.004047378718987768
3	11	0.004047378718987764
8	32	0.004047378718987761
38	46	0.00404737871898776
3	41	0.004047378718987755
3	50	0.00404737871898775
33	41	0.004047378718987743
3	49	0.004047378718987741
40	51	0.004047378718987737
32	38	0.004047378718987733
35	37	0.00404737871898773
33	38	0.0040473787189877295
33	39	0.004047378718987726
8	11	0.004047378718987702
5	8	0.004047378718987702
3	5	0.0040473787189876905
4	7	0.0040473787189876835
39	46	0.004047378718987674
5	7	0.004047378718987669
5	11	0.00404737871898761
4	8	0.004047378718987598
7	8	0.004047378718987568
8	12	0.004047378718987502
1	44	0.003936159890419112
20	43	0.003789619497985274
9	31	0.0037466002937460332
30	43	0.003659654578060313
21	28	0.003658242322498912
9	13	0.0036350973384599965
10	43	0.003629963014093511
2	53	0.0033533154138649665
21	30	0.0033273298619626093
19	28	0.0032864373431563156
19	25	0.003228459247508527
17	34	0.003205817132637274
17	48	0.003205817132636974
42	43	0.0031617158518964265
19	26	0.0030990525949802124
16	19	0.0029098403567202405
1	45	0.0028177053411585235
19	45	0.002816240536992502
26	43	0.002775585684175883
1	18	0.0027363941701086143
17	19	0.002691448502801827
31	44	0.0026811175909777487
20	45	0.002466658108936424
9	45	0.002451711170987616
26	42	0.0024471473405600786
9	11	0.0023716726780725105
5	9	0.002371672678072225
3	9	0.002371672678072185
4	9	0.0023716726780721826
9	32	0.0023716726780721523
7	9	0.0023716726780721076
9	39	0.0023716726780720846
9	37	0.0023716726780720777
9	35	0.0023716726780720694
8	9	0.0023716726780720534
9	36	0.002371672678072018
9	12	0.00237167267807201
9	41	0.0023716726780719883
9	38	0.0023716726780719753
9	33	0.002371672678071972
9	49	0.0023716726780719675
9	46	0.002371672678071943
9	40	0.002371672678071925
9	50	0.0023716726780719085
9	47	0.0023716726780718617
9	51	0.0023716726780718548
16	17	0.0023646688717207653
16	22	0.0022550587516891943
10	23	0.0022447818997901776
17	20	0.002207048502471564
20	31	0.00218260249903726
14	22	0.00217388259568424
22	27	0.0021738825956840596
2	9	0.0021670642131211906
17	22	0.0021504552519721193
13	31	0.0021062113941445852
29	53	0.0019295689578923084
13	25	0.0018782648939174862
1	6	0.0017775386626528843
2	10	0.0017319292197567632
28	53	0.0016773772576793144
20	24	0.001648584093192497
24	48	0.0016172942726463968
24	34	0.0016172942726463743
1	22	0.0015960023069408469
18	21	0.00155301736881212
1	20	0.0015079519417425784
21	23	0.0014910730799790467
19	53	0.001417917705723003
1	13	0.001405141385544071
8	52	0.0013838653054493494
39	52	0.0013838653054492232
7	52	0.0013838653054492173
5	52	0.0013838653054491766
47	52	0.001383865305449137
4	52	0.0013838653054491304
41	52	0.0013838653054490894
50	52	0.0013838653054490785
37	52	0.0013838653054490714
49	52	0.0013838653054490627
36	52	0.0013838653054490451
32	52	0.0013838653054490044
38	52	0.001383865305448962
3	52	0.00138386530544895
40	52	0.0013838653054489489
51	52	0.00138386530544893
11	52	0.001383865305448926
35	52	0.0013838653054488602
33	52	0.0013838653054488066
46	52	0.0013838653054488025
12	52	0.001383865305448765
24	28	0.0013500008594598267
47	48	0.0013145908155410106
48	51	0.0013145908155409833
41	48	0.0013145908155409712
35	48	0.0013145908155409703
33	34	0.0013145908155409365
46	48	0.0013145908155409208
34	37	0.0013145908155409156
34	35	0.0013145908155409143
34	38	0.00131459081554091
39	48	0.0013145908155408757
34	41	0.0013145908155408714
36	48	0.0013145908155408662
34	50	0.0013145908155408588
34	49	0.0013145908155408502
34	39	0.0013145908155408306
34	46	0.0013145908155408241
34	47	0.0013145908155408215
37	48	0.0013145908155408207
33	48	0.001314590815540795
34	51	0.0013145908155407808
32	34	0.0013145908155407782
48	49	0.0013145908155407604
40	48	0.0013145908155407443
11	34	0.0013145908155407374
34	40	0.0013145908155406845
32	48	0.0013145908155406654
38	48	0.001314590815540648
48	50	0.0013145908155406398
34	36	0.001314590815540636
7	34	0.0013145908155406307
8	48	0.0013145908155405323
7	48	0.0013145908155404945
11	48	0.0013145908155404338
3	34	0.0013145908155403866
8	34	0.0013145908155403731
12	34	0.0013145908155403488
12	48	0.0013145908155402929
3	48	0.0013145908155402881
4	48	0.0013145908155402066
4	34	0.0013145908155401949
5	48	0.0013145908155400808
5	34	0.001314590815539994
21	42	0.0012317360113900406
9	53	0.0012261583774479546
10	31	0.0010871763787509434
18	43	0.0010698683856530129
10	28	0.0010409223391110965
20	30	0.0009125689774029735
20	42	0.000725340098970054
31	38	0.0006916940723044425
31	39	0.0006916940723044
31	32	0.0006916940723043518
31	46	0.0006916940723043423
31	40	0.0006916940723043319
31	51	0.0006916940723043288
31	41	0.000691694072304282
31	33	0.0006916940723042638
3	31	0.0006916940723041896
31	50	0.0006916940723041142
31	49	0.0006916940723041129
7	31	0.0006916940723041033
5	31	0.0006916940723040985
31	47	0.0006916940723040903
31	36	0.0006916940723040838
31	37	0.0006916940723039997
12	31	0.0006916940723039927
31	35	0.0006916940723039767
11	31	0.0006916940723039212
4	31	0.0006916940723038301
8	31	0.0006916940723036597
9	20	0.0006799328202984093
31	43	0.0006318074573336899
23	42	0.000578450821750346
13	29	0.0005238857973137116
44	50	0.0005226450380946641
44	51	0.0005226450380946335
36	44	0.0005226450380946149
41	44	0.0005226450380946121
40	44	0.0005226450380945893
32	44	0.0005226450380945659
37	44	0.0005226450380945654
5	44	0.0005226450380945316
3	44	0.0005226450380945264
44	49	0.0005226450380945238
44	47	0.0005226450380944969
44	46	0.0005226450380944963
12	44	0.0005226450380944824
35	44	0.0005226450380944657
33	44	0.0005226450380944653
39	44	0.0005226450380944464
38	44	0.0005226450380944447
8	44	0.0005226450380942823
11	44	0.000522645038094269
4	44	0.0005226450380942202
7	44	0.0005226450380941402
10	44	0.000518863738247514
2	18	0.00037308808884285727
44	45	0.00036142911325672423
43	44	0.0002713249259740178
10	45	0.0002707646692927147
6	17	0.00021625442400280935
6	28	0.0001638437279980684
23	44	0.00016222282897658362
17	31	0.00015932680395029652
9	42	0.00015015177223711828
6	42	8.695008785924822e-05
6	41	4.540451153353924e-05
6	33	4.540451153352016e-05
6	39	4.540451153350021e-05
6	38	4.540451153339136e-05
6	51	4.5404511533362734e-05
6	32	4.540451153335493e-05
6	47	4.5404511533344086e-05
6	49	4.5404511533344086e-05
6	36	4.5404511533333244e-05
6	37	4.5404511533324136e-05
6	40	4.540451153331503e-05
6	50	4.5404511533295513e-05
5	6	4.540451153329031e-05
6	46	4.5404511533289876e-05
6	12	4.540451153328771e-05
6	35	4.540451153328554e-05
3	6	4.54045115332361e-05
4	6	4.540451153314069e-05
6	11	4.5404511532982396e-05
6	8	4.5404511532884384e-05
6	7	4.540451153284232e-05
2	38	-4.24654023507328e-05
2	51	-4.246540235075709e-05
2	4	-4.246540235080436e-05
2	39	-4.2465402350816504e-05
2	3	-4.246540235083992e-05
2	8	-4.2465402350850764e-05
2	32	-4.2465402350865076e-05
2	50	-4.246540235087028e-05
2	47	-4.2465402350883724e-05
2	40	-4.2465402350889796e-05
2	41	-4.24654023509349e-05
2	33	-4.246540235094227e-05
2	37	-4.246540235096569e-05
2	35	-4.2465402350967425e-05
2	36	-4.246540235098434e-05
2	46	-4.2465402350986507e-05
2	49	-4.246540235099778e-05
2	12	-4.2465402351021635e-05
2	5	-4.246540235108625e-05
2	11	-4.2465402351117044e-05
2	7	-4.2465402351167785e-05
6	45	-0.0001049272869052386
21	25	-0.00011565380189655292
25	31	-0.000138893412255002
42	44	-0.00016644455529447703
44	53	-0.00021752960818271876
21	44	-0.00023765782742884815
25	45	-0.0002463391305007022
13	21	-0.00027228776117910886
19	23	-0.00030681912717520424
28	42	-0.00035485140449381496
28	43	-0.0003556774657920512
36	42	-0.0004721090314070077
8	42	-0.00047210903140712827
35	42	-0.0004721090314071465
38	42	-0.00047210903140719115
37	42	-0.00047210903140719376
40	42	-0.00047210903140722975
42	46	-0.0004721090314073503
12	42	-0.0004721090314073846
42	47	-0.0004721090314074158
41	42	-0.0004721090314074197
39	42	-0.00047210903140742014
42	51	-0.0004721090314074262
3	42	-0.0004721090314074444
11	42	-0.0004721090314074878
4	42	-0.00047210903140749256
5	42	-0.0004721090314075151
7	42	-0.0004721090314075216
33	42	-0.0004721090314075229
42	50	-0.00047210903140752465
42	49	-0.00047210903140753593
32	42	-0.0004721090314076079
2	19	-0.0005192230555787422
33	43	-0.0006408211004620265
40	43	-0.0006408211004620564
35	43	-0.0006408211004620807
36	43	-0.0006408211004621227
38	43	-0.0006408211004621288
39	43	-0.0006408211004621362
37	43	-0.0006408211004621744
8	43	-0.0006408211004622038
4	43	-0.0006408211004622407
3	43	-0.0006408211004623708
32	43	-0.0006408211004624398
41	43	-0.0006408211004624463
5	43	-0.0006408211004625005
7	43	-0.0006408211004625478
11	43	-0.0006408211004625803
12	43	-0.0006408211004626514
43	50	-0.0006408211004626557
43	49	-0.0006408211004626666
43	46	-0.0006408211004626714
43	47	-0.0006408211004627485
43	51	-0.0006408211004628652
9	21	-0.0007132713195206197
2	13	-0.0008778531699946378
44	52	-0.0009120007085646662
24	25	-0.0011977392601222672
18	44	-0.0012712004202927486
30	52	-0.0012737765500149276
18	26	-0.0013260573079067715
18	20	-0.001368141617810556
6	44	-0.0013769164445897068
22	30	-0.0014040293763133843
19	44	-0.001461378440194852
16	21	-0.0014627775454108712
6	30	-0.0014687651558278432
42	52	-0.0014890894419253638
10	50	-0.001517818123598527
10	47	-0.00151781812359856
10	36	-0.0015178181235985643
10	35	-0.0015178181235985695
10	39	-0.0015178181235985843
10	37	-0.001517818123598592
10	33	-0.0015178181235986305
10	41	-0.0015178181235987076
10	11	-0.0015178181235987079
10	49	-0.0015178181235987207
10	32	-0.0015178181235987276
10	38	-0.0015178181235987384
7	10	-0.00151781812359875
5	10	-0.0015178181235988384
10	51	-0.001517818123598871
4	10	-0.0015178181235989232
10	40	-0.0015178181235989288
3	10	-0.0015178181235989338
10	46	-0.0015178181235989611
10	12	-0.0015178181235989971
8	10	-0.0015178181235990574
15	44	-0.0015494694879320675
20	26	-0.001561770116322244
24	43	-0.001562587125985171
11	45	-0.0015800458943591124
8	45	-0.0015800458943592067
38	45	-0.0015800458943592724
5	45	-0.0015800458943592808
39	45	-0.0015800458943592977
12	45	-0.0015800458943593023
40	45	-0.001580045894359334
36	45	-0.0015800458943593344
45	46	-0.0015800458943593556
3	45	-0.0015800458943593817
4	45	-0.0015800458943593834
32	45	-0.001580045894359392
33	45	-0.001580045894359399
7	45	-0.001580045894359418
45	50	-0.0015800458943594346
45	49	-0.0015800458943594563
35	45	-0.0015800458943595296
37	45	-0.0015800458943595573
45	47	-0.0015800458943595966
45	51	-0.0015800458943596165
41	45	-0.001580045894359766
5	30	-0.001602124257515299
3	30	-0.0016021242575154806
30	40	-0.0016021242575155218
12	30	-0.0016021242575155418
4	30	-0.0016021242575155474
30	41	-0.0016021242575155726
30	33	-0.0016021242575155843
8	30	-0.0016021242575155878
30	32	-0.001602124257515609
30	39	-0.001602124257515622
11	30	-0.0016021242575156298
30	38	-0.0016021242575156394
30	47	-0.001602124257515661
30	51	-0.0016021242575156923
30	46	-0.001602124257515713
7	30	-0.0016021242575157586
30	35	-0.0016021242575158228
30	49	-0.0016021242575158363
30	36	-0.0016021242575158397
30	50	-0.0016021242575158406
30	37	-0.0016021242575158644
6	9	-0.0016062877971619897
1	19	-0.0016214765787547977
20	27	-0.0016657249281425944
14	20	-0.0016657249281426222
52	53	-0.0016705594492575524
43	52	-0.0017626179408446073
21	24	-0.001868209396070783
5	13	-0.001877743384014856
13	46	-0.0018777433840148584
12	13	-0.0018777433840148814
4	13	-0.0018777433840149258
13	33	-0.001877743384014932
13	35	-0.0018777433840149412
13	37	-0.0018777433840149525
13	49	-0.0018777433840149525
13	38	-0.0018777433840149885
13	36	-0.001877743384014991
7	13	-0.001877743384015015
13	51	-0.0018777433840150353
13	40	-0.0018777433840150405
3	13	-0.0018777433840150592
13	32	-0.0018777433840150616
13	50	-0.001877743384015086
13	41	-0.0018777433840150928
8	13	-0.0018777433840150987
13	47	-0.0018777433840151282
13	39	-0.0018777433840151715
11	13	-0.0018777433840152513
21	27	-0.0018891903754209849
14	21	-0.0018891903754211306
48	53	-0.0019067534980555237
34	53	-0.0019067534980556885
24	30	-0.0020765450114032385
23	43	-0.002079251349217829
2	21	-0.0021532559000403094
9	43	-0.002153644676675094
26	27	-0.002224514331134693
14	26	-0.002224514331135019
9	44	-0.0022571100732059323
16	43	-0.0022602347527421497
9	19	-0.0022712936232360675
9	34	-0.0022997992740000175
9	48	-0.0022997992740001303
15	18	-0.0023531270510595698
19	43	-0.0023723072723701357
15	21	-0.0024184970485987903
34	52	-0.0024510761456509895
48	52	-0.0024510761456512107
9	29	-0.0024878372450111205
16	20	-0.002493285836621225
31	42	-0.0025199430753117622
43	45	-0.002554466424284028
10	52	-0.002566624014773651
17	44	-0.0026045352956895664
1	52	-0.002611650396695638
13	16	-0.0026635873273363336
51	53	-0.0026678810272582412
38	53	-0.002667881027258255
40	53	-0.0026678810272582607
33	53	-0.0026678810272583176
39	53	-0.0026678810272583236
32	53	-0.0026678810272583488
46	53	-0.002667881027258399
50	53	-0.002667881027258407
49	53	-0.002667881027258417
36	53	-0.0026678810272584346
47	53	-0.0026678810272584346
41	53	-0.0026678810272584555
12	53	-0.00266788102725847
35	53	-0.0026678810272584724
3	53	-0.0026678810272585817
7	53	-0.00266788102725861
11	53	-0.0026678810272586294
8	53	-0.002667881027258658
37	53	-0.002667881027258686
4	53	-0.002667881027258762
5	53	-0.002667881027258889
2	20	-0.0026863289286725746
16	31	-0.0027240653743970146
17	25	-0.002791274714630202
31	52	-0.002804643157152002
10	15	-0.0028131175058956313
23	45	-0.0028370969294441023
28	45	-0.002872572794851678
9	22	-0.002872908354659802
14	19	-0.002952430896775122
19	27	-0.0029524308967751618
45	48	-0.002953657520922883
34	45	-0.0029536575209230913
34	44	-0.0029835246050869645
44	48	-0.0029835246050872195
2	44	-0.0030196958157604715
30	44	-0.0030662561773187515
31	45	-0.00316036673177562
2	28	-0.0031706192429732643
29	32	-0.0032273040915561384
29	33	-0.0032273040915561497
29	35	-0.003227304091556166
29	41	-0.0032273040915561995
29	50	-0.0032273040915562173
29	49	-0.003227304091556232
29	37	-0.0032273040915562355
29	38	-0.0032273040915562507
29	47	-0.003227304091556255
29	36	-0.0032273040915562594
12	29	-0.0032273040915562707
29	51	-0.003227304091556287
29	46	-0.0032273040915562876
11	29	-0.003227304091556297
7	29	-0.003227304091556308
29	40	-0.0032273040915563713
29	39	-0.003227304091556413
3	29	-0.0032273040915564224
8	29	-0.003227304091556425
4	29	-0.0032273040915565144
5	29	-0.0032273040915565265
30	42	-0.00330164797368555
2	30	-0.0034113204363620175
9	25	-0.0034114829286008997
15	28	-0.0034256649459843344
31	34	-0.003433843804782366
31	48	-0.003433843804782492
29	44	-0.0034522889005566175
12	28	-0.003465115686681194
8	28	-0.003465115686681223
5	28	-0.0034651156866812504
7	28	-0.003465115686681255
3	28	-0.003465115686681268
28	38	-0.0034651156866812743
28	49	-0.003465115686681287
28	39	-0.0034651156866812994
11	28	-0.00346511568668135
28	37	-0.0034651156866813736
28	35	-0.0034651156866814074
28	50	-0.0034651156866814274
28	36	-0.00346511568668144
28	46	-0.0034651156866814647
28	40	-0.003465115686681487
4	28	-0.0034651156866815098
28	47	-0.0034651156866815132
28	51	-0.0034651156866815523
28	32	-0.0034651156866815566
28	33	-0.003465115686681588
28	41	-0.003465115686681588
13	43	-0.003469135697717337
20	41	-0.0035157934571037296
20	32	-0.003515793457103732
20	33	-0.0035157934571037434
20	38	-0.0035157934571037838
5	20	-0.003515793457103809
20	39	-0.0035157934571038276
8	20	-0.003515793457103835
20	46	-0.0035157934571039048
20	40	-0.0035157934571039065
4	20	-0.0035157934571039447
12	20	-0.003515793457103946
20	50	-0.0035157934571039585
20	49	-0.0035157934571039802
7	20	-0.003515793457103995
20	36	-0.003515793457104
11	20	-0.0035157934571040128
20	51	-0.003515793457104015
3	20	-0.003515793457104027
20	47	-0.0035157934571040357
20	37	-0.003515793457104054
20	35	-0.0035157934571040557
10	21	-0.0035229062672144026
1	33	-0.0035444463335210985
1	8	-0.003544446333521169
1	3	-0.0035444463335212086
1	41	-0.0035444463335212208
1	5	-0.0035444463335212294
1	7	-0.0035444463335212307
1	32	-0.00354444633352127
1	51	-0.0035444463335212724
1	39	-0.0035444463335212745
1	38	-0.003544446333521281
1	49	-0.003544446333521311
1	40	-0.0035444463335213127
1	47	-0.003544446333521352
1	46	-0.0035444463335213647
1	4	-0.00354444633352137
1	37	-0.003544446333521376
1	35	-0.0035444463335213778
1	12	-0.0035444463335213778
1	50	-0.003544446333521402
1	36	-0.003544446333521442
1	11	-0.0035444463335215382
19	50	-0.003610059330564774
19	40	-0.0036100593305647953
19	39	-0.0036100593305647974
19	46	-0.0036100593305648026
19	35	-0.0036100593305648187
19	37	-0.0036100593305648217
19	41	-0.0036100593305648234
19	38	-0.003610059330564836
19	49	-0.003610059330564839
3	19	-0.0036100593305648625
19	36	-0.003610059330564871
19	51	-0.003610059330564873
19	33	-0.0036100593305648902
19	32	-0.003610059330564891
19	47	-0.003610059330564906
12	19	-0.003610059330564913
11	19	-0.0036100593305649275
7	19	-0.003610059330564935
8	19	-0.0036100593305649943
4	19	-0.0036100593305650472
5	19	-0.0036100593305650507
26	28	-0.0036200737562335945
2	48	-0.0036439828123609602
2	34	-0.0036439828123611415
7	21	-0.0037484444981616297
3	21	-0.0037484444981616336
8	21	-0.0037484444981616535
21	39	-0.003748444498161654
21	50	-0.003748444498161679
21	49	-0.0037484444981616947
21	37	-0.0037484444981617207
21	35	-0.0037484444981617233
12	21	-0.0037484444981617246
21	46	-0.0037484444981617316
21	47	-0.003748444498161746
21	41	-0.0037484444981617563
21	51	-0.003748444498161758
21	32	-0.003748444498161759
4	21	-0.0037484444981617663
21	33	-0.00374844449816177
11	21	-0.0037484444981617723
5	21	-0.0037484444981617745
21	36	-0.0037484444981617754
21	40	-0.0037484444981617875
21	38	-0.00374844449816181
26	53	-0.00376702000998045
5	22	-0.003905850469222011
3	22	-0.0039058504692220143
7	22	-0.0039058504692220503
8	22	-0.0039058504692220893
12	22	-0.003905850469222109
11	22	-0.0039058504692221782
22	46	-0.00390585046922219
22	51	-0.0039058504692221995
22	35	-0.0039058504692222563
22	40	-0.0039058504692222567
22	32	-0.0039058504692222615
22	41	-0.00390585046922227
22	50	-0.003905850469222278
4	22	-0.0039058504692222797
22	49	-0.0039058504692222936
22	37	-0.003905850469222297
22	38	-0.0039058504692223136
22	36	-0.003905850469222323
22	47	-0.003905850469222323
22	39	-0.0039058504692223283
22	33	-0.0039058504692224146
30	45	-0.003921223351234021
18	22	-0.0039660499618876695
6	31	-0.004003118973516974
2	29	-0.0040473690320807585
18	24	-0.0040899884193964925
21	31	-0.004093257292783738
9	15	-0.004174768105102254
10	24	-0.004189591570587313
21	53	-0.004206272654000327
24	44	-0.004264709651626274
2	23	-0.004348862499415983
14	28	-0.004483032439707022
27	28	-0.00448303243970706
19	31	-0.004536397504567208
2	31	-0.004634569624768346
6	43	-0.004659395484268745
22	45	-0.004669842897957141
10	20	-0.00469759225882559
26	44	-0.004725939038049765
25	30	-0.004728990935841976
23	28	-0.004741031081334019
17	21	-0.00478819395580635
34	43	-0.0048123258202504154
43	48	-0.00481232582025049
25	43	-0.004844368669259903
17	23	-0.004848537335197169
15	30	-0.004869180675859647
19	52	-0.004917962388026665
16	28	-0.004927775649602853
13	19	-0.004942644491186803
42	48	-0.00497963376116949
34	42	-0.004979633761169827
13	42	-0.005005415706889157
8	27	-0.005034349942702927
3	14	-0.005034349942703035
7	27	-0.005034349942703039
12	14	-0.0050343499427030446
8	14	-0.005034349942703092
27	46	-0.005034349942703135
4	27	-0.005034349942703143
11	27	-0.005034349942703145
27	40	-0.0050343499427031495
12	27	-0.005034349942703159
11	14	-0.005034349942703162
7	14	-0.0050343499427031625
14	35	-0.005034349942703172
14	37	-0.005034349942703177
27	51	-0.0050343499427031825
3	27	-0.005034349942703186
14	41	-0.005034349942703204
14	32	-0.005034349942703221
4	14	-0.005034349942703231
14	33	-0.005034349942703238
5	14	-0.005034349942703242
14	50	-0.005034349942703243
5	27	-0.005034349942703243
14	46	-0.005034349942703257
14	49	-0.005034349942703266
14	51	-0.0050343499427032735
14	38	-0.005034349942703281
14	40	-0.0050343499427033
14	36	-0.005034349942703304
14	39	-0.0050343499427033065
14	47	-0.005034349942703307
27	35	-0.005034349942703309
27	37	-0.0050343499427034
27	32	-0.005034349942703459
27	50	-0.005034349942703462
27	41	-0.005034349942703464
27	49	-0.005034349942703484
27	47	-0.005034349942703502
27	33	-0.005034349942703505
27	39	-0.005034349942703539
27	38	-0.005034349942703542
27	36	-0.005034349942703577
8	16	-0.005113562666643023
12	16	-0.005113562666643092
3	16	-0.005113562666643131
5	16	-0.0051135626666431394
4	16	-0.005113562666643182
7	16	-0.005113562666643191
16	51	-0.005113562666643261
16	50	-0.0051135626666432765
16	46	-0.005113562666643291
16	49	-0.005113562666643298
16	33	-0.005113562666643316
16	41	-0.005113562666643338
16	36	-0.005113562666643339
16	32	-0.005113562666643342
16	38	-0.005113562666643413
16	40	-0.0051135626666434135
16	37	-0.0051135626666434335
16	39	-0.005113562666643437
11	16	-0.005113562666643463
16	47	-0.005113562666643468
16	35	-0.005113562666643472
25	46	-0.005191925419832827
25	51	-0.005191925419832865
5	25	-0.005191925419832936
25	32	-0.0051919254198329375
3	25	-0.00519192541983296
12	25	-0.005191925419832994
8	25	-0.005191925419833053
7	25	-0.005191925419833064
4	25	-0.00519192541983307
25	40	-0.00519192541983313
25	41	-0.005191925419833134
25	37	-0.005191925419833153
25	33	-0.005191925419833154
25	35	-0.005191925419833162
11	25	-0.0051919254198331734
25	50	-0.005191925419833178
25	49	-0.005191925419833183
25	47	-0.005191925419833224
25	38	-0.005191925419833228
25	39	-0.0051919254198332316
25	36	-0.005191925419833247
1	48	-0.005269260747099097
1	34	-0.0052692607470991035
2	22	-0.005301862190246374
10	17	-0.00535418390242553
31	53	-0.005403607420075939
1	15	-0.005405279981190284
16	44	-0.005446723922084033
24	26	-0.005473122127482487
5	26	-0.005483625185915002
3	26	-0.005483625185915093
12	26	-0.00548362518591514
7	26	-0.005483625185915156
11	26	-0.005483625185915289
8	26	-0.005483625185915323
26	32	-0.005483625185915331
26	41	-0.005483625185915346
26	46	-0.0054836251859153515
26	33	-0.005483625185915367
26	38	-0.005483625185915408
4	26	-0.0054836251859154105
26	51	-0.005483625185915425
26	39	-0.0054836251859154295
26	36	-0.005483625185915445
26	40	-0.005483625185915469
26	35	-0.005483625185915489
26	37	-0.005483625185915495
26	50	-0.0054836251859155145
26	49	-0.005483625185915546
26	47	-0.005483625185915577
6	18	-0.0054906795828214075
12	15	-0.005544141297238037
7	15	-0.005544141297238098
11	15	-0.005544141297238109
3	15	-0.0055441412972381185
8	15	-0.0055441412972381246
5	15	-0.005544141297238207
4	15	-0.005544141297238247
15	51	-0.005544141297238254
15	46	-0.005544141297238433
15	39	-0.005544141297238461
15	38	-0.0055441412972384784
15	41	-0.005544141297238545
15	40	-0.005544141297238565
15	37	-0.00554414129723857
15	32	-0.005544141297238588
15	33	-0.005544141297238605
15	50	-0.005544141297238613
15	47	-0.005544141297238632
15	35	-0.0055441412972386354
15	49	-0.005544141297238636
15	36	-0.005544141297238679
17	26	-0.005549783347981018
28	44	-0.005555023592297181
21	52	-0.0055723278851473775
22	43	-0.005590601699497493
8	18	-0.005601045142774797
5	18	-0.005601045142774847
11	18	-0.005601045142774943
7	18	-0.005601045142774966
12	18	-0.005601045142775007
18	38	-0.005601045142775052
18	50	-0.0056010451427750555
4	18	-0.005601045142775065
18	33	-0.005601045142775067
18	39	-0.005601045142775073
18	49	-0.005601045142775078
18	37	-0.005601045142775083
18	36	-0.0056010451427751205
18	47	-0.0056010451427751205
18	35	-0.005601045142775134
18	41	-0.005601045142775137
18	32	-0.00560104514277514
3	18	-0.005601045142775143
18	46	-0.005601045142775149
18	40	-0.0056010451427752316
18	51	-0.005601045142775243
5	23	-0.005630190746602421
4	23	-0.005630190746602626
7	23	-0.00563019074660265
3	23	-0.005630190746602694
12	23	-0.0056301907466026965
23	41	-0.0056301907466027295
23	32	-0.005630190746602749
23	33	-0.005630190746602759
11	23	-0.005630190746602822
8	23	-0.00563019074660288
23	50	-0.00563019074660291
23	37	-0.005630190746602917
23	35	-0.0056301907466029194
23	49	-0.005630190746602924
23	40	-0.0056301907466029585
23	47	-0.005630190746602961
23	36	-0.005630190746602976
23	38	-0.005630190746603011
23	39	-0.005630190746603026
23	46	-0.005630190746603051
23	51	-0.00563019074660309
29	52	-0.005660869818792815
18	45	-0.0056946061914096395
9	28	-0.005714130839739621
6	19	-0.005716085214065863
13	52	-0.005727784742316155
2	43	-0.005820470720273372
18	28	-0.005835950460804082
25	42	-0.00584812826432473
19	29	-0.005927118509852089
9	17	-0.005965903363996415
10	53	-0.0060204026281039935
1	21	-0.006042424903343719
23	31	-0.006048759380285698
17	27	-0.006052271626821145
14	17	-0.006052271626821443
3	17	-0.006057330376982441
4	17	-0.006057330376982484
12	17	-0.006057330376982506
8	17	-0.006057330376982561
5	17	-0.006057330376982574
17	41	-0.00605733037698261
17	32	-0.006057330376982613
17	33	-0.006057330376982631
17	50	-0.006057330376982639
17	46	-0.00605733037698265
17	49	-0.0060573303769826635
17	37	-0.0060573303769826696
17	35	-0.006057330376982673
7	17	-0.006057330376982685
17	51	-0.006057330376982708
17	36	-0.0060573303769827095
17	47	-0.0060573303769827095
17	40	-0.0060573303769827554
11	17	-0.0060573303769827815
17	38	-0.006057330376982875
17	39	-0.006057330376982898
23	48	-0.006071128342213965
23	34	-0.006071128342214016
17	43	-0.006135610926033886
16	24	-0.006142826789853704
15	52	-0.006159711959381011
5	24	-0.006188309696169086
24	49	-0.006188309696169174
7	24	-0.006188309696169174
3	24	-0.006188309696169174
24	46	-0.006188309696169205
24	38	-0.006188309696169216
24	36	-0.006188309696169231
24	41	-0.006188309696169243
24	51	-0.0061883096961692485
12	24	-0.0061883096961692485
4	24	-0.006188309696169253
24	40	-0.0061883096961692806
24	50	-0.0061883096961693
24	37	-0.006188309696169331
24	47	-0.0061883096961693395
24	32	-0.006188309696169373
24	39	-0.006188309696169382
24	35	-0.00618830969616939
24	33	-0.0061883096961693924
8	24	-0.0061883096961694
11	24	-0.006188309696169509
9	18	-0.00620286221769261
13	15	-0.006234881768634449
9	24	-0.006251439162617138
21	48	-0.006317188405526333
21	34	-0.006317188405526553
15	42	-0.006392142249525548
20	52	-0.006399412592411963
28	52	-0.006419167548692234
26	30	-0.006442751722625553
21	26	-0.006489023792224628
6	29	-0.006518570916755961
10	18	-0.006585416091742798
18	30	-0.0066579643313951185
15	48	-0.006671059606125584
15	34	-0.006671059606125595
13	34	-0.006716946081980748
13	48	-0.0067169460819809755
20	23	-0.006732054247329849
22	25	-0.00679674289196854
20	53	-0.006801922280976817
25	44	-0.006813580659206498
6	24	-0.006850009895971021
22	53	-0.006853819482512527
9	23	-0.006950177512586665
1	23	-0.007039719482447086
6	21	-0.007069016616622284
10	30	-0.007084132325037378
14	44	-0.007176285163130981
27	44	-0.0071762851631312005
6	22	-0.007219100979067894
6	13	-0.00731587839103834
21	43	-0.0073273206854921995
9	26	-0.007350087550844608
10	19	-0.0073807030368426094
18	31	-0.0074210092640142
22	26	-0.007426233849892626
22	48	-0.007431389722546767
22	34	-0.007431389722546911
18	29	-0.007447410672472817
19	24	-0.007450718673311606
22	52	-0.007517467842167559
6	20	-0.007532043120445474
22	31	-0.007541557107431806
19	48	-0.0075701928896947535
19	34	-0.007570192889694955
16	18	-0.007654950053226216
29	48	-0.007656804969223326
29	34	-0.007656804969223394
19	30	-0.0076686609260781
26	34	-0.007715569659384157
26	48	-0.007715569659384438
17	30	-0.007751395789220976
16	52	-0.007838111514817819
28	34	-0.00788355729996745
28	48	-0.007883557299967566
16	42	-0.007893238073289923
18	42	-0.00790351816543607
20	25	-0.007908598333426317
9	16	-0.007977298082472568
25	27	-0.007997386699469401
14	25	-0.007997386699469644
27	42	-0.008025003314735414
14	42	-0.008025003314735471
9	14	-0.008078892422076699
9	27	-0.008078892422076722
18	48	-0.008211146715365452
18	34	-0.008211146715365682
25	52	-0.008422022221196427
27	45	-0.00844900751222585
14	45	-0.00844900751222596
23	24	-0.008611050291229775
26	45	-0.008627888130617857
20	48	-0.008712838187025191
20	34	-0.008712838187025326
22	24	-0.008720151277041628
16	23	-0.008733432672547826
2	16	-0.00878119457634614
25	28	-0.008948214908437814
24	52	-0.009046971317563912
18	52	-0.009047287871154623
18	25	-0.009048466127566056
27	30	-0.009049141402562246
14	30	-0.009049141402562305
20	29	-0.009146180136832825
23	52	-0.009188393649734727
24	42	-0.0092193577326387
26	52	-0.009412705675782397
14	52	-0.009475044062019515
27	52	-0.009475044062019527
13	26	-0.009616624285431204
6	16	-0.009654363525631784
10	16	-0.009659303053807898
14	31	-0.009666321164268084
27	31	-0.009666321164268191
14	53	-0.009864570221879455
27	53	-0.009864570221879577
2	25	-0.009949100370602735
13	23	-0.009977262099657986
15	20	-0.010009014956574223
6	23	-0.01010443900208975
22	29	-0.010151734331159791
23	25	-0.010169764852649817
10	22	-0.010193712181179876
26	31	-0.010310481823890012
1	25	-0.010565786599039829
24	45	-0.010635122062216248
16	48	-0.010663755635692957
16	34	-0.010663755635693061
16	27	-0.01068185860389988
14	16	-0.010681858603900096
15	22	-0.01077268869592666
18	53	-0.010780171094192399
23	26	-0.010937431908431512
17	52	-0.010973322559884917
6	25	-0.01098781572380842
6	15	-0.011051104533378703
6	26	-0.011217414408151263
25	48	-0.01140934077253272
25	34	-0.011409340772532816
2	24	-0.011609742385835883
14	34	-0.011619994294374342
27	48	-0.011619994294374414
14	48	-0.011619994294374464
27	34	-0.011619994294374474
17	42	-0.011870106136587462
10	25	-0.011889527227647767
2	26	-0.011934079550967204
15	31	-0.011973773837840861
16	30	-0.012070279170174966
15	17	-0.012143409818039838
23	53	-0.012201664661408464
18	27	-0.012253787626731103
14	18	-0.012253787626731391
24	53	-0.012289997314846235
6	27	-0.01231734021797535
6	14	-0.012317340217975441
15	29	-0.012667259840017837
23	30	-0.013024032259561454
1	17	-0.013183204217114173
17	45	-0.01319034329677821
16	53	-0.013308018713795125
2	17	-0.013396827181803026
17	53	-0.013406520782913505
2	15	-0.013420818867211736
10	26	-0.013479376675049958
13	14	-0.013487865881005087
13	27	-0.013487865881005097
13	18	-0.013505620068956121
17	18	-0.013837446342705527
15	45	-0.013878712644494882
25	53	-0.013918224777533544
2	14	-0.013954775541897188
2	27	-0.013954775541897247
1	24	-0.014312763130808159
16	29	-0.01475807023041167
25	29	-0.014826454119021587
13	17	-0.015022822533075925
1	26	-0.015042432035005666
26	29	-0.01571800157454141
15	24	-0.016052541768608968
15	23	-0.016156748496732203
1	16	-0.01627465279017428
13	24	-0.01648542577133384
17	29	-0.0167634171123425
24	29	-0.01780865169483437
23	29	-0.018042814462893162