#==========================================================================
# The first and second rows contain site pairs (i, j) such that j > i
# The third row contains coevolutionary scores obtained 
# using mean-field DCA (mfDCA) algorithm.
# Note that in this data sites are counted/labelled starting from 1
#==========================================================================
30	34	0.17609454414305103
1	28	0.14549323328902897
15	28	0.11405354790877548
4	25	0.0977645074519766
5	6	0.09420090089306753
4	16	0.08413653337255442
11	17	0.08018642604940462
29	30	0.06955151195889636
1	15	0.053244520100748434
16	36	0.05308298141032153
11	18	0.05148150095569715
29	35	0.04681949831129338
33	44	0.046215619509774444
37	44	0.04621561950977443
33	37	0.0462156195097744
17	47	0.04580155147203891
18	48	0.045684046486372046
34	35	0.04440338815941151
35	40	0.04429673440991771
11	47	0.03938143906043455
16	48	0.037228581925913086
4	28	0.03667412831658491
8	16	0.03528579826774261
17	18	0.03497342053765889
40	44	0.03208585734603839
37	40	0.03208585734603835
33	40	0.03208585734603792
23	40	0.03163119018404151
29	34	0.031003497913751406
18	47	0.029905717492486876
36	47	0.027919078677900305
32	47	0.027346013602801176
23	35	0.02497259884294724
17	32	0.024716119090060443
5	23	0.0237608777465763
6	23	0.023760877746576203
24	44	0.02326852797498581
24	37	0.023268527974985527
24	33	0.023268527974985243
25	32	0.021498173059150215
8	48	0.021123727664574224
11	48	0.018383359529296397
32	33	0.01814415902738983
32	37	0.018144159027389535
32	44	0.018144159027389452
32	36	0.017944592120750058
16	32	0.017027167158586636
5	40	0.015754667386138153
6	40	0.01575466738613812
37	47	0.01567943843920515
44	47	0.015679438439205044
33	47	0.015679438439204964
8	25	0.01550410425481054
35	47	0.014895172949812675
15	32	0.014549752907625802
24	40	0.014504320423130579
1	48	0.014210677011452464
18	36	0.013595642121327866
16	17	0.012847004144137638
5	35	0.012548795641390569
6	35	0.012548795641390439
36	44	0.012270558915825874
33	36	0.012270558915825614
36	37	0.012270558915825614
1	29	0.012060314164936466
1	4	0.011329513399456648
16	47	0.010650882772602972
32	40	0.00931943917953204
1	36	0.008672073404648161
8	44	0.008494790468573144
8	33	0.00849479046857313
8	37	0.00849479046857302
11	32	0.008487778959872787
8	30	0.00830647271173205
35	36	0.007663281788530672
8	29	0.006641826641478778
24	32	0.006280371330126563
8	36	0.006013486073078642
6	24	0.0058140516303587
5	24	0.005814051630358597
34	48	0.005134481810778737
17	48	0.005004573325354922
24	47	0.0048602223678341425
15	36	0.004586522067317911
8	24	0.004231888846244573
40	47	0.004077120471496779
11	36	0.0034691708131401877
1	35	0.002992245628076446
24	36	0.0029745572310641705
36	40	0.0029523457821251896
12	27	0.002932480688076707
9	10	0.0029324806880767053
7	10	0.0029324806880766992
12	38	0.0029324806880766914
12	31	0.002932480688076648
13	43	0.0029324806880766242
7	45	0.0029324806880766077
22	41	0.002932480688076595
13	45	0.002932480688076591
7	43	0.00293248068807659
13	41	0.002932480688076587
13	46	0.002932480688076582
13	39	0.0029324806880765696
9	31	0.0029324806880765453
9	27	0.0029324806880765397
7	31	0.002932480688076538
7	9	0.0029324806880765344
7	20	0.0029324806880765292
14	38	0.002932480688076518
12	45	0.002932480688076509
12	41	0.002932480688076506
7	39	0.0029324806880764937
20	43	0.0029324806880764898
7	27	0.0029324806880764876
21	22	0.002932480688076483
13	27	0.0029324806880764824
7	42	0.0029324806880764807
7	12	0.0029324806880764785
14	46	0.0029324806880764763
12	19	0.0029324806880764746
13	31	0.002932480688076474
7	21	0.0029324806880764737
13	26	0.0029324806880764685
21	43	0.002932480688076468
14	41	0.0029324806880764625
22	45	0.0029324806880764607
14	19	0.002932480688076459
7	26	0.0029324806880764564
14	39	0.0029324806880764564
7	38	0.0029324806880764547
12	42	0.002932480688076454
22	31	0.002932480688076453
9	12	0.0029324806880764477
12	26	0.002932480688076447
21	42	0.002932480688076447
22	46	0.0029324806880764464
12	39	0.002932480688076445
19	42	0.0029324806880764442
3	9	0.0029324806880764434
22	27	0.0029324806880764434
7	41	0.002932480688076439
22	39	0.002932480688076439
21	26	0.002932480688076439
21	31	0.002932480688076438
7	46	0.0029324806880764347
21	38	0.002932480688076434
22	42	0.002932480688076434
21	27	0.002932480688076432
19	22	0.0029324806880764312
13	38	0.0029324806880764312
22	43	0.002932480688076431
20	22	0.002932480688076428
19	39	0.002932480688076425
19	21	0.002932480688076424
14	21	0.0029324806880764217
20	21	0.0029324806880764217
22	38	0.0029324806880764217
19	45	0.002932480688076419
9	46	0.0029324806880764113
12	13	0.002932480688076408
9	41	0.0029324806880764048
9	42	0.0029324806880764043
7	22	0.0029324806880763965
9	38	0.0029324806880763957
20	46	0.002932480688076395
21	45	0.002932480688076393
20	41	0.0029324806880763918
19	31	0.0029324806880763905
14	42	0.002932480688076389
12	46	0.002932480688076388
14	26	0.002932480688076388
14	31	0.002932480688076386
2	43	0.002932480688076383
14	22	0.00293248068807638
9	45	0.0029324806880763783
2	10	0.002932480688076378
12	43	0.0029324806880763766
20	39	0.0029324806880763757
14	27	0.002932480688076375
19	41	0.0029324806880763688
19	46	0.002932480688076364
12	14	0.002932480688076357
19	26	0.002932480688076357
13	42	0.0029324806880763566
19	43	0.002932480688076354
19	27	0.00293248068807635
19	38	0.0029324806880763493
14	45	0.002932480688076345
20	45	0.00293248068807634
2	27	0.002932480688076336
21	39	0.0029324806880763298
3	10	0.0029324806880763245
3	46	0.0029324806880763237
31	39	0.002932480688076322
10	12	0.002932480688076321
2	3	0.0029324806880763193
2	45	0.0029324806880763193
2	9	0.0029324806880763167
2	41	0.002932480688076311
9	26	0.002932480688076309
3	42	0.002932480688076307
2	46	0.0029324806880763063
21	41	0.0029324806880763055
21	46	0.0029324806880763003
20	38	0.0029324806880762977
3	38	0.002932480688076295
9	39	0.0029324806880762938
22	26	0.00293248068807629
14	43	0.002932480688076289
2	39	0.0029324806880762877
13	22	0.002932480688076285
3	39	0.002932480688076278
26	43	0.0029324806880762777
26	46	0.002932480688076276
3	14	0.0029324806880762734
14	20	0.0029324806880762734
3	7	0.00293248068807627
7	13	0.002932480688076269
31	46	0.002932480688076266
10	38	0.0029324806880762647
2	7	0.002932480688076262
31	41	0.0029324806880762578
2	20	0.002932480688076251
38	43	0.002932480688076251
10	42	0.0029324806880762404
39	45	0.0029324806880762387
39	46	0.002932480688076233
2	21	0.0029324806880762326
9	19	0.002932480688076232
3	20	0.002932480688076231
41	43	0.0029324806880762265
39	41	0.0029324806880762257
19	20	0.0029324806880762226
43	46	0.00293248068807622
9	43	0.002932480688076211
13	20	0.00293248068807621
3	45	0.002932480688076209
2	19	0.0029324806880762088
2	42	0.0029324806880762083
26	39	0.002932480688076208
13	21	0.0029324806880762057
10	31	0.0029324806880762057
31	45	0.0029324806880762057
3	19	0.0029324806880762035
38	45	0.0029324806880762014
7	19	0.0029324806880761996
10	27	0.0029324806880761996
2	14	0.0029324806880761988
9	21	0.002932480688076198
38	41	0.002932480688076198
39	43	0.002932480688076197
3	41	0.002932480688076194
38	46	0.0029324806880761936
10	26	0.002932480688076191
12	20	0.002932480688076185
20	42	0.0029324806880761797
3	43	0.002932480688076179
10	14	0.0029324806880761754
2	12	0.002932480688076171
38	39	0.0029324806880761706
20	27	0.002932480688076165
9	20	0.002932480688076163
2	31	0.00293248068807616
2	38	0.0029324806880761597
27	43	0.002932480688076158
12	22	0.002932480688076157
3	31	0.002932480688076155
45	46	0.0029324806880761493
13	14	0.0029324806880761485
10	21	0.002932480688076147
10	19	0.0029324806880761407
10	13	0.0029324806880761402
2	26	0.00293248068807614
7	14	0.00293248068807613
9	22	0.002932480688076125
3	26	0.002932480688076124
27	41	0.002932480688076119
31	43	0.0029324806880761155
27	46	0.0029324806880761146
9	14	0.0029324806880761138
12	21	0.0029324806880761094
41	46	0.0029324806880761086
26	41	0.0029324806880761073
2	22	0.0029324806880760986
9	13	0.002932480688076098
10	43	0.002932480688076095
3	13	0.0029324806880760886
20	26	0.0029324806880760834
2	13	0.002932480688076065
26	45	0.0029324806880760617
13	19	0.0029324806880760587
3	21	0.002932480688076053
10	41	0.0029324806880760513
10	46	0.0029324806880760466
10	20	0.0029324806880760405
10	39	0.0029324806880760357
3	27	0.002932480688076028
10	22	0.002932480688076016
3	12	0.002932480688076014
20	31	0.0029324806880760023
43	45	0.002932480688076
42	45	0.0029324806880759962
3	22	0.00293248068807598
26	27	0.0029324806880759724
27	39	0.0029324806880759564
42	43	0.0029324806880759507
27	45	0.002932480688075942
42	46	0.0029324806880759377
41	45	0.0029324806880759334
39	42	0.002932480688075922
26	38	0.0029324806880759212
10	45	0.0029324806880759047
26	42	0.002932480688075896
27	42	0.0029324806880758865
38	42	0.002932480688075884
31	42	0.0029324806880758293
31	38	0.002932480688075818
26	31	0.002932480688075697
27	38	0.0029324806880756914
27	31	0.0029324806880756758
41	42	0.0029324806880755743
47	48	0.002922566237803615
35	37	0.002624654699985171
33	35	0.002624654699985001
35	44	0.0026246546999849386
25	36	0.002582543740863974
1	32	0.0017507773577022621
11	16	0.0013763843764414783
34	44	0.0008415464541271928
34	37	0.0008415464541271546
33	34	0.0008415464541270228
17	29	0.000459049830465982
7	23	0.0004226405029979759
23	27	0.0004226405029979551
23	26	0.0004226405029979256
23	31	0.000422640502997923
23	42	0.0004226405029979143
20	23	0.0004226405029978935
12	23	0.0004226405029978922
23	38	0.00042264050299789177
10	23	0.0004226405029978315
21	23	0.000422640502997828
19	23	0.0004226405029978228
14	23	0.00042264050299780894
23	39	0.00042264050299776774
23	41	0.00042264050299775993
22	23	0.0004226405029977582
3	23	0.00042264050299769965
2	23	0.000422640502997681
23	46	0.00042264050299765585
23	43	0.00042264050299763633
23	45	0.0004226405029976359
9	23	0.00042264050299755046
13	23	0.00042264050299752965
16	25	0.00020397976985014714
12	25	-0.0001102484312116782
3	25	-0.00011024843121171376
25	45	-0.00011024843121174976
22	25	-0.00011024843121176407
25	39	-0.00011024843121176754
20	25	-0.00011024843121179443
14	25	-0.00011024843121179876
25	26	-0.00011024843121181351
25	42	-0.00011024843121181871
2	25	-0.00011024843121182825
25	43	-0.00011024843121183086
25	27	-0.00011024843121183086
13	25	-0.00011024843121183866
25	41	-0.000110248431211843
25	38	-0.0001102484312118482
25	31	-0.00011024843121185167
19	25	-0.00011024843121188767
25	46	-0.00011024843121189938
10	25	-0.00011024843121193364
9	25	-0.00011024843121196226
7	25	-0.00011024843121213443
21	25	-0.00011024843121215612
3	48	-0.0006113130596865778
2	48	-0.0006113130596866754
10	48	-0.0006113130596867161
14	48	-0.0006113130596867287
7	48	-0.0006113130596868792
9	48	-0.0006113130596869412
42	48	-0.0006113130596869507
46	48	-0.0006113130596869646
38	48	-0.0006113130596869893
27	48	-0.0006113130596870037
45	48	-0.000611313059687034
19	48	-0.0006113130596870678
12	48	-0.000611313059687096
20	48	-0.0006113130596870978
39	48	-0.0006113130596871168
31	48	-0.0006113130596871303
43	48	-0.0006113130596871342
26	48	-0.0006113130596872283
21	48	-0.0006113130596872682
22	48	-0.0006113130596872704
13	48	-0.0006113130596872942
41	48	-0.0006113130596873211
9	24	-0.0006568405876616898
10	24	-0.0006568405876616942
2	24	-0.0006568405876617278
21	24	-0.000656840587661792
19	24	-0.000656840587661803
14	24	-0.0006568405876618271
12	24	-0.0006568405876618325
24	43	-0.0006568405876618529
3	24	-0.000656840587661864
24	45	-0.0006568405876618642
22	24	-0.0006568405876618746
20	24	-0.0006568405876618772
7	24	-0.0006568405876619151
24	39	-0.0006568405876619179
24	42	-0.0006568405876619251
24	38	-0.0006568405876619283
24	26	-0.0006568405876619398
24	31	-0.0006568405876619429
24	41	-0.0006568405876619444
24	46	-0.0006568405876619531
24	27	-0.000656840587661998
13	24	-0.0006568405876620205
8	17	-0.0006896705846044758
7	18	-0.0007291921899233527
3	18	-0.0007291921899235682
18	46	-0.0007291921899236055
18	45	-0.0007291921899236346
18	43	-0.0007291921899236376
9	18	-0.0007291921899236476
18	42	-0.0007291921899236506
18	22	-0.000729192189923661
13	18	-0.0007291921899236749
18	20	-0.0007291921899236766
18	38	-0.000729192189923697
18	19	-0.0007291921899236979
18	27	-0.0007291921899237048
14	18	-0.0007291921899237274
18	41	-0.0007291921899237335
18	39	-0.0007291921899237491
18	26	-0.0007291921899237491
18	31	-0.0007291921899237534
18	21	-0.0007291921899237764
2	18	-0.0007291921899238224
10	18	-0.0007291921899238666
12	18	-0.0007291921899238675
4	5	-0.0007441475985054094
4	6	-0.0007441475985054688
25	35	-0.0010014501319740143
32	35	-0.0010564036789127706
10	15	-0.0011186017168439226
15	42	-0.001118601716843946
15	38	-0.0011186017168439825
15	27	-0.0011186017168439881
15	26	-0.0011186017168439972
15	46	-0.0011186017168440072
2	15	-0.0011186017168440142
15	45	-0.0011186017168440146
15	41	-0.0011186017168440272
15	31	-0.001118601716844041
3	15	-0.0011186017168440471
13	15	-0.001118601716844048
15	20	-0.0011186017168441386
15	21	-0.0011186017168441733
15	39	-0.0011186017168442015
9	15	-0.001118601716844205
14	15	-0.0011186017168442058
15	22	-0.001118601716844248
15	43	-0.0011186017168442939
15	19	-0.0011186017168442986
12	15	-0.0011186017168443585
7	15	-0.0011186017168447093
23	34	-0.0012110557525848373
17	36	-0.0012387981641333312
8	12	-0.0015438978405605715
8	26	-0.0015438978405606057
8	39	-0.001543897840560698
8	31	-0.001543897840560706
8	42	-0.0015438978405607076
8	41	-0.0015438978405607085
8	27	-0.0015438978405607415
8	38	-0.0015438978405607423
8	46	-0.0015438978405607428
8	10	-0.0015438978405608286
8	45	-0.00154389784056083
3	8	-0.0015438978405608581
7	8	-0.0015438978405609514
8	9	-0.00154389784056096
8	43	-0.0015438978405609687
8	14	-0.0015438978405609774
8	13	-0.001543897840560993
8	22	-0.001543897840560997
8	19	-0.001543897840561056
8	21	-0.0015438978405610663
8	20	-0.0015438978405610832
2	8	-0.0015438978405611157
15	17	-0.0015526850075135122
30	40	-0.001568047719575475
6	34	-0.0015879325014400017
5	34	-0.0015879325014400212
8	40	-0.001677270563195301
2	11	-0.0017219039342812677
11	43	-0.0017219039342812703
11	39	-0.001721903934281312
10	11	-0.0017219039342813336
9	11	-0.0017219039342813505
11	45	-0.001721903934281452
11	42	-0.001721903934281468
3	11	-0.0017219039342814832
11	41	-0.0017219039342814871
11	26	-0.001721903934281492
11	31	-0.0017219039342814967
11	12	-0.0017219039342814993
11	46	-0.0017219039342815019
11	38	-0.0017219039342815064
11	27	-0.0017219039342815145
11	21	-0.001721903934281515
11	19	-0.0017219039342815765
11	20	-0.0017219039342815999
11	22	-0.0017219039342816025
11	14	-0.0017219039342816047
11	13	-0.0017219039342817064
7	11	-0.0017219039342818011
25	28	-0.0017316574917444188
4	26	-0.001741038912225495
4	22	-0.0017410389122254999
4	10	-0.001741038912225502
4	19	-0.001741038912225505
4	20	-0.001741038912225535
4	42	-0.0017410389122255372
4	31	-0.0017410389122255502
4	43	-0.0017410389122255563
4	46	-0.001741038912225561
4	38	-0.0017410389122255619
4	9	-0.0017410389122255693
4	27	-0.0017410389122255831
4	39	-0.001741038912225594
4	21	-0.0017410389122256035
3	4	-0.0017410389122256096
4	41	-0.0017410389122256833
4	14	-0.0017410389122257128
4	45	-0.0017410389122257245
4	12	-0.0017410389122258032
4	13	-0.0017410389122258039
4	7	-0.0017410389122258082
2	4	-0.001741038912225845
29	42	-0.0018320549132913636
29	38	-0.001832054913291427
29	46	-0.001832054913291472
10	29	-0.0018320549132915202
26	29	-0.001832054913291525
29	45	-0.0018320549132915423
29	41	-0.0018320549132915527
29	31	-0.0018320549132915544
27	29	-0.0018320549132915813
2	29	-0.0018320549132916082
3	29	-0.00183205491329161
29	39	-0.0018320549132916169
9	29	-0.0018320549132916524
21	29	-0.0018320549132916706
14	29	-0.0018320549132917283
12	29	-0.001832054913291744
19	29	-0.001832054913291769
7	29	-0.001832054913291818
29	43	-0.0018320549132918302
20	29	-0.001832054913291832
22	29	-0.0018320549132918498
13	29	-0.0018320549132918801
24	35	-0.0020534944461125405
7	30	-0.0020847775862316165
30	38	-0.0020847775862316456
30	41	-0.002084777586231649
30	46	-0.00208477758623169
30	42	-0.0020847775862317345
30	31	-0.002084777586231769
3	30	-0.0020847775862317796
30	45	-0.0020847775862317835
10	30	-0.0020847775862317874
13	30	-0.0020847775862318494
30	43	-0.002084777586231851
20	30	-0.0020847775862318845
22	30	-0.002084777586231898
9	30	-0.0020847775862318984
14	30	-0.0020847775862319
19	30	-0.0020847775862319383
21	30	-0.0020847775862319457
30	39	-0.0020847775862319617
12	30	-0.0020847775862319956
2	30	-0.0020847775862320134
26	30	-0.0020847775862320463
27	30	-0.0020847775862320953
24	34	-0.0020957731261005176
16	23	-0.0021442102246404396
12	28	-0.0021932956346255943
13	28	-0.0021932956346256086
10	28	-0.0021932956346257613
28	45	-0.0021932956346257656
19	28	-0.0021932956346257908
20	28	-0.0021932956346257986
7	28	-0.002193295634625808
2	28	-0.0021932956346259404
3	28	-0.002193295634625969
28	39	-0.0021932956346259708
28	42	-0.002193295634625971
28	31	-0.0021932956346260245
14	28	-0.002193295634626034
28	38	-0.002193295634626035
22	28	-0.0021932956346260414
28	43	-0.0021932956346260527
27	28	-0.002193295634626081
28	41	-0.002193295634626128
9	28	-0.0021932956346261316
26	28	-0.0021932956346261425
28	46	-0.002193295634626151
21	28	-0.0021932956346262245
5	29	-0.002358549618357262
6	29	-0.002358549618357269
27	37	-0.0023729852988700175
26	37	-0.0023729852988700626
33	45	-0.0023729852988701155
37	42	-0.002372985298870118
37	38	-0.0023729852988702083
33	41	-0.002372985298870218
27	44	-0.002372985298870225
41	44	-0.00237298529887025
3	37	-0.0023729852988702907
31	37	-0.0023729852988702916
42	44	-0.002372985298870308
26	44	-0.0023729852988703132
33	42	-0.0023729852988703132
33	46	-0.0023729852988703245
7	33	-0.002372985298870338
33	39	-0.002372985298870346
33	38	-0.0023729852988703583
38	44	-0.0023729852988703605
37	46	-0.00237298529887038
43	44	-0.0023729852988703826
2	37	-0.0023729852988703852
21	37	-0.0023729852988703926
31	44	-0.002372985298870397
37	43	-0.0023729852988703974
10	33	-0.002372985298870399
33	43	-0.002372985298870401
13	33	-0.0023729852988704056
37	41	-0.002372985298870406
27	33	-0.002372985298870415
20	37	-0.0023729852988704217
37	39	-0.002372985298870432
44	45	-0.0023729852988704477
20	33	-0.002372985298870458
3	44	-0.0023729852988704837
39	44	-0.002372985298870486
9	33	-0.002372985298870491
26	33	-0.0023729852988704937
2	44	-0.0023729852988704945
21	44	-0.0023729852988704993
37	45	-0.0023729852988705006
21	33	-0.0023729852988705153
2	33	-0.0023729852988705205
22	44	-0.0023729852988705205
22	37	-0.0023729852988705266
44	46	-0.0023729852988705292
20	44	-0.0023729852988705388
14	33	-0.002372985298870542
10	44	-0.0023729852988705873
19	44	-0.002372985298870616
19	33	-0.0023729852988706207
12	33	-0.0023729852988706424
22	33	-0.002372985298870644
13	37	-0.002372985298870658
10	37	-0.002372985298870673
3	33	-0.0023729852988706958
19	37	-0.002372985298870713
31	33	-0.0023729852988707252
12	44	-0.0023729852988707513
14	44	-0.0023729852988708276
9	44	-0.0023729852988708354
9	37	-0.002372985298870838
14	37	-0.002372985298870843
13	44	-0.002372985298870896
7	37	-0.0023729852988709685
7	44	-0.002372985298871002
12	37	-0.002372985298871041
1	18	-0.0024416952480633587
5	16	-0.00246532201441946
6	16	-0.0024653220144195335
17	26	-0.002475954583333454
17	38	-0.002475954583333489
17	31	-0.002475954583333541
17	42	-0.002475954583333556
10	17	-0.002475954583333574
17	41	-0.0024759545833335775
13	17	-0.0024759545833335788
17	27	-0.0024759545833336126
17	39	-0.002475954583333642
17	43	-0.00247595458333368
17	46	-0.0024759545833337297
17	45	-0.002475954583333755
9	17	-0.0024759545833337917
14	17	-0.0024759545833338303
17	19	-0.0024759545833338316
3	17	-0.002475954583333871
17	20	-0.0024759545833338897
17	22	-0.0024759545833339643
7	17	-0.0024759545833339678
17	21	-0.00247595458333399
2	17	-0.002475954583334027
12	17	-0.002475954583334247
8	32	-0.0025449252969345307
4	23	-0.0025450580430362814
6	8	-0.002607038490924139
5	8	-0.0026070384909241805
8	23	-0.002850756971152534
8	15	-0.0029562548505457937
6	48	-0.0030187977061471053
5	48	-0.00301879770614716
4	15	-0.003057638786609468
1	39	-0.003361314271519358
1	45	-0.0033613142715193914
1	41	-0.003361314271519416
1	46	-0.003361314271519437
1	42	-0.0033613142715194434
1	43	-0.0033613142715194556
1	2	-0.00336131427151947
1	20	-0.003361314271519485
1	10	-0.003361314271519493
1	3	-0.0033613142715194977
1	26	-0.0033613142715195068
1	31	-0.003361314271519512
1	19	-0.0033613142715195376
1	9	-0.003361314271519545
1	27	-0.0033613142715195597
1	14	-0.0033613142715195774
1	21	-0.003361314271519599
1	22	-0.003361314271519604
1	13	-0.0033613142715196048
1	38	-0.0033613142715196113
1	12	-0.003361314271519646
1	7	-0.0033613142715198667
3	16	-0.003387638660125796
2	16	-0.0033876386601258226
16	26	-0.0033876386601259193
16	27	-0.0033876386601259505
16	20	-0.0033876386601259714
14	16	-0.0033876386601260225
10	16	-0.0033876386601260316
16	42	-0.003387638660126039
16	31	-0.00338763866012606
16	22	-0.0033876386601260798
16	19	-0.0033876386601261158
9	16	-0.0033876386601262055
16	21	-0.0033876386601262316
16	43	-0.003387638660126275
13	16	-0.00338763866012628
16	38	-0.0033876386601262845
7	16	-0.0033876386601263205
16	39	-0.0033876386601263725
16	45	-0.003387638660126437
16	41	-0.0033876386601264887
16	46	-0.0033876386601265035
12	16	-0.00338763866012652
27	34	-0.0034478840547324512
26	34	-0.0034478840547324573
31	34	-0.003447884054732471
22	34	-0.0034478840547326056
10	34	-0.0034478840547326776
21	34	-0.003447884054732753
20	34	-0.0034478840547327817
19	34	-0.0034478840547327834
34	42	-0.0034478840547328155
34	43	-0.0034478840547328476
34	38	-0.0034478840547328676
2	34	-0.0034478840547328845
34	41	-0.003447884054732904
12	34	-0.003447884054732949
34	39	-0.003447884054732969
9	34	-0.003447884054733008
7	34	-0.0034478840547330215
34	45	-0.0034478840547330237
14	34	-0.003447884054733067
34	46	-0.0034478840547330974
3	34	-0.0034478840547331815
13	34	-0.0034478840547332423
3	5	-0.0036138833808573453
3	6	-0.003613883380857369
6	12	-0.0036138833808573895
2	5	-0.003613883380857421
2	6	-0.003613883380857427
5	21	-0.0036138833808574303
5	20	-0.003613883380857448
6	43	-0.0036138833808574806
5	22	-0.003613883380857484
6	20	-0.003613883380857492
6	41	-0.003613883380857499
6	26	-0.0036138833808575027
6	19	-0.0036138833808575035
6	39	-0.003613883380857504
5	41	-0.0036138833808575053
5	39	-0.003613883380857506
6	9	-0.003613883380857508
5	43	-0.0036138833808575083
5	12	-0.003613883380857509
5	9	-0.0036138833808575105
5	13	-0.003613883380857511
5	31	-0.0036138833808575166
6	45	-0.003613883380857517
6	46	-0.003613883380857522
5	46	-0.0036138833808575235
6	27	-0.0036138833808575235
6	14	-0.0036138833808575244
6	38	-0.0036138833808575257
6	21	-0.0036138833808575326
5	14	-0.003613883380857533
5	45	-0.003613883380857535
5	27	-0.0036138833808575356
6	10	-0.003613883380857536
5	10	-0.003613883380857537
5	19	-0.003613883380857544
6	22	-0.00361388338085755
5	26	-0.0036138833808575513
5	42	-0.003613883380857557
5	38	-0.0036138833808575634
6	42	-0.0036138833808575846
6	13	-0.0036138833808575903
6	7	-0.0036138833808576146
6	31	-0.003613883380857626
5	7	-0.0036138833808576536
29	36	-0.0036478005571243047
11	29	-0.00372397737919339
8	11	-0.0037949110549717387
6	25	-0.003795735824210177
5	25	-0.0037957358242102115
3	40	-0.003831778340114244
31	40	-0.0038317783401142797
13	40	-0.003831778340114284
20	40	-0.003831778340114285
40	43	-0.003831778340114315
21	40	-0.003831778340114328
40	42	-0.003831778340114358
7	40	-0.0038317783401143907
10	40	-0.003831778340114391
40	45	-0.003831778340114408
19	40	-0.003831778340114441
12	40	-0.003831778340114464
40	41	-0.0038317783401144783
40	46	-0.0038317783401144983
9	40	-0.003831778340114505
26	40	-0.0038317783401145057
39	40	-0.003831778340114508
14	40	-0.0038317783401145143
27	40	-0.0038317783401145625
38	40	-0.0038317783401145764
2	40	-0.003831778340114594
22	40	-0.0038317783401146045
5	28	-0.0038375674056918647
6	28	-0.003837567405691896
6	30	-0.003927871645752191
5	30	-0.003927871645752373
18	32	-0.003942005806290559
1	25	-0.003996311354320518
23	25	-0.004017467768154214
10	32	-0.004060776393843408
20	32	-0.00406077639384344
3	32	-0.004060776393843455
2	32	-0.00406077639384346
32	42	-0.004060776393843495
27	32	-0.0040607763938435085
32	41	-0.004060776393843521
9	32	-0.004060776393843525
26	32	-0.004060776393843529
32	39	-0.004060776393843555
32	45	-0.004060776393843573
31	32	-0.004060776393843574
7	32	-0.004060776393843576
32	46	-0.0040607763938435805
19	32	-0.004060776393843607
32	43	-0.004060776393843612
22	32	-0.004060776393843656
14	32	-0.00406077639384371
32	38	-0.004060776393843749
13	32	-0.004060776393843754
21	32	-0.004060776393843776
12	32	-0.004060776393843876
26	35	-0.004068814615088894
31	35	-0.00406881461508892
27	35	-0.004068814615089088
35	42	-0.004068814615089107
21	35	-0.0040688146150891415
12	35	-0.00406881461508919
2	35	-0.00406881461508923
3	35	-0.004068814615089265
10	35	-0.004068814615089315
13	35	-0.004068814615089324
35	38	-0.004068814615089349
14	35	-0.0040688146150893514
22	35	-0.004068814615089374
35	43	-0.004068814615089393
35	39	-0.004068814615089405
19	35	-0.004068814615089417
35	45	-0.004068814615089449
35	41	-0.004068814615089464
9	35	-0.004068814615089478
35	46	-0.004068814615089485
20	35	-0.00406881461508967
7	35	-0.004068814615089721
16	29	-0.004128514583213186
1	5	-0.004174679069548177
1	6	-0.004174679069548191
5	15	-0.004320334196422455
6	15	-0.004320334196422468
6	18	-0.004368412456262669
5	18	-0.004368412456262763
5	11	-0.004417212143351104
6	11	-0.004417212143351129
23	24	-0.004460778065760489
6	36	-0.004478265852248397
5	36	-0.004478265852248502
5	44	-0.004479229134195136
6	44	-0.004479229134195196
5	37	-0.004479229134195203
6	37	-0.004479229134195217
5	33	-0.004479229134195307
6	33	-0.004479229134195316
36	45	-0.004580363648817833
36	41	-0.004580363648817887
36	46	-0.0045803636488179235
13	36	-0.004580363648817938
14	36	-0.004580363648817981
27	36	-0.00458036364881809
36	42	-0.004580363648818098
36	39	-0.004580363648818151
36	38	-0.004580363648818152
36	43	-0.004580363648818222
20	36	-0.004580363648818225
2	36	-0.004580363648818251
19	36	-0.004580363648818255
22	36	-0.00458036364881826
3	36	-0.0045803636488183095
21	36	-0.004580363648818356
31	36	-0.004580363648818361
26	36	-0.004580363648818371
9	36	-0.004580363648818414
10	36	-0.004580363648818437
12	36	-0.004580363648818551
7	36	-0.004580363648818599
5	32	-0.004582448437583837
6	32	-0.004582448437583963
29	48	-0.004631578055017368
23	48	-0.004685719815444562
6	47	-0.004772857541485415
5	47	-0.004772857541485487
15	47	-0.004799073542480721
15	23	-0.0048720536566670344
6	17	-0.004971702131982548
5	17	-0.004971702131982607
18	23	-0.005040903283387047
16	35	-0.0051161713879344616
29	47	-0.005193307769093693
23	29	-0.005297410848511973
24	25	-0.005350427020767751
29	40	-0.005463321627829851
35	48	-0.005542512170264729
13	47	-0.005570818051746497
2	47	-0.005570818051746609
3	47	-0.005570818051746742
9	47	-0.0055708180517468
20	47	-0.005570818051746822
10	47	-0.005570818051746846
14	47	-0.0055708180517469045
21	47	-0.00557081805174691
42	47	-0.005570818051746924
43	47	-0.005570818051746975
12	47	-0.0055708180517470155
7	47	-0.005570818051747018
19	47	-0.0055708180517470285
31	47	-0.005570818051747035
27	47	-0.005570818051747043
22	47	-0.005570818051747047
26	47	-0.005570818051747086
45	47	-0.005570818051747098
38	47	-0.005570818051747111
41	47	-0.0055708180517471135
39	47	-0.005570818051747157
46	47	-0.005570818051747198
11	23	-0.005625975668960075
18	25	-0.005685540972441572
17	28	-0.005883322658592215
28	34	-0.00606815214152626
18	24	-0.006146248631856078
4	24	-0.006167746703878793
15	24	-0.0062165837942249405
23	44	-0.006312273603349303
23	33	-0.00631227360334931
23	37	-0.00631227360334932
23	30	-0.006314489105491962
30	44	-0.0064125470550382285
30	37	-0.006412547055038456
30	33	-0.006412547055038473
4	36	-0.00644718438303998
23	28	-0.006466915263112362
18	34	-0.006510391369166349
11	25	-0.006523955558189949
4	8	-0.006589930035499273
8	18	-0.006594329996681685
24	30	-0.006643852064889452
15	25	-0.006656347287852606
15	29	-0.0066734899147879
25	29	-0.006782658977532246
17	23	-0.006972493344735118
24	48	-0.006981960091219627
25	48	-0.007077371844512033
1	23	-0.007198525988286753
28	29	-0.007238049879742118
23	32	-0.007510145808728165
24	29	-0.00760811813860964
36	48	-0.007608323935381576
4	17	-0.007663488165429709
15	18	-0.0076878109025130875
17	24	-0.007721717156112031
30	48	-0.007745290422631291
1	24	-0.008087052821098905
24	28	-0.008089778711610124
16	24	-0.008109537507294196
1	11	-0.00814040972103695
1	47	-0.008246400655334333
11	15	-0.008435309301157424
18	29	-0.008475659083989508
15	48	-0.008500061988247352
8	47	-0.008558716719557529
18	35	-0.008575525406105226
23	36	-0.0085786787552448
17	25	-0.008695191462672173
16	18	-0.008877482510433242
25	30	-0.00897430270371986
34	36	-0.00922908100196531
25	44	-0.009230377498573328
25	33	-0.009230377498573583
25	37	-0.009230377498573592
4	29	-0.009257845953682642
1	17	-0.009309921703006697
40	48	-0.009401705800680752
4	18	-0.009457219429072657
4	11	-0.009513717614413941
4	48	-0.009593170620958264
29	33	-0.009614093774515366
29	37	-0.009614093774515463
29	44	-0.009614093774515529
23	47	-0.009650076304985346
28	48	-0.009691477791314528
1	40	-0.00976431770978005
30	35	-0.009813165283701332
34	40	-0.00983850640334328
11	30	-0.009848186081309874
29	32	-0.009851805679076259
18	30	-0.010087628280835537
32	34	-0.010099582594481318
1	8	-0.01015466528281975
25	40	-0.010303544130568361
17	37	-0.010352535993138292
17	33	-0.010352535993138352
17	44	-0.010352535993138385
15	44	-0.01066471723864313
15	33	-0.01066471723864328
15	37	-0.010664717238643314
4	40	-0.010677808781119284
25	34	-0.010722916878971108
30	36	-0.010893438754977726
28	30	-0.010911840352803636
17	40	-0.011034822704378397
44	48	-0.011050906380172356
33	48	-0.011050906380172558
37	48	-0.011050906380172571
11	44	-0.011059708090561613
11	37	-0.011059708090561678
11	33	-0.011059708090561787
15	34	-0.011071482343316497
15	16	-0.011117085486177219
16	30	-0.011245499620420086
15	30	-0.011327748729166271
18	33	-0.011346305098582078
18	44	-0.011346305098582142
18	37	-0.01134630509858227
8	28	-0.011359702117434176
11	28	-0.011493957972895628
34	47	-0.01158069762774876
11	34	-0.011690117427302138
11	40	-0.011783117323904017
18	28	-0.011790225666747972
25	47	-0.011819921409048164
17	35	-0.011984077477564307
8	35	-0.012045035917317117
8	34	-0.012105360946936919
4	37	-0.012132202353641536
4	44	-0.012132202353641805
4	33	-0.012132202353641841
1	33	-0.012152610771883964
1	37	-0.01215261077188416
1	44	-0.0121526107718843
15	40	-0.012211083786505502
15	35	-0.012338155790297577
4	30	-0.012593319022691406
17	30	-0.012763337730625109
32	48	-0.012921604016367067
30	32	-0.012985332084508163
18	40	-0.013267214858995183
30	47	-0.013304315772693288
16	33	-0.013341940065742162
16	44	-0.01334194006574219
16	37	-0.013341940065742419
4	35	-0.01370155107623907
16	28	-0.013806581814705737
28	47	-0.013941337174059605
4	34	-0.014123701948256781
4	32	-0.014289306551375346
11	35	-0.014365815867107749
11	24	-0.014967828267263703
4	47	-0.015191742147831049
28	37	-0.015307972417415317
28	44	-0.015307972417415343
28	33	-0.015307972417415409
28	36	-0.015731224420660113
28	40	-0.01633397390247674
17	34	-0.01648270071176096
1	34	-0.016889416157638358
1	30	-0.017350488080778294
16	40	-0.017459099059364703
28	32	-0.017676500327824293
28	35	-0.0191301750897181
1	16	-0.0192508525581625
16	34	-0.020701895083443903