#==========================================================================
# The first and second rows contain site pairs (i, j) such that j > i
# The third row contains coevolutionary scores obtained 
# using mean-field DCA (mfDCA) algorithm.
# Note that in this data sites are counted/labelled starting from 1
#==========================================================================
21	44	0.5573591134755489
22	43	0.5158916878959955
19	46	0.5129607004552523
18	47	0.4837945722732989
20	45	0.4799281877613003
23	42	0.40632661430220424
34	62	0.39256577788914765
4	71	0.322957761693446
36	60	0.3166967272128778
24	41	0.29123615316488083
5	70	0.2899756752307686
17	48	0.2871244763781474
9	53	0.2844782343804932
38	58	0.2713032852821243
8	54	0.1958312592771723
3	72	0.16597885382930608
31	63	0.14852669787299974
37	59	0.09426458293608354
6	69	0.0805733386791562
16	49	0.06448766552473548
7	68	0.05184569011662911
2	73	0.04314306794095002
73	74	0.03840834746773458
1	74	0.037516904062031675
10	52	0.03718391891858409
35	61	0.03550367353091853
28	39	0.031048053695849908
64	67	0.03097836794526152
67	68	0.022707572067307336
32	33	0.021524765731519447
26	27	0.01968824391083998
11	12	0.019282400291882277
56	62	0.01778739392489058
25	40	0.016799363311967627
71	72	0.014731589420069562
39	40	0.014387014767110155
35	37	0.013321801735175703
38	39	0.012977723880635672
72	73	0.012536292016500679
32	35	0.011275144255693408
33	35	0.010941490823799754
29	30	0.010769188088361211
14	15	0.010470400512237505
37	38	0.010341599286874868
25	26	0.010323839995367515
37	39	0.009940276566244476
32	37	0.009902998559227109
33	37	0.009611886597871634
9	52	0.008817385825941573
31	33	0.008599796366179257
31	32	0.008496014857760407
38	40	0.008236261505808046
25	39	0.00809290952549656
52	53	0.007788353092922123
55	57	0.007366345592957786
61	69	0.00705571901849438
51	65	0.007035258674557416
74	75	0.006956909986517265
55	56	0.00692954651862345
15	51	0.006711512002107851
61	66	0.0066822852121437085
34	56	0.006575584359383169
37	40	0.006569383319661429
25	41	0.006557571318109575
16	40	0.0064324414242776405
15	50	0.006430127964301599
25	29	0.006400894214859301
15	65	0.006399922294672241
14	69	0.006380576002214916
9	10	0.00629978182867847
14	51	0.006238865083760935
51	66	0.006224049704821411
30	40	0.006036635393456221
29	40	0.005975973650604577
56	74	0.005924366946191685
11	68	0.005923692058199811
14	65	0.005911262891545036
65	66	0.0058838091714177605
31	35	0.005765853425334326
36	37	0.005746061176000639
1	73	0.005650678781151962
2	8	0.005645931491315285
50	55	0.005630264272361711
26	40	0.005590964455505134
49	50	0.005582380243291609
30	36	0.0055273304319942386
15	66	0.005523490920276064
12	56	0.005505806903982699
35	36	0.005357057265886595
64	68	0.005357036518358938
31	38	0.005349166648513438
14	66	0.005348126841536087
56	61	0.005226504252897852
30	32	0.005188451816422371
13	49	0.0050650726701225255
30	35	0.005060344278695754
30	33	0.005058202724588585
35	38	0.005048329197504835
25	28	0.004995359919252755
29	32	0.004985660088310845
59	61	0.0049320793188470345
51	61	0.004910568711036931
27	40	0.004898724921343484
32	39	0.004771693905189147
29	33	0.004713590724479615
28	32	0.004706138405249259
14	50	0.0047042757445250535
26	75	0.004690323871231359
16	26	0.004670073146015839
16	48	0.004628526508339346
1	6	0.00459655698181346
66	69	0.004594347549679728
24	40	0.004585113426124753
29	39	0.0045816742345406985
35	40	0.004533775258938321
30	39	0.004506707161389723
35	39	0.004475857766866483
55	62	0.004468440147767817
29	35	0.004437577145079466
25	27	0.004434441672958929
33	39	0.004422663456806937
50	65	0.004396368184949475
7	16	0.0043947159304821865
28	33	0.004382492451442775
66	67	0.004366915930835083
57	65	0.00436019747028424
61	65	0.004342738280760602
64	66	0.004318700506574738
32	36	0.004289948007389199
50	56	0.00426462280884203
13	63	0.0042515147071543
33	36	0.004246281951634436
30	37	0.00424264585670121
2	75	0.004160561558844693
7	67	0.00410788589124527
51	59	0.004100174964684713
15	61	0.0040986043793226285
27	30	0.004079659664059135
31	37	0.00401905905692251
51	55	0.003982399666957014
28	29	0.003979534696441876
13	73	0.003966744694596465
29	37	0.0039568511529318
33	38	0.0039338997632424304
29	31	0.0039260545485358105
30	31	0.003912920904054666
32	40	0.003884204556094746
33	40	0.003871046148094453
49	57	0.0038539761053591765
52	59	0.003841926935700576
64	65	0.0037967369517646994
59	66	0.003771579782549073
29	75	0.003767438206395871
27	57	0.0037513504048039383
14	61	0.003721532285162747
32	38	0.0036648862998817926
2	27	0.0036628373424018998
6	66	0.0036548847708305593
51	52	0.0036482980864235934
65	69	0.0036250513312161446
28	50	0.0036100372986983893
51	57	0.003589885410294472
15	57	0.003589287548738763
10	11	0.0035560342900534895
50	51	0.003555208561350995
28	37	0.0035315754224795074
55	65	0.003507064998242374
31	39	0.0035046039138991987
59	65	0.003500402921458922
10	53	0.0034237957329583007
1	27	0.0034109817083925946
12	13	0.003376796539808294
57	58	0.003360271740076411
2	57	0.0033585038407346023
52	65	0.003356483039326321
51	69	0.00334821790901154
15	59	0.00333939780250339
51	67	0.003336287963093738
32	51	0.0033341136313677273
30	56	0.00331013549648775
16	75	0.00328392640859549
11	13	0.0032807369565419665
28	35	0.0032301872877815905
15	32	0.003223062734049555
33	34	0.0032184161009412944
6	65	0.0032147733682090793
33	51	0.003210563076509748
16	50	0.003181969301517102
68	70	0.003173923474226373
26	72	0.003168783370117137
27	29	0.0031537771777218416
15	55	0.0031522165476491623
15	33	0.0031028336765799584
28	40	0.00305851576081094
32	65	0.003048806198316493
27	28	0.0030473731169111413
6	61	0.0030432422930462876
17	68	0.0030357922838541935
12	49	0.0030355475691785337
15	67	0.003030201712615045
51	64	0.0030209375121329545
11	73	0.0030116148704414343
11	55	0.0030083974177553497
14	55	0.002997819672820847
15	69	0.002992308601909641
33	65	0.002972662584973902
63	66	0.002966038824744671
36	39	0.002961521497072966
14	52	0.0029580157171247047
65	67	0.002957970339256352
6	56	0.002946651229645768
15	52	0.002943397242811418
10	28	0.0029307108087203966
14	59	0.002910778282653444
29	56	0.002896709045743615
55	66	0.0028633671127663925
11	54	0.0028462628709064715
39	50	0.0028403656716479517
14	33	0.0028325494642077714
32	34	0.002828603060523768
12	50	0.0027902622022188016
14	32	0.0027755895624768604
28	30	0.002740384505615736
56	75	0.0027248894116121566
15	64	0.002723676042399848
52	66	0.002689829055928394
57	66	0.002684675440752387
29	70	0.0026799775751167993
16	25	0.0026724904551081443
35	66	0.002661489420701273
34	35	0.002617902953868538
50	52	0.0026141397443568467
7	52	0.002613985944622982
29	34	0.0026104287808137814
32	66	0.002575251114694482
36	40	0.0025751480064107905
13	58	0.002552387409244374
23	27	0.0025479645412455447
50	66	0.002539308268379666
27	56	0.002523046273090546
14	67	0.002489401169221359
27	55	0.002485668051681875
16	57	0.0024545929533522776
32	64	0.0024261715182626346
26	41	0.0024147695294410455
33	66	0.00241236271060106
25	58	0.002401037879320075
10	67	0.002398281351023059
11	50	0.002389702538603945
2	25	0.0023540462371555567
1	13	0.002353058709172789
57	64	0.002352218500100379
52	64	0.002344175399914804
50	57	0.0023423339515649903
40	58	0.0023422548487915416
25	30	0.0023118608763544306
1	64	0.002308233219275203
29	50	0.0023015458232648603
6	51	0.002295982084854477
52	67	0.002288226373972437
13	26	0.0022499394751747635
14	64	0.002248712486085374
12	75	0.0022365333313324968
11	27	0.002205411845800331
30	75	0.002195557018661024
16	17	0.002195061585969124
13	25	0.0021872203144666885
33	64	0.00218525776793382
10	14	0.0021797671098576967
1	30	0.0021708202785099117
26	28	0.002121024967695161
10	61	0.00211874659543536
49	75	0.002107855763124491
25	52	0.00210054553471063
16	35	0.0020935317862921725
6	15	0.0020922954914894256
14	16	0.0020874036794134598
3	4	0.0020789041142751903
57	74	0.002076234184134755
27	33	0.0020721115260412173
30	55	0.0020678016759187587
10	13	0.002055529793848571
52	69	0.0020343390440984233
35	65	0.0020203558400801
7	75	0.0020033829234585914
29	36	0.0019837796450464717
31	40	0.001981866626934245
26	39	0.0019740824916991266
11	26	0.0019563572975014216
13	56	0.0019406366035290333
30	38	0.0019304029807128958
13	30	0.0019038716752088954
2	16	0.001842325172266515
14	57	0.0018327526299280147
2	3	0.0018279086156216067
48	49	0.0018204290931925736
6	11	0.001796721056981347
57	61	0.0017872725519756942
10	66	0.0017812040279703684
72	75	0.0017532834263627164
68	73	0.0017493826891906588
51	63	0.0017311311681332082
10	39	0.0017114468899518266
29	68	0.0017067300879684646
31	75	0.0016973836565236143
29	38	0.001693909524627518
11	25	0.001687121711804125
28	31	0.0016721700182126434
2	11	0.0016617757045837961
55	61	0.0016505067701528683
7	65	0.00164921361679202
26	30	0.0016196707305535473
50	59	0.0016086116312163912
1	16	0.0015904166692885615
30	34	0.0015812172292193252
2	64	0.0015811144081814116
56	72	0.001579581715179593
69	74	0.0015763432778742505
63	65	0.0015753328408188183
61	64	0.0015746347255314866
6	14	0.0015734886888435922
2	28	0.0015534679327633102
29	73	0.0015476901863550594
28	38	0.0015316343157742041
56	57	0.00152555507438593
27	35	0.001524817118558776
29	72	0.0015203046546512
10	25	0.001516780115332822
41	52	0.0014947475186325586
39	57	0.0014942282508419733
2	26	0.0014915313191354114
11	75	0.0014809012479240823
1	12	0.0014643734221144035
24	57	0.001458528597528502
35	51	0.0014494588128403237
27	32	0.001442068298843104
7	51	0.0014380740034976103
2	30	0.001437882040403396
31	36	0.0014377145248588071
52	55	0.0014290719599867026
59	67	0.0014069351011816514
3	49	0.0014035094221362052
32	61	0.0013963793545959
68	74	0.0013795107928603312
13	51	0.0013655151822580913
49	55	0.0013617610939353794
55	64	0.001350809484535931
27	39	0.001336098261506865
10	71	0.0013350952929497449
6	67	0.0013338001449353944
6	10	0.0013292341438693861
27	36	0.0013235388918745048
3	29	0.001322915364869206
40	75	0.0013163180702284692
3	39	0.0013150271110624646
10	51	0.001312302143067034
3	48	0.0013002850202606135
29	57	0.0012920620680394212
15	16	0.0012906835849689966
66	68	0.0012817231672484601
56	73	0.0012632735978542545
13	66	0.0012539633489818268
3	13	0.0012528212188394083
50	61	0.0012511297277886012
27	75	0.0012486301914923284
1	26	0.0012436697458765786
11	74	0.0012415516481337995
29	55	0.0012378736890802256
31	66	0.0012263162280453715
39	58	0.0012195746062737337
2	54	0.0012192980935795922
8	12	0.001216305372596062
13	65	0.0012144678517243249
37	65	0.001210856385422975
63	64	0.00120945150794964
17	75	0.0011968506827868533
39	73	0.0011966454508159936
12	74	0.0011896170472626114
26	54	0.001188871567174309
17	74	0.0011860452799314766
6	55	0.0011828688488992164
15	63	0.0011690159374560544
11	29	0.0011686947521967733
1	55	0.0011674836950443064
27	60	0.0011637071148422038
28	41	0.0011625452551189313
33	61	0.00115717232598981
52	61	0.0011460308679349866
30	73	0.0011357225752136875
13	50	0.001133144376552055
12	58	0.001131679690380747
6	64	0.0011309576814867493
57	68	0.0010997304384638038
30	71	0.0010976875831917136
10	57	0.0010759827387875774
25	49	0.0010645858044923454
28	52	0.0010547347731864854
15	35	0.0010508364651481657
11	40	0.0010483912442536593
32	55	0.0010455183997868226
10	65	0.0010325909768316645
55	69	0.0010244443639523264
63	68	0.001016586864241695
29	48	0.0010160285228870839
14	63	0.0010146903080522705
7	11	0.0010138612585402333
27	74	0.0010130110776249658
10	59	0.0010119574292665713
55	59	0.0010095097497006915
16	73	0.0010081627341436104
1	54	0.0010054276423007067
49	63	0.0010044071168354334
12	30	0.0009802565104758704
34	39	0.0009791536291440996
12	29	0.000976542766868031
1	68	0.0009764361936731693
73	75	0.0009643000312444397
27	52	0.0009600322461033334
49	61	0.000957282711941151
8	67	0.000954531683026854
8	27	0.0009472042032952514
67	70	0.0009358605037153266
7	15	0.0009335488323596861
7	72	0.000925509575793221
9	57	0.000913155664952993
11	59	0.0009099661874437911
54	55	0.000907915342903911
1	2	0.0009051600397705286
1	48	0.0009006782210125176
26	50	0.0008933919095732946
61	67	0.0008923576554525185
33	50	0.0008888525298174604
10	15	0.0008869241989750757
11	38	0.0008843917479601344
35	56	0.0008796896213091058
1	3	0.000869819571590328
69	75	0.0008692125937786602
57	67	0.0008685824804549516
30	74	0.0008619457027287548
6	32	0.0008582311052456216
28	49	0.0008554778818943873
2	69	0.0008482484454341258
40	68	0.0008437575337418516
28	34	0.0008406530702230706
29	49	0.0008325701335994474
28	51	0.000829413022329675
7	25	0.0008290782946764859
55	67	0.000826969485282072
12	55	0.0008207183531110656
25	38	0.0008196190282603365
2	40	0.0008184143909384816
41	75	0.0008095079380360018
2	13	0.0008069382624788621
26	29	0.0008032774902530324
28	56	0.000802235633801576
6	33	0.0008014374287747981
61	63	0.0007973480911170339
32	50	0.0007938139814209133
10	12	0.0007884541529643121
40	57	0.0007883895934892712
11	64	0.0007849657872750066
13	16	0.0007751870605567967
10	64	0.0007710640944488083
37	52	0.0007699197117729184
32	67	0.0007665186702990935
13	64	0.0007656937248892884
25	75	0.0007632336085452757
16	55	0.0007539225444057607
1	10	0.0007522788462927575
58	63	0.0007407511834019546
10	75	0.0007396824416033441
10	56	0.0007273293523614598
57	59	0.000721893162440788
32	52	0.0007187092176056246
37	57	0.0007172307314192025
32	59	0.0007160511424013497
33	55	0.0007157860828528591
13	31	0.0007123111540620528
12	66	0.0007044720044689201
3	63	0.000699562206520051
6	59	0.0006995226092815329
16	27	0.0006934613381139006
12	26	0.0006927408396043765
37	51	0.0006879585851885645
2	41	0.0006876165818329289
2	50	0.0006863962438849122
8	75	0.0006807648335552577
13	74	0.0006771816797005626
12	67	0.0006769183292933464
7	64	0.0006764738834525183
23	26	0.0006682656204028831
6	73	0.0006664931358736879
13	69	0.0006465982580615632
2	74	0.0006422918211726465
12	27	0.0006420863646369691
28	65	0.0006400945782175005
13	59	0.0006386625800467388
57	70	0.0006379559702010622
33	67	0.0006269890421303937
14	28	0.0006259482638921647
26	56	0.0006225600311360721
57	75	0.0006195439224091555
56	66	0.0006180842907756948
7	48	0.000617427203475573
55	73	0.0006152924396709912
14	35	0.0006050266626431205
40	61	0.0005984504752175692
11	17	0.0005942706542194807
35	73	0.0005880496278353065
39	54	0.0005814813752830603
10	55	0.0005756372666461463
37	66	0.0005755489094232571
10	50	0.0005671675688443784
13	27	0.0005615852276446124
8	13	0.0005567238951653228
1	37	0.0005545716984490996
16	29	0.0005545365021703609
50	67	0.000547702535039872
12	40	0.0005472777248517447
7	12	0.0005462293164257201
13	15	0.000536585700205898
49	68	0.0005351934830365389
12	28	0.0005322745942795777
7	13	0.0005299721243857271
49	66	0.0005241549736270334
7	30	0.0005236071331699147
39	59	0.0005220644695456732
35	69	0.0005178074028936073
8	40	0.0005151287319735132
28	75	0.0005133731095523966
33	59	0.0005125799020630783
12	14	0.0005122598666625928
12	68	0.0005116115585927638
7	50	0.0004980085702996698
70	75	0.0004968878341998053
5	14	0.0004957113862740035
35	59	0.0004944686364496626
49	73	0.0004883905384945363
63	74	0.0004825728381134312
34	37	0.0004758893561452246
30	68	0.00047586622085054545
40	74	0.0004692802268563539
30	49	0.00046859706257581157
1	7	0.00046656276393334324
56	68	0.0004578220391861813
61	75	0.00045677803820352554
3	75	0.00045282965035271837
64	75	0.0004415552347815199
1	72	0.00044107979493327116
2	12	0.00043276640220374927
13	75	0.0004277007463507959
11	67	0.0004273932163247165
13	22	0.0004216955855712058
1	56	0.00041904675311678265
12	35	0.00041204866263082254
26	48	0.00040907801513956604
18	26	0.00040780753369113257
23	73	0.0004055299351344169
12	51	0.0004045781097271675
2	61	0.0004025975958658371
7	59	0.0004007506079388044
28	74	0.0003916848329164617
48	55	0.0003901035215236816
11	69	0.000389167075845606
52	57	0.00036950506606911156
35	50	0.00036702089314101776
41	56	0.0003621633707950574
1	25	0.00035661348414726046
30	58	0.0003563172792636158
15	28	0.0003537953643278765
4	7	0.00034310069884193294
6	52	0.0003347012137764464
49	52	0.00032900218941001144
12	15	0.0003168187042535645
32	56	0.0003124542183135584
25	54	0.00030821190720683924
1	49	0.00030432033344665447
15	37	0.00029810064963851327
33	63	0.00029309303645823
26	49	0.0002929271892624036
4	11	0.00029130173256762624
7	66	0.0002860414088224051
34	55	0.00027651268061787155
9	27	0.0002654235057198812
9	15	0.00026435419902998527
12	73	0.0002639570498249109
33	52	0.0002620697776283983
32	63	0.0002614132978052035
2	39	0.0002601883979401918
1	28	0.0002530062179305981
11	30	0.0002476170358224096
25	50	0.00023787402237564876
49	51	0.00023710295548493303
12	65	0.0002349944327972957
4	74	0.00023336474572721849
63	67	0.00023198406579098786
56	65	0.00023033859770018477
10	69	0.00022994460610930938
50	69	0.0002291612203546324
32	69	0.00022635547913429617
25	59	0.00022633210718211658
54	75	0.0002257257558896616
57	63	0.00022435715268233065
50	72	0.0002241625122613171
27	41	0.0002146748593177478
62	74	0.0002142901725897886
12	25	0.00021208403128867106
49	54	0.0002115774053301914
33	56	0.00020689559962643197
55	75	0.00020286048055503676
7	49	0.00020194532249147908
8	16	0.00020117818684327153
16	61	0.00019750662851976864
49	65	0.00019732595442019016
13	33	0.00019087448539009417
26	45	0.00018439055606077944
25	56	0.0001832206358341527
27	50	0.00016966385727686453
30	60	0.00016933620626306345
67	75	0.0001685208226105564
24	39	0.00016162076200960766
7	14	0.0001571545677005045
13	67	0.00015383935131666154
12	64	0.00014787156165678049
10	33	0.00014778837743932463
13	29	0.00014672295149545877
3	7	0.00014185502169863614
11	65	0.0001362202483489389
66	75	0.000135510196070108
6	68	0.00013541607795049563
11	56	0.0001347317919496503
26	37	0.00013420186897870152
2	7	0.00013134519622306877
12	32	0.00012811339900361033
2	17	0.00012606179022612912
50	68	0.00012494482056475144
11	28	0.0001244689825656473
13	55	0.00012142165989017075
2	68	0.00011870164712239617
57	69	0.00011792794575679307
15	68	0.00011589303970224057
13	71	0.0001155428024080707
54	64	0.00011037139580804666
27	31	0.00011011408258592261
5	6	0.00010597565832175986
64	74	0.00010022951038244341
6	13	9.99022279688773e-05
49	64	8.716253332298062e-05
11	37	8.138798836830564e-05
28	68	7.41112729620427e-05
59	69	7.39147731332458e-05
28	66	7.276645614630014e-05
11	51	7.273230578829686e-05
11	16	6.71906890577828e-05
24	25	5.873498858349063e-05
72	74	5.7275129845182644e-05
51	56	5.582611182818596e-05
50	64	5.5617784484995186e-05
11	66	5.402954874184291e-05
12	16	5.263991114885444e-05
11	31	5.122420523426957e-05
13	24	5.1029037674234137e-05
16	74	4.970497332113747e-05
13	61	4.9581062080576504e-05
8	74	4.9343269179277695e-05
1	59	4.8957378529219334e-05
13	14	4.6471867791793254e-05
13	52	4.520729837203304e-05
25	74	4.2052943872357765e-05
6	7	4.1221493177148565e-05
11	57	3.0049352888265792e-05
11	72	2.922977065161368e-05
26	55	2.857131094155356e-05
25	69	2.7373240615193375e-05
49	69	2.6136093943609356e-05
6	63	1.2787575713377793e-05
24	26	1.197351915677115e-05
8	25	1.116707688725337e-05
2	67	8.611791794733243e-06
63	69	3.9536130956008796e-06
16	69	2.2123707364100215e-06
56	67	1.3127332790694671e-06
25	68	-7.949435555949097e-07
2	49	-1.508531839016945e-06
33	69	-9.818856230716733e-06
7	26	-9.993534629431245e-06
1	50	-1.1754111392138673e-05
31	51	-1.2001115116673771e-05
11	14	-1.476576422963869e-05
30	57	-1.5233343232160922e-05
34	64	-2.2334138408261137e-05
8	68	-2.2585678086247188e-05
24	28	-2.2754768029144886e-05
5	68	-2.520807686397751e-05
2	70	-2.741049274069011e-05
59	64	-3.0470136040147353e-05
27	54	-4.350162385077967e-05
12	48	-5.1729426648477756e-05
1	15	-5.4283761464157376e-05
3	50	-5.5839427936436956e-05
15	53	-5.621589315720063e-05
1	58	-5.648127677611043e-05
30	67	-5.919788180272869e-05
11	15	-6.0767114244967635e-05
2	66	-6.812181601302514e-05
13	28	-7.704889290576248e-05
8	29	-9.179086880476122e-05
1	17	-9.823431136258024e-05
50	63	-9.909999086151421e-05
12	33	-0.00010214897991901533
50	75	-0.00011908273034959174
6	50	-0.00012199193369111065
68	69	-0.00012882046935822978
25	73	-0.00013344147347973088
56	58	-0.00013703361990959973
12	17	-0.0001433669534269509
14	56	-0.00014601040036251096
13	40	-0.00015429287416716844
7	60	-0.0001549321854646627
5	67	-0.00015720746686822976
27	37	-0.00015742755144696743
6	75	-0.00015982545652710924
51	68	-0.0001632278330074065
26	67	-0.00016672064969094663
7	10	-0.00017486038246562708
14	37	-0.00017538243435838386
40	56	-0.00017678490283846082
7	45	-0.0001773106079400828
11	49	-0.0001797452449337567
31	65	-0.00018029606772525155
16	56	-0.00018402095883790145
8	30	-0.00018947863784446939
65	68	-0.00019129428600993454
35	75	-0.00019428054195711245
1	14	-0.00020887488273335425
1	63	-0.00020888162923002242
11	52	-0.0002106026187880573
1	57	-0.00021517051418121973
12	72	-0.0002177025567073011
15	56	-0.00021930397016863804
10	49	-0.00022119184596613994
28	55	-0.00022162208349284966
5	12	-0.0002240507092754365
25	37	-0.00023586187317170808
49	59	-0.00023693159124341676
15	25	-0.00024021741923131094
15	26	-0.00024179445013524314
12	57	-0.00025065702312880513
2	56	-0.00025085531045425684
12	63	-0.00025310809026977315
14	39	-0.00026100042643772167
1	75	-0.00026566907705932773
1	39	-0.0002779085817872658
8	10	-0.00027923792963747236
66	74	-0.00027924299052938906
15	31	-0.0002795886948247675
17	29	-0.0002830856626263303
1	51	-0.0002844881559000284
7	61	-0.00028503668350390084
10	74	-0.0002873113223295107
28	36	-0.00028776631916556036
64	72	-0.0002913615569757758
26	70	-0.0002986081288958477
55	63	-0.00029879659575290235
3	57	-0.00030335480354416874
1	66	-0.000303526892304902
61	68	-0.0003095790575565842
13	68	-0.00031177880814553006
26	73	-0.00031485874053692334
50	74	-0.0003169942795530304
13	57	-0.00032054780641914936
32	57	-0.0003240420018440465
26	57	-0.0003262684736689157
41	68	-0.0003278186163102534
6	57	-0.00032900041836477086
63	75	-0.0003291565555790417
10	27	-0.000332685477172647
1	35	-0.0003339149292787612
14	54	-0.0003344429928297081
38	59	-0.0003358373301310712
1	65	-0.0003427466239069927
48	75	-0.0003449990431695989
2	10	-0.00034603962456056757
13	39	-0.0003507004765322943
1	4	-0.0003531824791031652
26	42	-0.0003549012712355179
6	49	-0.0003597983895608529
26	35	-0.0003604411604347672
7	56	-0.0003612762292579397
12	61	-0.00036662334501647107
49	67	-0.0003670708614722468
1	11	-0.00036765029963673184
30	72	-0.00037429069994684896
2	65	-0.00037429123231428295
2	51	-0.0003762854021179754
58	65	-0.00038300006976996117
14	25	-0.0003860466055219721
71	75	-0.0003867179086594003
5	15	-0.000387466850483961
56	64	-0.00038753370037960546
13	32	-0.0003882245051517498
12	52	-0.0003924578593766635
14	75	-0.00039313261564239495
12	69	-0.0003953498042933935
1	40	-0.00039897864839631616
6	26	-0.00040087831286891753
16	64	-0.000401185085604205
8	61	-0.0004032681056293937
40	50	-0.00040493930996095577
15	49	-0.00040779072031247774
15	74	-0.0004083927381739558
67	73	-0.000410918632721146
40	64	-0.00041196258470193583
17	56	-0.0004132506818150337
33	57	-0.00041412121946552164
34	40	-0.000415264209878672
6	12	-0.00041927261214610707
2	15	-0.00042004612812678954
14	68	-0.0004235418422074955
7	57	-0.00042371743000996437
42	49	-0.00042442494272937597
52	73	-0.0004255852411229051
55	60	-0.0004320001625222822
25	35	-0.0004410264185079364
14	58	-0.00044411401337875927
26	74	-0.00044529782230414523
11	61	-0.0004479449304704336
51	75	-0.00046041181665229763
15	29	-0.0004610574486413458
5	61	-0.00046123188706000823
54	69	-0.0004647025655002807
7	32	-0.0004689976767205396
3	68	-0.0004709247070337169
10	73	-0.0004712004758759265
65	75	-0.0004769486133195408
1	29	-0.0004774456766107856
48	74	-0.00047909483162029715
19	30	-0.000479791570253291
10	62	-0.0004828925152108865
28	69	-0.0004852829415306929
25	32	-0.00048546222294819016
29	67	-0.0004913860098281976
14	74	-0.0005024407470555785
16	59	-0.0005052535854787913
29	66	-0.0005075474834744047
26	33	-0.0005091636740923108
12	42	-0.0005099352347796415
10	68	-0.0005127393639030604
12	41	-0.0005127919650564309
24	74	-0.0005159161327097676
26	32	-0.0005198758144415534
35	55	-0.0005248728131507181
27	38	-0.0005256991550451149
3	73	-0.0005286559443905864
13	53	-0.0005293390406154656
67	69	-0.0005295055888511692
27	73	-0.000533322952079654
13	72	-0.0005373082652628219
14	53	-0.0005373780458465837
6	29	-0.0005424227582018655
26	65	-0.0005433878651629382
5	7	-0.0005468756480048829
17	26	-0.0005477941870192463
2	14	-0.0005544657840497221
26	69	-0.0005577460382133977
4	64	-0.0005584796715540755
17	28	-0.0005601626312049146
59	75	-0.0005646046318899447
30	69	-0.0005677183893220783
2	55	-0.0005683435903320941
16	63	-0.0005684671541792657
13	35	-0.0005692088403435598
12	59	-0.0005729624676107843
3	56	-0.0005766849198241405
14	31	-0.0005817085790267426
66	70	-0.0005855041994080432
50	73	-0.000585668382286316
17	64	-0.0005870961032370561
54	67	-0.0005893077668826792
15	75	-0.0005920893701564969
48	56	-0.0005929644451643274
5	13	-0.0005935661172952814
30	70	-0.0005971724603549763
54	56	-0.0006013508647857864
68	75	-0.0006016656023584502
14	73	-0.0006020963739870879
26	68	-0.0006043857874089345
31	64	-0.0006052489805420743
7	8	-0.0006080757802326671
52	68	-0.0006081024444174125
1	69	-0.0006097267142676913
69	70	-0.0006125369601854072
26	64	-0.000613991220464215
26	51	-0.0006152629765738641
27	34	-0.0006164786506633211
16	66	-0.0006173082232416589
11	71	-0.0006179301474263307
1	52	-0.0006188875056655433
14	49	-0.0006213115158924771
27	53	-0.0006223442020075859
51	58	-0.0006252770326898244
9	61	-0.0006290615252793402
29	51	-0.0006346041434415876
60	64	-0.0006373122541737117
52	63	-0.000639857150513394
8	64	-0.0006436168670018252
52	70	-0.0006471187149603231
25	33	-0.0006473134735751744
25	65	-0.00065109259743234
14	26	-0.0006511486668125167
37	67	-0.0006514566689596385
7	28	-0.0006521849961256328
10	41	-0.0006551521005788269
52	75	-0.0006576659477528727
10	32	-0.0006579045562194426
54	57	-0.0006603541568557659
3	14	-0.000660381644897129
10	54	-0.0006666243555688333
27	42	-0.0006694401891979085
2	29	-0.0006725348685496554
7	58	-0.0006744039919012396
25	51	-0.0006746918883592725
15	54	-0.0006752933052543426
29	42	-0.0006762009428996248
28	61	-0.0006812176238642698
2	4	-0.0006815293461661233
55	72	-0.0006821872903574925
49	56	-0.0006861958367301827
28	64	-0.0006877772518097546
64	69	-0.0006879974449636654
11	32	-0.0006885534779494348
5	75	-0.000691884470880812
1	67	-0.0006921853819551961
7	27	-0.0006940319907793526
4	57	-0.0006947618812887229
25	53	-0.0006957555883525379
4	29	-0.0006976392592972398
2	6	-0.0007009801930899751
56	69	-0.0007014369449108195
9	51	-0.0007064941716525418
3	67	-0.0007077156441188492
7	54	-0.0007093482665883383
25	57	-0.0007112574026946364
25	64	-0.0007113530005931181
30	61	-0.000712378258251783
6	35	-0.0007200853809108934
40	49	-0.0007213754389506417
1	42	-0.0007218134340277434
39	56	-0.0007220286541766631
53	66	-0.000732193758971037
15	73	-0.0007322396279090726
55	68	-0.0007403505880928889
60	67	-0.0007405161650227425
51	60	-0.0007414734676691806
35	64	-0.0007422510186863213
28	59	-0.0007440359058895304
16	65	-0.0007441018737388246
35	49	-0.0007486224461500689
29	65	-0.0007495165811491769
9	75	-0.000754276610698009
16	51	-0.0007545203045108
11	33	-0.000759178073667423
49	74	-0.0007604677311466908
26	66	-0.000762518087135721
10	72	-0.0007630326041662841
52	56	-0.000765869263452992
2	52	-0.0007663981787244135
28	73	-0.0007674278998417473
59	73	-0.0007677156337658256
38	57	-0.0007678848697593773
39	74	-0.0007760835159066636
1	61	-0.0007768523408749904
5	64	-0.0007796846428028744
27	68	-0.0007830151952011458
4	69	-0.0007837741548771286
39	72	-0.0007840190837191973
35	52	-0.0007851013747220245
60	65	-0.0007884080708773394
57	60	-0.0007885032417539795
11	41	-0.0007889651173757445
7	17	-0.0007902016590976882
10	40	-0.0007919138072070894
30	65	-0.0007933602547537148
56	63	-0.000793717548777402
41	57	-0.0007954231577579538
13	23	-0.0007956790990683461
12	71	-0.0008031099948443421
30	50	-0.0008153442787738436
16	52	-0.0008171206812055125
45	75	-0.0008184279339945818
14	24	-0.0008213988001999984
71	73	-0.0008252025312016145
13	47	-0.0008311325509510461
3	12	-0.0008356101505207422
13	54	-0.000839771153614683
6	54	-0.0008488076581110969
25	55	-0.000850205484605797
15	60	-0.0008583833724673503
8	73	-0.0008589591637839051
12	47	-0.0008589970524852239
56	59	-0.0008608986584745832
7	33	-0.00086210688481647
12	70	-0.0008625825942877381
49	72	-0.0008626318662426522
9	65	-0.0008646520300405699
28	63	-0.0008663335550786076
7	55	-0.0008678522913324025
37	55	-0.0008688296508047867
3	55	-0.00086948526817182
14	30	-0.0008742843095254176
27	48	-0.0008772522868079752
28	67	-0.0008782878997261601
51	74	-0.0008792860938176283
25	66	-0.0008803433589082388
20	75	-0.0008954404567203468
9	40	-0.0008972426467115883
65	74	-0.0008980817102583439
27	49	-0.0009016642960671662
51	53	-0.0009020524858229396
29	63	-0.0009031931391802811
3	11	-0.0009076856295727551
16	28	-0.0009171965785687432
16	68	-0.0009175755041693832
28	58	-0.0009183651273340855
13	17	-0.0009244078751932845
51	54	-0.000927853556931901
55	58	-0.0009315064073638695
27	51	-0.0009323246448677601
10	63	-0.0009388929827083446
31	74	-0.0009436869248701015
35	67	-0.0009448541455169255
32	75	-0.0009527985530130318
37	61	-0.0009539528370172204
58	59	-0.0009543179979348781
61	74	-0.000955438000202891
11	63	-0.0009556098571968034
53	75	-0.0009577947635841535
42	73	-0.0009579098162959846
59	63	-0.0009591496861093422
35	68	-0.0009648041117203817
15	58	-0.0009682687035924538
12	37	-0.0009682988081144122
64	73	-0.0009717735306412332
14	72	-0.0009726423776996959
52	54	-0.0009726728790022479
6	25	-0.0009757624174007375
53	57	-0.0009780509321405295
16	30	-0.0009788891348007892
61	73	-0.0009842690645863808
14	40	-0.000986465382427919
53	67	-0.000986617460753503
3	6	-0.0009909860021660956
15	40	-0.0009929901152932455
30	52	-0.0009948300320751376
24	29	-0.000995463908356013
1	70	-0.0009964104129253988
12	53	-0.0010017245697216386
6	8	-0.0010060767209183257
51	73	-0.0010065104130839754
19	56	-0.0010069130860507246
26	59	-0.0010069742727798147
53	65	-0.0010090872151327296
24	52	-0.0010116146862529964
5	26	-0.0010127844855792475
30	64	-0.0010142820555049368
33	75	-0.001016111539852244
4	49	-0.0010162276938224745
12	34	-0.0010290669324816513
15	30	-0.0010295366373051177
6	28	-0.0010334910074835807
64	70	-0.0010348706459081215
31	67	-0.0010350735040631086
33	68	-0.0010365934555581803
39	75	-0.0010391725400404374
12	62	-0.0010436100744481112
56	71	-0.0010437889394613602
14	60	-0.0010475971739831245
54	66	-0.0010513365689514924
3	25	-0.0010520465410853055
39	64	-0.0010560427733473858
10	16	-0.0010568765097188188
57	73	-0.0010581065742552096
10	58	-0.0010623053381551822
8	51	-0.001063811366446582
16	67	-0.0010652419894377828
54	65	-0.0010654176582221473
12	39	-0.0010705304339832596
26	61	-0.0010706710455845162
14	29	-0.0010715738015032172
55	74	-0.0010755949809204588
27	65	-0.0010794536541236031
60	66	-0.001081909525060394
24	55	-0.001084611814898475
17	57	-0.0010859422761143084
37	50	-0.0010861575013778918
3	52	-0.0010872583814070516
67	74	-0.0010890297739784205
30	51	-0.0010917595424101906
3	40	-0.0010943544857808713
65	73	-0.0010964679396594898
10	30	-0.0010964719247271494
27	66	-0.001099839658635168
8	65	-0.0011014373983332232
3	51	-0.0011016611201223885
3	65	-0.001101897270732256
26	52	-0.001105739086141666
31	61	-0.001109694780194109
7	40	-0.0011141850516736584
5	51	-0.0011146545010078126
3	28	-0.0011158179027849922
8	57	-0.001120793576888898
58	66	-0.0011220414158908019
39	48	-0.001124802432964739
40	67	-0.0011248779054034376
13	42	-0.0011262394754680714
8	11	-0.0011285969859277656
48	69	-0.0011289551274187614
67	72	-0.0011321834361680979
60	75	-0.0011330267381535345
25	61	-0.0011337283170391175
12	18	-0.0011360354929604941
2	72	-0.001136242479671932
21	75	-0.0011368548940851727
7	63	-0.0011373363900974952
40	55	-0.0011379136294430736
4	6	-0.0011388244328369578
8	55	-0.0011398105318635968
27	69	-0.001140824623755064
39	51	-0.0011419628267119522
54	63	-0.0011437914521644403
10	26	-0.0011525332561294634
30	66	-0.00115766935939359
11	35	-0.001164533898600865
27	61	-0.0011661997569856434
39	65	-0.0011666279217930303
52	74	-0.0011681867092418754
1	32	-0.001169803415667294
5	65	-0.0011713478338690711
3	10	-0.0011719049950885355
9	67	-0.0011719497724686349
10	42	-0.0011729537507482665
25	67	-0.0011731750620293858
40	59	-0.0011766631291592776
12	24	-0.0011768459490492942
28	54	-0.0011921378195081532
2	35	-0.0011980520598575046
1	33	-0.0012008750792346866
9	66	-0.001207034916106493
10	35	-0.0012099877009275044
8	15	-0.0012213677439662106
22	75	-0.001223342130138804
25	46	-0.0012253260284648473
7	70	-0.001226307111567189
11	45	-0.0012263571163458756
2	59	-0.0012277013302366478
32	68	-0.001231870244066945
9	55	-0.0012411347776912014
41	73	-0.0012443808627577114
59	68	-0.0012513914634875978
2	33	-0.0012553239883068188
7	69	-0.0012563311225405743
1	8	-0.0012574307362598876
16	72	-0.001263419278272
27	67	-0.0012667519525425771
17	49	-0.0012708327018089985
1	38	-0.0012742312443277705
61	72	-0.0012742701472377546
13	37	-0.0012772362523985924
39	55	-0.001281407598118475
16	39	-0.001281424998759678
6	74	-0.0012851456233348196
6	16	-0.0012852677480166335
8	14	-0.001289151727934534
8	66	-0.0012894630881889503
38	64	-0.0012908816168772912
52	72	-0.0012942417651459963
3	66	-0.0012975991902169626
2	71	-0.0013006527672029169
7	62	-0.0013033836314844277
26	71	-0.0013047805368925237
2	32	-0.001304902364168047
10	70	-0.0013058812120265465
57	71	-0.0013077059830171717
39	61	-0.0013120020797628177
41	69	-0.0013157301484798397
12	31	-0.0013201691558446713
9	33	-0.0013201924726581188
31	55	-0.0013211635242653908
10	17	-0.001323062240098558
11	39	-0.0013236662404734576
33	73	-0.0013238301488220968
4	10	-0.0013248345109020858
6	30	-0.0013278956158344257
3	61	-0.001330532794900857
2	63	-0.0013310894355010833
9	14	-0.0013319382578395726
29	54	-0.0013348081463128852
48	64	-0.0013387093372268502
29	61	-0.001353024944622563
24	73	-0.0013532041048822815
57	72	-0.0013543161524231964
31	69	-0.0013641590163856899
54	61	-0.0013644106093554887
7	73	-0.0013645314488729115
4	13	-0.0013683521416165217
14	27	-0.0013689214236230981
32	73	-0.0013724812463948915
27	64	-0.0013824495245106357
66	73	-0.0013830027143257588
2	60	-0.0013840106585087057
48	50	-0.0013842495201924674
58	61	-0.0013856786877454413
3	30	-0.0013896769520068135
23	55	-0.0013912529333524157
6	40	-0.0013919887810909832
29	64	-0.0014042139526022797
50	60	-0.001405258116690901
16	33	-0.0014057004237807628
51	70	-0.0014108790853552963
10	23	-0.0014131715328831104
5	50	-0.0014136774932844275
47	50	-0.0014147642393233352
12	54	-0.0014155804527673428
66	72	-0.0014181788644843983
16	46	-0.0014197090570341577
6	31	-0.0014229573841169092
2	38	-0.0014280513699760633
32	49	-0.0014290810894606997
60	69	-0.0014313121831848767
65	70	-0.0014316576709823435
3	26	-0.0014367639829374265
4	55	-0.0014377134507427903
59	72	-0.0014381056282529799
3	64	-0.0014382727308014695
17	50	-0.0014417669481231786
65	72	-0.0014418619898188892
5	57	-0.0014429169296065088
39	52	-0.0014445029797177358
31	50	-0.001447107430650693
53	55	-0.0014483534026988572
40	65	-0.0014484417309599375
1	21	-0.001448504197186339
51	72	-0.0014485119818298958
1	31	-0.0014489021793862075
39	66	-0.0014498530616405868
37	58	-0.0014516563749490574
28	57	-0.0014519909597307
5	55	-0.001455058306479483
52	62	-0.0014603165012301213
30	54	-0.0014618225782368891
9	12	-0.0014624269085746866
7	20	-0.0014657380758192288
5	10	-0.0014671664510017618
7	29	-0.0014680336054270515
39	67	-0.00147261291897094
40	66	-0.0014742443425941663
3	15	-0.0014744143794426074
9	50	-0.001477278545389086
4	68	-0.001479049650602486
50	53	-0.0014857096518189885
24	30	-0.0014865512195799515
8	49	-0.0014870106557441569
30	46	-0.0014889547072593741
5	52	-0.0014892538663442043
32	74	-0.0014965084223516993
25	70	-0.00149728272449837
39	63	-0.001499386658413688
50	54	-0.0015022128349823287
53	61	-0.0015042127612671342
4	61	-0.0015062726989641551
17	61	-0.0015062771783324342
23	50	-0.001507794806827141
16	32	-0.0015113535063296531
34	57	-0.0015123310119783268
5	29	-0.0015163989116193928
24	35	-0.0015203609392567645
39	53	-0.0015222358902853665
9	64	-0.0015227933015889191
40	51	-0.0015236216756362743
33	74	-0.001524236136490715
37	64	-0.0015265556439789192
15	72	-0.001526804016093516
4	40	-0.0015271750822152827
24	27	-0.0015294288594813032
25	31	-0.0015304149303898063
23	49	-0.001532314586994015
39	68	-0.0015334184197073242
21	74	-0.0015345893238141572
29	52	-0.0015350570755096324
54	73	-0.0015361315762122615
1	24	-0.0015367587105682623
7	53	-0.0015381292715823372
58	74	-0.0015418618393103368
35	63	-0.0015449591470244528
9	49	-0.0015454424216571352
29	60	-0.001552898872889905
8	50	-0.0015572225823309207
13	62	-0.0015607231058517115
63	72	-0.0015642294054587819
26	34	-0.0015653109232394678
14	70	-0.0015689707483062551
33	49	-0.001571476923767586
53	64	-0.0015793201925280447
10	29	-0.0015796220399642497
20	26	-0.001585124440247848
15	39	-0.0015852078632219465
25	72	-0.0015860486099788466
60	61	-0.001587541121684707
61	70	-0.0015910776968205457
7	42	-0.0015978283296457251
27	63	-0.0015979866123439
58	75	-0.0015982580084865886
12	22	-0.001603088798180356
16	37	-0.0016035318999832516
24	49	-0.0016047574956440562
5	66	-0.0016053544702521714
9	13	-0.0016136033512757985
1	34	-0.0016136244625927542
29	74	-0.0016142247241387752
8	28	-0.001617880584550575
6	27	-0.0016232199330124821
62	64	-0.00162758303707107
9	25	-0.0016317062735699693
8	33	-0.0016320297376751544
10	24	-0.0016548548311327875
13	41	-0.0016551845330809143
24	50	-0.0016558473823051162
44	75	-0.0016620304938471109
15	17	-0.0016631114544602358
31	49	-0.0016675455432869526
54	74	-0.0016684756472646872
38	75	-0.001671024116715525
52	58	-0.0016718803771286375
6	72	-0.001676970197720076
4	25	-0.0016773576411670908
9	26	-0.001681201958549481
6	24	-0.0016875675720457164
17	66	-0.0016983185788700316
35	57	-0.0017004807656526367
17	55	-0.0017015195706349532
31	68	-0.0017022408690778711
20	74	-0.0017024829360164188
15	27	-0.0017056421767145692
5	72	-0.00170589374430291
8	26	-0.001707494864801013
1	5	-0.0017080378279607173
48	51	-0.0017086350290247243
40	54	-0.001715640963260772
68	71	-0.0017244835977843391
5	59	-0.0017304158810930183
8	32	-0.0017320449692919556
53	73	-0.0017329037883649112
29	59	-0.0017343759927977644
17	30	-0.0017346978296899221
3	35	-0.0017355636102655671
50	70	-0.001736725579093353
37	75	-0.0017376210995856218
7	35	-0.0017439063718474941
9	11	-0.0017542643888532293
10	38	-0.001754638586954882
10	37	-0.0017579291299253867
16	70	-0.0017612297575806037
30	63	-0.0017657775591252375
40	73	-0.0017757022448929127
39	41	-0.0017770900436706646
11	53	-0.0017776237383612312
11	48	-0.001777658506798554
17	67	-0.0017807201782207545
7	37	-0.0017810540038021982
13	70	-0.0017815416976699554
24	32	-0.0017834125530362679
8	56	-0.001786210651229293
48	65	-0.0017923226925950632
25	62	-0.0018059586995803718
26	47	-0.0018087647912819879
41	50	-0.001809469100353247
40	52	-0.0018106738026332234
5	11	-0.0018186860479614884
14	17	-0.0018218365801704601
54	68	-0.0018232013063307568
2	19	-0.0018232048244364767
25	44	-0.0018318144868204964
5	27	-0.001833930806171112
15	48	-0.0018343715192949855
11	44	-0.001834750312845605
8	52	-0.0018364370731663287
27	70	-0.0018392702790669998
50	58	-0.0018428713358966849
48	57	-0.0018437816567904754
17	25	-0.0018467248344943331
30	53	-0.0018471807322737008
47	75	-0.001847807483189889
48	67	-0.0018479880383905087
48	66	-0.0018537819024551203
58	64	-0.0018581039610880519
37	69	-0.0018626084282767602
35	41	-0.0018631674514631791
35	72	-0.0018643956392844613
30	59	-0.0018705367888565412
27	46	-0.00187831938455233
8	69	-0.0018852336665067368
13	60	-0.0018861653349340497
31	34	-0.0018864585881834348
24	51	-0.0018873348694991223
3	27	-0.0018873747306466563
36	38	-0.0018876276944622466
9	32	-0.0018923239495996658
7	9	-0.001893552629605791
19	64	-0.0018958682334762967
29	69	-0.0018967601895306348
38	63	-0.001898823509092196
33	53	-0.0019042055745181643
11	58	-0.0019091996766974876
4	16	-0.001913016574690088
3	59	-0.0019143459011396985
39	49	-0.0019155227893960431
31	56	-0.0019203880887722266
37	56	-0.00192592258313004
4	75	-0.001928242220195369
24	65	-0.0019307162980377029
23	64	-0.001933462414075065
11	24	-0.0019360584952218274
15	70	-0.0019403561246777298
42	50	-0.0019427425013089448
32	54	-0.001944011084552293
24	33	-0.0019503435085819081
17	51	-0.0019526892081717538
27	71	-0.0019528289785342363
70	74	-0.001953595285269903
25	42	-0.001956478759004244
59	74	-0.0019577675990110717
65	71	-0.001958223335613317
8	59	-0.0019638910487884877
40	41	-0.0019653139542091976
24	75	-0.001965317987270003
39	69	-0.001967390292388536
16	31	-0.001972077078682467
55	70	-0.0019756253205836707
26	63	-0.0019779883997140596
2	58	-0.001982567659928427
32	41	-0.0019835089609593357
14	48	-0.001983558161788114
62	75	-0.001984409644191206
26	31	-0.001984878231199903
13	44	-0.0019877575531994838
16	53	-0.0019963941269279485
51	62	-0.0019975998608993415
45	74	-0.0020013312038730377
17	65	-0.0020047303690007927
23	75	-0.002009873228307318
46	50	-0.0020137259953980115
41	55	-0.002018852529585234
51	71	-0.0020194341205350976
6	37	-0.002019503534236567
3	69	-0.0020261515071455525
4	14	-0.002028161854507318
7	43	-0.0020297706840188582
4	27	-0.002033834628994391
24	64	-0.0020342934501486236
31	70	-0.002035844417903062
12	20	-0.002042687765709214
68	72	-0.0020433687628772946
40	72	-0.0020437140534137043
10	31	-0.002044009831776024
13	48	-0.0020462456625140466
28	48	-0.002048284336603355
4	65	-0.00204861145756253
67	71	-0.0020487622697587973
25	47	-0.0020591894898649935
2	43	-0.0020632270009557467
33	54	-0.0020634813380312313
36	67	-0.002067336239363505
56	70	-0.002069659798604788
36	55	-0.0020698953031000177
6	39	-0.0020709069108314645
30	41	-0.0020719365882639713
69	73	-0.0020823206338066325
52	60	-0.0020826191724554054
42	55	-0.0020835818430482876
11	70	-0.0020869187229997834
2	31	-0.0020869904624123267
29	41	-0.002087083631509077
31	52	-0.0020879063077162644
4	51	-0.0020886877296014744
4	15	-0.0020938763766379332
24	66	-0.002094070997709904
41	49	-0.002095616895986972
15	62	-0.002095873139773246
2	48	-0.00209867019065529
25	71	-0.002099886260043556
60	63	-0.0021014568503067896
27	59	-0.0021054789000472685
14	41	-0.002107671145659109
6	41	-0.0021129397767078823
4	72	-0.002119029859677749
40	43	-0.0021202804122411644
8	48	-0.0021215521335440878
18	75	-0.0021221681418619014
25	60	-0.002130630551320631
4	28	-0.0021399349793235463
7	36	-0.0021442230319632413
2	37	-0.0021481910581999247
28	72	-0.002150572295270885
10	60	-0.002155189803625665
62	65	-0.002158471618857941
23	67	-0.0021584919222649573
15	24	-0.0021605765573582928
13	19	-0.0021676202235145735
16	41	-0.0021743552673301435
15	71	-0.002174892843838352
40	42	-0.002179857438055185
33	41	-0.0021870248028966663
24	67	-0.00218917315026905
27	72	-0.002189411839651111
9	35	-0.002196527073056236
41	51	-0.0021999758817359415
41	65	-0.002201214637273778
37	49	-0.0022044671733316033
43	74	-0.002208756193694512
9	16	-0.0022097241566422176
8	39	-0.002209848236874201
7	41	-0.0022119070417271325
35	74	-0.002217265676182253
7	31	-0.0022175170277826933
37	73	-0.0022219328789590694
18	50	-0.0022224148320478644
16	58	-0.002231175851256352
69	72	-0.002239055396996624
11	21	-0.0022395138969251408
1	9	-0.0022398432045527767
25	63	-0.0022399793195967722
31	58	-0.002240174965755116
41	66	-0.0022423646432744343
2	5	-0.0022428337429928344
42	57	-0.0022462382754500788
35	70	-0.002248910929832551
36	51	-0.002253140730472882
11	22	-0.0022541763250663255
62	66	-0.002254991693221374
14	20	-0.0022559238253981174
3	33	-0.002256979313866503
4	50	-0.0022608462164317097
38	51	-0.002261448898169043
23	74	-0.002267819738125982
24	56	-0.002270251608297967
17	27	-0.002271294197604234
40	69	-0.002271445079626719
14	62	-0.002274071741423934
37	68	-0.0022769959799137643
38	65	-0.002278051536102657
14	38	-0.0022808416206254157
48	52	-0.002283600056259271
11	60	-0.0022840701697561102
57	62	-0.0022878812158208376
3	32	-0.002288847872185678
36	65	-0.002291843638015681
31	57	-0.002292455652995807
6	17	-0.002293037451959202
32	53	-0.002293426907459672
2	34	-0.0022935536419210205
12	60	-0.0022952280417289483
15	36	-0.0022995770759902806
26	46	-0.0023028143208146316
15	38	-0.0023192440260732345
45	55	-0.0023263414938712763
48	61	-0.0023277373008114433
11	42	-0.0023284541766037028
22	27	-0.002332931114357954
4	66	-0.0023383857857935324
6	60	-0.0023393327395600204
2	9	-0.0023405242352257066
3	71	-0.002345015912937962
16	54	-0.002347911679979147
37	63	-0.002351721122982817
54	59	-0.002353040837889225
13	36	-0.002354966656876567
2	24	-0.0023563339606712777
38	66	-0.0023589068076434825
36	64	-0.0023659652040187032
33	72	-0.002366473604976449
17	69	-0.0023693617260425104
15	41	-0.002371466435954897
2	53	-0.002371864699703963
26	58	-0.0023731794723961404
46	64	-0.0023732775525880153
5	49	-0.0023733819845953336
1	53	-0.002376789347801947
19	50	-0.0023776839531706685
1	36	-0.0023782470890060096
7	24	-0.002378320356487486
13	18	-0.0023783732016304728
14	71	-0.00237939440356213
38	56	-0.0023812346999393464
6	71	-0.0023839822969896644
35	54	-0.0023878009806654293
28	60	-0.002390915868757957
27	58	-0.002394687698602063
66	71	-0.002407967166150602
25	36	-0.002408914885427418
4	52	-0.0024090355068293974
43	50	-0.002411004994662872
14	42	-0.002411919749137831
41	74	-0.0024123147609687746
41	64	-0.0024123876450312513
16	23	-0.0024309011182139994
4	30	-0.0024318021434864105
55	71	-0.0024330049663154095
26	38	-0.0024349385203143144
24	61	-0.0024374543080267932
5	56	-0.0024385125286251162
1	19	-0.0024474381453321254
14	36	-0.002451105940720652
7	39	-0.002455224702589688
3	16	-0.0024579212150632585
47	56	-0.0024590557767440037
5	31	-0.0024632613096125266
58	67	-0.0024685712806664897
42	56	-0.0024699308165051733
18	55	-0.0024719681143328845
53	74	-0.0024726279658480355
15	23	-0.002480152628927647
12	43	-0.0024814474025977853
32	60	-0.0024822886448842892
41	67	-0.0024825204950888855
5	32	-0.002486538733817126
53	56	-0.0024870127632561257
48	68	-0.002488426159497882
61	62	-0.0024918124198874438
31	59	-0.0024946598163119015
70	72	-0.0024975314271656807
38	74	-0.002499756718207803
33	60	-0.0024999477609983396
58	73	-0.0025098371741603225
26	62	-0.0025108683116921277
49	60	-0.0025127706343946827
32	72	-0.0025135587428937035
36	66	-0.002513782225638861
4	26	-0.0025139395304249754
38	50	-0.0025199693815972247
6	58	-0.002522254912540728
13	20	-0.0025341126368727783
52	71	-0.002535494183291586
5	63	-0.002542597448200838
23	66	-0.0025462664331669634
3	54	-0.002546412163338253
23	57	-0.0025477566043410824
16	42	-0.002551095620747588
5	74	-0.0025545928768016157
5	33	-0.002557207171991413
60	68	-0.0025622864256473364
40	63	-0.0025639237585281254
12	44	-0.0025739927002660715
18	57	-0.002575546907456935
9	69	-0.0025775502308152897
29	71	-0.00257892773388794
14	23	-0.002582111388553492
13	46	-0.002582180438703492
1	44	-0.002582670795113102
6	48	-0.0025861180907037727
13	45	-0.002593282293517611
7	34	-0.002593891559307655
5	30	-0.0025990750056114906
20	73	-0.002605134891931123
8	35	-0.0026098325961026285
32	58	-0.002618502056301178
2	42	-0.002624148278231148
5	28	-0.0026293842033459323
14	18	-0.002634715871010263
7	71	-0.0026377910485615034
43	59	-0.002638129098669866
53	69	-0.002652888939730519
18	65	-0.002656123870916853
13	38	-0.002656568582355958
18	51	-0.002658604449928772
11	19	-0.0026593819229999887
7	22	-0.002660476462711404
23	28	-0.0026610181956305797
50	71	-0.002661627760957367
15	42	-0.002671825068195685
12	45	-0.0026736596959367424
11	20	-0.002676734237772104
12	36	-0.0026827810552005737
34	73	-0.0026841758763120564
1	71	-0.002690488187004157
15	18	-0.0026936201133738163
14	47	-0.002693855686183212
23	65	-0.002697297346649902
12	23	-0.0026973413968056715
6	23	-0.002703548179221902
23	51	-0.002703731724667194
42	66	-0.002705917676525447
19	27	-0.0027080890776482883
42	67	-0.0027124250672927166
29	53	-0.0027188227702801882
4	56	-0.0027212844409668867
35	58	-0.0027225593909595714
31	73	-0.0027301836031487846
17	52	-0.0027322349437866812
20	50	-0.0027355517484700413
12	38	-0.002741096784699531
17	54	-0.002744892700339254
26	53	-0.002746043835968299
30	48	-0.0027460866551169416
41	61	-0.0027509862457676076
22	66	-0.0027552148974375043
42	51	-0.002756152729909969
29	47	-0.0027569896990035266
42	65	-0.0027591478355277104
1	60	-0.002759535374641712
26	36	-0.0027600229076698004
7	38	-0.0027605305766721464
4	73	-0.0027670803553301623
45	64	-0.002772267580294147
58	69	-0.002773099227694079
9	56	-0.0027805085321365836
49	53	-0.0027825804877996464
1	45	-0.0027835751315501327
43	57	-0.0027902070493150298
36	75	-0.0027915494593974714
18	25	-0.0027926660489013275
47	57	-0.0027936635063271946
53	59	-0.0027941247170726775
7	23	-0.002794234211140627
47	65	-0.0027952169206247523
59	60	-0.00280123569962631
17	59	-0.002803804990549797
15	47	-0.0028090659579411443
43	75	-0.0028098228851429967
5	16	-0.0028100870658909617
47	55	-0.0028189464408585998
19	28	-0.002821518904683939
33	58	-0.0028263425065799194
47	51	-0.0028267246362116277
22	57	-0.0028298777894037517
33	48	-0.002829994722256362
32	70	-0.0028301646662613716
46	68	-0.002833723122141086
28	53	-0.0028354359014624328
6	70	-0.0028357777175033625
61	71	-0.002837439923902889
11	46	-0.002839071565499603
18	66	-0.0028417585646854943
24	69	-0.0028445331170159106
7	74	-0.002845242518549421
1	62	-0.0028484875632762263
1	23	-0.0028485722581889344
10	22	-0.002849592298227321
20	27	-0.002850432767393222
60	74	-0.0028536528075897593
11	47	-0.0028612331011938735
6	53	-0.002865815709419766
63	73	-0.002871231216170358
33	70	-0.0028722667675094844
40	70	-0.002873978883799278
20	57	-0.0028750891363913548
50	62	-0.002879338375007397
10	48	-0.00288104427497794
25	48	-0.0028894487894039747
4	67	-0.0028911532135397788
9	73	-0.002894194711666212
16	18	-0.0028983316454088666
14	45	-0.002898873284600711
38	55	-0.002913432846389754
53	68	-0.002921879988079593
3	74	-0.0029246445480116566
9	59	-0.002925806345657444
9	74	-0.002926379258558804
16	71	-0.0029291398015633646
20	66	-0.002931014823378958
46	55	-0.0029312359949473414
36	50	-0.002932406742726974
45	51	-0.002935133138651561
45	65	-0.002939926470536275
4	39	-0.0029405090144030512
45	57	-0.002944933901750061
4	12	-0.002945298097683713
15	20	-0.0029453091282544233
3	5	-0.0029461832246998744
20	64	-0.002946492422378864
49	70	-0.0029477438121825305
47	66	-0.0029485891216191724
20	51	-0.0029512299369270933
11	18	-0.002951358592435113
39	60	-0.002951651469446542
6	9	-0.0029544161411700783
19	75	-0.0029544852283741696
20	65	-0.0029549973644749376
40	48	-0.0029565098406643796
5	69	-0.0029568572552015207
26	60	-0.0029582586690581098
1	41	-0.0029674372234167108
44	74	-0.0029682471106292196
46	57	-0.0029686565380915484
19	57	-0.002971053171299201
28	71	-0.002978313059121826
1	43	-0.002979466515512185
23	40	-0.0029886591787452264
5	40	-0.0029925827744235922
9	29	-0.0029942928085065317
53	70	-0.00299714959589389
3	41	-0.0029996230458030904
38	61	-0.0030000555618328348
16	19	-0.0030012289545440205
15	45	-0.0030029958007672004
40	53	-0.0030057541982161573
45	66	-0.0030086757012332903
34	65	-0.003009772320968983
6	19	-0.0030098166552591675
37	74	-0.0030108394032963273
56	60	-0.0030121048187299795
14	22	-0.0030151496298783838
36	56	-0.0030157891918195416
17	20	-0.0030198437887885496
17	33	-0.0030214262250900345
22	55	-0.003033768840649996
36	57	-0.0030401913443212497
69	71	-0.0030417783689027705
8	63	-0.003045690377041139
11	23	-0.003051269924341678
3	17	-0.0030548041806440183
34	75	-0.0030614793876756283
5	35	-0.0030639790098777554
9	68	-0.003069304517788473
18	29	-0.0030730201293954233
21	50	-0.003074670238373043
11	36	-0.0030792709105203113
9	28	-0.0030864806330633617
3	70	-0.003089806875012079
23	52	-0.0030998469153437954
35	53	-0.0031019715415036286
43	49	-0.0031033872243775313
1	47	-0.003105061035379192
23	29	-0.0031050860428123656
32	48	-0.003109851699235263
31	54	-0.003115763793454079
10	36	-0.0031218076957998287
36	61	-0.0031229638958707347
4	32	-0.0031244716365840253
45	50	-0.0031277730379544694
38	73	-0.003128003108651361
7	47	-0.0031325276256806154
18	67	-0.0031327964322687397
14	21	-0.0031338948829259024
46	75	-0.003141392801097297
54	71	-0.0031598060317338554
10	20	-0.0031602143247528975
9	30	-0.003160748818601189
21	39	-0.003165912607537437
21	49	-0.0031688052254318843
5	25	-0.0031691860705053815
12	46	-0.003169972126462139
24	68	-0.003175783994204231
14	19	-0.003176358011961767
44	57	-0.0031778838371382
20	55	-0.0031785699020728483
40	47	-0.003184228592685877
20	28	-0.003188688849181369
62	68	-0.0031913670192097302
44	50	-0.003192143664525941
49	58	-0.0031942875889080964
17	32	-0.0032008843618987915
2	45	-0.003202492563901396
2	36	-0.0032025826324254205
46	66	-0.003203780844782773
12	21	-0.0032085603125321027
38	67	-0.0032098147893580694
46	65	-0.003213005270695752
11	62	-0.0032178902145117653
36	52	-0.0032185113803416716
14	43	-0.0032279008633819394
24	59	-0.00323083782700419
49	62	-0.003231086800624813
64	71	-0.003239963787477478
42	52	-0.003245139710182518
11	34	-0.0032452179195507744
19	65	-0.0032471420828609704
45	72	-0.00325212153688066
23	25	-0.0032533679481217288
16	24	-0.0032560204311635477
46	51	-0.0032605422307337485
20	67	-0.0032613068630554616
4	33	-0.0032622346240361376
22	51	-0.003264300717552805
15	46	-0.0032670364881248653
40	71	-0.0032690195803562255
22	65	-0.003275308807769927
23	41	-0.003280593987247061
20	69	-0.003281980065328806
16	45	-0.0032960203590239323
19	66	-0.003298252999219949
27	43	-0.0033013372566975275
20	61	-0.0033088262436009822
19	51	-0.003309010553272443
35	48	-0.003309214669147486
45	56	-0.003311436980297338
28	70	-0.0033140691487937614
14	34	-0.0033231268747842256
58	68	-0.003324641271971427
63	70	-0.0033296396596075133
3	31	-0.0033356981442739892
14	46	-0.003336888807887474
8	60	-0.0033384930398616436
17	73	-0.003341551950462767
34	51	-0.003341832164571103
43	56	-0.0033475332398664993
36	59	-0.003348973397284451
21	57	-0.0033497582650189074
15	19	-0.003350957309630217
19	25	-0.0033511925756922896
60	73	-0.003352220779674246
59	62	-0.0033525323586854777
34	52	-0.003353397381265803
27	62	-0.0033536664512036486
10	47	-0.003359021229685858
2	23	-0.0033617875651498247
30	47	-0.003362988176013225
43	66	-0.003373988688121242
15	22	-0.00337970489240834
43	65	-0.0033857696913135206
2	47	-0.0033889214386848138
7	18	-0.003393188943564252
7	21	-0.0033934976295650096
43	51	-0.0033944902509555354
16	20	-0.0033964021676241977
1	18	-0.003398416866780114
35	60	-0.0033997646423185365
38	68	-0.003406793470467527
6	42	-0.0034098798504337714
7	46	-0.0034168720048793322
10	34	-0.003418085034704331
42	64	-0.003421288947886222
3	24	-0.003423427069827176
43	55	-0.0034264381985065814
37	54	-0.00343293189594902
12	19	-0.003435539559201173
14	44	-0.003436262664970257
29	45	-0.003438460482897056
15	34	-0.003438464236173823
33	62	-0.0034395688559818315
42	68	-0.003441283142718366
19	49	-0.0034421567130888684
8	36	-0.0034427823813198187
4	59	-0.00344570207275682
44	65	-0.003446378415304386
33	71	-0.0034467541102763113
2	44	-0.0034492859548034983
8	37	-0.0034606722347527287
44	51	-0.003460871969707243
21	51	-0.0034662841534768025
37	72	-0.003467575569282329
5	8	-0.003472453460224325
3	37	-0.0034731640770430234
19	61	-0.0034742606987898297
21	65	-0.0034760424687599735
35	62	-0.0034765085642948705
46	49	-0.0034778836323867105
15	43	-0.003478979293245391
23	61	-0.003481014722292444
36	73	-0.0034826188858472313
2	22	-0.0034832004622404617
54	72	-0.003483686845115325
34	66	-0.003486138701802302
28	42	-0.0034933548440193403
47	64	-0.003506681085562322
49	71	-0.003510837783346258
42	75	-0.0035169342804715815
59	70	-0.0035173901967489323
15	44	-0.0035242804733278815
8	72	-0.003525336284385605
63	71	-0.0035346699830499325
5	39	-0.00353871520349626
22	25	-0.0035560672589733137
37	60	-0.0035598826841439155
19	55	-0.003560085833139435
38	52	-0.003560547738425738
42	61	-0.00356401190889531
21	27	-0.0035723042140992046
13	34	-0.0035759121569644767
4	35	-0.0035765353264925084
44	66	-0.0035767644972811456
6	21	-0.003577364950720965
3	53	-0.0035806226425337197
44	64	-0.0035806305728104705
2	18	-0.0035837076000684743
8	31	-0.0035878036255201553
34	74	-0.0035920856944147567
3	8	-0.0035939616045374536
19	68	-0.0036062135819890434
32	71	-0.0036068231553407276
27	47	-0.0036099027806019745
15	21	-0.0036125458008911303
22	61	-0.0036131237498638574
13	43	-0.003616779773354082
11	43	-0.0036179966209562786
48	59	-0.0036193758400175223
22	50	-0.0036221653315431667
47	69	-0.0036221977941564465
2	62	-0.003624697680657767
39	44	-0.0036272205639633157
21	66	-0.003628277096202397
47	67	-0.00363040970524048
41	63	-0.0036307325016644784
36	69	-0.003639576855288321
62	67	-0.003641333441959266
62	69	-0.003641663102515548
62	71	-0.0036451443022796973
18	64	-0.003657974886412901
34	69	-0.003662553514028613
16	34	-0.0036660873211898206
5	73	-0.003667261345918713
13	21	-0.003670960771224749
7	19	-0.003672538997340402
47	52	-0.0036891056843370365
46	67	-0.0036915805925847975
48	73	-0.003694032431712076
8	24	-0.0036985707792054775
41	59	-0.0037036201095032384
30	45	-0.0037109727444804945
1	20	-0.0037155789149810586
21	55	-0.0037193216066613026
21	26	-0.003730537091505908
48	54	-0.0037358994794145376
23	59	-0.003736611761356658
21	29	-0.003744317749285398
20	30	-0.0037483186814302985
17	35	-0.003750970147711379
40	60	-0.0037516228369079852
18	61	-0.003751950068679728
28	62	-0.0037525088834987255
20	56	-0.003754138186714855
19	40	-0.0037558459400534303
18	68	-0.0037599029602380274
16	38	-0.003763810513180213
39	42	-0.0037643402228805046
16	60	-0.0037645299381093315
44	52	-0.0037704519430638997
42	74	-0.003772038045553915
20	49	-0.0037795335563445527
39	62	-0.0037798033855175645
23	30	-0.003783529282015152
10	18	-0.003789740660468346
47	68	-0.0037935038474100832
44	55	-0.003798805655244513
18	56	-0.00380356214480256
8	58	-0.0038065760820187094
32	62	-0.003814556478124658
6	38	-0.0038177526294500084
27	45	-0.003818534633535201
62	73	-0.003826442535492602
5	24	-0.0038431048938392517
43	68	-0.0038470710088375237
21	67	-0.003854667654421258
44	49	-0.0038615712070698724
24	63	-0.0038660932890563094
29	58	-0.003866840613615366
40	45	-0.0038693692899454757
8	46	-0.003875014471943221
17	40	-0.0038788432337454014
18	52	-0.0038791675429821625
38	49	-0.0038812763685019793
22	64	-0.003885004904481313
34	68	-0.0038851178605329223
31	72	-0.003886483102666279
41	58	-0.003890985996657087
24	37	-0.0038973782880664773
37	43	-0.0039002055825422687
45	61	-0.0039061773800253166
2	46	-0.003906312181727124
19	26	-0.003908091441037959
3	60	-0.003910163530722523
45	52	-0.003916500149865151
22	52	-0.0039211687059634535
23	68	-0.003924355502929742
47	61	-0.003925351043073421
2	21	-0.0039374179121033515
70	73	-0.003939088900981232
20	40	-0.0039391900090975825
34	50	-0.003953415605472571
34	67	-0.003953708107856679
45	68	-0.003960866938836786
36	74	-0.003965314552162296
36	68	-0.003973941563939727
53	63	-0.003977689100796794
43	64	-0.003978998624078639
45	67	-0.003985085787020081
36	49	-0.003993722022981153
46	56	-0.004000392945382671
30	43	-0.004000885308072409
28	44	-0.0040036411068148925
2	20	-0.004012770681718231
28	45	-0.004014106257922509
20	52	-0.0040214708639186416
46	61	-0.004021644527676767
38	69	-0.00402739855652283
23	56	-0.004029424785021795
22	49	-0.004032224098757836
9	39	-0.004034896364326327
23	69	-0.004035997232591555
6	20	-0.004041393952630724
43	73	-0.004044813430898444
19	69	-0.004046530900680459
8	17	-0.00404663712324861
35	42	-0.004047524074641167
6	36	-0.004049203764429056
21	73	-0.004051315893379658
37	41	-0.004052267156156678
21	25	-0.004060233946095642
18	32	-0.004065683233427704
23	33	-0.00406814005437227
45	73	-0.004073080206159086
39	70	-0.004073351794157354
41	72	-0.004074393312610912
27	44	-0.004075299114018969
18	33	-0.0040852749087494505
10	45	-0.004092475721019972
18	27	-0.004096171206393887
9	70	-0.0040989045570804334
22	67	-0.004101680015677104
39	71	-0.00410538597155108
23	32	-0.004105426885323154
18	30	-0.004106751710384824
71	74	-0.004112066655871052
45	69	-0.00411427939918157
19	67	-0.004116040044937952
31	41	-0.004117617547873684
6	62	-0.004130377672244683
5	60	-0.004133133094478111
33	42	-0.0041377893154510535
22	40	-0.00414549921209223
20	33	-0.004147376829989573
28	43	-0.004156482752822363
10	46	-0.004160544559765764
3	23	-0.004163562007963844
18	28	-0.004168855519678164
19	52	-0.004174331025192698
21	64	-0.004174517905072764
21	61	-0.004175443715386438
18	74	-0.004178958713151147
32	42	-0.004190480257841869
47	74	-0.004194955894132243
34	61	-0.0041956437853208055
21	28	-0.004197238556412982
17	39	-0.004207646743619737
16	36	-0.004207808326474442
25	34	-0.004214144261807169
43	67	-0.004214674603862015
32	47	-0.004219783183057566
10	44	-0.004220859918448434
44	61	-0.004228887305569902
18	49	-0.004233364207964191
33	47	-0.004238775452203973
30	62	-0.004239509018164397
24	54	-0.004245996861127481
54	60	-0.0042467825619720515
22	30	-0.004247460250176598
4	24	-0.004249141044497621
28	47	-0.004252374113343287
9	72	-0.004254360224040105
46	52	-0.004260933918526406
47	49	-0.004272611902081524
59	71	-0.004275453847605428
9	63	-0.004281266171982767
10	21	-0.004297947197174935
33	46	-0.004304315409063466
48	72	-0.0043128231455822775
44	67	-0.004314787107550195
26	43	-0.004326608376516251
20	29	-0.004328503138915047
37	53	-0.004330443932523005
20	32	-0.004336551670998813
43	61	-0.004345182386116207
42	69	-0.0043547494428939765
9	37	-0.004357799471981259
30	42	-0.004368275783855028
53	72	-0.004374236412080336
10	43	-0.004379449641538652
22	26	-0.004385026073760465
46	73	-0.004386648962017382
22	28	-0.0043884678848888446
23	39	-0.004391032357635756
43	52	-0.0043947445597787
36	54	-0.004395601641843176
7	44	-0.00440317119189626
29	62	-0.004408184503179497
20	35	-0.004409959456308909
5	37	-0.004439918536440273
21	52	-0.004440640921315795
44	56	-0.004440689765914174
33	45	-0.004443167032739259
26	44	-0.004443889123633422
54	70	-0.004447306052343562
45	49	-0.004448462255352811
24	31	-0.00446685073030057
23	24	-0.004468276348899162
18	69	-0.00446869698047147
19	33	-0.004472495277561912
6	18	-0.004476163091344643
21	56	-0.004482352094266152
32	45	-0.004492817115487481
22	56	-0.004512673577954481
19	73	-0.004522981900954996
35	71	-0.004523154163318838
30	44	-0.0045282030245998705
3	36	-0.004531049331877684
3	9	-0.004534863390052063
6	22	-0.004537086947519789
32	46	-0.004544553936777962
28	46	-0.0045452743640644055
47	59	-0.0045585565730543575
22	63	-0.004564910778148393
10	19	-0.004575800625589307
6	45	-0.0045780553916776965
44	68	-0.004581576731922717
47	73	-0.004588487789690513
48	63	-0.004588757022397309
53	60	-0.004599445259988346
22	73	-0.004602017147726271
4	37	-0.00460362457673806
19	29	-0.004605666211054836
16	44	-0.004615086710713044
18	59	-0.004618738639862374
4	63	-0.0046273982852730565
6	34	-0.004630872488009899
53	54	-0.004632779866577164
31	53	-0.00463663932169067
42	59	-0.004645328678517904
25	45	-0.00465104840679711
18	40	-0.004651108851512248
20	25	-0.004656819714532212
37	48	-0.004658797298825027
8	70	-0.004685722228275367
1	46	-0.004691004230429484
3	58	-0.004691999684218826
22	39	-0.004703084150150034
39	45	-0.004717956967753611
19	39	-0.004718388207785256
37	70	-0.0047227090600082886
1	22	-0.004724280271783267
9	54	-0.0047380022728515546
19	32	-0.0047440511436248065
21	30	-0.004749989389343663
17	41	-0.004768794418572668
16	62	-0.004771415548121386
16	47	-0.004773629431505455
23	35	-0.004776218240756724
6	43	-0.004777599821321789
25	43	-0.004778629593354769
9	62	-0.004779095025748368
5	54	-0.004784710182834832
39	43	-0.004788838790629222
17	37	-0.004790139428141223
29	43	-0.004795511480239907
20	68	-0.004802112389860787
20	39	-0.004806140967976775
22	33	-0.004813130163335577
60	72	-0.004818955398187193
22	32	-0.0048221193735987255
45	59	-0.004836779379854271
17	63	-0.004851853341424303
22	69	-0.004853134368351422
24	72	-0.004857199867774187
3	22	-0.004869076075833785
18	35	-0.004877203913518037
39	47	-0.00488445221832868
3	42	-0.004888255583455231
3	44	-0.004890282126995868
54	62	-0.004915209062787184
29	44	-0.004919787435100548
6	46	-0.004945520042480379
4	8	-0.004957039712685318
20	59	-0.004966868937051647
32	43	-0.004969162916563782
6	47	-0.0049716743025768435
58	72	-0.00497301237126457
21	69	-0.004975884714460891
33	43	-0.004977039353696952
8	9	-0.0050218192297052005
19	74	-0.005024780888857392
8	71	-0.005037742503479036
5	48	-0.005048253484474441
54	58	-0.005054663945761102
42	72	-0.005063407886241272
34	36	-0.005068342596542036
22	29	-0.005083136490358627
9	17	-0.0050872100635961995
35	46	-0.005097342816403589
46	54	-0.0051028310732377236
22	68	-0.0051346103059627755
53	62	-0.00514734355158868
23	72	-0.005147530929563315
17	72	-0.005153491445424624
3	38	-0.005157642850337111
9	60	-0.005164855530800843
41	54	-0.005174656978519864
44	73	-0.005186119287367584
46	69	-0.005206031773093623
18	73	-0.00520617277531388
31	60	-0.005209852411303377
24	70	-0.005211304567704902
40	46	-0.0052153810589153264
35	47	-0.005217091351917177
8	53	-0.005231524539454312
32	44	-0.005234616476232941
62	72	-0.005237677199464887
39	46	-0.005246048583260131
22	31	-0.005247428196109429
31	48	-0.005250719611210434
21	33	-0.005256330340721715
33	44	-0.00525769361294839
46	59	-0.005266287925895308
29	46	-0.005274946395017284
19	59	-0.005279577336443426
22	59	-0.005290032226823092
34	71	-0.005291894684761813
21	32	-0.005294793175623306
18	63	-0.005295282180325002
22	74	-0.005296743866750287
45	54	-0.005299949985520566
34	49	-0.005303067467710773
44	59	-0.00530469461600133
36	63	-0.005310749100194294
9	31	-0.005323736729656069
35	45	-0.005329259668669339
22	35	-0.005344102948094521
24	58	-0.005352327615408286
46	74	-0.005356530567062372
34	38	-0.005372100830242137
43	69	-0.005384321001084961
23	37	-0.00539515913134551
53	58	-0.005406392123320555
37	42	-0.005423072163076804
3	47	-0.005427909192643976
34	59	-0.005452846578129102
19	35	-0.005459808936860283
3	18	-0.005472143644340016
40	62	-0.005487108587247319
8	41	-0.0054888261209923295
35	43	-0.005497200753197677
21	59	-0.005505973739584869
41	48	-0.005508710311613303
41	53	-0.005508938852901995
6	44	-0.00551083398396323
31	43	-0.005554549216873942
44	69	-0.0055683524837302776
40	44	-0.005568858094533743
5	9	-0.005587695643141606
4	54	-0.005594090446180531
17	70	-0.005601735527508794
19	54	-0.005634075687800615
43	63	-0.005662541920356071
21	68	-0.005709324801167991
8	34	-0.005717695267263811
47	63	-0.005778498865717648
8	38	-0.005782044407862138
3	43	-0.005788490372298107
35	44	-0.005788886220682192
17	31	-0.005815158571328201
34	72	-0.005831666215538463
24	53	-0.00583340297542527
8	42	-0.005840082657816643
42	58	-0.00585115430769006
38	54	-0.005863166791030378
31	71	-0.005872322476860467
22	48	-0.005883076608795675
47	54	-0.005909829419087322
17	71	-0.005912054004431171
37	71	-0.0059142673599971605
18	39	-0.005914854315362839
23	63	-0.005915450135313408
16	43	-0.005938403567419989
20	72	-0.0059451626671523875
17	24	-0.005948296030829044
19	63	-0.00595248571371277
48	53	-0.0059756437885592935
36	53	-0.005979938436083953
16	21	-0.005982799807764692
3	62	-0.005985472979983569
21	35	-0.0059886477369760615
5	53	-0.006008640969982281
36	72	-0.006016425811883457
9	58	-0.006017968477572066
31	47	-0.006026488568781323
42	62	-0.0060398293112986015
34	48	-0.006043787967971836
47	72	-0.006055227341175031
4	9	-0.006078773916550519
42	63	-0.006091057361928434
46	63	-0.006102784769319732
18	31	-0.00611179823111681
3	45	-0.00612674924472049
4	70	-0.0061387351215522745
16	22	-0.00614187790333987
3	19	-0.006153274254674054
8	45	-0.00616029856421666
42	54	-0.006186214480961709
31	42	-0.006206161479052034
5	17	-0.0062172749705081245
9	38	-0.006242237573473033
22	37	-0.0062428935709992524
9	71	-0.006255128004965623
23	54	-0.00626262957596737
3	20	-0.006268413330882632
62	63	-0.00627207261662711
21	40	-0.006295854537599963
37	62	-0.006308701875246165
8	19	-0.006344077740071176
53	71	-0.00635183291419421
41	70	-0.006357314712691964
38	72	-0.006362142545126768
36	41	-0.006374101247411039
9	41	-0.006437305840878198
37	47	-0.006451748617257378
5	41	-0.006454415722696729
5	18	-0.006468420325943675
4	48	-0.006473230151572882
8	18	-0.006481937007182218
8	47	-0.006496636081435093
4	31	-0.006545527407167561
45	63	-0.00655023794775808
17	58	-0.006563211124482217
20	63	-0.006569022793027936
5	71	-0.006599013567644597
9	24	-0.0066019956389829285
60	70	-0.006616298362043038
18	37	-0.006617374713893186
48	60	-0.006625998642222938
9	48	-0.006633370926089164
18	72	-0.006641533885845993
37	46	-0.006662357685203465
34	63	-0.006667188182373257
20	37	-0.006684659456111951
48	62	-0.006709302800205445
60	71	-0.006716380067671089
3	21	-0.006727569217030932
5	58	-0.006734101447048835
38	53	-0.0067369602138904645
5	38	-0.006740096321762968
9	36	-0.006742765972588872
21	63	-0.006742867567704242
43	54	-0.006744928398573179
5	36	-0.0067565170599584844
17	53	-0.00676451683449195
37	45	-0.006778894954503989
20	54	-0.006780307877707153
4	58	-0.006780490147654954
24	48	-0.006781168072495895
48	70	-0.006813984815976422
4	60	-0.006826830636689153
8	43	-0.00683596307602843
58	60	-0.0068422122674760616
34	54	-0.006869168812072271
48	71	-0.0068922955641425206
48	58	-0.0069024049312229815
70	71	-0.00692029508380302
17	60	-0.006924006852759453
41	60	-0.006942159552813976
19	37	-0.006950398315460493
24	60	-0.0069754874490158035
8	23	-0.007038837773479
23	31	-0.007039108169204761
58	70	-0.007060921433454311
3	34	-0.007062748007761204
8	44	-0.007084412185159048
36	48	-0.007108186834168518
24	36	-0.007137503913201403
46	72	-0.0071446750891027
58	62	-0.007156454253229917
9	34	-0.007165023896822668
19	72	-0.0071804211145212495
8	62	-0.007191715761586219
19	31	-0.00721335439516989
4	53	-0.0072160623243032245
4	5	-0.0072215654772178365
24	71	-0.007229363111922365
24	38	-0.007235835176593163
31	62	-0.0072684776655135225
46	53	-0.007277175164888206
18	60	-0.007300950163840787
3	46	-0.007316656588819776
8	21	-0.007354446242691898
4	45	-0.00736748217270254
4	42	-0.00736931145627385
37	44	-0.007370667236026493
17	62	-0.007374377044761551
5	23	-0.0073967160332823086
17	34	-0.007415353994622751
23	58	-0.007432863657907334
21	37	-0.007439845279703641
38	45	-0.007459779122998533
36	70	-0.007487037830417577
18	54	-0.007513071419534781
36	58	-0.007540686929562406
17	38	-0.007562702274622713
22	54	-0.007566988422748444
36	42	-0.0075889665230471255
38	48	-0.007606607433096024
44	63	-0.007624773468970817
31	45	-0.0076734833226538715
4	41	-0.007697301169602019
23	71	-0.007705323855326585
38	60	-0.007737704221959533
38	41	-0.007756250030352878
42	60	-0.007775529527730692
4	17	-0.0077790989010879386
20	31	-0.007782577532212203
31	46	-0.007794298892353365
43	72	-0.007821846210856428
34	53	-0.0078429860682106
42	71	-0.007861343059345513
8	20	-0.007867006419593215
41	71	-0.007880708861669075
44	54	-0.007883091855039118
58	71	-0.007894429593379111
23	60	-0.007897186314151839
36	71	-0.007926776506525183
44	72	-0.007971501237692368
9	46	-0.00798621786899444
21	72	-0.007998769142939193
38	71	-0.008082053606102915
41	42	-0.008092621431335031
24	42	-0.008122463541993159
38	70	-0.008125448908736328
20	38	-0.008128539539469702
45	70	-0.008131209689558036
18	48	-0.008141960115865819
4	38	-0.008152691107026993
23	48	-0.008155067651385788
4	18	-0.008162362542118254
8	22	-0.008185626855753367
34	42	-0.008241605530027875
45	58	-0.008267163761499757
5	47	-0.008270635317562523
23	70	-0.008286730019753316
17	36	-0.008341806933518488
5	42	-0.008422995199841916
47	48	-0.008430435873537864
4	23	-0.008444982091187679
9	42	-0.008496719360812525
21	31	-0.008532247949459363
47	58	-0.008532929863281186
4	62	-0.008549140725376256
17	18	-0.00855044447310682
42	70	-0.008579064455025256
17	45	-0.008581358891049507
21	54	-0.008585007743441602
43	48	-0.008654731287849446
20	24	-0.008689811111761987
4	46	-0.008707667393946038
60	62	-0.008737412779763424
42	53	-0.008802258497226245
23	53	-0.008830761678796192
41	44	-0.008835681044560353
20	58	-0.008853792695600556
17	22	-0.008881735730036037
18	70	-0.008955103758607242
5	19	-0.008956642852173418
22	58	-0.008967351451857702
24	45	-0.008982028815343265
22	72	-0.008985565086419399
42	48	-0.009009874928306905
17	42	-0.00901291052868008
9	45	-0.00904405793186284
31	44	-0.00905547561372531
38	42	-0.009085245600888784
22	24	-0.009087490993004014
20	53	-0.009117042267629969
9	23	-0.009148020660774255
23	38	-0.009163195597187057
9	20	-0.009168991252618936
4	36	-0.009170026396530803
45	53	-0.009273003244621108
17	23	-0.009275356483987713
5	45	-0.009276556265236205
43	70	-0.00927955602052678
43	53	-0.009302368865312265
17	44	-0.009318154770181443
9	43	-0.00932070092091785
20	71	-0.009332579013348921
18	53	-0.009374130373169809
9	22	-0.0093851579220375
9	19	-0.009386420468965932
20	41	-0.009413986721244137
21	41	-0.009417506763561302
23	36	-0.00943095874342389
24	34	-0.009447195806900597
20	70	-0.009456995092763858
5	20	-0.009485613283429284
19	70	-0.009544420210336248
5	62	-0.009547220970368099
34	60	-0.00956634044842165
17	47	-0.009591048266124702
41	46	-0.009592419162403512
5	46	-0.009610849075294442
4	20	-0.009622375099980682
24	62	-0.009637532973510096
62	70	-0.009638350061695212
21	58	-0.009655824628896971
18	24	-0.009665721383739546
18	58	-0.009688166851402698
47	60	-0.009707710193075756
47	70	-0.00974995873778642
5	44	-0.009787183537046348
22	53	-0.009863588524221485
34	58	-0.009930658846126882
47	53	-0.009941011190532156
24	46	-0.00996917033412157
41	45	-0.009977396441131854
36	45	-0.009998928593802905
34	70	-0.010008512892042147
5	22	-0.010009665913837227
41	62	-0.010053846944609398
4	19	-0.010057714182845581
34	41	-0.01013140823611224
45	60	-0.010189767086581508
21	70	-0.01021385141834125
43	60	-0.0102163894088752
9	47	-0.010220351225141875
5	34	-0.01022219552436251
36	62	-0.010229165477078066
18	38	-0.010256454580851273
38	62	-0.010301899865378543
46	70	-0.010303527625714771
46	60	-0.010305253585620393
22	23	-0.010325956375906435
5	21	-0.0103338696757971
9	18	-0.010381376345576529
17	46	-0.01038332804842561
17	21	-0.010387187381649288
21	53	-0.010392387077481214
19	71	-0.010437080353779417
19	58	-0.010451648390281494
47	71	-0.010473142614061107
20	48	-0.010475595090444727
19	53	-0.010485167332638216
20	60	-0.010500739474697207
44	58	-0.010503129399045923
38	47	-0.010515140038777748
4	47	-0.01052141436759274
46	48	-0.010541354618598635
46	58	-0.010542729482588845
21	47	-0.010552662019065708
44	47	-0.010583285566603696
24	43	-0.010585815714313758
23	62	-0.010588116644697967
43	58	-0.010614480483752013
24	47	-0.01063039184194332
22	70	-0.010666813309714612
22	60	-0.010685460263614189
45	71	-0.010688797304485588
45	48	-0.010693479965483635
18	36	-0.010732034591504366
18	41	-0.010819811246713822
23	43	-0.010824125559037896
18	44	-0.010839245212411457
19	24	-0.010848652506670312
18	21	-0.010849388520478493
44	53	-0.010855689214571314
44	70	-0.010930934495445212
18	62	-0.010934365081635531
5	43	-0.010949456558552256
46	71	-0.010995672864233067
4	22	-0.011015266559888697
19	60	-0.011056028304818003
9	44	-0.011089739728839159
17	19	-0.011103372034661343
18	71	-0.011110077905287409
22	38	-0.011128333695038305
23	46	-0.011128885322205278
19	41	-0.011145021604228658
41	47	-0.011177679907657069
24	44	-0.011199649191579291
19	48	-0.011238640255639502
4	34	-0.011242561851501173
44	48	-0.011301895889165034
17	43	-0.011316159092775762
22	62	-0.01131634703750911
20	36	-0.011407402724837786
42	47	-0.011524790459301795
9	21	-0.011539011883798142
20	42	-0.011588821465706969
47	62	-0.011614910332531926
23	34	-0.011628798333001006
44	60	-0.01176715543373793
43	62	-0.011770723710227806
19	38	-0.011807716229488743
44	71	-0.011811749013540974
22	41	-0.011893530195131204
36	43	-0.011901486306652586
38	46	-0.011927465361850357
21	24	-0.01195497078800219
22	34	-0.012001353279767944
21	48	-0.0120048706754152
19	62	-0.012048089842287817
22	71	-0.012052011793574343
22	36	-0.01205397077743269
41	43	-0.012055112923068701
36	47	-0.012064413960325756
38	44	-0.012075872609513677
4	43	-0.012092260349010293
21	60	-0.012191807213553894
36	46	-0.012302433426056537
21	71	-0.012382747875438093
42	45	-0.01242525612297123
43	71	-0.01244652232697658
42	43	-0.01245361568627477
4	21	-0.012502764763090044
42	46	-0.012513174200466725
19	36	-0.012534675467276643
38	43	-0.012557091336992609
4	44	-0.012643007625744405
20	62	-0.012649745905704493
23	45	-0.012720338025469614
19	23	-0.012754841900714381
20	43	-0.012829302437887834
19	42	-0.013000138199840812
21	36	-0.013012178558024667
20	23	-0.013077659688556119
22	42	-0.013084632205462616
18	23	-0.013135631167520397
23	47	-0.013214987324127021
21	38	-0.013277541287477056
20	22	-0.013310066868018063
20	34	-0.013383583705359359
46	62	-0.013466345508478141
34	43	-0.013476469219084112
36	44	-0.013500126423603563
21	43	-0.013514435937026323
18	42	-0.013661926672359954
43	45	-0.013757488559699592
34	45	-0.01391494106774203
19	20	-0.014027810659743047
19	45	-0.014051973908154608
45	62	-0.014127881853999436
19	43	-0.014203555486494258
18	34	-0.014328098786201107
19	34	-0.014370490897729104
18	20	-0.014378099190165188
20	46	-0.01438487465618841
34	47	-0.014391528526894083
43	47	-0.014440835275977497
20	47	-0.014513175393877874
45	46	-0.014622552442934979
19	22	-0.01462611344235844
21	22	-0.014647019957507706
18	46	-0.01465330908743427
21	23	-0.014700116983140964
22	45	-0.014764998108425565
23	44	-0.014845400175542398
44	45	-0.01490258637554317
34	46	-0.014954015509237664
18	45	-0.015066051602256225
43	46	-0.015096344716675144
42	44	-0.015096514055724167
46	47	-0.015148689860673385
45	47	-0.01519859709351849
21	45	-0.01522912497828293
21	42	-0.015290008847224484
19	47	-0.015305969900115743
43	44	-0.015360106458648024
18	22	-0.015448558261576425
22	46	-0.015556131811315464
22	47	-0.015615251629178175
18	43	-0.015779048109628036
21	62	-0.01597316008547921
20	44	-0.01604869261174272
44	62	-0.016054678303180688
19	21	-0.016095292220693915
18	19	-0.016238272682487526
19	44	-0.01630754714235475
20	21	-0.016687686967040434
44	46	-0.0166986823436341
21	34	-0.016803069373467126
21	46	-0.017067533978614925
34	44	-0.017126403406257394
22	44	-0.017795564927842237