#==========================================================================
# The first and second rows contain site pairs (i, j) such that j > i
# The third row contains coevolutionary scores obtained 
# using mean-field DCA (mfDCA) algorithm.
# Note that in this data sites are counted/labelled starting from 1
#==========================================================================
27	44	0.22625954440544915
28	43	0.1614399180252977
57	68	0.13142262950155467
60	65	0.12899480361917134
5	16	0.12143231404825393
2	19	0.12078888721797694
6	9	0.10969110136950963
8	9	0.09981210363068359
6	8	0.09950833016029906
29	42	0.08602495543553647
6	15	0.07820261476719217
9	15	0.07739433659385708
8	15	0.07564973292881785
13	14	0.07452689782784928
7	8	0.06309875349685128
12	14	0.06125808263048587
35	37	0.059234257827191106
58	67	0.05916994688966884
6	7	0.05888411432175761
25	46	0.05626478517078295
7	9	0.05458723255981972
34	37	0.0523632744285161
23	48	0.044789292268641784
35	36	0.042568585688633705
26	45	0.042356473095173014
63	64	0.03955071212108703
33	34	0.03915280113690735
34	42	0.03870814671459489
33	42	0.03851813075546874
7	15	0.03593277038724976
11	12	0.035525858505465066
25	50	0.032613229100656733
35	64	0.030841654370882852
13	15	0.03062877251957477
45	46	0.02903498734073424
26	46	0.029034987340734068
36	37	0.028989824452346567
62	63	0.028609028173353424
35	69	0.028428899935960032
8	13	0.027780598948209646
36	63	0.027498708936271862
6	13	0.02693901538770946
55	56	0.02583864750844207
4	17	0.02583411896699924
12	15	0.025656398284278445
1	10	0.02550920224741024
10	61	0.025456784626914968
7	12	0.02485903590271197
11	61	0.024187787094556837
9	13	0.023233691294903543
74	75	0.022432974287160498
36	57	0.022420599759474857
36	68	0.022420599759474528
11	14	0.0224131586155107
56	62	0.02212122880664106
29	33	0.021659708337735305
7	14	0.020710077128969086
2	4	0.019936342758305022
61	63	0.019870275158715624
19	56	0.019702971191674034
56	61	0.01960436673315239
50	54	0.019602723098431543
36	64	0.01951743023367423
10	21	0.01948674011020814
10	11	0.01939993297099221
2	57	0.01913182591258751
2	68	0.01913182591258747
10	64	0.018973859225666575
34	35	0.0187141388049267
47	49	0.018620208547662435
9	20	0.018582028352883383
8	21	0.018173650215291832
29	34	0.01815923443562691
9	21	0.017232969798680366
1	23	0.017099130412652958
1	48	0.01709913041265291
62	64	0.016779025634081037
55	77	0.01675470770977668
60	68	0.016726706307732108
57	60	0.016726706307731966
5	61	0.0167042318064808
33	46	0.01623571733884676
33	45	0.01610853404668037
26	33	0.016108534046679966
6	21	0.015752944480568826
1	20	0.015276586553532584
41	74	0.015146822188536259
41	75	0.015146822188536238
25	45	0.014898204053455572
25	26	0.014898204053455422
3	4	0.01481325572796146
17	60	0.014727655023266412
17	65	0.014696440531610079
13	61	0.014442623014164005
65	68	0.014437528276857578
57	65	0.014437528276857448
3	18	0.014228911263118458
33	37	0.014158568288644187
24	47	0.014146002182465825
24	49	0.014146002182465764
12	43	0.013837924104277833
14	64	0.013305147603776636
7	13	0.013252290431493773
11	63	0.012995301585249502
47	50	0.012846183365777707
49	50	0.01284618336577761
16	64	0.01267375070919108
49	58	0.012586720338609466
47	58	0.012586720338609279
15	21	0.012380437331481333
10	12	0.012206665088392028
26	54	0.012053708668528226
45	54	0.012053708668528146
37	68	0.01203243626331194
37	57	0.012032436263311906
25	56	0.011795515115817876
3	69	0.011792300540826509
49	67	0.011694289632259587
47	67	0.011694289632259512
2	48	0.011445201082660084
2	23	0.011445201082659881
19	57	0.011339830633201767
19	68	0.011339830633201604
28	33	0.01073267144276438
11	21	0.010645602041013332
46	50	0.010605141004635589
25	54	0.010600419930124194
9	11	0.010530296735701968
11	15	0.010488912626043687
55	67	0.010484902454755567
17	56	0.01048208960432844
7	21	0.010251842983529722
27	28	0.010227625480796896
28	44	0.010227625480796518
10	29	0.010223954389069308
12	62	0.010166547527556743
5	14	0.010047470316211391
17	18	0.009991262220299535
29	69	0.009950023410926238
24	77	0.009912185997358429
12	61	0.009875983241221176
16	61	0.00986014051477189
10	60	0.009820306500852706
55	58	0.009714642887849602
14	63	0.009448033156679112
17	34	0.00943227946573432
1	2	0.009350173464412718
5	12	0.009224950174084784
24	50	0.009197095559556459
10	65	0.009190938409942307
24	48	0.009122619265535245
23	24	0.009122619265535127
13	62	0.00909042203864132
5	62	0.009060505462120437
67	74	0.00884782736495367
67	75	0.008847827364953582
7	64	0.00880164773627469
10	69	0.00862225767097829
14	21	0.008620701140540463
33	35	0.008594549188178478
56	68	0.008526900607487899
56	57	0.008526900607487656
24	58	0.008524080694100407
1	3	0.008386630584806324
58	75	0.008375365905043912
58	74	0.008375365905043862
68	69	0.00827272402752648
57	69	0.00827272402752632
4	19	0.00823306125247861
42	60	0.008205880934241926
10	35	0.008167633030661361
19	48	0.008167406390243164
19	23	0.008167406390243145
6	53	0.008143529908578633
3	24	0.00799034502090835
14	61	0.0079506126555564
5	64	0.007824114253042927
24	67	0.007807828123277481
29	46	0.007800674725924666
56	69	0.0077329981426608185
10	14	0.007662578713474477
18	58	0.007559199306778672
25	47	0.007551099871599598
25	49	0.00755109987159931
18	20	0.007536214729969296
42	65	0.007514437902765221
16	17	0.007503757465765331
18	67	0.0074428909471838285
60	62	0.007428862267317387
29	60	0.007372871037836187
5	37	0.007324291703932012
42	68	0.007307417769545896
42	57	0.007307417769545736
17	54	0.007289847981182093
29	65	0.007251680330052305
28	63	0.007157038798906017
47	48	0.007074590602144655
48	49	0.007074590602144632
23	49	0.007074590602144165
23	47	0.007074590602144092
13	64	0.007020696271051865
16	34	0.006988473417963466
34	56	0.006970892029647896
4	29	0.006927686428109505
20	21	0.006923478210185992
29	57	0.006889368045968805
29	68	0.006889368045968732
1	21	0.0068404885651737486
4	46	0.006823521986816201
15	62	0.006790553685712389
12	16	0.00669011498588544
13	18	0.006594305916664136
56	60	0.006436943261884898
4	26	0.006427251045867329
4	45	0.006427251045867104
12	56	0.006378529040061783
1	18	0.006318192329534882
55	69	0.006278826452374267
6	11	0.0062670040742175675
17	64	0.0061877391780317936
46	49	0.006073421825096762
46	47	0.006073421825096588
13	53	0.006036588713283654
27	42	0.00602119101208355
42	44	0.006021191012083401
28	62	0.00600339472757013
50	58	0.0059690636658303025
20	45	0.005960601534851292
20	26	0.005960601534851058
24	55	0.005891621066943755
18	69	0.005874056581157204
43	69	0.0058379125895785975
6	20	0.005821436874738136
36	49	0.0056524216629354005
36	47	0.0056524216629353025
35	74	0.005589652415005215
35	75	0.005589652415005064
19	27	0.005556405218564075
19	44	0.005556405218564006
50	67	0.005555124333871771
33	67	0.005519523862394725
14	15	0.005514535481517478
3	23	0.005513283637063281
3	48	0.005513283637063194
4	16	0.005502327061864027
16	55	0.005385433871394741
33	58	0.005313854565319201
23	77	0.005300474052509046
48	77	0.00530047405250892
33	43	0.005265683184760818
43	46	0.005260233634715389
18	24	0.005194539762425969
16	62	0.005192438289798559
41	67	0.005140394191780083
20	46	0.005105372114126492
17	57	0.005097281534902758
17	68	0.005097281534902364
12	64	0.00502254272011214
15	43	0.004979425892886651
8	62	0.004976544426467408
17	36	0.004948778958498209
8	11	0.004926519156183366
41	58	0.004880068118512856
24	25	0.004867078912209636
3	11	0.004824745860449457
12	17	0.004814227706654779
47	77	0.0047700306694165315
49	77	0.004770030669416523
12	28	0.004735988258827817
33	36	0.004686063049792754
26	50	0.00466821951010919
45	50	0.0046682195101090404
11	69	0.004656470783359418
10	20	0.004622399002884057
38	55	0.00460282138628656
42	55	0.004568937087907324
25	29	0.004547158655547192
15	61	0.004533846364258411
1	37	0.004519216826854647
48	57	0.004506660450613271
23	57	0.004506660450613103
48	68	0.00450666045061308
23	68	0.004506660450612965
37	69	0.004491654012526888
50	62	0.004454615641653882
10	25	0.0044530482533007044
28	36	0.0044154052479754
5	11	0.004320755758645545
10	63	0.004294231270948334
19	29	0.004263049987432358
29	56	0.004241438995322503
9	53	0.004221442364496284
19	77	0.004211732224805337
11	13	0.004211074594272996
13	46	0.004194386090290292
18	48	0.004165770992577531
18	23	0.004165770992577497
63	69	0.004136912878153064
18	61	0.00407177327847157
17	50	0.00406885955212631
1	16	0.004067143937725767
3	49	0.004003229384767323
3	47	0.004003229384767202
16	42	0.003999603057768968
20	34	0.003997507975063034
65	67	0.003945541185286967
5	53	0.003920161382808953
20	69	0.003913273547265062
2	36	0.0038889081029372923
62	65	0.0038482129663598187
54	62	0.0038439014215273463
4	54	0.003837848602497985
35	56	0.0038372451281258654
10	50	0.003808159903436769
20	25	0.0038059962702731787
22	62	0.0037891611441263962
16	18	0.0037411217623535874
11	62	0.0037054515625151094
9	62	0.0036875913078325516
16	53	0.003661208458168504
2	26	0.0036503182802267217
2	45	0.0036503182802265256
20	28	0.003608080226106391
56	65	0.00358627799955513
17	45	0.003549977628085863
17	26	0.003549977628085693
3	13	0.003549218704343355
42	69	0.003535076707103734
24	46	0.0034855176175767636
18	34	0.003369899922997909
34	53	0.003350149390127983
2	7	0.0033360656513987137
1	19	0.0032334555504237774
53	63	0.003201619027636611
1	4	0.0031790794954202114
39	59	0.003173083232549477
31	40	0.003173083232549474
40	59	0.0031730832325494456
40	73	0.00317308323254944
51	59	0.003173083232549433
40	71	0.0031730832325494213
51	72	0.0031730832325493905
32	40	0.0031730832325493857
51	76	0.0031730832325493805
31	39	0.0031730832325493536
40	70	0.0031730832325493523
40	51	0.0031730832325493233
31	32	0.003173083232549308
39	40	0.003173083232549303
51	71	0.0031730832325493003
32	51	0.0031730832325492786
32	76	0.003173083232549267
32	39	0.003173083232549255
70	72	0.003173083232549252
73	76	0.0031730832325492482
71	72	0.0031730832325492482
72	76	0.003173083232549246
71	76	0.003173083232549244
40	66	0.003173083232549236
32	66	0.0031730832325492357
51	73	0.0031730832325492357
51	70	0.003173083232549235
66	76	0.003173083232549231
51	52	0.003173083232549226
32	72	0.0031730832325492257
70	76	0.003173083232549224
52	76	0.0031730832325492188
31	72	0.003173083232549218
51	66	0.0031730832325492157
39	71	0.0031730832325492114
32	73	0.0031730832325492083
59	71	0.003173083232549206
31	71	0.0031730832325492053
39	52	0.0031730832325492023
31	73	0.0031730832325491975
31	51	0.003173083232549197
59	70	0.003173083232549196
32	52	0.003173083232549194
39	70	0.003173083232549192
40	76	0.003173083232549192
32	71	0.003173083232549186
59	73	0.0031730832325491845
32	70	0.0031730832325491828
70	71	0.0031730832325491815
70	73	0.0031730832325491815
59	66	0.0031730832325491797
39	73	0.0031730832325491797
31	66	0.0031730832325491793
59	72	0.0031730832325491736
39	66	0.0031730832325491728
31	52	0.003173083232549172
40	52	0.0031730832325491632
59	76	0.0031730832325491615
32	59	0.003173083232549144
40	72	0.0031730832325491377
31	76	0.0031730832325491346
31	70	0.0031730832325491225
39	72	0.0031730832325490665
39	76	0.0031730832325490618
39	51	0.0031730832325490535
52	71	0.0031730832325490023
52	59	0.003173083232549
66	73	0.003173083232548996
52	70	0.0031730832325489867
66	72	0.003173083232548986
52	72	0.003173083232548984
52	66	0.003173083232548981
66	71	0.0031730832325489676
66	70	0.0031730832325489646
72	73	0.0031730832325489347
71	73	0.0031730832325489312
31	59	0.0031730832325489156
52	73	0.0031730832325489026
21	64	0.0031711616674141986
3	14	0.0031538477394248083
22	66	0.0031529009294328325
22	70	0.003152900929432818
22	52	0.003152900929432809
22	71	0.003152900929432799
22	51	0.0031529009294327774
22	59	0.0031529009294327718
22	72	0.003152900929432767
22	73	0.003152900929432663
22	76	0.003152900929432635
22	32	0.0031529009294324457
22	40	0.003152900929432435
22	31	0.0031529009294323966
22	39	0.003152900929432392
36	45	0.0031506598883807337
26	36	0.0031506598883807233
30	32	0.003132625619463541
30	39	0.0031326256194633664
30	31	0.0031326256194633205
30	59	0.0031326256194632164
30	40	0.0031326256194631383
30	76	0.003132625619462956
30	51	0.0031326256194629427
30	72	0.0031326256194628734
30	52	0.0031326256194627107
30	70	0.0031326256194627016
30	71	0.0031326256194626886
30	66	0.003132625619462683
30	73	0.0031326256194626396
25	61	0.003082816710695005
4	23	0.003019078157741201
4	48	0.003019078157741022
30	38	0.002973668300971725
38	39	0.002965101221105945
38	66	0.002965101221105804
38	71	0.002965101221105801
38	70	0.0029651012211057977
38	73	0.002965101221105781
38	76	0.002965101221105477
38	72	0.0029651012211054503
38	51	0.0029651012211054455
38	59	0.00296510122110543
31	38	0.0029651012211053917
38	52	0.002965101221105333
38	40	0.0029651012211053002
32	38	0.002965101221105197
22	30	0.0029304707126908856
12	13	0.0029195162552426886
58	61	0.0029041159242530097
12	21	0.00289982325274354
43	62	0.0028606585615798905
36	43	0.002857529087899992
36	67	0.002843136925972333
35	41	0.002820457063755846
6	62	0.0028141827086639697
22	38	0.002770616351048756
13	20	0.0027475166113810883
10	28	0.0027294464220475635
23	58	0.002725370120833546
48	58	0.0027253701208332292
27	33	0.002683326635793829
33	44	0.002683326635793728
23	55	0.0026546533739866193
48	55	0.0026546533739862663
10	75	0.002634091297323243
10	74	0.002634091297323237
22	54	0.0026320660216021833
23	67	0.0026203781928071657
48	67	0.0026203781928069367
23	61	0.0026104309934375323
48	61	0.0026104309934373033
4	55	0.0025927633665494675
58	65	0.0025772403969667682
50	77	0.00253682202826254
25	62	0.0025055772262998766
13	65	0.0024920968271045178
16	28	0.002459034070552143
17	69	0.0024517632136598086
43	44	0.002450073712757567
27	43	0.00245007371275756
54	72	0.002447093266439954
54	70	0.0024470932664399495
54	71	0.002447093266439948
54	66	0.0024470932664399465
54	73	0.002447093266439911
32	54	0.002447093266439811
54	76	0.002447093266439795
52	54	0.0024470932664396577
51	54	0.0024470932664396386
39	54	0.0024470932664395952
31	54	0.002447093266439545
40	54	0.002447093266439348
54	59	0.0024470932664388363
35	53	0.00243886574117655
14	34	0.002434829634707798
37	53	0.002431915242266063
12	55	0.0024037993975145194
13	21	0.002349695445098149
38	54	0.002329415668839591
60	67	0.0023282908982543964
32	77	0.002326927602351818
70	77	0.0023269276023517587
73	77	0.0023269276023516836
31	77	0.0023269276023515375
40	77	0.0023269276023515344
59	77	0.002326927602351509
52	77	0.002326927602351499
66	77	0.00232692760235148
71	77	0.0023269276023514755
39	77	0.002326927602351473
72	77	0.00232692760235147
76	77	0.0023269276023513362
51	77	0.0023269276023512517
10	16	0.0023148113479883655
41	72	0.002311065262993022
41	70	0.0023110652629929353
40	41	0.0023110652629928985
39	41	0.0023110652629928755
41	59	0.002311065262992866
41	71	0.0023110652629928633
41	52	0.002311065262992849
31	41	0.0023110652629928373
41	66	0.0023110652629928256
32	41	0.0023110652629927575
41	76	0.0023110652629926465
41	51	0.002311065262992613
41	73	0.002311065262992603
33	74	0.0022487305339348104
33	75	0.002248730533934793
29	55	0.002235212684940679
14	19	0.0022304359594846057
5	75	0.00220469473980074
5	74	0.0022046947398005542
12	37	0.00215953164025009
16	57	0.00214264118241227
16	68	0.002142641182411923
30	54	0.002134335835034329
30	41	0.002117580466489489
30	77	0.002116698990726261
48	50	0.002092199602431688
23	50	0.002092199602431296
55	63	0.0020764134235001647
22	63	0.0020632414336889055
4	11	0.0020568619271988334
11	34	0.0020300860650015427
17	23	0.0020269087324390547
17	48	0.0020269087324389957
22	41	0.0020238037996770718
18	49	0.002023316635143516
18	47	0.002023316635143396
38	77	0.0020063476006435266
9	14	0.002000378159747329
38	41	0.0019894513583308304
3	55	0.0019852905092754797
3	50	0.001971366807772489
36	58	0.0019482428590987533
24	36	0.001936962192298157
66	74	0.0019279183843443014
51	75	0.001927918384344226
59	74	0.001927918384344189
59	75	0.0019279183843441783
32	75	0.001927918384344159
51	74	0.0019279183843441338
40	74	0.001927918384344117
73	74	0.0019279183843440419
32	74	0.001927918384344013
40	75	0.0019279183843439282
31	75	0.001927918384343923
31	74	0.0019279183843439168
73	75	0.001927918384343916
75	76	0.0019279183843439124
66	75	0.0019279183843438998
70	75	0.001927918384343893
70	74	0.001927918384343893
39	74	0.001927918384343892
39	75	0.0019279183843438873
71	75	0.0019279183843438621
52	74	0.0019279183843438478
52	75	0.001927918384343843
71	74	0.0019279183843438261
72	75	0.0019279183843438252
74	76	0.0019279183843438174
72	74	0.0019279183843438118
22	53	0.0019019568840922532
5	25	0.0018929322992698328
2	29	0.0018871574833826243
13	34	0.0018742585726824277
41	53	0.001869582587831345
25	64	0.001845381813381803
29	36	0.0018397313986779594
56	77	0.0018368254044536262
8	20	0.001820871391906364
43	63	0.0017957445917315962
22	77	0.0017746852714393096
22	64	0.0017626580687319167
19	55	0.001758646805262539
53	61	0.0017482715591379773
34	60	0.0017455497870700939
61	77	0.0017450646343162846
30	74	0.0017424890902561628
30	75	0.0017424890902561553
25	33	0.0017056012657526327
22	74	0.0016975231956672522
22	75	0.0016975231956671336
54	61	0.0016750638946443647
5	50	0.0016723508204555485
34	74	0.0016300780452730458
34	75	0.0016300780452730102
3	56	0.001593175789543615
4	65	0.001587165071396725
38	74	0.0015850181598531863
38	75	0.0015850181598530955
5	54	0.0015845457653831004
42	46	0.0015823600010910783
5	28	0.0015822520041359357
47	55	0.0015740198345341096
49	55	0.0015740198345338859
4	60	0.0015704230625689236
12	34	0.0015647670615346956
54	64	0.0015526924271120589
1	69	0.0015331290350590445
53	71	0.0015326964733115922
53	70	0.0015326964733115862
31	53	0.0015326964733115038
39	53	0.0015326964733114584
40	53	0.0015326964733113403
53	76	0.001532696473311331
53	66	0.001532696473311319
53	72	0.0015326964733112943
53	59	0.0015326964733112874
32	53	0.0015326964733112858
53	73	0.0015326964733112453
51	53	0.0015326964733111573
52	53	0.0015326964733111462
10	43	0.0015132111209837078
18	21	0.0015124161411276878
30	53	0.001503495977363956
29	74	0.001490016969918676
29	75	0.001490016969918598
23	44	0.0014895279874287126
44	48	0.0014895279874286788
23	27	0.0014895279874284082
27	48	0.00148952798742839
7	19	0.0014865466019992977
4	63	0.0014774098504152094
27	69	0.0014672487511751325
44	69	0.0014672487511749504
35	63	0.0014476287565053092
15	68	0.0014417011660766872
15	57	0.0014417011660766647
13	58	0.0014408127290755999
4	18	0.0014343429270719911
18	64	0.0014333778034405229
26	56	0.0014236964975637752
45	56	0.0014236964975637163
37	45	0.0014157221739283816
26	37	0.0014157221739283642
11	77	0.0014138977704736674
21	36	0.0014005261051056265
1	22	0.0013977979249621326
45	63	0.0013973140819663263
26	63	0.0013973140819662153
50	64	0.0013833166101880753
5	33	0.0013725070770105284
3	12	0.0013610621006700076
62	69	0.00133757084815243
3	5	0.001337428046561175
15	69	0.0013366476288607099
41	54	0.0013192294957309377
4	24	0.001316990174908661
3	10	0.0012937698909342146
15	55	0.0012644824033542085
44	47	0.0012575866727127898
27	47	0.001257586672712762
27	49	0.0012575866727126388
44	49	0.0012575866727126007
17	19	0.001228969851578273
4	50	0.0012220959950878093
17	25	0.0012194981883603163
53	75	0.0012177742487018259
53	74	0.0012177742487017062
62	77	0.0012109588422286148
54	63	0.0011947364369063584
10	54	0.0011874307846487945
10	55	0.0011775526459099706
3	16	0.0011733169304796879
65	74	0.001164058759442966
65	75	0.0011640587594427734
60	75	0.0011629342996679407
60	74	0.0011629342996677316
5	34	0.0011588879125892394
14	46	0.0011567404542699063
7	53	0.0011244889634214324
14	56	0.0011193369540075087
55	61	0.0010993092085089997
1	5	0.0010972237945102523
21	47	0.0010820662374535
21	49	0.0010820662374534567
3	61	0.0010804645422065728
53	56	0.0010496756570193694
2	3	0.0010434376730367855
35	38	0.0010365277471222436
41	77	0.0010073409774954659
19	26	0.0009867373822565004
19	45	0.0009867373822564432
1	33	0.000980934525211882
58	77	0.0009627274317848262
18	55	0.0009513171566538554
62	74	0.000950620669610434
62	75	0.0009506206696103855
1	30	0.0009441646233891907
3	53	0.0009003037880446884
33	69	0.000895938903965332
38	53	0.0008950012610826196
20	36	0.0008921960677273858
1	52	0.0008865631871174348
1	72	0.0008865631871174293
1	31	0.0008865631871174092
1	76	0.0008865631871174092
1	73	0.0008865631871174072
1	40	0.0008865631871174035
1	66	0.0008865631871174012
1	51	0.0008865631871173806
1	39	0.0008865631871173172
1	32	0.0008865631871172969
1	71	0.0008865631871172958
1	70	0.0008865631871172949
1	59	0.0008865631871171945
30	69	0.000839137512105957
3	42	0.0008157025329040436
1	11	0.0007955530962263837
11	65	0.0007619417843582523
1	38	0.0007407708137522838
20	37	0.0007270795472157218
58	60	0.0006945547538738973
20	72	0.0006787600897961068
20	71	0.0006787600897960647
20	70	0.0006787600897960554
20	52	0.0006787600897960181
20	73	0.0006787600897959374
20	39	0.0006787600897959294
20	76	0.0006787600897959259
20	31	0.0006787600897959138
20	66	0.0006787600897958932
20	51	0.000678760089795875
20	32	0.0006787600897958563
20	59	0.000678760089795695
20	40	0.0006787600897954266
17	77	0.0006713924250050219
33	41	0.0006641671240611045
3	25	0.0006472842971187911
2	53	0.0006430710778156379
36	54	0.000639985161646808
21	50	0.0006255925096791848
5	21	0.0006236393333578531
5	48	0.0006143242847524398
5	23	0.0006143242847523704
52	55	0.0006079669695039872
55	73	0.0006079669695039733
55	59	0.0006079669695039638
40	55	0.0006079669695038855
55	76	0.000607966969503869
39	55	0.0006079669695038547
31	55	0.0006079669695038536
55	71	0.0006079669695037736
55	70	0.0006079669695037643
55	72	0.0006079669695037244
55	66	0.0006079669695036923
32	55	0.0006079669695036652
51	55	0.0006079669695036507
2	5	0.0006014619675549192
24	69	0.0005921169547075601
54	74	0.0005855851215122547
54	75	0.0005855851215122148
47	51	0.0005855129671714027
49	51	0.0005855129671713361
47	73	0.0005855129671713278
47	66	0.0005855129671713174
47	59	0.0005855129671713034
49	59	0.0005855129671712749
49	72	0.0005855129671712741
47	71	0.0005855129671712341
47	70	0.0005855129671712273
31	49	0.0005855129671712226
32	47	0.0005855129671712207
40	49	0.0005855129671711936
49	73	0.0005855129671711811
49	76	0.0005855129671711715
47	76	0.0005855129671711654
49	52	0.0005855129671711527
32	49	0.0005855129671711341
49	71	0.0005855129671711339
49	66	0.0005855129671711287
49	70	0.000585512967171127
31	47	0.000585512967171124
47	72	0.0005855129671711065
39	49	0.0005855129671711014
39	47	0.0005855129671711004
40	47	0.0005855129671710435
47	52	0.0005855129671709933
3	30	0.0005688392929090959
3	72	0.0005652254047562341
3	52	0.0005652254047559125
3	76	0.0005652254047558778
3	70	0.0005652254047558401
3	73	0.0005652254047557649
3	71	0.000565225404755756
3	66	0.0005652254047557516
3	51	0.0005652254047557336
3	59	0.0005652254047557128
3	39	0.0005652254047556103
3	32	0.0005652254047555651
3	40	0.0005652254047555441
3	31	0.0005652254047555294
67	77	0.0005459970251267335
18	65	0.0005389948933140088
30	47	0.0005278800810825381
30	49	0.0005278800810825067
20	30	0.0005245652768310211
24	51	0.0005227290675154002
24	73	0.000522729067515143
24	76	0.0005227290675151152
24	39	0.0005227290675151128
24	52	0.0005227290675150519
24	31	0.0005227290675150463
24	71	0.0005227290675150439
24	66	0.0005227290675150391
24	32	0.000522729067515019
24	72	0.0005227290675149984
24	70	0.0005227290675149847
24	40	0.0005227290675149593
24	59	0.0005227290675149233
2	56	0.0005097906342635631
16	21	0.0005046664443517476
30	62	0.0004963529326165186
36	69	0.0004958680330368215
31	45	0.0004941580491394232
45	59	0.000494158049139302
26	39	0.0004941580491391929
26	31	0.0004941580491391372
26	32	0.000494158049139094
39	45	0.0004941580491389797
45	73	0.0004941580491389648
26	40	0.0004941580491389446
26	59	0.0004941580491389229
45	71	0.0004941580491388934
45	70	0.0004941580491388824
32	45	0.000494158049138867
45	66	0.0004941580491388648
26	73	0.0004941580491388503
26	76	0.0004941580491388475
26	66	0.000494158049138824
26	51	0.0004941580491388074
40	45	0.0004941580491388006
45	52	0.0004941580491387996
26	72	0.0004941580491387709
26	52	0.0004941580491387557
26	71	0.0004941580491387256
45	72	0.0004941580491387189
45	51	0.0004941580491386348
45	76	0.0004941580491385868
26	70	0.0004941580491384405
6	43	0.00048156169920504123
35	57	0.0004801023674403087
35	68	0.00048010236744025145
22	45	0.00047750647242466486
22	26	0.0004775064724242711
26	64	0.0004771912534439291
45	64	0.0004771912534438597
28	58	0.0004689770006177322
41	65	0.00044843920387466684
4	34	0.0004479771597846183
24	30	0.00044612622412194803
41	60	0.00042977714967864416
54	77	0.00042660067250143265
19	64	0.00040012692225408104
16	38	0.0003999424129898302
74	77	0.000389955023934536
75	77	0.0003899550239345167
27	63	0.0003826977276491436
44	63	0.00038269772764910545
38	49	0.0003820523539060439
38	47	0.0003820523539059058
33	60	0.0003783944672822552
30	55	0.0003641451442035408
18	53	0.0003303894608672536
28	67	0.00031788765339593565
11	56	0.0003143536520595607
56	63	0.0003137032669573471
30	45	0.00030930394488085686
26	30	0.00030930394488084905
17	63	0.0003063918682301211
24	38	0.00030276741419871397
16	23	0.0002878097469941705
16	48	0.0002878097469940274
42	61	0.0002836496732953331
37	58	0.0002697156902659228
45	69	0.0002606781418895577
26	69	0.00026067814188922376
19	42	0.0002605188087121974
4	44	0.00025716712445282564
4	27	0.0002571671244526834
7	41	0.0002454030714903856
20	22	0.00023540496740957046
20	38	0.00023150798725899433
3	38	0.00021823226888905345
38	63	0.00021215606091800872
3	77	0.0002011718781424099
18	37	0.00018884072579533877
8	69	0.00018686047403891105
17	24	0.00017791459946077826
19	24	0.00017341734236631708
25	58	0.00015480614821059262
17	62	0.00015109011325988887
53	77	0.00014644922875130598
22	49	0.0001382923082455785
22	47	0.00013829230824547898
56	67	0.00013713782186245034
18	30	0.00012103380428375504
53	54	0.00011063612823230986
47	53	0.00010761470659373883
49	53	0.00010761470659360244
24	44	0.00010030043217423932
24	27	0.00010030043217421503
36	50	8.835855153828918e-05
4	14	8.4406752192576e-05
50	52	8.159505542253273e-05
50	66	8.159505542250085e-05
50	71	8.159505542249478e-05
50	73	8.159505542248958e-05
50	70	8.159505542248502e-05
31	50	8.159505542231025e-05
50	72	8.159505542224802e-05
50	51	8.159505542223067e-05
32	50	8.15950554222066e-05
40	50	8.159505542219749e-05
39	50	8.159505542218188e-05
50	76	8.1595055422047e-05
50	59	8.159505542194422e-05
18	72	5.757675708179086e-05
18	32	5.757675708167398e-05
18	40	5.757675708160806e-05
18	76	5.7576757081568815e-05
18	51	5.757675708155819e-05
18	73	5.757675708141334e-05
18	59	5.757675708141269e-05
18	52	5.757675708138645e-05
18	70	5.757675708134634e-05
18	39	5.7576757081275864e-05
18	71	5.7576757081201054e-05
18	66	5.757675708120084e-05
18	31	5.757675708118566e-05
61	74	5.54170897778131e-05
61	75	5.541708977767259e-05
25	67	5.024327944550249e-05
19	46	4.617113981558382e-05
1	65	4.5112750840441834e-05
34	62	4.3076740167957706e-05
3	41	4.289483835737324e-05
29	38	3.948913177681621e-05
24	53	3.0331545208067256e-05
20	24	9.44112134432587e-06
4	5	6.9548732820629705e-06
22	24	-1.8218215606911198e-05
14	77	-3.8292578284236135e-05
22	55	-4.2881592039049985e-05
26	38	-5.793312321736299e-05
38	45	-5.793312321765594e-05
23	59	-5.98397808469907e-05
23	31	-5.9839780847001974e-05
48	76	-5.983978084702778e-05
48	72	-5.9839780847054016e-05
48	51	-5.983978084708784e-05
23	32	-5.983978084716135e-05
23	39	-5.983978084716981e-05
40	48	-5.983978084718607e-05
23	51	-5.983978084719041e-05
23	40	-5.983978084720862e-05
31	48	-5.983978084720884e-05
23	71	-5.983978084724462e-05
48	73	-5.9839780847248305e-05
23	66	-5.983978084725156e-05
32	48	-5.983978084725329e-05
48	71	-5.983978084725698e-05
48	70	-5.983978084726717e-05
23	72	-5.983978084728625e-05
23	76	-5.983978084728712e-05
39	48	-5.9839780847303166e-05
23	70	-5.983978084731097e-05
23	52	-5.983978084731574e-05
23	73	-5.9839780847370386e-05
48	52	-5.983978084738665e-05
48	66	-5.983978084747729e-05
48	59	-5.983978084748249e-05
21	24	-6.602543103334459e-05
1	12	-7.308996298434171e-05
38	50	-8.006496360891328e-05
37	74	-8.592479271136554e-05
37	75	-8.592479271145401e-05
22	48	-8.648611378758372e-05
22	23	-8.648611378776717e-05
28	46	-8.833874280523776e-05
12	69	-8.930492309412036e-05
13	22	-9.715494287030084e-05
37	41	-0.00010398870837033305
30	50	-0.0001228329660137586
21	58	-0.00014346331762371827
3	17	-0.0001613376302571955
5	7	-0.00016165920606668951
18	38	-0.00016220780199069015
11	46	-0.00017060273319900558
22	69	-0.00019432766894449897
18	77	-0.00019492955866894004
30	48	-0.0001996333534209937
23	30	-0.00019963335342108477
10	26	-0.0002010793073412209
10	45	-0.00020107930734155136
22	42	-0.00020589736023717692
3	22	-0.00020708991143996596
22	50	-0.00023679914935721973
21	25	-0.00025400741985987093
21	67	-0.0002587891635944348
33	65	-0.0002694314055664577
28	61	-0.0002743725245945034
37	49	-0.00027580028242465623
37	47	-0.0002758002824247109
26	62	-0.00029172719937377734
45	62	-0.0002917271993738927
21	57	-0.00029621958760059526
21	68	-0.0002962195876006113
7	20	-0.0003093494737458225
30	35	-0.00031008388187163047
12	36	-0.0003106978097659578
4	77	-0.000313050465468161
16	35	-0.00031440078445700397
9	41	-0.0003216604030135727
56	74	-0.00033450982066519485
56	75	-0.0003345098206654646
38	48	-0.0003350968640048167
23	38	-0.00033509686400485465
21	77	-0.0003443203471197913
41	47	-0.00035521639494892057
41	49	-0.000355216394949117
19	28	-0.00035639879206930333
16	63	-0.00036129919410002667
18	57	-0.0003790301802453497
18	68	-0.0003790301802454165
18	22	-0.00039016270389261184
14	62	-0.00039548045816474413
48	64	-0.00039604899636079896
23	64	-0.0003960489963610956
35	62	-0.00040949817288306323
8	53	-0.0004173082882106471
3	58	-0.000418263457839357
12	25	-0.0004202625541605519
20	49	-0.00042490837892934525
20	47	-0.00042490837892936346
13	75	-0.0004258489565957188
13	74	-0.0004258489565957197
30	42	-0.0004321780560393499
22	65	-0.00043444726410946143
60	61	-0.00044079006004116815
21	37	-0.00045164755331042407
69	73	-0.0004544689847732165
69	70	-0.0004544689847732488
69	71	-0.00045446898477325467
31	69	-0.0004544689847733271
39	69	-0.0004544689847733655
32	69	-0.000454468984773367
69	76	-0.0004544689847733906
51	69	-0.00045446898477339735
69	72	-0.00045446898477341426
59	69	-0.0004544689847734934
40	69	-0.0004544689847734997
52	69	-0.0004544689847735175
66	69	-0.00045446898477362373
34	67	-0.00046416591161397257
27	53	-0.00046506785758787094
44	53	-0.000465067857587877
3	67	-0.000473101100141227
35	55	-0.0004898087603851893
10	41	-0.0004899819585131534
25	71	-0.0004935400404052503
25	52	-0.0004935400404052659
25	66	-0.0004935400404053063
25	70	-0.0004935400404053102
25	51	-0.0004935400404054858
25	72	-0.0004935400404054875
25	73	-0.0004935400404054997
25	32	-0.0004935400404055062
25	31	-0.0004935400404055647
25	39	-0.0004935400404055986
25	76	-0.0004935400404055988
25	40	-0.00049354004040571
25	59	-0.0004935400404057942
24	41	-0.000506062003051674
29	35	-0.0005073637706479329
1	41	-0.0005108710544420474
29	72	-0.0005229016830623091
29	71	-0.0005229016830623193
29	70	-0.0005229016830623349
29	39	-0.0005229016830623941
29	66	-0.000522901683062401
29	52	-0.0005229016830624023
29	32	-0.0005229016830624652
29	76	-0.0005229016830624704
29	51	-0.0005229016830625112
29	31	-0.0005229016830625918
29	73	-0.0005229016830626131
29	40	-0.0005229016830626577
29	59	-0.0005229016830626825
5	41	-0.0005229227169877208
3	46	-0.0005246157802705157
14	22	-0.0005283056084632084
42	53	-0.0005284841280232414
42	76	-0.0005435192568485781
42	73	-0.0005435192568485976
42	52	-0.0005435192568486063
42	66	-0.0005435192568486191
40	42	-0.0005435192568486805
42	72	-0.0005435192568486904
42	71	-0.0005435192568486922
31	42	-0.0005435192568487035
42	70	-0.0005435192568487065
42	51	-0.00054351925684871
32	42	-0.0005435192568487329
39	42	-0.000543519256848752
42	59	-0.0005435192568487798
11	17	-0.0005530594786134491
17	58	-0.0005541844943857286
11	22	-0.000556019402396953
25	30	-0.0005591351279515713
29	30	-0.0005622047660451064
32	46	-0.0005849104017225232
31	46	-0.0005849104017225787
46	66	-0.0005849104017226076
39	46	-0.0005849104017226765
46	52	-0.000584910401722709
46	70	-0.0005849104017227307
46	71	-0.0005849104017227619
46	73	-0.0005849104017227658
46	72	-0.0005849104017228001
40	46	-0.0005849104017228012
46	51	-0.0005849104017228092
46	76	-0.0005849104017228578
46	59	-0.0005849104017229096
21	69	-0.0006006049525972151
30	46	-0.0006075207860923016
4	30	-0.0006432511797479963
4	72	-0.0006480321452645608
4	52	-0.0006480321452646122
4	71	-0.0006480321452646462
4	66	-0.0006480321452646527
4	76	-0.0006480321452646807
4	39	-0.0006480321452647015
4	70	-0.0006480321452647217
4	73	-0.0006480321452647265
4	32	-0.0006480321452647338
4	59	-0.0006480321452648236
4	31	-0.0006480321452648338
4	51	-0.0006480321452649069
4	40	-0.0006480321452649216
18	62	-0.0006725290320883865
62	71	-0.0006743774308695561
31	62	-0.0006743774308695704
52	62	-0.000674377430869627
62	73	-0.000674377430869638
62	72	-0.0006743774308696389
62	70	-0.0006743774308696478
62	66	-0.0006743774308696484
62	76	-0.0006743774308696521
59	62	-0.000674377430869684
51	62	-0.000674377430869697
40	62	-0.0006743774308697039
39	62	-0.0006743774308697139
32	62	-0.0006743774308698603
34	41	-0.0006890559776147461
19	54	-0.0007050435116506193
2	46	-0.0007142575506083933
10	38	-0.0007150471371291556
6	37	-0.0007188920060721155
43	55	-0.0007223324948667986
7	18	-0.000729981929365995
45	53	-0.0007346937424860035
26	53	-0.0007346937424860082
38	42	-0.0007376864108325069
22	25	-0.000741703453828106
36	56	-0.000749002599850012
25	38	-0.0007531869402042503
35	44	-0.0007554122843740681
27	35	-0.0007554122843743596
38	46	-0.0007613745471768245
3	74	-0.0007982029130882552
3	75	-0.0007982029130882808
11	76	-0.0008147602166191817
11	39	-0.0008147602166192766
11	52	-0.0008147602166192862
11	66	-0.0008147602166193131
11	51	-0.00081476021661934
11	73	-0.0008147602166193747
11	72	-0.0008147602166194015
11	59	-0.0008147602166194705
11	71	-0.0008147602166194835
11	40	-0.0008147602166194865
11	70	-0.0008147602166194965
11	31	-0.0008147602166194996
11	32	-0.0008147602166195
25	77	-0.0008170158313250239
1	60	-0.0008188844259739269
22	46	-0.0008222608484151398
2	55	-0.000832024870860348
22	29	-0.0008372888130999991
49	69	-0.0008402664406487459
47	69	-0.0008402664406487776
37	54	-0.0008497893661437257
32	58	-0.0008511528756057905
39	58	-0.0008511528756058213
58	59	-0.0008511528756058346
58	76	-0.0008511528756058959
58	73	-0.0008511528756058972
31	58	-0.0008511528756059263
58	66	-0.0008511528756059485
58	72	-0.0008511528756060414
51	58	-0.0008511528756060714
40	58	-0.0008511528756060716
52	58	-0.0008511528756060881
58	71	-0.0008511528756061796
58	70	-0.0008511528756061815
62	67	-0.0008558685640520092
67	71	-0.0008606070118743074
67	72	-0.0008606070118743595
67	76	-0.0008606070118743672
67	70	-0.0008606070118743883
52	67	-0.000860607011874389
67	73	-0.0008606070118744408
66	67	-0.0008606070118745211
59	67	-0.0008606070118745326
51	67	-0.0008606070118746269
40	67	-0.0008606070118746985
39	67	-0.0008606070118747102
31	67	-0.0008606070118748199
32	67	-0.0008606070118748459
53	55	-0.0008650532157129342
38	69	-0.0008690946865002143
8	41	-0.0008770295397256978
21	62	-0.0008871707483133098
35	70	-0.0008980580209451451
35	72	-0.0008980580209451711
35	52	-0.000898058020945188
35	66	-0.0008980580209452423
35	71	-0.0008980580209452626
35	76	-0.0008980580209453142
31	35	-0.0008980580209453559
35	39	-0.0008980580209454075
35	73	-0.0008980580209454144
35	40	-0.0008980580209454305
35	59	-0.0008980580209454578
35	51	-0.0008980580209455654
32	35	-0.0008980580209455745
22	34	-0.0008993383725323699
50	55	-0.0009262531512381012
30	67	-0.0009463862332387571
49	74	-0.0009488748353316538
47	75	-0.0009488748353316985
47	74	-0.0009488748353317124
49	75	-0.0009488748353318052
49	54	-0.0009510820961868179
47	54	-0.0009510820961868387
20	53	-0.0009518045527203743
18	50	-0.0009583926443466691
58	69	-0.0009630500445524702
30	58	-0.0009630765646134864
27	52	-0.0009728618254963638
44	52	-0.0009728618254964483
27	71	-0.0009728618254964644
44	73	-0.0009728618254964735
44	66	-0.0009728618254964752
27	66	-0.0009728618254964832
27	70	-0.0009728618254964887
44	71	-0.0009728618254964913
44	70	-0.0009728618254965019
27	39	-0.0009728618254965307
27	59	-0.0009728618254965359
27	51	-0.0009728618254965949
27	73	-0.0009728618254965971
27	76	-0.0009728618254966558
44	72	-0.0009728618254966565
44	76	-0.0009728618254966582
27	72	-0.0009728618254966608
27	32	-0.0009728618254966812
32	44	-0.0009728618254967298
44	59	-0.000972861825496787
44	51	-0.0009728618254967983
39	44	-0.0009728618254968182
27	31	-0.0009728618254968213
40	44	-0.0009728618254969059
31	44	-0.0009728618254969171
27	40	-0.000972861825496928
16	20	-0.0009760626375435863
30	37	-0.0009764965277727069
4	33	-0.0009832580702741657
50	63	-0.0009836690066182168
38	56	-0.000984361522754646
21	28	-0.0009850704483733614
30	44	-0.001011486580088267
27	30	-0.0010114865800884575
41	50	-0.0010119389313925974
17	31	-0.0010170262776104302
17	59	-0.0010170262776104618
17	51	-0.0010170262776104926
17	76	-0.0010170262776105488
17	32	-0.0010170262776105512
17	40	-0.0010170262776105945
17	73	-0.0010170262776106587
17	66	-0.0010170262776107298
17	72	-0.0010170262776107945
17	52	-0.0010170262776108435
17	70	-0.0010170262776109098
17	39	-0.00101702627761093
17	71	-0.0010170262776109684
2	38	-0.001017393939680054
50	53	-0.001031493370574929
4	38	-0.0010380289143487743
30	64	-0.0010423878927301568
4	68	-0.0010693340990081956
4	57	-0.0010693340990082217
11	26	-0.0010723216982367221
11	45	-0.001072321698236723
38	62	-0.0010778984264560843
41	55	-0.001078128666487511
17	30	-0.001078420740762327
28	50	-0.001102018571482761
3	54	-0.0011169409274609026
6	41	-0.0011211510878383324
23	25	-0.0011239550470049488
25	48	-0.0011239550470054198
63	77	-0.0011271765232804595
36	40	-0.0011366702039422348
36	51	-0.0011366702039423272
36	76	-0.0011366702039424027
36	72	-0.001136670203942424
31	36	-0.0011366702039424274
36	39	-0.00113667020394247
32	36	-0.0011366702039425245
36	59	-0.001136670203942623
36	66	-0.001136670203942679
36	70	-0.0011366702039426945
36	52	-0.0011366702039427123
36	73	-0.0011366702039427162
36	71	-0.0011366702039427427
38	58	-0.0011376049011107235
5	18	-0.0011401862493448578
38	67	-0.0011411018769534073
24	75	-0.0011426069554751933
24	74	-0.001142606955475303
12	41	-0.0011508352035852036
19	53	-0.0011569964285986873
8	14	-0.0011601812637782108
43	76	-0.00116111422470439
32	43	-0.0011611142247044998
40	43	-0.0011611142247044998
43	59	-0.0011611142247045386
43	66	-0.0011611142247045956
43	51	-0.001161114224704607
43	72	-0.001161114224704613
31	43	-0.0011611142247046138
39	43	-0.0011611142247046186
43	73	-0.0011611142247047593
43	71	-0.001161114224704781
43	70	-0.0011611142247047953
43	52	-0.0011611142247048606
11	54	-0.0011674657485893436
28	55	-0.0011676601677813236
61	64	-0.0011772214920776954
31	68	-0.001182981861101726
39	68	-0.0011829818611017312
40	57	-0.0011829818611017668
32	68	-0.0011829818611017763
31	57	-0.0011829818611018006
57	59	-0.0011829818611018249
57	71	-0.0011829818611018427
39	57	-0.001182981861101856
57	70	-0.001182981861101857
51	68	-0.0011829818611018704
51	57	-0.0011829818611018708
66	68	-0.0011829818611018713
59	68	-0.001182981861101877
52	68	-0.0011829818611018917
32	57	-0.0011829818611019047
52	57	-0.001182981861101906
40	68	-0.0011829818611019125
68	76	-0.0011829818611019637
68	70	-0.0011829818611019647
68	73	-0.0011829818611020038
57	72	-0.0011829818611020391
68	71	-0.0011829818611020517
57	76	-0.0011829818611020539
57	73	-0.0011829818611020675
57	66	-0.0011829818611020764
68	72	-0.0011829818611022393
21	43	-0.001194380410091063
21	46	-0.0011963522473655364
5	29	-0.0011998018816099347
23	41	-0.0012090412325295164
41	48	-0.0012090412325295886
41	46	-0.0012097806908463885
12	74	-0.0012142454346641494
12	75	-0.0012142454346642465
19	38	-0.001215440555600425
30	36	-0.0012161614861672637
3	20	-0.001219702329357697
38	44	-0.0012220264039602443
27	38	-0.0012220264039605319
59	65	-0.001224105391038845
52	65	-0.0012241053910389715
51	65	-0.0012241053910390003
40	65	-0.0012241053910390745
65	66	-0.0012241053910391029
65	73	-0.0012241053910391174
65	71	-0.0012241053910391235
65	70	-0.0012241053910391313
65	76	-0.001224105391039162
31	65	-0.001224105391039224
65	72	-0.0012241053910392872
32	65	-0.0012241053910393368
39	65	-0.0012241053910394466
17	67	-0.001227398703780417
41	45	-0.0012274696033910135
26	41	-0.0012274696033910456
11	30	-0.001231373346597208
20	41	-0.0012318614757683075
46	60	-0.0012352036635615467
34	64	-0.0012410028880970921
28	52	-0.001244398486371932
28	59	-0.0012443984863720144
28	71	-0.001244398486372043
28	70	-0.001244398486372059
28	66	-0.001244398486372142
28	72	-0.001244398486372184
28	40	-0.0012443984863722444
28	73	-0.0012443984863722598
28	76	-0.0012443984863723498
28	51	-0.0012443984863724088
28	32	-0.0012443984863724313
28	31	-0.0012443984863724513
28	39	-0.001244398486372532
11	24	-0.0012476008131255692
22	58	-0.001254075826856136
30	57	-0.0012558993036935375
30	68	-0.001255899303693586
18	41	-0.0012632334826306107
23	69	-0.0012678034297597986
48	69	-0.001267803429759979
33	63	-0.0012830431427950269
30	61	-0.0012858424379118781
1	24	-0.0012990422357089314
42	58	-0.0013026615462380887
6	12	-0.0013057118036085402
11	47	-0.0013073169025672486
11	49	-0.0013073169025673431
30	65	-0.0013098903828709714
32	37	-0.0013160701375455161
37	59	-0.0013160701375456085
31	37	-0.0013160701375456462
37	72	-0.0013160701375456608
37	40	-0.0013160701375456655
37	51	-0.0013160701375457252
37	76	-0.0013160701375457293
37	39	-0.0013160701375459043
37	73	-0.0013160701375459181
37	66	-0.0013160701375459292
37	52	-0.0013160701375459717
37	71	-0.001316070137546095
37	70	-0.0013160701375461244
2	54	-0.0013215248008739402
34	58	-0.001326141218582693
34	38	-0.0013262130895427457
39	60	-0.0013283892521036293
40	60	-0.001328389252103697
60	66	-0.001328389252103702
52	60	-0.0013283892521037163
51	60	-0.0013283892521037304
60	72	-0.001328389252103772
31	60	-0.0013283892521037803
59	60	-0.0013283892521037813
60	70	-0.0013283892521037876
60	73	-0.001328389252103814
60	71	-0.0013283892521038622
32	60	-0.0013283892521038648
60	76	-0.0013283892521040223
2	64	-0.0013295516565890887
37	38	-0.001335259534482357
22	67	-0.0013461000196797138
30	60	-0.0013485260178306515
18	43	-0.0013487376914321642
17	38	-0.0013496805631068485
43	61	-0.001350658991336056
30	43	-0.0013518319978299202
38	64	-0.0013586846026610773
5	38	-0.0013601690774168642
63	76	-0.001374713667269344
63	72	-0.00137471366726936
52	63	-0.0013747136672693748
63	73	-0.001374713667269383
39	63	-0.0013747136672693917
63	66	-0.0013747136672694464
63	71	-0.0013747136672694845
63	70	-0.001374713667269494
31	63	-0.001374713667269505
32	63	-0.0013747136672695808
59	63	-0.0013747136672696107
40	63	-0.0013747136672696515
51	63	-0.0013747136672697191
24	54	-0.0013845288399032553
13	38	-0.0013872789845941402
4	22	-0.0013900655841287497
20	48	-0.0013914180865093671
20	23	-0.0013914180865094543
11	38	-0.0013996439962633178
34	54	-0.0014042393015736643
22	44	-0.0014142546236593214
22	27	-0.0014142546236594437
30	63	-0.0014208227690311866
46	58	-0.0014256125040959557
4	53	-0.0014287633810057638
20	43	-0.0014292404035647823
54	56	-0.0014347520545446059
38	65	-0.0014367749422663015
28	30	-0.0014455848542691688
61	67	-0.0014482563860499743
25	41	-0.0014514864086536336
69	77	-0.0014553555955532983
52	56	-0.001456140754025728
39	56	-0.0014561407540260927
31	56	-0.0014561407540261855
51	56	-0.001456140754026205
40	56	-0.001456140754026228
56	59	-0.001456140754026239
56	72	-0.0014561407540263026
56	73	-0.001456140754026326
32	56	-0.0014561407540263282
56	71	-0.0014561407540263384
56	66	-0.001456140754026349
56	70	-0.0014561407540263536
56	76	-0.0014561407540264544
37	61	-0.001459700069266259
17	42	-0.0014603938881207791
38	60	-0.0014740294779491908
5	30	-0.0014740963011867282
35	61	-0.0014765672087487906
32	34	-0.0014832237089959124
34	71	-0.0014832237089959332
34	70	-0.0014832237089959497
34	72	-0.001483223708996034
34	76	-0.0014832237089960907
34	66	-0.001483223708996093
34	52	-0.0014832237089961507
34	59	-0.0014832237089961544
34	73	-0.0014832237089961984
34	39	-0.0014832237089962082
34	51	-0.001483223708996229
34	40	-0.001483223708996239
31	34	-0.001483223708996269
30	34	-0.001484865808677588
38	68	-0.0014924052637635293
38	57	-0.0014924052637636555
1	75	-0.0014967330513602248
1	74	-0.0014967330513602876
42	67	-0.001499737355228352
38	43	-0.001505076206561289
53	64	-0.0015053452718926494
21	33	-0.0015070752463087324
18	19	-0.001510184839380575
38	61	-0.0015127462178971278
30	56	-0.0015199018389656972
14	55	-0.001520248066318946
20	64	-0.0015241259956769344
12	53	-0.0015301555965019616
17	22	-0.0015326113609336603
4	36	-0.0015430312248402682
16	30	-0.0015445289402835453
1	53	-0.0015456645701976595
33	66	-0.0015463678287855201
33	73	-0.0015463678287856086
31	33	-0.0015463678287857183
33	52	-0.0015463678287857218
33	59	-0.0015463678287857374
33	70	-0.001546367828785747
33	71	-0.0015463678287857556
32	33	-0.0015463678287858614
33	51	-0.00154636782878589
33	39	-0.0015463678287858922
33	76	-0.0015463678287859178
33	72	-0.0015463678287860045
33	40	-0.0015463678287860206
41	56	-0.001546798193358154
29	41	-0.0015482939482517788
25	69	-0.0015490343385508032
53	67	-0.0015503076543382076
20	77	-0.00155367968210925
46	69	-0.001559059933806165
46	67	-0.001580578672380823
24	37	-0.0015809249296436338
31	61	-0.0015974458679380524
40	61	-0.0015974458679381036
32	61	-0.001597445867938203
59	61	-0.001597445867938212
61	73	-0.0015974458679382188
51	61	-0.001597445867938228
61	66	-0.001597445867938255
52	61	-0.0015974458679382845
61	76	-0.0015974458679383
61	72	-0.001597445867938333
61	71	-0.0015974458679384176
61	70	-0.0015974458679384328
39	61	-0.0015974458679384688
54	55	-0.0016051592361598678
13	16	-0.001612305692650624
13	67	-0.001617159464938539
21	55	-0.0016175968544099792
16	73	-0.0016245840524587284
16	52	-0.001624584052458794
16	71	-0.0016245840524588074
16	66	-0.0016245840524588182
16	70	-0.0016245840524588369
16	32	-0.0016245840524588668
16	59	-0.0016245840524588908
16	39	-0.0016245840524589598
16	40	-0.0016245840524589646
16	72	-0.0016245840524589969
16	76	-0.0016245840524590199
16	31	-0.001624584052459044
16	51	-0.0016245840524591107
10	70	-0.0016489702577706428
10	66	-0.0016489702577706614
10	76	-0.0016489702577706887
10	73	-0.0016489702577706972
10	59	-0.001648970257770699
10	72	-0.0016489702577707113
10	51	-0.0016489702577707154
10	52	-0.0016489702577707265
10	71	-0.001648970257770774
10	40	-0.0016489702577707835
10	39	-0.0016489702577707909
10	32	-0.0016489702577708472
10	31	-0.0016489702577708568
55	74	-0.0016547160617452386
55	75	-0.001654716061745414
33	54	-0.0016590560768023803
25	53	-0.0016617795367741914
14	38	-0.0016654829723110223
5	46	-0.0016696884902194613
37	67	-0.0016745874392113938
46	53	-0.0016769569419777882
30	33	-0.0016794732024571612
53	58	-0.0016817833905788605
22	43	-0.0016948830205385378
18	75	-0.0016983855225348502
18	74	-0.001698385522534894
1	56	-0.0017038047909831043
37	77	-0.0017057801959039797
1	49	-0.0017084245523388479
1	47	-0.0017084245523390378
46	65	-0.0017114423367188686
29	44	-0.0017166593579334474
27	29	-0.0017166593579335376
28	38	-0.0017189954107137812
19	59	-0.0017222471040836082
19	70	-0.0017222471040836546
19	52	-0.0017222471040836572
19	76	-0.0017222471040836628
19	39	-0.0017222471040837018
19	66	-0.0017222471040837033
19	71	-0.001722247104083704
19	40	-0.0017222471040837378
19	51	-0.0017222471040837487
19	32	-0.0017222471040838389
19	72	-0.001722247104083861
19	73	-0.001722247104083868
19	31	-0.0017222471040838744
16	69	-0.0017243000726715474
8	12	-0.0017265676937483713
41	44	-0.001728797324420362
27	41	-0.0017287973244204304
7	56	-0.0017295687653502466
43	49	-0.0017441888905617552
43	47	-0.0017441888905618355
4	47	-0.001744717809744673
4	49	-0.0017447178097447112
14	53	-0.0017451623194657965
20	74	-0.001747869732179541
20	75	-0.0017478697321795464
46	77	-0.001747978320620752
35	67	-0.0017498560150797223
29	63	-0.0017517973154863621
22	37	-0.001753001390398595
20	54	-0.0017566499515367063
19	65	-0.0017606679790087374
5	17	-0.0017610010103347676
18	54	-0.0017613776477051854
2	27	-0.0017621804156172025
2	44	-0.0017621804156174072
14	20	-0.0017622274427128931
1	77	-0.0017689418727460373
4	10	-0.0017690068231996118
19	50	-0.0017712532504875686
48	63	-0.0017717079132987404
23	63	-0.001771707913298789
3	33	-0.001773683102398848
23	53	-0.0017739983515242144
48	53	-0.001773998351524272
21	22	-0.0017835367261657131
54	58	-0.001790425623538615
22	28	-0.0017972110705475242
4	41	-0.0017975695103540474
22	36	-0.0018049007212936955
46	54	-0.0018086668835212375
22	35	-0.0018163916223187272
53	62	-0.001817249400392162
10	57	-0.0018308234526667648
10	68	-0.0018308234526668021
53	69	-0.001835761522900426
22	57	-0.0018478668561748971
22	68	-0.0018478668561750795
2	40	-0.001849646770542743
2	70	-0.0018496467705427639
2	71	-0.0018496467705428957
2	31	-0.0018496467705429007
2	59	-0.0018496467705429068
2	52	-0.0018496467705429592
2	76	-0.001849646770542978
2	72	-0.0018496467705430002
2	73	-0.0018496467705430173
2	66	-0.0018496467705430345
2	51	-0.0018496467705430791
2	39	-0.0018496467705431158
2	32	-0.0018496467705431555
50	75	-0.0018507605911219425
50	74	-0.0018507605911221314
11	53	-0.0018543183339837632
4	69	-0.001854335769226943
1	61	-0.0018575342659174713
42	74	-0.0018579251052977712
42	75	-0.0018579251052979677
28	49	-0.0018626338084325785
28	47	-0.0018626338084326115
17	21	-0.0018628144088860422
7	43	-0.0018629687012107965
19	30	-0.001865856647827509
2	30	-0.0018701289256317741
46	74	-0.0018819660292495465
46	75	-0.0018819660292497015
20	56	-0.001891147455195209
36	38	-0.0018934705928235628
34	77	-0.0018975413593095647
39	64	-0.001900424690392308
40	64	-0.0019004246903923348
59	64	-0.0019004246903923947
52	64	-0.0019004246903924237
64	72	-0.0019004246903924328
64	66	-0.0019004246903924359
64	71	-0.0019004246903924467
32	64	-0.0019004246903924866
64	76	-0.001900424690392507
31	64	-0.001900424690392539
64	73	-0.0019004246903925976
51	64	-0.0019004246903926124
64	70	-0.001900424690392674
21	48	-0.0019022987351906698
21	23	-0.0019022987351907336
5	45	-0.001924076752281156
5	26	-0.0019240767522812358
4	61	-0.0019336532956667424
14	75	-0.0019363081580469378
14	74	-0.0019363081580470193
1	54	-0.0019399159679621397
41	63	-0.0019686589524034494
5	40	-0.0019720132107875015
5	73	-0.001972013210787552
5	31	-0.0019720132107875652
5	32	-0.0019720132107875956
5	76	-0.0019720132107876364
5	39	-0.00197201321078767
5	51	-0.0019720132107876724
5	66	-0.001972013210787723
5	59	-0.001972013210787853
5	72	-0.001972013210787889
5	52	-0.0019720132107879066
5	71	-0.00197201321078791
5	70	-0.0019720132107879425
45	61	-0.0019811605714916674
26	61	-0.0019811605714919215
2	33	-0.0019863615358176687
24	64	-0.002004831832201511
43	75	-0.0020140865730534172
43	74	-0.002014086573053593
26	58	-0.002014772539236537
45	58	-0.0020147725392366395
55	60	-0.0020260920148280053
54	67	-0.002038259824510079
41	43	-0.002041520417871732
64	77	-0.0020492965489051886
67	69	-0.002059142672892148
33	38	-0.0020631127770046574
16	22	-0.0020637911524772085
44	61	-0.0020669970996076634
27	61	-0.0020669970996078126
34	36	-0.0020714953746476215
13	17	-0.002072688239093498
10	18	-0.0020892650607083067
69	75	-0.002105330640813129
69	74	-0.002105330640813201
13	52	-0.0021201698248993614
13	73	-0.0021201698248993943
13	70	-0.002120169824899396
13	72	-0.0021201698248994086
13	39	-0.002120169824899411
13	51	-0.002120169824899412
13	71	-0.002120169824899415
13	66	-0.002120169824899428
13	31	-0.00212016982489943
13	76	-0.0021201698248994303
13	32	-0.0021201698248994386
13	59	-0.0021201698248994824
13	40	-0.002120169824899568
48	75	-0.00212630839875811
23	75	-0.0021263083987581198
48	74	-0.002126308398758215
23	74	-0.00212630839875827
5	22	-0.0021311897167981203
22	56	-0.002134055667381718
33	49	-0.002134678619042262
33	47	-0.0021346786190423114
22	33	-0.0021404431326516025
50	61	-0.0021512643331144084
5	69	-0.0021567498068396744
17	61	-0.0021576444841130502
14	17	-0.00216178028433236
26	77	-0.002165088776454868
45	77	-0.0021650887764549246
5	63	-0.00216651672730221
26	74	-0.0021707886730714756
26	75	-0.002170788673071522
45	75	-0.002170788673071591
45	74	-0.0021707886730716617
15	56	-0.0021737143385141718
16	19	-0.00217390300059
24	56	-0.0021859281737960433
63	75	-0.0021881500526345138
63	74	-0.0021881500526347913
43	50	-0.00219662812647635
64	65	-0.0022000759178050135
7	22	-0.002201592032384624
20	60	-0.0022061551955952783
21	53	-0.0022088816651765456
12	30	-0.002220772395571156
21	29	-0.0022255893751707617
11	41	-0.0022291181725330954
17	41	-0.0022389400538552744
8	35	-0.0022466704126465776
19	22	-0.0022481350597912952
1	8	-0.002278483139656462
10	30	-0.0022841448275478667
11	60	-0.0022850619171042898
26	49	-0.0022876856889821324
26	47	-0.002287685688982269
45	49	-0.0022876856889823428
45	47	-0.002287685688982412
14	29	-0.00228821750853086
14	24	-0.002296922611676959
20	57	-0.0022974407785393723
20	68	-0.0022974407785397075
4	37	-0.0023001220312257233
27	45	-0.0023014036167556488
26	27	-0.002301403616755666
44	45	-0.0023014036167557754
26	44	-0.0023014036167558587
18	25	-0.0023096481683859155
1	9	-0.0023140188820472765
25	74	-0.002314381045286857
25	75	-0.0023143810452870475
64	75	-0.002318302061705988
64	74	-0.002318302061705988
9	64	-0.0023323287181970173
12	63	-0.002336045034718081
48	54	-0.0023459012374149922
23	54	-0.002345901237415374
24	61	-0.0023500076143801608
6	14	-0.002350331021784986
19	21	-0.00236061709295254
10	48	-0.0023687538708801635
10	23	-0.002368753870880407
20	62	-0.002373322464398164
56	58	-0.002379959350308232
2	22	-0.0023858838111068784
20	67	-0.0023904684078684822
2	49	-0.0024019374612915412
2	47	-0.002401937461291694
9	22	-0.0024022587528246234
22	60	-0.0024078782305314936
26	67	-0.0024127633907717735
45	67	-0.0024127633907720025
18	42	-0.002469083362307681
41	42	-0.0024698576893675416
1	46	-0.0024755927479352506
5	36	-0.0024773232018540092
21	63	-0.002487058193184107
43	58	-0.002487805851941631
8	22	-0.0024925838983207004
33	55	-0.0025094426462450165
15	53	-0.0025140997451973965
28	41	-0.0025338570283711757
23	37	-0.0025342659876877
37	48	-0.002534265987688124
19	20	-0.0025363820598412606
21	65	-0.002552672434136042
20	27	-0.0025556952021166916
20	44	-0.0025556952021168547
24	62	-0.0025576320560001488
41	61	-0.0025712216407569885
4	12	-0.0025733809761254887
8	55	-0.002576241314253877
1	15	-0.0025779004057048527
13	30	-0.0025793058964542924
20	63	-0.002584932090923234
16	41	-0.0025890576716044384
4	56	-0.00259214927982939
42	64	-0.0025952517936073272
18	29	-0.0025969579536060474
44	75	-0.002601923061402586
44	74	-0.0026019230614028523
27	74	-0.0026019230614029894
27	75	-0.002601923061403002
14	32	-0.0026033700898456403
14	51	-0.0026033700898457717
14	39	-0.0026033700898457795
14	40	-0.002603370089845792
14	76	-0.0026033700898458155
14	31	-0.0026033700898458593
14	72	-0.0026033700898458806
14	52	-0.002603370089845889
14	59	-0.0026033700898459066
14	73	-0.0026033700898459144
14	71	-0.0026033700898459317
14	66	-0.0026033700898459434
14	70	-0.0026033700898460774
6	22	-0.002605015771295652
21	26	-0.0026236192760410626
21	45	-0.0026236192760411767
26	35	-0.0026260994591149577
35	45	-0.0026260994591150617
16	67	-0.0026303588521277097
42	77	-0.002635320458437897
43	45	-0.0026444058082197358
26	43	-0.0026444058082197982
21	60	-0.0026557693652227246
19	49	-0.0026673890710006785
19	47	-0.002667389071000859
36	60	-0.002672810941421456
2	10	-0.0026772467532354804
36	77	-0.0026954253575661646
20	65	-0.0027130221317484245
5	77	-0.002724246902076866
10	77	-0.002730119489831825
12	40	-0.0027375789754621282
12	59	-0.00273757897546224
12	39	-0.0027375789754622974
12	31	-0.002737578975462322
12	72	-0.002737578975462388
12	73	-0.0027375789754624166
12	32	-0.0027375789754624244
12	70	-0.0027375789754624518
12	52	-0.0027375789754624526
12	76	-0.0027375789754624587
12	51	-0.002737578975462485
12	71	-0.0027375789754625467
12	66	-0.0027375789754625476
36	42	-0.002744023968116304
55	65	-0.0027440790073554166
34	49	-0.0027492568484621025
34	47	-0.0027492568484621567
24	43	-0.0027531573181886876
18	63	-0.0027655583587441086
35	50	-0.0027663086440150534
2	41	-0.0027675974893824505
37	55	-0.002768445595444303
41	64	-0.002770369840846365
17	27	-0.0027775543014526734
17	44	-0.0027775543014527376
54	69	-0.0027841996776839964
11	20	-0.002787069056650211
16	56	-0.002787400150503815
50	56	-0.002790794640597234
20	50	-0.002803604933677507
21	34	-0.002804502508997392
41	62	-0.0028052654999279024
60	63	-0.0028053310066644584
13	37	-0.002811423566817125
21	41	-0.002813690813064016
33	64	-0.0028152423265827634
33	53	-0.0028214320890910354
29	67	-0.002823797055962721
16	37	-0.002828542946160877
17	47	-0.0028285860908540206
17	49	-0.0028285860908540727
7	10	-0.002831969645947459
23	56	-0.002849990190660498
48	56	-0.002849990190660627
15	28	-0.002852340556092294
10	22	-0.0028669635247079196
36	41	-0.00287333337879097
28	69	-0.002873726811850022
13	77	-0.002893564645030847
57	75	-0.002902514003591158
68	74	-0.002902514003591236
57	74	-0.0029025140035912667
68	75	-0.002902514003591288
28	75	-0.002909774572717081
28	74	-0.002909774572717177
3	19	-0.0029183994487799432
29	53	-0.002921027843541793
21	38	-0.002921402746318031
18	28	-0.002923127287840429
21	30	-0.0029255685719926355
36	44	-0.002930628904908623
27	36	-0.002930628904908637
5	60	-0.002939372424160586
24	63	-0.0029461669694751465
5	42	-0.002947301184245084
25	55	-0.0029515618511389
44	50	-0.0029529067090999176
27	50	-0.0029529067091000416
37	63	-0.0029529357520642688
11	16	-0.002957840260327988
4	75	-0.0029584720134413003
4	74	-0.0029584720134414174
43	60	-0.002960722115569773
17	43	-0.0029672458348144696
19	41	-0.002968214440318986
2	18	-0.0029779159564997395
18	46	-0.0029818255765757095
47	56	-0.0029961452397601752
49	56	-0.0029961452397602416
10	42	-0.0030019833217011654
20	55	-0.003004752055091547
21	73	-0.0030079554540781627
21	52	-0.0030079554540781662
21	70	-0.0030079554540781775
21	71	-0.003007955454078179
21	72	-0.0030079554540781875
21	51	-0.0030079554540782187
21	39	-0.0030079554540782304
21	32	-0.0030079554540782334
21	66	-0.0030079554540782373
21	76	-0.003007955454078279
21	31	-0.003007955454078288
21	40	-0.0030079554540784936
21	59	-0.003007955454078571
24	45	-0.0030111128841093125
24	26	-0.0030111128841093576
41	69	-0.003017155794677241
1	6	-0.003039874964156239
18	60	-0.0030436728270624353
29	77	-0.0030454464714908553
9	30	-0.0030472477841205275
44	77	-0.003055365051014112
27	77	-0.0030553650510143056
4	58	-0.0030708460336268464
2	50	-0.0030831179722620363
26	29	-0.0030865160229760604
29	45	-0.0030865160229764446
12	45	-0.003087178641679951
12	26	-0.0030871786416801624
1	64	-0.0030971297028918173
58	62	-0.003101275855313187
10	24	-0.003103897125346932
17	37	-0.0031041730094034693
2	16	-0.0031157369227275238
24	28	-0.0031157511292339525
35	58	-0.003128692237931269
7	30	-0.003129856611108927
41	57	-0.0031315177989159368
41	68	-0.003131517798916165
43	53	-0.003133886633473809
55	62	-0.003147050015165979
43	67	-0.0031522162751098414
5	20	-0.003156412710396699
42	63	-0.003164420356818915
14	30	-0.00316808915281342
17	53	-0.0031713366604210584
21	74	-0.0031723960758371747
21	75	-0.0031723960758371812
9	38	-0.0031771533587607414
1	14	-0.0031863270755994027
3	43	-0.0031876104458414788
2	12	-0.00318802156853841
12	23	-0.0031916667713501132
12	48	-0.0031916667713501445
21	54	-0.003191932664528783
14	26	-0.00319476726937424
14	45	-0.0031947672693742445
29	58	-0.003211931309655949
7	38	-0.0032261432161811822
12	38	-0.0032297455405650094
35	49	-0.003236279213344369
35	47	-0.0032362792133445884
2	28	-0.0032479329983357424
47	68	-0.0032519524207257774
49	68	-0.003251952420725849
49	57	-0.0032519524207259864
47	57	-0.0032519524207260293
2	21	-0.0032539876174131803
45	48	-0.003255238322248679
23	45	-0.0032552383222488276
23	26	-0.003255238322248834
26	48	-0.0032552383222490136
9	40	-0.003259265747719086
9	59	-0.00325926574771912
9	76	-0.0032592657477191326
9	39	-0.0032592657477191474
9	73	-0.003259265747719215
9	51	-0.003259265747719217
9	31	-0.0032592657477192384
9	52	-0.0032592657477192397
9	32	-0.003259265747719262
9	71	-0.0032592657477192736
9	72	-0.0032592657477192775
9	66	-0.003259265747719308
9	70	-0.00325926574771931
17	75	-0.003267070227100253
17	74	-0.00326707022710034
6	61	-0.00326964861728506
8	18	-0.00327842375320158
8	30	-0.003278724049518349
11	57	-0.0032868427973882994
11	68	-0.0032868427973884043
44	54	-0.0032869561647448477
27	54	-0.0032869561647450606
7	29	-0.0032936278465849596
29	61	-0.0032954183701068493
4	25	-0.0033011457830002854
9	56	-0.0033011608248983797
24	34	-0.0033078297484127415
11	74	-0.0033093691714240646
11	75	-0.003309369171424102
7	40	-0.00332103203729402
7	59	-0.0033210320372940557
7	72	-0.0033210320372940704
7	76	-0.003321032037294091
7	70	-0.0033210320372940956
7	73	-0.003321032037294118
7	66	-0.003321032037294131
7	52	-0.003321032037294132
7	51	-0.0033210320372941645
7	39	-0.0033210320372941697
7	71	-0.0033210320372941814
7	31	-0.0033210320372941836
7	32	-0.0033210320372942027
3	45	-0.0033288887910005163
3	26	-0.0033288887910005328
49	62	-0.0033369697488003607
47	62	-0.0033369697488004504
22	61	-0.003344012655338495
2	77	-0.003344164113754555
68	77	-0.0033598352634265057
57	77	-0.0033598352634267264
20	58	-0.0033694024280563556
19	60	-0.003377503306302517
19	33	-0.0033793138112312125
16	75	-0.0033848048565025637
16	74	-0.0033848048565026014
43	77	-0.003398107311719306
46	56	-0.0034048119652612813
6	30	-0.0034056384731872553
8	52	-0.0034064896028474178
8	71	-0.003406489602847466
8	70	-0.0034064896028474703
8	72	-0.0034064896028474867
8	66	-0.003406489602847504
8	76	-0.0034064896028475084
8	31	-0.003406489602847553
8	40	-0.0034064896028475765
8	39	-0.00340648960284758
8	73	-0.003406489602847583
8	59	-0.0034064896028476047
8	32	-0.0034064896028476164
8	51	-0.0034064896028476437
13	25	-0.0034176685883287733
14	49	-0.003418065631210734
14	47	-0.003418065631210906
47	65	-0.0034188616690733
49	65	-0.0034188616690735817
53	57	-0.003419347040896821
53	68	-0.003419347040896885
28	34	-0.003425558325921849
12	18	-0.003428036522905099
7	77	-0.003428488149276756
3	37	-0.0034294107501152593
1	27	-0.003432168155051491
1	44	-0.0034321681550515534
7	42	-0.003440155323908674
18	45	-0.003441645516894995
18	26	-0.0034416455168951652
28	53	-0.003442109257245106
2	24	-0.0034507079219931423
16	77	-0.0034546270650545295
4	67	-0.003458814307154848
3	63	-0.003459748816001025
2	17	-0.003464105761670117
23	46	-0.003476655726191946
46	48	-0.0034766557261922304
36	53	-0.00347822937393859
50	65	-0.0034790662180311177
8	38	-0.00349602005744283
21	35	-0.003503333762884053
8	43	-0.0035094550865985077
16	60	-0.003518883961534639
6	73	-0.0035507303579581295
6	52	-0.003550730357958137
6	71	-0.003550730357958147
6	40	-0.0035507303579581815
6	66	-0.0035507303579581967
6	72	-0.003550730357958199
6	39	-0.0035507303579582197
6	76	-0.0035507303579582336
6	70	-0.003550730357958235
6	51	-0.003550730357958251
6	59	-0.0035507303579582583
6	32	-0.0035507303579583676
6	31	-0.0035507303579583927
43	54	-0.0035560940538254347
1	55	-0.0035577188810929088
42	54	-0.0035596418652707696
6	38	-0.0035638871375437047
1	50	-0.0035669876244657436
7	61	-0.0035882302876040417
4	35	-0.003597516755405373
5	24	-0.0036107452257623275
29	54	-0.003615887664331533
49	60	-0.003617703498404066
47	60	-0.0036177034984041364
2	58	-0.0036182588609063307
7	75	-0.0036286794557140608
7	74	-0.003628679455714081
12	54	-0.0036290777099218362
50	60	-0.0036314055980675407
4	62	-0.0036315975297523204
24	33	-0.0036421831373491045
28	77	-0.003646162715936415
21	42	-0.0036484745711419892
35	77	-0.0036545812710727585
50	68	-0.0036590615393137065
50	57	-0.0036590615393137533
3	64	-0.0036616871467424874
26	55	-0.003666714854645624
45	55	-0.0036667148546457463
17	20	-0.0036719802135460225
13	24	-0.0036726815358764263
25	43	-0.003681594891568411
12	77	-0.003697888807312028
15	18	-0.003701724503018777
55	57	-0.003709681050021683
55	68	-0.0037096810500217682
4	42	-0.00373148772097278
18	27	-0.003744171150001151
18	44	-0.003744171150001207
16	54	-0.0037544066983648764
53	65	-0.003757543120767389
14	18	-0.0037592508863820047
50	69	-0.003770175112796965
3	28	-0.0037832963907308953
18	33	-0.0038011483025785857
15	30	-0.003810530790626949
14	69	-0.0038108489187375968
24	57	-0.0038205298977307496
24	68	-0.003820529897730797
15	77	-0.003822572392846657
20	35	-0.0038227413846106508
33	77	-0.003829981067814439
21	27	-0.003830826686830798
21	44	-0.0038308266868309696
13	63	-0.0038474362163048014
10	47	-0.0038474487021082334
10	49	-0.003847448702108241
6	28	-0.0038492039543253156
49	61	-0.0038493805124035466
47	61	-0.0038493805124037595
8	63	-0.0038545452302111496
19	43	-0.0038689589499859645
54	57	-0.003870071868150374
54	68	-0.0038700718681505698
2	67	-0.0038742940486228205
19	36	-0.0038752669342762436
3	35	-0.0038858389765951684
2	63	-0.003913230839466248
13	23	-0.003917457616658289
13	48	-0.003917457616658403
3	60	-0.003924147855470923
7	55	-0.003932840966720211
28	54	-0.003942946635276624
1	68	-0.0039464977260218505
1	57	-0.003946497726022122
13	26	-0.003948500613629629
13	45	-0.003948500613629631
65	77	-0.003949643967077746
9	28	-0.003963817899465831
14	54	-0.00396684787340631
28	42	-0.0039714265814373385
3	6	-0.003978482435625115
9	12	-0.003978695941935926
42	47	-0.003988364861668651
42	49	-0.003988364861668754
5	49	-0.003989629253383591
5	47	-0.00398962925338361
12	47	-0.00399036136237187
12	49	-0.0039903613623719705
20	61	-0.004002352320395093
60	77	-0.0040119561942655564
4	20	-0.004012376062935537
1	63	-0.00401472384076171
12	24	-0.004017509342175649
3	34	-0.00401963632994347
54	65	-0.004022388636337141
53	60	-0.004024104228129111
7	34	-0.004048218119418537
37	50	-0.00405549477883114
25	42	-0.004060653063744853
8	77	-0.004063911615656525
15	59	-0.0040670503679633855
15	40	-0.004067050367963458
15	52	-0.00406705036796349
15	73	-0.004067050367963514
15	71	-0.004067050367963549
15	39	-0.004067050367963571
15	70	-0.004067050367963587
15	76	-0.004067050367963592
15	66	-0.004067050367963603
15	72	-0.00406705036796362
15	51	-0.004067050367963638
15	31	-0.004067050367963761
15	32	-0.004067050367963774
9	63	-0.004070909525251297
1	58	-0.004082063900955283
7	11	-0.004082494480396957
3	7	-0.004092105020015343
15	41	-0.0040928840079079935
15	38	-0.00409850528374947
21	61	-0.004107293699961555
5	65	-0.0041092334575363945
35	54	-0.0041097954097945606
16	65	-0.004110742171813965
29	49	-0.004112620462430107
29	47	-0.004112620462430119
3	15	-0.004129776449026475
14	41	-0.004145052820058543
1	7	-0.004149274976755775
1	67	-0.004149444365090656
10	36	-0.004152377024370135
34	45	-0.0041530468928127765
26	34	-0.004153046892812893
24	35	-0.004172944302417237
7	67	-0.004185830516503037
11	50	-0.004196175278847015
17	28	-0.00419859941353297
36	55	-0.004224991285389824
7	17	-0.004234867423157677
2	74	-0.004236445075457625
2	75	-0.004236445075457662
16	29	-0.004248622669993031
2	34	-0.004251856992689864
54	60	-0.004255883051961275
2	11	-0.004258443965561642
24	42	-0.004263070331830484
57	58	-0.004279269840959079
58	68	-0.004279269840959294
27	64	-0.004283498711880829
44	64	-0.004283498711880902
1	17	-0.0042942848269406034
35	65	-0.004302005751692161
47	64	-0.004303636040909841
49	64	-0.004303636040910267
1	25	-0.00431564532137557
9	77	-0.00432040422298807
1	28	-0.004325798456298232
20	33	-0.004327212848855173
36	75	-0.004335050114707954
36	74	-0.0043350501147080365
28	45	-0.004371728882231859
26	28	-0.004371728882232152
65	69	-0.0043718979939469434
7	58	-0.004373135839295072
67	68	-0.004373268035963801
57	67	-0.004373268035963955
16	36	-0.004395140088947324
10	33	-0.004398025092333243
24	65	-0.004409955387586201
15	34	-0.004422263042947591
6	55	-0.004426506412049589
1	43	-0.004443822745054773
19	75	-0.004452126200015862
19	74	-0.004452126200015966
19	58	-0.00445736858967994
6	56	-0.004458258084753131
36	65	-0.0044631548720879405
8	56	-0.004472857788681447
6	77	-0.004477369288053523
13	60	-0.004485095017033109
4	43	-0.004505883427754307
11	64	-0.00452544132307535
1	34	-0.004526373760733714
37	60	-0.00453127538759333
10	53	-0.004533978611046778
11	18	-0.004543273819272003
3	57	-0.004546354390589115
3	68	-0.004546354390589326
9	54	-0.0045528352126476155
27	58	-0.004552952931592921
44	58	-0.004552952931593073
24	60	-0.004556360164925713
24	29	-0.004561990565891313
4	64	-0.004571448599035697
14	65	-0.004575383695774539
12	22	-0.004579332187047306
14	67	-0.004581755946004265
15	58	-0.0046117964768851325
4	21	-0.004618983581294443
4	13	-0.004623120176898961
36	61	-0.004624066897900481
7	24	-0.004626412627884199
46	57	-0.00463125926666705
46	68	-0.004631259266667103
49	63	-0.004632890212893757
47	63	-0.0046328902128939375
37	44	-0.0046368887726592955
27	37	-0.0046368887726595765
19	67	-0.004640478727754193
2	15	-0.004650744802576941
16	47	-0.0046519356902822075
16	49	-0.004651935690282261
43	64	-0.004662122120520035
2	8	-0.004666416348661327
1	26	-0.004673304298000751
1	45	-0.004673304298001006
7	54	-0.00467853803949206
46	62	-0.004682190262976621
3	21	-0.004691898866164575
61	65	-0.004696273306228478
3	9	-0.004696826068586804
16	24	-0.004704944578361963
15	67	-0.004718799940543758
3	27	-0.0047300215063800465
3	44	-0.004730021506380125
19	35	-0.004734939236023836
14	37	-0.004735436774954159
25	60	-0.004743489269793127
7	33	-0.0047537908858963735
27	67	-0.004756087668366406
44	67	-0.004756087668366486
48	65	-0.004770486778965527
23	65	-0.00477048677896561
3	62	-0.004774503879834425
29	62	-0.004777243631081075
33	50	-0.004785279408527743
11	37	-0.0048036334479742634
46	55	-0.004808998170711356
44	60	-0.004821614451474932
27	60	-0.004821614451475001
5	55	-0.004826878673808339
19	34	-0.004829484806424393
7	47	-0.004840472811303875
7	49	-0.0048404728113039044
35	60	-0.004841430341279181
25	65	-0.0048417527415333065
10	58	-0.004842011260022214
46	63	-0.004853913951786767
9	75	-0.00485876260546585
9	74	-0.004858762605465901
1	62	-0.004863410259571469
7	60	-0.004872247323688562
6	63	-0.004876384850461055
13	42	-0.004882355409265743
8	74	-0.004905729679855857
8	75	-0.0049057296798559
2	65	-0.004908675434172083
43	56	-0.004913458336236754
63	65	-0.004914766302051751
8	54	-0.004930278341830071
64	69	-0.004942195960132468
37	65	-0.004947749682997906
18	36	-0.00497412245207376
17	35	-0.004992391872888112
25	63	-0.004993856490918724
46	64	-0.005002043544562125
15	22	-0.005005016509593752
10	67	-0.00501002647415927
1	29	-0.005015168961605046
28	65	-0.005017960444019247
18	56	-0.005019159311544142
8	37	-0.005037077525369852
4	28	-0.005038176037989573
34	43	-0.005042428104752789
7	65	-0.005045326739330816
19	62	-0.005060508189052519
13	49	-0.0050903775137036925
13	47	-0.0050903775137037316
28	35	-0.00509329283164071
3	65	-0.00510841673178993
5	10	-0.005120848521536037
42	45	-0.00512774893261274
26	42	-0.005127748932612783
48	62	-0.005140879382690826
23	62	-0.005140879382690889
33	48	-0.005152494292548362
23	33	-0.005152494292548578
44	46	-0.005156787993649922
27	46	-0.005156787993650285
29	48	-0.005160837911987041
23	29	-0.005160837911987071
7	28	-0.005164496076833933
1	42	-0.00518297844014832
2	42	-0.005184961738030461
14	35	-0.005187428957023569
9	61	-0.005188149971432814
6	74	-0.0051915107919468925
6	75	-0.005191510791946985
2	20	-0.005201365602489916
35	46	-0.005202086706836301
16	43	-0.005204867199306642
7	26	-0.005208042720164079
7	45	-0.005208042720164218
20	42	-0.005209747157937976
25	28	-0.005212943471554743
18	35	-0.005214879193061619
5	58	-0.005220226189508334
35	48	-0.0052414454918007294
23	35	-0.00524144549180078
7	48	-0.005245576866942096
7	23	-0.0052455768669421475
34	68	-0.005247801102285823
34	57	-0.005247801102285936
3	29	-0.0052493277622360085
17	55	-0.005256323804994962
15	20	-0.005304566725050707
15	48	-0.0053174766148780155
15	23	-0.0053174766148782054
6	54	-0.005320684538152685
34	50	-0.005332250447281563
10	56	-0.005335435233180152
37	64	-0.005351930509145704
2	60	-0.005352175857632643
3	8	-0.005353510189984247
9	43	-0.005373311814741844
5	67	-0.005382581055123688
3	36	-0.005399018162738462
7	16	-0.00540310414055847
17	46	-0.005406066579702623
25	34	-0.005406963015820415
13	54	-0.005407445784779737
20	29	-0.005413287415597394
7	63	-0.00543134835611715
29	50	-0.005441127430479529
14	43	-0.005452676088312554
37	43	-0.005462128336497522
16	27	-0.005474846629395996
16	44	-0.005474846629396077
13	55	-0.0054807078554782295
23	60	-0.005487196856234897
48	60	-0.005487196856235098
12	20	-0.005526029577436833
15	24	-0.005543997581358848
8	28	-0.005548541655733936
25	36	-0.005549042801403148
25	35	-0.0055552255044165715
13	57	-0.005559386676280923
13	68	-0.005559386676281069
11	58	-0.0055725070330254626
2	43	-0.005611954624448051
10	17	-0.00565095636896888
33	62	-0.005654987706442311
5	68	-0.005667356341601055
5	57	-0.005667356341601116
42	48	-0.0056800984804969
23	42	-0.005680098480497019
43	48	-0.005684275351783423
23	43	-0.005684275351783461
6	18	-0.005691813280714847
14	25	-0.005693718234356606
12	50	-0.005695613816321254
13	29	-0.005699606283625135
33	61	-0.005736168774897519
7	37	-0.005759775909090219
8	19	-0.005764703703719912
60	69	-0.00578874179720233
7	50	-0.0057903047290336395
11	35	-0.005804760583311355
16	58	-0.005819101656713923
15	47	-0.005827195053117771
15	49	-0.0058271950531178
42	50	-0.005835010196870399
11	25	-0.005850436804060898
6	17	-0.005852467918036437
16	25	-0.0058671644463541605
11	67	-0.005902883736825152
37	56	-0.005913138615067603
36	48	-0.005917619591074485
23	36	-0.005917619591074489
7	62	-0.005942851534399745
1	35	-0.005953453387073498
58	63	-0.005958011677358783
15	42	-0.005966746102827599
14	33	-0.005974688027948989
34	55	-0.005978234532341841
7	25	-0.0059818982418754765
43	65	-0.005984469171127984
16	26	-0.0059969993239967654
16	45	-0.005996999323996785
13	41	-0.006002638501635718
11	43	-0.006005430548538505
11	23	-0.006023465898896614
11	48	-0.006023465898896755
11	55	-0.006051022334632071
9	26	-0.006063995997319464
9	45	-0.006063995997319497
4	7	-0.006067810783996746
1	36	-0.006094726373925297
55	64	-0.006115225683931523
8	24	-0.006144888493223161
34	44	-0.0061635512512399765
27	34	-0.0061635512512402
44	55	-0.006166388240991786
27	55	-0.006166388240991831
63	67	-0.00617063830170881
13	35	-0.006175124310118719
2	61	-0.006211262597343881
6	24	-0.006221057819974347
42	43	-0.0062254099943339445
5	43	-0.006228183799603863
12	35	-0.006246728555763664
5	44	-0.006256205986681933
5	27	-0.006256205986681956
27	65	-0.006285905722062061
44	65	-0.006285905722062134
6	64	-0.00629820881259267
26	65	-0.006312026247051338
45	65	-0.006312026247051494
35	42	-0.006324467340821648
9	24	-0.0063268053755385825
37	62	-0.006339457585777742
33	57	-0.006357637620545352
33	68	-0.006357637620545609
15	74	-0.006359575728988422
15	75	-0.006359575728988434
8	47	-0.006363148193727884
8	49	-0.006363148193727996
9	18	-0.0063783683602065
64	68	-0.006389323980385581
57	64	-0.006389323980385653
6	47	-0.0063923432403899
6	49	-0.006392343240389975
15	54	-0.00639521298763435
42	62	-0.006395261901549106
17	29	-0.006397177404735317
9	17	-0.0064348016927979835
9	47	-0.006440545141723645
9	49	-0.006440545141723721
12	58	-0.006446117511947222
15	19	-0.006446297502435564
25	68	-0.006466077089070456
25	57	-0.006466077089070627
10	34	-0.006470380318358528
8	61	-0.006471088675371117
16	50	-0.0064727087612993315
15	16	-0.006477468232204837
28	48	-0.006479329939335796
23	28	-0.006479329939336007
13	69	-0.006501385601226419
62	68	-0.006504232952538055
57	62	-0.0065042329525381425
2	14	-0.006568781623442125
11	42	-0.006569238650375628
7	46	-0.00657400999334746
34	65	-0.006599393322209387
45	60	-0.006607396416984107
26	60	-0.006607396416984343
60	64	-0.006608306339331826
12	46	-0.006627447245307932
25	37	-0.006637680970837424
33	56	-0.006644934987753196
1	13	-0.006680969642180134
17	33	-0.0066852664699378625
58	64	-0.006700576612831284
11	28	-0.006700951468776676
12	67	-0.006739605478823083
34	46	-0.0067426076760506585
6	35	-0.006756095994760887
9	55	-0.006761286555542084
2	37	-0.006772004165137479
23	34	-0.006775752298758795
34	48	-0.0067757522987588765
26	68	-0.006777780012773957
26	57	-0.006777780012773978
45	57	-0.0067777800127740186
45	68	-0.006777780012774241
6	25	-0.006787192500508839
9	25	-0.006790094241501496
34	63	-0.006801621297675333
16	46	-0.006841664170301717
15	65	-0.006844830671159904
15	60	-0.006864732204759767
2	35	-0.006884548724872233
10	19	-0.006906827569454077
28	29	-0.006913421215985614
9	48	-0.00691369851972561
9	23	-0.006913698519725681
7	36	-0.006923746436402556
10	46	-0.006939592491059678
19	63	-0.006939847224492113
6	46	-0.006946243105393577
13	43	-0.006961692357040245
10	13	-0.00697914723043701
15	63	-0.006979998071255848
4	15	-0.006989425154968008
46	61	-0.007007400355892897
34	69	-0.007023404757143185
29	43	-0.007056419519415989
14	50	-0.007056563387836123
28	56	-0.007065676000667695
19	69	-0.007067576568329147
8	50	-0.00711123656693889
15	50	-0.007116683936260975
36	62	-0.007119275667484579
13	33	-0.007125591298466844
7	35	-0.007127371570578562
25	27	-0.007167211596855472
25	44	-0.007167211596855708
12	65	-0.007178545198413485
6	36	-0.007191232005910394
64	67	-0.007200050913422445
14	58	-0.007211570597955833
9	50	-0.007218742299008024
29	64	-0.0072248149414831635
13	50	-0.00723577626803827
37	42	-0.007272647274259906
27	56	-0.007278639372422039
44	56	-0.007278639372422187
8	23	-0.007282565660813579
8	48	-0.007282565660813691
6	23	-0.007292514387829541
6	48	-0.007292514387829605
28	60	-0.007304169023674781
9	10	-0.007307475558454638
10	37	-0.007329911465968944
8	67	-0.0073416207786102805
4	8	-0.007342522642900183
9	46	-0.007355998437798914
61	69	-0.007365723182071672
27	62	-0.007450978883105475
44	62	-0.0074509788831057105
19	61	-0.007465957527702709
14	48	-0.007466411771879695
14	23	-0.007466411771879775
8	58	-0.007466938934413488
6	50	-0.007480245663259817
19	37	-0.00748350869739491
2	62	-0.0074959753195593375
11	44	-0.007508932636295767
11	27	-0.007508932636295895
7	44	-0.00753655294819067
7	27	-0.007536552948190714
2	69	-0.0075435041154535
11	33	-0.0075646676287283365
15	37	-0.0075758626737860105
12	60	-0.007606042585185208
15	64	-0.007613203706676281
42	56	-0.007688441993813423
43	57	-0.007702405434086252
43	68	-0.0077024054340863795
14	28	-0.007705599835230408
10	27	-0.007730180420522936
10	44	-0.007730180420522996
5	56	-0.007803809305077254
44	68	-0.007804317492466621
27	68	-0.007804317492466736
44	57	-0.007804317492466882
27	57	-0.007804317492467039
8	26	-0.007873308766948972
8	45	-0.007873308766949022
37	46	-0.00788132957108968
14	60	-0.0078861174121179
28	57	-0.007959516257372661
28	68	-0.007959516257372958
19	25	-0.008007672032900178
8	64	-0.00804836212261762
6	26	-0.008082492119518336
6	45	-0.008082492119518454
15	26	-0.008141816840690274
15	45	-0.008141816840690305
8	27	-0.008154701450611668
8	44	-0.008154701450611899
4	6	-0.008177194238864458
61	68	-0.008218428368671572
57	61	-0.008218428368671836
14	42	-0.008230896459421282
5	19	-0.008237514709078922
34	61	-0.008247202246303239
8	16	-0.008268379702193537
28	64	-0.008297035021166447
12	19	-0.008351199739782983
2	25	-0.008363299696502879
6	69	-0.008383426582554542
29	37	-0.008394869409029632
4	9	-0.008444892450595952
6	67	-0.008447361431890284
56	64	-0.008449127265224269
9	34	-0.008454936334120991
6	58	-0.008506646654431075
9	67	-0.008515424783876957
9	58	-0.008551225915759483
9	44	-0.008556852531162642
9	27	-0.008556852531162848
8	17	-0.00863299556790657
8	25	-0.00864649130081961
15	25	-0.008647523194347119
10	62	-0.008674367286817525
11	19	-0.008712488022632293
15	46	-0.008866692879969017
14	16	-0.008903772013995654
9	65	-0.00891348281316073
13	28	-0.008931178163106124
9	37	-0.008952263442966256
5	15	-0.008995604782347025
12	42	-0.009160820932084207
11	29	-0.009213972588217958
9	60	-0.009228551962764588
36	46	-0.009243138731325186
57	63	-0.00929379181505119
63	68	-0.009293791815051288
6	16	-0.00931517693068565
35	43	-0.009332467249513855
8	65	-0.009333736508742455
6	29	-0.009347134944350813
8	42	-0.00941917584723395
8	46	-0.009447621992422394
6	27	-0.009470851719997796
6	44	-0.009470851719997815
14	36	-0.009496055125605012
6	65	-0.00952088971999372
5	35	-0.009533812406233983
13	19	-0.00960246701633671
15	36	-0.009603344931970858
13	56	-0.009618551638058491
5	13	-0.009657455843380874
9	29	-0.009673607386043594
12	33	-0.009679016828062714
6	60	-0.009679328785806006
9	36	-0.0096905194422693
14	27	-0.00974376791094482
14	44	-0.009743767910944966
9	16	-0.009771199684759278
16	33	-0.009848983177495298
15	17	-0.009867172259744594
8	29	-0.009889468904458264
11	36	-0.009924891332564975
6	33	-0.009953748143124984
8	60	-0.010018466504030515
28	37	-0.010022015551991684
8	34	-0.010230006264072188
8	33	-0.010338583346905844
2	13	-0.010362536001714344
6	10	-0.010402921840887282
8	10	-0.010471718584759591
5	6	-0.010488021616687094
5	8	-0.010669901535881378
5	9	-0.010811061826023056
15	29	-0.010860373582558978
12	44	-0.010899975284635304
12	27	-0.010899975284635492
2	6	-0.011073468476326847
15	33	-0.011136249912429171
61	62	-0.01124706287445628
8	36	-0.01128808012416056
6	34	-0.011341834457824251
13	44	-0.011380747303331287
13	27	-0.011380747303331315
15	35	-0.011411367084105138
6	42	-0.011588153823652162
9	42	-0.011766120468661588
12	29	-0.011810025418275931
9	33	-0.011812991023425022
12	68	-0.011862019861346013
12	57	-0.011862019861346242
9	19	-0.011877739723522612
2	9	-0.011897153510404455
13	36	-0.011970162062462096
14	57	-0.011995654252102132
14	68	-0.01199565425210215
6	19	-0.01200437622624235
15	44	-0.012399427819400032
15	27	-0.01239942781940004
9	35	-0.012560694735024967
9	69	-0.013035897004545853
9	68	-0.01316006268611092
9	57	-0.013160062686110927
21	56	-0.013765375633247276
6	68	-0.013892694855543626
6	57	-0.01389269485554368
8	68	-0.014771314608007149
8	57	-0.014771314608007267
7	69	-0.015547139638218908
7	68	-0.016071406148826774
7	57	-0.01607140614882681
10	15	-0.016398081310798753