#==========================================================================
# The first and second rows contain site pairs (i, j) such that j > i
# The third row contains coevolutionary scores obtained 
# using mean-field DCA (mfDCA) algorithm.
# Note that in this data sites are counted/labelled starting from 1
#==========================================================================
18	38	0.15331115802765968
4	5	0.1458366519072886
16	40	0.13899379300154147
23	33	0.11663768650459112
22	34	0.11564056329447665
28	29	0.11406074191065166
17	39	0.11224660909331127
19	37	0.09940288376981969
24	32	0.09648019713608419
25	31	0.09133645949653757
10	11	0.08460506605733727
49	50	0.05442636624181247
43	48	0.053307539693183914
46	48	0.04547446977858053
52	54	0.04296385835347055
35	36	0.042378725558642576
27	28	0.04186128533875173
35	51	0.04074101299963259
33	34	0.040600395413869894
1	7	0.039690315455051126
26	28	0.038751367329359576
53	54	0.03725799645838976
45	49	0.03700094734133488
46	51	0.03640030634386162
45	50	0.0352364807182106
14	16	0.035203317648397014
17	18	0.03476222646739397
52	53	0.03357205373520914
20	37	0.03354850339923537
45	51	0.033406535518428565
44	55	0.03294148287979326
49	53	0.032923951052729536
27	29	0.03224059099931788
45	46	0.031563268610198154
45	48	0.03151450664323336
5	8	0.03134154580597376
42	43	0.03133096415888399
4	8	0.031038239865802904
48	50	0.03100326539401415
37	38	0.030539049160948867
48	49	0.030468944514803482
19	20	0.02967669651159515
44	53	0.02961971938331434
12	16	0.02933991532114759
3	9	0.029306542578303806
46	50	0.029248154227914276
1	6	0.02907547681373171
46	49	0.028271900232381846
20	21	0.028197453676394726
20	30	0.028166917673411743
35	38	0.02812628786771986
9	10	0.0278199845437961
31	32	0.027739029078142293
27	31	0.027523718360873563
8	55	0.027437957933728288
12	19	0.026923368081328
39	40	0.026552208022238975
13	44	0.025737324300926942
48	51	0.025001714443952532
29	47	0.02483015216542896
54	55	0.024507138566802856
27	30	0.024443021857742084
13	15	0.024284954143759224
7	8	0.02409741542932138
28	30	0.023758616683815036
29	31	0.023715337318954935
29	32	0.023524167031883935
43	46	0.023453540946802156
19	21	0.023278385883882795
29	30	0.022945135024590443
21	39	0.02289567594780099
3	49	0.022777023648079434
26	30	0.0226313978272455
25	28	0.02172182752100388
6	7	0.021332061519334724
15	19	0.02081392953184114
46	55	0.02066263554077989
50	51	0.020656923462654676
8	9	0.020598595863307152
28	47	0.020359256050469027
49	51	0.020184806681503117
25	42	0.02007551673297698
14	36	0.020058188840621948
29	35	0.01997764185277442
21	26	0.019822376837509897
41	54	0.019775161501784003
34	35	0.01958843101338114
25	29	0.01946411461045733
17	30	0.019409514025724724
26	29	0.019127944822775356
8	28	0.01893943664532861
23	32	0.018904780158701406
21	28	0.018870651968129887
3	5	0.018515402721221465
4	20	0.01848996735037467
14	15	0.018418089989540247
34	36	0.01839148137523496
52	55	0.018192300534002608
10	24	0.01790313483374649
22	32	0.017776777929870063
50	55	0.017746123598438995
6	12	0.017705909422371036
34	55	0.017626728876626932
3	10	0.017455938654846036
21	47	0.01742041027478545
5	7	0.017313162283977283
14	22	0.01706248894438554
5	26	0.01695464209055468
2	6	0.016926114441721492
3	7	0.016790853437584255
41	45	0.01670254959565825
12	26	0.01670001696334182
21	37	0.01668334709774507
25	26	0.016462957273168363
30	38	0.01617632699813723
35	41	0.01616946261430279
53	55	0.015922238073104576
9	35	0.015839561479157042
28	35	0.015775463355593298
43	55	0.015584468816478207
9	26	0.0155093629117543
39	45	0.015172168458586432
41	52	0.014967317864474012
11	44	0.014909140427538358
19	36	0.014888131320158954
21	36	0.014820066197202064
24	25	0.014753174890062566
3	8	0.01458674881167234
26	35	0.014522533661146482
18	37	0.014457701901586684
37	41	0.013980230458468126
9	11	0.013831169376743701
10	36	0.013655431094580367
2	9	0.013633282280309075
23	44	0.013304419911287944
2	42	0.013281683423741603
12	31	0.013181533810138073
15	41	0.013141826659392786
25	32	0.012990798160474267
41	43	0.012911393261717865
26	27	0.012772712072825033
20	27	0.012691219676258837
20	36	0.012606786741900685
23	24	0.012594676195218233
7	12	0.012477868394241587
2	11	0.012320906874706933
25	27	0.012310031645096777
4	6	0.012248775265642161
43	44	0.012144983870017455
14	43	0.012090092959059964
27	32	0.012065557725148161
42	54	0.012028971797441687
14	25	0.011986230878956186
26	45	0.011904063362299742
22	33	0.011902724043652429
10	23	0.011688654721126578
15	51	0.011629321206301384
17	42	0.011584665578311663
11	20	0.011467881025642017
2	13	0.01144648654000673
19	27	0.011190155326589048
10	18	0.011186212927093715
13	50	0.01109105709647392
13	14	0.010996283053086971
11	14	0.01096652721173132
40	51	0.010942194768461096
11	52	0.01086756607262427
51	53	0.010801078306950486
24	46	0.010776440566125256
1	2	0.010773756176346334
27	47	0.010709789935518691
16	17	0.010696928537893273
41	53	0.01068129431206327
25	30	0.010656267155940945
22	23	0.01054432395958
30	32	0.010536074352770798
2	52	0.010466430470417891
18	30	0.010321592949018396
20	39	0.010308633945417877
6	16	0.010211931813669365
44	52	0.010070390640347473
1	50	0.010007518460343676
4	11	0.009820966562382296
36	47	0.0098156372811403
5	17	0.009720811032974157
19	22	0.009719673901132493
38	39	0.009666525536489126
16	19	0.009572136819049273
49	52	0.009564658029066364
50	53	0.00948557338332982
42	46	0.009469203410704698
35	47	0.009448170237805791
3	19	0.009304874109372259
36	42	0.009181034673410759
24	48	0.009111382799047552
30	47	0.009031651755501312
6	13	0.008966572629444627
36	43	0.008866508452608852
36	48	0.008850761084450286
44	49	0.0087635830128153
1	5	0.00875301032692962
15	22	0.00873143582045531
40	41	0.008549217764747152
8	42	0.008236973687283588
11	18	0.008200457800180274
8	41	0.008174741453808509
12	40	0.008058654541157858
49	55	0.00803191033899268
2	7	0.007993262132874187
5	39	0.007945837477861449
26	31	0.007931200489182912
40	52	0.007905818264945396
14	51	0.0078752156835256
37	52	0.007874994465070742
30	31	0.007864065545438375
48	52	0.007826972616032823
18	36	0.007794803692232753
45	54	0.007751107876018683
42	44	0.007711705054778396
22	37	0.007680949811607735
11	53	0.007508801123436088
21	41	0.0074846407098307435
39	42	0.007443460909895939
37	45	0.007426214978013275
31	42	0.007424031787654856
1	9	0.007416826536974185
34	39	0.007351660306117606
41	44	0.007287940217007793
31	33	0.0072629791661149405
22	43	0.007209790532318985
42	52	0.007184565833107396
41	42	0.007172157948263721
1	8	0.00710062022800306
2	10	0.0070719121809287985
17	20	0.007039291406394706
8	35	0.006997370962731925
4	12	0.006962686176531806
18	21	0.006940640645464059
2	54	0.00685208139464527
23	30	0.006845108145447098
37	47	0.006844322794683971
10	19	0.0067607897854377805
3	28	0.006747664839601751
3	45	0.006665004919278256
6	54	0.006655156987127312
24	26	0.006618868624798175
21	38	0.006566110322259983
8	10	0.006559341844695714
23	31	0.006557234257505991
15	16	0.006534937038447284
45	53	0.006513972560156631
50	54	0.006448165861765123
23	35	0.006428668572310517
36	37	0.0064105205055609155
24	31	0.006409278569460289
13	28	0.006400521904734186
14	19	0.006376898611801723
40	42	0.006194518691772843
26	47	0.0061929284964601155
20	38	0.006158257650222331
17	27	0.00615801416813264
22	26	0.006149277411286139
5	19	0.006121420414738097
32	34	0.006102058528283331
37	40	0.00609069867960008
34	42	0.006057682429616927
2	8	0.006054884611284649
27	42	0.006048872062447454
21	33	0.006037020435941183
27	37	0.00603181246856567
43	53	0.0060291990309064274
15	18	0.006027006798616509
27	33	0.005979402818667264
28	31	0.005957577496982423
51	52	0.005918708799885448
36	38	0.005899222891210452
24	43	0.0058812899723396025
22	25	0.005854202658348465
38	41	0.005827469544256374
32	33	0.005816856525798105
41	55	0.005815862314704677
21	27	0.005799369077202472
4	7	0.005795467249197589
44	51	0.005764928128689808
47	51	0.005689170096321513
31	34	0.0056588797597267836
17	21	0.005616565012064648
1	4	0.005582674908448784
24	33	0.005569991326444042
18	20	0.005564619496698297
34	43	0.005550843586707294
48	55	0.0055167437531136974
14	18	0.005513816962692732
20	33	0.005313289212139829
24	51	0.005256815184185408
23	34	0.005205700701272881
21	24	0.0051715302169414445
15	37	0.005161789015059709
35	44	0.005143794845169036
25	33	0.005122635747406085
14	42	0.005076052191693679
38	43	0.005064153758526292
44	50	0.005053902993010454
11	12	0.005022702048729702
6	40	0.005008543648908866
14	48	0.005008088564173225
13	46	0.004947663919076931
32	40	0.004943086600673736
12	41	0.004890010516414757
31	46	0.0048574229160210924
17	24	0.0048327796898768975
7	50	0.004832409917047807
20	28	0.004825431251823019
13	31	0.004789514980362664
15	52	0.004722005874515294
46	47	0.004718055539034045
1	16	0.0046834559014779014
23	36	0.0046814126303218705
51	55	0.004656192091182567
6	10	0.004645721375448728
2	46	0.004641058435611981
11	40	0.004568353984483686
37	39	0.004470922446865793
10	37	0.004370624089350569
18	19	0.004340066103621143
4	14	0.004296484674570172
26	34	0.004269449243284262
29	36	0.004256805807813048
44	54	0.004179863030365171
18	39	0.004153782797764377
2	53	0.004124871220004465
19	30	0.0041221003618399366
4	27	0.004099631559109572
32	50	0.00402829302910096
16	18	0.004011599323328341
1	54	0.003969366948558683
10	49	0.0038678269452930326
21	40	0.0038172867790235362
21	22	0.00380579262858172
31	49	0.0037995518583067035
10	35	0.0037515275431493477
2	28	0.003681333490159656
16	42	0.003680980664418243
51	54	0.003662074301494376
24	42	0.0036297402823188586
47	48	0.0035563140669751378
39	46	0.003532904682032812
1	32	0.003524811204920251
10	12	0.003484952596044852
40	44	0.0034590229123212402
12	17	0.003438220706391052
12	29	0.0034035310975571824
8	11	0.003384151370838707
5	14	0.0033789036590095734
3	14	0.003368707239080577
1	13	0.003365830037129227
7	14	0.0032617479901370277
28	44	0.0032468899496198318
9	12	0.003231857210110509
20	42	0.0031566393741716513
34	53	0.003146967153581674
23	39	0.0031194137773657843
38	40	0.00311790607904517
21	29	0.0030975464528956824
2	15	0.003066054924789514
11	13	0.003037508534108938
49	54	0.0030267335932328008
6	17	0.003025825256506771
2	12	0.002971719963437359
13	17	0.0029663036742656693
29	52	0.002951586231074896
33	39	0.002912329567720362
8	52	0.0028688830454259434
46	52	0.002865964430605503
40	54	0.0028589915696789203
27	46	0.0028528235615614857
15	33	0.0027875633180881147
9	45	0.0027785169535902224
29	33	0.0027255550869058967
30	33	0.00272106721980174
34	44	0.0026793061461908955
11	23	0.0026475375540895036
3	43	0.0026244995241076347
22	36	0.0026228734621363582
12	13	0.002618067465151661
2	5	0.0026104256826909493
3	46	0.002592967621660388
15	47	0.002583074052065736
40	43	0.0025355667900161596
7	54	0.0025351618048359893
36	53	0.0025171481990055346
42	55	0.002496439055985856
15	21	0.002446317588709831
7	9	0.0023998705791025195
17	19	0.0023927843024109004
21	23	0.0023387735337740898
34	54	0.002268859590163274
4	30	0.002239054319437819
24	34	0.002147212828993786
36	44	0.0020992106842876775
15	54	0.0020240536182447744
48	54	0.001992886037604587
12	34	0.0019659810496865243
9	25	0.001956306357367564
1	12	0.001867283754451264
2	44	0.0018668326775694152
23	42	0.0018354756389040612
24	35	0.0018316021959767434
42	51	0.0018209564157481116
41	50	0.0018200825909435153
39	49	0.0018102880255768273
14	30	0.001805747069201745
18	22	0.0017832610959809814
34	41	0.001734918509780664
3	11	0.0017256600132238781
4	26	0.0017001026868368706
6	26	0.0016765374489271009
14	20	0.0016578493596137236
5	52	0.0016397630284290515
9	41	0.0015298586863597497
13	37	0.001523209962381684
17	38	0.0015004843282666672
15	20	0.0014363327862627357
11	43	0.0014322931979903735
40	47	0.0014240194845867383
35	43	0.0014125908546196268
39	48	0.0014053026956703726
6	14	0.0013486105915216807
18	35	0.0013319080322127773
14	44	0.001303448018213955
31	47	0.0013018777058056005
3	12	0.0012907254686439782
5	6	0.0012698727992087114
50	52	0.0012669702886909662
13	53	0.0012648651154560688
10	13	0.0012505676344871427
6	15	0.0012069952763892888
1	51	0.0011858501902610851
40	53	0.0011448166386502142
47	50	0.00114445735123927
23	47	0.0011221500365962275
6	53	0.0010771394821345055
19	39	0.001070106602324962
7	13	0.0010559513703392123
37	42	0.0010141443191038213
27	48	0.0009930827185653107
40	55	0.0009926265610083022
46	54	0.0009889245141711384
37	55	0.0009793582450035206
9	42	0.00097873020658709
11	38	0.0009357160247776379
19	51	0.0009257475211914105
6	9	0.0008968368365789136
15	45	0.0008856932651953482
15	42	0.0008382682504752912
6	20	0.000834648503861688
9	28	0.0008277663452804663
13	43	0.0008062160514480041
19	47	0.0007662056682109343
7	16	0.0007323876628248932
28	32	0.0007220149818209613
9	13	0.0007193527744858109
23	48	0.000705083517909804
12	25	0.000704039692977455
1	3	0.0006982296539092105
37	43	0.0006407699047944575
8	29	0.0006150048547709369
13	16	0.0006090274316956894
38	54	0.0005982264757185482
15	44	0.000555105316679975
32	45	0.0005269621031055733
1	40	0.0005246043396120881
12	15	0.000508154818179252
12	52	0.0005055720380387355
38	47	0.0005028558951713849
29	46	0.0004946350311287109
11	15	0.0004883481647627082
3	48	0.00046636907066431935
16	21	0.00045944257931754967
48	53	0.0004505785767459948
29	37	0.00044456288624745294
39	54	0.000420204868709596
35	45	0.0004091107270859304
46	53	0.0004029861469046492
39	47	0.0003683863344186456
44	46	0.0003456423467204598
45	52	0.00032894328737283034
2	30	0.00032758158740324624
3	27	0.00031946905147538923
25	35	0.0003156121392342802
29	43	0.00030193955644878395
43	47	0.0002679072114750245
13	49	0.0002615623420205654
15	40	0.0002545585859855693
35	53	0.00023276011562336704
3	31	0.00022010816434867193
7	33	0.0002170010632996178
47	49	0.00019252168434054102
9	17	0.0001898759107871427
18	24	0.00018054504782820044
6	31	0.00017834115989863626
15	17	0.00015749670194209822
4	15	0.0001498513488581302
1	15	0.00014031315015519555
9	19	0.00012419280401547612
8	43	0.00011850000144675299
3	21	0.00011614169208899391
2	29	9.472316575497887e-05
20	40	9.405932829594649e-05
25	47	7.366758177879996e-05
10	43	6.844576462524711e-05
13	24	6.715585078156429e-05
33	46	4.810933239998705e-05
4	31	4.7875657521217335e-05
9	52	1.590610058066228e-05
18	23	-4.301192545956567e-06
14	26	-1.1728788049929911e-05
2	3	-1.7050010933231975e-05
11	16	-2.378284548138973e-05
10	27	-3.069911238206581e-05
15	53	-3.200995307749144e-05
18	25	-3.837254380037111e-05
4	9	-6.059089313644687e-05
17	48	-7.241556495919156e-05
10	55	-8.295735373757031e-05
6	8	-9.553341563797724e-05
45	47	-0.0001318325030492092
6	22	-0.00019571578873571645
8	17	-0.00023146209519236786
24	30	-0.0002490774308249906
21	45	-0.0002500889171951192
12	51	-0.00029567731437494214
8	26	-0.00030355106901578353
39	41	-0.0003265344334281977
24	29	-0.0003615684526595067
8	18	-0.0003824863412464994
1	19	-0.0003896160167658081
1	44	-0.0004376065654735136
16	23	-0.00044629597031589814
14	21	-0.00046149942739101904
39	50	-0.00046670035037591623
26	33	-0.000473492507105152
11	19	-0.00048474075983686096
20	48	-0.000509616122164807
5	45	-0.000517119234101868
8	19	-0.0005374132410266037
5	12	-0.0005562357858991084
4	43	-0.0005908199123029964
22	39	-0.0006004465285342798
16	52	-0.0006018601363947003
2	18	-0.0006025425435259588
24	39	-0.0006225105987798692
24	55	-0.0006248062395986017
35	54	-0.0006296064773477009
11	55	-0.0006462400595188458
1	53	-0.000662998837765326
9	39	-0.0006641233727204404
3	6	-0.0006643480894997947
13	18	-0.0006701580878895139
12	42	-0.0006742876732750338
14	33	-0.0006752576220064848
34	52	-0.000693815400051933
2	21	-0.0007132061310411017
7	17	-0.0007249887514977332
13	52	-0.000733717374236215
8	33	-0.0007370226215193953
37	54	-0.0007435775397299591
9	18	-0.0007683342970562605
5	16	-0.0007739017907591132
33	35	-0.0007786620950523127
20	54	-0.0007826182870454002
10	20	-0.0008341385087998338
17	47	-0.0008391790124354674
41	49	-0.0008400977407826485
35	48	-0.000854190541311188
7	28	-0.0008598485157658466
22	24	-0.0008769533243197028
3	4	-0.0009010471178751301
13	33	-0.0009290510133645432
30	42	-0.0009423234248121144
38	46	-0.0009440559640806374
9	30	-0.0009518388370645912
10	40	-0.0009547102500736381
16	31	-0.0009617494668439433
8	12	-0.0009703022795958536
7	10	-0.0009753755986526523
22	29	-0.0009882439304639487
14	52	-0.000991956339622655
9	43	-0.0009963539388095112
30	39	-0.0010069691956113326
1	10	-0.0010225425997813864
24	27	-0.001023243314948196
23	29	-0.0010316555929193692
31	53	-0.0010333674974166152
21	31	-0.0010568970234949016
6	39	-0.0010699899584564266
43	52	-0.0010789073750896508
2	4	-0.0010984817859140891
35	55	-0.0011014823802823082
23	27	-0.0011205664444437317
13	54	-0.0011463226415762613
1	55	-0.001152321783464554
17	50	-0.0011626176329641719
6	52	-0.001175297334877372
1	25	-0.0011938733792531877
12	44	-0.0011943958921985937
2	14	-0.001200239148422974
14	53	-0.001206011973018447
34	38	-0.0012301042203193974
10	14	-0.0012595426026679995
20	47	-0.0012677608940669296
32	36	-0.0012944857171568042
3	16	-0.0012995321333962358
3	25	-0.0013265054995125238
18	46	-0.0013498200533212119
5	9	-0.0013557691598391347
26	36	-0.0013843097182560556
6	27	-0.0013881221199339554
1	52	-0.0013889540510039124
12	47	-0.0013980558281059272
11	25	-0.0014150767444888832
20	41	-0.001415338929383659
26	54	-0.001443852316295664
15	50	-0.0014671407884244555
16	47	-0.001467492193345675
22	27	-0.001470823034283423
25	44	-0.0015002147166854468
1	49	-0.0015035757087762443
1	14	-0.0015125962698704178
9	14	-0.0015130547128751623
7	44	-0.0015133439956609507
1	11	-0.0015137682838544339
3	13	-0.0015233890805837957
33	41	-0.0015278610740709839
9	15	-0.0015293867576385888
32	49	-0.0015462007106086424
4	51	-0.0015528499592252307
7	15	-0.0015620645459862702
43	49	-0.0015990380444845416
4	16	-0.0016086314146491042
5	27	-0.0016101284214296834
15	46	-0.0016165392191944301
7	36	-0.0016291045833403787
7	11	-0.0016430433196296
38	55	-0.0016520244118092848
22	48	-0.0016759937100766752
31	51	-0.001686113973226433
42	50	-0.0016939409351255617
24	28	-0.0016957654136175986
12	55	-0.0017083087345403187
16	38	-0.0017119696019694056
21	51	-0.0017137449883065613
11	41	-0.0017208073343393726
41	51	-0.0017326529879120312
9	37	-0.0018056970811376662
15	48	-0.0018092233891454186
18	47	-0.00181291333495985
14	45	-0.0018204419967923526
7	23	-0.001829879259978684
14	41	-0.0018354652261921064
13	55	-0.0018403309953101748
11	54	-0.0018482355170447579
14	24	-0.0019067866474022054
44	45	-0.001922184437512452
1	20	-0.0019257732506846757
13	51	-0.0019309760819668483
7	55	-0.0019437866801663862
27	51	-0.0019463980617186565
4	53	-0.0019484521703958518
22	47	-0.0019775145476567018
26	32	-0.001981464213816099
3	39	-0.0019840197834385762
17	55	-0.001984749567221368
6	42	-0.001987282430080628
6	50	-0.0019918680287364064
21	35	-0.0020364392899076336
33	45	-0.0020560219242281973
8	36	-0.0020635195984094364
32	41	-0.0020651002257624975
13	22	-0.00207156228581158
17	43	-0.002107851222620954
7	49	-0.0021112680284673434
1	18	-0.0021204560415437014
26	37	-0.0021377660921689627
13	26	-0.0021377896869771065
2	16	-0.0021386155164444674
12	14	-0.002141583182641309
7	40	-0.0021656067267939
6	34	-0.00217730855383464
25	34	-0.0021858065850775057
12	48	-0.0021886662406931812
23	38	-0.0021972489822728244
13	30	-0.002212301677752654
2	55	-0.0022423873265924495
12	28	-0.0022775422197762775
31	50	-0.002278020378361008
39	43	-0.0023425879875712333
17	36	-0.002373877129171715
7	53	-0.0023766211496616774
29	48	-0.0023930620508062963
4	19	-0.002413485129581649
3	17	-0.002422977745381875
5	33	-0.002429771625446265
6	24	-0.0024366386587418047
22	30	-0.002441401625638759
19	40	-0.002458597677472708
16	36	-0.0024646268542846198
15	49	-0.002471037897946224
43	51	-0.002550751320078381
4	54	-0.002554531200817117
7	52	-0.002611522788361551
3	55	-0.002622060080165905
45	55	-0.0026227008485552594
15	38	-0.0026666113806003283
7	39	-0.002688765943439939
1	41	-0.002692758010746466
12	24	-0.0027241616469845294
2	20	-0.002731189551811386
7	32	-0.002751806283434725
1	28	-0.002767040376207364
8	13	-0.002771263948966139
41	47	-0.002771653287920272
15	39	-0.002809924943279139
41	46	-0.002811502566802772
16	39	-0.002813782182553232
10	32	-0.002814580860309371
3	54	-0.002851649397612219
13	29	-0.002853162311649177
31	41	-0.002875971908320594
22	46	-0.0028778030346543505
23	46	-0.0028864151602472007
22	44	-0.0028865672064125308
6	11	-0.002893358875841609
4	35	-0.002903659521889139
2	43	-0.002915912393469047
23	41	-0.0029203015011670316
9	44	-0.002936995789392231
16	32	-0.002937387840018806
21	30	-0.0029400793737720116
17	37	-0.00301353848394334
6	41	-0.003018399708771182
8	21	-0.0030630873758869612
5	21	-0.0030725231300765612
24	36	-0.0031275292314934602
12	54	-0.0031522836162346467
16	30	-0.0031575842094863135
14	38	-0.003160709311439183
42	53	-0.0031667337154684047
17	45	-0.003175614142644275
39	55	-0.003196479912900844
1	42	-0.0032063647927936044
43	54	-0.003210055168437722
3	51	-0.003226921453963881
11	47	-0.0032363762893513506
36	40	-0.0032414631987023566
2	48	-0.0032460085578797687
6	19	-0.003270415824136649
3	20	-0.003277584122741815
7	26	-0.0033123916396287263
22	31	-0.0033155627100264033
15	27	-0.0033224590505396365
5	11	-0.003324511478474769
20	55	-0.003327989851396252
6	25	-0.003366779693474052
5	54	-0.0033669166705902974
6	55	-0.0033740795958490345
1	47	-0.0033814374509388225
13	32	-0.0033837391552328346
7	20	-0.0034068006231464587
19	38	-0.0034088063616851995
14	23	-0.003430825053261935
30	36	-0.003448080288577196
18	41	-0.0035052833976388018
18	33	-0.003510859680783355
5	15	-0.0035200296054522643
17	34	-0.0035224269490827347
44	48	-0.003528945298666602
1	34	-0.0035333805720792902
1	26	-0.0035348875537950662
24	50	-0.003545184203565298
4	13	-0.0035511644494422984
32	47	-0.0035572624881399463
22	38	-0.0035721758717243597
2	19	-0.00357256664146061
6	32	-0.003590393083557069
33	53	-0.0036149488086208324
5	38	-0.0036171655683395684
3	18	-0.0036324671423013976
9	21	-0.0036345809809542615
22	35	-0.0036433493856527256
14	49	-0.0036485588411827446
28	36	-0.003649688621176128
42	45	-0.003657834004999314
7	19	-0.003659935285837937
42	47	-0.0036625382694819766
34	48	-0.003666541328209063
38	42	-0.003676693579599398
2	17	-0.00368797447293385
2	38	-0.0036988437499355137
30	45	-0.003704126277878096
9	33	-0.0037107002189156364
33	42	-0.0037162874691793486
5	22	-0.0037213473865266716
17	26	-0.0037268276967819466
5	40	-0.0037809892045431205
2	51	-0.0037885598414798844
10	53	-0.003796197554630386
23	25	-0.0038000729072855677
35	50	-0.0038485853785615743
1	17	-0.0038626840975410615
17	40	-0.0038703973468990956
2	49	-0.003887674209070367
4	52	-0.0039042343183769103
2	41	-0.003908607522608873
5	13	-0.003908879227103006
11	24	-0.003947159124588477
1	33	-0.003957206874086955
26	40	-0.003968466447844335
19	33	-0.003972783621418266
13	39	-0.003997180481589051
3	42	-0.004008789470300973
12	32	-0.004031854793281583
9	54	-0.004036484417769029
8	44	-0.004037188979770151
31	38	-0.0040420253666218035
37	44	-0.004045433865812954
20	32	-0.004062772685681396
8	15	-0.0040631204176219534
4	32	-0.004078337410028379
6	37	-0.004089053564625599
47	55	-0.004101507488181862
47	53	-0.00414677965987255
4	10	-0.004156942611113724
30	35	-0.004158133741910911
16	25	-0.004184527512514562
10	15	-0.0041976909112895165
6	23	-0.004198739162624698
6	18	-0.004208367480189261
25	50	-0.004218964453854607
1	24	-0.004225901409110156
21	32	-0.0042399835231592305
3	15	-0.004249143322672266
3	41	-0.004267757747686842
13	20	-0.004275062465436568
18	27	-0.004292473347819103
11	51	-0.0042928972563651465
13	48	-0.004312121185958548
3	32	-0.004323502534335313
33	49	-0.004363272303642571
4	21	-0.004368952997058665
24	38	-0.004384032434304623
7	51	-0.004406636935548969
7	41	-0.004413270575203431
14	47	-0.0044227790353924155
1	23	-0.0044239853467838795
22	28	-0.004435802414326716
6	44	-0.00443761637795642
7	21	-0.00444047421316032
12	30	-0.004441614556278342
25	45	-0.004441919004858977
12	53	-0.004455708303609392
14	55	-0.004464116172081043
32	44	-0.0044710351362128725
20	26	-0.0044756016460317065
12	18	-0.004479122642736818
2	47	-0.004485725604237017
14	34	-0.004494405002609281
10	54	-0.004532681211471294
18	40	-0.004536669499336772
20	25	-0.004545259358914568
23	26	-0.004548579012613876
8	49	-0.00456083138163893
6	49	-0.004579238606619161
5	50	-0.004604134522181287
15	34	-0.004624074598099738
8	38	-0.004642133344180673
13	23	-0.004650701314196086
14	40	-0.004655125088095766
21	54	-0.004655692561289487
7	42	-0.004667059680826779
2	22	-0.004675259417048345
7	47	-0.004722431400488016
30	53	-0.0047250632612684754
44	47	-0.004728915776834417
7	27	-0.004732118665352374
23	53	-0.004733908040241174
2	35	-0.004734728604287847
36	41	-0.004775438404147009
36	52	-0.00478248310018365
8	54	-0.004796433507020354
15	36	-0.004807903884140723
10	16	-0.004809238815665643
4	25	-0.004821970016973294
14	17	-0.004822055001101042
6	35	-0.00482892449359008
12	22	-0.004834770760498782
2	27	-0.004835083571561923
3	29	-0.004839436191896536
33	38	-0.004893505880350962
7	25	-0.004913083748242306
10	44	-0.004917108026621361
19	25	-0.004927905121037827
7	34	-0.0049390873104789255
6	33	-0.004943190125290873
11	49	-0.004957383929729029
12	23	-0.0049585571765765
13	45	-0.004959007705735869
21	55	-0.004960670681987111
15	32	-0.004963664548416926
19	26	-0.004977485394854554
4	45	-0.004982840065058282
13	34	-0.004999340202816389
2	36	-0.005004799999416908
16	41	-0.0050234899902101785
23	28	-0.005023745344346546
9	24	-0.00503895338656789
3	53	-0.005044731560453616
16	37	-0.005059863799874232
9	47	-0.0050628284321936595
24	47	-0.005073840128640527
25	49	-0.005075649725951365
11	34	-0.005080452480944604
3	40	-0.005083533650871476
9	46	-0.005085460150768986
10	21	-0.005090099251711784
30	43	-0.005114587214542374
7	43	-0.005116945152282072
7	18	-0.005138614346537509
16	53	-0.005140306098016022
15	23	-0.005162946193546601
16	20	-0.005166334016996316
28	33	-0.005179016583121537
2	26	-0.005183768328045146
28	43	-0.005184071628084961
31	44	-0.005191578121724813
3	22	-0.00519606425545559
9	34	-0.0052289990214710435
20	23	-0.0052390250374864545
29	44	-0.00524893308970256
1	45	-0.00525725324491977
37	46	-0.005284155462813267
9	20	-0.005289497493789574
28	48	-0.005304285319735326
5	43	-0.0053376381469343575
27	44	-0.005340758275022601
19	41	-0.0053413399024762834
6	51	-0.005345929077084329
13	25	-0.00537074749209041
17	31	-0.0053725939318385076
4	34	-0.005378099790483695
40	50	-0.00538764988342507
2	50	-0.00539746926693967
41	48	-0.005425085886616454
1	48	-0.005428982961519851
27	39	-0.005436140073710027
36	55	-0.005441297977755801
33	44	-0.005463870346195596
13	42	-0.005464715279340194
20	22	-0.0054662680816135005
16	35	-0.005488806674163342
31	35	-0.00549140723357687
42	49	-0.0054924575195189115
2	23	-0.005493817837836389
36	54	-0.0055006076466396926
36	45	-0.005503083107457023
34	47	-0.005507749990704899
6	43	-0.005511948015040813
15	43	-0.005526125230026343
1	31	-0.005529876792651262
2	37	-0.0055308113325336005
2	40	-0.0055315644973842944
11	32	-0.005532973775634775
20	52	-0.005538563739116259
3	36	-0.00554097590320435
3	33	-0.005551391567231185
32	38	-0.005565716210702589
9	55	-0.00557432494442967
13	19	-0.005578575010547159
24	45	-0.0055862072969480574
6	36	-0.005601972944611299
8	47	-0.005650846190233275
26	44	-0.005662847750636118
3	26	-0.005670851882778657
6	46	-0.0056912502969570875
1	36	-0.00571248546084439
13	36	-0.0057209959662544215
17	33	-0.005729709242321215
11	46	-0.005753906119265394
1	37	-0.00576087893498871
13	41	-0.0057649152030422
11	29	-0.005784248634076753
20	24	-0.005791524547087038
9	16	-0.005804262104035765
5	23	-0.005825080227318303
8	51	-0.005831833306066198
11	30	-0.00583195419630848
9	22	-0.005903578785209783
8	16	-0.005906466750091988
47	54	-0.00591263528855298
3	50	-0.00592189520729583
11	17	-0.0059294262611840854
2	24	-0.0059484860310048794
1	22	-0.0059490036653698074
1	35	-0.005971265092541389
29	53	-0.005991226004499478
33	43	-0.006024294027385722
1	38	-0.006039350352092316
18	32	-0.006047901863802356
2	34	-0.006068414896132256
32	55	-0.006073436821272786
24	41	-0.006074207317939043
10	47	-0.006081660108693675
9	36	-0.006099783048659699
2	25	-0.006101761048231069
8	50	-0.006104041980242331
14	50	-0.006110377259001428
40	49	-0.006112819774373939
7	29	-0.00611632933125101
5	53	-0.006121281503665832
4	22	-0.006132177440329321
13	40	-0.006141210452220635
1	43	-0.006141229788309079
4	18	-0.006142267761263976
40	45	-0.006144155936465192
43	50	-0.0061549552983689824
23	45	-0.006208376905500888
9	51	-0.006208452266781179
2	32	-0.006215645653779457
10	34	-0.00621776424328317
1	27	-0.006218750266411041
1	46	-0.0062216019687962275
16	22	-0.0062235527113819
13	21	-0.006235515901340154
25	51	-0.0062385351274024635
3	24	-0.006242628432984919
3	44	-0.00626470417145414
31	36	-0.006276542102815549
9	31	-0.0062823942604140395
2	45	-0.006283882938157705
4	36	-0.006292925168455582
35	52	-0.006309997058202772
17	41	-0.006332100357107907
10	17	-0.006346691324276048
12	27	-0.006349216603836669
8	30	-0.006354390059521832
1	30	-0.006364582354437523
47	52	-0.00638131319451091
9	53	-0.006383663192518472
12	46	-0.00639220940243996
5	37	-0.0063941714017874025
30	48	-0.0063986701857271025
32	35	-0.0064204771678513795
1	39	-0.006422415283674623
7	31	-0.006423658910990206
10	38	-0.006430901192303159
7	45	-0.006432798808616077
16	51	-0.0064422837831026435
8	27	-0.0064513257653092074
9	32	-0.006471485307494026
38	52	-0.006501183022760166
10	50	-0.006505350080342125
24	54	-0.006513801919190153
32	52	-0.006516654391508394
28	50	-0.006531204694040526
25	40	-0.006547697833375469
10	30	-0.006548492407649624
23	50	-0.006581064038269255
2	33	-0.006606212794599989
30	52	-0.006625259159930287
20	29	-0.006637358520910684
13	27	-0.006643179745654105
3	52	-0.006644848501895246
10	51	-0.006653392005056399
11	33	-0.006658992262097918
32	53	-0.006659486411570629
23	51	-0.006670306291238548
25	39	-0.006689612091190865
7	35	-0.006695906721399298
31	45	-0.006700637562648146
36	49	-0.006711840855960917
4	47	-0.006729410349287963
17	54	-0.006734771360403577
43	45	-0.006744569119292302
3	37	-0.006749950359349929
10	41	-0.00676909282392563
5	20	-0.0067699443813515545
12	50	-0.006774376058396909
2	39	-0.006804947547534949
4	50	-0.006824026444297006
35	37	-0.006824549696097089
6	45	-0.00683474344743862
22	50	-0.006845040563823462
18	34	-0.006855200200704599
7	22	-0.006862797505093329
16	43	-0.006864801825816435
5	10	-0.0068764081453015135
20	49	-0.006888422065609383
23	49	-0.006890418827960253
1	21	-0.00690900922279362
39	52	-0.0069123781654149615
9	38	-0.0069420458234253565
26	41	-0.0069459603950560705
30	50	-0.006955938384236397
22	53	-0.006972311222198572
12	20	-0.006974762893895682
10	22	-0.006987429720700881
7	48	-0.006988046298742354
8	53	-0.006996324042649905
31	54	-0.006998070856909516
28	53	-0.00700447749870277
4	44	-0.0070338162145231475
1	29	-0.007047630646811828
3	47	-0.00705057818206987
3	34	-0.007079316894518589
27	50	-0.007101655322383863
25	53	-0.0071140220985214855
28	51	-0.007118613489524771
35	49	-0.00712976677541389
27	36	-0.0071515692257274
27	34	-0.007155847061071597
9	49	-0.007159488184259108
6	47	-0.007172547035669671
6	48	-0.00718758859205625
26	50	-0.007201195158353904
7	46	-0.007218492687859563
11	31	-0.007241280242940701
10	52	-0.007262960783625272
21	44	-0.0072748748954548454
5	44	-0.007289196216602032
15	25	-0.007296895152332312
7	24	-0.007310169090930765
7	37	-0.0073154758134727545
38	44	-0.00733921550596039
42	48	-0.007340525659473358
6	30	-0.007387797825812678
8	34	-0.007387880418987278
26	49	-0.00739446842461404
37	50	-0.0074137371688286985
4	40	-0.007434345685236914
15	55	-0.007439049867989501
3	23	-0.00745202982567287
22	55	-0.007461476258278818
6	38	-0.007466013090334174
11	45	-0.007500281123153117
35	42	-0.0075009194456129875
25	52	-0.007505426787397943
30	46	-0.0075185787983556435
39	51	-0.007537866300426115
38	53	-0.007545103549235424
11	48	-0.007558254708048004
19	55	-0.007561110524800134
29	55	-0.007562489687264567
9	50	-0.007599540383703501
9	48	-0.007609358578909258
16	33	-0.007611015229256145
9	40	-0.007628561565787847
5	30	-0.007658203515272185
32	54	-0.007659305709458074
34	50	-0.007660960304300628
22	45	-0.007665963475807325
8	14	-0.007667022425597549
4	33	-0.0076686500911133425
16	26	-0.007698523251511401
33	48	-0.0077114697359182294
28	37	-0.007716041581378442
17	25	-0.007719930980126693
31	48	-0.007745255502098876
22	41	-0.007748934460207607
32	39	-0.007756570354668922
30	34	-0.00776646565514486
5	47	-0.007799187326888687
13	47	-0.007808977457887835
8	37	-0.007827192690146867
11	42	-0.00782870300046357
17	32	-0.007881459853126622
16	44	-0.00788635319931755
3	38	-0.007887691760033491
12	35	-0.007893982965479704
27	49	-0.007921850383330355
30	49	-0.007931185243534665
8	20	-0.007948297059432162
6	21	-0.007963898522901117
38	49	-0.00797564530054238
19	24	-0.007980411961366361
8	23	-0.00805384276013234
37	53	-0.008054059362408432
17	22	-0.008070091376075823
6	28	-0.008071833464115958
5	25	-0.00815412387239466
27	41	-0.00816441867895443
15	24	-0.008180187052074411
27	45	-0.008193219276234256
25	36	-0.008199997284497797
12	39	-0.008239102590879803
15	29	-0.008253624018233959
24	53	-0.008256382559062015
9	23	-0.00826274495218967
4	41	-0.008299099913344906
5	55	-0.008301731542851314
13	35	-0.008303612747805013
17	35	-0.00830421568345822
10	42	-0.008321529132654291
3	30	-0.008371321598256801
33	50	-0.008375301099450765
5	41	-0.008377944787339869
25	54	-0.008387826994205287
7	38	-0.008389650249653869
26	53	-0.008434072319205822
24	49	-0.00845809025920231
30	54	-0.008465022948948919
27	38	-0.008489567571335368
20	43	-0.008493111492183857
5	42	-0.008506369494214874
24	44	-0.00850720122112806
21	43	-0.008507765573165658
24	52	-0.008514662288337072
25	38	-0.008526324065342983
17	23	-0.008527069074744062
12	33	-0.00854675444700198
34	37	-0.008577750726968491
34	46	-0.008597525711676981
22	52	-0.008608057447704674
18	50	-0.008612978399224666
5	36	-0.008622850863943245
7	30	-0.00863928115390516
30	44	-0.008666709913788422
19	34	-0.008667888682256047
29	42	-0.008672427323288556
11	27	-0.00867643483555692
4	55	-0.008703936914701742
29	50	-0.00874260533729329
5	18	-0.008747210578884279
27	54	-0.00875619727018432
15	26	-0.008760838355217659
27	53	-0.00876510467750312
9	29	-0.00878488823985825
26	52	-0.008785136769870014
10	33	-0.008799518752000574
17	46	-0.00882747463952791
25	46	-0.008836611500506167
8	46	-0.00883827066224528
11	21	-0.008865405571788176
10	29	-0.00888696668174565
2	31	-0.008916416157620271
38	50	-0.008922135647037985
4	42	-0.008923341707328518
20	31	-0.008926646710005192
3	35	-0.008931931934684742
29	51	-0.00893744780112253
34	49	-0.00895319762618114
23	40	-0.00895536651031707
11	22	-0.008967637330308476
25	55	-0.008970470643996972
31	40	-0.008991871964087402
16	54	-0.008995001267730774
29	54	-0.009006108714152632
19	29	-0.0090327292970858
15	30	-0.009033604611709227
33	36	-0.009033680465707353
4	37	-0.009047247450664493
21	52	-0.009067533774693395
28	39	-0.009084673658503654
5	49	-0.009123494741717593
11	50	-0.009145503588766994
27	43	-0.009147745889992051
12	49	-0.009165165978908022
6	29	-0.009203803904600964
13	38	-0.00922728031555934
4	49	-0.00923130175940099
22	49	-0.00923809504785187
8	40	-0.009289070563553199
31	52	-0.009296669826703586
12	36	-0.009298130290378067
33	54	-0.009317122397465818
16	24	-0.009365550672568921
36	39	-0.009437605859913408
20	50	-0.009472879612922399
12	37	-0.00949205862603245
22	40	-0.00949341794453035
32	51	-0.009512366497624155
31	43	-0.009575185907097106
26	48	-0.009576069856697957
27	52	-0.009602556142255483
11	39	-0.009603124142790596
10	45	-0.009629405227649532
22	54	-0.00963191433428483
32	48	-0.009653398546927944
4	24	-0.009660912487833245
23	54	-0.009679017500662801
16	45	-0.009679744020455076
21	48	-0.009698064033807779
38	51	-0.009712536723394756
28	46	-0.009723606392031316
14	32	-0.009770709754302088
18	29	-0.009781104974652899
32	37	-0.009781686887392175
26	39	-0.009823512326638258
19	49	-0.009825841411175096
10	48	-0.009827340942720551
28	49	-0.009833103237136112
8	48	-0.009845449919409784
28	34	-0.009848256909758591
11	28	-0.00986217328747255
18	31	-0.009891639145219823
20	34	-0.009894331245552135
12	45	-0.009922066990679523
19	50	-0.009933379209323244
15	31	-0.009944415993221854
19	52	-0.00997203580987233
9	27	-0.01002041936760111
5	35	-0.010057438273345633
33	52	-0.010058705395917765
8	39	-0.010074448107590105
28	55	-0.01009266726411269
19	23	-0.010100765068686023
33	55	-0.010127575666976942
28	42	-0.010156003174695456
19	44	-0.01017575515233286
8	25	-0.010184279198239585
26	46	-0.010217135640631158
5	34	-0.010234954552787468
4	28	-0.010237629978488287
25	48	-0.010243122710687976
8	45	-0.010253500029072746
14	54	-0.010259372096632628
4	48	-0.010260449903324979
8	32	-0.010346123696819295
12	21	-0.010348894618097125
10	26	-0.010358160685090868
8	22	-0.010374747988563074
30	40	-0.010380072601680033
19	54	-0.010386740863197547
23	43	-0.01039521940927575
5	51	-0.010400239882428896
33	40	-0.010419607060349084
10	25	-0.010430475811640846
18	45	-0.010449200906959723
35	46	-0.010494468267463638
30	41	-0.010497931567267822
5	31	-0.010500468368846851
5	28	-0.010504699349543069
29	38	-0.01051007167763311
36	51	-0.010521026588449396
39	53	-0.010540142509898117
25	43	-0.01055402020833801
27	40	-0.010561020188302747
30	55	-0.010566102639377285
37	49	-0.010569482733871847
22	51	-0.010606179398890714
16	55	-0.010611927849692298
14	31	-0.010705621711932154
36	46	-0.010714078192258114
35	40	-0.010718028069010725
5	29	-0.010733424591261063
14	27	-0.010739506490162986
26	43	-0.010743939711350275
17	52	-0.01077465765210525
37	48	-0.010782777848123738
11	26	-0.01079024254876534
20	53	-0.010844914656845589
21	42	-0.010872478406573294
38	45	-0.010928077978031686
10	39	-0.010930908016699176
16	50	-0.010966259318746896
4	38	-0.01099975803125027
4	17	-0.01102520280373509
27	55	-0.011041968933369619
33	37	-0.011055651378299667
4	23	-0.011142539488374292
5	32	-0.011153001250807981
15	35	-0.011241847247568753
35	39	-0.011255062676095516
26	42	-0.011293855988950063
25	37	-0.011318457653086544
15	28	-0.011320573412783834
32	46	-0.01133797938873239
30	51	-0.011382480528119333
19	31	-0.011405793314610743
18	54	-0.011411896056080574
4	39	-0.011422348847118954
26	51	-0.011429433880195777
14	46	-0.011490871433846885
40	46	-0.011500814592291074
19	32	-0.011522465124276321
20	44	-0.011546431017133433
23	52	-0.01154771608978333
17	53	-0.011556732960987212
18	49	-0.011571411121116745
31	39	-0.01163039283182418
12	38	-0.011652475361578478
21	46	-0.011654281772738116
16	29	-0.011660782289056176
20	51	-0.01167275652266132
11	36	-0.011691728288281713
20	35	-0.011721867469376727
30	37	-0.011723759548791037
10	31	-0.011779185935595954
33	51	-0.011817461946840517
16	46	-0.011863712730192004
19	48	-0.011880354587706997
21	49	-0.011920952331783443
4	46	-0.012003918050614005
26	55	-0.012006243562180146
14	37	-0.012033005925432298
12	43	-0.012043673035543177
8	24	-0.012052174895966855
28	52	-0.012058123580587518
36	50	-0.012113038576742435
32	42	-0.012116730460751077
34	51	-0.012126299813458193
23	37	-0.012154851477953112
34	40	-0.012178035500056854
34	45	-0.012184380437070694
21	25	-0.012219621060695598
19	45	-0.012242793573692847
31	55	-0.012263772439052311
32	43	-0.012332368773652526
28	54	-0.012359903137662718
18	43	-0.012430191221663684
24	40	-0.01244067856226744
28	41	-0.012502443812450593
18	48	-0.012511356180535536
10	28	-0.012528867136609336
16	28	-0.012554288090168238
5	48	-0.012562814963226324
14	35	-0.012566782615577348
18	55	-0.012571925680989282
17	51	-0.012621637312655162
18	26	-0.012626785502211735
28	45	-0.012842832462016023
29	34	-0.012865244390471337
16	49	-0.012871617077179725
5	24	-0.012994258689021225
33	47	-0.013029108166073706
14	28	-0.01307291901319682
17	28	-0.013093076561668315
10	46	-0.013156043241007727
40	48	-0.013204880448348165
14	29	-0.013269433690358799
17	49	-0.013336163186092995
4	29	-0.013352400899782405
5	46	-0.013357102444379402
25	41	-0.013380756293096548
29	41	-0.013455092988130047
21	53	-0.013498935613867674
11	37	-0.01353702472317272
20	45	-0.01354393276492883
8	31	-0.013575229145141287
22	42	-0.013645769824368702
27	35	-0.013693967422481551
16	27	-0.013715792792639328
23	55	-0.013794632725849193
29	49	-0.013912641509871617
18	52	-0.013948194718967168
24	37	-0.014019437636771489
21	50	-0.014108463739596323
16	34	-0.014280349760591577
39	44	-0.014292174648047544
19	42	-0.014588649896911469
18	53	-0.014627181559042936
31	37	-0.014680919156010039
29	45	-0.014701875671155084
19	46	-0.014965592551176143
38	48	-0.015349621502809989
37	51	-0.015360873980757172
19	53	-0.01553312013815113
18	42	-0.01607677357807283
26	38	-0.016096958054911948
11	35	-0.016111649476607443
28	40	-0.016443940930624977
17	44	-0.016527989356078354
16	48	-0.01682240625536178
20	46	-0.01709637620737835
19	35	-0.01711272090772343
29	40	-0.01712808259336652
18	44	-0.017290034470532768
19	28	-0.01731715240748511
18	28	-0.017462771208608723
17	29	-0.017610920677222672
18	51	-0.018662090644513334
14	39	-0.019071407080198215
19	43	-0.01935419388838495
29	39	-0.019468658195752494
28	38	-0.019609052358491665
21	34	-0.021986491684706896