#==========================================================================
# The first and second rows contain site pairs (i, j) such that j > i
# The third row contains coevolutionary scores obtained 
# using mean-field DCA (mfDCA) algorithm.
# Note that in this data sites are counted/labelled starting from 1
#==========================================================================
37	50	0.425048171153595
3	79	0.37892815846323374
38	49	0.3611796203483761
39	48	0.3480131043321125
40	47	0.3097166539789361
21	33	0.30397514463502984
2	80	0.28432125208971104
4	78	0.2666906715064501
6	76	0.2263910322090945
18	59	0.21450171828284662
41	46	0.21313686406365512
7	75	0.16848338530454507
20	34	0.1595854042664562
55	67	0.15606052584430283
44	45	0.13923705024466995
60	62	0.12630737917826348
19	35	0.08054982767818257
36	51	0.07623718971410767
42	45	0.07271806882903523
22	32	0.07256487712821381
56	66	0.06693482084262485
73	74	0.060874341131097354
5	77	0.05975755860080619
12	13	0.05410430072564494
65	66	0.04583789954954109
43	44	0.045130317947499644
57	65	0.04038534859090902
6	78	0.03906725913546004
4	6	0.03840769787481751
10	11	0.03615162360319173
62	63	0.03508106062463349
56	65	0.03435508980433487
16	65	0.03430726847833624
14	15	0.0327131754953912
71	72	0.0324793166682381
61	64	0.031877957090527265
11	70	0.03142090662475645
62	64	0.030172665342051645
9	11	0.029735907205459912
42	44	0.02972911203449579
63	64	0.02873924767505777
9	10	0.028269665272229204
57	66	0.027924365630344877
14	62	0.027022002867092377
56	57	0.02623550983924117
42	74	0.025497769479233344
70	71	0.025414677710620722
43	46	0.025380157443089794
61	63	0.02519360627370252
13	14	0.024499639148359974
53	56	0.02437992584509914
15	17	0.024104940263781093
77	78	0.023869661112673177
61	62	0.02313487194056467
16	57	0.02311484705182953
66	67	0.022906638893544915
60	61	0.022539332032239862
1	17	0.022284592712611632
8	9	0.021423315405630368
40	41	0.020445524303564493
14	72	0.020429444960926184
54	68	0.01952610033163196
66	68	0.01950417760382321
6	71	0.019338572069661986
72	73	0.019043257158344477
15	62	0.01842863754491465
41	43	0.018291119105063917
43	74	0.018219181583036318
65	67	0.018113490391411455
4	77	0.01782530083380173
12	14	0.017388580230884285
65	68	0.01709890462049104
45	73	0.016944099960351705
7	11	0.016500080447687693
60	64	0.01615233200328098
12	71	0.016054141271300386
76	77	0.015879711996950388
16	56	0.015876123969115048
64	66	0.0158306164596224
11	75	0.015793599300897503
64	68	0.015527370753263606
17	55	0.015516565881068312
67	68	0.014838241064528116
6	8	0.014293565530115977
53	66	0.014144781036846809
9	73	0.01403200086009321
5	69	0.013933017162891597
8	35	0.01389461392309951
8	10	0.01366168748644276
64	65	0.013496893981745531
42	43	0.013461216454401289
60	63	0.013399103275692804
14	69	0.01320298438124035
59	79	0.012947451630228916
2	10	0.01232762632177906
53	54	0.012318370443754875
27	62	0.012143371123568943
71	73	0.01192302539467866
12	70	0.011877505735333643
1	13	0.011825068319543885
16	20	0.011636481524867244
5	7	0.011627813891683634
53	57	0.011280103971596438
17	67	0.010820054659159552
17	59	0.01077137359235728
13	45	0.01062446706074315
29	30	0.010569767342738179
59	72	0.010558676582717585
1	15	0.010537474990839076
12	15	0.010498699700300793
70	72	0.010433047148649035
58	61	0.010327422099422445
5	75	0.010192637913555777
14	73	0.01011453541360451
8	11	0.010099623398144323
55	58	0.010093055476410137
12	39	0.009990192795730785
1	70	0.009807685688546428
70	73	0.00967305045436353
41	77	0.009647711195572032
29	79	0.009580954153172139
1	29	0.009573712052854084
29	71	0.00937724504814284
7	77	0.009302648069391389
43	76	0.009281657977570093
10	70	0.009265380519969668
12	41	0.009245926488877725
46	47	0.009237668334821019
75	77	0.00915279743896064
45	74	0.009099245153165039
43	47	0.009010434078197087
64	67	0.008995851025052756
45	72	0.008868555379814774
30	71	0.008801762543654477
44	46	0.008666656807983269
76	78	0.008607885004363653
13	29	0.008573777800073373
72	74	0.008545099855073663
52	58	0.008530870254189468
58	59	0.00848700196544824
13	63	0.008477128696639566
12	60	0.008451423998761433
54	56	0.008443293058617001
3	5	0.008420713267699836
54	58	0.008414876638925668
12	72	0.008404930703540897
7	8	0.008390557668692972
6	77	0.008351641497346267
8	75	0.008313313497996907
64	69	0.008281025234996105
1	44	0.008256307385016969
63	67	0.008162182087610992
10	43	0.008121019170515506
69	71	0.008098531476753426
42	73	0.007954973652481417
30	43	0.007931034915991205
34	53	0.007898678024309326
42	63	0.007884093907667289
55	57	0.007867146525105315
61	68	0.0077638992354844135
45	69	0.0077316249465057135
16	66	0.007720040246026649
68	69	0.007465352158115992
53	55	0.007454422778272763
33	69	0.007441510208099717
55	56	0.00744007384101871
6	7	0.00741045266406699
20	48	0.007390523123298047
63	66	0.007369057515657314
36	37	0.0073288685292200026
6	75	0.007328223210515607
1	46	0.007285903150097379
12	44	0.007260136434322948
35	37	0.007129929694922207
17	53	0.00711074621882526
1	43	0.0070906946491179216
45	71	0.007044084524439236
48	69	0.0070397258832233
53	58	0.007027671388342396
36	50	0.007023526406054007
41	47	0.006972178234397176
14	47	0.006951425010753163
77	79	0.006912852511139975
41	44	0.00687471187469064
66	69	0.00685168670188671
33	34	0.006769058889110693
27	70	0.006764269269359874
1	18	0.006750691057339696
14	17	0.006749062573516319
61	67	0.006653428096443114
27	39	0.006638511610874676
2	11	0.006597590064339845
14	41	0.0065331099602697115
53	68	0.006511303218688766
9	74	0.0065073118973727985
6	10	0.00647844150801919
4	5	0.0064688246813860645
50	71	0.006456790062672248
1	63	0.006414685541206201
13	47	0.006412432860853429
16	53	0.006375240535411101
75	76	0.006367236519144462
40	44	0.006321924211954424
4	76	0.006276962602256025
48	72	0.006154470206393873
8	68	0.006138410933441099
26	31	0.006074493051608242
24	31	0.00607449305160818
24	28	0.006074493051608163
24	26	0.0060744930516081356
23	31	0.006074493051608122
23	26	0.006074493051608099
26	28	0.006074493051608076
28	31	0.006074493051607985
23	28	0.006074493051607964
23	24	0.006074493051607917
5	19	0.006067031135064848
10	71	0.005964897555503844
30	46	0.005960172807877114
57	64	0.0059369564970057674
1	36	0.005921158581799861
13	74	0.005858132823648762
55	63	0.005803086782273064
46	74	0.005788447267914376
61	65	0.005771295945186907
5	60	0.005760829930917971
25	31	0.005728335626671664
25	26	0.005728335626671656
24	25	0.005728335626671645
23	25	0.005728335626671611
25	28	0.0057283356266715525
52	54	0.005728063409159738
14	70	0.005679709830156846
7	76	0.0056650955717260365
15	63	0.005647128713663748
71	80	0.005586922615684123
54	57	0.0055363679964865985
42	71	0.005502931315908009
10	63	0.005428991031784348
79	80	0.00541389431584165
8	72	0.005392244620586972
57	58	0.0053872622032355
58	67	0.005386528532520705
35	73	0.005375943608241886
1	69	0.005349925459014973
12	35	0.005346669914612324
57	63	0.005335761441814245
27	73	0.005332219656055538
19	72	0.0052913850408946575
73	77	0.005257244946055375
7	78	0.005252765352904781
47	48	0.005236001543976455
52	55	0.005234895317674008
77	80	0.005206069430245326
30	35	0.005188201242540436
8	69	0.005167684225315567
63	65	0.005163128097133512
17	35	0.005119897897224317
54	59	0.005110096455549435
14	71	0.005099876872180711
52	53	0.004998935984329813
1	73	0.004995397294096327
60	74	0.004949481607140189
55	66	0.004939537644180747
11	77	0.004926648045975505
24	32	0.004905396207053107
23	32	0.00490539620705306
26	32	0.004905396207053043
31	32	0.004905396207053027
22	24	0.004905396207052948
28	32	0.004905396207052812
22	23	0.0049053962070527415
22	31	0.004905396207052667
22	28	0.0049053962070525385
22	26	0.004905396207052508
13	70	0.0048971575793257
14	60	0.004881960937647879
33	44	0.004853798826257541
16	59	0.0048516249412645755
42	80	0.004822888357816469
14	29	0.004813830305746166
20	69	0.004810058243062505
25	32	0.00469649014828858
22	25	0.004696490148288434
45	46	0.0046885630378257145
52	61	0.0046705246157335316
43	53	0.004668587932296824
54	55	0.004666259783340464
58	64	0.004623031842060102
35	44	0.004598343342511358
27	49	0.004571072985845386
47	72	0.004560146572800669
44	47	0.004522847262549895
15	21	0.004522052344339613
53	65	0.004502171368164037
65	69	0.0044824271599453805
17	70	0.004470820086466444
15	74	0.0044441165743555
5	71	0.0044399596298211556
4	7	0.0044224556684921605
56	58	0.004387200468576713
54	66	0.004360974498057977
19	30	0.004353858125582982
9	78	0.004317479221742033
75	78	0.004290917852814269
11	43	0.004184243446007025
1	72	0.004151050322526147
51	54	0.004123307033457333
9	22	0.00411065579435041
9	32	0.0041106557943499196
61	74	0.0041021828881466875
25	70	0.004077421327260735
40	43	0.00407343127867198
51	56	0.004045072778976833
70	77	0.004044762186482622
9	17	0.004032390498405198
15	29	0.004014391631540969
25	60	0.004005152537868968
5	76	0.00398084063881169
27	31	0.003958164017193057
27	28	0.003958164017193051
26	27	0.003958164017192924
23	27	0.003958164017192884
24	27	0.0039581640171928376
1	80	0.003932657704085843
15	45	0.003926552571926699
5	13	0.0038248930671174507
14	35	0.0038156245389417724
51	59	0.0038146213952597267
15	53	0.003805395703134537
10	75	0.0037904289748664126
67	69	0.0037891840033960527
30	69	0.0037877671256283233
30	60	0.003767770714459667
51	63	0.0037570556650973023
19	46	0.0037370539033544153
14	45	0.0037188049099137754
21	34	0.0037097421591331748
7	10	0.0036768833653966736
8	73	0.0036622364117794536
63	73	0.003640123914017213
5	46	0.003630823359393803
36	54	0.0035997438118026944
15	16	0.003588758886363074
18	53	0.0035836750543526705
36	73	0.0035763089180071653
8	77	0.0035710440061878096
10	72	0.003569503984014161
5	48	0.003525020420470164
5	78	0.003520971334408645
9	70	0.003513958873352101
13	42	0.0034505036584425593
17	57	0.0034449011871629342
57	67	0.003444715502203742
55	61	0.0034158629826432315
58	63	0.003409239836052123
9	72	0.0033976309841692734
60	77	0.0033772517966107387
9	69	0.003357178737008346
10	76	0.0033556523892329312
42	60	0.0033500516700160853
13	48	0.00333737025007186
16	17	0.003328221140147957
4	75	0.0033027332865350114
40	46	0.0032719067745012893
53	67	0.0032319256112737283
15	73	0.003230076757072483
29	43	0.0031864833944629132
22	80	0.0031356148732847172
32	80	0.0031356148732847
7	30	0.003132482895404392
58	60	0.003103534122141799
9	75	0.0031030621140359553
61	69	0.00309470492558583
56	67	0.0030797116568831457
8	76	0.0030784111471439434
17	51	0.0030777096847448685
31	54	0.0030577212605101866
28	54	0.0030577212605101363
24	54	0.0030577212605100886
26	54	0.0030577212605099914
23	54	0.0030577212605099164
27	29	0.0030444604170103964
11	27	0.0030350235007795988
58	62	0.0030109532554310025
2	8	0.003004802924386019
1	6	0.00300228973187827
53	59	0.0029999476010493303
29	51	0.002991884217461021
20	70	0.002988299510031963
43	54	0.0029775849697852162
54	65	0.0029722921836937734
30	75	0.0029632942284514227
21	29	0.0029599211549741072
3	4	0.002944216014988784
7	9	0.002941137898728948
52	67	0.002937089003275703
19	58	0.0029340806206895973
56	59	0.0029309408167120677
35	77	0.002904300645089901
51	80	0.0028999633898515375
52	70	0.002886594262217337
1	41	0.0028816272637605233
48	49	0.002877299261583418
12	43	0.0028226914196772057
15	72	0.0028140493762108974
36	56	0.0027833538379501083
2	60	0.0027800581914878796
23	30	0.0027763384802851673
28	30	0.0027763384802851456
26	30	0.002776338480285085
30	31	0.0027763384802848828
24	30	0.0027763384802848745
30	51	0.0027736631910210098
58	65	0.002772442730018882
69	76	0.0027679340789022334
18	35	0.0027675633704212707
34	56	0.0027660123650160803
11	74	0.0027645720106356155
29	41	0.0027552610903034576
2	30	0.002737697566231971
42	72	0.0027352583806277042
18	30	0.002734936560664292
69	79	0.002732613493012556
20	56	0.0027298566652799025
44	71	0.0027200130794375697
25	27	0.002700499382114152
13	43	0.002684224365438433
10	80	0.002683668954095131
11	29	0.0026535732222726796
8	74	0.002650974033899989
34	52	0.0026401973106096404
17	36	0.002630204874004993
35	59	0.00262709637427444
14	42	0.0026209728904202758
15	30	0.002617501438551605
53	62	0.0026105796538369724
15	75	0.0025845559843636155
15	66	0.002578726371393914
51	69	0.002569129362327095
29	70	0.00255175947609562
54	61	0.0025410367353460054
25	52	0.002524430104145974
59	61	0.0025222133948080766
17	54	0.002522073099302183
29	42	0.0025084960945957564
26	52	0.0024839630464844283
24	52	0.0024839630464842727
23	52	0.002483963046484248
31	52	0.002483963046484177
28	52	0.002483963046484117
54	74	0.002483825780317
56	68	0.0024727941265154725
15	32	0.0024679241185981264
15	22	0.002467924118597811
21	52	0.00246368522206672
15	57	0.002444007269810972
19	74	0.0024244972962486327
35	60	0.002391427286178244
19	51	0.0023913555570597936
17	64	0.0023841764369208697
16	52	0.0023651242703713288
36	52	0.0023588639327940556
10	15	0.002343411063250705
71	74	0.002343068392986144
57	59	0.0023353303525471955
44	63	0.0023342053512683796
1	35	0.0023321116937839986
12	36	0.0023149668779656072
12	19	0.002288448887210937
25	54	0.002283155147574008
29	76	0.0022627204076768785
34	54	0.0022580440723269637
42	61	0.0022253235327762966
10	74	0.00220020406597371
2	12	0.002193839413422185
5	50	0.002116871459211196
60	67	0.0021065418441879556
35	39	0.002096478990016911
5	30	0.002083090112346768
41	74	0.002082274770751036
3	77	0.0020570567597448727
3	76	0.002050831980607291
25	62	0.0020475435001742256
19	33	0.002045311735417751
8	47	0.0020292029422084752
11	32	0.0020287138479329766
11	22	0.002028713847932935
15	55	0.002023705449437716
52	57	0.0020153014131481586
25	53	0.0020147656758788815
10	44	0.002010729192281289
1	74	0.0019963624866067356
61	66	0.001989868821910667
10	73	0.001988065211671132
17	56	0.0019473100510871985
52	68	0.0019470056233394047
20	33	0.001944106528528792
6	30	0.0019196736018319976
21	53	0.001912471317139358
29	36	0.001898894155690326
30	73	0.0018571916258004629
11	44	0.0018418774954800723
55	65	0.0018309587173150998
25	38	0.001829746235244532
10	13	0.0018117408134709061
40	49	0.0018109153126380194
29	60	0.0018103897737384942
52	64	0.0017991617898600008
68	74	0.0017809867651141795
19	24	0.0017783827677490317
19	23	0.0017783827677490005
19	26	0.0017783827677488686
19	31	0.0017783827677487713
19	28	0.0017783827677487509
23	61	0.0017767843140710899
24	61	0.0017767843140710476
26	61	0.0017767843140709429
28	61	0.0017767843140709325
31	61	0.0017767843140707256
44	62	0.0017700335800058557
2	76	0.0017603458864939477
25	77	0.0017554823131298862
45	63	0.0017511711968746634
34	48	0.0017493249945654665
13	30	0.001746984152569543
22	72	0.001737327111082153
32	72	0.0017373271110818888
14	43	0.001718831487168707
14	16	0.0017129420576510656
54	67	0.001710537570060604
9	63	0.0017042876071478542
52	59	0.0016865684869964144
25	30	0.0016679478682254977
27	69	0.0016647156766287493
1	42	0.001654659850469331
12	30	0.0016475714781418512
16	21	0.0016242701019653517
20	52	0.0016140151262804487
60	68	0.0016106718696523997
9	44	0.0015995375826957214
58	68	0.0015848532587103754
62	66	0.0015822553644764866
46	53	0.0015664845572248625
74	75	0.0015532863476954428
14	74	0.0015459287472328696
41	45	0.0015275021393917326
26	58	0.0015260944175143408
31	58	0.001526094417514094
23	58	0.0015260944175138572
24	58	0.001526094417513851
28	58	0.0015260944175137779
42	62	0.0015240886909515142
29	33	0.001523828235879785
4	27	0.001510607033892321
35	38	0.0015026344849932375
58	71	0.0014732136064719036
12	46	0.0014365926486676096
27	80	0.001432090704883134
24	51	0.0014318408455084946
23	51	0.0014318408455084757
26	51	0.0014318408455083892
28	51	0.0014318408455083731
31	51	0.0014318408455083604
52	56	0.0014256033946728503
21	27	0.0014058503326409713
30	32	0.0014028035983972417
22	30	0.0014028035983971953
35	58	0.0013829290215602746
2	73	0.0013639356473827639
30	74	0.0013632516601202547
27	78	0.0013456695741285328
32	52	0.0013399565665274864
22	52	0.0013399565665268682
18	52	0.0013368286019408249
18	25	0.0013208065461560504
5	11	0.0013178135376477277
16	77	0.0013020828939406546
60	69	0.0013010613619349283
19	68	0.0012939643288823817
18	73	0.0012902583238968424
1	20	0.0012885531648955959
14	80	0.0012881372371746115
17	41	0.0012524096823704383
27	34	0.001249993018785629
19	80	0.0012498301136609153
46	49	0.0012463337573819198
13	16	0.0012451013459072431
57	62	0.0012389719860092605
30	47	0.0011969554798331268
19	77	0.0011944948208729806
17	29	0.0011738019205451058
44	72	0.0011722057038123209
1	19	0.0011681999073485634
1	21	0.0011590759098435068
39	72	0.0011306342213409787
23	36	0.0011156606226648837
26	36	0.0011156606226648566
31	36	0.001115660622664842
24	36	0.0011156606226647918
28	36	0.0011156606226647692
53	61	0.0011140099164411153
19	25	0.001087887108038123
30	41	0.0010765655003240173
9	43	0.001064175729417187
60	65	0.0010620587139809684
27	38	0.0010496082081293701
16	26	0.0010455627135985955
16	31	0.001045562713598589
16	28	0.0010455627135985879
16	23	0.0010455627135985345
16	24	0.0010455627135983751
25	61	0.0010418906462793752
19	36	0.0010406196777742027
49	68	0.0010387339553749268
1	54	0.0010378719750712916
5	6	0.001037357029559616
57	71	0.001033327613789924
27	54	0.0010317186580914048
28	35	0.0010306068997586015
31	35	0.001030606899758485
23	35	0.001030606899758466
24	35	0.0010306068997584421
26	35	0.0010306068997583758
27	43	0.0010187250504230172
9	31	0.0010165843795136818
9	28	0.0010165843795135777
9	24	0.0010165843795135322
9	26	0.0010165843795135088
9	23	0.001016584379513487
14	30	0.0010158391436079356
61	70	0.001014796748470618
27	74	0.000987626392686276
2	72	0.000981867457592307
73	80	0.0009709240666054501
63	69	0.0009610830853195558
8	39	0.0009581270624666538
13	40	0.000957251187341357
35	71	0.0009315494822258871
23	68	0.0009009840403621466
28	68	0.0009009840403617767
24	68	0.0009009840403616934
26	68	0.0009009840403616316
31	68	0.0009009840403615934
45	53	0.0008978180832835692
10	52	0.0008874148881175773
69	70	0.0008856610160687486
14	44	0.0008784746609041931
57	61	0.0008753486870513045
35	51	0.0008740430813235366
25	58	0.0008709086374371808
71	77	0.0008642096896932013
9	62	0.0008589860682367062
16	64	0.0008577540928031411
25	63	0.0008463514198301372
8	71	0.0008439851767575507
8	57	0.000840715298178355
9	29	0.0008397255723462576
11	80	0.0008205444325751435
11	14	0.000819463115765571
56	61	0.0008184548823034774
55	59	0.0008124502383335102
29	46	0.0007998120975917624
32	51	0.0007948612136005231
22	51	0.000794861213600285
17	31	0.0007858211616628855
17	28	0.0007858211616628599
17	24	0.0007858211616627942
17	26	0.0007858211616627478
17	23	0.0007858211616627326
43	73	0.0007820557024240896
16	70	0.000766993465044147
18	20	0.0007658843481719423
13	27	0.0007589462432142447
52	65	0.0007540912853169182
42	46	0.0007273210192441848
20	21	0.0007131874673918272
17	74	0.0007131042761297822
20	27	0.0007121316752439644
27	52	0.0006941802648371223
22	27	0.0006932290547838275
27	32	0.0006932290547833743
22	54	0.0006913799481031977
32	54	0.0006913799481031513
24	70	0.0006835824556778727
26	70	0.0006835824556777877
31	70	0.0006835824556776688
23	70	0.0006835824556775752
28	70	0.0006835824556775665
26	34	0.0006719807187288891
28	34	0.0006719807187288559
24	34	0.0006719807187287555
31	34	0.000671980718728684
23	34	0.0006719807187286499
22	70	0.0006688335790336238
32	70	0.0006688335790332833
18	29	0.0006675881599491106
36	40	0.0006642242995342903
8	38	0.0006632692501813238
63	68	0.0006563534999110853
58	66	0.0006268401346940134
52	62	0.0006186797496741964
8	78	0.0006072884103997473
16	19	0.0006050161957914715
15	67	0.0005916237777773637
34	51	0.0005877703312162598
41	42	0.0005848123532816944
5	16	0.0005814273316995578
76	80	0.0005610261542862514
2	71	0.0005480560497224934
53	63	0.0005313212443421849
1	5	0.0005284831449056367
43	68	0.0005224920326888502
52	74	0.0004965598674778436
20	23	0.0004950813912131947
20	24	0.0004950813912131132
20	28	0.000495081391212954
20	31	0.0004950813912128927
20	26	0.0004950813912128599
41	63	0.0004937896425984828
10	31	0.000490406555490518
10	23	0.0004904065554904788
10	24	0.0004904065554904578
10	26	0.0004904065554904343
10	28	0.0004904065554904272
5	63	0.00047508723262623936
25	49	0.00047152855639459156
17	27	0.0004706436492201726
14	32	0.00046166080319954336
14	22	0.0004616608031994965
51	68	0.0004613192673690943
25	36	0.00045608541582740675
62	68	0.00044430122421102933
20	54	0.0004442561454493124
30	52	0.0004309013756213882
28	29	0.00043056019693898527
29	31	0.00043056019693880464
24	29	0.0004305601969387769
23	29	0.00043056019693863876
26	29	0.0004305601969385746
9	13	0.0004247602903354542
50	62	0.0004142894114617622
29	45	0.00041087627441292133
27	41	0.00040164262464248337
30	39	0.0003918862686257459
13	36	0.00038646926158589744
35	36	0.00036616894162843066
60	70	0.0003649245378284597
9	68	0.00036111791161082913
19	32	0.0003467108238933434
19	22	0.0003467108238931001
10	77	0.0003421523577010572
5	27	0.00034051363676351146
16	25	0.00033851721262016235
13	39	0.00033372540247325264
57	68	0.0003283173696882187
31	64	0.0003275364018386264
24	64	0.00032753640183846855
28	64	0.00032753640183844383
26	64	0.0003275364018382706
23	64	0.0003275364018381869
25	51	0.0003249906255079942
42	53	0.0003237134902283152
12	76	0.00032246473632987875
5	52	0.00032003060503425556
25	34	0.000318480286849531
41	48	0.00031804177512563883
36	59	0.0003145089646337876
25	74	0.0003098844477992561
38	63	0.00028963508837249324
53	73	0.00028628130372588753
8	54	0.00028172393038580984
5	54	0.00027868122008474234
26	53	0.0002770269025373635
24	53	0.00027702690253732817
28	53	0.00027702690253731733
31	53	0.0002770269025371534
23	53	0.0002770269025371445
18	46	0.00027689363095485114
6	11	0.00026475770547752363
20	30	0.0002642987677216259
40	52	0.0002585273096714544
5	15	0.0002514121446600768
12	73	0.0002374431302025349
7	15	0.0002258835085496248
20	53	0.00022183690319366569
15	33	0.00021506059825020588
28	57	0.00020581205625919835
24	57	0.00020581205625918534
31	57	0.0002058120562591476
26	57	0.00020581205625906087
23	57	0.00020581205625885054
32	36	0.00020269045665868455
22	36	0.000202690456658407
25	69	0.00019499862490485317
14	27	0.00018652108268297964
51	58	0.000182868942004751
25	29	0.00018158939739196136
11	24	0.00018004483464101957
11	23	0.000180044834641002
11	26	0.0001800448346409361
11	31	0.00018004483464091202
11	28	0.00018004483464089814
5	58	0.00016150327485639233
52	80	0.00015886515901579338
59	64	0.00015102013064209694
12	51	0.00013137886928130983
36	45	0.00012888948149925115
13	80	0.0001091293694413728
43	77	0.00010335308982266627
25	68	9.95808840209703e-05
16	63	9.760434753836944e-05
3	9	9.48302112307826e-05
34	59	8.755503124041174e-05
16	29	8.709402303601604e-05
27	44	8.252631519228056e-05
1	2	7.675371334887535e-05
13	60	7.37244366804616e-05
16	43	6.952764882820232e-05
54	70	6.50022441425948e-05
14	51	5.5792694659144264e-05
8	19	5.285294227351132e-05
34	58	4.305563773800017e-05
30	54	4.202125301448864e-05
8	41	3.819193651111424e-05
1	71	2.8959714050843903e-05
29	80	2.4174549825841177e-05
43	51	8.340531518752099e-06
12	63	7.145442461342806e-06
43	56	6.980900215327809e-06
47	53	-1.5200306040181848e-05
46	58	-2.034284549742079e-05
30	80	-2.9573219572573417e-05
10	69	-3.0465407223391645e-05
7	36	-3.0472789248856512e-05
17	25	-3.1654499528188445e-05
26	55	-3.313357674014465e-05
31	55	-3.3133576740153325e-05
24	55	-3.313357674017306e-05
23	55	-3.3133576740416136e-05
28	55	-3.31335767409964e-05
13	44	-3.3226675103603144e-05
13	38	-4.679932945768524e-05
17	58	-5.0749830447013346e-05
42	54	-5.31037943707559e-05
72	75	-5.67739044016009e-05
13	21	-8.692873821504465e-05
27	71	-9.434802794004802e-05
13	57	-9.736526631601555e-05
46	77	-9.742461481248785e-05
18	28	-9.832609489165891e-05
18	31	-9.832609489185081e-05
18	23	-9.832609489216567e-05
18	26	-9.832609489220752e-05
18	24	-9.832609489224069e-05
29	68	-0.00010088318866015517
52	66	-0.00010436006106495817
42	58	-0.00010499050646272734
32	58	-0.00011379251944833454
22	58	-0.00011379251944857328
18	19	-0.00012115314588644933
50	58	-0.00012289469659985865
13	69	-0.00013710746246393523
55	68	-0.00014198119749819077
10	25	-0.0001504830297545637
44	64	-0.00015082670909959996
22	29	-0.00015344241327324305
29	32	-0.00015344241327369884
13	68	-0.0001593151828918303
72	80	-0.00016503190106809118
42	75	-0.00016656688745578588
37	69	-0.0001667582910381566
8	52	-0.00017044919910426154
23	38	-0.0001775435745129581
31	38	-0.00017754357451295853
24	38	-0.00017754357451297978
26	38	-0.0001775435745131294
28	38	-0.00017754357451323565
62	65	-0.0001821309313142748
36	68	-0.00018584116648972908
29	38	-0.00019082975295787574
52	63	-0.0001914752790143407
15	65	-0.00019228484707810387
8	26	-0.00019377381777374776
8	31	-0.00019377381777382734
8	23	-0.00019377381777385856
8	28	-0.0001937738177738616
8	24	-0.0001937738177738924
1	34	-0.0002023907466727603
43	45	-0.0002056900664155004
16	55	-0.00020725587674108505
54	60	-0.0002073938939710202
19	43	-0.00020892299619258703
9	25	-0.00021257550419140998
5	70	-0.00021300396170762393
16	32	-0.0002183695449179616
16	22	-0.00021836954491821206
30	72	-0.00022089091604971575
42	56	-0.00022121793303210438
27	72	-0.00022202026285637584
8	79	-0.00022429675720467453
25	35	-0.00022433751829281558
27	40	-0.00023907894242180053
19	29	-0.0002391373229711359
43	55	-0.0002423207958189488
9	27	-0.00025404771982780357
15	37	-0.00025654665812524687
11	73	-0.00025856813194921786
16	61	-0.00026129569393970944
38	51	-0.0002629882621500469
1	25	-0.00028088921820301673
27	50	-0.00028440421744228145
19	27	-0.0002860335468972393
23	56	-0.0002929468525426351
26	56	-0.00029294685254266264
28	56	-0.0002929468525427496
24	56	-0.000292946852542814
31	56	-0.00029294685254308895
21	69	-0.000295735688670324
28	75	-0.0003020581974554333
31	75	-0.00030205819745549056
24	75	-0.00030205819745560613
23	75	-0.0003020581974556085
26	75	-0.00030205819745563714
35	69	-0.000307903049851308
33	58	-0.00031844373396630946
52	72	-0.0003184843343223705
11	52	-0.00032075573743266814
53	64	-0.0003222453061646163
25	55	-0.00032944821339742536
30	36	-0.0003340745301078428
20	25	-0.0003378971229873694
28	69	-0.0003420382987605582
23	69	-0.000342038298760597
24	69	-0.0003420382987606044
31	69	-0.0003420382987607037
26	69	-0.00034203829876081103
16	58	-0.00035596385444547894
35	70	-0.0003601328966516492
23	65	-0.0003602589988556991
24	65	-0.0003602589988558574
26	65	-0.00036025899885586815
28	65	-0.00036025899885608304
31	65	-0.00036025899885613855
8	48	-0.0003655510323019029
36	58	-0.0003686695415493998
42	49	-0.0003693896962827488
42	55	-0.00037094792589756126
7	72	-0.00037188862447284747
2	6	-0.00037360311247391226
9	30	-0.00038648478094680796
5	17	-0.000388027517585726
7	26	-0.00038833408548104016
7	23	-0.0003883340854811011
7	24	-0.0003883340854811607
7	28	-0.0003883340854811655
7	31	-0.00038833408548121537
56	71	-0.00039569420768464057
13	25	-0.000405244951291712
15	56	-0.000409469401941533
25	46	-0.00041724386537325556
33	73	-0.0004211003426913794
14	46	-0.00042824143098548276
4	19	-0.00043060978872540116
63	74	-0.0004318801520546284
12	34	-0.0004380384666465278
3	74	-0.0004426110528642658
7	74	-0.00044332078617417923
27	58	-0.00044831774926968465
60	71	-0.00045870157617286696
59	68	-0.0004587767843739067
49	54	-0.0004608295373210768
29	55	-0.0004624388626227136
58	77	-0.0004670694223818223
51	66	-0.00048367556286750936
27	51	-0.0004864993757773741
44	69	-0.000494780578915356
11	12	-0.0004995721909716684
34	36	-0.0005039189058985562
8	25	-0.0005184827442603901
44	50	-0.0005197398827266973
35	68	-0.0005223202477675137
2	77	-0.0005303977627943001
44	60	-0.0005322375312804637
30	58	-0.0005418449885266458
11	25	-0.0005496908373248054
25	72	-0.0005548133329901215
5	72	-0.0005580821562502763
50	51	-0.0005621401705183954
56	63	-0.0005696220632320391
12	33	-0.0005708795855035517
58	72	-0.0005715008685625005
15	28	-0.0005768383326630151
15	31	-0.0005768383326631651
15	26	-0.0005768383326632208
15	23	-0.0005768383326632753
15	24	-0.0005768383326634433
26	72	-0.0005883918618249126
24	72	-0.0005883918618249195
23	72	-0.000588391861824967
31	72	-0.0005883918618249755
28	72	-0.0005883918618249774
29	64	-0.0005928126976686068
72	76	-0.0005961071771535421
12	25	-0.0005962971228661508
19	40	-0.0005981021412856634
16	71	-0.0005982187403937283
42	59	-0.0006004716007161166
8	36	-0.0006045790350835273
1	24	-0.0006060546344402477
1	26	-0.0006060546344403392
1	23	-0.0006060546344403802
1	28	-0.0006060546344404598
1	31	-0.0006060546344406337
51	65	-0.0006081997458524261
53	69	-0.0006102205781964134
25	64	-0.0006118347376195328
17	66	-0.0006157028230310475
33	52	-0.0006165245913566293
19	52	-0.0006234382164079192
9	33	-0.0006250860331061892
33	66	-0.0006300257756191585
41	58	-0.000633033154808821
13	55	-0.0006339957957591262
2	3	-0.0006356273720143427
13	17	-0.0006363239193344691
3	70	-0.0006438699816333554
1	30	-0.0006513871424294118
7	42	-0.0006516843066900553
30	61	-0.0006548356325737806
20	58	-0.0006583644903430225
12	18	-0.0006600839654049241
10	68	-0.0006746593213493874
29	69	-0.0006753666013018028
47	58	-0.0006760110307929236
52	75	-0.0006762191393197316
13	22	-0.0006793054351061324
13	32	-0.000679305435106393
39	44	-0.0006805738344640901
6	29	-0.0006884892991484426
22	61	-0.0006909159344317651
32	61	-0.0006909159344318553
27	47	-0.0006938221678085329
11	72	-0.0006981904740135155
15	27	-0.0007036145681197895
69	73	-0.0007105012880624772
1	58	-0.000711653950438255
59	65	-0.0007149350905284024
18	45	-0.0007261453586387967
53	74	-0.0007262189333740723
5	26	-0.0007290506032744492
5	24	-0.0007290506032745269
5	23	-0.0007290506032745376
5	28	-0.0007290506032746022
5	31	-0.0007290506032746041
17	73	-0.0007298336819200847
35	45	-0.0007299718027854504
19	70	-0.0007310387014065889
37	51	-0.0007332709391267064
48	74	-0.0007405788556007018
9	15	-0.0007429147744061073
20	43	-0.0007430780084422446
12	17	-0.0007489268232325078
38	42	-0.0007503188368409297
7	35	-0.0007530545705671434
9	42	-0.000755088161848533
19	78	-0.0007567638722755813
27	30	-0.0007665920416178003
49	51	-0.0007697376910252903
9	58	-0.0007700662187989241
25	41	-0.0007722225764861643
31	67	-0.0007821894216624251
26	67	-0.0007821894216625408
28	67	-0.0007821894216625538
24	67	-0.0007821894216626269
23	67	-0.0007821894216627727
15	69	-0.0007823463248772212
17	37	-0.0007898935594090623
48	51	-0.0007932873224035797
8	61	-0.0007963043437408876
45	70	-0.0007980203496531155
42	57	-0.0008042035256988656
18	57	-0.0008100625870624744
3	52	-0.0008127146768633223
8	29	-0.000815429500413301
13	23	-0.0008213889988229577
13	28	-0.0008213889988230531
13	26	-0.000821388998823099
13	24	-0.0008213889988231064
13	31	-0.0008213889988231793
13	51	-0.0008279502881642581
20	35	-0.0008309311985027108
40	74	-0.0008334403472352852
51	53	-0.0008341790707796887
27	60	-0.0008381767480911584
54	64	-0.0008386609444333935
7	52	-0.0008395595656427624
45	51	-0.0008435827718919625
9	14	-0.000848223200879481
35	75	-0.0008484104965046325
25	65	-0.0008504607080524077
29	74	-0.0008536161685566909
56	62	-0.0008698440894409822
3	36	-0.0008732439508158654
29	63	-0.0008735828963808345
13	71	-0.0008809266619031822
2	68	-0.0008984197907669633
2	32	-0.0008989935612512051
2	22	-0.0008989935612512432
32	76	-0.0009022017049916033
22	76	-0.0009022017049917031
55	64	-0.0009045439368582974
25	57	-0.0009066329867880479
25	43	-0.0009102645645106616
13	46	-0.0009124378228921315
31	62	-0.0009133469551562052
28	62	-0.0009133469551563279
23	62	-0.0009133469551563848
24	62	-0.000913346955156426
26	62	-0.0009133469551564468
5	35	-0.0009139990386870735
26	77	-0.0009165487914325028
31	77	-0.0009165487914325234
23	77	-0.0009165487914325511
24	77	-0.0009165487914325624
28	77	-0.0009165487914326281
25	56	-0.0009173530305367978
1	32	-0.0009204340805094849
1	22	-0.0009204340805099268
38	73	-0.0009223201089973623
51	57	-0.0009242845452559225
12	42	-0.0009317482698425351
17	40	-0.0009327906551191631
16	27	-0.0009336622746712936
32	69	-0.0009394331694065122
22	69	-0.0009394331694065634
32	47	-0.0009497953734361221
22	47	-0.0009497953734362245
15	70	-0.0009501520405278078
8	18	-0.0009576262861676413
27	36	-0.0009581742022526534
66	70	-0.0009598270856201159
55	60	-0.0009601069964242466
43	69	-0.0009634138776378927
52	60	-0.0009647238680410264
29	78	-0.0009661518577538898
20	66	-0.0009673858120910084
25	67	-0.0009687037836330456
21	23	-0.000973621725653801
21	28	-0.0009736217256538023
21	31	-0.0009736217256538151
21	24	-0.0009736217256538626
21	26	-0.0009736217256539001
36	39	-0.0009737879086930499
17	21	-0.000976300744314389
10	46	-0.0009782190643966198
42	52	-0.0009796907319202953
20	60	-0.0009848102136268263
6	80	-0.0009930387240329325
27	45	-0.0009941299676074307
5	41	-0.0009951868228040874
16	67	-0.0009975677850387402
11	17	-0.001001889562413056
7	71	-0.001016390513231478
9	52	-0.0010176940539865147
15	25	-0.001028010675242017
22	62	-0.0010304011938739735
32	62	-0.0010304011938740134
4	8	-0.00103666780256465
5	36	-0.0010383930518518417
29	52	-0.0010395144949851237
22	68	-0.0010401662553286939
32	68	-0.0010401662553288062
47	74	-0.0010401959543681581
11	61	-0.0010438915793845624
34	49	-0.0010471948063253394
28	71	-0.0010527069341021095
31	71	-0.0010527069341023268
26	71	-0.001052706934102335
23	71	-0.0010527069341023493
24	71	-0.0010527069341024196
20	44	-0.001056044151264447
12	23	-0.001059080464669747
12	24	-0.001059080464669797
12	28	-0.001059080464669896
12	26	-0.001059080464670002
12	31	-0.0010590804646700331
27	61	-0.001061786254942852
11	68	-0.0010652851585002086
17	72	-0.001067666143914999
36	53	-0.0010692299542907264
17	63	-0.001069969724365646
5	25	-0.0010728885164103807
53	71	-0.0010737526234572458
51	52	-0.0010876512581328788
7	79	-0.0010940889267504958
70	74	-0.0010961207978747492
10	29	-0.0011040941355485632
12	52	-0.0011090331239070124
38	48	-0.001109688504997262
4	26	-0.0011117222833727184
4	24	-0.0011117222833727668
4	23	-0.0011117222833727707
4	28	-0.0011117222833728414
4	31	-0.001111722283372872
20	42	-0.0011128234550187752
15	41	-0.0011138254017236029
29	53	-0.0011150684249789109
59	63	-0.0011255156446834955
15	34	-0.0011272260231660518
44	58	-0.0011291329349522247
8	27	-0.0011300279413034913
46	48	-0.0011330147150440378
15	44	-0.0011343491623676217
29	35	-0.0011374231742834542
18	58	-0.001141819787293778
9	12	-0.001142591961800863
51	73	-0.0011443190271956103
12	16	-0.0011470748514092865
15	52	-0.0011500437876782608
8	43	-0.0011532814658459065
2	69	-0.0011541978005634593
16	72	-0.0011553459958427719
16	18	-0.0011592553082799507
10	61	-0.001165538362722962
31	66	-0.0011658241900571458
24	66	-0.001165824190057181
28	66	-0.0011658241900573299
23	66	-0.0011658241900573672
26	66	-0.001165824190057525
37	39	-0.0011799641711832606
7	25	-0.0011814666712921195
25	39	-0.001190328860387539
15	60	-0.0011952757056508615
25	75	-0.001200248855618146
47	54	-0.0012007954428511543
5	62	-0.001216257685903845
53	60	-0.0012232559070674684
34	61	-0.001223343127410243
3	29	-0.0012237382835316307
15	42	-0.0012246362382673675
15	19	-0.0012261332280780165
38	68	-0.001229273320372276
32	57	-0.0012356265828430218
22	57	-0.0012356265828433522
51	70	-0.0012406202584073897
16	35	-0.0012474528952935513
9	77	-0.0012484071970347383
10	78	-0.0012542688303615922
35	52	-0.001255925523675652
56	74	-0.0012582593114407875
9	54	-0.0012628363041719227
12	80	-0.0012670574160101138
27	33	-0.0012677248375843045
1	40	-0.0012783587073783905
71	78	-0.0012802891024253638
36	48	-0.001283460266110801
73	78	-0.001289128082353692
1	14	-0.0012895472011566454
29	54	-0.0012931510422529002
19	54	-0.0012998326236478216
13	73	-0.0013080521193357536
49	53	-0.0013095462675720608
16	51	-0.0013139252122910583
11	76	-0.0013143226269127922
59	66	-0.0013169682359093233
51	55	-0.001320035791957807
10	42	-0.0013230923488013026
51	61	-0.0013240536230886492
19	71	-0.0013255296477679389
8	12	-0.0013259839589866446
40	73	-0.0013273734513253622
14	20	-0.0013282591003016785
1	37	-0.0013287573137972068
64	78	-0.001330297749931352
27	35	-0.001334700665773205
7	22	-0.0013352639968001448
7	32	-0.0013352639968004587
4	64	-0.0013519395418874359
34	68	-0.0013553158406264176
14	25	-0.0013570043540582608
47	68	-0.0013614773000071813
52	77	-0.0013635539637052263
4	52	-0.0013651011250964285
39	41	-0.0013671626698630729
1	52	-0.0013727739040714608
17	22	-0.001373564719687758
17	32	-0.0013735647196877789
36	77	-0.0013740586868775228
19	65	-0.001383680877831537
27	46	-0.001389593114772303
31	39	-0.0013900348607137037
28	39	-0.0013900348607137816
23	39	-0.0013900348607138384
26	39	-0.0013900348607138468
24	39	-0.0013900348607139915
12	38	-0.001390092904972523
22	35	-0.0013931011868435266
32	35	-0.0013931011868435477
28	74	-0.0013975725181336516
23	74	-0.0013975725181338253
31	74	-0.0013975725181338563
24	74	-0.0013975725181338723
26	74	-0.0013975725181339083
32	75	-0.0014011689599656482
22	75	-0.0014011689599659903
35	74	-0.0014021096520091042
17	71	-0.0014038433976520399
34	70	-0.0014120679621826455
32	64	-0.0014143984473496906
22	64	-0.0014143984473497103
31	78	-0.0014192495076196768
23	78	-0.0014192495076199019
24	78	-0.001419249507619917
26	78	-0.0014192495076200148
28	78	-0.0014192495076201283
36	38	-0.0014236704228075296
6	73	-0.0014299918386845752
27	68	-0.0014381622962248899
62	67	-0.001440246568838957
32	34	-0.0014405157302985507
22	34	-0.0014405157302986456
20	61	-0.0014408179596447032
32	71	-0.0014471419573552063
22	71	-0.0014471419573552878
11	78	-0.001448365835367965
15	71	-0.0014509919426201178
1	68	-0.0014532377848125557
69	74	-0.001454538233305381
20	51	-0.0014548630123486618
35	54	-0.0014561516297655359
17	20	-0.0014568714731497496
10	22	-0.0014610606564652367
10	32	-0.0014610606564654178
2	43	-0.0014656322549828037
17	33	-0.0014677086722433052
24	33	-0.0014677723605488343
26	33	-0.0014677723605488783
23	33	-0.0014677723605488915
31	33	-0.0014677723605489845
28	33	-0.0014677723605490706
19	50	-0.0014679336701283888
29	73	-0.0014716539341719688
10	30	-0.0014756703962611442
54	73	-0.0014791714102828767
16	36	-0.0014808056958522196
1	11	-0.0014830759288094963
16	69	-0.001484546763621516
52	78	-0.0014851706661527081
36	65	-0.0014854034808351147
8	55	-0.0014859589574801892
38	70	-0.001487767935622021
32	43	-0.0014935727581456186
22	43	-0.0014935727581456713
68	73	-0.0014938182305639404
8	13	-0.0014974031777870412
19	20	-0.0014978185805273089
52	71	-0.0014991301071772705
46	68	-0.0015020040676737116
14	52	-0.0015039606899394705
19	69	-0.001505535998887546
16	60	-0.0015103579265869178
36	61	-0.001511711265862397
24	63	-0.0015143244565311565
28	63	-0.0015143244565312545
23	63	-0.0015143244565314303
31	63	-0.0015143244565314871
26	63	-0.0015143244565317224
11	35	-0.0015148684482316974
58	76	-0.0015194479345145306
31	49	-0.0015216522073026035
23	49	-0.0015216522073027475
28	49	-0.0015216522073027527
24	49	-0.0015216522073029132
26	49	-0.001521652207303016
8	17	-0.0015251120515803892
17	44	-0.0015262868665752664
64	74	-0.001532422110931322
5	45	-0.0015330941774509867
30	55	-0.0015341660119227974
41	73	-0.0015342876540624575
5	49	-0.0015349345588234154
17	52	-0.0015366055180809162
30	76	-0.0015395645708319219
29	58	-0.0015426371706082761
9	19	-0.0015453140180841088
28	76	-0.001545832548569479
23	76	-0.00154583254856969
31	76	-0.0015458325485697855
26	76	-0.001545832548569793
24	76	-0.0015458325485698033
3	78	-0.001550019990912161
11	69	-0.0015527206174125586
44	67	-0.001555326469955833
9	80	-0.0015638364312916316
3	22	-0.001564534158048617
3	32	-0.0015645341580487627
12	20	-0.0015704324912212304
54	62	-0.0015713224628074829
14	26	-0.0015740311847504307
14	24	-0.001574031184750485
14	28	-0.0015740311847504925
14	23	-0.001574031184750582
14	31	-0.0015740311847506523
21	25	-0.0015740803129403523
1	51	-0.0015762022279176796
59	67	-0.0015783170993894213
16	30	-0.0015882024377919868
33	35	-0.0015889638379512315
54	63	-0.0015899169864362524
17	68	-0.0015933598394475281
24	43	-0.0015940494001030633
23	43	-0.001594049400103083
28	43	-0.001594049400103087
26	43	-0.0015940494001031131
31	43	-0.0015940494001032207
9	39	-0.0015959217740820712
2	28	-0.001598135259844269
2	31	-0.0015981352598443232
2	26	-0.0015981352598444184
2	23	-0.0015981352598444661
2	24	-0.0015981352598445093
10	36	-0.0015985344369409183
36	70	-0.0015997194927743757
9	51	-0.0015999129229199256
20	32	-0.0016045360122767395
20	22	-0.0016045360122769609
29	72	-0.0016086156896053944
27	53	-0.001612393001316733
4	12	-0.0016229245565610572
59	70	-0.0016319404607011687
4	9	-0.001632073963071504
21	36	-0.001640960892604423
51	60	-0.0016441208773210355
30	66	-0.0016452111301711596
10	12	-0.0016476695238751577
45	47	-0.0016512601174717804
8	60	-0.0016521802470442536
11	64	-0.0016664920807587685
19	34	-0.001680201268255058
57	73	-0.0016894365794350545
29	47	-0.0016901103935977792
29	39	-0.0016916262517568132
26	73	-0.001694421244667772
28	73	-0.0016944212446679265
23	73	-0.0016944212446679604
24	73	-0.0016944212446679992
31	73	-0.0016944212446680079
56	64	-0.0016951128185522346
8	16	-0.001703033531807301
5	12	-0.0017047220832448872
10	27	-0.001706219020966081
10	54	-0.0017151348645817255
25	44	-0.0017189263514789093
27	57	-0.0017191168875206582
1	55	-0.0017228191554513883
26	59	-0.0017232257137408198
31	59	-0.0017232257137409519
24	59	-0.0017232257137410226
23	59	-0.0017232257137410356
28	59	-0.0017232257137411299
11	51	-0.0017354495576711948
71	75	-0.001741633759652814
12	54	-0.001744856912026331
19	47	-0.0017467878438863719
5	57	-0.001752038707821913
16	62	-0.0017544968499122499
16	74	-0.0017566213056373191
2	9	-0.0017579086009450948
1	10	-0.0017605283569171407
39	73	-0.001760554231846078
16	46	-0.0017632897195500284
40	58	-0.001765617935743903
19	21	-0.0017726675032455805
36	47	-0.0017749474354175794
75	79	-0.0017771271580561583
14	77	-0.0017779267599349197
10	58	-0.0017877527686913015
63	72	-0.0017923199223283054
34	44	-0.00179237018478702
52	76	-0.0017969059456672855
6	31	-0.0017978761518893105
6	23	-0.0017978761518893352
6	24	-0.0017978761518894527
6	28	-0.001797876151889454
6	26	-0.0017978761518894644
69	80	-0.0018038816412566817
12	29	-0.0018056110578683658
32	46	-0.0018079161729056244
22	46	-0.0018079161729056604
20	55	-0.0018182533962101165
13	52	-0.0018183432931878352
18	69	-0.0018196871097497453
9	61	-0.0018211912807453898
20	68	-0.0018246135577315622
39	51	-0.0018281220833817127
20	29	-0.0018298049099902472
29	34	-0.001830149787686878
8	22	-0.001839739470862212
8	32	-0.0018397394708622298
25	66	-0.0018408741607305343
10	60	-0.0018427707443057668
18	22	-0.0018482787515903595
18	32	-0.0018482787515905139
16	54	-0.001848392327083187
46	72	-0.001848546497067182
27	48	-0.0018517710850133248
34	77	-0.0018560043713785803
68	72	-0.0018615770878465986
2	27	-0.0018633271803755484
18	36	-0.001866086080085177
14	68	-0.0018696137025932887
13	76	-0.0018696636617942502
7	27	-0.001871538479919953
68	70	-0.0018761844572049214
36	49	-0.0018781578652019388
43	58	-0.0018813111349658415
15	46	-0.0018819812768198132
5	14	-0.0018830697764293325
1	7	-0.001884713870544616
15	58	-0.001886293798402262
8	58	-0.001886918317345392
58	70	-0.0018955927434347389
18	27	-0.0018968182519206562
41	52	-0.0018981949607212016
1	38	-0.0018998778603752844
30	70	-0.0019061608238968718
17	69	-0.0019090141137364331
18	64	-0.001910210653311864
60	80	-0.0019138148474256485
4	29	-0.001914278191545644
19	61	-0.001916316511055356
12	22	-0.0019191810101938087
12	32	-0.0019191810101939588
1	8	-0.0019192188666156016
29	65	-0.0019231133468086369
27	75	-0.0019259242560299536
1	16	-0.0019306381067439428
15	35	-0.001933704023213965
30	34	-0.0019358192461521946
11	36	-0.0019461295177523956
25	33	-0.0019463041838338343
30	37	-0.0019471837162004322
25	76	-0.001950870525185693
50	64	-0.001956782274021516
19	57	-0.0019581138968625157
27	56	-0.00196311507946714
22	65	-0.0019637643557056488
32	65	-0.001963764355705784
31	80	-0.0019718119365385086
26	80	-0.001971811936538589
23	80	-0.0019718119365385914
28	80	-0.001971811936538756
24	80	-0.001971811936538802
46	52	-0.001973825196979305
34	42	-0.0019743619775216747
3	13	-0.001976245981193149
32	44	-0.0019774413132891255
22	44	-0.0019774413132892113
25	71	-0.0019778172850352872
49	71	-0.0019825539178484255
8	51	-0.0019826580735161766
8	49	-0.001988585155804916
8	44	-0.0019897333557166493
13	72	-0.0019914289002414647
36	44	-0.0019918928847704807
34	66	-0.001994284009099701
11	13	-0.0019961501058628796
4	25	-0.0020048828954462887
43	66	-0.0020051810932601457
5	18	-0.0020055762901739936
25	59	-0.0020063518001000847
19	56	-0.002010735850651548
57	72	-0.0020109243102423933
10	51	-0.0020148640553598876
18	70	-0.002016421039495161
27	65	-0.002018969451150802
51	71	-0.0020192440918791192
36	57	-0.002019660019349654
51	74	-0.0020241720232216133
49	52	-0.002027295271514347
12	67	-0.002029562178430775
1	53	-0.002033424772992158
69	72	-0.002036387550994656
25	73	-0.0020368640117919647
30	56	-0.002040093789909195
18	51	-0.002041529997914047
44	51	-0.0020420659543111765
30	65	-0.0020443756511655036
18	62	-0.0020446066581899878
55	70	-0.0020457262757893483
2	25	-0.002046100743178201
30	77	-0.0020531021843044174
38	43	-0.002058617246958787
28	37	-0.002060608668147054
24	37	-0.0020606086681471737
23	37	-0.0020606086681473567
26	37	-0.0020606086681474105
31	37	-0.0020606086681476243
8	34	-0.0020611244583245824
34	76	-0.0020642901347407375
8	56	-0.002068553789206212
11	58	-0.002079072799899137
47	75	-0.00208537571541924
57	70	-0.0020855545238202284
9	57	-0.002086653362732178
9	16	-0.002088571960871307
36	41	-0.0020912740626575603
5	64	-0.002096867488736218
23	60	-0.002102523439853427
26	60	-0.002102523439853646
31	60	-0.0021025234398536568
28	60	-0.002102523439853667
24	60	-0.0021025234398536733
10	16	-0.002107561653632005
18	55	-0.0021100301632481534
59	69	-0.0021114476956144088
16	34	-0.002114817757169596
22	37	-0.002115362990368515
32	37	-0.002115362990368562
18	61	-0.002117148048127622
1	64	-0.002121599412041279
17	19	-0.0021217261428845115
26	41	-0.0021221980692142746
24	41	-0.0021221980692143786
28	41	-0.0021221980692143895
23	41	-0.0021221980692144268
31	41	-0.0021221980692144407
8	50	-0.002128161371364349
56	60	-0.002128376861585105
3	45	-0.0021323011595116154
27	55	-0.0021329502336334396
17	34	-0.002135596060796545
31	44	-0.0021366810632452407
28	44	-0.0021366810632452845
23	44	-0.0021366810632454003
26	44	-0.002136681063245426
24	44	-0.0021366810632454667
68	76	-0.002138594589833076
13	58	-0.002146067916838158
49	63	-0.0021468990749023645
15	54	-0.002148455104044481
40	72	-0.002154097258613232
17	60	-0.0021557711056557688
11	16	-0.002158269492235635
20	57	-0.002161865876994472
19	53	-0.002167308959252995
42	47	-0.002168350339498614
54	71	-0.0021687205501512543
30	53	-0.002168941601818624
48	53	-0.0021694813662814713
15	77	-0.002173322484026515
42	48	-0.0021735420055806207
6	25	-0.0021757329333154858
16	73	-0.0021767167547840065
5	29	-0.002179274953403881
53	70	-0.00218205822599557
9	65	-0.0021839261984071007
34	55	-0.002185429314261076
5	21	-0.0021912911320244102
12	77	-0.002193811641700681
14	54	-0.0021965654938936345
45	64	-0.002199613466674548
39	52	-0.00219962125385102
44	66	-0.0022015917620837495
17	30	-0.0022034502672229534
38	59	-0.0022085103746866137
36	55	-0.002218416054407652
11	34	-0.002221213974676885
26	40	-0.0022250931348316762
23	40	-0.0022250931348317257
31	40	-0.00222509313483183
24	40	-0.0022250931348318332
28	40	-0.0022250931348319434
46	54	-0.0022259289368962
10	19	-0.002227168386951804
11	15	-0.002229156685867593
29	61	-0.0022307710559991327
22	56	-0.0022333889913198277
32	56	-0.0022333889913200423
30	44	-0.002233498923616942
2	19	-0.0022336716186691576
49	64	-0.0022384727497974425
70	79	-0.002245097126495034
22	53	-0.0022453748989113374
32	53	-0.002245374898911856
21	56	-0.002250596577443199
11	30	-0.0022622407781171007
5	22	-0.0022661658601811395
5	32	-0.002266165860181291
2	18	-0.0022678053680163053
36	66	-0.0022687180977242786
6	52	-0.002268937825275217
11	54	-0.002273475310310251
21	35	-0.0022743304608558177
9	36	-0.0022857344968293834
1	9	-0.002289838703040733
10	64	-0.0022939829226737165
1	75	-0.0023048612927641307
21	43	-0.0023114064199332308
45	61	-0.0023184223725694034
3	8	-0.0023193873156806075
11	42	-0.0023195095300122953
25	78	-0.0023213846669184043
12	68	-0.0023220217523784157
5	79	-0.002323606430704452
18	54	-0.00232663981637237
56	70	-0.002332737032225334
7	73	-0.0023380125043552776
60	66	-0.0023423299651860827
19	38	-0.0023436323074705616
30	45	-0.002350842676952003
18	65	-0.0023612260715653666
43	57	-0.0023619038861483446
52	69	-0.0023658728982301515
27	63	-0.0023736915234822157
12	21	-0.002374921761760648
8	30	-0.0023767916355028444
22	55	-0.002381837906811401
32	55	-0.002381837906811709
29	57	-0.002382098413004919
48	54	-0.002383652070301062
43	67	-0.0023853355389156466
29	77	-0.0023897233720706155
40	48	-0.0023920196364336493
18	38	-0.0023932421092858775
8	20	-0.002396164107385084
30	57	-0.0023964920351443697
42	77	-0.0023965912135972666
59	60	-0.0024009309550166178
62	69	-0.0024018706552060465
13	54	-0.0024074168956677226
26	46	-0.0024090984135076436
23	46	-0.0024090984135076514
24	46	-0.002409098413507656
31	46	-0.0024090984135076644
28	46	-0.002409098413507685
39	69	-0.0024226078063976225
55	77	-0.0024273172731769906
32	74	-0.0024294335330710785
22	74	-0.0024294335330711284
29	40	-0.0024309789260172606
5	73	-0.0024365160251154303
21	73	-0.0024375809325213335
29	67	-0.002439400761048293
42	76	-0.0024461614136034753
12	27	-0.0024476474257759152
52	79	-0.0024546957519849285
35	72	-0.002456406477404526
9	35	-0.002458333895898027
1	62	-0.002458997037053548
3	28	-0.0024711508891159207
3	26	-0.0024711508891160274
3	23	-0.002471150889116056
3	31	-0.0024711508891161046
3	24	-0.0024711508891161493
40	63	-0.0024723138321457554
5	34	-0.002476363420520775
10	57	-0.0024766026639092935
17	18	-0.002483769207530035
13	15	-0.002484153313845326
33	53	-0.0024863332655541723
12	79	-0.0024863395345193096
9	56	-0.002486609189848355
27	64	-0.002487448793965164
41	61	-0.0024882011280879033
15	59	-0.002488603028429579
32	77	-0.0024893335250029303
22	77	-0.002489333525002989
17	43	-0.0024939054753377048
74	77	-0.002494510139680977
33	64	-0.0024996238007800133
13	35	-0.002502448802225106
26	50	-0.0025049237885810616
31	50	-0.002504923788581081
23	50	-0.002504923788581265
24	50	-0.0025049237885812975
28	50	-0.0025049237885814172
9	53	-0.0025202282064145263
34	57	-0.0025315594885993815
53	77	-0.002532482857920412
47	51	-0.0025342151804618063
25	79	-0.0025363906555674197
36	75	-0.002539012727316225
46	51	-0.002546197584281697
29	75	-0.0025467696461973343
7	49	-0.0025535436605136153
3	54	-0.0025544564731971274
43	71	-0.0025547956857542905
12	48	-0.0025552706074881866
22	41	-0.0025552946425257198
32	41	-0.0025552946425258715
17	65	-0.002555526836745881
72	77	-0.002557653055034484
6	69	-0.002564626631112915
21	77	-0.0025691356520825747
36	67	-0.002570227090967039
58	74	-0.0025758389887051716
2	54	-0.0025760262338741743
6	60	-0.002577664683349412
19	63	-0.0025870833739604004
15	39	-0.002588773697713617
22	45	-0.0025911312934662582
32	45	-0.002591131293466502
47	49	-0.0025915450853119804
62	74	-0.0025994370160919563
10	34	-0.002602899943419641
3	25	-0.002604687399590221
68	80	-0.0026083323566974195
7	17	-0.0026099183140521395
44	65	-0.0026101364612187944
19	39	-0.002611122640399674
19	41	-0.002611734414335456
49	59	-0.0026144215136076013
13	19	-0.002619921585112492
1	27	-0.0026275919324745107
49	75	-0.0026297179313501413
8	53	-0.0026298240845789946
21	32	-0.0026314500140057
21	22	-0.002631450014005705
30	63	-0.002633221876083199
14	36	-0.002635545117411962
3	18	-0.0026365042999979948
35	61	-0.0026380012655034223
53	72	-0.0026380882913618407
11	19	-0.0026442972241368648
4	32	-0.0026444654992227117
4	22	-0.0026444654992228782
51	64	-0.0026456222813153263
43	50	-0.0026542360173066465
39	42	-0.002654645861373493
65	70	-0.002675009398132794
14	39	-0.002675183048635517
58	75	-0.00267860705256055
30	64	-0.0026922195576650236
33	57	-0.0026940130104704894
51	67	-0.0027001563138908504
27	37	-0.002702160278884385
29	66	-0.0027023165902145974
35	57	-0.002703589595082263
34	65	-0.0027055293193748446
50	61	-0.0027122385542314173
5	51	-0.002714314807747411
25	45	-0.002714524262477308
62	70	-0.002725301820000429
54	77	-0.0027289498765896347
73	75	-0.002729299153488092
73	79	-0.002729823163861153
25	37	-0.002731193687156656
34	64	-0.0027337850913313325
4	17	-0.0027346390768972686
12	58	-0.002736387842090798
13	67	-0.002737537079989489
25	80	-0.002740703568205969
10	53	-0.002744799566363898
13	56	-0.0027486494179464306
15	20	-0.002749317639239071
20	36	-0.002752110237110331
7	65	-0.0027521576325858902
9	67	-0.002753085893498295
30	50	-0.0027558267492495776
9	64	-0.0027566521040769685
30	79	-0.002758147888847611
58	69	-0.0027598644522557805
3	69	-0.002760863748624327
29	62	-0.002761341191865886
7	29	-0.002765349390936048
27	67	-0.00277169845547213
30	68	-0.0027745738846003767
18	34	-0.0027771391116036
4	70	-0.0027801497298368043
45	75	-0.002780407548327755
19	66	-0.0027813983076095212
25	50	-0.002781477554784085
27	77	-0.0027817382328087763
5	10	-0.0027822960887454893
7	45	-0.0027888095979440443
41	64	-0.0027910777090084564
2	17	-0.0027911243820331272
37	52	-0.002792905718261608
34	74	-0.002793711709565703
27	66	-0.0027946016471896854
12	55	-0.002795935020621301
36	79	-0.0028066051399747386
10	79	-0.0028066897243315195
65	75	-0.0028075459944299653
2	52	-0.0028128859190911164
1	12	-0.0028177644855724463
10	41	-0.00281814240294263
22	67	-0.0028190056987851047
32	67	-0.002819005698785351
28	79	-0.00282029340130725
23	79	-0.0028202934013072975
24	79	-0.0028202934013073677
31	79	-0.002820293401307437
26	79	-0.0028202934013074775
21	45	-0.0028223668629240818
9	55	-0.0028282260332465952
3	55	-0.0028310634956031765
9	34	-0.0028361074180063006
1	57	-0.0028364661650080404
16	68	-0.002837760657354578
48	70	-0.0028437935799892327
70	80	-0.0028494275347690436
16	48	-0.002850506903658502
2	33	-0.0028549099588889744
27	42	-0.0028573537722071446
34	35	-0.0028574408334715836
57	60	-0.0028576836940714095
17	61	-0.002859318850981521
49	50	-0.0028664357324510413
7	58	-0.002866863669792165
11	63	-0.0028779790115917355
28	48	-0.002882356863402793
26	48	-0.0028823568634028154
31	48	-0.0028823568634028882
24	48	-0.002882356863402914
23	48	-0.002882356863402997
44	61	-0.002883827685413013
36	64	-0.002885008846370679
13	49	-0.0028876980695336143
5	8	-0.002891312635591867
11	20	-0.002897726115185708
8	62	-0.0029004366731127914
6	45	-0.0029008451711514897
9	66	-0.002907834316842918
66	71	-0.002912155918029191
70	78	-0.0029124360758805753
48	71	-0.0029134974677014185
22	78	-0.00291473722378424
32	78	-0.00291473722378433
41	56	-0.0029147718295647086
38	52	-0.002914922078234996
36	43	-0.0029201420883977233
5	55	-0.0029236474985200396
68	71	-0.0029247769613719894
10	56	-0.002924872402630886
1	67	-0.0029294147641622296
50	52	-0.002937021184115312
58	79	-0.0029477786181491506
43	72	-0.0029558335950193517
10	35	-0.0029596571016122404
13	34	-0.002963135776185503
22	33	-0.002964439501382075
32	33	-0.002964439501382186
18	68	-0.002967152974147912
14	57	-0.0029692500510199275
19	55	-0.0029697775290173974
8	64	-0.002970215013521878
34	72	-0.002972272330569091
20	64	-0.002976012234846645
30	42	-0.0029785929101850575
35	56	-0.0029802008352058412
35	46	-0.00298092975732345
22	66	-0.002982724977454927
32	66	-0.002982724977455053
40	61	-0.0029841451602274994
16	33	-0.002985765720668698
33	36	-0.002988231251128965
57	79	-0.002989863005236109
14	66	-0.002995569491413328
5	68	-0.0029978822613195896
50	63	-0.003000079086654615
37	74	-0.0030004290355520775
12	69	-0.003004504048510567
20	63	-0.003009163407705905
29	48	-0.0030095048205596624
61	77	-0.003010987435519816
1	61	-0.003015076652067467
21	58	-0.0030204410002794848
57	77	-0.00302907629118574
34	63	-0.0030326582142485275
6	9	-0.0030327994580048624
13	33	-0.003033110586850009
8	37	-0.0030364337481935486
34	69	-0.003038972023785562
48	58	-0.003042218880131677
42	64	-0.0030423040885181806
28	47	-0.0030459850255046455
31	47	-0.0030459850255047287
26	47	-0.0030459850255048484
23	47	-0.0030459850255049534
24	47	-0.003045985025505033
10	14	-0.0030506154793091714
1	33	-0.0030522445238061607
22	79	-0.0030543088494788726
32	79	-0.0030543088494789207
35	53	-0.0030574751955403166
65	72	-0.0030582638977149097
14	58	-0.003062306964212696
34	60	-0.003063983072534828
48	52	-0.0030655070336695687
36	63	-0.0030670345970248117
48	68	-0.003068078709206201
34	73	-0.0030695795072343685
19	64	-0.0030844665385766808
29	56	-0.0030859768226364544
14	37	-0.003087464000056229
47	59	-0.0030906487177987975
9	18	-0.003094144543551073
24	45	-0.0030997099307122724
28	45	-0.003099709930712279
26	45	-0.0030997099307122815
23	45	-0.0030997099307123214
31	45	-0.003099709930712406
64	72	-0.0031031181404013487
34	80	-0.003106561686370429
20	67	-0.003106807911147777
9	20	-0.0031109974309993086
10	40	-0.003111244444851129
5	61	-0.003112248577730273
62	71	-0.0031124804832109946
51	72	-0.003115260128844303
19	73	-0.0031174421317459976
5	53	-0.0031331801117231582
67	70	-0.003134107437377793
55	62	-0.0031366306104538217
12	59	-0.0031382159855483866
50	69	-0.00313874808582942
20	71	-0.003145365064448435
20	72	-0.003150294414993914
19	67	-0.0031552587987625632
10	20	-0.003156464824203266
10	17	-0.0031708020079358667
22	40	-0.0031750399097116733
32	40	-0.0031750399097118204
41	72	-0.0031753991500911155
42	50	-0.003180822551520304
22	73	-0.003182594103033239
32	73	-0.00318259410303332
43	65	-0.003186009591268037
54	75	-0.00318748035802989
22	39	-0.0031875101331828976
32	39	-0.003187510133183035
1	39	-0.0031905931613116665
15	61	-0.0031932526361297454
16	40	-0.0031972930930669087
36	69	-0.0032016842016727677
63	70	-0.0032021276342583654
18	67	-0.0032024756986523744
44	57	-0.003204330185217502
19	44	-0.0032171780594022923
36	74	-0.003217483258541018
35	65	-0.0032195025872046043
9	71	-0.003219743532096793
35	64	-0.0032246643358589434
30	49	-0.003226522988038513
15	51	-0.0032291709839995094
7	12	-0.0032322443478822512
8	59	-0.0032381377481837956
38	54	-0.0032450243437798587
38	53	-0.003247089803390388
30	33	-0.0032499096026947488
15	64	-0.003250763401072239
7	68	-0.0032526044315243636
4	54	-0.00325700544193404
8	63	-0.0032571538049971493
7	51	-0.003263365707883692
21	61	-0.003263579998151404
55	74	-0.0032656957420381235
34	71	-0.003268247007790885
15	43	-0.0032778733544541975
7	54	-0.00328406153138675
10	55	-0.0032855842659658724
11	53	-0.003288740107631345
39	68	-0.003292253348265886
48	75	-0.0032929872957203274
36	72	-0.0032997676364746585
3	57	-0.0033007558248365106
33	54	-0.0033016195184636466
51	75	-0.0033065154731575733
42	79	-0.003307249958675754
16	50	-0.00330737454967977
30	40	-0.0033075188851797704
20	65	-0.003308468228717287
25	48	-0.0033118359781239767
5	65	-0.003315203285979381
13	79	-0.0033192763214416592
49	58	-0.0033199024702650084
21	74	-0.0033206531699200275
56	72	-0.0033425451256497664
51	77	-0.0033491678445198925
6	54	-0.003352978905770593
11	18	-0.0033560664780898797
33	41	-0.0033561854899246887
19	42	-0.0033566954262488602
59	62	-0.0033567344004926027
68	75	-0.003357046648177744
8	66	-0.0033573984886196605
11	57	-0.0033575209201884264
30	59	-0.0033593157469693517
45	60	-0.0033619665188394316
43	80	-0.003364200638175297
12	57	-0.003364262285802219
5	59	-0.0033683476129153784
74	78	-0.0033748863655772366
48	50	-0.0033809411130518493
21	30	-0.0033855922854182634
16	75	-0.0033943023329044055
50	70	-0.003402501203957395
9	40	-0.00340626527458045
7	16	-0.003406922667459269
4	34	-0.0034130654994891595
54	72	-0.0034211305729671126
21	54	-0.003428433612840798
16	79	-0.0034286984722279776
4	44	-0.0034376016749821893
34	67	-0.0034397765241997963
58	78	-0.0034446126844548904
21	65	-0.0034453054511829227
10	65	-0.003447056361867011
14	56	-0.003449905839298934
14	19	-0.0034522808331849276
17	46	-0.0034602325027841005
6	51	-0.0034620384189013474
25	40	-0.003465031694982581
15	36	-0.0034669221686762525
22	63	-0.0034669682142442187
32	63	-0.0034669682142442195
11	62	-0.0034719810188014906
12	49	-0.0034763098068099534
54	76	-0.0034765285568432473
40	42	-0.0034790621385347178
11	60	-0.0034793584060845476
30	67	-0.0034800531808883662
54	69	-0.0034835370521823037
45	54	-0.0034853325496775793
8	67	-0.0034896521195764267
38	65	-0.0034908629145431937
5	33	-0.003491451869461539
37	58	-0.003496013814103955
36	60	-0.0035119653551930387
38	64	-0.0035121901907004044
4	68	-0.00351590200997087
17	42	-0.0035181242919426455
40	75	-0.0035225998220523727
37	70	-0.0035231949346648563
35	63	-0.003528855389275866
71	76	-0.003534328120840316
34	43	-0.003536161910648646
8	65	-0.0035444531064642093
68	79	-0.0035515122754577167
60	72	-0.0035516138217437836
3	44	-0.0035602517250208545
11	56	-0.0035607527659732097
19	79	-0.003564879370655918
34	78	-0.0035651924706140556
15	68	-0.0035783568195542318
78	79	-0.003581526475107925
9	59	-0.0035843094558459625
67	77	-0.0035901943800991537
5	56	-0.003590280813322519
4	30	-0.0035941522179148253
30	38	-0.0036000044602707134
54	78	-0.0036023480256073014
20	49	-0.003608990317550519
45	62	-0.0036090978286423244
33	80	-0.0036124909439872142
27	59	-0.003617009511043281
18	74	-0.0036172712007186583
12	64	-0.003621982642900474
52	73	-0.0036300139552810943
44	55	-0.0036322085844262392
20	77	-0.0036330365879207313
65	77	-0.003635769981112313
3	7	-0.0036360893061361723
10	47	-0.0036378210905070995
9	79	-0.003638450439934862
12	61	-0.003642368579199903
1	77	-0.0036428819688229903
46	69	-0.003643379495059396
16	42	-0.003647288362643357
57	78	-0.003657879822767219
37	44	-0.0036589128064160887
30	78	-0.0036610966927690973
18	56	-0.003664552516704375
8	46	-0.0036689880791800373
33	70	-0.00367482655834498
63	79	-0.0036822466905848915
19	59	-0.003688549169075405
10	21	-0.003688918621036376
2	13	-0.0036905561179054495
11	33	-0.003692279311508
46	57	-0.003695706970609559
2	64	-0.003702386312141968
8	15	-0.003703591378198477
35	55	-0.003705340704838125
35	42	-0.003714715403514389
10	39	-0.0037157154295465603
4	11	-0.0037164485729131117
54	80	-0.0037172014954070403
3	17	-0.003730820885548488
22	38	-0.003732364950678177
32	38	-0.003732364950678282
20	62	-0.003734409975833192
54	79	-0.003735134099671398
16	45	-0.0037373187577798075
16	41	-0.003743668759398966
11	65	-0.0037459258485251033
6	58	-0.003754012869112662
7	19	-0.00375503335860455
3	16	-0.0037569003742091013
2	58	-0.0037604992854003245
27	76	-0.0037684211825005304
11	48	-0.0037686730225832132
7	61	-0.003769352188123671
22	59	-0.003772416651114445
32	59	-0.0037724166511145536
4	36	-0.0037738178007366984
47	61	-0.0037762827008244455
22	49	-0.0037774266441301125
32	49	-0.003777426644130149
7	47	-0.0037787381440247767
34	75	-0.003788475398459215
11	55	-0.003790344834630622
68	78	-0.0037917223365629225
32	60	-0.0037951246825964954
22	60	-0.00379512468259666
65	76	-0.003795464946983419
49	73	-0.0037958192755623635
61	71	-0.0037961475314825127
19	75	-0.003799292059767611
73	76	-0.003799594731631233
51	62	-0.0038025219175113817
13	61	-0.0038034292441581933
4	57	-0.003805057975725966
12	53	-0.003808063638052332
16	44	-0.0038110573960965445
36	76	-0.0038111399051783596
4	16	-0.0038133172305535768
76	79	-0.003814541189639361
4	51	-0.003815880386130485
47	71	-0.0038210937599120216
16	76	-0.0038254311019245845
58	80	-0.003831190278498502
4	61	-0.003832689814838761
68	77	-0.003835386972832506
4	58	-0.0038376335289828467
11	79	-0.0038406930068689933
13	20	-0.003841044039213053
10	18	-0.0038438455233815827
61	75	-0.0038518656341842783
57	76	-0.0038630242459044327
24	42	-0.00387140504369481
23	42	-0.003871405043694884
26	42	-0.003871405043694944
31	42	-0.0038714050436951123
28	42	-0.003871405043695139
36	71	-0.0038815496548433534
22	42	-0.003883062469575422
32	42	-0.0038830624695754302
35	66	-0.0038838796797191627
14	64	-0.0038857165636566114
6	57	-0.003888586302649512
29	44	-0.0038890690314464255
17	49	-0.0038951193401131
3	75	-0.003895954949769423
38	74	-0.0038968737083396833
17	45	-0.0038995684859877734
43	79	-0.003909015138088188
9	76	-0.003911085197947983
16	49	-0.003911593762475671
18	41	-0.003911753332704919
4	71	-0.0039128988424174125
2	61	-0.003913714690755275
13	59	-0.003914730047354385
21	64	-0.003919381211673036
11	39	-0.003923341893828126
19	62	-0.003930845446393106
7	34	-0.003946110634371651
69	77	-0.003950867568418621
45	48	-0.003954325888242186
50	74	-0.003961456976786475
19	60	-0.0039642211573780615
7	67	-0.00396440434675326
25	47	-0.0039839791538603085
33	51	-0.0039862094718239975
40	64	-0.003987999788363384
14	34	-0.003990170046984003
35	67	-0.003994177428695449
17	75	-0.003996466065390693
3	63	-0.003997816902111397
42	51	-0.003999789685946791
42	78	-0.0040011165444875565
6	32	-0.004004792846754117
6	22	-0.004004792846754246
11	50	-0.004010068612501722
37	56	-0.0040131103797584385
10	66	-0.004016054219420746
39	43	-0.004017650516801032
20	59	-0.0040241733396874195
11	41	-0.004034549593141295
19	76	-0.004034659640406715
39	54	-0.004040371721685067
40	51	-0.004041946250558253
72	78	-0.004042841031959078
25	42	-0.004044247891098427
20	73	-0.004046938419617402
14	63	-0.00405075559002671
39	58	-0.0040530475211052715
18	77	-0.004054713861863096
64	76	-0.004056557613831202
6	74	-0.00405902053989521
9	21	-0.004068367462624512
75	80	-0.004074205028007743
67	75	-0.004076518027858746
36	46	-0.004085356911978465
2	70	-0.004087535248541507
33	43	-0.004087594476478164
37	54	-0.004087659716010747
33	68	-0.0040876688295689995
10	67	-0.0040976159972638815
19	37	-0.0040993059714434215
13	66	-0.004100120438762261
9	50	-0.004100374246599316
14	18	-0.004101611252926181
41	51	-0.004103655330863026
35	80	-0.004110346640171402
7	64	-0.0041231231825168526
66	74	-0.004131344461567788
51	78	-0.004134388376780726
64	75	-0.004152150385461474
14	53	-0.004155570953682634
69	75	-0.004161026181885947
59	71	-0.00416384497612975
11	71	-0.004171151095659395
62	72	-0.004173296070877724
4	39	-0.004173800004192033
1	56	-0.004174477509065157
66	75	-0.004176007759127003
49	69	-0.004176382170733437
47	57	-0.004177384925569898
18	49	-0.004178061606013753
32	50	-0.004179692075375871
22	50	-0.004179692075375971
14	61	-0.004181569760847943
45	56	-0.0041827178710773915
2	7	-0.00419225033345072
7	66	-0.004194938274614685
9	37	-0.004200242436479269
43	52	-0.004210517913469162
17	78	-0.004216276701972477
21	51	-0.004216640390521497
1	79	-0.004217504751110586
16	47	-0.004217674022118494
51	76	-0.004220767585214168
57	69	-0.004222642067768026
18	43	-0.004227570334253638
2	42	-0.004228562382286971
64	80	-0.00422935396439416
17	62	-0.004234535405287904
2	15	-0.004239453874047179
18	66	-0.004239529448476923
6	42	-0.004244853966100536
4	10	-0.0042449890104140475
39	45	-0.004245254882665587
8	80	-0.0042455667755361606
1	65	-0.004247255556908544
7	59	-0.004247603639477098
3	68	-0.004251773751551469
20	75	-0.004252531890518664
46	65	-0.004254484289347681
43	48	-0.004254643941514426
6	65	-0.004255513598083224
7	57	-0.004256276669538345
38	57	-0.004257620765534284
6	68	-0.004263116076380668
48	73	-0.004266709412806095
21	68	-0.00427148284416719
2	35	-0.004273570186146681
2	53	-0.004281293942437891
38	69	-0.004282074337402828
55	72	-0.004286088407625563
15	50	-0.004287866696661927
11	66	-0.0042930289236189825
19	45	-0.004303575164542994
21	72	-0.00430530322299444
2	46	-0.004305903953950027
49	76	-0.004307922126862892
36	78	-0.004309696518580203
37	66	-0.004315163502102743
33	74	-0.004317308882236654
57	75	-0.004319055407992897
3	43	-0.0043236118287755376
4	69	-0.004324214749142646
3	19	-0.004324831128015275
16	38	-0.0043278066852641935
21	60	-0.0043283053655120115
16	37	-0.004345166389482773
3	60	-0.004346023904673037
7	20	-0.0043466842942648356
46	61	-0.004349186550249509
53	76	-0.0043502542809437175
56	77	-0.0043519067335447545
20	79	-0.00435308553104974
36	42	-0.004353745716310143
40	76	-0.004357563112193628
18	33	-0.004357996221795521
35	47	-0.004360086017145229
3	53	-0.00436714813259444
5	44	-0.004369927154867414
63	77	-0.004377465444033008
41	53	-0.0043854077949051305
2	29	-0.004386054426290796
2	21	-0.0043913635857993
17	39	-0.0043961669902432745
21	70	-0.004396451483456368
12	37	-0.004398030355336813
12	47	-0.004403830191045054
64	70	-0.004406591385695418
33	61	-0.004410282811735172
34	79	-0.0044110056635323115
4	63	-0.004414117403112634
10	62	-0.004417373258062972
10	37	-0.0044207532390546315
30	62	-0.00442267146847809
59	74	-0.004423985743226315
38	71	-0.0044290277424410066
11	67	-0.004431594884786039
2	51	-0.004433085324687226
5	39	-0.004436460797318153
2	20	-0.00443655048682614
1	66	-0.004437457621727881
20	74	-0.004440396401428831
50	73	-0.0044443948829458665
55	71	-0.004455672906095825
46	64	-0.004456574676364383
66	77	-0.004458610115805441
16	78	-0.004460147191014319
33	77	-0.00446300399000733
6	27	-0.004468596731380554
38	77	-0.004468954383103407
33	56	-0.004474563910914689
17	76	-0.004484809228968109
64	77	-0.004499197860680111
35	41	-0.00450541010785104
46	56	-0.004518265984806612
6	16	-0.0045186769918117275
5	20	-0.004521888892188581
39	56	-0.004533099203315165
7	69	-0.004535316418708417
2	36	-0.004537264089284597
35	62	-0.004547122248155204
4	35	-0.004550403530220886
7	38	-0.004550740941957954
15	18	-0.004563484960248453
19	49	-0.004564403879827039
5	42	-0.00456690146051791
37	53	-0.004570725309835266
47	69	-0.004572922422947174
59	75	-0.004573052528289133
11	59	-0.004582307137487182
14	21	-0.004591669773738308
74	76	-0.004591701284089161
35	43	-0.004597810328525967
4	60	-0.0046015784374348855
40	53	-0.004609965597362014
2	45	-0.004612027336057206
18	63	-0.004614551007150771
3	58	-0.004616404166886748
47	63	-0.004619763692703628
3	21	-0.004623410449875055
61	78	-0.004631609135251034
38	75	-0.004632106877406091
21	42	-0.004635041831384326
30	48	-0.0046382000022943985
44	56	-0.004641909795422607
8	40	-0.004643217404495515
4	62	-0.0046517851586886285
6	64	-0.004658696265536067
45	80	-0.004663782990665508
2	16	-0.004664665285067706
6	72	-0.004667152327675006
18	79	-0.004672880247422337
20	45	-0.004675933407367895
42	69	-0.004676193062412055
8	14	-0.004686016755239034
47	64	-0.004686753572284521
39	40	-0.004689248738661871
17	77	-0.004691822722310226
56	75	-0.0046949112090098576
33	60	-0.004696137654548802
18	42	-0.0047193397940298205
20	40	-0.004720677530421193
63	71	-0.004722128212752729
44	52	-0.004723995578190603
22	48	-0.004724807082105051
32	48	-0.004724807082105251
33	42	-0.004724965519907867
7	70	-0.0047272479627839415
7	53	-0.004728227872699086
53	75	-0.004736264091664618
33	45	-0.0047362720068509934
21	57	-0.004736699829738977
16	80	-0.004747422156390414
1	45	-0.0047476883599812374
5	40	-0.004750469547653903
49	74	-0.004757924637366192
21	49	-0.0047619625685761165
18	72	-0.004764614708053596
1	4	-0.0047674008755882805
65	71	-0.004776927279909307
61	73	-0.004778705338531894
7	56	-0.004779010386961947
1	48	-0.004780098054960559
4	42	-0.00478265764867336
16	39	-0.004782991975190625
8	33	-0.004784458406577164
7	80	-0.004788862422859254
78	80	-0.004792383989449928
4	18	-0.004802084667516489
18	60	-0.004803184604567407
8	21	-0.00480340373502525
1	76	-0.004814410819567305
29	49	-0.004817596522257939
70	75	-0.004822911746045154
36	62	-0.004823310295266213
38	58	-0.004825227617994187
66	76	-0.004832796841803412
18	78	-0.00483382316572639
47	70	-0.004837838827664975
14	55	-0.004838884314111433
37	67	-0.0048410132818137875
2	65	-0.004841943855235754
63	76	-0.004846049653413707
2	79	-0.004847248930340208
61	76	-0.0048600841069791215
3	59	-0.0048632132023752155
35	76	-0.004864690251113592
55	75	-0.00486653716566455
49	77	-0.004869332677763705
13	62	-0.004872641980584735
49	61	-0.004872943360392139
64	71	-0.004876542057023691
9	60	-0.004879097310269861
4	79	-0.004879651554815888
57	74	-0.0048860971547794434
12	62	-0.004890074066995845
34	62	-0.004903260212641289
47	52	-0.004910404577112298
50	54	-0.004918140453758668
17	79	-0.004925220436782524
4	53	-0.004928967950574449
10	59	-0.00493418038416499
10	33	-0.004939054351603253
53	78	-0.004940900226135166
13	53	-0.004943391801152513
3	51	-0.004952081795419432
13	18	-0.004956672735153879
41	65	-0.004958944890332897
9	48	-0.004959041505349156
7	43	-0.004960388093328213
43	75	-0.004962284541290164
15	76	-0.004978094810130947
4	20	-0.004986030773520778
37	42	-0.00499088019015129
1	78	-0.0049912254708898126
6	43	-0.004993466081435092
44	68	-0.004997026428327071
40	70	-0.004997688638200787
13	64	-0.00499876598287621
11	21	-0.00500255144441019
7	33	-0.005003792360071343
47	73	-0.005008128411483102
41	54	-0.005014068092261733
2	75	-0.00501866335079213
36	80	-0.005020371006787576
7	55	-0.0050217672878344515
17	38	-0.005024482449024731
41	69	-0.005026312766774358
5	67	-0.005026543879663649
35	49	-0.005033772252246488
7	14	-0.00503381533492169
6	36	-0.005038231332239284
58	73	-0.005038619328557944
40	45	-0.005040266310618257
3	27	-0.005048425284703588
64	73	-0.005051880542353562
46	73	-0.005052107143623204
63	78	-0.005057452878359371
41	57	-0.005058553187490806
61	72	-0.0050586428911977045
34	45	-0.00506069260004114
14	65	-0.005071858722133852
5	66	-0.005077512529815973
2	62	-0.005077854636521742
18	44	-0.0050965448594273615
6	61	-0.00510202245918877
34	46	-0.005104700549684205
35	40	-0.005105535053193726
37	68	-0.005107442984467338
61	80	-0.005124813512318385
35	79	-0.00513778336162849
12	56	-0.00514468586748416
11	46	-0.005146726114930783
74	80	-0.0051518910971876455
7	48	-0.005153749277068603
33	75	-0.0051661876215660365
21	37	-0.005172831118013008
67	76	-0.005173948103647559
6	53	-0.0051746689361031085
5	9	-0.00518255171323299
42	68	-0.005183035708400677
10	50	-0.005192207329963451
62	80	-0.005194637866601462
46	71	-0.005194977176505797
45	77	-0.005196804065582043
48	61	-0.005205491068947643
13	65	-0.005211467020517788
53	79	-0.005211516014399139
43	49	-0.0052144135075343385
14	48	-0.005216853382609497
3	41	-0.005223567261205767
51	79	-0.005245235123128056
37	57	-0.005246336408848782
18	75	-0.00524940496470842
47	67	-0.005261380665295015
20	76	-0.00526706420923235
48	64	-0.005270644665863983
39	74	-0.005288784584811665
47	76	-0.005288983403532532
50	55	-0.005296878020130701
39	53	-0.005306036277638797
39	66	-0.0053137542897626145
41	66	-0.005320604407736
39	70	-0.005332117378713034
18	47	-0.0053324844285635165
53	80	-0.005335682119615608
33	40	-0.005336037821215981
21	40	-0.005345082033002085
65	74	-0.005345739574160418
2	56	-0.005353587499058027
7	18	-0.005356954545171884
42	70	-0.005358741273336228
39	63	-0.005362702460579689
12	78	-0.005374337077555032
14	75	-0.005378349167512765
38	61	-0.0053989167352484005
5	74	-0.005404559745941864
15	80	-0.005405718972589922
14	40	-0.0054064611367884
56	76	-0.005410626005793172
56	69	-0.005419755613616549
3	35	-0.005422080074529755
6	66	-0.00543130151460969
45	49	-0.005434914291807138
6	17	-0.005441061334012965
6	19	-0.005448003306948941
17	48	-0.0054566601095749
49	79	-0.0054625418305671615
35	50	-0.0054639481622782374
13	77	-0.00546673354414854
6	79	-0.005469824923058961
8	70	-0.005480595814827064
40	57	-0.0054831115306416215
11	37	-0.0054858414216753465
19	48	-0.00548717430643012
13	41	-0.005487540391596041
39	47	-0.005487938211456749
67	72	-0.005494511494106722
37	61	-0.00549463157957665
12	50	-0.005509139860999442
15	38	-0.005513971574239617
45	57	-0.005516491950968086
20	47	-0.005518157553464308
4	14	-0.005527367875404504
4	21	-0.0055301264065255006
39	61	-0.005531583081613119
4	72	-0.005540730858232489
18	21	-0.005545608631985608
1	49	-0.005561369933478935
12	75	-0.005581164584501851
35	78	-0.005584706448454524
3	40	-0.005585532030919811
55	76	-0.0055906952732926955
56	78	-0.005595213789816177
65	80	-0.0056056820775739645
47	77	-0.005607853127113243
1	60	-0.005609313598648781
7	40	-0.005617271357433062
29	59	-0.005618225744018844
1	50	-0.005619574308479856
20	78	-0.005620775529627532
37	72	-0.005625980491459466
47	66	-0.00563945473568696
3	61	-0.005643571600386682
43	59	-0.005647690848472928
20	46	-0.005647886418948291
29	50	-0.005660566257268271
41	49	-0.005666592299567567
10	38	-0.005669605604453008
41	60	-0.005672752996838249
65	78	-0.0056742393035827034
6	34	-0.005678368872328263
39	65	-0.0056822127393373525
9	38	-0.005682370429467416
55	69	-0.005694470056169695
40	68	-0.005701031525697252
14	33	-0.005704424344378539
33	71	-0.0057078953297416335
39	71	-0.005714640332078072
7	13	-0.005722413714182981
2	57	-0.005727517814542767
41	68	-0.005728070689001443
67	74	-0.005745803823969732
50	57	-0.005754187898243278
55	78	-0.005757497483923778
20	38	-0.005759142171682886
39	57	-0.005768287620141234
33	55	-0.005775168014366621
42	66	-0.005777226765173688
43	78	-0.0057777078428942925
38	56	-0.0057857256956131
40	67	-0.0057861198628562475
14	67	-0.005788739464867433
4	56	-0.005790115537161479
49	70	-0.005792015294218933
65	79	-0.005796594359160595
38	66	-0.005797478708864082
17	80	-0.00579906079994712
50	65	-0.0058048615935188935
40	60	-0.005805482907123143
37	71	-0.005808673574945715
4	55	-0.005811802411437374
4	67	-0.0058119213312304
21	55	-0.005815889656996643
69	78	-0.005817229961503169
65	73	-0.005819176803384699
5	38	-0.005822304724859728
38	40	-0.005826488017581418
46	63	-0.005827613280070494
34	47	-0.005842364265565942
4	65	-0.005843414209851062
46	70	-0.005846452215536086
62	78	-0.005848750588541538
4	15	-0.0058619699303605124
11	38	-0.0058660648504524435
33	65	-0.005869480342581619
33	67	-0.0058716995190541115
61	79	-0.005873146824154759
67	78	-0.005879636003837301
45	58	-0.005885774136749815
4	13	-0.005902985832983194
10	48	-0.005911106284965625
15	40	-0.0059158941362590705
39	64	-0.005951701763763971
45	76	-0.0059524130366108985
13	75	-0.005956393376030242
2	34	-0.00596272373285483
21	66	-0.005965831540906457
5	47	-0.005969587032196415
12	66	-0.005973405519897649
27	79	-0.005992584098914444
18	80	-0.005992961120849785
37	64	-0.0059970377677990416
2	14	-0.0059982110245562275
46	59	-0.005998915430070321
4	73	-0.006005642682714124
40	59	-0.006013230123500397
2	74	-0.006020225611928055
15	78	-0.006032226558509515
45	52	-0.006039142304468078
59	78	-0.006046349677379137
60	73	-0.006046430176250965
57	80	-0.006048578990932623
46	66	-0.006050649832027258
42	65	-0.00605222010129907
14	49	-0.006057600838976944
6	35	-0.006060079664664303
37	43	-0.006064693132301128
6	56	-0.006089774080249048
2	66	-0.0060944851885020475
5	37	-0.006104093379346315
3	56	-0.006105180623490299
11	40	-0.006110136066159613
66	72	-0.0061259975699895644
39	78	-0.006126949133563937
1	47	-0.006127983289629003
3	80	-0.006128648249815287
9	41	-0.006130507581641391
48	63	-0.006139407105782466
3	30	-0.006142883249179319
47	56	-0.0061484807592909405
41	70	-0.006149264842248257
40	54	-0.006154043018856373
20	41	-0.006154094986750076
21	67	-0.006154367091027039
37	55	-0.006156807823663823
17	47	-0.00615925226006144
18	50	-0.006164380252917283
3	10	-0.006164704145110685
56	80	-0.0061737383982983784
48	66	-0.006187071301857034
20	80	-0.006190108404767879
4	33	-0.006194013926291927
21	78	-0.006198710539980832
18	76	-0.006198980087106558
1	59	-0.006206682334551765
38	72	-0.006209259471778775
18	71	-0.006212679375426599
40	69	-0.006221682768611359
7	63	-0.006224799681893864
6	67	-0.006263361571090157
38	62	-0.006271135269042844
11	47	-0.006272456535310603
64	79	-0.006273959930435258
34	41	-0.00627679137017247
42	67	-0.0062774087429983
6	70	-0.0062862420998702866
56	73	-0.006294273780316676
21	44	-0.006320618464903588
14	78	-0.0063358697519143746
48	55	-0.006358431050057744
62	77	-0.006366066386139501
6	20	-0.006375487988433732
38	55	-0.006382243976485786
9	47	-0.0063855758404603455
63	75	-0.006396542564797092
40	62	-0.006397774938434427
12	74	-0.006399074425425861
9	45	-0.00640449862108705
50	53	-0.006409738981343455
44	59	-0.006416493647835281
66	78	-0.006424976397764183
12	65	-0.006425976026164079
3	64	-0.006426084080001545
15	47	-0.006443259602772873
15	48	-0.006443779447729684
10	49	-0.006449977248668179
4	66	-0.006452854173255763
34	37	-0.006453795755428102
33	78	-0.006460579642724165
9	49	-0.006471530888435277
43	60	-0.006472535331609937
6	13	-0.006484177537597097
5	80	-0.006485962778783413
3	12	-0.006487532418251529
67	73	-0.006494502538528852
37	45	-0.006503776262315867
49	72	-0.006518050155540878
70	76	-0.0065215562660444
60	78	-0.0065363600857279505
3	65	-0.006537755428144167
21	71	-0.006541106195684289
4	59	-0.006549233093572651
3	20	-0.006557216713878679
21	63	-0.006566700243161193
34	39	-0.006568753439137285
4	43	-0.006579144501320806
6	55	-0.006580454313800705
6	15	-0.006589028617352026
34	38	-0.0065927364322770545
2	5	-0.006593405932849244
17	50	-0.006594119840061826
38	45	-0.006597368555220286
50	68	-0.006621439127143442
44	54	-0.006625505527190241
55	80	-0.006627265183840879
66	80	-0.006629705166467693
11	49	-0.0066316545649813445
2	55	-0.00663347499065841
44	53	-0.006668936977376262
3	66	-0.006669923824786357
45	68	-0.0066704044091586675
34	50	-0.0066725885904993214
39	50	-0.00669124690489659
21	75	-0.006692000149058084
46	60	-0.006701435838018645
33	62	-0.006705340804006656
33	72	-0.00673356572032089
3	34	-0.006736667226993549
56	79	-0.006738026493087935
55	73	-0.00674401484369973
33	63	-0.006760554852257235
47	65	-0.006760917856041521
20	37	-0.006774546075581475
7	21	-0.006778031887050411
14	59	-0.006780067637945322
50	72	-0.006790217114302086
66	73	-0.006800825991124339
39	75	-0.006818019959915978
47	55	-0.006819171652665951
14	76	-0.006821328141842919
33	46	-0.006822003728061195
33	37	-0.006824288004255543
6	63	-0.006832819873737773
40	77	-0.006842047540795768
15	49	-0.006856265271840037
67	71	-0.006894478230079504
50	67	-0.00690107481958359
46	50	-0.006906428293540765
6	18	-0.006925021316275456
2	67	-0.006931913215861385
48	57	-0.006936544791550795
34	40	-0.006947091283054426
3	15	-0.006954703907827233
46	75	-0.0069680286111741836
3	37	-0.006989436240919852
3	73	-0.007013473853199547
18	40	-0.0070209526551105175
21	80	-0.0070223421852781895
37	65	-0.007038871584024709
43	70	-0.007041706081585648
67	80	-0.007077824265181111
59	73	-0.007097772448269577
20	50	-0.00709785481458825
44	70	-0.007112099557466883
21	41	-0.007130552494775224
67	79	-0.007132390270347223
38	67	-0.007132730625064245
13	50	-0.0071342531365976
37	40	-0.00716414643992928
41	59	-0.007172028603249255
12	45	-0.0071795723391816155
59	77	-0.007183592059387183
40	55	-0.007187477881315227
2	63	-0.007215016216165805
14	79	-0.007216100038223079
35	48	-0.0072169339650373235
5	43	-0.007223839618024275
2	41	-0.007238264646599048
39	55	-0.007243432057443773
6	40	-0.00725123756276055
29	37	-0.007259263309605734
46	62	-0.0072651995433867505
37	79	-0.0072787611021238735
2	38	-0.007286904599276452
45	55	-0.007293797384399727
2	44	-0.0073119474483252615
14	38	-0.007316132067282306
48	60	-0.007319416597804761
40	65	-0.007335127558258839
3	6	-0.00733545719489187
9	46	-0.0073384668483363405
4	45	-0.007393198295973937
38	46	-0.007399239826856427
40	66	-0.007421703251945222
38	39	-0.007424247974393735
37	77	-0.007430427952507687
39	77	-0.0074368793401283
3	72	-0.00744073754580183
37	62	-0.007442349710131134
12	40	-0.007443387246584399
48	67	-0.007462339769854179
47	62	-0.007480789068176291
62	73	-0.007501004669541836
47	80	-0.007502249620127053
7	46	-0.007516020656700097
21	38	-0.00753372903162452
40	71	-0.007540462065812993
6	37	-0.007544501013303406
44	75	-0.00755097894174097
20	39	-0.007552173765339675
60	75	-0.007562931375665365
41	55	-0.007567105345704571
40	80	-0.0075796129981182386
7	39	-0.007581545632743739
43	61	-0.0076238131250225515
7	60	-0.007626724823332012
39	79	-0.007633164768757271
37	48	-0.007647577412022245
41	62	-0.007650137927201741
55	79	-0.0076519109122104075
48	56	-0.007655343201752137
41	75	-0.007655926324104374
4	80	-0.007659885169994882
49	56	-0.007674928175575641
50	77	-0.007691230877509306
46	55	-0.007697789286469956
13	37	-0.007734285350119493
21	76	-0.007744743552390381
1	3	-0.007746346627320483
3	11	-0.007754790982313766
45	50	-0.007769240967146395
40	50	-0.007839124791146086
44	48	-0.00784542288817485
6	41	-0.00788907995834131
62	76	-0.007894129603647708
21	39	-0.007897297902420344
3	14	-0.00797107563702451
45	78	-0.00798349394383987
38	41	-0.007988549474886288
44	76	-0.007990349476452429
41	50	-0.00799437703849792
7	44	-0.008007354427975108
45	66	-0.008022839059042143
41	67	-0.008023670927619518
2	4	-0.008030864315315299
63	80	-0.008073028619908712
47	60	-0.008094573774363916
7	41	-0.008094957733808876
37	46	-0.008113118045751832
72	79	-0.008113861565577477
13	78	-0.008121709133027804
7	50	-0.008136503747378562
39	67	-0.008150414259374768
6	14	-0.008153221927606603
33	76	-0.008185469134322096
3	42	-0.008192466108355261
50	56	-0.008200162070057755
3	67	-0.008204629218946696
43	62	-0.008206604367951644
37	73	-0.008206719783965742
40	56	-0.008227707901212262
60	76	-0.008234211280611501
59	80	-0.00825881429793537
49	60	-0.00826795510245049
45	79	-0.008275045521178647
50	60	-0.008278130137690114
21	62	-0.008285673296909284
49	55	-0.00828624262770042
59	76	-0.008291336135224913
15	79	-0.00832769717859472
2	40	-0.008354331746287106
46	76	-0.008358173369279161
50	59	-0.008358232853840866
41	71	-0.008367783477711407
62	75	-0.00837445883614227
39	46	-0.008377735992970469
39	60	-0.008393182149728014
66	79	-0.008427839839331878
49	62	-0.008447062698760988
74	79	-0.008470016969976773
21	79	-0.008471432033855007
49	65	-0.008474118048054393
3	38	-0.008480908658572588
7	62	-0.008566359907863873
49	66	-0.008582127450554625
45	65	-0.008584645888618332
33	49	-0.008611303847731119
48	77	-0.008617393548344766
46	80	-0.008662558562045815
46	67	-0.00867818304781565
39	76	-0.00868927391160358
4	46	-0.008709642968928417
50	66	-0.008737225881712584
48	65	-0.008747584875810562
37	59	-0.008749635648470571
47	50	-0.008793266203997925
2	78	-0.008795026951781075
50	75	-0.008797092860805404
49	57	-0.008811464670581741
41	76	-0.008875056419590481
37	63	-0.008875273899162518
49	67	-0.008907933115321034
60	79	-0.00891796167107559
33	39	-0.008927748069823462
38	80	-0.008933773258820981
8	45	-0.008946891486285212
40	78	-0.009008636417869798
33	38	-0.009020420411863527
2	39	-0.009027541376982931
18	39	-0.009028140688321364
45	59	-0.009049542878060073
37	60	-0.009077786993200648
8	42	-0.009118379243169541
4	41	-0.009152363719918068
21	59	-0.009226587935799238
2	59	-0.00926080401918806
6	38	-0.00926155865968814
43	64	-0.009263952722674367
41	79	-0.0092667047252416
6	44	-0.009272066193389683
18	37	-0.009291808932459572
3	71	-0.009293591559599225
10	45	-0.009323535008828928
38	76	-0.009354317775784058
38	47	-0.009381049547871272
45	67	-0.009394557756519428
71	79	-0.009394924744376514
37	38	-0.009397726364011535
4	74	-0.009426741327180284
33	59	-0.009492590581649855
38	60	-0.009517353635285272
3	46	-0.009562233380740455
6	59	-0.009601235462328932
44	79	-0.009634242485441267
3	33	-0.009638510919195535
48	62	-0.009663178063954284
37	49	-0.009669726813036373
46	78	-0.009681288015197275
18	48	-0.00970195269248544
6	33	-0.009720786788043008
4	38	-0.009788494853187021
14	50	-0.009788523450852562
39	49	-0.00979372298934748
41	80	-0.009819733732262671
6	48	-0.009829912839112227
21	48	-0.009872056373717887
6	21	-0.009887186325016034
11	45	-0.009921340484456108
6	49	-0.009949637675015131
7	37	-0.009951174496797917
44	77	-0.009951851679805506
46	79	-0.009954594825389677
37	75	-0.009959498593229373
33	50	-0.010040049727112609
2	50	-0.010049013769403793
33	48	-0.010067839265323312
48	59	-0.010072818076569096
48	76	-0.010128153199601735
49	80	-0.010153042079822039
6	46	-0.010235595387220237
37	41	-0.010288654143737967
6	62	-0.010316725042414423
6	39	-0.010360915407806447
21	46	-0.01037293678041634
2	47	-0.010390089400224551
4	40	-0.010407187277509469
21	50	-0.01042377714674869
47	78	-0.010467759294965987
38	50	-0.0105102719728844
48	79	-0.010535850631168197
38	44	-0.01057100789046232
2	49	-0.010614041276979904
3	39	-0.010672309147906614
39	62	-0.010726764525840619
3	62	-0.01075162311688994
33	47	-0.010800918887401737
4	47	-0.010862846967236344
41	78	-0.010865306930938678
38	78	-0.010986737173815278
6	50	-0.01098976604405049
4	49	-0.011022508895107766
4	48	-0.01102388932585885
62	79	-0.011046349407597618
50	80	-0.011094261495662092
37	76	-0.011145514902336529
43	63	-0.011150977791519232
2	37	-0.011162410980255564
39	59	-0.011184651093040746
44	78	-0.011370430374514417
50	79	-0.011415949916222065
4	37	-0.011627872458928466
44	80	-0.01163552422092108
50	76	-0.011645806453099504
37	78	-0.011856130107258259
4	50	-0.011864121061847848
49	78	-0.01191467836477349
37	80	-0.011928847001724845
6	12	-0.011977849308106078
48	78	-0.012038357045559549
6	47	-0.012086210292349584
3	49	-0.012101861768661137
50	78	-0.012255266983384971
33	79	-0.012270715508515082
3	48	-0.012425155457005285
21	47	-0.012428392642742127
39	80	-0.012534407023228625
38	79	-0.012647931216728895
44	73	-0.012737143214081599
2	48	-0.012805156393209838
37	47	-0.012858310206460865
48	80	-0.013449554216589365
3	47	-0.013680498097135039
44	49	-0.014005525073652155
40	79	-0.01406537488560399
3	50	-0.015345476495441695
47	79	-0.015929303212965786
44	74	-0.02308432316732599