#==========================================================================
# The first and second rows contain site pairs (i, j) such that j > i
# The third row contains coevolutionary scores obtained 
# using mean-field DCA (mfDCA) algorithm.
# Note that in this data sites are counted/labelled starting from 1
#==========================================================================
40	45	0.17489450688442412
19	31	0.15845324208651146
31	36	0.10118142953818104
19	36	0.10118142953818039
40	41	0.08277029549989048
8	19	0.05723649306724709
8	31	0.05723649306724675
5	58	0.035626416191648906
5	33	0.03562641619164889
5	17	0.035626416191648864
5	57	0.03562641619164867
5	47	0.03562641619164866
17	57	0.0356264161916486
57	58	0.03562641619164858
17	33	0.03562641619164854
33	58	0.03562641619164851
47	57	0.0356264161916485
33	57	0.035626416191648476
17	58	0.03562641619164847
17	47	0.035626416191648455
47	58	0.035626416191648455
33	47	0.03562641619164836
8	36	0.024966090924313192
8	40	0.020758454981817064
8	41	0.016854367914161474
59	60	0.01496204182190932
15	30	0.014962041821909315
59	62	0.0149620418219093
30	59	0.014962041821909265
30	62	0.01496204182190921
20	62	0.014962041821909208
15	20	0.014962041821909192
4	59	0.01496204182190919
20	59	0.014962041821909184
1	30	0.01496204182190917
30	60	0.014962041821909161
3	60	0.014962041821909145
20	60	0.014962041821909142
60	62	0.014962041821909139
3	59	0.014962041821909118
4	62	0.0149620418219091
4	30	0.014962041821909097
1	4	0.014962041821909074
1	62	0.014962041821909073
1	59	0.014962041821909071
3	62	0.014962041821909059
20	30	0.014962041821909031
15	59	0.014962041821909008
4	20	0.014962041821908995
1	60	0.014962041821908993
3	30	0.014962041821908965
1	20	0.01496204182190896
4	60	0.014962041821908944
15	60	0.014962041821908885
1	3	0.014962041821908884
15	62	0.014962041821908875
3	20	0.014962041821908849
3	4	0.01496204182190882
4	15	0.014962041821908766
1	15	0.014962041821908752
3	15	0.014962041821908613
36	45	0.00993387191966391
31	41	0.009850638336353308
19	41	0.009850638336353211
5	30	0.002134801519733647
3	5	0.0021348015197335795
5	60	0.002134801519733531
5	62	0.002134801519733524
4	58	0.0021348015197335136
1	17	0.0021348015197335066
3	58	0.0021348015197335066
5	59	0.0021348015197334928
4	5	0.0021348015197334546
20	47	0.0021348015197334216
1	5	0.002134801519733394
58	62	0.0021348015197333835
20	33	0.00213480151973338
4	57	0.002134801519733359
58	59	0.002134801519733359
4	17	0.0021348015197333575
30	47	0.002134801519733354
1	58	0.0021348015197333488
17	20	0.00213480151973334
20	58	0.00213480151973334
5	20	0.0021348015197333297
30	58	0.002134801519733309
1	57	0.0021348015197332967
3	17	0.0021348015197332915
30	33	0.0021348015197332915
17	30	0.002134801519733288
30	57	0.0021348015197332672
4	33	0.0021348015197332655
20	57	0.0021348015197332603
33	62	0.0021348015197332534
1	47	0.002134801519733243
47	62	0.002134801519733243
58	60	0.0021348015197332326
17	60	0.0021348015197332273
33	60	0.0021348015197332187
3	47	0.002134801519733217
4	47	0.002134801519733215
5	15	0.0021348015197332135
33	59	0.002134801519733203
3	57	0.002134801519733198
57	62	0.0021348015197331857
3	33	0.0021348015197331822
57	59	0.0021348015197331736
17	62	0.00213480151973317
1	33	0.002134801519733132
17	59	0.0021348015197331215
47	60	0.0021348015197330695
47	59	0.002134801519733066
15	57	0.0021348015197330157
57	60	0.002134801519732995
15	58	0.0021348015197329533
15	47	0.0021348015197329203
15	17	0.0021348015197328544
15	33	0.002134801519732832
24	42	0.001349753806593509
2	26	0.0013497538065933672
39	54	0.0013497538065933635
21	42	0.0013497538065933628
13	14	0.0013497538065933533
21	61	0.001349753806593353
2	28	0.0013497538065933513
13	52	0.0013497538065933424
2	32	0.0013497538065933364
29	52	0.001349753806593332
13	42	0.0013497538065933281
35	37	0.0013497538065933273
13	61	0.0013497538065933182
34	50	0.0013497538065933169
34	54	0.001349753806593313
35	54	0.001349753806593312
29	61	0.0013497538065933097
24	61	0.0013497538065932956
22	37	0.0013497538065932913
10	42	0.0013497538065932913
22	38	0.0013497538065932908
7	52	0.0013497538065932856
12	25	0.0013497538065932843
22	39	0.0013497538065932776
22	54	0.0013497538065932765
7	42	0.0013497538065932726
11	37	0.0013497538065932635
22	50	0.0013497538065932633
12	23	0.001349753806593263
11	50	0.0013497538065932514
23	35	0.0013497538065932492
11	39	0.0013497538065932483
11	32	0.0013497538065932381
25	37	0.001349753806593238
28	38	0.0013497538065932362
2	24	0.0013497538065932362
12	21	0.001349753806593236
13	16	0.0013497538065932358
28	53	0.0013497538065932336
7	49	0.0013497538065932303
11	28	0.0013497538065932284
28	35	0.0013497538065932253
25	39	0.001349753806593224
25	54	0.0013497538065932232
12	18	0.0013497538065932206
23	39	0.0013497538065932204
24	52	0.001349753806593219
29	42	0.0013497538065932184
2	29	0.0013497538065932184
26	44	0.0013497538065932167
12	22	0.0013497538065932132
25	44	0.0013497538065932115
28	37	0.0013497538065932104
39	50	0.0013497538065932102
25	43	0.001349753806593208
25	46	0.0013497538065932071
9	49	0.0013497538065932045
26	51	0.0013497538065932037
27	38	0.0013497538065932026
2	11	0.001349753806593201
26	48	0.001349753806593198
21	52	0.0013497538065931972
27	35	0.0013497538065931954
25	53	0.0013497538065931954
28	54	0.0013497538065931954
25	56	0.001349753806593195
25	51	0.001349753806593195
28	34	0.0013497538065931928
26	43	0.001349753806593192
12	27	0.0013497538065931907
26	46	0.0013497538065931907
25	48	0.0013497538065931896
6	32	0.0013497538065931883
25	35	0.0013497538065931868
25	50	0.0013497538065931863
2	13	0.0013497538065931844
7	55	0.0013497538065931824
27	48	0.001349753806593182
9	55	0.0013497538065931815
25	34	0.0013497538065931807
39	56	0.0013497538065931776
23	37	0.0013497538065931768
23	38	0.0013497538065931763
11	43	0.0013497538065931746
11	44	0.0013497538065931746
11	46	0.0013497538065931735
11	13	0.0013497538065931724
12	26	0.0013497538065931718
11	51	0.001349753806593169
23	50	0.0013497538065931662
11	38	0.0013497538065931625
23	54	0.001349753806593162
6	21	0.0013497538065931616
23	34	0.0013497538065931594
10	61	0.0013497538065931594
11	48	0.001349753806593156
27	39	0.0013497538065931525
11	35	0.001349753806593152
14	22	0.001349753806593152
27	34	0.001349753806593149
32	52	0.001349753806593149
11	54	0.0013497538065931484
11	34	0.0013497538065931458
2	12	0.0013497538065931438
34	53	0.001349753806593143
34	56	0.0013497538065931425
39	53	0.0013497538065931414
21	44	0.00134975380659314
24	37	0.0013497538065931395
34	48	0.0013497538065931386
46	49	0.0013497538065931382
32	42	0.0013497538065931373
24	56	0.0013497538065931364
27	46	0.0013497538065931364
49	54	0.0013497538065931312
24	48	0.0013497538065931306
6	38	0.0013497538065931295
7	51	0.0013497538065931295
29	49	0.0013497538065931293
26	34	0.001349753806593129
24	50	0.0013497538065931286
24	35	0.0013497538065931282
29	44	0.0013497538065931278
32	61	0.0013497538065931273
29	46	0.0013497538065931265
6	23	0.0013497538065931258
24	39	0.0013497538065931256
24	54	0.0013497538065931247
6	22	0.0013497538065931243
27	51	0.0013497538065931243
27	53	0.001349753806593123
27	56	0.0013497538065931226
21	48	0.0013497538065931213
11	52	0.0013497538065931213
7	43	0.0013497538065931213
7	18	0.0013497538065931206
7	46	0.00134975380659312
11	29	0.0013497538065931178
29	51	0.0013497538065931148
29	43	0.0013497538065931148
29	53	0.001349753806593114
29	56	0.0013497538065931137
6	34	0.0013497538065931126
29	48	0.0013497538065931091
29	50	0.0013497538065931083
29	35	0.0013497538065931078
6	50	0.001349753806593107
29	39	0.0013497538065931052
29	54	0.0013497538065931041
7	48	0.0013497538065931026
6	39	0.0013497538065931017
49	56	0.0013497538065931017
26	53	0.0013497538065931013
26	56	0.001349753806593101
22	43	0.0013497538065931009
21	53	0.0013497538065931
48	50	0.0013497538065930987
27	43	0.0013497538065930978
27	44	0.0013497538065930978
6	35	0.0013497538065930965
48	54	0.0013497538065930948
28	43	0.001349753806593092
35	46	0.0013497538065930896
7	53	0.0013497538065930883
22	51	0.001349753806593088
22	53	0.001349753806593087
22	56	0.0013497538065930866
22	44	0.0013497538065930827
22	46	0.0013497538065930818
10	26	0.0013497538065930805
24	34	0.0013497538065930794
7	25	0.0013497538065930788
35	43	0.001349753806593078
35	44	0.001349753806593078
10	21	0.0013497538065930775
25	38	0.0013497538065930768
28	42	0.0013497538065930762
11	24	0.0013497538065930736
52	53	0.0013497538065930731
22	35	0.0013497538065930727
11	14	0.001349753806593072
22	34	0.0013497538065930666
28	61	0.0013497538065930662
35	51	0.0013497538065930649
6	51	0.0013497538065930649
23	26	0.0013497538065930647
10	18	0.0013497538065930645
6	55	0.001349753806593063
35	56	0.0013497538065930623
6	61	0.0013497538065930612
44	61	0.001349753806593059
10	27	0.0013497538065930588
7	28	0.0013497538065930577
11	26	0.001349753806593057
6	42	0.001349753806593057
52	56	0.001349753806593051
24	44	0.0013497538065930497
16	21	0.0013497538065930497
7	27	0.0013497538065930488
24	46	0.0013497538065930488
24	43	0.0013497538065930488
38	43	0.0013497538065930488
38	44	0.0013497538065930488
10	22	0.0013497538065930482
38	46	0.001349753806593048
38	51	0.0013497538065930456
26	37	0.001349753806593045
10	25	0.001349753806593044
26	38	0.001349753806593044
6	52	0.001349753806593044
27	37	0.0013497538065930432
39	51	0.001349753806593042
2	55	0.0013497538065930415
16	27	0.0013497538065930413
52	54	0.0013497538065930393
24	51	0.0013497538065930367
7	22	0.0013497538065930367
39	48	0.0013497538065930365
16	22	0.0013497538065930363
29	37	0.0013497538065930358
29	38	0.001349753806593035
9	18	0.0013497538065930345
24	53	0.0013497538065930343
26	50	0.001349753806593034
35	48	0.001349753806593034
14	43	0.001349753806593034
23	53	0.0013497538065930337
23	51	0.0013497538065930334
26	35	0.0013497538065930334
23	56	0.0013497538065930332
27	50	0.0013497538065930324
16	32	0.0013497538065930317
26	39	0.001349753806593031
38	48	0.0013497538065930306
26	54	0.00134975380659303
50	55	0.0013497538065930298
27	54	0.0013497538065930285
21	37	0.0013497538065930276
49	55	0.0013497538065930272
50	53	0.001349753806593027
23	55	0.0013497538065930267
53	61	0.001349753806593025
23	25	0.001349753806593024
9	23	0.0013497538065930237
27	52	0.0013497538065930235
54	56	0.0013497538065930224
28	46	0.0013497538065930224
55	56	0.0013497538065930215
12	43	0.0013497538065930213
7	32	0.001349753806593021
10	23	0.0013497538065930207
12	46	0.0013497538065930202
43	61	0.0013497538065930196
16	55	0.0013497538065930187
46	61	0.0013497538065930185
29	34	0.001349753806593018
21	23	0.001349753806593017
21	50	0.0013497538065930167
21	35	0.0013497538065930163
9	26	0.0013497538065930144
6	49	0.0013497538065930144
9	32	0.0013497538065930137
18	56	0.0013497538065930126
28	50	0.0013497538065930118
18	38	0.0013497538065930115
2	22	0.0013497538065930115
16	43	0.0013497538065930115
16	44	0.0013497538065930115
10	16	0.0013497538065930111
16	46	0.0013497538065930105
21	34	0.0013497538065930098
28	44	0.0013497538065930096
42	52	0.0013497538065930096
6	18	0.0013497538065930094
12	53	0.001349753806593009
28	39	0.0013497538065930087
6	28	0.001349753806593007
10	43	0.001349753806593006
50	56	0.001349753806593005
16	25	0.001349753806593005
10	46	0.001349753806593005
6	37	0.0013497538065930033
12	48	0.0013497538065930029
2	10	0.0013497538065930024
6	27	0.001349753806593002
34	38	0.0013497538065930005
35	53	0.0013497538065930003
22	32	0.0013497538065930003
7	61	0.0013497538065929998
2	16	0.0013497538065929994
7	21	0.0013497538065929972
28	51	0.0013497538065929968
14	18	0.0013497538065929968
14	48	0.0013497538065929964
6	24	0.001349753806592996
14	25	0.0013497538065929957
16	29	0.0013497538065929955
14	21	0.0013497538065929948
18	34	0.0013497538065929946
28	56	0.0013497538065929942
24	32	0.0013497538065929942
37	43	0.0013497538065929938
10	44	0.0013497538065929938
50	54	0.0013497538065929933
9	25	0.0013497538065929933
6	25	0.001349753806592993
6	26	0.001349753806592993
27	42	0.001349753806592993
10	51	0.001349753806592993
10	53	0.0013497538065929927
38	50	0.0013497538065929925
16	23	0.0013497538065929922
48	55	0.0013497538065929907
34	35	0.0013497538065929899
16	24	0.0013497538065929899
22	52	0.001349753806592989
14	16	0.0013497538065929888
38	54	0.0013497538065929886
6	54	0.0013497538065929883
12	52	0.0013497538065929877
44	52	0.001349753806592986
12	51	0.001349753806592984
11	55	0.0013497538065929836
34	37	0.001349753806592983
10	48	0.0013497538065929827
21	43	0.0013497538065929825
14	27	0.001349753806592982
11	23	0.0013497538065929818
37	38	0.0013497538065929816
21	46	0.0013497538065929814
37	51	0.0013497538065929808
10	52	0.0013497538065929805
10	56	0.0013497538065929803
11	53	0.00134975380659298
11	56	0.0013497538065929797
2	14	0.0013497538065929781
27	61	0.0013497538065929764
21	51	0.001349753806592976
35	39	0.0013497538065929755
39	43	0.0013497538065929747
39	44	0.0013497538065929747
2	25	0.0013497538065929747
22	48	0.0013497538065929738
18	42	0.0013497538065929738
18	53	0.0013497538065929725
37	50	0.0013497538065929716
6	56	0.001349753806592971
18	61	0.001349753806592971
21	27	0.0013497538065929708
12	42	0.0013497538065929706
16	26	0.00134975380659297
34	39	0.001349753806592969
10	28	0.0013497538065929682
12	38	0.0013497538065929664
42	56	0.0013497538065929664
18	52	0.0013497538065929664
49	52	0.0013497538065929656
12	61	0.0013497538065929643
51	52	0.0013497538065929643
21	38	0.0013497538065929638
37	54	0.0013497538065929636
11	27	0.0013497538065929628
13	55	0.0013497538065929625
32	55	0.001349753806592962
14	37	0.0013497538065929617
14	38	0.0013497538065929612
2	9	0.0013497538065929612
46	50	0.00134975380659296
22	28	0.0013497538065929595
27	32	0.001349753806592959
48	52	0.0013497538065929589
10	13	0.0013497538065929586
24	38	0.0013497538065929571
34	43	0.001349753806592957
18	55	0.0013497538065929567
7	26	0.0013497538065929565
29	55	0.0013497538065929562
23	32	0.001349753806592956
6	53	0.0013497538065929543
32	49	0.0013497538065929539
7	23	0.0013497538065929536
10	14	0.0013497538065929534
16	51	0.0013497538065929517
14	50	0.001349753806592951
21	39	0.0013497538065929508
11	49	0.0013497538065929504
37	44	0.0013497538065929504
7	54	0.00134975380659295
37	46	0.0013497538065929493
14	49	0.0013497538065929487
48	51	0.0013497538065929478
7	34	0.0013497538065929474
9	24	0.0013497538065929474
14	54	0.001349753806592947
48	53	0.0013497538065929467
6	9	0.0013497538065929467
16	48	0.001349753806592946
9	16	0.0013497538065929458
7	56	0.0013497538065929456
49	61	0.0013497538065929456
14	56	0.0013497538065929452
12	37	0.0013497538065929445
18	50	0.0013497538065929443
14	34	0.0013497538065929443
22	29	0.0013497538065929439
34	46	0.0013497538065929439
21	56	0.0013497538065929437
35	49	0.0013497538065929432
2	49	0.0013497538065929432
42	54	0.0013497538065929417
18	26	0.0013497538065929404
14	51	0.0013497538065929398
7	29	0.0013497538065929396
7	35	0.0013497538065929393
12	28	0.0013497538065929383
22	24	0.001349753806592938
18	21	0.0013497538065929378
16	18	0.0013497538065929374
12	29	0.0013497538065929372
49	50	0.0013497538065929372
22	23	0.0013497538065929365
43	56	0.001349753806592936
12	50	0.0013497538065929359
7	50	0.0013497538065929352
50	61	0.0013497538065929348
22	26	0.0013497538065929346
16	49	0.0013497538065929341
35	61	0.001349753806592934
22	27	0.001349753806592933
12	35	0.001349753806592933
43	46	0.0013497538065929328
7	39	0.0013497538065929322
6	43	0.0013497538065929322
9	29	0.001349753806592932
12	54	0.0013497538065929317
34	44	0.0013497538065929317
7	37	0.0013497538065929313
12	39	0.0013497538065929307
51	53	0.0013497538065929302
14	28	0.00134975380659293
12	34	0.0013497538065929291
49	53	0.0013497538065929283
14	55	0.0013497538065929283
12	24	0.0013497538065929278
14	26	0.0013497538065929276
49	51	0.0013497538065929268
37	39	0.0013497538065929265
28	52	0.0013497538065929265
50	51	0.001349753806592926
9	42	0.0013497538065929246
39	55	0.0013497538065929242
56	61	0.0013497538065929235
24	27	0.0013497538065929229
42	53	0.0013497538065929218
22	25	0.0013497538065929216
2	21	0.001349753806592921
34	55	0.0013497538065929205
18	29	0.00134975380659292
46	55	0.00134975380659292
42	51	0.00134975380659292
27	55	0.0013497538065929187
48	49	0.0013497538065929187
42	61	0.0013497538065929183
12	55	0.0013497538065929174
42	48	0.0013497538065929148
44	49	0.0013497538065929135
23	27	0.0013497538065929118
22	42	0.0013497538065929116
53	55	0.0013497538065929105
7	16	0.00134975380659291
21	54	0.001349753806592909
48	56	0.0013497538065929083
7	24	0.0013497538065929083
14	53	0.001349753806592908
43	55	0.0013497538065929077
10	29	0.0013497538065929075
46	53	0.0013497538065929066
43	51	0.0013497538065929066
46	56	0.0013497538065929062
32	54	0.0013497538065929062
18	54	0.0013497538065929055
44	55	0.0013497538065929055
18	28	0.0013497538065929046
9	12	0.0013497538065929044
14	39	0.0013497538065929033
11	12	0.001349753806592902
51	54	0.001349753806592902
37	55	0.001349753806592902
22	61	0.0013497538065929018
43	48	0.0013497538065929012
9	13	0.0013497538065929005
18	25	0.0013497538065928975
37	53	0.0013497538065928973
51	56	0.0013497538065928968
37	56	0.0013497538065928968
12	44	0.001349753806592896
37	48	0.0013497538065928953
10	12	0.0013497538065928953
53	56	0.0013497538065928953
6	44	0.0013497538065928949
14	23	0.0013497538065928936
27	28	0.0013497538065928923
23	29	0.0013497538065928918
42	50	0.0013497538065928918
26	32	0.0013497538065928916
6	29	0.0013497538065928914
18	24	0.001349753806592891
11	21	0.0013497538065928897
16	37	0.0013497538065928892
22	55	0.0013497538065928888
23	42	0.0013497538065928886
18	37	0.0013497538065928884
16	38	0.0013497538065928884
23	43	0.0013497538065928875
23	44	0.0013497538065928875
23	46	0.0013497538065928866
12	32	0.0013497538065928866
25	27	0.0013497538065928853
7	38	0.001349753806592885
2	27	0.0013497538065928845
23	52	0.0013497538065928827
16	35	0.0013497538065928827
12	56	0.0013497538065928819
32	43	0.0013497538065928812
32	44	0.0013497538065928812
24	25	0.0013497538065928806
44	50	0.0013497538065928806
51	61	0.0013497538065928804
11	18	0.0013497538065928801
43	52	0.0013497538065928797
23	61	0.0013497538065928788
21	55	0.0013497538065928786
46	52	0.0013497538065928786
16	50	0.0013497538065928784
7	44	0.001349753806592878
18	35	0.0013497538065928769
2	23	0.0013497538065928767
44	54	0.0013497538065928765
16	39	0.0013497538065928754
16	28	0.0013497538065928754
48	61	0.001349753806592875
11	61	0.0013497538065928747
18	39	0.0013497538065928745
16	54	0.0013497538065928743
13	18	0.0013497538065928738
11	42	0.0013497538065928732
2	18	0.0013497538065928725
16	34	0.0013497538065928717
28	48	0.0013497538065928715
14	44	0.0013497538065928715
9	61	0.0013497538065928715
38	53	0.0013497538065928706
27	29	0.0013497538065928693
23	48	0.0013497538065928693
24	26	0.0013497538065928689
44	53	0.0013497538065928686
44	56	0.0013497538065928684
18	32	0.0013497538065928656
18	48	0.0013497538065928654
18	43	0.0013497538065928654
18	44	0.0013497538065928654
35	42	0.0013497538065928654
18	46	0.001349753806592864
53	54	0.0013497538065928632
39	42	0.0013497538065928628
25	61	0.0013497538065928624
10	54	0.0013497538065928624
52	55	0.0013497538065928624
34	51	0.0013497538065928606
10	55	0.0013497538065928606
9	22	0.0013497538065928585
39	49	0.0013497538065928559
18	22	0.001349753806592855
10	37	0.0013497538065928537
39	61	0.001349753806592853
2	7	0.0013497538065928526
14	24	0.0013497538065928522
38	55	0.001349753806592852
34	49	0.001349753806592852
6	16	0.0013497538065928515
39	46	0.0013497538065928513
23	28	0.001349753806592851
11	22	0.0013497538065928506
37	49	0.0013497538065928504
42	49	0.0013497538065928493
12	16	0.0013497538065928491
21	25	0.001349753806592848
21	49	0.0013497538065928478
21	22	0.0013497538065928472
43	49	0.001349753806592845
22	49	0.0013497538065928446
9	44	0.001349753806592844
43	44	0.0013497538065928437
10	35	0.0013497538065928424
2	54	0.0013497538065928415
52	61	0.001349753806592841
10	38	0.0013497538065928409
28	29	0.0013497538065928405
21	32	0.0013497538065928405
50	52	0.0013497538065928396
14	29	0.0013497538065928385
10	34	0.0013497538065928363
25	55	0.001349753806592836
39	52	0.0013497538065928342
55	61	0.0013497538065928342
11	16	0.0013497538065928333
10	50	0.0013497538065928307
10	24	0.0013497538065928305
6	14	0.0013497538065928305
38	61	0.0013497538065928303
32	37	0.00134975380659283
32	38	0.0013497538065928294
6	46	0.001349753806592829
13	51	0.001349753806592829
10	39	0.0013497538065928277
38	49	0.0013497538065928255
29	32	0.001349753806592824
23	49	0.0013497538065928233
26	28	0.0013497538065928227
9	21	0.0013497538065928227
9	28	0.001349753806592822
14	46	0.0013497538065928181
14	52	0.0013497538065928168
9	54	0.001349753806592815
14	35	0.0013497538065928147
13	53	0.0013497538065928134
25	42	0.001349753806592813
13	56	0.001349753806592813
2	46	0.001349753806592813
16	52	0.001349753806592812
38	39	0.0013497538065928116
6	48	0.0013497538065928116
26	49	0.00134975380659281
34	52	0.0013497538065928092
26	42	0.0013497538065928077
51	55	0.001349753806592807
18	51	0.0013497538065928068
26	55	0.0013497538065928066
12	13	0.0013497538065928051
2	35	0.001349753806592805
16	61	0.0013497538065928045
32	51	0.0013497538065928034
43	53	0.0013497538065928027
32	53	0.0013497538065928025
32	56	0.001349753806592802
25	26	0.0013497538065928008
34	61	0.0013497538065928003
6	12	0.001349753806592798
26	61	0.001349753806592798
34	42	0.0013497538065927977
32	48	0.0013497538065927977
12	49	0.0013497538065927973
35	52	0.001349753806592796
42	55	0.001349753806592796
38	42	0.0013497538065927958
32	46	0.0013497538065927951
2	51	0.0013497538065927951
21	24	0.0013497538065927947
21	26	0.0013497538065927925
54	61	0.0013497538065927925
38	52	0.001349753806592792
13	27	0.0013497538065927908
54	55	0.0013497538065927886
18	27	0.001349753806592787
13	28	0.0013497538065927867
10	11	0.0013497538065927856
42	46	0.0013497538065927847
2	6	0.0013497538065927845
46	51	0.0013497538065927843
13	26	0.0013497538065927839
13	43	0.001349753806592783
13	44	0.001349753806592783
13	23	0.0013497538065927828
23	24	0.001349753806592782
21	29	0.0013497538065927817
13	46	0.0013497538065927817
16	42	0.0013497538065927813
12	14	0.0013497538065927808
7	14	0.00134975380659278
46	48	0.001349753806592779
6	13	0.0013497538065927782
38	56	0.0013497538065927756
2	53	0.0013497538065927743
11	25	0.001349753806592773
42	43	0.0013497538065927717
42	44	0.0013497538065927717
6	7	0.0013497538065927672
27	49	0.0013497538065927648
13	48	0.0013497538065927643
18	23	0.0013497538065927628
28	55	0.0013497538065927622
44	46	0.0013497538065927594
28	49	0.0013497538065927587
26	29	0.0013497538065927578
21	28	0.0013497538065927557
13	21	0.0013497538065927552
13	49	0.0013497538065927546
25	29	0.001349753806592754
9	27	0.001349753806592753
2	56	0.001349753806592753
9	35	0.0013497538065927492
9	56	0.0013497538065927487
13	37	0.0013497538065927483
44	51	0.0013497538065927474
13	38	0.0013497538065927474
2	37	0.001349753806592747
9	38	0.0013497538065927461
35	38	0.0013497538065927453
2	44	0.0013497538065927448
18	49	0.0013497538065927446
2	48	0.0013497538065927427
2	38	0.0013497538065927422
44	48	0.001349753806592742
24	29	0.0013497538065927414
24	49	0.0013497538065927414
35	55	0.001349753806592741
13	25	0.0013497538065927383
9	14	0.0013497538065927383
13	22	0.0013497538065927379
9	50	0.001349753806592736
35	50	0.0013497538065927353
13	39	0.0013497538065927344
2	43	0.0013497538065927344
16	53	0.0013497538065927338
16	56	0.0013497538065927333
9	39	0.001349753806592733
10	32	0.001349753806592731
37	61	0.0013497538065927299
25	49	0.0013497538065927275
2	34	0.0013497538065927275
13	35	0.0013497538065927247
7	11	0.0013497538065927231
26	27	0.0013497538065927201
43	50	0.0013497538065927132
9	52	0.0013497538065927114
13	24	0.0013497538065927101
13	29	0.0013497538065927097
43	54	0.001349753806592709
24	28	0.0013497538065926997
7	12	0.0013497538065926871
7	13	0.0013497538065926835
6	10	0.0013497538065926785
28	32	0.0013497538065926785
9	11	0.0013497538065926774
14	32	0.001349753806592675
10	49	0.001349753806592671
14	61	0.0013497538065926685
2	42	0.0013497538065926672
25	52	0.001349753806592664
25	32	0.001349753806592659
14	42	0.0013497538065926566
2	50	0.0013497538065926564
6	11	0.0013497538065926542
26	52	0.0013497538065926542
2	39	0.0013497538065926533
7	10	0.0013497538065926486
2	61	0.001349753806592645
9	37	0.0013497538065926414
9	53	0.0013497538065926394
13	32	0.0013497538065926377
32	50	0.0013497538065926306
2	52	0.0013497538065926303
32	35	0.0013497538065926301
32	39	0.0013497538065926277
9	10	0.0013497538065926247
9	34	0.0013497538065926238
24	55	0.0013497538065926212
32	34	0.001349753806592619
9	51	0.001349753806592615
9	43	0.001349753806592615
9	46	0.0013497538065926139
37	42	0.0013497538065926117
7	9	0.0013497538065926026
9	48	0.0013497538065925965
25	28	0.0013497538065925883
13	50	0.0013497538065925848
13	54	0.0013497538065925805
13	34	0.0013497538065925779
46	54	0.0013497538065925688
37	52	0.001349753806592446
31	45	-0.0005544765078108228
19	45	-0.000554476507811031
13	41	-0.0008215755308892726
18	41	-0.0008215755308895066
2	41	-0.000821575530889602
9	41	-0.000821575530889644
10	41	-0.000821575530889684
21	41	-0.0008215755308896913
23	41	-0.0008215755308897
22	41	-0.0008215755308897052
38	41	-0.0008215755308897106
32	41	-0.0008215755308897334
16	41	-0.0008215755308897395
41	52	-0.0008215755308897729
11	41	-0.0008215755308897904
41	49	-0.0008215755308897913
41	53	-0.0008215755308897958
41	56	-0.0008215755308897967
29	41	-0.0008215755308898175
41	55	-0.0008215755308898431
41	61	-0.0008215755308898453
37	41	-0.0008215755308898487
41	42	-0.0008215755308898576
28	41	-0.0008215755308899056
12	41	-0.000821575530889911
7	41	-0.0008215755308899283
41	43	-0.0008215755308899311
41	44	-0.0008215755308899311
41	46	-0.0008215755308899337
27	41	-0.0008215755308899591
41	51	-0.0008215755308899624
14	41	-0.0008215755308899628
6	41	-0.0008215755308899741
41	48	-0.0008215755308899758
35	41	-0.000821575530889984
34	41	-0.000821575530890001
39	41	-0.0008215755308900344
24	41	-0.0008215755308900591
25	41	-0.000821575530890104
41	50	-0.0008215755308901168
26	41	-0.0008215755308901204
41	54	-0.0008215755308901267
6	8	-0.0012806347124968294
7	8	-0.001280634712496976
8	26	-0.0012806347124970016
8	9	-0.0012806347124970261
8	13	-0.0012806347124970285
8	11	-0.0012806347124970302
8	55	-0.0012806347124970812
8	12	-0.0012806347124971087
8	32	-0.0012806347124971178
2	8	-0.0012806347124971243
8	28	-0.0012806347124971374
8	52	-0.0012806347124971625
8	61	-0.0012806347124971681
8	24	-0.0012806347124971727
8	29	-0.0012806347124971738
8	10	-0.0012806347124971812
8	14	-0.0012806347124972063
8	49	-0.001280634712497219
8	48	-0.0012806347124972362
8	42	-0.0012806347124972488
8	22	-0.001280634712497261
8	16	-0.001280634712497283
8	27	-0.0012806347124972865
8	51	-0.001280634712497292
8	18	-0.0012806347124972993
8	44	-0.0012806347124973071
8	21	-0.0012806347124973212
8	23	-0.0012806347124973794
8	43	-0.0012806347124973867
8	25	-0.0012806347124974002
8	46	-0.0012806347124974572
8	34	-0.0012806347124974826
8	37	-0.0012806347124974925
8	53	-0.0012806347124974977
8	38	-0.0012806347124975108
8	56	-0.0012806347124975238
8	50	-0.0012806347124975268
8	35	-0.0012806347124975298
8	39	-0.0012806347124975368
8	54	-0.0012806347124975576
9	45	-0.0014011104720440335
45	52	-0.001401110472044123
26	45	-0.0014011104720441385
45	55	-0.001401110472044153
16	45	-0.0014011104720441645
45	61	-0.001401110472044198
45	54	-0.0014011104720442118
12	45	-0.001401110472044294
14	45	-0.001401110472044298
6	45	-0.001401110472044307
13	45	-0.001401110472044307
23	45	-0.001401110472044326
32	45	-0.0014011104720443304
45	46	-0.00140111047204434
45	49	-0.0014011104720443475
18	45	-0.0014011104720443638
45	51	-0.001401110472044375
45	50	-0.0014011104720443965
45	48	-0.001401110472044426
24	45	-0.0014011104720444553
22	45	-0.001401110472044464
11	45	-0.0014011104720444768
10	45	-0.0014011104720444835
38	45	-0.0014011104720444978
34	45	-0.0014011104720444987
21	45	-0.0014011104720445273
42	45	-0.001401110472044536
7	45	-0.0014011104720445622
45	53	-0.001401110472044568
45	56	-0.0014011104720445693
28	45	-0.0014011104720445928
37	45	-0.001401110472044604
39	45	-0.0014011104720446175
43	45	-0.0014011104720446403
2	45	-0.001401110472044641
44	45	-0.0014011104720446548
29	45	-0.0014011104720446565
35	45	-0.0014011104720446674
27	45	-0.0014011104720447018
25	45	-0.0014011104720448857
9	60	-0.0018568675713036948
3	14	-0.0018568675713036985
15	53	-0.0018568675713037065
15	56	-0.0018568675713037078
4	9	-0.0018568675713037804
15	32	-0.0018568675713037817
1	61	-0.0018568675713037976
15	46	-0.0018568675713038008
9	15	-0.0018568675713038227
15	22	-0.0018568675713038414
15	43	-0.0018568675713038455
15	44	-0.0018568675713038455
2	4	-0.0018568675713038466
52	59	-0.0018568675713038604
4	13	-0.001856867571303876
20	42	-0.0018568675713038787
2	15	-0.0018568675713038826
15	51	-0.0018568675713038845
20	61	-0.0018568675713038856
15	49	-0.0018568675713038928
15	21	-0.0018568675713038951
9	59	-0.0018568675713038951
15	42	-0.0018568675713039003
15	48	-0.0018568675713039014
15	37	-0.0018568675713039023
20	37	-0.001856867571303904
20	38	-0.0018568675713039062
30	55	-0.0018568675713039123
1	37	-0.0018568675713039138
30	32	-0.0018568675713039194
15	27	-0.0018568675713039212
1	32	-0.001856867571303923
3	38	-0.0018568675713039257
4	55	-0.0018568675713039268
3	13	-0.0018568675713039292
32	62	-0.0018568675713039342
15	50	-0.0018568675713039348
4	14	-0.0018568675713039374
15	61	-0.0018568675713039411
20	39	-0.001856867571303946
12	62	-0.0018568675713039487
4	25	-0.0018568675713039496
1	46	-0.0018568675713039541
3	9	-0.001856867571303955
15	34	-0.0018568675713039556
20	34	-0.0018568675713039574
16	62	-0.0018568675713039574
20	35	-0.0018568675713039621
3	25	-0.0018568675713039658
3	10	-0.00185686757130397
49	60	-0.001856867571303971
4	18	-0.0018568675713039717
1	50	-0.0018568675713039743
13	60	-0.0018568675713039754
3	18	-0.0018568675713039795
48	59	-0.0018568675713039795
1	39	-0.0018568675713039834
1	9	-0.0018568675713039836
18	62	-0.001856867571303988
10	60	-0.001856867571303991
44	60	-0.001856867571303993
2	59	-0.0018568675713039934
1	44	-0.001856867571303997
20	52	-0.0018568675713039986
9	20	-0.0018568675713039994
9	30	-0.0018568675713040012
15	18	-0.0018568675713040033
53	60	-0.0018568675713040044
3	37	-0.001856867571304005
55	60	-0.001856867571304006
1	48	-0.001856867571304007
1	10	-0.0018568675713040114
49	59	-0.0018568675713040122
23	60	-0.0018568675713040135
4	26	-0.0018568675713040153
13	59	-0.0018568675713040196
1	35	-0.0018568675713040211
14	62	-0.0018568675713040283
1	54	-0.001856867571304032
1	6	-0.0018568675713040335
28	60	-0.0018568675713040365
3	39	-0.0018568675713040393
7	62	-0.0018568675713040396
15	28	-0.0018568675713040402
3	34	-0.0018568675713040413
4	37	-0.0018568675713040445
4	49	-0.0018568675713040445
18	30	-0.0018568675713040482
13	30	-0.0018568675713040521
3	49	-0.001856867571304053
7	20	-0.0018568675713040534
2	20	-0.0018568675713040543
4	38	-0.0018568675713040545
3	55	-0.0018568675713040547
15	23	-0.0018568675713040558
55	59	-0.0018568675713040586
3	35	-0.0018568675713040595
4	23	-0.0018568675713040617
15	38	-0.0018568675713040621
56	59	-0.0018568675713040621
1	34	-0.0018568675713040623
1	53	-0.0018568675713040686
1	51	-0.00185686757130407
4	29	-0.0018568675713040704
3	54	-0.0018568675713040704
50	59	-0.0018568675713040706
10	20	-0.0018568675713040717
53	59	-0.0018568675713040734
1	55	-0.0018568675713040756
56	60	-0.0018568675713040764
21	62	-0.0018568675713040766
46	60	-0.0018568675713040799
23	59	-0.0018568675713040808
3	21	-0.0018568675713040825
2	62	-0.001856867571304084
4	50	-0.0018568675713040849
42	62	-0.001856867571304085
1	49	-0.0018568675713040864
10	30	-0.0018568675713040873
3	51	-0.0018568675713040907
4	39	-0.0018568675713040944
3	50	-0.0018568675713040946
20	43	-0.0018568675713040946
20	44	-0.0018568675713040946
20	46	-0.001856867571304098
15	39	-0.001856867571304102
2	30	-0.0018568675713041035
3	12	-0.0018568675713041044
15	54	-0.001856867571304105
7	30	-0.0018568675713041076
4	12	-0.001856867571304108
4	21	-0.001856867571304108
3	27	-0.0018568675713041085
25	30	-0.001856867571304109
3	32	-0.0018568675713041135
20	54	-0.001856867571304114
3	61	-0.0018568675713041142
52	62	-0.0018568675713041142
56	62	-0.001856867571304115
4	32	-0.001856867571304116
1	2	-0.0018568675713041165
15	35	-0.0018568675713041168
12	30	-0.0018568675713041172
4	10	-0.0018568675713041178
14	15	-0.001856867571304119
1	42	-0.001856867571304119
35	60	-0.00185686757130412
13	15	-0.001856867571304121
15	24	-0.0018568675713041228
28	59	-0.0018568675713041256
3	42	-0.001856867571304129
1	11	-0.0018568675713041293
4	43	-0.0018568675713041293
16	30	-0.0018568675713041302
34	59	-0.0018568675713041308
16	60	-0.0018568675713041315
42	60	-0.0018568675713041315
4	46	-0.0018568675713041324
3	23	-0.0018568675713041332
26	30	-0.0018568675713041339
13	62	-0.001856867571304134
1	14	-0.0018568675713041343
20	56	-0.0018568675713041371
29	59	-0.0018568675713041415
39	59	-0.0018568675713041428
24	59	-0.0018568675713041436
44	62	-0.0018568675713041445
30	49	-0.0018568675713041454
20	48	-0.001856867571304151
34	60	-0.001856867571304152
20	50	-0.0018568675713041564
10	62	-0.0018568675713041569
4	24	-0.0018568675713041601
12	20	-0.0018568675713041623
2	60	-0.0018568675713041623
15	25	-0.0018568675713041636
20	55	-0.001856867571304165
11	60	-0.0018568675713041655
3	28	-0.0018568675713041655
43	60	-0.0018568675713041662
1	28	-0.001856867571304167
4	51	-0.0018568675713041684
1	43	-0.0018568675713041692
28	62	-0.0018568675713041694
3	29	-0.0018568675713041718
3	24	-0.0018568675713041723
4	27	-0.001856867571304174
22	60	-0.00185686757130418
3	44	-0.0018568675713041822
39	60	-0.0018568675713041835
49	62	-0.0018568675713041844
18	20	-0.0018568675713041853
15	52	-0.0018568675713041877
61	62	-0.0018568675713041879
1	52	-0.0018568675713041903
11	62	-0.0018568675713041907
14	30	-0.0018568675713041953
51	60	-0.001856867571304196
51	59	-0.0018568675713041966
9	62	-0.0018568675713041987
4	35	-0.0018568675713041994
20	51	-0.0018568675713042
4	42	-0.0018568675713042018
1	21	-0.0018568675713042028
10	15	-0.0018568675713042048
22	62	-0.001856867571304206
42	59	-0.001856867571304207
3	22	-0.0018568675713042074
25	59	-0.0018568675713042087
3	43	-0.001856867571304209
1	23	-0.0018568675713042091
53	62	-0.0018568675713042091
4	44	-0.0018568675713042091
4	54	-0.0018568675713042102
13	20	-0.0018568675713042102
27	59	-0.0018568675713042113
2	3	-0.0018568675713042117
4	16	-0.0018568675713042122
23	30	-0.0018568675713042143
24	62	-0.001856867571304215
54	62	-0.0018568675713042156
59	61	-0.0018568675713042165
6	20	-0.0018568675713042174
27	60	-0.0018568675713042182
32	60	-0.0018568675713042198
28	30	-0.0018568675713042204
48	60	-0.001856867571304222
32	59	-0.0018568675713042224
14	59	-0.001856867571304223
29	62	-0.0018568675713042243
3	56	-0.0018568675713042247
4	34	-0.0018568675713042263
1	13	-0.0018568675713042276
52	60	-0.0018568675713042282
50	62	-0.001856867571304229
6	30	-0.0018568675713042312
60	61	-0.0018568675713042328
4	48	-0.001856867571304233
50	60	-0.0018568675713042336
34	62	-0.0018568675713042338
1	56	-0.0018568675713042351
20	53	-0.0018568675713042351
15	26	-0.0018568675713042354
54	60	-0.001856867571304237
14	60	-0.0018568675713042373
30	43	-0.0018568675713042395
30	44	-0.0018568675713042395
15	16	-0.0018568675713042412
20	32	-0.0018568675713042412
30	46	-0.0018568675713042425
10	59	-0.0018568675713042434
11	30	-0.0018568675713042453
20	27	-0.0018568675713042462
4	7	-0.0018568675713042466
25	60	-0.00185686757130425
23	62	-0.001856867571304251
11	20	-0.0018568675713042512
4	56	-0.0018568675713042516
4	11	-0.001856867571304252
1	38	-0.0018568675713042542
30	42	-0.0018568675713042566
54	59	-0.0018568675713042568
20	21	-0.0018568675713042577
15	29	-0.001856867571304268
16	20	-0.0018568675713042681
43	62	-0.0018568675713042703
6	62	-0.001856867571304272
37	59	-0.0018568675713042729
12	15	-0.0018568675713042733
30	37	-0.0018568675713042748
37	60	-0.0018568675713042753
46	59	-0.0018568675713042766
30	38	-0.001856867571304277
30	51	-0.0018568675713042785
15	55	-0.001856867571304279
6	59	-0.0018568675713042798
1	29	-0.0018568675713042811
1	18	-0.0018568675713042813
21	30	-0.0018568675713042824
27	30	-0.0018568675713042826
1	22	-0.0018568675713042829
16	59	-0.0018568675713042842
30	61	-0.001856867571304286
3	11	-0.0018568675713042894
30	52	-0.001856867571304293
29	30	-0.0018568675713042937
26	62	-0.0018568675713042954
30	48	-0.0018568675713042954
3	46	-0.0018568675713042954
21	59	-0.001856867571304302
18	59	-0.0018568675713043043
7	60	-0.0018568675713043045
35	59	-0.0018568675713043048
20	49	-0.0018568675713043048
20	28	-0.0018568675713043063
30	50	-0.0018568675713043074
27	62	-0.0018568675713043076
12	59	-0.0018568675713043087
3	53	-0.0018568675713043089
4	6	-0.0018568675713043089
3	52	-0.0018568675713043089
38	62	-0.0018568675713043097
20	22	-0.0018568675713043154
22	30	-0.0018568675713043167
43	59	-0.0018568675713043167
44	59	-0.0018568675713043167
30	39	-0.001856867571304317
20	29	-0.0018568675713043178
38	59	-0.0018568675713043184
48	62	-0.0018568675713043188
30	54	-0.00185686757130432
14	20	-0.001856867571304325
30	34	-0.0018568675713043282
25	62	-0.001856867571304329
37	62	-0.001856867571304329
26	60	-0.0018568675713043295
1	26	-0.0018568675713043301
18	60	-0.001856867571304332
4	53	-0.0018568675713043362
46	62	-0.0018568675713043368
3	26	-0.0018568675713043388
1	7	-0.0018568675713043447
24	30	-0.0018568675713043449
21	60	-0.0018568675713043466
38	60	-0.0018568675713043475
3	48	-0.0018568675713043483
51	62	-0.0018568675713043496
1	24	-0.0018568675713043525
30	35	-0.001856867571304356
4	22	-0.0018568675713043592
3	7	-0.0018568675713043611
24	60	-0.001856867571304364
20	23	-0.0018568675713043726
4	28	-0.0018568675713043763
35	62	-0.0018568675713043785
1	12	-0.0018568675713043798
55	62	-0.0018568675713043798
7	59	-0.00185686757130438
12	60	-0.001856867571304386
3	6	-0.0018568675713043874
1	16	-0.0018568675713043887
6	15	-0.00185686757130439
20	24	-0.001856867571304393
22	59	-0.0018568675713043982
1	27	-0.0018568675713044104
39	62	-0.0018568675713044123
11	59	-0.0018568675713044169
1	25	-0.0018568675713044281
4	52	-0.001856867571304441
30	53	-0.0018568675713044464
30	56	-0.0018568675713044477
29	60	-0.001856867571304448
6	60	-0.0018568675713044557
7	15	-0.001856867571304464
3	16	-0.0018568675713044795
20	26	-0.0018568675713045023
20	25	-0.0018568675713045207
4	61	-0.001856867571304534
11	15	-0.0018568675713045374
26	59	-0.001856867571304658
32	40	-0.00288662896789759
9	40	-0.0028866289678975954
16	40	-0.0028866289678976006
40	49	-0.0028866289678976206
24	40	-0.0028866289678976488
40	55	-0.0028866289678976574
40	43	-0.002886628967897721
40	44	-0.0028866289678977255
13	40	-0.0028866289678977294
18	40	-0.0028866289678977325
37	40	-0.0028866289678977624
2	40	-0.0028866289678977967
35	40	-0.0028866289678977984
40	46	-0.0028866289678977997
40	52	-0.002886628967897806
39	40	-0.0028866289678978244
40	42	-0.002886628967897827
23	40	-0.0028866289678978357
34	40	-0.0028866289678978387
27	40	-0.0028866289678978405
40	51	-0.002886628967897845
40	53	-0.0028866289678978474
40	56	-0.0028866289678978483
40	48	-0.0028866289678978656
40	61	-0.002886628967897877
40	50	-0.0028866289678978817
10	40	-0.002886628967897883
12	40	-0.0028866289678978864
7	40	-0.0028866289678978895
40	54	-0.0028866289678979033
38	40	-0.002886628967897914
6	40	-0.0028866289678979185
14	40	-0.0028866289678979216
28	40	-0.0028866289678979463
22	40	-0.002886628967897956
26	40	-0.0028866289678979857
21	40	-0.00288662896789801
25	40	-0.0028866289678980512
11	40	-0.0028866289678980976
29	40	-0.0028866289678981206
13	36	-0.0029478308533212585
2	36	-0.00294783085332135
9	36	-0.0029478308533214914
26	36	-0.0029478308533214927
32	36	-0.0029478308533214927
36	49	-0.0029478308533215664
36	43	-0.0029478308533215716
36	44	-0.0029478308533215716
36	46	-0.002947830853321577
36	38	-0.0029478308533215777
36	55	-0.0029478308533216063
18	36	-0.0029478308533216237
36	37	-0.0029478308533216315
36	51	-0.0029478308533216384
6	36	-0.0029478308533216406
36	48	-0.002947830853321666
14	36	-0.002947830853321677
35	36	-0.002947830853321679
36	50	-0.002947830853321687
16	36	-0.0029478308533216887
7	36	-0.002947830853321699
36	39	-0.0029478308533217026
36	54	-0.002947830853321708
36	53	-0.0029478308533217087
36	56	-0.0029478308533217104
25	36	-0.0029478308533217273
21	36	-0.0029478308533217408
27	36	-0.0029478308533217616
34	36	-0.0029478308533217937
10	36	-0.0029478308533218618
28	36	-0.0029478308533218748
36	61	-0.002947830853321888
36	52	-0.0029478308533218882
24	36	-0.0029478308533218934
36	42	-0.002947830853321995
29	36	-0.0029478308533220105
22	36	-0.0029478308533220214
23	36	-0.0029478308533220842
12	36	-0.0029478308533220964
11	36	-0.0029478308533221025
9	58	-0.0034069006726487813
9	47	-0.0034069006726488126
9	57	-0.003406900672648828
13	33	-0.003406900672648837
13	57	-0.0034069006726488923
13	47	-0.0034069006726488967
13	17	-0.0034069006726489175
14	47	-0.0034069006726489375
14	57	-0.0034069006726489557
16	47	-0.0034069006726489583
7	17	-0.0034069006726489635
16	17	-0.0034069006726489778
9	33	-0.003406900672648982
9	17	-0.0034069006726489925
10	57	-0.0034069006726489956
14	17	-0.0034069006726490073
47	56	-0.003406900672649014
52	57	-0.0034069006726490155
10	33	-0.0034069006726490207
18	57	-0.0034069006726490238
14	33	-0.003406900672649025
13	58	-0.003406900672649027
17	55	-0.0034069006726490285
12	33	-0.003406900672649032
16	33	-0.0034069006726490476
10	17	-0.0034069006726490554
17	52	-0.0034069006726490563
5	52	-0.003406900672649064
16	57	-0.003406900672649074
33	43	-0.003406900672649076
10	47	-0.0034069006726490767
12	17	-0.003406900672649078
33	46	-0.003406900672649079
18	33	-0.0034069006726490823
17	32	-0.003406900672649083
18	58	-0.0034069006726490836
6	17	-0.0034069006726490914
47	52	-0.0034069006726490923
14	58	-0.0034069006726490953
16	58	-0.0034069006726490996
33	52	-0.0034069006726490996
17	42	-0.003406900672649101
5	42	-0.003406900672649101
7	58	-0.0034069006726491066
17	49	-0.0034069006726491075
6	58	-0.0034069006726491088
17	61	-0.0034069006726491114
33	37	-0.003406900672649112
33	44	-0.0034069006726491127
47	51	-0.003406900672649114
33	38	-0.003406900672649114
42	57	-0.0034069006726491205
12	57	-0.0034069006726491213
32	47	-0.0034069006726491235
5	16	-0.003406900672649125
12	47	-0.0034069006726491252
42	58	-0.0034069006726491265
38	47	-0.0034069006726491296
28	57	-0.003406900672649131
55	57	-0.003406900672649136
42	47	-0.0034069006726491413
32	33	-0.003406900672649143
28	33	-0.0034069006726491456
17	26	-0.0034069006726491456
33	35	-0.0034069006726491465
5	13	-0.0034069006726491465
28	47	-0.00340690067264915
33	51	-0.0034069006726491526
35	57	-0.0034069006726491543
43	47	-0.003406900672649156
25	57	-0.0034069006726491586
25	33	-0.0034069006726491595
47	48	-0.0034069006726491604
46	58	-0.0034069006726491612
6	47	-0.003406900672649164
47	53	-0.0034069006726491647
33	34	-0.003406900672649166
33	48	-0.003406900672649169
47	54	-0.0034069006726491695
25	47	-0.0034069006726491708
39	57	-0.0034069006726491725
5	7	-0.003406900672649173
47	49	-0.0034069006726491747
18	47	-0.0034069006726491794
49	57	-0.0034069006726491794
2	57	-0.0034069006726491794
52	58	-0.0034069006726491838
38	57	-0.0034069006726491846
2	47	-0.0034069006726491846
7	33	-0.0034069006726491864
49	58	-0.0034069006726491873
32	57	-0.00340690067264919
17	18	-0.0034069006726491916
33	42	-0.0034069006726491916
51	57	-0.0034069006726491925
6	33	-0.0034069006726491933
39	47	-0.003406900672649194
35	47	-0.003406900672649199
29	33	-0.0034069006726491994
44	57	-0.0034069006726492
37	58	-0.0034069006726492003
5	9	-0.0034069006726492007
17	21	-0.003406900672649203
50	57	-0.003406900672649204
33	50	-0.003406900672649205
24	57	-0.0034069006726492055
37	47	-0.0034069006726492063
44	58	-0.0034069006726492068
58	61	-0.00340690067264921
33	49	-0.0034069006726492107
33	39	-0.003406900672649214
5	6	-0.0034069006726492146
43	57	-0.003406900672649215
46	57	-0.003406900672649217
33	54	-0.0034069006726492176
17	24	-0.003406900672649218
44	47	-0.003406900672649218
17	53	-0.0034069006726492193
17	56	-0.00340690067264922
34	57	-0.003406900672649221
37	57	-0.003406900672649221
33	61	-0.0034069006726492215
17	44	-0.003406900672649222
25	58	-0.003406900672649224
17	46	-0.0034069006726492245
2	17	-0.0034069006726492245
5	32	-0.0034069006726492267
5	25	-0.0034069006726492276
17	43	-0.003406900672649234
2	33	-0.003406900672649239
10	58	-0.0034069006726492393
51	58	-0.00340690067264924
11	58	-0.0034069006726492406
29	57	-0.0034069006726492428
7	47	-0.003406900672649243
47	61	-0.003406900672649245
47	50	-0.0034069006726492454
54	57	-0.003406900672649247
17	28	-0.003406900672649248
32	58	-0.003406900672649249
26	58	-0.0034069006726492523
17	37	-0.0034069006726492523
38	58	-0.0034069006726492523
2	58	-0.003406900672649253
11	57	-0.0034069006726492558
48	57	-0.003406900672649257
2	5	-0.003406900672649257
11	47	-0.0034069006726492597
21	33	-0.00340690067264926
5	49	-0.00340690067264926
17	51	-0.003406900672649261
12	58	-0.003406900672649262
48	58	-0.003406900672649264
33	53	-0.0034069006726492644
33	56	-0.0034069006726492653
34	47	-0.003406900672649267
17	38	-0.003406900672649268
53	57	-0.0034069006726492683
46	47	-0.0034069006726492688
57	61	-0.0034069006726492705
47	55	-0.003406900672649271
11	33	-0.003406900672649272
26	33	-0.003406900672649273
56	58	-0.003406900672649273
5	43	-0.0034069006726492736
24	33	-0.003406900672649274
50	58	-0.0034069006726492757
55	58	-0.0034069006726492766
17	48	-0.0034069006726492783
23	33	-0.003406900672649279
24	47	-0.003406900672649279
33	55	-0.003406900672649281
54	58	-0.003406900672649284
5	14	-0.003406900672649284
23	47	-0.0034069006726492853
5	50	-0.0034069006726492853
53	58	-0.003406900672649286
5	10	-0.003406900672649286
17	29	-0.0034069006726492887
23	58	-0.0034069006726492896
5	46	-0.0034069006726492957
5	44	-0.0034069006726492957
21	47	-0.003406900672649296
17	35	-0.0034069006726492965
7	57	-0.0034069006726493
43	58	-0.0034069006726493004
5	37	-0.003406900672649301
5	55	-0.0034069006726493035
26	47	-0.003406900672649304
56	57	-0.003406900672649305
5	61	-0.0034069006726493074
29	58	-0.0034069006726493087
5	51	-0.0034069006726493087
27	33	-0.0034069006726493104
27	58	-0.003406900672649312
6	57	-0.0034069006726493126
11	17	-0.003406900672649313
29	47	-0.0034069006726493156
27	47	-0.0034069006726493182
24	58	-0.003406900672649324
35	58	-0.003406900672649328
5	53	-0.0034069006726493347
26	57	-0.003406900672649335
39	58	-0.003406900672649335
5	38	-0.003406900672649336
5	56	-0.0034069006726493373
21	57	-0.003406900672649338
5	39	-0.0034069006726493408
28	58	-0.003406900672649341
34	58	-0.003406900672649347
5	48	-0.0034069006726493494
17	50	-0.003406900672649358
23	57	-0.0034069006726493707
17	39	-0.0034069006726493737
27	57	-0.00340690067264938
17	34	-0.003406900672649385
5	27	-0.003406900672649387
17	54	-0.003406900672649398
5	24	-0.0034069006726494037
5	23	-0.003406900672649407
5	21	-0.003406900672649408
21	58	-0.003406900672649411
5	35	-0.003406900672649411
5	54	-0.0034069006726494214
17	22	-0.003406900672649422
5	34	-0.0034069006726494323
22	57	-0.003406900672649434
5	11	-0.0034069006726494353
5	28	-0.0034069006726494397
17	27	-0.003406900672649444
5	22	-0.00340690067264945
5	26	-0.003406900672649454
22	47	-0.003406900672649457
5	29	-0.0034069006726494605
17	23	-0.003406900672649467
5	18	-0.003406900672649478
22	58	-0.003406900672649482
5	12	-0.0034069006726494856
22	33	-0.0034069006726495546
17	25	-0.003406900672649599
19	32	-0.0034371136504554103
19	43	-0.0034371136504554763
14	31	-0.0034371136504554897
19	21	-0.0034371136504555
18	31	-0.003437113650455505
26	31	-0.003437113650455514
7	31	-0.0034371136504555153
19	46	-0.0034371136504555344
29	31	-0.003437113650455569
25	31	-0.0034371136504555725
19	26	-0.0034371136504555973
19	38	-0.0034371136504556016
31	32	-0.0034371136504556107
12	31	-0.0034371136504556137
9	19	-0.0034371136504556454
2	19	-0.0034371136504556454
19	55	-0.0034371136504556606
16	31	-0.0034371136504556675
19	23	-0.003437113650455673
19	49	-0.0034371136504556736
19	44	-0.003437113650455688
19	25	-0.0034371136504556888
19	34	-0.0034371136504556905
19	37	-0.0034371136504556927
31	49	-0.003437113650455693
28	31	-0.0034371136504556957
24	31	-0.0034371136504556966
6	31	-0.003437113650455704
19	61	-0.003437113650455708
19	27	-0.0034371136504557083
19	50	-0.003437113650455718
19	22	-0.003437113650455726
19	53	-0.003437113650455726
13	31	-0.0034371136504557495
19	35	-0.00343711365045575
19	48	-0.00343711365045575
19	51	-0.003437113650455752
19	56	-0.0034371136504557577
19	39	-0.0034371136504557625
19	54	-0.0034371136504557673
19	28	-0.0034371136504557738
31	46	-0.0034371136504557738
10	31	-0.003437113650455781
2	31	-0.0034371136504557876
27	31	-0.003437113650455811
19	24	-0.003437113650455817
19	29	-0.0034371136504558245
31	55	-0.003437113650455837
31	43	-0.003437113650455865
31	53	-0.003437113650455866
31	48	-0.0034371136504559
31	44	-0.0034371136504559026
9	31	-0.0034371136504559195
13	19	-0.0034371136504559234
7	19	-0.0034371136504559364
31	42	-0.003437113650455945
10	19	-0.0034371136504559533
31	51	-0.00343711365045596
31	38	-0.0034371136504559646
6	19	-0.003437113650455966
19	42	-0.0034371136504559954
19	52	-0.003437113650456008
31	61	-0.0034371136504560106
31	52	-0.003437113650456027
16	19	-0.003437113650456028
31	54	-0.003437113650456035
22	31	-0.0034371136504560396
31	50	-0.003437113650456053
31	56	-0.003437113650456053
31	37	-0.0034371136504560635
11	31	-0.0034371136504560643
14	19	-0.003437113650456071
31	34	-0.0034371136504561164
18	19	-0.0034371136504561185
31	35	-0.00343711365045612
31	39	-0.003437113650456132
21	31	-0.003437113650456135
23	31	-0.0034371136504561957
12	19	-0.003437113650456368
11	19	-0.0034371136504564082
36	41	-0.003638423533720442
41	57	-0.003953331276257683
41	47	-0.003953331276257708
33	41	-0.003953331276257846
41	58	-0.003953331276257911
17	41	-0.003953331276258019
5	41	-0.003953331276258105
36	60	-0.004435902456841811
36	62	-0.004435902456841856
30	36	-0.004435902456841865
36	59	-0.00443590245684196
15	36	-0.00443590245684217
20	36	-0.004435902456842316
3	36	-0.004435902456842325
4	36	-0.004435902456842335
1	36	-0.004435902456842469
41	45	-0.004979623747450704
41	62	-0.0058760259167679706
41	60	-0.005876025916768089
41	59	-0.0058760259167681
30	41	-0.005876025916768238
20	41	-0.005876025916768276
1	41	-0.005876025916768295
3	41	-0.005876025916768477
4	41	-0.00587602591676851
15	41	-0.005876025916768542
5	40	-0.006546087888524146
17	40	-0.006546087888524497
33	40	-0.006546087888524634
40	58	-0.006546087888524767
40	47	-0.0065460878885248
40	57	-0.006546087888524867
30	45	-0.007165865665494507
3	45	-0.007165865665494616
45	59	-0.007165865665494671
45	62	-0.007165865665494672
1	45	-0.007165865665494675
20	45	-0.0071658656654946945
4	45	-0.007165865665494766
45	60	-0.007165865665494792
15	45	-0.007165865665494882
3	8	-0.007336699064692117
8	59	-0.00733669906469223
8	60	-0.007336699064692331
8	30	-0.007336699064692365
8	15	-0.00733669906469238
8	20	-0.007336699064692517
1	8	-0.007336699064692532
8	62	-0.007336699064692536
4	8	-0.007336699064692607
36	58	-0.007732309450188947
5	36	-0.007732309450189089
36	57	-0.007732309450189151
36	47	-0.007732309450189259
17	36	-0.00773230945018932
33	36	-0.007732309450189397
8	45	-0.007804568832644904
45	57	-0.007897215804991411
17	45	-0.007897215804991456
45	47	-0.007897215804991527
5	45	-0.00789721580499154
33	45	-0.007897215804991581
45	58	-0.0078972158049917
5	8	-0.00796892350414238
8	58	-0.007968923504142418
8	17	-0.007968923504142435
8	57	-0.007968923504142491
8	47	-0.007968923504142536
8	33	-0.007968923504142647
4	40	-0.0092438500519327
40	60	-0.009243850051932734
30	40	-0.009243850051932742
1	40	-0.00924385005193275
40	59	-0.00924385005193275
40	62	-0.009243850051932758
3	40	-0.009243850051932808
20	40	-0.009243850051932914
15	40	-0.009243850051933093
31	40	-0.009670272141868396
19	40	-0.009670272141868655
31	60	-0.010483381192723424
31	62	-0.010483381192723426
19	30	-0.010483381192723438
31	59	-0.010483381192723504
19	60	-0.01048338119272352
19	62	-0.01048338119272354
19	59	-0.010483381192723577
1	31	-0.010483381192723606
30	31	-0.010483381192723606
3	19	-0.010483381192723611
19	20	-0.010483381192723712
4	31	-0.010483381192723728
20	31	-0.010483381192723736
1	19	-0.010483381192723813
4	19	-0.010483381192723849
3	31	-0.010483381192723913
15	31	-0.010483381192724062
15	19	-0.010483381192724177
5	31	-0.0118012524173672
5	19	-0.011801252417367302
31	58	-0.011801252417367339
17	31	-0.011801252417367469
31	57	-0.011801252417367562
17	19	-0.011801252417367656
31	47	-0.01180125241736766
19	58	-0.011801252417367682
19	33	-0.011801252417367746
31	33	-0.011801252417367788
19	47	-0.011801252417367833
19	57	-0.011801252417367883
36	40	-0.014576102304042986