#==========================================================================
# The first and second rows contain site pairs (i, j) such that j > i
# The third row contains coevolutionary scores obtained 
# using mean-field DCA (mfDCA) algorithm.
# Note that in this data sites are counted/labelled starting from 1
#==========================================================================
8	17	0.17793268462448372
9	16	0.16216155310378255
6	19	0.1346709658250453
13	14	0.12143779242138951
7	18	0.11136492484681458
3	5	0.10674626068255999
3	71	0.09795141463709021
6	11	0.09109319437283132
12	13	0.0886141598283382
12	14	0.08299365827592488
4	5	0.06427849926175201
1	5	0.06149511537208179
11	19	0.05771825732208979
11	15	0.057562027688435304
6	71	0.054293042640789865
10	71	0.046586246169896525
10	13	0.043762994522832284
11	13	0.042080676707010864
10	15	0.03886955649152792
1	12	0.031877342496280936
19	71	0.028410245529990937
5	15	0.027740260735939864
15	17	0.026794598753976034
8	15	0.026794598753976016
5	6	0.025288197307772445
1	3	0.025147911531444
2	16	0.023589954748770237
2	9	0.023589954748769924
1	11	0.02312131054288706
14	15	0.022972766741310716
1	14	0.022434800338662138
11	14	0.022203851522806507
5	19	0.022015415921184566
10	18	0.021393108603373064
7	10	0.021393108603372846
13	15	0.02050214620949293
3	18	0.020254977214283824
3	7	0.020254977214283754
3	4	0.019858753282493546
3	15	0.01983811458116956
3	10	0.01963878481931494
4	15	0.019088142413816105
5	8	0.017225725535004087
5	17	0.017225725535004083
1	13	0.016901662061109962
2	71	0.016464046992605893
10	11	0.01584167171012387
2	6	0.015125713325357228
15	71	0.014897392478621737
5	71	0.014836222698586572
11	12	0.014820653593179706
5	13	0.014767917494299438
1	6	0.013647253289337325
13	71	0.013514943777526161
8	14	0.013327682654634203
14	17	0.01332768265463388
6	15	0.013212403608339246
11	17	0.012977728639341312
8	11	0.01297772863934109
14	71	0.012634675654043283
4	10	0.012566880867396709
2	8	0.012483693316722064
2	17	0.012483693316721917
4	8	0.012239611003197048
4	17	0.012239611003197
2	14	0.012239453250007457
1	8	0.012058077626036154
1	17	0.012058077626036084
4	11	0.01177109298535126
10	16	0.01174500207043586
9	10	0.011745002070435679
1	19	0.01161176637198983
5	10	0.010595850136293564
1	71	0.010518507246358803
4	6	0.010196880205737979
1	4	0.009993118941534807
3	13	0.009888358347188323
3	11	0.0098836957129439
12	15	0.009840900230084208
3	17	0.009824183191439757
3	8	0.009824183191439342
10	17	0.009803067446527123
8	10	0.009803067446526696
4	19	0.00910712477766342
2	12	0.008545127110038717
10	14	0.0085117310277083
3	14	0.00843517599558849
4	13	0.007981160718030934
9	13	0.007971946499140948
13	16	0.007971946499140879
2	3	0.007684237816176932
3	12	0.007619049056704936
10	12	0.007480195131387843
2	19	0.007411610591375675
11	71	0.007121315583298287
6	13	0.0070193049418065135
4	71	0.00693051538483151
2	13	0.0064138386001592355
13	19	0.006221430451434747
4	12	0.006049433356448697
1	15	0.00579105491925581
5	12	0.005564067945263092
13	17	0.005229177502255139
8	13	0.0052291775022545225
2	11	0.00496806659056878
3	6	0.004926697056738288
15	19	0.0047634935122300385
13	18	0.00467764917604591
7	13	0.004677649176045594
2	4	0.004526997719046682
1	2	0.0043579723434656655
12	71	0.004136978922692139
3	19	0.0033601074539751303
7	15	0.002799050675766485
15	18	0.002799050675766231
1	10	0.002624036777606741
9	17	0.002602372412766997
8	9	0.002602372412766881
8	16	0.0026023724127668575
16	17	0.0026023724127668224
6	14	0.0024774551515608567
3	16	0.002402220505795355
3	9	0.0024022205057953245
31	36	0.0023586971327315322
31	35	0.002358697132731416
31	34	0.0023586971327313987
30	36	0.0023586971327313813
30	34	0.002358697132731369
35	36	0.0023586971327313553
30	31	0.0023586971327313293
31	32	0.0023586971327313154
30	35	0.002358697132731305
21	63	0.0023586971327313033
21	67	0.002358697132731284
21	49	0.0023586971327312824
34	36	0.0023586971327312824
21	40	0.002358697132731279
31	70	0.0023586971327312703
36	70	0.002358697132731267
21	61	0.00235869713273126
20	62	0.00235869713273126
20	51	0.002358697132731253
21	48	0.002358697132731246
30	33	0.0023586971327312425
21	65	0.002358697132731241
20	46	0.002358697132731239
20	40	0.0023586971327312356
21	64	0.002358697132731232
20	59	0.002358697132731232
31	33	0.002358697132731232
21	41	0.0023586971327312304
20	65	0.002358697132731225
20	64	0.0023586971327312183
20	49	0.0023586971327312165
20	68	0.0023586971327312165
21	54	0.002358697132731215
20	67	0.002358697132731215
20	66	0.002358697132731215
21	39	0.002358697132731215
20	61	0.0023586971327312113
20	69	0.0023586971327312096
20	56	0.002358697132731206
21	43	0.002358697132731201
20	63	0.002358697132731201
20	39	0.002358697132731201
20	41	0.002358697132731199
20	58	0.0023586971327311957
20	42	0.0023586971327311957
21	58	0.0023586971327311922
20	60	0.0023586971327311922
21	69	0.0023586971327311888
21	46	0.0023586971327311888
25	50	0.0023586971327311853
21	59	0.0023586971327311853
30	70	0.0023586971327311853
25	57	0.002358697132731182
21	62	0.002358697132731182
21	52	0.002358697132731182
21	56	0.002358697132731182
21	51	0.00235869713273118
21	57	0.0023586971327311784
21	50	0.0023586971327311784
21	66	0.0023586971327311784
20	55	0.0023586971327311766
30	32	0.0023586971327311766
20	44	0.002358697132731175
20	52	0.002358697132731173
20	45	0.0023586971327311714
20	43	0.0023586971327311697
20	54	0.002358697132731166
21	53	0.0023586971327311645
21	45	0.0023586971327311645
21	60	0.002358697132731161
20	37	0.002358697132731161
22	61	0.002358697132731161
20	47	0.002358697132731156
23	48	0.0023586971327311523
21	55	0.002358697132731149
21	47	0.002358697132731147
20	57	0.002358697132731147
25	54	0.0023586971327311454
22	39	0.0023586971327311454
20	53	0.0023586971327311437
20	48	0.0023586971327311367
22	53	0.002358697132731135
22	46	0.002358697132731135
33	36	0.002358697132731135
21	44	0.0023586971327311333
22	40	0.00235869713273113
22	45	0.00235869713273113
25	46	0.0023586971327311246
22	43	0.0023586971327311246
23	46	0.002358697132731123
23	39	0.002358697132731123
23	43	0.002358697132731121
25	43	0.0023586971327311194
26	39	0.0023586971327311194
23	63	0.0023586971327311194
22	44	0.0023586971327311194
34	35	0.0023586971327311194
25	51	0.0023586971327311176
25	62	0.0023586971327311107
22	62	0.002358697132731109
22	64	0.002358697132731109
25	65	0.0023586971327311072
23	65	0.0023586971327311055
29	70	0.0023586971327311055
20	50	0.0023586971327311003
21	68	0.0023586971327310986
23	52	0.0023586971327310986
25	41	0.002358697132731097
23	42	0.002358697132731097
22	48	0.002358697132731097
23	53	0.002358697132731095
22	38	0.002358697132731095
22	60	0.002358697132731095
22	49	0.0023586971327310934
25	69	0.0023586971327310916
25	52	0.0023586971327310916
25	56	0.0023586971327310916
22	57	0.0023586971327310916
32	36	0.00235869713273109
23	60	0.0023586971327310864
22	47	0.0023586971327310847
22	56	0.0023586971327310847
23	69	0.002358697132731083
23	59	0.002358697132731083
24	66	0.002358697132731083
21	42	0.002358697132731081
23	41	0.002358697132731081
23	45	0.002358697132731081
22	37	0.002358697132731081
23	58	0.0023586971327310795
23	50	0.0023586971327310777
25	55	0.002358697132731076
24	61	0.0023586971327310743
21	37	0.0023586971327310725
23	51	0.0023586971327310725
22	65	0.0023586971327310725
22	59	0.0023586971327310725
24	41	0.002358697132731071
25	38	0.002358697132731069
25	42	0.002358697132731069
21	38	0.0023586971327310673
22	51	0.0023586971327310673
22	42	0.0023586971327310656
24	37	0.002358697132731064
23	66	0.0023586971327310604
24	65	0.0023586971327310604
20	38	0.0023586971327310587
26	41	0.002358697132731057
25	59	0.002358697132731057
23	40	0.002358697132731057
23	67	0.002358697132731055
23	55	0.002358697132731055
24	67	0.0023586971327310535
22	67	0.0023586971327310535
22	41	0.0023586971327310535
26	59	0.00235869713273105
23	56	0.0023586971327310483
22	50	0.0023586971327310483
22	55	0.0023586971327310483
22	54	0.0023586971327310483
22	58	0.0023586971327310483
25	39	0.0023586971327310465
23	61	0.0023586971327310465
22	63	0.0023586971327310465
24	40	0.0023586971327310413
22	69	0.0023586971327310413
25	58	0.0023586971327310396
23	57	0.0023586971327310396
23	49	0.002358697132731038
26	63	0.0023586971327310326
26	37	0.002358697132731029
27	60	0.002358697132731029
22	52	0.0023586971327310274
24	47	0.0023586971327310257
24	56	0.0023586971327310257
27	58	0.002358697132731024
22	66	0.0023586971327310222
24	51	0.0023586971327310205
24	58	0.0023586971327310188
25	67	0.002358697132731017
23	62	0.002358697132731017
23	44	0.002358697132731017
27	53	0.002358697132731017
26	66	0.0023586971327310153
24	50	0.0023586971327310153
25	53	0.0023586971327310136
22	68	0.0023586971327310136
25	63	0.00235869713273101
24	63	0.00235869713273101
25	49	0.0023586971327310084
26	47	0.0023586971327310084
27	42	0.0023586971327310084
25	45	0.0023586971327310066
24	44	0.0023586971327310066
27	62	0.0023586971327310066
33	34	0.0023586971327310066
26	38	0.002358697132731003
25	64	0.0023586971327310014
26	42	0.0023586971327310014
25	48	0.0023586971327309997
26	56	0.0023586971327309997
24	57	0.0023586971327309997
33	35	0.002358697132730998
23	37	0.002358697132730996
24	38	0.002358697132730996
24	42	0.002358697132730996
26	51	0.0023586971327309945
24	48	0.0023586971327309945
26	58	0.0023586971327309927
26	52	0.0023586971327309927
23	64	0.0023586971327309927
24	68	0.0023586971327309927
26	61	0.002358697132730991
26	64	0.002358697132730991
26	53	0.002358697132730991
25	40	0.0023586971327309893
23	54	0.0023586971327309893
26	54	0.0023586971327309875
25	61	0.0023586971327309875
26	46	0.0023586971327309875
23	68	0.0023586971327309875
27	46	0.0023586971327309875
26	67	0.002358697132730984
29	36	0.0023586971327309823
25	66	0.0023586971327309806
23	47	0.002358697132730979
27	43	0.002358697132730977
26	69	0.0023586971327309737
26	57	0.002358697132730972
26	50	0.002358697132730972
24	62	0.002358697132730972
24	49	0.00235869713273097
27	41	0.00235869713273097
27	44	0.00235869713273097
28	60	0.00235869713273097
29	31	0.0023586971327309685
27	48	0.002358697132730965
28	40	0.002358697132730965
25	47	0.0023586971327309633
27	61	0.0023586971327309633
27	51	0.0023586971327309633
27	39	0.0023586971327309633
25	44	0.0023586971327309615
28	67	0.0023586971327309615
26	43	0.0023586971327309598
23	38	0.0023586971327309598
28	48	0.0023586971327309598
27	67	0.002358697132730958
27	63	0.0023586971327309563
26	55	0.0023586971327309546
27	47	0.0023586971327309546
24	43	0.002358697132730951
27	54	0.002358697132730951
27	50	0.0023586971327309494
24	45	0.0023586971327309476
24	46	0.002358697132730944
27	65	0.002358697132730944
28	47	0.0023586971327309424
27	40	0.0023586971327309407
32	34	0.0023586971327309407
24	60	0.002358697132730939
27	49	0.0023586971327309372
27	68	0.0023586971327309372
27	45	0.0023586971327309355
26	44	0.0023586971327309338
27	52	0.0023586971327309338
28	61	0.0023586971327309338
26	65	0.002358697132730932
28	64	0.002358697132730932
26	40	0.0023586971327309303
28	56	0.0023586971327309303
25	37	0.0023586971327309286
27	64	0.0023586971327309286
27	59	0.0023586971327309286
28	39	0.0023586971327309286
24	54	0.002358697132730925
28	53	0.002358697132730925
24	53	0.00235869713273092
27	37	0.002358697132730918
26	48	0.0023586971327309147
27	55	0.0023586971327309147
28	49	0.0023586971327309147
27	69	0.002358697132730913
26	45	0.002358697132730911
26	60	0.0023586971327309095
24	64	0.0023586971327309095
28	51	0.0023586971327309095
28	52	0.0023586971327309077
29	66	0.002358697132730906
27	57	0.0023586971327309043
28	66	0.0023586971327309043
27	66	0.0023586971327309025
28	65	0.0023586971327309025
34	70	0.0023586971327309025
27	56	0.002358697132730899
26	62	0.0023586971327308973
26	68	0.0023586971327308973
24	52	0.0023586971327308973
28	44	0.0023586971327308956
24	59	0.002358697132730894
28	55	0.002358697132730894
29	61	0.002358697132730894
24	69	0.002358697132730892
28	50	0.002358697132730892
28	54	0.002358697132730892
27	38	0.002358697132730887
26	49	0.002358697132730885
24	55	0.002358697132730885
28	62	0.002358697132730885
28	45	0.00235869713273088
32	47	0.00235869713273088
25	60	0.0023586971327308782
47	70	0.0023586971327308782
28	57	0.0023586971327308782
28	59	0.0023586971327308782
28	43	0.0023586971327308765
29	58	0.0023586971327308748
29	30	0.0023586971327308748
42	70	0.002358697132730873
29	54	0.0023586971327308713
29	51	0.0023586971327308713
29	45	0.0023586971327308713
32	44	0.0023586971327308713
32	59	0.0023586971327308713
28	69	0.0023586971327308696
29	59	0.002358697132730868
32	58	0.002358697132730866
28	63	0.0023586971327308644
28	58	0.0023586971327308644
24	39	0.0023586971327308626
29	63	0.002358697132730861
33	43	0.002358697132730861
28	38	0.002358697132730859
29	33	0.002358697132730859
32	56	0.0023586971327308574
32	39	0.0023586971327308557
32	69	0.002358697132730854
33	39	0.002358697132730854
28	46	0.0023586971327308522
28	42	0.0023586971327308522
29	60	0.0023586971327308505
32	64	0.0023586971327308505
33	59	0.0023586971327308505
29	57	0.0023586971327308488
33	65	0.0023586971327308488
35	39	0.002358697132730847
29	34	0.0023586971327308453
29	62	0.0023586971327308436
32	67	0.0023586971327308436
33	45	0.0023586971327308436
32	42	0.0023586971327308436
28	37	0.002358697132730842
28	68	0.002358697132730842
33	51	0.002358697132730842
32	45	0.002358697132730842
29	65	0.00235869713273084
32	40	0.00235869713273084
32	33	0.00235869713273084
35	64	0.0023586971327308384
29	69	0.002358697132730835
35	55	0.002358697132730835
29	56	0.002358697132730833
29	39	0.002358697132730833
32	41	0.002358697132730833
57	70	0.0023586971327308314
29	52	0.0023586971327308297
33	64	0.0023586971327308297
33	56	0.0023586971327308297
32	53	0.0023586971327308297
25	68	0.002358697132730828
28	41	0.002358697132730828
29	35	0.002358697132730828
32	35	0.002358697132730828
28	36	0.002358697132730826
36	59	0.002358697132730826
33	55	0.0023586971327308245
33	58	0.0023586971327308245
29	42	0.0023586971327308245
32	61	0.0023586971327308245
65	70	0.0023586971327308227
29	50	0.0023586971327308227
32	57	0.0023586971327308227
32	48	0.0023586971327308227
33	61	0.0023586971327308227
32	66	0.0023586971327308227
29	67	0.002358697132730821
35	50	0.002358697132730821
35	70	0.0023586971327308193
29	46	0.0023586971327308193
33	69	0.0023586971327308193
29	49	0.0023586971327308175
38	70	0.002358697132730816
29	37	0.002358697132730816
33	50	0.002358697132730816
29	44	0.002358697132730814
43	70	0.0023586971327308123
51	70	0.0023586971327308106
29	41	0.0023586971327308106
57	67	0.002358697132730809
54	59	0.002358697132730809
33	57	0.002358697132730809
32	52	0.002358697132730809
35	42	0.002358697132730809
29	64	0.002358697132730807
33	44	0.002358697132730807
69	70	0.0023586971327308054
29	43	0.0023586971327308054
32	51	0.0023586971327308054
67	70	0.0023586971327308037
29	53	0.0023586971327308037
29	47	0.002358697132730802
33	41	0.002358697132730802
32	68	0.002358697132730802
35	54	0.002358697132730802
35	53	0.002358697132730802
63	70	0.0023586971327308
33	46	0.0023586971327308
34	51	0.0023586971327308
60	70	0.0023586971327307985
29	55	0.0023586971327307985
33	47	0.0023586971327307985
32	43	0.0023586971327307985
32	46	0.0023586971327307985
57	59	0.0023586971327307967
35	67	0.0023586971327307967
35	56	0.0023586971327307967
33	60	0.002358697132730795
50	51	0.0023586971327307932
35	37	0.0023586971327307932
35	60	0.0023586971327307932
34	40	0.0023586971327307932
52	70	0.0023586971327307915
34	66	0.0023586971327307915
61	70	0.0023586971327307898
57	60	0.0023586971327307898
32	38	0.0023586971327307898
33	53	0.0023586971327307898
34	68	0.0023586971327307898
46	70	0.002358697132730788
37	46	0.002358697132730788
35	51	0.002358697132730788
58	70	0.0023586971327307863
33	48	0.0023586971327307863
34	58	0.0023586971327307863
33	67	0.0023586971327307846
33	66	0.0023586971327307846
38	48	0.002358697132730783
54	60	0.002358697132730783
35	46	0.002358697132730783
64	70	0.002358697132730781
35	38	0.002358697132730781
37	70	0.0023586971327307794
37	43	0.0023586971327307794
52	66	0.0023586971327307794
35	62	0.0023586971327307794
33	54	0.0023586971327307794
53	70	0.0023586971327307776
50	64	0.0023586971327307776
55	70	0.002358697132730776
50	53	0.002358697132730776
33	63	0.002358697132730776
33	68	0.002358697132730774
41	70	0.0023586971327307724
37	53	0.0023586971327307724
29	48	0.0023586971327307724
29	40	0.0023586971327307724
32	63	0.0023586971327307707
35	40	0.0023586971327307707
35	66	0.0023586971327307707
35	68	0.0023586971327307707
32	65	0.0023586971327307707
35	65	0.0023586971327307707
34	69	0.0023586971327307707
38	53	0.002358697132730769
49	64	0.002358697132730769
34	63	0.0023586971327307672
29	68	0.0023586971327307655
35	61	0.0023586971327307655
30	42	0.0023586971327307655
54	70	0.0023586971327307638
68	70	0.0023586971327307638
52	69	0.0023586971327307638
33	49	0.0023586971327307638
36	44	0.0023586971327307638
49	67	0.002358697132730762
40	66	0.002358697132730762
64	69	0.002358697132730762
30	68	0.002358697132730762
36	65	0.002358697132730762
62	70	0.0023586971327307603
50	70	0.0023586971327307603
37	55	0.0023586971327307603
49	50	0.0023586971327307603
50	66	0.0023586971327307603
33	62	0.0023586971327307603
49	70	0.0023586971327307586
38	60	0.0023586971327307586
34	41	0.0023586971327307586
38	64	0.002358697132730757
54	69	0.002358697132730757
45	69	0.002358697132730757
35	49	0.002358697132730757
35	45	0.002358697132730757
30	65	0.002358697132730757
36	58	0.002358697132730757
38	41	0.002358697132730755
38	39	0.002358697132730755
35	48	0.002358697132730755
35	69	0.002358697132730755
34	49	0.002358697132730755
34	52	0.002358697132730755
40	69	0.0023586971327307533
52	61	0.0023586971327307533
34	48	0.0023586971327307533
38	69	0.0023586971327307516
48	66	0.0023586971327307516
54	63	0.0023586971327307516
33	52	0.0023586971327307516
33	42	0.0023586971327307516
35	59	0.0023586971327307516
37	57	0.00235869713273075
38	67	0.00235869713273075
44	61	0.00235869713273075
61	62	0.002358697132730748
40	63	0.002358697132730748
37	42	0.002358697132730748
33	40	0.002358697132730748
30	38	0.002358697132730748
30	69	0.002358697132730748
30	61	0.002358697132730748
50	68	0.0023586971327307464
57	65	0.0023586971327307464
50	65	0.0023586971327307464
28	35	0.0023586971327307464
35	52	0.0023586971327307464
30	58	0.0023586971327307464
30	66	0.0023586971327307464
29	32	0.0023586971327307447
30	55	0.0023586971327307447
48	70	0.002358697132730743
37	48	0.002358697132730743
37	47	0.002358697132730743
50	58	0.002358697132730743
52	59	0.002358697132730743
31	67	0.002358697132730743
30	59	0.002358697132730743
50	60	0.002358697132730741
35	58	0.002358697132730741
37	61	0.0023586971327307395
49	58	0.0023586971327307395
48	69	0.0023586971327307395
49	52	0.0023586971327307395
50	69	0.0023586971327307395
29	38	0.0023586971327307395
65	69	0.0023586971327307395
33	37	0.0023586971327307395
32	54	0.0023586971327307395
38	47	0.0023586971327307377
38	44	0.0023586971327307377
50	62	0.0023586971327307377
49	55	0.0023586971327307377
50	63	0.0023586971327307377
50	67	0.0023586971327307377
55	68	0.0023586971327307377
43	61	0.0023586971327307377
46	55	0.0023586971327307377
46	69	0.0023586971327307377
51	56	0.0023586971327307377
32	60	0.0023586971327307377
35	44	0.0023586971327307377
30	37	0.0023586971327307377
38	40	0.002358697132730736
38	45	0.002358697132730736
57	58	0.002358697132730736
44	54	0.002358697132730736
41	65	0.002358697132730736
43	58	0.002358697132730736
46	67	0.002358697132730736
39	69	0.002358697132730736
34	55	0.002358697132730736
34	60	0.002358697132730736
38	46	0.0023586971327307343
57	69	0.0023586971327307343
51	58	0.0023586971327307343
45	66	0.0023586971327307343
36	62	0.0023586971327307343
36	47	0.0023586971327307343
45	70	0.0023586971327307325
37	51	0.0023586971327307325
37	45	0.0023586971327307325
50	55	0.0023586971327307325
53	61	0.0023586971327307325
55	65	0.0023586971327307325
53	56	0.0023586971327307325
39	45	0.0023586971327307325
30	67	0.0023586971327307325
34	61	0.0023586971327307325
34	53	0.0023586971327307325
51	55	0.002358697132730731
40	51	0.002358697132730731
53	66	0.002358697132730731
45	54	0.002358697132730731
42	50	0.002358697132730731
30	57	0.002358697132730731
34	67	0.002358697132730731
56	70	0.002358697132730729
67	69	0.002358697132730729
54	58	0.002358697132730729
41	56	0.002358697132730729
40	52	0.002358697132730729
39	42	0.002358697132730729
66	70	0.0023586971327307273
45	63	0.0023586971327307273
45	67	0.0023586971327307273
53	55	0.0023586971327307273
53	69	0.0023586971327307273
37	39	0.0023586971327307273
46	63	0.0023586971327307273
39	54	0.0023586971327307273
32	62	0.0023586971327307273
35	57	0.0023586971327307273
35	43	0.0023586971327307273
30	44	0.0023586971327307273
34	64	0.0023586971327307273
38	56	0.0023586971327307256
38	65	0.0023586971327307256
48	63	0.0023586971327307256
38	59	0.0023586971327307256
41	54	0.0023586971327307256
41	58	0.0023586971327307256
52	60	0.0023586971327307256
53	63	0.0023586971327307256
53	67	0.0023586971327307256
52	58	0.0023586971327307256
54	56	0.0023586971327307256
65	68	0.0023586971327307256
40	70	0.002358697132730724
41	55	0.002358697132730724
46	49	0.002358697132730724
62	65	0.002358697132730724
63	66	0.002358697132730724
55	61	0.002358697132730724
55	64	0.002358697132730724
45	47	0.002358697132730724
43	59	0.002358697132730724
35	47	0.002358697132730724
30	43	0.002358697132730724
38	58	0.002358697132730722
44	70	0.002358697132730722
37	54	0.002358697132730722
37	64	0.002358697132730722
54	62	0.002358697132730722
59	70	0.002358697132730722
40	54	0.002358697132730722
40	58	0.002358697132730722
54	61	0.002358697132730722
43	63	0.002358697132730722
41	43	0.002358697132730722
42	54	0.002358697132730722
35	63	0.002358697132730722
31	47	0.002358697132730722
31	64	0.002358697132730722
57	62	0.0023586971327307204
41	63	0.0023586971327307204
44	47	0.0023586971327307204
55	69	0.0023586971327307204
55	58	0.0023586971327307204
54	66	0.0023586971327307204
42	49	0.0023586971327307204
33	38	0.0023586971327307204
39	65	0.0023586971327307204
35	41	0.0023586971327307204
34	44	0.0023586971327307204
36	51	0.0023586971327307204
63	67	0.0023586971327307187
67	68	0.0023586971327307187
50	52	0.0023586971327307187
52	68	0.0023586971327307187
52	56	0.0023586971327307187
45	52	0.0023586971327307187
41	42	0.0023586971327307187
32	70	0.0023586971327307187
32	49	0.0023586971327307187
32	55	0.0023586971327307187
30	52	0.0023586971327307187
30	56	0.0023586971327307187
56	57	0.002358697132730717
49	51	0.002358697132730717
55	63	0.002358697132730717
55	67	0.002358697132730717
54	67	0.002358697132730717
44	66	0.002358697132730717
52	53	0.002358697132730717
37	62	0.002358697132730715
38	43	0.002358697132730715
57	66	0.002358697132730715
62	64	0.002358697132730715
43	49	0.002358697132730715
51	57	0.002358697132730715
50	54	0.002358697132730715
55	66	0.002358697132730715
43	50	0.002358697132730715
43	67	0.002358697132730715
43	65	0.002358697132730715
30	47	0.002358697132730715
34	59	0.002358697132730715
38	55	0.0023586971327307134
37	44	0.0023586971327307134
37	60	0.0023586971327307134
57	64	0.0023586971327307134
44	50	0.0023586971327307134
49	53	0.0023586971327307134
47	66	0.0023586971327307134
68	69	0.0023586971327307134
53	54	0.0023586971327307134
53	58	0.0023586971327307134
45	46	0.0023586971327307134
41	57	0.0023586971327307117
46	50	0.0023586971327307117
46	65	0.0023586971327307117
49	57	0.00235869713273071
37	41	0.00235869713273071
57	61	0.00235869713273071
60	68	0.00235869713273071
47	51	0.00235869713273071
52	54	0.00235869713273071
30	63	0.00235869713273071
37	49	0.0023586971327307082
62	67	0.0023586971327307082
40	67	0.0023586971327307082
55	60	0.0023586971327307082
40	68	0.0023586971327307082
55	56	0.0023586971327307082
40	45	0.0023586971327307082
34	38	0.0023586971327307082
34	50	0.0023586971327307082
28	30	0.0023586971327307082
34	56	0.0023586971327307082
34	39	0.0023586971327307082
38	63	0.0023586971327307065
55	57	0.0023586971327307065
49	54	0.0023586971327307065
48	54	0.0023586971327307065
44	64	0.0023586971327307065
54	65	0.0023586971327307065
30	50	0.0023586971327307065
30	41	0.0023586971327307065
34	65	0.0023586971327307065
28	31	0.0023586971327307065
31	61	0.0023586971327307065
30	39	0.0023586971327307065
38	57	0.0023586971327307048
38	51	0.0023586971327307048
48	50	0.0023586971327307048
57	63	0.0023586971327307048
48	51	0.0023586971327307048
60	65	0.0023586971327307048
34	54	0.0023586971327307048
34	46	0.0023586971327307048
31	66	0.0023586971327307048
34	42	0.0023586971327307048
24	70	0.002358697132730703
40	49	0.002358697132730703
62	69	0.002358697132730703
37	65	0.002358697132730703
44	69	0.002358697132730703
45	48	0.002358697132730703
60	64	0.002358697132730703
51	66	0.002358697132730703
44	65	0.002358697132730703
42	59	0.002358697132730703
36	60	0.002358697132730703
36	52	0.002358697132730703
37	40	0.0023586971327307013
51	62	0.0023586971327307013
48	53	0.0023586971327307013
45	53	0.0023586971327307013
62	63	0.0023586971327306996
49	66	0.0023586971327306996
48	60	0.0023586971327306996
45	49	0.0023586971327306996
60	63	0.0023586971327306996
60	67	0.0023586971327306996
49	65	0.0023586971327306996
61	69	0.0023586971327306996
41	51	0.0023586971327306996
33	70	0.0023586971327306996
47	59	0.0023586971327306996
30	62	0.0023586971327306996
30	53	0.0023586971327306996
38	66	0.002358697132730698
37	66	0.002358697132730698
52	62	0.002358697132730698
58	61	0.002358697132730698
44	46	0.002358697132730698
39	57	0.002358697132730698
45	56	0.002358697132730698
40	46	0.002358697132730698
39	47	0.002358697132730698
30	49	0.002358697132730698
30	48	0.002358697132730698
31	37	0.002358697132730698
47	50	0.002358697132730696
60	69	0.002358697132730696
42	57	0.002358697132730696
43	56	0.002358697132730696
52	65	0.002358697132730696
42	60	0.002358697132730696
31	53	0.002358697132730696
47	64	0.0023586971327306944
45	68	0.0023586971327306944
30	64	0.0023586971327306944
50	56	0.0023586971327306926
45	61	0.0023586971327306926
42	43	0.0023586971327306926
32	50	0.0023586971327306926
31	49	0.0023586971327306926
30	54	0.0023586971327306926
31	56	0.0023586971327306926
36	64	0.0023586971327306926
37	67	0.002358697132730691
49	60	0.002358697132730691
54	57	0.002358697132730691
48	58	0.002358697132730691
48	68	0.002358697132730691
41	47	0.002358697132730691
54	55	0.002358697132730691
42	62	0.002358697132730691
34	37	0.002358697132730691
30	60	0.002358697132730691
36	66	0.002358697132730691
37	69	0.002358697132730689
37	68	0.002358697132730689
44	49	0.002358697132730689
40	57	0.002358697132730689
44	63	0.002358697132730689
44	68	0.002358697132730689
60	66	0.002358697132730689
39	55	0.002358697132730689
45	59	0.002358697132730689
34	45	0.002358697132730689
47	67	0.0023586971327306874
48	56	0.0023586971327306874
52	67	0.0023586971327306874
58	66	0.0023586971327306874
64	68	0.0023586971327306874
43	60	0.0023586971327306874
47	65	0.0023586971327306874
48	59	0.0023586971327306874
52	64	0.0023586971327306874
34	57	0.0023586971327306874
31	60	0.0023586971327306874
36	41	0.0023586971327306874
62	66	0.0023586971327306857
53	62	0.0023586971327306857
40	44	0.0023586971327306857
40	60	0.0023586971327306857
48	65	0.0023586971327306857
56	63	0.0023586971327306857
44	56	0.0023586971327306857
49	59	0.0023586971327306857
50	59	0.0023586971327306857
39	46	0.0023586971327306857
31	39	0.0023586971327306857
47	68	0.002358697132730684
47	56	0.002358697132730684
54	68	0.002358697132730684
40	61	0.002358697132730684
44	52	0.002358697132730684
46	48	0.002358697132730684
64	66	0.002358697132730684
53	60	0.002358697132730684
46	59	0.002358697132730684
36	67	0.002358697132730684
48	64	0.0023586971327306822
46	62	0.0023586971327306822
37	59	0.0023586971327306822
52	63	0.0023586971327306822
39	70	0.0023586971327306822
44	53	0.0023586971327306822
42	53	0.0023586971327306822
31	50	0.0023586971327306822
31	51	0.0023586971327306822
38	52	0.0023586971327306805
43	57	0.0023586971327306805
47	61	0.0023586971327306805
47	52	0.0023586971327306805
54	64	0.0023586971327306805
40	53	0.0023586971327306805
59	66	0.0023586971327306805
51	65	0.0023586971327306805
31	38	0.0023586971327306805
38	62	0.0023586971327306788
49	56	0.0023586971327306788
47	53	0.0023586971327306788
42	63	0.0023586971327306788
56	65	0.0023586971327306788
46	53	0.0023586971327306788
47	58	0.002358697132730677
50	61	0.002358697132730677
53	68	0.002358697132730677
46	64	0.002358697132730677
34	62	0.002358697132730677
28	34	0.002358697132730677
30	45	0.002358697132730677
41	62	0.0023586971327306753
60	62	0.0023586971327306753
37	52	0.0023586971327306753
38	42	0.0023586971327306753
45	60	0.0023586971327306753
32	37	0.0023586971327306753
31	54	0.0023586971327306753
31	58	0.0023586971327306753
44	57	0.0023586971327306736
40	48	0.0023586971327306736
48	61	0.0023586971327306736
44	60	0.0023586971327306736
47	54	0.0023586971327306736
56	68	0.0023586971327306736
43	64	0.0023586971327306736
58	65	0.0023586971327306736
43	53	0.0023586971327306736
46	61	0.0023586971327306736
56	59	0.0023586971327306736
31	62	0.0023586971327306736
31	69	0.0023586971327306736
31	42	0.0023586971327306736
36	45	0.0023586971327306736
52	57	0.002358697132730672
45	62	0.002358697132730672
47	55	0.002358697132730672
47	69	0.002358697132730672
45	57	0.002358697132730672
51	67	0.002358697132730672
51	68	0.002358697132730672
51	64	0.002358697132730672
51	53	0.002358697132730672
42	58	0.002358697132730672
39	41	0.002358697132730672
42	46	0.002358697132730672
34	43	0.002358697132730672
36	48	0.002358697132730672
49	62	0.00235869713273067
37	56	0.00235869713273067
47	63	0.00235869713273067
44	67	0.00235869713273067
47	60	0.00235869713273067
63	65	0.00235869713273067
46	60	0.00235869713273067
59	60	0.00235869713273067
55	59	0.00235869713273067
43	46	0.00235869713273067
31	48	0.00235869713273067
31	65	0.00235869713273067
44	48	0.0023586971327306683
49	61	0.0023586971327306683
58	68	0.0023586971327306683
43	55	0.0023586971327306683
39	62	0.0023586971327306683
46	47	0.0023586971327306683
51	61	0.0023586971327306683
39	44	0.0023586971327306683
30	51	0.0023586971327306683
31	43	0.0023586971327306683
40	65	0.0023586971327306666
45	64	0.0023586971327306666
46	58	0.0023586971327306666
53	65	0.0023586971327306666
38	49	0.002358697132730665
37	58	0.002358697132730665
49	69	0.002358697132730665
58	67	0.002358697132730665
64	67	0.002358697132730665
43	69	0.002358697132730665
53	64	0.002358697132730665
46	54	0.002358697132730665
59	63	0.002358697132730665
45	51	0.002358697132730665
44	59	0.002358697132730665
38	68	0.002358697132730663
41	66	0.002358697132730663
41	64	0.002358697132730663
60	61	0.002358697132730663
51	69	0.002358697132730663
39	40	0.002358697132730663
36	61	0.002358697132730663
47	49	0.0023586971327306614
49	63	0.0023586971327306614
50	57	0.0023586971327306614
44	62	0.0023586971327306614
47	48	0.0023586971327306614
51	63	0.0023586971327306614
43	54	0.0023586971327306614
45	58	0.0023586971327306614
39	66	0.0023586971327306614
39	52	0.0023586971327306614
30	40	0.0023586971327306614
31	46	0.0023586971327306614
47	62	0.0023586971327306597
47	57	0.0023586971327306597
51	54	0.0023586971327306597
42	65	0.0023586971327306597
37	63	0.002358697132730658
41	48	0.002358697132730658
43	62	0.002358697132730658
59	65	0.002358697132730658
38	61	0.002358697132730656
40	62	0.002358697132730656
44	51	0.002358697132730656
59	67	0.002358697132730656
42	68	0.002358697132730656
42	64	0.002358697132730656
39	61	0.002358697132730656
31	52	0.002358697132730656
37	38	0.0023586971327306545
37	50	0.0023586971327306545
40	55	0.0023586971327306545
43	47	0.0023586971327306545
58	59	0.0023586971327306545
42	66	0.0023586971327306545
42	51	0.0023586971327306545
39	43	0.0023586971327306545
38	54	0.0023586971327306527
63	69	0.0023586971327306527
52	55	0.0023586971327306527
56	60	0.0023586971327306527
59	62	0.0023586971327306527
59	61	0.0023586971327306527
59	64	0.0023586971327306527
51	59	0.0023586971327306527
48	57	0.002358697132730651
40	50	0.002358697132730651
40	64	0.002358697132730651
28	33	0.002358697132730651
31	41	0.002358697132730651
38	50	0.0023586971327306493
44	55	0.0023586971327306493
63	68	0.0023586971327306493
41	68	0.0023586971327306493
42	47	0.0023586971327306493
39	50	0.0023586971327306493
43	45	0.0023586971327306493
42	48	0.0023586971327306475
59	69	0.0023586971327306475
42	55	0.0023586971327306475
46	51	0.0023586971327306475
34	47	0.0023586971327306475
41	69	0.002358697132730646
40	56	0.002358697132730646
40	43	0.002358697132730646
65	66	0.002358697132730646
42	69	0.002358697132730646
39	64	0.002358697132730646
48	62	0.002358697132730644
48	55	0.002358697132730644
40	41	0.002358697132730644
65	67	0.002358697132730644
31	55	0.002358697132730644
48	67	0.0023586971327306423
43	51	0.0023586971327306423
40	59	0.0023586971327306423
56	66	0.0023586971327306406
56	61	0.0023586971327306406
39	49	0.0023586971327306406
59	68	0.0023586971327306406
39	53	0.0023586971327306406
31	57	0.0023586971327306406
41	49	0.002358697132730639
66	68	0.002358697132730639
41	45	0.002358697132730639
41	46	0.002358697132730639
39	58	0.002358697132730639
58	62	0.002358697132730637
53	57	0.002358697132730637
58	63	0.002358697132730637
43	44	0.002358697132730637
26	36	0.002358697132730637
53	59	0.002358697132730637
39	51	0.002358697132730637
49	68	0.0023586971327306354
56	62	0.0023586971327306354
40	47	0.0023586971327306354
43	48	0.0023586971327306354
56	69	0.0023586971327306354
51	60	0.0023586971327306354
56	58	0.0023586971327306354
36	54	0.0023586971327306354
62	68	0.0023586971327306337
58	69	0.0023586971327306337
41	52	0.0023586971327306337
31	59	0.0023586971327306337
58	60	0.002358697132730632
44	45	0.002358697132730632
42	61	0.002358697132730632
42	56	0.002358697132730632
31	40	0.002358697132730632
27	36	0.002358697132730632
55	62	0.00235869713273063
45	50	0.00235869713273063
58	64	0.00235869713273063
42	52	0.00235869713273063
28	32	0.00235869713273063
30	46	0.00235869713273063
48	52	0.0023586971327306284
41	44	0.0023586971327306284
39	63	0.0023586971327306284
56	67	0.0023586971327306267
46	52	0.0023586971327306267
46	56	0.002358697132730625
36	40	0.002358697132730625
36	46	0.002358697132730625
40	42	0.0023586971327306232
25	36	0.0023586971327306232
43	52	0.0023586971327306215
42	67	0.0023586971327306215
45	65	0.0023586971327306215
57	68	0.0023586971327306198
43	66	0.0023586971327306198
51	52	0.0023586971327306198
36	43	0.0023586971327306198
39	48	0.002358697132730618
41	50	0.0023586971327306163
45	55	0.0023586971327306163
42	44	0.0023586971327306163
31	63	0.0023586971327306163
41	61	0.0023586971327306146
41	53	0.0023586971327306146
20	70	0.002358697132730613
26	31	0.002358697132730611
46	57	0.002358697132730611
61	65	0.002358697132730611
28	70	0.0023586971327306094
56	64	0.0023586971327306094
64	65	0.0023586971327306076
26	34	0.002358697132730606
36	57	0.002358697132730606
36	50	0.002358697132730606
36	55	0.002358697132730606
36	69	0.002358697132730606
63	64	0.002358697132730604
28	29	0.002358697132730604
44	58	0.0023586971327306024
39	68	0.0023586971327306024
39	56	0.0023586971327306024
48	49	0.002358697132730599
41	60	0.002358697132730599
39	60	0.002358697132730599
36	39	0.002358697132730599
36	49	0.0023586971327305972
36	56	0.0023586971327305955
61	64	0.0023586971327305938
39	59	0.0023586971327305938
46	68	0.0023586971327305903
39	67	0.0023586971327305903
61	67	0.0023586971327305885
61	66	0.0023586971327305885
66	67	0.002358697132730587
61	63	0.002358697132730585
66	69	0.002358697132730585
31	45	0.002358697132730585
36	53	0.002358697132730585
41	67	0.0023586971327305833
61	68	0.0023586971327305833
42	45	0.00235869713273058
27	70	0.0023586971327305747
26	70	0.002358697132730573
46	66	0.002358697132730573
31	44	0.002358697132730571
36	37	0.0023586971327305695
26	33	0.0023586971327305677
41	59	0.0023586971327305677
31	68	0.0023586971327305677
43	68	0.0023586971327305643
36	38	0.0023586971327305643
36	42	0.0023586971327305504
22	70	0.0023586971327305487
25	34	0.0023586971327305417
25	31	0.0023586971327305417
27	32	0.00235869713273054
26	35	0.002358697132730528
36	63	0.002358697132730528
36	68	0.002358697132730526
24	36	0.002358697132730519
27	30	0.0023586971327305105
27	31	0.002358697132730507
27	34	0.002358697132730495
27	29	0.002358697132730493
26	32	0.002358697132730474
26	30	0.0023586971327304723
27	28	0.0023586971327304706
25	33	0.002358697132730467
23	70	0.0023586971327304636
25	29	0.00235869713273046
27	35	0.002358697132730436
27	33	0.0023586971327304255
26	27	0.0023586971327304238
24	32	0.0023586971327304185
24	31	0.002358697132730417
26	28	0.0023586971327304133
23	36	0.002358697132730401
24	35	0.0023586971327303995
25	70	0.0023586971327303977
25	35	0.002358697132730389
26	29	0.0023586971327303873
24	34	0.002358697132730382
24	28	0.0023586971327303786
24	29	0.0023586971327303717
25	32	0.00235869713273037
25	30	0.0023586971327303665
23	28	0.002358697132730358
22	31	0.0023586971327303283
24	27	0.0023586971327303214
25	28	0.0023586971327303075
23	27	0.002358697132730306
23	31	0.002358697132730304
22	36	0.002358697132730304
22	34	0.0023586971327302954
23	32	0.0023586971327302936
24	30	0.0023586971327302884
20	36	0.0023586971327302832
21	36	0.0023586971327302815
24	25	0.0023586971327302572
22	29	0.0023586971327302555
24	33	0.00235869713273024
22	35	0.002358697132730226
23	35	0.0023586971327302243
22	30	0.0023586971327302104
21	70	0.002358697132730205
22	32	0.0023586971327301982
23	29	0.002358697132730186
25	26	0.0023586971327301774
25	27	0.002358697132730174
22	28	0.002358697132730172
21	31	0.0023586971327301635
23	34	0.0023586971327301635
23	24	0.0023586971327301566
23	30	0.002358697132730155
22	33	0.002358697132730148
23	25	0.0023586971327301306
22	27	0.0023586971327301167
21	32	0.0023586971327301046
22	24	0.002358697132730094
22	25	0.002358697132730082
24	26	0.0023586971327300716
23	33	0.0023586971327300716
20	34	0.00235869713273007
22	23	0.0023586971327300647
20	32	0.002358697132730056
20	30	0.002358697132730051
20	31	0.002358697132730051
21	35	0.002358697132730037
22	26	0.0023586971327300282
20	35	0.002358697132730018
23	26	0.002358697132730011
21	34	0.002358697132730011
20	33	0.002358697132730002
21	30	0.002358697132729971
21	27	0.0023586971327299623
21	23	0.0023586971327299606
21	24	0.0023586971327299606
21	29	0.0023586971327299536
20	27	0.002358697132729945
21	28	0.002358697132729945
21	33	0.002358697132729938
20	24	0.0023586971327299363
20	28	0.002358697132729933
21	26	0.0023586971327298947
21	22	0.002358697132729893
20	23	0.002358697132729886
20	29	0.0023586971327298843
20	22	0.0023586971327298444
20	26	0.0023586971327298374
20	25	0.002358697132729806
21	25	0.002358697132729794
20	21	0.0023586971327296483
7	71	0.002353397684339344
18	71	0.002353397684339185
2	15	0.0023268675054757258
2	7	0.0021950776654178043
2	18	0.0021950776654176677
11	18	0.0021498514926108388
7	11	0.0021498514926105716
1	7	0.001816394469061078
1	18	0.0018163944690608603
4	16	0.0018004916480406183
4	9	0.0018004916480405652
7	17	0.0015302277514733032
8	18	0.0015302277514731503
17	18	0.001530227751473129
7	8	0.0015302277514731013
14	16	0.0014456304100796307
9	14	0.0014456304100794563
9	11	0.0013192807378792776
11	16	0.0013192807378791167
9	19	0.0012544770618592924
16	19	0.0012544770618592286
2	10	0.001222024300035787
9	15	0.001137277570283091
15	16	0.0011372775702829974
7	9	0.0009779243087375761
16	18	0.0009779243087374536
7	16	0.0009779243087372348
9	18	0.00097792430873722
4	7	0.0008805723715706972
4	18	0.0008805723715706653
7	12	0.0008352462121054526
12	18	0.0008352462121050742
7	14	0.0008154953598375071
14	18	0.0008154953598374169
4	14	0.0007136045652536174
9	71	0.0005555135592624021
16	71	0.0005555135592620734
14	19	0.0004974706904921893
12	16	0.00047799797288259737
9	12	0.0004779979728819555
6	9	0.00026224102748732695
6	16	0.00026224102748724195
5	14	8.345045936622702e-05
12	19	6.360674970167651e-05
5	16	-2.9037494391156472e-06
5	9	-2.9037494391165146e-06
6	18	-3.053629599497794e-06
6	7	-3.0536295996511e-06
1	16	-9.485669370970355e-05
1	9	-9.485669370979484e-05
10	19	-0.00022752954718689754
2	5	-0.00030166068403898196
5	11	-0.0003126076589560515
12	17	-0.0004131134524344598
8	12	-0.0004131134524347434
7	19	-0.0005780586559157605
18	19	-0.0005780586559157659
5	7	-0.0006070411378595478
5	18	-0.0006070411378595829
6	10	-0.000667155561619389
6	12	-0.0010121972626855377
17	71	-0.001896368477578851
8	71	-0.0018963684775789055
6	17	-0.0020871232660497063
6	8	-0.002087123266049807
17	19	-0.0022272858677927047
8	19	-0.0022272858677927403
2	26	-0.0033140067334471255
2	33	-0.003314006733447144
2	70	-0.003314006733447162
2	24	-0.0033140067334471723
2	32	-0.003314006733447188
2	31	-0.0033140067334471936
2	36	-0.003314006733447197
2	35	-0.0033140067334471992
2	30	-0.0033140067334472005
2	21	-0.0033140067334472075
2	22	-0.0033140067334472088
2	29	-0.00331400673344721
2	39	-0.0033140067334472153
2	28	-0.0033140067334472183
2	59	-0.003314006733447221
2	56	-0.0033140067334472235
2	60	-0.003314006733447225
2	58	-0.003314006733447225
2	62	-0.0033140067334472274
2	23	-0.0033140067334472287
2	34	-0.003314006733447229
2	27	-0.0033140067334472318
2	52	-0.003314006733447233
2	25	-0.0033140067334472383
2	61	-0.003314006733447242
2	66	-0.0033140067334472426
2	55	-0.003314006733447243
2	42	-0.003314006733447249
2	47	-0.0033140067334472504
2	44	-0.003314006733447253
2	40	-0.003314006733447253
2	46	-0.003314006733447253
2	54	-0.0033140067334472547
2	48	-0.003314006733447255
2	50	-0.0033140067334472565
2	49	-0.003314006733447258
2	65	-0.0033140067334472595
2	57	-0.0033140067334472643
2	63	-0.00331400673344727
2	41	-0.0033140067334472756
2	51	-0.0033140067334472764
2	64	-0.0033140067334472786
2	69	-0.003314006733447279
2	67	-0.00331400673344728
2	53	-0.0033140067334472864
2	43	-0.0033140067334472877
2	20	-0.0033140067334472994
2	45	-0.003314006733447303
2	38	-0.003314006733447319
2	68	-0.0033140067334473814
2	37	-0.0033140067334473822
18	36	-0.0034720089341002984
7	36	-0.003472008934100357
18	29	-0.003472008934100362
18	31	-0.0034720089341003665
7	24	-0.003472008934100369
18	26	-0.0034720089341003864
7	70	-0.003472008934100389
18	24	-0.0034720089341003946
7	23	-0.003472008934100405
7	26	-0.0034720089341004124
18	34	-0.00347200893410042
7	20	-0.003472008934100423
7	29	-0.003472008934100426
7	32	-0.0034720089341004298
18	30	-0.003472008934100434
7	34	-0.0034720089341004406
7	30	-0.003472008934100441
7	35	-0.0034720089341004463
18	70	-0.003472008934100447
7	33	-0.003472008934100448
18	68	-0.0034720089341004506
18	23	-0.0034720089341004515
7	25	-0.003472008934100461
7	27	-0.0034720089341004727
18	27	-0.0034720089341004736
18	41	-0.003472008934100474
18	33	-0.003472008934100474
7	61	-0.0034720089341004788
7	63	-0.0034720089341004805
18	21	-0.0034720089341004835
18	28	-0.003472008934100485
7	69	-0.0034720089341004883
18	35	-0.003472008934100491
7	68	-0.0034720089341004944
18	25	-0.003472008934100495
18	32	-0.003472008934100498
7	42	-0.0034720089341004987
7	65	-0.0034720089341004996
7	21	-0.0034720089341005005
7	45	-0.0034720089341005005
18	45	-0.003472008934100501
7	64	-0.0034720089341005018
18	56	-0.003472008934100502
7	40	-0.0034720089341005026
7	66	-0.0034720089341005026
18	39	-0.0034720089341005026
7	41	-0.003472008934100503
7	44	-0.003472008934100503
7	58	-0.0034720089341005035
18	42	-0.0034720089341005035
18	59	-0.003472008934100504
18	43	-0.003472008934100506
18	52	-0.0034720089341005074
18	64	-0.003472008934100508
18	40	-0.0034720089341005083
18	58	-0.0034720089341005083
7	31	-0.0034720089341005087
18	55	-0.0034720089341005087
18	60	-0.0034720089341005087
18	22	-0.00347200893410051
18	69	-0.003472008934100512
18	63	-0.0034720089341005156
7	37	-0.003472008934100516
7	57	-0.0034720089341005343
7	49	-0.0034720089341005347
7	38	-0.0034720089341005373
18	20	-0.0034720089341005378
18	44	-0.0034720089341005386
18	48	-0.0034720089341005404
7	28	-0.0034720089341005412
7	22	-0.0034720089341005434
18	61	-0.0034720089341005495
18	67	-0.003472008934100551
18	66	-0.003472008934100556
18	47	-0.003472008934100569
18	46	-0.0034720089341005703
18	51	-0.003472008934100572
18	50	-0.003472008934100575
18	62	-0.0034720089341005772
18	37	-0.0034720089341005777
18	53	-0.0034720089341005785
18	54	-0.003472008934100582
18	57	-0.0034720089341005855
7	50	-0.0034720089341005868
18	49	-0.003472008934100589
7	43	-0.0034720089341005894
7	53	-0.00347200893410059
7	52	-0.0034720089341005902
7	55	-0.003472008934100592
7	67	-0.0034720089341005924
7	48	-0.003472008934100594
7	46	-0.003472008934100596
7	56	-0.0034720089341005976
7	60	-0.0034720089341005998
18	38	-0.0034720089341006106
7	39	-0.003472008934100625
7	59	-0.0034720089341006262
7	47	-0.0034720089341006284
7	51	-0.0034720089341006293
18	65	-0.0034720089341006297
7	62	-0.0034720089341006345
7	54	-0.0034720089341006505
4	38	-0.004214931300056161
4	34	-0.004214931300056168
4	46	-0.004214931300056171
4	44	-0.004214931300056173
4	68	-0.004214931300056191
4	48	-0.004214931300056192
4	47	-0.004214931300056199
4	31	-0.004214931300056206
4	33	-0.004214931300056209
4	62	-0.0042149313000562245
4	56	-0.00421493130005623
4	50	-0.004214931300056233
4	41	-0.004214931300056235
4	49	-0.004214931300056237
4	42	-0.004214931300056239
4	57	-0.004214931300056242
4	36	-0.004214931300056262
4	24	-0.0042149313000562705
4	37	-0.004214931300056275
4	39	-0.004214931300056284
4	30	-0.004214931300056285
4	66	-0.004214931300056286
4	53	-0.00421493130005629
4	43	-0.0042149313000562905
4	54	-0.004214931300056292
4	59	-0.004214931300056296
4	32	-0.004214931300056297
4	22	-0.004214931300056298
4	27	-0.0042149313000563
4	63	-0.004214931300056304
4	64	-0.004214931300056307
4	61	-0.004214931300056309
4	69	-0.0042149313000563095
4	60	-0.004214931300056313
4	55	-0.004214931300056315
4	40	-0.004214931300056315
4	35	-0.004214931300056315
4	51	-0.004214931300056317
4	28	-0.004214931300056326
4	67	-0.0042149313000563295
4	52	-0.004214931300056339
4	58	-0.004214931300056342
4	65	-0.004214931300056346
4	20	-0.004214931300056355
4	45	-0.004214931300056356
4	29	-0.004214931300056373
4	25	-0.004214931300056375
4	26	-0.004214931300056395
4	23	-0.004214931300056395
4	21	-0.004214931300056431
4	70	-0.004214931300056447
9	68	-0.004415059684485326
16	68	-0.004415059684485335
9	35	-0.004415059684485351
16	35	-0.004415059684485363
16	31	-0.004415059684485375
16	30	-0.004415059684485386
16	32	-0.004415059684485387
16	33	-0.004415059684485409
9	31	-0.004415059684485419
9	25	-0.004415059684485422
16	27	-0.004415059684485434
16	29	-0.004415059684485441
9	30	-0.004415059684485443
9	63	-0.004415059684485445
9	34	-0.0044150596844854464
9	44	-0.00441505968448545
9	47	-0.004415059684485451
16	34	-0.004415059684485453
9	43	-0.004415059684485456
16	20	-0.004415059684485461
9	51	-0.004415059684485461
9	53	-0.004415059684485462
16	21	-0.004415059684485463
9	41	-0.004415059684485465
9	55	-0.0044150596844854655
9	60	-0.0044150596844854655
9	62	-0.004415059684485469
9	42	-0.00441505968448547
9	29	-0.004415059684485471
9	45	-0.0044150596844854725
16	42	-0.00441505968448548
9	28	-0.004415059684485484
9	36	-0.004415059684485484
16	47	-0.004415059684485487
16	44	-0.004415059684485487
16	53	-0.00441505968448549
16	22	-0.004415059684485491
9	24	-0.0044150596844854915
16	40	-0.004415059684485492
16	60	-0.004415059684485492
9	20	-0.004415059684485493
9	22	-0.004415059684485493
16	46	-0.004415059684485495
16	23	-0.004415059684485497
16	49	-0.004415059684485498
16	38	-0.004415059684485501
16	45	-0.004415059684485501
16	48	-0.004415059684485503
16	28	-0.004415059684485503
9	23	-0.004415059684485503
9	59	-0.004415059684485509
16	54	-0.00441505968448551
9	33	-0.0044150596844855115
16	59	-0.004415059684485513
9	56	-0.004415059684485513
16	50	-0.004415059684485515
9	54	-0.004415059684485515
16	64	-0.004415059684485518
16	52	-0.004415059684485518
9	61	-0.0044150596844855184
9	67	-0.004415059684485519
9	32	-0.004415059684485519
16	55	-0.00441505968448552
9	58	-0.00441505968448552
9	37	-0.004415059684485521
9	50	-0.004415059684485523
16	57	-0.004415059684485524
9	27	-0.004415059684485531
16	37	-0.004415059684485533
16	43	-0.004415059684485533
9	40	-0.004415059684485533
16	51	-0.004415059684485535
16	41	-0.004415059684485537
9	49	-0.004415059684485537
16	39	-0.00441505968448554
16	62	-0.004415059684485542
16	25	-0.004415059684485556
16	69	-0.004415059684485556
16	24	-0.004415059684485563
16	63	-0.004415059684485563
16	65	-0.0044150596844855635
9	38	-0.004415059684485589
16	61	-0.00441505968448559
9	46	-0.0044150596844855965
9	39	-0.004415059684485598
16	56	-0.004415059684485601
9	52	-0.004415059684485604
9	21	-0.004415059684485606
16	58	-0.004415059684485609
16	66	-0.004415059684485609
9	48	-0.0044150596844856095
9	64	-0.00441505968448561
9	66	-0.004415059684485611
9	69	-0.004415059684485612
9	70	-0.004415059684485614
9	65	-0.004415059684485614
9	57	-0.004415059684485618
16	67	-0.00441505968448562
9	26	-0.004415059684485624
16	26	-0.004415059684485641
16	36	-0.0044150596844856945
16	70	-0.004415059684486039
1	26	-0.005277058234048161
1	38	-0.005277058234048185
1	31	-0.005277058234048186
1	32	-0.005277058234048191
1	45	-0.005277058234048195
1	36	-0.005277058234048196
1	70	-0.005277058234048197
1	49	-0.005277058234048205
1	24	-0.005277058234048216
1	37	-0.005277058234048217
1	30	-0.00527705823404822
1	33	-0.005277058234048222
1	28	-0.005277058234048224
1	47	-0.005277058234048227
1	65	-0.005277058234048229
1	22	-0.005277058234048232
1	58	-0.005277058234048233
1	53	-0.00527705823404824
1	34	-0.00527705823404824
1	56	-0.005277058234048241
1	55	-0.005277058234048244
1	66	-0.005277058234048244
1	35	-0.005277058234048249
1	29	-0.005277058234048256
1	39	-0.005277058234048258
1	43	-0.005277058234048269
1	44	-0.005277058234048274
1	48	-0.005277058234048277
1	67	-0.005277058234048277
1	41	-0.005277058234048279
1	27	-0.0052770582340482845
1	23	-0.005277058234048291
1	52	-0.0052770582340483044
1	51	-0.005277058234048309
1	68	-0.00527705823404831
1	54	-0.0052770582340483105
1	69	-0.005277058234048311
1	61	-0.005277058234048311
1	64	-0.005277058234048312
1	63	-0.005277058234048315
1	42	-0.005277058234048318
1	59	-0.005277058234048319
1	50	-0.005277058234048322
1	57	-0.0052770582340483235
1	40	-0.005277058234048328
1	60	-0.005277058234048329
1	62	-0.005277058234048331
1	46	-0.005277058234048337
1	25	-0.00527705823404835
1	21	-0.005277058234048421
1	20	-0.005277058234048458
12	36	-0.00530330509597636
12	57	-0.005303305095976464
12	30	-0.00530330509597648
12	68	-0.005303305095976481
12	34	-0.005303305095976486
12	24	-0.005303305095976487
12	64	-0.005303305095976521
12	28	-0.005303305095976522
12	55	-0.005303305095976523
12	39	-0.0053033050959765335
12	59	-0.005303305095976537
12	49	-0.005303305095976538
12	27	-0.005303305095976539
12	53	-0.005303305095976542
12	44	-0.005303305095976546
12	48	-0.005303305095976549
12	23	-0.005303305095976553
12	40	-0.005303305095976554
12	60	-0.005303305095976554
12	62	-0.0053033050959765595
12	47	-0.005303305095976565
12	54	-0.005303305095976566
12	37	-0.005303305095976568
12	35	-0.005303305095976569
12	38	-0.005303305095976572
12	33	-0.005303305095976574
12	65	-0.005303305095976577
12	56	-0.005303305095976579
12	61	-0.0053033050959765795
12	66	-0.00530330509597658
12	42	-0.00530330509597658
12	32	-0.005303305095976582
12	21	-0.005303305095976585
12	43	-0.005303305095976585
12	67	-0.005303305095976605
12	51	-0.0053033050959766055
12	31	-0.005303305095976606
12	22	-0.005303305095976607
12	26	-0.0053033050959766116
12	20	-0.005303305095976625
12	70	-0.005303305095976627
12	52	-0.005303305095976632
12	45	-0.005303305095976638
12	25	-0.005303305095976643
12	29	-0.0053033050959766445
12	46	-0.005303305095976661
12	50	-0.005303305095976663
12	41	-0.005303305095976666
12	63	-0.005303305095976667
12	58	-0.005303305095976692
12	69	-0.005303305095976694
19	68	-0.0055777725517489685
19	46	-0.005577772551748984
19	30	-0.005577772551749004
19	53	-0.005577772551749007
19	41	-0.005577772551749015
19	69	-0.005577772551749015
19	36	-0.0055777725517490205
19	39	-0.005577772551749024
19	24	-0.005577772551749027
19	31	-0.005577772551749027
19	63	-0.005577772551749028
19	50	-0.0055777725517490336
19	49	-0.005577772551749035
19	65	-0.005577772551749036
19	47	-0.0055777725517490405
19	32	-0.005577772551749044
19	42	-0.005577772551749046
19	29	-0.005577772551749047
19	51	-0.005577772551749048
19	54	-0.005577772551749051
19	26	-0.005577772551749057
19	60	-0.005577772551749057
19	45	-0.005577772551749058
19	62	-0.005577772551749059
19	35	-0.0055777725517490604
19	48	-0.005577772551749065
19	43	-0.0055777725517490665
19	67	-0.00557777255174908
19	40	-0.00557777255174909
19	58	-0.005577772551749091
19	37	-0.005577772551749092
19	33	-0.005577772551749102
19	34	-0.00557777255174911
19	64	-0.0055777725517491125
19	66	-0.005577772551749115
19	56	-0.005577772551749117
19	59	-0.005577772551749117
19	61	-0.005577772551749122
19	38	-0.005577772551749141
19	57	-0.005577772551749148
19	44	-0.005577772551749153
19	52	-0.005577772551749153
19	55	-0.005577772551749157
19	23	-0.005577772551749158
19	70	-0.005577772551749171
19	27	-0.005577772551749198
19	25	-0.005577772551749204
19	22	-0.005577772551749207
19	20	-0.00557777255174921
19	28	-0.0055777725517492105
19	21	-0.00557777255174923
10	34	-0.005778795431121255
10	36	-0.005778795431121265
10	31	-0.005778795431121283
10	29	-0.005778795431121301
10	35	-0.00577879543112135
10	33	-0.005778795431121352
10	30	-0.005778795431121358
10	28	-0.005778795431121372
10	49	-0.005778795431121387
10	22	-0.00577879543112139
10	21	-0.005778795431121393
10	26	-0.005778795431121396
10	27	-0.005778795431121397
10	25	-0.005778795431121418
10	37	-0.005778795431121432
10	23	-0.005778795431121434
10	32	-0.00577879543112144
10	43	-0.005778795431121447
10	68	-0.005778795431121455
10	47	-0.005778795431121456
10	70	-0.005778795431121485
10	52	-0.005778795431121487
10	67	-0.0057787954311214924
10	45	-0.005778795431121493
10	38	-0.005778795431121513
10	59	-0.005778795431121525
10	48	-0.005778795431121526
10	46	-0.005778795431121527
10	39	-0.005778795431121528
10	40	-0.005778795431121533
10	60	-0.005778795431121534
10	42	-0.005778795431121539
10	62	-0.005778795431121541
10	53	-0.005778795431121546
10	51	-0.005778795431121546
10	64	-0.005778795431121548
10	61	-0.005778795431121548
10	24	-0.005778795431121549
10	54	-0.005778795431121549
10	66	-0.005778795431121549
10	55	-0.00577879543112155
10	41	-0.00577879543112155
10	69	-0.00577879543112155
10	65	-0.0057787954311215506
10	63	-0.005778795431121551
10	50	-0.005778795431121552
10	57	-0.005778795431121556
10	58	-0.005778795431121556
10	44	-0.005778795431121565
10	20	-0.005778795431121596
10	56	-0.005778795431121619
17	68	-0.006148596534814744
8	45	-0.006148596534814821
17	24	-0.0061485965348148305
17	70	-0.006148596534814839
17	36	-0.0061485965348149
17	26	-0.006148596534814931
8	36	-0.006148596534814935
8	31	-0.0061485965348149355
8	35	-0.0061485965348149615
17	35	-0.0061485965348149615
17	31	-0.006148596534815012
8	24	-0.006148596534815014
8	33	-0.006148596534815018
8	66	-0.006148596534815019
8	65	-0.006148596534815021
8	42	-0.006148596534815021
8	39	-0.006148596534815025
8	46	-0.0061485965348150266
8	49	-0.006148596534815027
8	43	-0.006148596534815028
8	58	-0.00614859653481503
8	70	-0.006148596534815033
8	68	-0.006148596534815033
8	56	-0.0061485965348150335
8	51	-0.0061485965348150335
8	59	-0.006148596534815034
8	48	-0.006148596534815035
8	40	-0.006148596534815035
8	44	-0.006148596534815037
8	55	-0.006148596534815037
8	50	-0.006148596534815039
8	52	-0.0061485965348150404
8	61	-0.006148596534815041
8	64	-0.006148596534815041
8	57	-0.006148596534815042
8	54	-0.006148596534815042
8	62	-0.006148596534815044
8	41	-0.006148596534815044
8	60	-0.006148596534815044
8	69	-0.006148596534815044
8	63	-0.006148596534815045
8	23	-0.006148596534815048
8	38	-0.006148596534815048
17	29	-0.006148596534815062
8	37	-0.006148596534815067
17	30	-0.006148596534815079
8	67	-0.0061485965348150795
17	42	-0.006148596534815089
17	46	-0.0061485965348150925
17	51	-0.006148596534815095
17	32	-0.006148596534815095
17	56	-0.006148596534815097
17	44	-0.006148596534815099
17	60	-0.006148596534815099
17	47	-0.006148596534815101
17	59	-0.006148596534815104
17	23	-0.006148596534815105
17	48	-0.006148596534815105
17	49	-0.0061485965348151055
17	62	-0.0061485965348151055
17	37	-0.006148596534815107
8	22	-0.006148596534815108
8	26	-0.00614859653481511
8	34	-0.006148596534815112
17	38	-0.006148596534815114
8	53	-0.00614859653481512
8	47	-0.006148596534815124
17	33	-0.006148596534815125
8	30	-0.0061485965348151254
17	21	-0.006148596534815134
8	29	-0.006148596534815138
17	40	-0.006148596534815138
17	53	-0.0061485965348151385
17	52	-0.006148596534815139
17	34	-0.006148596534815139
17	39	-0.00614859653481514
17	27	-0.006148596534815143
8	32	-0.00614859653481515
17	55	-0.0061485965348151515
17	45	-0.006148596534815154
17	43	-0.006148596534815155
17	57	-0.006148596534815157
17	54	-0.006148596534815158
17	58	-0.006148596534815158
17	61	-0.006148596534815158
17	41	-0.00614859653481516
17	63	-0.006148596534815161
17	50	-0.006148596534815162
17	20	-0.006148596534815165
17	28	-0.006148596534815167
17	22	-0.006148596534815171
8	27	-0.006148596534815174
8	28	-0.006148596534815177
17	66	-0.006148596534815188
17	65	-0.00614859653481519
8	20	-0.006148596534815192
8	21	-0.006148596534815196
17	69	-0.006148596534815196
17	64	-0.0061485965348152
17	67	-0.006148596534815206
17	25	-0.006148596534815243
8	25	-0.006148596534815268
15	35	-0.006289098132349729
15	27	-0.0062890981323497335
15	31	-0.006289098132349738
15	30	-0.006289098132349739
15	33	-0.006289098132349742
15	32	-0.006289098132349753
15	34	-0.006289098132349771
15	70	-0.006289098132349773
15	28	-0.006289098132349797
15	29	-0.0062890981323497986
15	23	-0.006289098132349831
15	59	-0.0062890981323498315
15	45	-0.006289098132349837
15	38	-0.006289098132349838
15	51	-0.006289098132349838
15	56	-0.0062890981323498385
15	64	-0.00628909813234984
15	58	-0.006289098132349841
15	66	-0.006289098132349841
15	69	-0.006289098132349842
15	63	-0.006289098132349844
15	62	-0.00628909813234985
15	55	-0.006289098132349853
15	61	-0.006289098132349853
15	53	-0.006289098132349855
15	21	-0.006289098132349858
15	60	-0.006289098132349859
15	67	-0.006289098132349861
15	39	-0.006289098132349862
15	22	-0.006289098132349868
15	46	-0.006289098132349868
15	43	-0.0062890981323498706
15	40	-0.006289098132349876
15	44	-0.006289098132349877
15	47	-0.006289098132349878
15	25	-0.006289098132349882
15	49	-0.006289098132349885
15	36	-0.006289098132349887
15	20	-0.0062890981323499105
15	68	-0.006289098132349927
15	54	-0.006289098132349928
15	50	-0.006289098132349929
15	37	-0.0062890981323499295
15	57	-0.0062890981323499295
15	42	-0.00628909813234993
15	41	-0.006289098132349934
15	48	-0.0062890981323499365
15	65	-0.006289098132349938
15	52	-0.006289098132349942
15	24	-0.006289098132349989
15	26	-0.006289098132349994
27	71	-0.00651230618231236
31	71	-0.006512306182312364
23	71	-0.006512306182312392
63	71	-0.006512306182312423
59	71	-0.006512306182312424
22	71	-0.006512306182312438
28	71	-0.006512306182312445
29	71	-0.006512306182312446
56	71	-0.0065123061823124575
41	71	-0.006512306182312458
61	71	-0.006512306182312462
68	71	-0.006512306182312463
39	71	-0.006512306182312466
70	71	-0.006512306182312467
51	71	-0.006512306182312471
43	71	-0.006512306182312472
33	71	-0.006512306182312478
49	71	-0.006512306182312485
62	71	-0.006512306182312485
67	71	-0.006512306182312487
66	71	-0.006512306182312508
36	71	-0.006512306182312519
24	71	-0.00651230618231252
30	71	-0.006512306182312521
57	71	-0.006512306182312524
35	71	-0.006512306182312526
47	71	-0.006512306182312528
25	71	-0.006512306182312533
37	71	-0.006512306182312536
54	71	-0.00651230618231254
26	71	-0.0065123061823125425
58	71	-0.006512306182312547
42	71	-0.006512306182312552
21	71	-0.006512306182312555
46	71	-0.006512306182312555
38	71	-0.006512306182312556
64	71	-0.006512306182312569
44	71	-0.00651230618231257
40	71	-0.006512306182312571
55	71	-0.006512306182312572
34	71	-0.006512306182312572
45	71	-0.006512306182312588
69	71	-0.006512306182312589
48	71	-0.006512306182312595
65	71	-0.006512306182312596
32	71	-0.006512306182312599
52	71	-0.0065123061823126
50	71	-0.006512306182312604
60	71	-0.006512306182312604
53	71	-0.006512306182312604
20	71	-0.006512306182312611
14	30	-0.006874972868490704
14	55	-0.006874972868490742
14	31	-0.006874972868490743
14	67	-0.006874972868490745
14	64	-0.006874972868490745
14	40	-0.00687497286849075
14	52	-0.006874972868490755
14	65	-0.006874972868490757
14	70	-0.006874972868490777
14	34	-0.006874972868490783
14	33	-0.0068749728684908
14	32	-0.0068749728684908
14	54	-0.006874972868490807
14	49	-0.006874972868490816
14	29	-0.006874972868490818
14	45	-0.006874972868490823
14	48	-0.006874972868490833
14	20	-0.006874972868490835
14	57	-0.006874972868490837
14	62	-0.0068749728684908374
14	44	-0.0068749728684908374
14	68	-0.0068749728684908374
14	27	-0.006874972868490842
14	50	-0.006874972868490843
14	35	-0.0068749728684908435
14	37	-0.006874972868490846
14	59	-0.006874972868490849
14	28	-0.006874972868490852
14	46	-0.006874972868490865
14	53	-0.006874972868490868
14	56	-0.0068749728684908695
14	60	-0.006874972868490873
14	24	-0.006874972868490874
14	47	-0.006874972868490875
14	38	-0.006874972868490877
14	43	-0.00687497286849088
14	42	-0.00687497286849088
14	39	-0.006874972868490885
14	63	-0.0068749728684908895
14	25	-0.00687497286849089
14	36	-0.006874972868490891
14	22	-0.006874972868490893
14	66	-0.006874972868490894
14	51	-0.0068749728684908955
14	58	-0.006874972868490899
14	41	-0.006874972868490901
14	69	-0.006874972868490901
14	61	-0.006874972868490904
14	21	-0.0068749728684909615
14	26	-0.006874972868490964
14	23	-0.006874972868490968
6	36	-0.007221949846012868
6	30	-0.007221949846012869
6	50	-0.007221949846012871
6	51	-0.0072219498460128866
6	52	-0.007221949846012899
6	34	-0.007221949846012899
6	46	-0.0072219498460129004
6	53	-0.007221949846012903
6	60	-0.007221949846012904
6	64	-0.007221949846012906
6	54	-0.007221949846012907
6	44	-0.007221949846012908
6	55	-0.007221949846012908
6	48	-0.007221949846012909
6	47	-0.00722194984601291
6	31	-0.00722194984601291
6	57	-0.007221949846012915
6	49	-0.007221949846012918
6	35	-0.007221949846012941
6	24	-0.007221949846012945
6	26	-0.0072219498460129455
6	39	-0.007221949846012948
6	42	-0.007221949846012951
6	43	-0.007221949846012958
6	68	-0.007221949846012959
6	40	-0.007221949846012963
6	41	-0.007221949846012964
6	59	-0.007221949846012965
6	37	-0.007221949846012973
6	69	-0.007221949846012973
6	56	-0.007221949846012973
6	62	-0.00722194984601298
6	61	-0.007221949846012984
6	22	-0.007221949846012985
6	32	-0.007221949846012985
6	63	-0.0072219498460129854
6	66	-0.0072219498460129854
6	33	-0.007221949846012988
6	70	-0.007221949846012991
6	28	-0.007221949846012998
6	27	-0.007221949846013002
6	29	-0.007221949846013004
6	21	-0.007221949846013015
6	65	-0.007221949846013019
6	45	-0.007221949846013029
6	67	-0.007221949846013032
6	20	-0.0072219498460130375
6	38	-0.00722194984601304
6	23	-0.007221949846013059
6	25	-0.0072219498460130704
6	58	-0.007221949846013084
5	68	-0.007596484436722947
5	36	-0.007596484436723022
5	59	-0.007596484436723028
5	67	-0.007596484436723033
5	53	-0.007596484436723033
5	39	-0.007596484436723033
5	64	-0.0075964844367230385
5	61	-0.0075964844367230385
5	34	-0.0075964844367230385
5	54	-0.00759648443672304
5	55	-0.00759648443672304
5	69	-0.007596484436723042
5	63	-0.007596484436723044
5	66	-0.0075964844367230454
5	30	-0.0075964844367230454
5	57	-0.007596484436723049
5	47	-0.007596484436723052
5	62	-0.007596484436723053
5	29	-0.007596484436723056
5	37	-0.007596484436723059
5	43	-0.007596484436723062
5	45	-0.00759648443672307
5	56	-0.0075964844367230715
5	31	-0.007596484436723076
5	44	-0.0075964844367230775
5	50	-0.007596484436723078
5	49	-0.007596484436723082
5	40	-0.007596484436723083
5	38	-0.007596484436723084
5	24	-0.0075964844367230845
5	42	-0.0075964844367230845
5	27	-0.00759648443672309
5	48	-0.007596484436723096
5	41	-0.007596484436723103
5	22	-0.007596484436723105
5	52	-0.007596484436723111
5	58	-0.007596484436723115
5	51	-0.007596484436723131
5	35	-0.007596484436723136
5	60	-0.0075964844367231365
5	28	-0.007596484436723137
5	32	-0.007596484436723137
5	23	-0.007596484436723143
5	33	-0.007596484436723153
5	21	-0.007596484436723161
5	46	-0.007596484436723165
5	65	-0.007596484436723175
5	25	-0.007596484436723176
5	20	-0.007596484436723186
5	70	-0.007596484436723237
5	26	-0.007596484436723254
11	36	-0.007691784038356456
11	34	-0.007691784038356603
11	31	-0.007691784038356621
11	33	-0.007691784038356636
11	57	-0.007691784038356647
11	35	-0.007691784038356679
11	28	-0.0076917840383566825
11	27	-0.007691784038356698
11	32	-0.0076917840383567025
11	30	-0.0076917840383567155
11	38	-0.0076917840383567675
11	68	-0.0076917840383567675
11	67	-0.007691784038356769
11	21	-0.007691784038356773
11	64	-0.007691784038356773
11	24	-0.007691784038356778
11	29	-0.007691784038356792
11	45	-0.007691784038356795
11	56	-0.007691784038356796
11	23	-0.007691784038356797
11	40	-0.007691784038356799
11	58	-0.007691784038356799
11	55	-0.0076917840383568005
11	60	-0.0076917840383568005
11	44	-0.0076917840383568074
11	26	-0.00769178403835681
11	42	-0.007691784038356813
11	49	-0.007691784038356815
11	39	-0.007691784038356817
11	25	-0.007691784038356818
11	59	-0.007691784038356818
11	48	-0.007691784038356819
11	47	-0.007691784038356819
11	41	-0.00769178403835683
11	22	-0.007691784038356836
11	37	-0.007691784038356845
11	46	-0.007691784038356853
11	20	-0.007691784038356858
11	54	-0.0076917840383568595
11	66	-0.0076917840383568655
11	70	-0.0076917840383568725
11	69	-0.0076917840383568725
11	50	-0.007691784038356874
11	43	-0.007691784038356875
11	53	-0.007691784038356884
11	65	-0.007691784038356885
11	62	-0.0076917840383568855
11	61	-0.0076917840383568855
11	52	-0.007691784038356889
11	63	-0.007691784038356891
11	51	-0.007691784038356899
3	32	-0.007986719543713399
3	46	-0.007986719543713404
3	43	-0.007986719543713407
3	51	-0.007986719543713407
3	39	-0.007986719543713407
3	30	-0.00798671954371341
3	52	-0.007986719543713421
3	34	-0.007986719543713421
3	62	-0.007986719543713425
3	61	-0.007986719543713425
3	41	-0.007986719543713428
3	65	-0.00798671954371343
3	58	-0.007986719543713435
3	66	-0.007986719543713437
3	36	-0.007986719543713437
3	69	-0.007986719543713439
3	68	-0.007986719543713439
3	63	-0.00798671954371344
3	38	-0.007986719543713463
3	45	-0.007986719543713479
3	28	-0.007986719543713482
3	31	-0.007986719543713482
3	42	-0.007986719543713494
3	59	-0.007986719543713496
3	53	-0.007986719543713503
3	56	-0.007986719543713505
3	40	-0.007986719543713506
3	44	-0.007986719543713508
3	60	-0.007986719543713508
3	55	-0.007986719543713508
3	48	-0.007986719543713515
3	47	-0.007986719543713517
3	64	-0.007986719543713527
3	21	-0.007986719543713532
3	33	-0.007986719543713541
3	54	-0.007986719543713553
3	29	-0.007986719543713558
3	50	-0.007986719543713567
3	57	-0.00798671954371357
3	37	-0.007986719543713572
3	49	-0.007986719543713572
3	24	-0.007986719543713576
3	27	-0.007986719543713584
3	67	-0.007986719543713591
3	35	-0.00798671954371363
3	22	-0.007986719543713643
3	26	-0.007986719543713652
3	23	-0.007986719543713668
3	25	-0.007986719543713678
3	20	-0.00798671954371369
3	70	-0.007986719543713787
13	36	-0.008550005405041958
13	70	-0.008550005405042006
13	68	-0.00855000540504203
13	32	-0.008550005405042072
13	30	-0.008550005405042116
13	34	-0.008550005405042124
13	31	-0.008550005405042126
13	33	-0.008550005405042128
13	28	-0.008550005405042162
13	39	-0.008550005405042171
13	29	-0.008550005405042185
13	35	-0.008550005405042192
13	65	-0.008550005405042199
13	59	-0.008550005405042202
13	26	-0.008550005405042206
13	56	-0.008550005405042211
13	23	-0.008550005405042216
13	63	-0.008550005405042216
13	55	-0.00855000540504222
13	57	-0.008550005405042223
13	62	-0.008550005405042225
13	38	-0.008550005405042227
13	37	-0.008550005405042227
13	48	-0.008550005405042227
13	67	-0.008550005405042227
13	46	-0.00855000540504223
13	42	-0.008550005405042232
13	53	-0.008550005405042235
13	27	-0.008550005405042237
13	43	-0.008550005405042239
13	45	-0.008550005405042239
13	44	-0.00855000540504224
13	51	-0.00855000540504224
13	52	-0.008550005405042242
13	61	-0.008550005405042244
13	64	-0.008550005405042244
13	24	-0.008550005405042246
13	41	-0.008550005405042246
13	54	-0.008550005405042246
13	66	-0.008550005405042246
13	69	-0.008550005405042246
13	40	-0.008550005405042246
13	58	-0.008550005405042246
13	60	-0.008550005405042246
13	47	-0.008550005405042247
13	50	-0.00855000540504225
13	49	-0.008550005405042256
13	21	-0.00855000540504226
13	22	-0.008550005405042293
13	20	-0.008550005405042294
13	25	-0.008550005405042325