#==========================================================================
# The first and second rows contain site pairs (i, j) such that j > i
# The third row contains coevolutionary scores obtained 
# using EVCouplings algorithm.
# Note that in this data sites are counted/labelled starting from 1
#==========================================================================
46	56	2.482648
17	29	2.465097
45	57	2.460665
18	28	2.43433
44	58	2.365498
15	31	2.283654
43	59	2.277417
16	30	2.197525
47	55	1.876958
19	27	1.837009
42	60	1.82748
14	32	1.795425
6	66	1.732252
13	33	1.581904
4	68	1.579886
7	65	1.416056
5	67	1.361931
3	69	1.252682
20	27	0.869832
53	54	0.857973
2	70	0.807445
23	52	0.775571
9	63	0.73916
51	52	0.580254
50	51	0.54076
21	22	0.461777
19	20	0.434599
52	53	0.423891
42	61	0.413665
13	32	0.404547
50	52	0.329797
25	26	0.310527
22	51	0.31034
12	13	0.309986
52	54	0.301642
23	50	0.29734
22	54	0.288121
22	53	0.285609
13	14	0.266224
21	52	0.256494
24	50	0.242774
21	54	0.232058
23	51	0.231457
22	23	0.226284
24	26	0.226264
48	49	0.219306
24	25	0.217112
1	2	0.211013
5	6	0.208029
41	61	0.207532
18	19	0.204551
22	52	0.201092
49	50	0.198733
14	33	0.196772
22	27	0.195108
5	66	0.186351
21	53	0.184008
22	50	0.183187
12	33	0.183004
51	54	0.179447
9	39	0.179409
70	71	0.17823
39	63	0.178183
68	71	0.176653
22	26	0.17652
32	33	0.176483
24	36	0.175801
68	69	0.167601
13	36	0.16255
48	50	0.162325
22	25	0.160504
12	31	0.158851
66	71	0.155668
12	62	0.150873
21	51	0.150784
19	28	0.148324
21	25	0.147378
37	38	0.146943
21	48	0.142986
21	26	0.141722
34	41	0.139698
1	71	0.137537
69	70	0.136445
2	5	0.129786
20	21	0.12923
16	24	0.128203
12	36	0.128057
33	62	0.123946
21	23	0.123449
35	48	0.123285
6	71	0.122481
12	43	0.121115
23	26	0.118676
35	37	0.117025
2	3	0.117023
36	39	0.115478
23	25	0.114094
23	24	0.112863
35	36	0.111821
49	51	0.111361
7	68	0.109576
32	62	0.108008
62	70	0.107834
48	66	0.106635
26	53	0.104101
67	68	0.102272
24	69	0.099666
12	70	0.099637
3	4	0.097746
1	15	0.097503
6	22	0.096688
24	51	0.095535
6	48	0.094906
5	65	0.094198
61	62	0.093638
69	71	0.093582
4	5	0.092428
21	50	0.091779
6	63	0.091506
26	49	0.091287
41	59	0.09098
41	70	0.089284
46	47	0.088723
14	61	0.088421
20	38	0.086906
48	55	0.085499
2	71	0.083528
51	53	0.08229
2	22	0.081697
38	64	0.081359
13	19	0.080717
65	69	0.080332
61	65	0.080327
20	65	0.079671
20	24	0.07953
3	7	0.077769
35	49	0.077568
15	29	0.077567
47	70	0.075623
1	3	0.075341
6	9	0.07465
1	12	0.074553
15	61	0.073771
19	61	0.073765
35	38	0.07346
12	59	0.073387
62	68	0.073117
13	31	0.072983
31	42	0.072888
4	37	0.072854
1	4	0.072307
34	69	0.071541
44	56	0.071519
35	64	0.070487
17	71	0.070101
13	27	0.069646
31	61	0.069411
37	64	0.068697
59	70	0.068635
12	51	0.068576
15	17	0.068368
3	42	0.067562
2	4	0.066909
60	61	0.066791
1	31	0.065879
63	67	0.065659
22	66	0.065378
32	36	0.065271
33	65	0.064663
43	61	0.064565
12	21	0.063374
27	65	0.063141
59	61	0.063125
67	71	0.062696
41	67	0.062454
4	24	0.062111
15	16	0.061949
25	53	0.061176
9	67	0.061153
51	68	0.060228
5	69	0.06
21	49	0.059942
14	62	0.059395
13	62	0.059261
66	67	0.059203
36	46	0.058021
36	51	0.057974
5	32	0.05698
9	65	0.056955
3	6	0.0564
20	46	0.056392
18	55	0.056036
36	43	0.055126
2	67	0.055054
16	28	0.055018
19	23	0.054924
23	39	0.054829
17	69	0.054604
46	48	0.054432
36	58	0.053967
5	30	0.053531
55	56	0.053343
67	70	0.052711
36	44	0.052471
5	14	0.05235
1	43	0.052013
34	36	0.051859
63	65	0.051817
45	61	0.051624
47	49	0.051561
20	54	0.051524
39	69	0.050528
17	31	0.050439
12	37	0.05038
54	71	0.049451
2	20	0.049424
4	67	0.048993
67	69	0.048815
1	53	0.04852
24	52	0.048437
61	71	0.04837
51	69	0.048338
3	24	0.047997
29	41	0.047819
21	37	0.047431
1	17	0.047392
60	71	0.047188
29	30	0.04689
62	69	0.046563
12	54	0.046517
19	34	0.0465
47	48	0.046055
22	24	0.046053
24	45	0.045678
6	32	0.045442
4	70	0.044477
41	43	0.04441
30	31	0.044205
19	22	0.044041
36	69	0.043649
43	70	0.043435
34	71	0.043419
63	71	0.0433
2	58	0.043185
28	30	0.043017
42	67	0.042901
13	15	0.042838
3	51	0.042833
64	68	0.042278
3	65	0.041992
12	46	0.041981
42	59	0.041978
37	51	0.041817
15	19	0.041588
25	60	0.041574
49	53	0.041452
3	71	0.041174
20	48	0.041147
1	5	0.040808
50	69	0.040759
12	15	0.040736
16	23	0.040454
57	68	0.04018
23	60	0.039828
12	55	0.038452
64	71	0.038408
29	31	0.038394
36	64	0.038292
17	19	0.038084
4	54	0.038029
38	51	0.038009
43	62	0.037882
64	67	0.037605
55	71	0.037514
20	44	0.037486
5	16	0.037238
21	27	0.037147
50	54	0.036968
44	61	0.036866
28	68	0.036652
9	71	0.036431
32	35	0.036387
20	55	0.036284
41	58	0.036283
26	54	0.036269
20	23	0.036241
4	69	0.036136
36	65	0.036077
47	56	0.035868
33	61	0.035783
20	33	0.03578
10	40	0.035679
47	62	0.035548
5	39	0.035368
2	17	0.03523
64	69	0.03505
1	32	0.034986
36	56	0.034966
55	62	0.034858
41	69	0.034768
9	36	0.034558
34	54	0.034138
36	59	0.034018
29	37	0.033261
21	24	0.033141
12	34	0.032934
6	49	0.032926
64	66	0.032712
3	64	0.032667
10	38	0.032616
2	64	0.032556
62	66	0.032234
58	63	0.032112
2	12	0.032069
45	60	0.031985
64	70	0.031794
36	63	0.03173
24	41	0.031593
38	40	0.031565
22	36	0.031482
9	23	0.031211
25	49	0.031195
18	66	0.031113
33	43	0.030966
1	38	0.030787
44	64	0.030402
1	48	0.03032
60	65	0.030276
10	37	0.030161
2	61	0.02995
35	68	0.029937
31	60	0.029891
44	45	0.029867
12	61	0.029849
39	55	0.029796
39	70	0.029624
1	64	0.029595
38	43	0.029493
17	18	0.029257
60	63	0.029243
28	34	0.029046
27	28	0.029017
7	12	0.028862
20	71	0.028778
34	61	0.02876
13	47	0.028598
37	40	0.028527
41	50	0.028298
35	50	0.028188
14	15	0.028046
42	58	0.027978
12	28	0.027847
13	41	0.027834
3	66	0.0278
42	62	0.027771
41	48	0.027734
49	66	0.027653
7	50	0.02722
37	59	0.027154
24	34	0.027125
42	57	0.027113
34	43	0.027059
30	61	0.026989
35	46	0.026786
6	67	0.026666
14	16	0.026627
36	38	0.026358
34	53	0.026342
1	29	0.026327
65	66	0.026172
15	42	0.02612
6	46	0.025896
39	58	0.025891
55	60	0.025887
49	54	0.025869
59	64	0.025622
12	45	0.02557
2	51	0.025513
4	50	0.025495
28	29	0.025411
33	60	0.0254
23	68	0.025374
29	59	0.025321
25	28	0.02526
1	7	0.025208
21	70	0.025188
65	68	0.025159
2	38	0.025122
4	71	0.02511
5	62	0.02504
37	46	0.024798
37	57	0.024779
14	29	0.024669
59	60	0.02465
61	67	0.024539
13	70	0.024392
35	62	0.024314
38	59	0.024104
28	37	0.023936
34	50	0.023906
9	60	0.023839
19	41	0.023755
5	9	0.02371
12	14	0.023695
39	52	0.023658
19	21	0.02343
5	63	0.023373
23	63	0.023224
14	24	0.02315
24	65	0.02307
61	66	0.023038
55	63	0.022857
9	55	0.022851
36	47	0.022562
41	60	0.022365
13	20	0.022322
49	70	0.022268
3	62	0.022206
61	69	0.022167
36	68	0.022076
47	71	0.022032
24	29	0.021971
4	41	0.021913
37	48	0.021893
23	36	0.021451
37	68	0.021402
25	65	0.02139
35	56	0.021374
25	33	0.021091
37	43	0.021022
2	40	0.020914
31	62	0.020678
42	52	0.020663
8	38	0.020637
20	37	0.02061
16	61	0.020586
1	14	0.020581
2	21	0.020565
40	46	0.020427
39	47	0.020374
41	47	0.020344
44	57	0.020313
6	7	0.020047
1	67	0.019881
23	71	0.019802
18	25	0.019779
24	71	0.019679
11	47	0.019651
39	67	0.019639
39	44	0.019609
28	66	0.019572
39	45	0.019467
35	65	0.01943
32	45	0.01925
35	55	0.019125
7	57	0.019042
38	44	0.018918
1	40	0.018868
3	32	0.018685
1	51	0.018651
45	49	0.018578
36	62	0.018548
3	53	0.018462
4	33	0.01827
7	62	0.018221
8	10	0.018101
21	47	0.018047
37	65	0.017948
45	46	0.017823
34	47	0.017797
39	57	0.017717
4	64	0.017642
17	64	0.017545
62	67	0.017477
11	36	0.017166
7	41	0.01686
34	45	0.016848
28	53	0.016823
37	49	0.016666
41	65	0.016537
23	53	0.016388
24	66	0.016292
15	62	0.016227
7	42	0.016203
11	52	0.016154
36	55	0.016149
40	65	0.015848
26	31	0.015796
65	67	0.015716
24	49	0.015674
41	71	0.015413
2	48	0.015363
7	39	0.015306
36	60	0.015219
20	35	0.014995
4	46	0.014958
2	35	0.014824
21	66	0.014801
5	64	0.01473
3	38	0.014614
3	30	0.014576
11	50	0.014572
26	50	0.014454
37	56	0.014437
4	29	0.014427
24	31	0.014369
4	59	0.014281
27	62	0.014196
40	41	0.014094
1	66	0.014081
16	49	0.014062
24	61	0.014053
48	65	0.014034
43	58	0.0139
54	58	0.013855
5	21	0.013838
27	47	0.013782
12	18	0.013761
37	45	0.013755
51	55	0.013711
53	71	0.01366
47	51	0.013659
16	18	0.013628
1	23	0.01347
34	60	0.013462
2	46	0.013362
6	64	0.01336
5	22	0.013192
3	67	0.013176
28	38	0.01309
7	11	0.012918
15	60	0.012901
27	34	0.012875
1	35	0.012835
6	21	0.012753
38	68	0.012632
9	61	0.012618
7	25	0.012446
27	48	0.012424
36	54	0.012369
1	47	0.012344
1	34	0.012225
34	55	0.012225
18	49	0.012169
13	45	0.012069
44	60	0.01204
36	40	0.011998
35	71	0.011842
58	64	0.011838
64	65	0.011823
14	70	0.011718
34	46	0.01166
10	12	0.01148
11	59	0.01148
8	9	0.011441
1	10	0.01144
37	50	0.011287
19	62	0.011233
48	51	0.011232
38	67	0.011224
19	70	0.011186
33	50	0.011165
1	25	0.011069
68	70	0.010935
58	60	0.010757
9	52	0.0107
5	60	0.010652
9	25	0.010585
39	65	0.010572
9	58	0.010559
7	40	0.010246
5	11	0.010167
36	50	0.010153
45	48	0.01011
7	35	0.010004
46	55	0.009871
11	33	0.009776
2	11	0.009669
25	63	0.009528
18	38	0.009407
9	32	0.009391
9	10	0.009369
61	63	0.009346
45	68	0.009319
1	19	0.009264
19	39	0.009213
11	32	0.009201
3	21	0.008968
35	43	0.008957
4	38	0.008885
27	67	0.008847
48	57	0.008843
57	67	0.008758
34	42	0.008737
17	45	0.008648
5	8	0.008637
33	59	0.008629
7	66	0.008613
35	51	0.008471
24	63	0.008458
34	58	0.008443
6	35	0.008351
19	25	0.008227
3	10	0.008191
1	39	0.008145
39	46	0.008094
3	56	0.008042
48	53	0.008031
33	41	0.007953
7	20	0.007865
66	70	0.007862
4	16	0.007751
29	64	0.007693
10	67	0.007598
11	43	0.00759
33	38	0.007563
2	8	0.007549
35	39	0.00744
37	44	0.007392
56	62	0.007378
17	37	0.007364
7	8	0.007312
30	47	0.007221
35	59	0.007208
22	48	0.007203
19	26	0.007197
14	36	0.007087
59	63	0.006994
7	10	0.006989
19	42	0.006951
10	56	0.006847
2	10	0.006735
42	69	0.006706
38	50	0.006644
37	58	0.006603
2	41	0.006539
32	66	0.006119
33	70	0.006119
8	40	0.006113
8	11	0.006101
7	48	0.006095
21	29	0.006086
11	60	0.006018
1	55	0.006015
8	30	0.006011
12	71	0.005961
8	67	0.005872
21	35	0.005858
40	58	0.00585
2	53	0.00584
10	11	0.005799
11	40	0.00569
20	53	0.005511
7	64	0.00541
8	16	0.005367
1	68	0.005241
16	39	0.00523
1	8	0.005187
42	71	0.005155
52	63	0.005155
13	40	0.005076
39	61	0.005039
22	49	0.005025
36	49	0.004855
57	61	0.004838
49	59	0.004793
45	70	0.004779
31	33	0.00476
8	12	0.004739
34	67	0.004728
13	65	0.004695
29	49	0.004607
60	64	0.004574
11	42	0.004567
9	29	0.004493
42	55	0.004469
24	37	0.004466
62	64	0.004393
1	41	0.004378
27	39	0.004376
41	51	0.004341
50	53	0.00434
1	11	0.004312
26	28	0.004293
1	62	0.004282
12	57	0.004197
12	40	0.004129
29	69	0.004125
10	20	0.004074
11	57	0.003934
6	50	0.003868
24	53	0.003845
40	68	0.003834
4	8	0.003818
30	39	0.003648
12	48	0.003623
40	70	0.003603
10	46	0.003577
20	47	0.003563
48	71	0.003474
1	37	0.00344
3	8	0.003439
35	52	0.003416
30	44	0.003383
2	57	0.003289
8	34	0.003283
62	63	0.00325
3	54	0.003236
8	64	0.00318
49	56	0.003174
7	60	0.003091
11	44	0.003067
35	66	0.003046
18	50	0.003032
6	61	0.003007
9	24	0.002993
14	17	0.002986
6	69	0.002981
39	66	0.002784
8	39	0.002774
6	8	0.002746
11	70	0.002739
30	45	0.002691
8	20	0.002655
11	56	0.002641
7	9	0.002635
16	37	0.002578
22	37	0.00254
8	71	0.002478
8	23	0.002412
10	16	0.002291
17	49	0.002282
10	34	0.002258
33	44	0.002248
10	64	0.002238
11	14	0.00223
6	24	0.002169
42	65	0.002099
34	56	0.002072
11	45	0.002035
11	65	0.00198
11	38	0.001949
11	58	0.001928
4	65	0.001916
25	50	0.00191
54	70	0.00189
9	59	0.001869
8	26	0.001861
3	34	0.001832
11	46	0.0018
33	35	0.001787
11	13	0.001754
38	69	0.001689
8	58	0.001657
10	39	0.001655
12	22	0.001635
10	71	0.001632
40	64	0.001632
10	13	0.001614
46	54	0.001596
34	40	0.001578
51	64	0.001532
11	64	0.00152
26	55	0.001514
11	34	0.001494
40	43	0.001481
6	56	0.001465
9	66	0.001383
20	41	0.00134
63	64	0.001338
54	68	0.001253
12	39	0.00125
19	40	0.00122
8	25	0.001177
4	40	0.001098
4	9	0.001096
10	33	0.001048
11	30	0.001017
16	40	0.001013
31	64	0.000988
11	17	0.000968
40	52	0.000961
8	37	0.000956
8	48	0.000938
39	40	0.0009
34	65	0.000886
3	52	0.000868
19	31	0.000842
40	61	0.000804
11	39	0.000784
26	42	0.000784
8	35	0.00072
60	67	0.000717
8	33	0.000695
36	37	0.000653
38	46	0.000517
10	26	0.000503
42	45	0.000496
46	62	0.000429
38	58	0.000428
19	53	0.000403
43	48	0.000363
5	10	0.000332
38	60	0.000311
2	37	0.000289
23	47	0.000256
46	52	0.000198
8	55	0.000192
8	70	9.5e-05
3	59	7.6e-05
32	63	7e-05
13	56	3.3e-05
8	27	-3.7e-05
22	34	-3.7e-05
36	61	-7.8e-05
2	9	-0.000125
11	66	-0.000135
25	31	-0.000272
47	61	-0.000332
35	69	-0.000346
26	43	-0.000374
10	25	-0.000388
40	56	-0.00043
26	40	-0.000462
8	49	-0.000559
18	26	-0.000614
11	26	-0.000627
44	49	-0.000632
8	62	-0.00066
43	64	-0.000671
10	48	-0.000681
40	59	-0.000719
10	35	-0.000759
4	18	-0.0008
4	32	-0.000817
55	64	-0.000827
63	66	-0.000862
3	61	-0.000865
26	33	-0.000965
19	64	-0.000973
32	37	-0.000981
11	29	-0.001076
5	40	-0.001155
4	10	-0.001162
8	36	-0.001165
25	66	-0.001177
11	55	-0.001231
3	11	-0.001234
63	69	-0.001274
7	34	-0.001297
29	63	-0.001297
8	69	-0.001311
40	50	-0.001318
32	41	-0.001329
9	45	-0.001332
17	41	-0.001339
27	40	-0.001347
17	62	-0.001366
40	44	-0.001379
8	41	-0.00139
8	63	-0.001409
10	69	-0.001433
7	31	-0.001451
32	39	-0.00149
10	18	-0.001513
25	40	-0.001538
2	54	-0.001561
28	69	-0.001586
6	27	-0.001587
10	65	-0.001605
23	37	-0.001608
11	25	-0.00163
40	51	-0.001676
10	57	-0.001711
10	36	-0.001726
11	37	-0.001735
10	70	-0.001788
11	71	-0.001818
35	40	-0.001824
40	48	-0.001846
13	57	-0.001917
11	35	-0.001933
16	56	-0.001985
11	48	-0.002034
9	42	-0.002137
8	47	-0.002151
6	10	-0.002169
18	68	-0.002184
3	68	-0.002237
6	51	-0.002256
8	50	-0.002292
2	29	-0.002313
10	49	-0.002335
59	71	-0.002352
8	18	-0.002488
15	48	-0.002489
8	29	-0.002506
2	63	-0.002511
10	62	-0.002523
20	39	-0.002552
34	68	-0.002612
56	69	-0.002646
8	57	-0.002703
14	43	-0.002829
4	34	-0.00283
7	67	-0.002837
8	31	-0.002908
11	12	-0.003008
8	32	-0.003014
7	63	-0.00302
38	47	-0.003039
22	67	-0.003063
46	49	-0.003137
8	19	-0.003156
8	65	-0.003201
10	28	-0.003239
10	30	-0.003293
37	66	-0.003385
41	68	-0.003391
31	38	-0.003442
8	14	-0.003448
40	60	-0.003459
11	67	-0.00346
10	41	-0.003493
10	45	-0.003536
10	63	-0.003541
20	28	-0.003553
8	44	-0.003557
10	15	-0.003577
11	15	-0.003612
2	18	-0.00364
10	47	-0.003658
18	40	-0.003667
10	44	-0.003674
57	65	-0.003678
40	49	-0.003715
31	41	-0.003766
4	63	-0.003785
8	13	-0.003787
56	58	-0.003788
28	55	-0.003793
8	56	-0.003805
18	34	-0.003843
8	45	-0.00385
56	57	-0.003877
8	28	-0.003882
10	43	-0.00389
8	15	-0.003912
38	52	-0.003941
40	62	-0.003947
25	43	-0.004005
3	35	-0.004013
11	49	-0.004037
8	66	-0.004046
11	62	-0.00408
45	63	-0.004089
8	68	-0.004099
24	48	-0.004132
8	43	-0.004145
11	16	-0.004174
10	24	-0.00419
4	36	-0.004226
53	70	-0.004226
20	26	-0.004236
50	70	-0.004282
11	69	-0.004312
2	34	-0.004365
40	69	-0.004371
40	42	-0.004417
9	40	-0.004461
33	34	-0.004535
38	71	-0.004567
10	27	-0.004589
17	40	-0.004589
8	53	-0.004651
21	34	-0.004663
30	40	-0.004684
9	11	-0.004711
10	29	-0.004736
46	57	-0.004793
38	70	-0.004831
8	46	-0.00488
40	63	-0.004987
9	27	-0.004992
20	40	-0.005021
8	52	-0.005034
18	27	-0.005039
3	40	-0.00507
38	57	-0.005093
8	17	-0.005107
4	28	-0.005145
11	31	-0.005166
14	49	-0.005208
11	63	-0.005243
10	66	-0.00525
10	58	-0.00526
27	64	-0.005282
11	41	-0.005336
7	33	-0.005356
58	62	-0.005412
33	55	-0.005413
24	40	-0.005445
41	54	-0.005455
39	56	-0.005496
10	55	-0.00559
26	36	-0.005617
5	47	-0.005637
8	59	-0.005736
29	40	-0.005744
10	59	-0.005805
10	50	-0.00582
41	53	-0.005905
9	57	-0.005998
10	32	-0.00603
57	58	-0.006048
12	69	-0.006102
20	50	-0.006113
29	62	-0.006115
32	48	-0.006219
37	71	-0.006286
18	20	-0.006288
41	42	-0.006326
10	19	-0.006333
8	54	-0.006336
11	28	-0.006392
8	24	-0.006435
30	51	-0.006504
34	44	-0.006515
27	42	-0.006521
28	40	-0.006584
20	32	-0.006611
36	41	-0.006643
10	68	-0.006694
10	17	-0.00671
10	14	-0.006759
8	61	-0.006846
9	69	-0.006871
1	61	-0.006884
10	31	-0.006891
40	55	-0.006898
26	47	-0.006904
18	41	-0.006974
28	35	-0.007005
14	53	-0.007047
26	65	-0.007163
50	64	-0.007184
18	39	-0.007244
42	51	-0.007262
10	61	-0.007283
40	71	-0.007284
40	45	-0.007293
57	63	-0.007337
10	53	-0.007377
5	38	-0.007389
48	69	-0.007427
6	11	-0.0075
3	29	-0.007562
17	38	-0.007573
8	60	-0.007576
25	52	-0.007577
11	51	-0.007744
8	21	-0.007789
20	49	-0.0078
1	49	-0.007832
10	51	-0.007845
49	62	-0.007969
40	53	-0.007996
17	50	-0.008002
5	17	-0.008003
4	11	-0.008023
23	41	-0.008052
33	40	-0.00813
11	24	-0.008212
9	17	-0.008214
32	40	-0.008332
22	47	-0.008349
33	64	-0.008357
10	52	-0.008368
42	63	-0.008368
49	65	-0.008517
11	68	-0.008548
62	65	-0.008626
37	55	-0.008669
57	70	-0.008674
20	58	-0.00874
11	61	-0.008773
14	40	-0.008885
10	60	-0.008957
8	51	-0.008983
5	35	-0.00899
20	25	-0.008998
28	67	-0.009017
20	64	-0.009083
24	70	-0.009083
11	53	-0.009102
11	18	-0.00915
19	54	-0.009161
25	27	-0.009206
10	54	-0.00927
10	23	-0.009279
23	30	-0.009294
26	51	-0.00936
29	45	-0.009365
8	22	-0.009443
11	19	-0.009451
39	43	-0.009483
24	60	-0.009528
25	51	-0.009597
59	68	-0.009616
40	54	-0.009631
34	38	-0.009669
22	43	-0.009681
5	57	-0.00971
5	7	-0.009733
54	55	-0.009805
8	42	-0.009817
58	68	-0.009982
23	56	-0.010087
54	61	-0.010091
44	48	-0.010196
32	34	-0.010202
44	46	-0.010225
14	34	-0.0103
10	42	-0.010316
30	42	-0.01043
25	42	-0.010431
39	60	-0.010453
15	64	-0.010465
40	47	-0.010482
33	46	-0.010511
5	71	-0.010528
34	64	-0.010533
40	57	-0.010553
49	55	-0.010597
3	17	-0.010608
38	45	-0.010652
40	67	-0.010652
14	26	-0.010693
18	48	-0.010754
39	71	-0.010763
26	27	-0.010768
13	35	-0.010818
16	62	-0.010856
12	56	-0.010938
16	19	-0.010978
11	54	-0.011049
15	41	-0.011056
34	59	-0.011102
6	14	-0.011118
10	21	-0.01119
2	28	-0.011199
1	13	-0.011244
4	17	-0.011256
27	38	-0.011362
38	39	-0.011367
17	34	-0.011373
11	27	-0.011407
11	23	-0.011424
24	38	-0.011431
15	26	-0.011438
46	69	-0.01146
25	54	-0.011486
18	71	-0.011491
22	40	-0.011499
21	40	-0.011507
1	21	-0.011545
19	37	-0.01162
15	40	-0.011746
23	40	-0.01192
54	59	-0.012008
26	71	-0.012049
45	56	-0.012083
51	71	-0.012087
11	20	-0.01214
14	42	-0.012191
52	64	-0.012306
39	64	-0.012366
44	59	-0.012441
35	45	-0.012558
31	40	-0.012631
2	39	-0.012642
42	44	-0.012709
10	22	-0.012717
49	58	-0.012793
25	56	-0.012797
16	48	-0.012819
33	47	-0.012924
19	33	-0.012946
1	9	-0.012972
44	62	-0.013003
31	59	-0.013007
50	66	-0.01303
15	49	-0.013201
34	39	-0.01322
20	70	-0.01323
40	66	-0.013242
38	55	-0.013259
3	48	-0.01327
11	21	-0.013295
43	54	-0.013693
49	63	-0.01372
4	43	-0.013771
49	69	-0.013871
12	38	-0.013878
37	54	-0.013963
6	18	-0.014142
30	58	-0.014244
38	42	-0.014336
29	38	-0.014338
39	51	-0.01441
61	70	-0.014599
17	63	-0.014692
3	18	-0.014703
14	35	-0.014755
28	39	-0.014781
6	58	-0.014829
1	58	-0.01485
46	63	-0.014886
11	22	-0.014979
48	56	-0.014999
28	52	-0.015
9	46	-0.015103
26	38	-0.015116
7	37	-0.015249
6	40	-0.015266
25	30	-0.015378
26	60	-0.015388
1	52	-0.015395
16	69	-0.015423
41	44	-0.015438
12	35	-0.015487
35	61	-0.015514
1	59	-0.015639
55	70	-0.015647
1	18	-0.015663
24	64	-0.015715
35	57	-0.015836
16	17	-0.015859
61	64	-0.015864
18	59	-0.015866
38	61	-0.01593
35	67	-0.015961
25	71	-0.015972
36	67	-0.016009
26	64	-0.016017
33	36	-0.016047
56	59	-0.01605
1	63	-0.016124
28	41	-0.016131
15	38	-0.01621
27	63	-0.01622
44	68	-0.016253
45	59	-0.016282
9	47	-0.016297
30	46	-0.016319
31	48	-0.016401
9	70	-0.016413
5	26	-0.01645
22	61	-0.016476
18	64	-0.016535
2	42	-0.016566
6	37	-0.016571
16	68	-0.01668
2	49	-0.016684
16	42	-0.016715
28	36	-0.016742
32	56	-0.016747
26	48	-0.016768
19	38	-0.016782
37	52	-0.016889
14	23	-0.016961
26	34	-0.016964
16	20	-0.01701
3	15	-0.017047
30	38	-0.017106
14	64	-0.017137
32	50	-0.017142
21	56	-0.017149
31	35	-0.017179
53	55	-0.017186
26	70	-0.017214
1	26	-0.017227
34	70	-0.01723
22	35	-0.01736
14	69	-0.017382
49	57	-0.017406
2	36	-0.017437
28	64	-0.017563
24	54	-0.017582
1	24	-0.017658
18	53	-0.017716
5	41	-0.017792
43	49	-0.017834
20	30	-0.017889
25	70	-0.017947
7	28	-0.017959
47	67	-0.018075
4	30	-0.018082
25	38	-0.018097
16	29	-0.018118
12	44	-0.018138
33	42	-0.018304
13	30	-0.018314
26	32	-0.018327
35	70	-0.018668
31	32	-0.01871
13	25	-0.018712
35	47	-0.018775
21	65	-0.018786
57	64	-0.0189
13	29	-0.018903
23	43	-0.018951
38	48	-0.018988
47	53	-0.018997
31	37	-0.019052
18	23	-0.019061
3	12	-0.019066
9	35	-0.019096
25	64	-0.019134
16	44	-0.019171
47	54	-0.019267
12	53	-0.019306
27	71	-0.019352
22	62	-0.019436
19	46	-0.0195
50	56	-0.019532
39	59	-0.019561
16	53	-0.019566
15	33	-0.019609
26	39	-0.019624
36	53	-0.01964
3	39	-0.019676
9	53	-0.01969
30	48	-0.019744
31	49	-0.019755
9	12	-0.019789
48	64	-0.019908
19	24	-0.020017
49	52	-0.020028
32	64	-0.02006
49	71	-0.020122
14	48	-0.020144
15	37	-0.020147
26	57	-0.020158
34	35	-0.020171
7	13	-0.020179
34	37	-0.020192
25	34	-0.020224
53	63	-0.020369
62	71	-0.020395
25	45	-0.020406
35	63	-0.020442
43	71	-0.020453
15	35	-0.020559
53	58	-0.02061
7	18	-0.020817
19	32	-0.020865
27	31	-0.020866
7	16	-0.020924
38	56	-0.020931
2	44	-0.020943
58	70	-0.020961
23	54	-0.021054
21	41	-0.021097
35	60	-0.021136
34	57	-0.021163
38	62	-0.021176
18	36	-0.021192
41	45	-0.021195
2	23	-0.021221
34	48	-0.021242
14	44	-0.021456
32	65	-0.021669
48	70	-0.021691
23	34	-0.021741
3	23	-0.021839
29	50	-0.021854
9	19	-0.021903
9	44	-0.021985
21	59	-0.022152
7	36	-0.022191
38	65	-0.022289
65	71	-0.022332
30	35	-0.022392
26	68	-0.022423
31	34	-0.022489
19	50	-0.022528
1	42	-0.022532
24	58	-0.022533
30	49	-0.022533
18	22	-0.022622
38	66	-0.022633
4	7	-0.022716
33	58	-0.02276
22	33	-0.022761
25	67	-0.022766
38	49	-0.022794
29	70	-0.022855
26	61	-0.022884
37	39	-0.022911
37	47	-0.022921
25	39	-0.023256
42	64	-0.023313
47	63	-0.02337
25	46	-0.023417
28	50	-0.023428
52	70	-0.023478
5	42	-0.023496
39	48	-0.023548
49	64	-0.02355
45	58	-0.023575
29	48	-0.023612
2	50	-0.02365
19	63	-0.023674
9	20	-0.023732
52	57	-0.023847
3	60	-0.023897
31	50	-0.023954
7	38	-0.023971
45	64	-0.024025
24	62	-0.024111
17	70	-0.024133
12	19	-0.024223
20	62	-0.024323
17	25	-0.024342
16	25	-0.024389
7	29	-0.024397
29	71	-0.024426
12	63	-0.024432
14	38	-0.024449
7	30	-0.024595
60	62	-0.024615
25	55	-0.024633
59	62	-0.024652
38	41	-0.024763
61	68	-0.024789
3	41	-0.024793
34	62	-0.024819
39	42	-0.024899
22	57	-0.02492
35	44	-0.024985
49	61	-0.025062
22	58	-0.025179
42	70	-0.025193
30	71	-0.025247
13	61	-0.025324
34	49	-0.025356
21	55	-0.025391
41	64	-0.025464
4	25	-0.025557
47	64	-0.025589
20	69	-0.025603
43	63	-0.02575
24	28	-0.02578
6	39	-0.025791
9	38	-0.02593
13	64	-0.025975
7	24	-0.026095
29	34	-0.026102
25	69	-0.026114
41	62	-0.026128
34	52	-0.026138
12	24	-0.026237
2	24	-0.026271
32	38	-0.026291
7	55	-0.026314
5	68	-0.026464
15	20	-0.026536
9	56	-0.026552
13	49	-0.026591
1	22	-0.026627
1	54	-0.026631
52	55	-0.026664
38	54	-0.02668
5	25	-0.026775
17	27	-0.02682
26	37	-0.026826
13	38	-0.026857
24	30	-0.026875
38	63	-0.026924
44	47	-0.02696
43	60	-0.026978
5	12	-0.027066
26	35	-0.027116
37	62	-0.027126
45	55	-0.027128
9	64	-0.027204
15	50	-0.027294
35	58	-0.027443
1	33	-0.027526
4	21	-0.027526
25	68	-0.027541
30	36	-0.027581
60	70	-0.027605
1	44	-0.027611
52	56	-0.027623
63	68	-0.027658
16	41	-0.027697
29	39	-0.027707
1	6	-0.027814
14	60	-0.027914
9	30	-0.02792
48	62	-0.027977
30	56	-0.027978
39	62	-0.02803
26	41	-0.028031
7	27	-0.028037
28	63	-0.028132
12	64	-0.0282
17	39	-0.028202
39	49	-0.028219
6	33	-0.028249
12	60	-0.028285
43	55	-0.028285
25	32	-0.028326
34	51	-0.028342
56	63	-0.028423
44	71	-0.02843
18	58	-0.028438
15	65	-0.028467
54	66	-0.028481
6	53	-0.028489
30	69	-0.028496
15	39	-0.028509
13	34	-0.028539
7	14	-0.02855
9	34	-0.028681
26	67	-0.028693
50	59	-0.028807
27	52	-0.028822
33	39	-0.028833
16	35	-0.028905
26	30	-0.028964
6	28	-0.028973
17	57	-0.028986
25	61	-0.029005
33	67	-0.029091
32	57	-0.02911
4	52	-0.029125
5	34	-0.029198
14	25	-0.029258
44	67	-0.029374
59	66	-0.029443
16	71	-0.029501
53	62	-0.029598
14	41	-0.029635
34	63	-0.029663
54	62	-0.029666
15	25	-0.029704
49	60	-0.029831
46	64	-0.029841
9	68	-0.029886
16	34	-0.029945
4	35	-0.030108
37	67	-0.030185
17	26	-0.030253
16	43	-0.030382
18	67	-0.030419
37	60	-0.030435
9	16	-0.030445
37	70	-0.030454
3	37	-0.030594
26	59	-0.030615
26	58	-0.030619
16	38	-0.03071
23	57	-0.030732
25	57	-0.030782
38	53	-0.030831
6	44	-0.030841
48	61	-0.030916
44	63	-0.030955
45	47	-0.030955
24	43	-0.031057
39	41	-0.031072
41	56	-0.031114
22	71	-0.031396
21	44	-0.031456
29	35	-0.031498
4	66	-0.031573
23	64	-0.031578
26	69	-0.031699
7	26	-0.031715
24	39	-0.031755
36	57	-0.031758
5	37	-0.031775
9	43	-0.031841
25	35	-0.031855
46	66	-0.031871
25	37	-0.031881
3	49	-0.03204
25	36	-0.032042
50	71	-0.032108
13	55	-0.032177
37	41	-0.032179
24	35	-0.032265
20	63	-0.032366
18	30	-0.032397
13	50	-0.032547
7	49	-0.032558
25	41	-0.032588
56	64	-0.032637
25	48	-0.032813
44	53	-0.032856
14	58	-0.032861
63	70	-0.032889
15	34	-0.033058
17	35	-0.033101
15	44	-0.033216
26	45	-0.033378
2	19	-0.033382
6	38	-0.033385
53	64	-0.033637
12	47	-0.033779
26	46	-0.033846
39	53	-0.033896
12	17	-0.033977
26	52	-0.034031
14	67	-0.034046
30	34	-0.0341
12	41	-0.034117
9	26	-0.034119
58	61	-0.034203
13	71	-0.034233
41	49	-0.034335
1	28	-0.034365
1	57	-0.034422
30	60	-0.03448
43	47	-0.034523
16	31	-0.034529
33	68	-0.034559
39	68	-0.034607
23	48	-0.034623
16	63	-0.034645
30	64	-0.034656
54	64	-0.034668
9	54	-0.034702
41	66	-0.034818
35	41	-0.034891
54	63	-0.034903
26	63	-0.035025
21	71	-0.035102
55	58	-0.035107
23	38	-0.035144
41	55	-0.035202
32	61	-0.035227
58	59	-0.035257
28	49	-0.035284
27	36	-0.035287
27	49	-0.035321
7	51	-0.035514
30	63	-0.035516
32	71	-0.035616
15	68	-0.035663
23	49	-0.035718
37	42	-0.035768
32	70	-0.035781
9	33	-0.035801
43	52	-0.035905
17	28	-0.035932
37	69	-0.035968
9	62	-0.035983
39	54	-0.035992
17	20	-0.036038
13	60	-0.036056
22	41	-0.036109
29	33	-0.03625
47	57	-0.036354
20	31	-0.036369
15	47	-0.03638
35	54	-0.036447
9	51	-0.036485
48	54	-0.036532
57	62	-0.036616
22	38	-0.036769
12	30	-0.036778
48	60	-0.036829
36	52	-0.03684
41	57	-0.03688
18	24	-0.036901
48	58	-0.037043
55	57	-0.037059
26	62	-0.037061
20	34	-0.037135
16	26	-0.037207
27	41	-0.037326
13	39	-0.03736
16	54	-0.037432
4	23	-0.037481
51	63	-0.037494
9	28	-0.037653
21	32	-0.037782
4	49	-0.037795
5	48	-0.037802
5	29	-0.037852
13	37	-0.038037
53	60	-0.038404
22	45	-0.038735
45	52	-0.038828
17	67	-0.038841
7	70	-0.038858
32	42	-0.038995
37	53	-0.038997
35	53	-0.039055
54	65	-0.039129
31	39	-0.03914
6	13	-0.039192
1	30	-0.039266
17	36	-0.03927
27	59	-0.039342
30	57	-0.039472
5	55	-0.039543
15	54	-0.039559
14	39	-0.039596
18	37	-0.039687
21	38	-0.039707
25	47	-0.039938
45	62	-0.039991
13	26	-0.04012
9	37	-0.040184
37	61	-0.040207
23	61	-0.040313
4	51	-0.04032
42	47	-0.040374
2	26	-0.04039
32	49	-0.040437
15	27	-0.040507
33	51	-0.040531
14	45	-0.040581
26	56	-0.04066
34	66	-0.040752
15	32	-0.040767
17	48	-0.040823
12	26	-0.040849
18	65	-0.040881
37	63	-0.04098
14	37	-0.04101
48	59	-0.041028
3	47	-0.041257
45	69	-0.041321
6	55	-0.041362
44	51	-0.041364
15	24	-0.041426
32	68	-0.041449
52	62	-0.04154
13	16	-0.041763
6	34	-0.041782
27	29	-0.041807
16	46	-0.041818
30	43	-0.041901
2	66	-0.041968
50	61	-0.041989
30	37	-0.041997
21	64	-0.042056
22	29	-0.042093
9	15	-0.04217
43	56	-0.04221
13	22	-0.042238
15	67	-0.042251
18	35	-0.042321
13	21	-0.042331
42	53	-0.042532
15	59	-0.042861
28	58	-0.04288
9	41	-0.042903
44	70	-0.042993
30	53	-0.043014
16	64	-0.04302
25	62	-0.043027
18	56	-0.043047
3	70	-0.043083
7	22	-0.043087
26	29	-0.043093
4	12	-0.043098
2	43	-0.043106
2	14	-0.043116
7	58	-0.043253
41	63	-0.043294
49	68	-0.043343
9	49	-0.043408
44	54	-0.043409
25	59	-0.043438
22	39	-0.043455
56	66	-0.043464
2	15	-0.043675
3	57	-0.043711
32	59	-0.043721
2	25	-0.043757
2	65	-0.043797
49	67	-0.043927
48	68	-0.043929
4	39	-0.044032
29	43	-0.044052
53	67	-0.044123
30	62	-0.044128
31	56	-0.044221
33	63	-0.044236
5	61	-0.044294
23	66	-0.044655
32	67	-0.044701
28	48	-0.044721
22	64	-0.044872
27	35	-0.044886
3	26	-0.044953
25	29	-0.045078
14	30	-0.045131
15	36	-0.045175
21	58	-0.045194
26	66	-0.045219
27	37	-0.045337
53	68	-0.045477
21	46	-0.045505
14	51	-0.045781
6	52	-0.045813
21	43	-0.04593
47	60	-0.045936
27	30	-0.045957
53	66	-0.045964
5	51	-0.046097
5	31	-0.046135
18	63	-0.046191
5	45	-0.046196
48	52	-0.046218
3	25	-0.04631
23	45	-0.046329
9	48	-0.046332
5	20	-0.046377
4	20	-0.046436
12	32	-0.046537
14	54	-0.046587
28	60	-0.046755
7	32	-0.046898
4	26	-0.046933
3	16	-0.047016
7	17	-0.047034
48	67	-0.04713
32	54	-0.047203
29	65	-0.047285
15	63	-0.047347
28	44	-0.047524
48	63	-0.047629
25	58	-0.047676
19	35	-0.047729
23	28	-0.047769
53	69	-0.047845
7	47	-0.047924
51	60	-0.047952
56	65	-0.047956
26	44	-0.047964
7	44	-0.047974
43	68	-0.048136
19	65	-0.048241
21	39	-0.048293
16	58	-0.048373
14	65	-0.048402
4	57	-0.048466
7	71	-0.048469
50	57	-0.04851
16	32	-0.048541
23	32	-0.048587
4	62	-0.048601
1	60	-0.048635
17	59	-0.048732
52	58	-0.048735
7	61	-0.048825
6	26	-0.04889
58	67	-0.048922
52	59	-0.048979
54	56	-0.049005
16	21	-0.049024
4	56	-0.049068
4	48	-0.049228
30	41	-0.049262
51	57	-0.049282
52	60	-0.049282
47	66	-0.049293
33	49	-0.049307
21	36	-0.049312
16	57	-0.049448
32	69	-0.049734
55	67	-0.04984
12	58	-0.049861
18	47	-0.04989
6	62	-0.049996
19	67	-0.050092
16	60	-0.050242
2	16	-0.050329
27	32	-0.05033
3	19	-0.050386
17	60	-0.050487
53	61	-0.050577
31	65	-0.050619
36	71	-0.050663
50	55	-0.050736
42	46	-0.050773
1	16	-0.050782
33	52	-0.050805
13	23	-0.050831
52	61	-0.050853
19	71	-0.050859
23	27	-0.051051
19	29	-0.05117
42	49	-0.051453
29	57	-0.051467
29	68	-0.051515
23	35	-0.051526
31	46	-0.051536
5	27	-0.051575
15	43	-0.05165
6	25	-0.051726
19	48	-0.051996
39	50	-0.051999
28	54	-0.052032
28	42	-0.052213
14	63	-0.052272
1	36	-0.052331
4	6	-0.052411
23	46	-0.05245
19	30	-0.052461
55	68	-0.052469
2	30	-0.052624
9	18	-0.052683
50	60	-0.052729
36	48	-0.052773
32	47	-0.052798
7	23	-0.052929
20	56	-0.052954
19	69	-0.05296
56	71	-0.052978
7	56	-0.053002
21	62	-0.053223
23	29	-0.053276
14	46	-0.053356
33	57	-0.053405
27	60	-0.053428
66	69	-0.053461
6	36	-0.053547
12	66	-0.053757
32	52	-0.053882
46	58	-0.053986
20	57	-0.054054
2	69	-0.054121
28	56	-0.054186
14	59	-0.054244
6	54	-0.054304
5	70	-0.054867
27	44	-0.054922
17	46	-0.054924
23	55	-0.054928
6	41	-0.05496
24	59	-0.055045
18	70	-0.055116
3	20	-0.055142
9	14	-0.055171
14	50	-0.055171
44	65	-0.055207
6	65	-0.055244
7	54	-0.055518
2	62	-0.055603
5	56	-0.055626
24	44	-0.055631
9	13	-0.055752
44	52	-0.055772
22	59	-0.055844
28	57	-0.056008
14	66	-0.056178
35	42	-0.056278
16	45	-0.056728
24	42	-0.056753
5	43	-0.056961
5	13	-0.057012
66	68	-0.057156
20	66	-0.057233
24	46	-0.057251
3	63	-0.057279
17	43	-0.057418
36	66	-0.057476
45	66	-0.05748
6	42	-0.057573
18	61	-0.057689
55	65	-0.057751
41	52	-0.057789
21	68	-0.057847
42	48	-0.057887
1	70	-0.057991
3	9	-0.058119
2	60	-0.058166
21	30	-0.058179
30	66	-0.058202
25	44	-0.058332
7	69	-0.058365
17	42	-0.058421
19	49	-0.058436
20	36	-0.058493
14	52	-0.058661
43	66	-0.05871
16	65	-0.058718
52	68	-0.058803
3	50	-0.058835
24	68	-0.058876
2	47	-0.059018
47	50	-0.059156
6	15	-0.059382
28	71	-0.05942
20	29	-0.059454
12	50	-0.059674
14	27	-0.059694
16	47	-0.059729
23	70	-0.059798
43	69	-0.059907
1	56	-0.059931
54	69	-0.060147
30	68	-0.060325
27	53	-0.060355
1	65	-0.06048
27	61	-0.060572
13	63	-0.060621
47	69	-0.060625
16	55	-0.060635
23	42	-0.060699
18	62	-0.060705
3	36	-0.060727
29	53	-0.060864
36	70	-0.060882
3	55	-0.060883
30	67	-0.061085
57	69	-0.061191
43	53	-0.06126
42	43	-0.061427
31	63	-0.061552
31	44	-0.061642
6	70	-0.061929
2	13	-0.061968
7	53	-0.061999
1	20	-0.06212
28	47	-0.062156
15	53	-0.06222
50	63	-0.06241
57	59	-0.062502
5	44	-0.062745
31	70	-0.062801
24	32	-0.062947
17	22	-0.062974
31	51	-0.062989
33	54	-0.063035
50	62	-0.063042
6	20	-0.063205
17	33	-0.063258
23	33	-0.063372
14	22	-0.063555
60	69	-0.063674
1	45	-0.063702
32	55	-0.063887
33	56	-0.063917
29	51	-0.063922
43	57	-0.063944
27	66	-0.064106
5	46	-0.064157
13	17	-0.064167
30	65	-0.064203
31	43	-0.064381
4	14	-0.064386
52	67	-0.064476
33	37	-0.06458
9	31	-0.06459
15	18	-0.064734
5	49	-0.064953
17	21	-0.064956
28	62	-0.065061
55	66	-0.065068
21	61	-0.065086
51	62	-0.06513
45	50	-0.065309
4	47	-0.065337
13	69	-0.065402
27	70	-0.06545
20	61	-0.065514
16	70	-0.065672
3	43	-0.065746
53	65	-0.065916
2	6	-0.065954
15	30	-0.066048
5	54	-0.066142
12	49	-0.066208
31	67	-0.066405
2	59	-0.066524
31	47	-0.066585
13	68	-0.066674
22	46	-0.066723
30	54	-0.066792
20	42	-0.066794
54	60	-0.066848
13	53	-0.066853
27	43	-0.066959
28	45	-0.067133
18	44	-0.067285
60	68	-0.067535
17	68	-0.067645
51	56	-0.06789
55	59	-0.067974
15	58	-0.068091
27	54	-0.06813
12	25	-0.068153
51	65	-0.068192
6	31	-0.068603
46	51	-0.068724
59	67	-0.06879
15	46	-0.068811
12	29	-0.068843
3	22	-0.068964
13	46	-0.069068
2	45	-0.069402
29	46	-0.069459
5	33	-0.069496
13	54	-0.06967
14	31	-0.069676
15	69	-0.069723
30	50	-0.069755
17	53	-0.06977
15	21	-0.069793
20	67	-0.069874
7	52	-0.070002
22	55	-0.070108
14	71	-0.070191
33	66	-0.070226
31	36	-0.070718
17	55	-0.070942
13	67	-0.07096
31	58	-0.071018
9	50	-0.07105
6	45	-0.071077
52	71	-0.071105
7	45	-0.071184
58	66	-0.071218
43	44	-0.071368
53	56	-0.071605
47	58	-0.07174
23	67	-0.071834
30	32	-0.071869
43	65	-0.071881
2	7	-0.072032
28	65	-0.072135
50	67	-0.072208
58	65	-0.072283
6	60	-0.07234
23	65	-0.072518
31	69	-0.072562
14	55	-0.072581
2	55	-0.072623
45	67	-0.072624
15	45	-0.072825
4	15	-0.073114
52	65	-0.07327
57	60	-0.073327
2	68	-0.073382
2	52	-0.073393
3	5	-0.073598
24	55	-0.073711
19	52	-0.073807
20	52	-0.073914
24	67	-0.073952
29	67	-0.074196
45	53	-0.074222
33	53	-0.074368
18	29	-0.074476
21	57	-0.074684
24	33	-0.074782
15	57	-0.07509
27	58	-0.075142
27	50	-0.07518
30	59	-0.075186
21	67	-0.075224
22	68	-0.075321
28	51	-0.075332
18	45	-0.075529
20	45	-0.075544
60	66	-0.075585
65	70	-0.075601
23	69	-0.075922
2	33	-0.075926
15	28	-0.076224
43	50	-0.076411
12	23	-0.076522
3	46	-0.076549
31	55	-0.076608
54	67	-0.076631
3	14	-0.0767
7	15	-0.076789
13	48	-0.076844
46	60	-0.077253
3	31	-0.077362
29	66	-0.077472
17	30	-0.077494
31	52	-0.077554
22	44	-0.077811
20	60	-0.078236
56	61	-0.078319
15	51	-0.078321
41	46	-0.078328
58	71	-0.078357
19	47	-0.078485
31	66	-0.078877
19	55	-0.078889
31	45	-0.078892
7	21	-0.078976
3	44	-0.079088
51	66	-0.079124
56	60	-0.079246
44	50	-0.079474
33	45	-0.079552
50	58	-0.079818
18	42	-0.079926
3	27	-0.080013
1	46	-0.080177
7	19	-0.080476
45	51	-0.080746
27	56	-0.080919
52	69	-0.081007
53	59	-0.081036
27	55	-0.081099
13	52	-0.081118
6	57	-0.081631
43	67	-0.082028
4	44	-0.082126
43	46	-0.082307
16	51	-0.082369
27	45	-0.082623
28	70	-0.082773
29	55	-0.082925
16	50	-0.083013
57	66	-0.083064
23	58	-0.083111
31	53	-0.083346
27	46	-0.083522
4	61	-0.083826
17	56	-0.083969
19	68	-0.084121
7	46	-0.084197
32	43	-0.084216
20	51	-0.08442
5	18	-0.084492
23	62	-0.084925
9	21	-0.085075
5	36	-0.085254
28	59	-0.085461
31	57	-0.085674
15	23	-0.085683
16	36	-0.085698
12	27	-0.085793
4	22	-0.086025
42	66	-0.08635
4	31	-0.086467
21	69	-0.086625
21	63	-0.086904
6	68	-0.086965
5	23	-0.086998
17	47	-0.087083
51	58	-0.087166
9	22	-0.087187
27	33	-0.087193
17	44	-0.087226
18	54	-0.087296
31	54	-0.087403
13	59	-0.087405
46	70	-0.087645
53	57	-0.087659
33	69	-0.08779
3	58	-0.087825
4	55	-0.087932
4	58	-0.088272
16	66	-0.088383
5	28	-0.088538
6	43	-0.088636
27	51	-0.088816
22	63	-0.089503
6	30	-0.089515
12	68	-0.089667
1	27	-0.08972
5	24	-0.089862
18	46	-0.089882
16	27	-0.090117
55	61	-0.09026
51	70	-0.090453
2	56	-0.090692
14	21	-0.090899
29	32	-0.090903
32	60	-0.090919
12	42	-0.091018
31	71	-0.091206
22	70	-0.09136
23	59	-0.091388
15	56	-0.091404
12	67	-0.091412
15	52	-0.091474
1	50	-0.0918
33	48	-0.091802
30	52	-0.092021
4	60	-0.092059
22	31	-0.09207
22	30	-0.092185
31	68	-0.092292
29	56	-0.092556
15	71	-0.092559
20	43	-0.092648
14	68	-0.092723
19	36	-0.092917
46	53	-0.093006
18	52	-0.093015
12	65	-0.093083
21	45	-0.093409
51	59	-0.093546
55	69	-0.093763
44	55	-0.093796
30	70	-0.093955
22	28	-0.094471
12	52	-0.09455
12	20	-0.094578
29	36	-0.094601
17	66	-0.094622
19	60	-0.09476
47	68	-0.094952
3	28	-0.095218
17	65	-0.095315
56	68	-0.095419
18	43	-0.095662
5	59	-0.095884
54	57	-0.095914
47	65	-0.096344
16	22	-0.096729
23	31	-0.096834
14	20	-0.097123
50	68	-0.097405
46	50	-0.097424
45	54	-0.097533
29	60	-0.097808
29	58	-0.098274
30	55	-0.098313
6	23	-0.098591
42	68	-0.098714
45	65	-0.098841
18	60	-0.09888
18	21	-0.099795
6	17	-0.100072
14	19	-0.100443
4	45	-0.100486
28	31	-0.100712
30	33	-0.100735
46	61	-0.100824
18	69	-0.10088
17	32	-0.100963
16	67	-0.101124
46	71	-0.101161
19	44	-0.101244
42	54	-0.101393
32	53	-0.101726
15	66	-0.101749
7	59	-0.102005
28	61	-0.102177
56	70	-0.102265
6	29	-0.102428
13	58	-0.102774
17	58	-0.103062
2	31	-0.10307
22	32	-0.10316
5	53	-0.103279
13	43	-0.1035
18	31	-0.103514
50	65	-0.103552
18	51	-0.103814
36	45	-0.104445
14	18	-0.104496
5	58	-0.104665
44	66	-0.104757
17	24	-0.105043
59	69	-0.105103
2	32	-0.105219
4	42	-0.105242
6	16	-0.105365
42	56	-0.105592
28	33	-0.105748
6	12	-0.106719
18	57	-0.10722
46	59	-0.107484
17	51	-0.10777
32	46	-0.107938
19	51	-0.107981
4	53	-0.108076
47	52	-0.108691
56	67	-0.108905
57	71	-0.10929
3	45	-0.109648
15	22	-0.109691
51	61	-0.109821
46	68	-0.110276
5	19	-0.110373
43	45	-0.110513
5	15	-0.110552
16	33	-0.110632
21	42	-0.110874
17	23	-0.111699
18	33	-0.111998
17	61	-0.112154
6	19	-0.112229
24	47	-0.112574
21	33	-0.11263
24	27	-0.112791
14	57	-0.113092
43	51	-0.113162
24	56	-0.113218
12	16	-0.113792
51	67	-0.113829
29	52	-0.114908
46	65	-0.115084
19	56	-0.115211
14	47	-0.115458
32	44	-0.115496
19	66	-0.115707
16	59	-0.115752
46	67	-0.116058
22	56	-0.1162
14	56	-0.116234
6	47	-0.116245
58	69	-0.116316
27	57	-0.116608
4	27	-0.117319
20	22	-0.117409
29	54	-0.117602
44	69	-0.117706
27	68	-0.118287
22	60	-0.118618
29	61	-0.120205
18	32	-0.1205
21	31	-0.120534
45	71	-0.121069
13	51	-0.121283
15	70	-0.121568
3	13	-0.121718
19	58	-0.121742
13	42	-0.121819
21	60	-0.12194
23	44	-0.122113
16	52	-0.122192
5	52	-0.122714
29	44	-0.123205
32	51	-0.12343
59	65	-0.123456
28	46	-0.123594
47	59	-0.123782
13	18	-0.124279
7	43	-0.124477
22	69	-0.124508
24	57	-0.125219
13	66	-0.125992
20	59	-0.126085
33	71	-0.126586
14	28	-0.126758
17	54	-0.126779
13	28	-0.126975
27	69	-0.127144
32	58	-0.129603
52	66	-0.1305
17	52	-0.130724
20	68	-0.130759
3	33	-0.130796
22	42	-0.131413
6	59	-0.131483
21	28	-0.13319
19	43	-0.134391
29	47	-0.13624
15	55	-0.137394
28	32	-0.13811
1	69	-0.139593
28	43	-0.14288
13	24	-0.143994
2	27	-0.146571
4	13	-0.148176
19	45	-0.148353
29	42	-0.150195
22	65	-0.150843
19	57	-0.151106
42	50	-0.154524
5	50	-0.154761
36	42	-0.15845
13	44	-0.159256
4	19	-0.160287
19	59	-0.160748