#==========================================================================
# The first and second rows contain site pairs (i, j) such that j > i
# The third row contains coevolutionary scores obtained 
# using EVCouplings algorithm.
# Note that in this data sites are counted/labelled starting from 1
#==========================================================================
63	75	1.018611
62	76	0.947351
61	77	0.941828
15	27	0.934054
34	45	0.862072
42	78	0.840719
84	93	0.838464
64	74	0.775763
5	105	0.723145
4	106	0.707692
35	44	0.649613
3	107	0.643501
14	28	0.560135
50	56	0.55307
8	102	0.539726
16	26	0.471078
51	55	0.4574
31	81	0.449789
10	47	0.440379
7	103	0.401042
90	91	0.395331
89	90	0.387019
23	24	0.362293
6	104	0.354919
89	91	0.347856
56	57	0.346708
41	79	0.345668
21	22	0.339474
49	58	0.336547
83	94	0.336032
65	73	0.328895
13	28	0.321349
21	24	0.321226
22	24	0.319313
2	108	0.314224
22	23	0.301348
21	23	0.296836
33	46	0.294941
87	89	0.250675
87	88	0.245464
87	91	0.236509
87	90	0.23235
88	89	0.218975
96	97	0.210184
96	98	0.209665
88	90	0.202748
57	58	0.180536
13	14	0.173964
88	91	0.169574
70	72	0.169252
30	100	0.163328
103	104	0.156713
70	71	0.155301
69	70	0.150601
69	72	0.146933
5	6	0.144991
17	25	0.143753
9	100	0.14258
71	72	0.141313
97	98	0.139226
40	41	0.138802
66	70	0.13475
40	42	0.129242
59	60	0.127045
6	7	0.124472
44	99	0.124448
69	71	0.122475
20	26	0.122273
8	9	0.122128
35	99	0.120805
16	20	0.119657
49	51	0.118574
58	59	0.117955
49	54	0.115311
39	40	0.112366
49	56	0.109301
95	98	0.106541
13	30	0.106246
52	53	0.105308
21	28	0.103782
49	57	0.103304
7	104	0.102042
1	3	0.101427
50	62	0.100675
6	105	0.099901
50	76	0.099096
38	39	0.096234
4	30	0.096154
30	84	0.095312
99	108	0.093309
53	58	0.092928
30	93	0.092323
106	107	0.092313
67	69	0.092019
47	62	0.091427
41	42	0.091039
5	7	0.090846
9	76	0.089668
39	72	0.089606
39	41	0.089518
86	104	0.089364
41	66	0.088838
47	76	0.088625
16	78	0.08809
61	62	0.087289
85	92	0.087209
12	93	0.08704
13	15	0.086278
67	68	0.085735
9	102	0.084964
104	105	0.084828
67	70	0.084754
60	80	0.084649
16	42	0.084341
6	103	0.083733
11	18	0.08347
92	94	0.08295
56	62	0.082839
102	104	0.082744
20	53	0.082284
20	24	0.081666
29	91	0.081578
9	31	0.081535
56	76	0.081475
18	22	0.081421
61	78	0.080463
13	88	0.079634
18	19	0.079621
2	8	0.078795
27	99	0.078211
66	67	0.077785
49	55	0.077738
95	101	0.077407
45	69	0.077402
92	101	0.077123
65	67	0.076913
87	92	0.076866
9	81	0.076801
96	101	0.076761
23	38	0.076283
51	53	0.076164
34	69	0.075712
42	77	0.075589
58	63	0.07524
52	55	0.075027
30	56	0.074981
50	58	0.074959
47	57	0.074774
59	67	0.074623
85	86	0.074364
37	40	0.07336
30	79	0.073258
58	75	0.073117
2	79	0.072823
62	77	0.072733
32	80	0.072687
96	99	0.072683
24	28	0.072672
72	73	0.072118
54	56	0.071641
56	59	0.071281
38	53	0.070824
97	107	0.070558
95	96	0.070497
38	71	0.070486
67	73	0.070251
49	63	0.070228
14	18	0.070146
2	9	0.069717
51	74	0.069532
39	59	0.069393
46	49	0.069332
51	64	0.0693
53	54	0.069111
6	86	0.069016
59	72	0.068663
10	49	0.06866
65	66	0.068509
93	94	0.068039
10	13	0.067863
66	100	0.06768
39	69	0.067572
16	27	0.066607
103	105	0.066578
13	84	0.066564
80	82	0.066424
30	57	0.065951
58	78	0.065636
28	84	0.065408
30	41	0.065288
95	105	0.065276
1	4	0.065024
82	85	0.064983
101	102	0.064804
7	105	0.064784
3	79	0.064497
45	49	0.064489
10	57	0.064475
47	103	0.064444
46	100	0.064246
4	26	0.064198
21	52	0.064155
2	21	0.063925
13	29	0.063866
38	100	0.063847
61	76	0.063586
98	101	0.063465
12	78	0.063424
1	29	0.062956
67	72	0.062839
15	26	0.062737
98	99	0.062428
39	71	0.062327
3	21	0.061694
2	102	0.061322
26	27	0.061221
71	99	0.061217
28	31	0.061131
60	62	0.060973
83	92	0.060822
92	95	0.06081
49	53	0.060582
60	76	0.060431
51	54	0.060365
66	73	0.060272
19	20	0.059841
16	41	0.059755
68	69	0.059595
45	98	0.059546
10	62	0.059298
99	101	0.059271
66	69	0.059148
12	42	0.059137
20	21	0.059065
49	75	0.059046
65	72	0.059029
80	85	0.059008
3	106	0.058957
18	28	0.058939
20	68	0.058933
34	49	0.058925
99	103	0.05887
8	46	0.058847
98	100	0.058754
52	60	0.058737
23	39	0.058483
92	96	0.058426
26	78	0.058325
35	74	0.058298
55	57	0.058268
27	28	0.058243
35	64	0.058152
68	107	0.058053
49	100	0.057979
8	55	0.057973
85	87	0.057932
65	70	0.057661
7	99	0.057488
15	57	0.057449
23	60	0.057444
5	104	0.057417
44	74	0.057329
101	103	0.057322
53	56	0.057275
10	76	0.057207
1	53	0.057191
22	73	0.057163
48	95	0.057094
44	64	0.05707
101	105	0.056753
30	106	0.056659
26	41	0.056567
47	71	0.056526
13	27	0.056483
22	28	0.056443
10	12	0.056391
81	82	0.05626
82	83	0.056233
82	92	0.056105
59	69	0.056019
12	84	0.055857
39	42	0.055816
97	101	0.05551
32	60	0.055504
35	100	0.055486
19	22	0.055471
70	73	0.05546
3	55	0.055436
18	52	0.055377
32	47	0.055334
4	5	0.055327
50	51	0.055324
101	104	0.05527
13	86	0.055215
24	59	0.054953
4	13	0.054791
2	28	0.054776
38	73	0.054505
12	59	0.054491
25	97	0.054363
5	9	0.054319
54	57	0.05406
55	102	0.05404
38	65	0.053963
60	82	0.053907
47	88	0.053896
66	83	0.053816
95	103	0.053492
13	93	0.053435
34	98	0.053371
23	75	0.053337
44	100	0.053152
11	17	0.053137
26	42	0.052953
22	65	0.052676
62	63	0.052665
1	106	0.052378
28	83	0.05233
19	108	0.052253
12	97	0.052248
92	93	0.052049
55	88	0.051882
14	17	0.051686
12	94	0.051663
51	102	0.051521
71	79	0.051514
3	9	0.051492
23	63	0.05135
95	97	0.051194
55	60	0.050952
51	56	0.050754
14	79	0.050651
82	94	0.050419
34	46	0.050296
95	104	0.05026
77	108	0.050083
86	92	0.049947
90	93	0.049922
76	77	0.049885
16	79	0.049758
66	94	0.049673
81	83	0.049596
100	101	0.049518
83	93	0.049516
19	100	0.049505
45	46	0.049432
13	21	0.049376
66	82	0.04923
30	34	0.049218
13	54	0.049012
95	99	0.048778
56	58	0.048768
69	108	0.048746
33	34	0.048505
66	72	0.048444
54	71	0.048383
80	92	0.048289
5	34	0.048226
97	104	0.04819
18	24	0.048145
79	100	0.048048
47	104	0.047914
41	100	0.047866
12	83	0.047811
37	42	0.047777
104	108	0.047769
68	70	0.047749
33	45	0.04772
10	14	0.047691
17	20	0.047634
11	20	0.047594
28	102	0.047553
81	85	0.047541
96	103	0.047529
20	88	0.047446
6	9	0.047341
12	14	0.047205
9	105	0.04719
87	101	0.047132
25	33	0.047021
19	88	0.046802
37	41	0.046746
3	4	0.046641
38	106	0.04654
80	81	0.046412
11	59	0.04637
8	33	0.046241
61	108	0.046216
39	68	0.046183
83	85	0.046073
97	103	0.045989
23	46	0.04594
80	83	0.045913
11	25	0.045895
20	102	0.045863
26	79	0.045855
77	78	0.045764
98	107	0.045671
91	92	0.045496
9	62	0.045472
81	94	0.045422
96	104	0.045321
68	83	0.045261
17	19	0.045169
5	45	0.045113
58	60	0.045093
31	83	0.045085
39	79	0.04501
3	52	0.044967
48	99	0.04496
56	72	0.044953
3	58	0.04492
24	25	0.044869
53	68	0.044846
15	99	0.044805
30	45	0.044784
62	64	0.04466
28	81	0.044623
96	105	0.044562
65	69	0.044515
60	85	0.044301
41	96	0.04428
20	57	0.044182
15	28	0.044172
74	104	0.043998
71	88	0.043971
54	75	0.043832
62	74	0.043734
64	104	0.043678
3	28	0.043498
13	38	0.043456
12	30	0.043426
60	72	0.043341
23	52	0.043291
52	57	0.043256
42	76	0.043251
8	104	0.043228
41	71	0.043152
2	65	0.043033
17	59	0.043025
20	22	0.042975
14	59	0.0429
89	93	0.042874
20	25	0.042753
88	97	0.042713
82	86	0.042696
8	39	0.042659
53	100	0.042578
61	67	0.04247
14	31	0.04245
86	99	0.042367
35	39	0.0422
107	108	0.042147
79	96	0.042122
31	82	0.042065
39	44	0.04203
1	66	0.041993
67	71	0.041978
11	19	0.041722
46	47	0.041657
4	83	0.04157
95	100	0.041546
63	72	0.041527
4	16	0.041462
19	24	0.041379
25	73	0.041365
1	30	0.041293
25	68	0.041144
67	100	0.041088
74	76	0.041046
1	83	0.041005
95	107	0.040821
31	94	0.040769
20	103	0.040689
12	48	0.040596
8	50	0.040567
3	53	0.040547
83	84	0.040509
39	61	0.040286
42	62	0.040281
25	65	0.040205
21	83	0.040199
12	38	0.040192
46	52	0.040115
7	61	0.040021
58	72	0.039972
35	108	0.039939
47	80	0.039919
13	47	0.039911
50	54	0.039897
11	26	0.039884
66	68	0.039752
100	102	0.039716
97	108	0.039663
101	107	0.039645
11	12	0.039623
105	107	0.039569
101	108	0.039507
80	94	0.039421
9	96	0.039383
37	71	0.039271
10	48	0.039038
98	108	0.038986
92	102	0.038962
37	66	0.038932
2	5	0.038928
12	100	0.038917
8	51	0.038901
19	46	0.038844
31	39	0.038799
63	102	0.038722
23	28	0.038671
68	73	0.038614
10	72	0.038604
28	93	0.03858
100	107	0.038559
44	47	0.038372
66	85	0.038324
20	33	0.038303
12	60	0.038272
65	68	0.038216
99	107	0.038161
92	99	0.038118
64	76	0.038094
85	94	0.038021
2	67	0.037875
100	106	0.037859
51	68	0.037784
29	41	0.037779
29	79	0.037755
92	98	0.037751
13	42	0.037749
7	88	0.037745
35	47	0.037737
96	100	0.037645
17	68	0.037506
69	73	0.037426
59	62	0.037376
53	73	0.037233
58	97	0.03718
28	94	0.037082
51	98	0.037043
101	106	0.037
59	76	0.036918
50	53	0.036911
97	105	0.036802
7	27	0.036797
47	97	0.036762
1	10	0.036744
16	54	0.036721
19	25	0.03665
60	77	0.036642
69	76	0.036615
39	60	0.036579
7	14	0.03655
95	108	0.036462
52	73	0.036395
78	107	0.036347
21	91	0.036339
46	102	0.036111
89	92	0.035931
85	91	0.035798
9	84	0.035696
50	79	0.035629
17	18	0.035626
12	32	0.03558
18	53	0.035544
94	101	0.035505
31	100	0.035471
37	79	0.035463
1	94	0.035362
68	94	0.035356
8	75	0.035329
29	30	0.035324
7	8	0.035279
10	52	0.035172
72	75	0.035158
81	92	0.035158
45	77	0.0351
7	78	0.035
87	94	0.034999
8	63	0.034978
15	16	0.034972
10	59	0.034944
95	102	0.034908
27	57	0.034822
40	71	0.034752
35	77	0.034582
50	98	0.034562
9	88	0.034539
45	48	0.034513
4	94	0.034492
10	100	0.034487
1	74	0.034482
44	77	0.034398
72	77	0.034398
25	59	0.034377
14	25	0.034373
48	98	0.034352
13	25	0.034345
5	8	0.034338
1	64	0.034276
70	88	0.034252
2	52	0.034204
66	80	0.034189
59	97	0.034128
7	15	0.033993
103	108	0.033902
33	102	0.033891
39	54	0.033846
33	100	0.033827
18	21	0.03379
13	31	0.033752
82	84	0.033751
17	24	0.033699
82	87	0.033668
6	14	0.033621
14	54	0.033536
60	88	0.033431
13	78	0.033363
89	94	0.033322
1	103	0.033274
1	9	0.033267
8	54	0.033267
7	47	0.033208
34	77	0.033171
66	71	0.033156
92	97	0.03306
4	105	0.033057
86	88	0.033037
3	48	0.032955
92	105	0.032914
37	39	0.032906
87	105	0.032789
21	94	0.03277
63	76	0.032769
18	59	0.03268
4	33	0.032665
3	61	0.032639
54	76	0.032611
52	65	0.03261
40	44	0.032559
16	49	0.032487
45	106	0.03245
75	102	0.032434
92	103	0.032317
21	86	0.032219
9	19	0.032034
96	102	0.032027
63	104	0.031944
15	52	0.031922
31	85	0.031804
39	86	0.031754
7	38	0.031735
67	81	0.031729
99	104	0.031714
7	32	0.031712
31	80	0.031616
3	97	0.031568
27	104	0.031541
10	71	0.031486
19	59	0.031079
38	41	0.031013
84	94	0.030984
2	61	0.030863
2	73	0.030847
44	108	0.030807
60	92	0.030783
18	20	0.030754
63	97	0.030702
50	102	0.030571
15	104	0.030555
26	35	0.030464
40	66	0.030389
98	105	0.030386
4	107	0.030351
39	102	0.030259
11	24	0.030219
1	86	0.030155
13	17	0.03011
2	44	0.030108
50	86	0.030082
53	65	0.030001
80	84	0.029978
38	61	0.02995
63	66	0.029936
42	68	0.029922
1	33	0.029916
23	68	0.029912
18	55	0.029881
9	93	0.029817
65	71	0.029813
10	95	0.029758
14	60	0.02974
48	107	0.029709
80	86	0.029692
80	87	0.029662
52	74	0.029655
42	46	0.029633
34	48	0.029574
83	101	0.029529
2	30	0.029503
27	48	0.029468
1	50	0.029425
68	99	0.029411
38	107	0.029383
17	69	0.029366
62	75	0.029312
6	27	0.029244
6	8	0.029221
92	104	0.029089
2	41	0.028988
20	96	0.028927
86	90	0.028913
77	106	0.028876
12	68	0.028844
92	100	0.02884
13	16	0.028826
15	48	0.028804
34	106	0.028741
10	17	0.028738
91	101	0.028718
1	105	0.028687
30	48	0.028678
38	72	0.028622
31	67	0.028489
26	44	0.028417
6	15	0.028381
54	58	0.02832
14	29	0.028318
58	88	0.028239
32	50	0.028204
1	41	0.028175
30	107	0.028173
42	61	0.028167
51	75	0.02814
90	92	0.02813
1	39	0.028084
82	93	0.027889
97	99	0.027701
27	107	0.027698
68	78	0.027588
23	86	0.027579
7	20	0.027565
85	101	0.027523
10	58	0.027504
7	106	0.027475
53	55	0.027436
38	68	0.027428
22	52	0.027394
30	49	0.027384
29	75	0.027362
52	64	0.027354
69	78	0.027315
10	86	0.027299
39	50	0.027215
40	79	0.027211
12	77	0.027195
90	94	0.027122
66	75	0.027106
82	89	0.02707
5	77	0.027029
2	35	0.027023
13	81	0.026895
24	41	0.026789
40	55	0.026717
95	106	0.026713
62	108	0.026688
26	49	0.026541
3	54	0.026473
84	85	0.026406
20	79	0.026404
72	99	0.026365
63	100	0.026237
7	77	0.026059
14	81	0.025988
10	19	0.025954
11	69	0.02587
1	52	0.025855
19	52	0.025821
66	81	0.02581
60	78	0.025771
48	50	0.025718
2	53	0.025705
32	103	0.025701
76	108	0.025594
19	99	0.025589
65	97	0.025589
11	47	0.025584
106	108	0.025545
49	71	0.025537
12	95	0.025525
44	49	0.025504
25	57	0.025463
18	25	0.025395
14	24	0.025387
60	81	0.025306
96	106	0.025261
19	53	0.025225
20	23	0.025146
71	104	0.025108
82	90	0.025063
35	37	0.025013
2	23	0.025004
34	95	0.024958
88	103	0.024924
29	64	0.024912
12	69	0.024832
41	69	0.024713
17	56	0.024657
11	21	0.024613
45	95	0.024529
17	78	0.024512
80	93	0.024499
29	74	0.024451
5	67	0.024362
37	38	0.024307
69	79	0.024211
39	74	0.024203
39	81	0.024202
60	83	0.024186
69	97	0.024167
12	17	0.024146
4	15	0.024138
18	39	0.024131
38	50	0.024127
51	81	0.02411
37	44	0.02409
96	108	0.024088
87	95	0.024077
42	105	0.02404
9	46	0.024007
23	50	0.024005
57	98	0.024004
4	39	0.023998
52	77	0.023965
48	54	0.023956
86	107	0.023731
10	30	0.023701
67	99	0.023615
26	47	0.023608
91	95	0.023575
1	5	0.023573
17	52	0.023537
17	57	0.023511
17	97	0.023477
59	61	0.023455
39	64	0.023429
33	55	0.02342
35	49	0.023381
3	33	0.023364
7	102	0.023362
14	23	0.023345
48	86	0.023306
71	73	0.023256
75	100	0.023243
57	108	0.023232
92	108	0.023222
86	89	0.023208
14	84	0.02317
46	50	0.023166
38	56	0.023149
28	61	0.023136
88	92	0.023107
38	40	0.023065
23	55	0.02306
14	103	0.022978
30	91	0.022941
20	93	0.022934
8	48	0.022907
1	91	0.022867
15	56	0.022862
32	56	0.022838
17	58	0.022798
38	79	0.022759
96	107	0.022735
68	72	0.022454
32	88	0.022371
28	51	0.02237
28	55	0.022326
60	61	0.022326
32	62	0.0223
93	99	0.02228
32	76	0.022276
18	71	0.022251
11	67	0.022228
3	108	0.022166
71	101	0.022143
55	98	0.022105
51	67	0.022072
54	66	0.021983
84	90	0.021964
16	47	0.021951
39	55	0.021884
4	7	0.021853
37	57	0.021829
13	46	0.021804
9	108	0.021767
17	42	0.021746
54	63	0.02172
25	56	0.021639
48	51	0.021589
16	34	0.021533
66	92	0.021524
38	98	0.0215
2	15	0.021487
15	45	0.021471
87	96	0.021443
15	34	0.021442
39	52	0.021382
63	68	0.021356
9	98	0.021332
15	38	0.02131
38	54	0.021294
1	14	0.021292
9	30	0.02127
51	80	0.021188
14	83	0.021117
20	41	0.021099
91	96	0.021076
51	63	0.021007
52	59	0.020988
12	53	0.020984
31	38	0.020981
8	20	0.020973
1	25	0.020941
3	25	0.020918
87	104	0.020883
91	104	0.020871
23	49	0.020853
17	67	0.020847
20	92	0.020843
16	45	0.02084
49	85	0.02084
66	79	0.020835
84	92	0.020834
51	103	0.020801
79	84	0.02072
37	61	0.020711
91	94	0.020702
19	21	0.020601
12	80	0.020571
75	80	0.020545
32	54	0.020474
19	45	0.020433
30	31	0.020374
6	52	0.020264
72	78	0.020247
2	24	0.020178
19	34	0.020146
98	106	0.020129
29	63	0.020068
18	73	0.020033
9	104	0.019964
6	44	0.019951
1	65	0.019947
38	48	0.019944
85	93	0.01993
51	52	0.019913
65	107	0.019908
5	103	0.019829
54	86	0.019821
33	52	0.019807
34	97	0.019804
61	79	0.019801
49	68	0.019762
19	69	0.019726
41	50	0.019713
1	72	0.019707
47	53	0.019696
92	107	0.019637
3	41	0.019547
78	105	0.019477
4	77	0.019415
17	98	0.019401
67	84	0.019398
23	89	0.019337
26	62	0.019189
45	97	0.019189
10	23	0.019119
91	105	0.019108
54	62	0.019085
26	99	0.018977
52	68	0.018974
80	88	0.018943
6	35	0.018935
14	68	0.018933
54	102	0.018933
51	82	0.01893
38	58	0.018914
20	106	0.018906
75	82	0.018902
88	93	0.018876
22	98	0.018854
54	74	0.018834
18	65	0.018719
19	47	0.018684
67	94	0.018642
31	66	0.018629
14	93	0.018619
33	49	0.01858
18	46	0.018543
54	55	0.01853
13	19	0.018464
69	91	0.018455
18	49	0.018452
17	99	0.01845
87	103	0.018424
16	48	0.018403
1	59	0.018366
29	54	0.018326
63	80	0.018239
25	88	0.018237
45	61	0.0182
34	105	0.018199
105	108	0.018196
79	93	0.018168
10	53	0.018104
85	95	0.018101
39	67	0.018078
10	97	0.018066
32	55	0.018059
11	52	0.018006
29	78	0.018001
58	89	0.017996
102	105	0.017995
53	66	0.017957
22	60	0.017939
68	82	0.017931
75	97	0.017866
3	83	0.01781
49	89	0.01781
63	71	0.017808
46	91	0.017777
67	83	0.017776
2	32	0.017763
21	58	0.017758
63	82	0.01775
23	82	0.017711
53	92	0.017671
14	32	0.017654
1	21	0.017637
11	78	0.017622
37	56	0.01761
2	16	0.017609
23	37	0.017578
67	93	0.01755
6	61	0.01753
25	54	0.017503
30	74	0.017499
11	13	0.017489
2	85	0.017416
18	42	0.017402
35	40	0.017391
1	48	0.017375
1	17	0.017359
25	69	0.017317
28	98	0.017314
5	70	0.017277
30	64	0.01722
105	106	0.017183
6	75	0.017175
32	39	0.017165
81	100	0.017144
75	76	0.01714
35	104	0.017123
77	79	0.01708
2	19	0.01695
13	49	0.016937
11	42	0.016911
32	49	0.016909
31	74	0.0169
31	92	0.016894
33	47	0.016863
11	100	0.016851
28	103	0.016847
76	80	0.016821
18	108	0.016781
7	42	0.016727
52	100	0.016703
21	79	0.016685
48	88	0.016661
58	64	0.016659
20	40	0.016631
48	56	0.016619
32	51	0.016611
9	89	0.016581
57	84	0.016547
37	77	0.016546
103	106	0.016475
60	94	0.016453
62	69	0.016441
27	73	0.016436
6	47	0.016434
47	96	0.016433
34	61	0.016392
9	56	0.01639
78	108	0.016346
21	50	0.016326
53	67	0.01629
38	46	0.016284
15	73	0.01627
8	105	0.016262
2	86	0.016243
41	106	0.016236
23	59	0.016184
86	91	0.016174
64	105	0.016145
5	72	0.016113
47	65	0.016109
23	32	0.016084
30	108	0.016051
82	91	0.016047
3	35	0.016012
29	99	0.015994
10	103	0.01596
48	63	0.015909
50	55	0.015891
48	49	0.015871
31	64	0.015861
15	68	0.015853
94	95	0.015794
70	108	0.01577
53	62	0.01576
62	80	0.015725
33	73	0.015642
4	38	0.015623
90	95	0.015568
29	69	0.015551
48	75	0.015551
45	105	0.015544
23	80	0.015537
20	37	0.015443
2	77	0.015348
48	52	0.015295
28	30	0.015285
16	19	0.015282
23	69	0.015275
70	78	0.015274
28	73	0.015266
1	32	0.015226
4	22	0.015226
58	74	0.015207
57	95	0.015178
91	93	0.015174
16	51	0.01517
73	107	0.015132
54	79	0.01506
29	84	0.015031
8	86	0.015029
38	103	0.014986
38	57	0.014957
63	64	0.014953
47	78	0.01495
1	45	0.014944
28	105	0.014928
40	78	0.014901
80	89	0.014898
6	74	0.014848
35	71	0.014823
46	90	0.01477
99	105	0.014763
66	78	0.014743
6	64	0.014668
58	65	0.014657
27	68	0.01463
1	73	0.014626
64	66	0.01459
12	35	0.014508
86	100	0.014469
8	106	0.014468
1	34	0.014431
28	65	0.014381
52	72	0.01436
64	70	0.014342
37	55	0.014311
6	77	0.014303
16	58	0.0143
11	76	0.014276
7	80	0.014263
22	39	0.014248
39	106	0.014234
11	58	0.01419
3	44	0.014188
20	27	0.014132
54	67	0.014124
2	12	0.0141
52	85	0.014088
28	68	0.014069
26	48	0.014065
31	51	0.014057
68	75	0.013999
11	62	0.013979
94	96	0.01397
10	18	0.013964
48	102	0.013955
13	26	0.013936
30	54	0.013914
31	106	0.013912
5	66	0.01387
81	86	0.013854
18	88	0.013823
1	20	0.013817
3	59	0.013783
18	66	0.013719
58	94	0.013719
4	61	0.013717
78	85	0.013696
2	64	0.013695
29	93	0.013692
18	26	0.01368
29	52	0.01368
12	28	0.013659
55	74	0.013654
13	51	0.013651
4	27	0.013649
15	32	0.013638
11	53	0.01363
19	23	0.013629
74	105	0.013622
33	68	0.013604
21	68	0.013587
55	64	0.013569
32	61	0.013564
15	24	0.013552
83	86	0.013551
6	51	0.013532
46	56	0.013523
29	53	0.013521
42	54	0.013517
14	78	0.013515
32	75	0.013492
2	84	0.013443
22	59	0.013418
12	44	0.013405
49	83	0.013374
4	10	0.013346
54	64	0.013323
12	25	0.013322
3	20	0.013307
104	106	0.013296
47	52	0.013276
8	88	0.013266
33	65	0.013265
20	48	0.013261
46	89	0.013259
85	96	0.013243
37	50	0.013224
42	70	0.01322
9	57	0.013215
71	100	0.013212
65	94	0.013202
11	28	0.013108
14	88	0.013103
48	58	0.013075
102	107	0.01303
32	106	0.013029
47	99	0.013011
4	29	0.013007
48	100	0.012986
56	60	0.01297
11	106	0.012959
15	33	0.012899
55	68	0.012883
5	108	0.012879
20	50	0.012814
27	32	0.012809
87	108	0.012773
4	46	0.012754
63	74	0.012736
8	18	0.012734
12	27	0.012733
7	51	0.012732
19	31	0.012725
46	58	0.012714
29	37	0.012701
93	101	0.01269
86	87	0.012668
4	32	0.012657
57	60	0.012633
19	78	0.01262
66	99	0.012616
6	63	0.012609
70	74	0.012608
94	106	0.012593
32	63	0.012585
26	54	0.01258
9	20	0.012559
97	102	0.012558
98	103	0.012549
25	38	0.012547
24	42	0.012527
17	51	0.012495
24	69	0.01249
33	97	0.01249
11	15	0.012481
19	26	0.012423
14	53	0.012381
4	11	0.012371
24	52	0.012318
65	83	0.012314
38	69	0.0123
74	77	0.012292
19	51	0.012276
17	105	0.012254
11	38	0.012249
20	82	0.012241
83	87	0.012239
52	88	0.012231
12	61	0.012224
26	30	0.012212
21	41	0.012179
13	22	0.012178
54	98	0.012158
80	90	0.012129
30	42	0.012124
26	34	0.012056
1	60	0.011987
32	108	0.011979
51	57	0.011953
98	102	0.011949
53	86	0.011947
27	33	0.011941
73	94	0.011935
10	31	0.011924
9	54	0.011916
86	103	0.011835
50	60	0.011816
2	68	0.01179
64	77	0.011755
39	47	0.011748
35	98	0.011743
19	81	0.011722
29	42	0.011718
90	105	0.011706
68	103	0.0117
81	89	0.011664
26	45	0.011658
55	91	0.011639
68	86	0.011632
40	61	0.011594
23	51	0.01157
5	39	0.011518
81	87	0.01144
8	28	0.011412
102	108	0.011395
2	74	0.011376
21	106	0.011368
63	95	0.011367
39	100	0.01135
11	97	0.011344
58	68	0.011281
47	73	0.011273
7	79	0.011239
9	11	0.011227
82	88	0.01117
54	105	0.011161
20	66	0.011085
44	98	0.011049
57	69	0.011044
25	107	0.010994
69	107	0.010963
41	51	0.010949
75	108	0.010947
8	100	0.010881
41	84	0.010864
21	44	0.010848
9	17	0.010803
18	102	0.010799
1	18	0.010794
89	101	0.01079
22	46	0.010778
37	84	0.01077
22	31	0.010766
6	108	0.010753
9	29	0.010718
33	61	0.010704
38	86	0.010702
52	69	0.010686
38	70	0.010673
20	67	0.010637
55	100	0.010636
84	99	0.010619
73	83	0.010595
60	69	0.010592
30	99	0.010575
25	58	0.010565
69	77	0.010556
55	96	0.010546
85	88	0.01054
25	52	0.010484
5	11	0.010419
44	48	0.010325
72	105	0.010279
33	62	0.010272
81	90	0.010271
1	102	0.010255
63	85	0.010251
38	77	0.010235
75	85	0.010156
51	59	0.010145
37	51	0.010137
18	38	0.010101
81	84	0.010081
22	49	0.010032
30	33	0.009984
2	80	0.009973
6	87	0.009969
88	94	0.009967
49	80	0.009966
10	65	0.009925
6	59	0.009908
32	53	0.009887
8	108	0.009886
37	93	0.009866
55	63	0.009856
54	61	0.009832
67	78	0.009819
66	74	0.009795
6	10	0.009779
21	107	0.009779
13	60	0.009773
16	95	0.009765
30	81	0.009761
51	78	0.009723
5	20	0.009713
17	64	0.00966
98	104	0.009637
31	46	0.009632
52	80	0.009623
2	93	0.009621
8	87	0.009606
39	62	0.009598
5	47	0.009579
39	76	0.009578
11	35	0.009564
84	100	0.00952
66	84	0.009487
53	107	0.009463
11	44	0.009438
39	66	0.009422
17	74	0.009397
2	14	0.009392
14	52	0.009372
85	89	0.009346
48	62	0.009278
13	18	0.009277
34	66	0.009269
56	98	0.009269
17	30	0.009204
32	78	0.009171
54	65	0.009153
7	9	0.00915
13	97	0.009141
50	69	0.009138
18	47	0.009098
12	19	0.009085
52	79	0.009066
35	48	0.009059
4	9	0.009037
59	77	0.009036
53	79	0.009021
92	106	0.009008
5	21	0.009007
5	52	0.009004
51	69	0.008983
66	76	0.008979
37	78	0.008972
21	35	0.008948
9	103	0.008925
22	25	0.008905
84	89	0.008887
83	91	0.008878
21	27	0.008831
45	59	0.008806
100	103	0.008789
9	16	0.008766
28	96	0.008755
8	56	0.00874
22	81	0.008669
48	76	0.008669
5	54	0.008667
74	81	0.008665
9	13	0.008572
16	107	0.00856
26	76	0.008553
31	84	0.00854
46	99	0.008531
2	57	0.00852
15	103	0.008517
45	55	0.008496
38	91	0.008491
6	89	0.008478
64	72	0.008408
24	46	0.00839
70	75	0.008376
12	46	0.00835
33	75	0.008329
53	85	0.008322
41	93	0.008301
73	97	0.008281
1	58	0.008279
40	105	0.008239
38	81	0.008237
55	108	0.008186
25	78	0.008156
42	85	0.008126
80	99	0.008117
90	104	0.008109
47	60	0.008093
28	52	0.008057
19	38	0.008055
44	86	0.008045
30	37	0.008043
38	97	0.00798
48	61	0.007958
3	82	0.007928
81	106	0.007911
69	90	0.007905
4	45	0.007886
23	71	0.007886
63	98	0.007884
64	81	0.007863
45	84	0.00786
60	106	0.007842
4	66	0.007823
10	73	0.00781
8	12	0.007798
22	97	0.007796
20	65	0.007737
87	93	0.007727
37	46	0.007714
31	37	0.007678
2	72	0.007632
27	103	0.00763
57	106	0.007606
42	72	0.00757
70	105	0.007567
40	77	0.007561
19	67	0.007538
55	58	0.007538
31	70	0.007536
15	40	0.007535
44	104	0.007491
45	66	0.007491
33	50	0.007477
33	42	0.007407
26	84	0.007402
45	68	0.007391
34	84	0.00738
20	94	0.007371
9	82	0.007349
49	69	0.007345
17	44	0.0073
53	95	0.007299
17	35	0.007294
40	43	0.007257
34	42	0.007255
83	89	0.007229
63	70	0.007214
4	18	0.007158
11	68	0.007145
3	81	0.00714
11	77	0.007139
12	54	0.007133
37	88	0.007126
57	93	0.007118
62	65	0.007108
15	102	0.00709
14	15	0.007002
6	28	0.006951
55	75	0.006936
35	86	0.006933
2	107	0.006931
88	101	0.00692
27	96	0.006909
27	50	0.00688
33	84	0.00681
11	84	0.006798
51	71	0.006792
18	51	0.006765
5	17	0.006761
1	23	0.006759
50	80	0.006759
29	98	0.006745
15	51	0.0067
30	40	0.006688
29	96	0.006684
18	23	0.006682
27	38	0.006648
4	31	0.006611
70	81	0.006585
16	102	0.006573
3	73	0.00656
34	68	0.006509
16	99	0.006495
2	49	0.006494
16	30	0.006492
43	48	0.006474
28	57	0.006462
63	108	0.00643
25	61	0.006403
54	84	0.006389
70	107	0.006363
32	84	0.006328
6	57	0.0063
35	38	0.006266
71	81	0.006251
99	102	0.006236
52	104	0.006234
30	98	0.006193
14	77	0.006182
36	43	0.006161
41	61	0.006127
71	86	0.006119
83	95	0.006104
38	44	0.00608
61	68	0.006064
2	26	0.006039
34	55	0.006004
103	107	0.005995
43	46	0.005992
61	74	0.005954
9	69	0.005941
44	71	0.005914
50	100	0.005891
40	50	0.005871
17	47	0.005837
49	82	0.005817
57	66	0.005817
33	93	0.005813
6	102	0.005787
60	100	0.005759
94	97	0.005752
68	89	0.005729
5	61	0.005725
23	73	0.005718
86	102	0.005716
83	106	0.005684
10	104	0.005677
49	67	0.005669
20	29	0.005661
1	68	0.005641
54	80	0.005633
49	94	0.005632
29	106	0.005586
21	25	0.00556
85	90	0.005555
11	105	0.005546
27	40	0.005535
11	51	0.005521
3	19	0.00552
52	91	0.005513
25	42	0.005495
14	27	0.005482
61	64	0.005464
16	62	0.005446
58	73	0.00544
26	91	0.005434
52	76	0.005404
25	98	0.005336
32	100	0.005329
34	87	0.005319
19	76	0.005314
32	93	0.005314
14	71	0.00531
11	93	0.005308
58	83	0.005307
47	50	0.005274
21	59	0.005237
18	77	0.005209
13	53	0.005199
54	96	0.005178
45	70	0.00512
33	88	0.005102
81	93	0.005073
85	99	0.005066
46	104	0.005024
34	70	0.005015
69	103	0.00497
10	44	0.004951
3	68	0.0049
26	90	0.004897
33	77	0.004896
32	42	0.004877
26	95	0.004875
15	37	0.004852
83	97	0.004847
14	94	0.004824
34	35	0.004818
7	97	0.004795
10	99	0.004795
67	105	0.004786
93	100	0.004778
45	87	0.004773
58	90	0.004761
34	59	0.004732
24	67	0.004721
32	36	0.004713
23	79	0.004708
61	88	0.004696
43	44	0.004679
7	34	0.004667
16	35	0.004648
27	102	0.004644
15	19	0.004621
36	37	0.004594
3	13	0.00456
23	81	0.004548
36	40	0.004547
84	101	0.004536
30	77	0.004527
29	55	0.004525
3	94	0.004509
1	95	0.004499
18	100	0.004496
17	39	0.004473
36	82	0.00447
7	45	0.00446
19	39	0.004456
83	96	0.004439
32	43	0.004436
52	83	0.00441
10	28	0.004384
19	84	0.004377
32	38	0.004375
77	85	0.004371
9	25	0.004315
75	104	0.00431
4	14	0.004306
4	64	0.004303
72	74	0.004302
49	86	0.004298
37	43	0.00429
21	60	0.004196
36	85	0.004193
37	68	0.004192
43	82	0.004187
61	69	0.004154
90	101	0.004146
15	31	0.004138
13	83	0.004125
35	45	0.004079
48	78	0.004062
9	90	0.004055
19	57	0.004035
60	66	0.004033
36	101	0.00403
80	103	0.004018
3	26	0.004017
3	57	0.004003
4	37	0.003995
8	15	0.003977
4	74	0.003966
54	93	0.003958
38	89	0.003949
20	85	0.003948
62	88	0.003946
32	52	0.003942
55	86	0.003933
20	89	0.003921
25	77	0.003913
69	96	0.003908
10	35	0.003904
43	85	0.003868
3	11	0.003856
81	91	0.003839
32	77	0.003829
43	47	0.003823
86	94	0.003821
38	64	0.003816
3	60	0.003804
57	62	0.003799
40	52	0.003765
27	106	0.003761
33	90	0.003746
57	102	0.003744
43	101	0.003709
19	62	0.003694
82	107	0.003687
29	36	0.003684
8	78	0.003677
26	55	0.003657
53	93	0.003636
19	93	0.003635
26	107	0.00363
23	33	0.003625
1	107	0.003616
30	67	0.003613
20	84	0.003612
9	37	0.003568
9	35	0.003553
61	106	0.003549
36	92	0.003536
67	107	0.003512
29	58	0.003509
18	61	0.003493
17	36	0.003489
11	36	0.003484
30	72	0.003476
84	91	0.003473
19	107	0.003469
12	24	0.003467
8	57	0.003457
6	45	0.003442
33	63	0.003436
33	36	0.003429
2	82	0.003403
7	74	0.003394
68	106	0.003392
66	105	0.003391
26	93	0.003388
9	33	0.003385
31	47	0.003383
5	102	0.003377
53	91	0.00336
41	43	0.003333
11	27	0.003331
4	8	0.003329
33	104	0.00332
9	67	0.003313
25	67	0.003301
29	43	0.003286
34	57	0.003284
37	76	0.003281
22	90	0.003279
50	70	0.003257
15	96	0.003243
15	30	0.003242
19	42	0.003241
9	15	0.003234
1	56	0.003219
18	91	0.003206
14	80	0.003196
23	40	0.003194
1	44	0.003175
48	57	0.003173
15	83	0.003168
27	65	0.003164
36	80	0.003162
6	34	0.003155
31	93	0.003154
17	63	0.003153
13	70	0.003148
31	60	0.003143
43	92	0.003143
36	48	0.003141
34	50	0.00314
7	64	0.003124
28	60	0.003124
11	43	0.003088
17	43	0.003088
25	36	0.003085
5	60	0.003058
16	90	0.003048
11	99	0.00304
3	6	0.003013
29	51	0.003001
15	65	0.00299
36	46	0.002973
50	88	0.002953
33	43	0.002942
43	45	0.002925
55	59	0.002918
1	90	0.002917
60	108	0.002915
31	36	0.002913
47	55	0.002884
24	97	0.002869
36	70	0.002868
42	57	0.002859
33	89	0.002857
5	78	0.002846
25	76	0.00284
4	41	0.002831
37	62	0.00282
22	91	0.002815
45	50	0.002789
11	107	0.002771
75	103	0.002769
43	80	0.00276
49	96	0.002751
27	70	0.002749
23	53	0.002746
76	82	0.002736
17	75	0.002728
53	101	0.0027
4	34	0.00269
36	89	0.002689
49	70	0.002667
36	59	0.002659
43	50	0.002653
102	103	0.002651
10	81	0.002646
25	43	0.00264
38	95	0.002622
1	35	0.00259
27	56	0.002561
16	44	0.00256
19	36	0.002555
36	81	0.002542
34	39	0.002539
26	102	0.002526
27	60	0.002521
36	95	0.002515
24	73	0.002504
15	108	0.002493
22	89	0.002479
34	75	0.002476
71	95	0.002459
64	75	0.002455
13	37	0.002444
28	71	0.002441
48	53	0.002418
43	70	0.002403
31	43	0.002396
20	64	0.00239
52	61	0.002378
12	71	0.002376
36	83	0.002347
31	86	0.002346
14	21	0.002339
20	54	0.002328
35	72	0.002325
12	36	0.002314
18	107	0.002312
4	50	0.002309
63	103	0.002305
27	37	0.002299
44	45	0.002275
55	66	0.002268
90	96	0.002267
29	31	0.002261
42	43	0.002231
67	103	0.002221
8	27	0.002195
71	77	0.002192
16	61	0.002188
20	86	0.002184
59	71	0.002178
56	97	0.002176
36	94	0.002168
26	89	0.002159
36	90	0.002149
43	89	0.002149
72	90	0.002142
7	108	0.00214
43	59	0.002136
42	99	0.002135
37	106	0.002122
63	92	0.002114
16	91	0.002112
87	102	0.002104
7	100	0.002064
43	95	0.00205
46	57	0.00205
19	43	0.002048
43	81	0.001988
14	96	0.001983
25	45	0.001981
35	36	0.001955
71	92	0.00195
36	96	0.001947
36	87	0.001927
7	44	0.001917
62	82	0.001906
52	99	0.001903
29	46	0.001894
27	45	0.001882
40	75	0.001871
25	34	0.001869
18	30	0.00185
62	73	0.001836
27	34	0.001833
61	85	0.001832
36	44	0.001829
3	95	0.001824
43	83	0.001792
39	63	0.001784
30	36	0.001738
31	62	0.001732
53	94	0.001727
60	86	0.00172
56	102	0.001709
51	65	0.001695
51	95	0.001691
83	90	0.001679
12	43	0.001678
5	97	0.001672
47	84	0.001666
39	70	0.001628
1	54	0.001591
68	80	0.001591
43	94	0.00159
15	107	0.001577
90	97	0.001567
43	90	0.001566
21	49	0.00156
36	79	0.001558
13	32	0.001556
18	31	0.001556
36	65	0.001546
36	73	0.001537
34	44	0.001533
84	95	0.001527
10	98	0.001487
36	78	0.00148
11	108	0.001472
87	107	0.001443
74	75	0.001423
78	82	0.00141
25	99	0.001403
21	73	0.001393
31	102	0.001392
43	96	0.001386
22	44	0.001366
87	99	0.001363
2	4	0.001345
43	87	0.001339
38	52	0.001338
5	62	0.001328
66	86	0.001325
35	43	0.00131
50	75	0.001301
29	62	0.001288
33	98	0.001267
36	60	0.001231
31	33	0.00123
2	11	0.001215
10	36	0.001214
26	51	0.001207
23	85	0.001206
7	35	0.001205
54	90	0.001196
43	78	0.001191
42	45	0.00118
42	58	0.001169
22	36	0.001116
37	53	0.001099
33	91	0.001089
68	85	0.001086
27	30	0.001078
54	73	0.001066
30	43	0.001016
38	74	0.001003
30	83	0.000985
36	47	0.000981
64	69	0.000979
5	37	0.000975
64	67	0.000957
52	70	0.000946
43	65	0.000936
10	60	0.000933
43	73	0.000922
29	68	0.000913
39	80	0.000892
56	80	0.000881
32	107	0.000878
79	103	0.000874
23	90	0.00087
29	38	0.000869
36	67	0.000869
18	36	0.000864
29	44	0.000857
27	59	0.000854
16	36	0.000852
43	79	0.00085
1	19	0.000818
50	65	0.000802
16	89	0.000795
14	104	0.000789
54	77	0.000776
20	108	0.000765
22	58	0.000759
29	39	0.000759
20	101	0.000753
36	41	0.00074
2	98	0.000726
2	48	0.000723
29	61	0.0007
6	36	0.00068
2	6	0.000674
80	100	0.00065
10	78	0.000634
73	99	0.000627
25	55	0.000618
53	82	0.000616
26	108	0.000615
29	35	0.000606
28	104	0.000586
43	60	0.000586
10	46	0.000584
26	36	0.000574
1	80	0.000567
34	36	0.000563
91	97	0.000551
29	49	0.000518
48	77	0.000515
68	76	0.000515
85	98	0.000483
58	67	0.000469
10	43	0.000467
60	67	0.000463
11	55	0.000449
15	39	0.000446
36	91	0.00043
61	73	0.000418
38	99	0.000403
37	54	0.000399
22	43	0.000395
44	97	0.000383
47	69	0.000365
75	86	0.00035
2	71	0.000343
22	35	0.000335
18	90	0.000334
85	108	0.000305
56	86	0.000303
36	42	0.000288
86	97	0.000279
25	53	0.00027
7	52	0.000266
63	101	0.00025
12	15	0.000218
46	65	0.000215
41	75	0.000194
36	45	0.000173
46	66	0.000169
36	98	0.000167
36	72	0.000151
10	56	0.000146
7	36	0.00014
18	43	0.000131
43	67	0.000131
85	107	0.000127
24	38	0.000121
75	98	0.000106
16	43	0.000105
12	81	0.000103
6	90	9e-05
37	95	7.5e-05
45	75	6.7e-05
19	97	5.5e-05
24	88	5.5e-05
57	79	4e-05
57	68	3.6e-05
24	36	1.4e-05
31	76	-2e-06
43	69	-9e-06
36	66	-3e-05
34	43	-3.1e-05
33	99	-7e-05
2	81	-7.1e-05
86	101	-7.8e-05
25	49	-8.1e-05
43	71	-8.3e-05
6	43	-9.7e-05
8	36	-0.000104
18	69	-0.00011
4	24	-0.000128
65	74	-0.000135
77	95	-0.000159
36	50	-0.000162
9	44	-0.000166
21	97	-0.000188
21	36	-0.000189
88	108	-0.000193
26	43	-0.000195
51	60	-0.0002
82	108	-0.000207
80	91	-0.000218
43	49	-0.000225
40	56	-0.000237
104	107	-0.000247
16	38	-0.000249
77	98	-0.00025
85	100	-0.00026
3	17	-0.000277
61	95	-0.000287
43	91	-0.000315
18	67	-0.000321
33	56	-0.000342
14	70	-0.000357
21	90	-0.000361
56	108	-0.000364
46	73	-0.00039
47	61	-0.000399
89	105	-0.000421
31	71	-0.000424
42	47	-0.000425
42	66	-0.000442
45	57	-0.000445
40	107	-0.000456
39	75	-0.000488
44	67	-0.000504
20	74	-0.00053
36	102	-0.000538
5	36	-0.000544
10	16	-0.000559
61	103	-0.000591
35	97	-0.000592
18	78	-0.000623
41	97	-0.000633
43	98	-0.000667
69	89	-0.000669
15	20	-0.000671
9	36	-0.000683
29	86	-0.000685
54	89	-0.000691
7	43	-0.000702
29	100	-0.000702
73	77	-0.000712
29	77	-0.000717
24	60	-0.000745
15	60	-0.000751
43	72	-0.000757
32	99	-0.000774
44	46	-0.000787
70	100	-0.00079
28	79	-0.000793
15	94	-0.000808
36	64	-0.000808
27	83	-0.000815
6	12	-0.000819
4	73	-0.00082
15	59	-0.000826
2	3	-0.000829
53	76	-0.000833
69	74	-0.000835
17	28	-0.000841
12	98	-0.000843
41	107	-0.000844
43	66	-0.000854
71	96	-0.000857
24	43	-0.000858
38	43	-0.000862
35	95	-0.000878
36	74	-0.000882
3	65	-0.000884
13	33	-0.000886
11	34	-0.000891
60	64	-0.000907
3	93	-0.000909
36	86	-0.000926
44	95	-0.000943
1	55	-0.000963
8	43	-0.000971
57	99	-0.000987
46	55	-0.001006
79	107	-0.001012
36	105	-0.001022
43	68	-0.001029
84	86	-0.001033
29	76	-0.001035
58	87	-0.001058
17	84	-0.001063
55	67	-0.001063
41	91	-0.001076
10	11	-0.001081
35	46	-0.001083
21	43	-0.001092
34	86	-0.001098
36	103	-0.001109
64	65	-0.001109
10	79	-0.001111
25	51	-0.001112
51	85	-0.001113
38	78	-0.001114
70	77	-0.001125
12	86	-0.001126
68	81	-0.001134
1	78	-0.001143
13	94	-0.001152
31	40	-0.001153
39	45	-0.001159
74	93	-0.001159
18	89	-0.001183
36	97	-0.00119
18	54	-0.001198
36	104	-0.001209
78	96	-0.001212
11	45	-0.001213
53	71	-0.001218
21	65	-0.001221
36	69	-0.00123
36	55	-0.001246
62	68	-0.001251
58	96	-0.001273
34	58	-0.001274
64	93	-0.001287
36	99	-0.001295
51	73	-0.001305
71	108	-0.00131
60	74	-0.001322
5	43	-0.001325
84	88	-0.001325
43	57	-0.001329
67	102	-0.001353
23	48	-0.001369
10	33	-0.001381
4	40	-0.001385
36	38	-0.001393
9	43	-0.001395
3	85	-0.001415
43	102	-0.001432
43	51	-0.001443
80	108	-0.001455
15	50	-0.001461
42	48	-0.001462
62	81	-0.001471
3	40	-0.001472
12	63	-0.001488
12	45	-0.001489
6	24	-0.00151
8	31	-0.001519
85	105	-0.001519
39	43	-0.00152
49	90	-0.001521
43	61	-0.001558
14	106	-0.001559
23	97	-0.001584
30	104	-0.001604
3	31	-0.001606
78	80	-0.001607
11	61	-0.001611
14	30	-0.001635
42	108	-0.001648
7	87	-0.00165
6	71	-0.001699
43	99	-0.0017
49	64	-0.001729
71	107	-0.001732
26	58	-0.00174
36	71	-0.001749
28	32	-0.001755
30	96	-0.001758
12	34	-0.001764
2	25	-0.001774
20	80	-0.00178
2	22	-0.001795
55	90	-0.001796
43	64	-0.001797
40	81	-0.001841
59	88	-0.001846
43	63	-0.001856
43	105	-0.001858
20	73	-0.001867
43	74	-0.001883
16	21	-0.00189
27	39	-0.001892
8	42	-0.001916
21	103	-0.001916
42	82	-0.001916
7	29	-0.001926
28	29	-0.001934
6	56	-0.001938
36	57	-0.001954
58	92	-0.001959
29	90	-0.001965
1	108	-0.001973
39	107	-0.001979
13	48	-0.002002
40	84	-0.002007
97	106	-0.002025
33	81	-0.002032
9	91	-0.002042
43	103	-0.002066
61	104	-0.002067
43	86	-0.002082
38	87	-0.002094
69	98	-0.002096
15	72	-0.0021
82	99	-0.0021
55	80	-0.002112
5	46	-0.002146
47	93	-0.002149
53	59	-0.002155
35	67	-0.002172
43	55	-0.002173
52	82	-0.002179
43	58	-0.002181
76	81	-0.002192
40	51	-0.002208
74	78	-0.00221
49	74	-0.00222
36	76	-0.002238
43	97	-0.00224
43	104	-0.002265
43	77	-0.002268
36	62	-0.002275
26	106	-0.002282
93	95	-0.002307
36	63	-0.002317
29	71	-0.002319
36	56	-0.002324
21	37	-0.002334
77	104	-0.002347
36	61	-0.00235
36	75	-0.00236
10	106	-0.002366
39	53	-0.002367
15	36	-0.002373
45	86	-0.002379
9	70	-0.002381
42	86	-0.002385
43	100	-0.002393
36	100	-0.002394
11	14	-0.002411
47	81	-0.002418
72	79	-0.002421
43	54	-0.002424
1	37	-0.002464
1	43	-0.002464
53	96	-0.002468
64	84	-0.002489
21	29	-0.002496
41	68	-0.002496
27	36	-0.002509
74	84	-0.002525
36	77	-0.00254
3	75	-0.002595
34	63	-0.002596
58	80	-0.002612
29	89	-0.002615
28	54	-0.00263
36	49	-0.002644
20	32	-0.002649
6	30	-0.00266
20	36	-0.002661
2	36	-0.002663
3	36	-0.002663
72	95	-0.002678
1	28	-0.002719
54	107	-0.00272
1	36	-0.002734
43	52	-0.00275
77	103	-0.00276
65	99	-0.002767
68	101	-0.002769
21	46	-0.002779
26	40	-0.002784
30	73	-0.002792
40	67	-0.002792
61	80	-0.002815
41	98	-0.002828
50	63	-0.002831
25	27	-0.002835
85	102	-0.002839
10	26	-0.002844
43	76	-0.002844
9	101	-0.002847
36	68	-0.002851
9	52	-0.002855
43	62	-0.002857
43	75	-0.00286
14	38	-0.002865
43	53	-0.002876
76	78	-0.002886
19	50	-0.002905
52	54	-0.002921
17	93	-0.002931
14	50	-0.002944
2	43	-0.002952
2	7	-0.002953
87	98	-0.002986
4	57	-0.002988
87	100	-0.003002
3	43	-0.003004
15	86	-0.003027
43	107	-0.00303
32	37	-0.003061
36	54	-0.003068
43	84	-0.003083
45	58	-0.003105
40	93	-0.003112
13	102	-0.003123
23	25	-0.003124
40	98	-0.003128
43	56	-0.003129
1	99	-0.003148
46	78	-0.003154
34	37	-0.003158
32	40	-0.003169
14	43	-0.003186
26	46	-0.003186
36	84	-0.003199
27	31	-0.003204
40	63	-0.003205
16	84	-0.003226
3	80	-0.003235
48	84	-0.003239
32	82	-0.003263
4	43	-0.003274
36	53	-0.003276
58	69	-0.003278
4	81	-0.003285
16	76	-0.003289
4	36	-0.003294
19	56	-0.003298
54	82	-0.003305
15	43	-0.00332
28	43	-0.003332
49	72	-0.003387
5	29	-0.003388
43	93	-0.003429
14	42	-0.00343
67	77	-0.003433
66	93	-0.003442
22	56	-0.00345
21	57	-0.003454
27	43	-0.003454
37	45	-0.003457
23	36	-0.003465
20	43	-0.003483
9	86	-0.003496
24	104	-0.003497
22	26	-0.003509
73	106	-0.00352
36	58	-0.003549
66	106	-0.003551
16	106	-0.003557
17	34	-0.003559
28	36	-0.003564
13	36	-0.003577
36	93	-0.003577
16	40	-0.003582
64	106	-0.003591
43	108	-0.003595
72	88	-0.003595
36	39	-0.003638
24	65	-0.003657
37	82	-0.003663
24	66	-0.003669
24	89	-0.003669
14	37	-0.003673
30	94	-0.003693
36	51	-0.003697
8	67	-0.003709
56	77	-0.003717
20	28	-0.003733
17	45	-0.003737
3	67	-0.003743
79	97	-0.003755
43	88	-0.003761
48	64	-0.003764
68	92	-0.003765
26	33	-0.003793
17	53	-0.003794
4	48	-0.003811
40	82	-0.003817
30	50	-0.003825
17	54	-0.003832
38	84	-0.003838
42	71	-0.00384
36	52	-0.003858
9	79	-0.003862
10	69	-0.003866
33	103	-0.003891
46	108	-0.003903
54	72	-0.003903
67	74	-0.003909
45	63	-0.003912
18	105	-0.003915
38	85	-0.003937
2	60	-0.00394
28	74	-0.003941
44	96	-0.003945
6	22	-0.003947
37	105	-0.003973
52	84	-0.003975
3	84	-0.003982
48	74	-0.003986
19	68	-0.004028
14	101	-0.004033
36	88	-0.004033
6	98	-0.004034
2	87	-0.004037
5	12	-0.004038
11	54	-0.004042
35	61	-0.004064
33	38	-0.004066
27	35	-0.004067
35	106	-0.004072
64	78	-0.004084
42	60	-0.0041
55	87	-0.004103
13	95	-0.004118
61	83	-0.004123
40	49	-0.004154
36	106	-0.004158
24	49	-0.004201
48	93	-0.00421
28	64	-0.004247
36	108	-0.004251
39	73	-0.004251
62	105	-0.004255
68	90	-0.004261
68	98	-0.004266
41	55	-0.00429
85	97	-0.004323
14	36	-0.004329
94	103	-0.00435
7	12	-0.004358
83	88	-0.004379
78	79	-0.004381
10	25	-0.004398
8	13	-0.004417
43	106	-0.00442
17	21	-0.004441
35	96	-0.00446
36	107	-0.00446
15	25	-0.004463
48	68	-0.004474
38	92	-0.004477
46	53	-0.004479
44	55	-0.004489
13	80	-0.004492
9	107	-0.004511
29	104	-0.004517
23	43	-0.00453
12	96	-0.004539
12	18	-0.004542
49	61	-0.004548
7	62	-0.004552
13	43	-0.00457
27	94	-0.004581
74	106	-0.004585
6	97	-0.004611
7	76	-0.004615
20	71	-0.004649
42	96	-0.004649
7	31	-0.004678
14	48	-0.004678
76	99	-0.004694
67	106	-0.004698
22	68	-0.004701
53	80	-0.004725
1	67	-0.004775
57	107	-0.004781
8	47	-0.004784
48	108	-0.004785
59	86	-0.004785
12	29	-0.004788
12	31	-0.004812
44	107	-0.004849
32	101	-0.00488
24	90	-0.004887
47	58	-0.004904
65	86	-0.004907
53	106	-0.004963
3	37	-0.004968
24	37	-0.004982
46	54	-0.004995
51	94	-0.005004
53	60	-0.005025
32	85	-0.00503
72	97	-0.005063
41	78	-0.005066
3	32	-0.005078
7	81	-0.005083
54	97	-0.005101
72	89	-0.005102
20	90	-0.005108
18	37	-0.005112
40	76	-0.005124
2	54	-0.005133
30	65	-0.005133
5	85	-0.005151
17	88	-0.005167
44	70	-0.005169
44	59	-0.005175
57	101	-0.00519
33	106	-0.005205
40	62	-0.005206
60	99	-0.005217
31	55	-0.005225
35	70	-0.005227
73	88	-0.005237
71	85	-0.005266
35	53	-0.005303
8	10	-0.005332
59	75	-0.005339
5	14	-0.005343
44	61	-0.005348
6	73	-0.005351
14	33	-0.005356
37	101	-0.005358
7	86	-0.005361
60	87	-0.005366
14	86	-0.005381
35	57	-0.005407
29	88	-0.005412
79	104	-0.005428
40	101	-0.005438
73	74	-0.005444
37	85	-0.005467
1	7	-0.005468
88	95	-0.005474
65	98	-0.005482
91	107	-0.005538
5	48	-0.005547
33	78	-0.005552
56	99	-0.005554
40	85	-0.005561
5	92	-0.005578
35	55	-0.005614
12	40	-0.005623
44	63	-0.00564
9	32	-0.005667
81	88	-0.005672
3	87	-0.005697
1	82	-0.005701
94	102	-0.005705
44	75	-0.005708
66	107	-0.005708
16	31	-0.005711
84	107	-0.005711
5	26	-0.005712
14	95	-0.005716
14	82	-0.005722
9	41	-0.005724
46	88	-0.005727
85	103	-0.005727
68	71	-0.005732
33	80	-0.005733
82	101	-0.005736
79	91	-0.005762
14	40	-0.005773
33	86	-0.005773
91	103	-0.0058
77	80	-0.005801
56	101	-0.005807
16	33	-0.005823
41	77	-0.005826
40	47	-0.00583
2	37	-0.00585
40	68	-0.005853
5	84	-0.005858
15	95	-0.005859
80	106	-0.005859
71	94	-0.005866
13	89	-0.005891
1	46	-0.005907
35	59	-0.005928
4	58	-0.00593
6	33	-0.005938
16	57	-0.00595
89	108	-0.005957
21	55	-0.005961
12	47	-0.005966
54	87	-0.005968
9	24	-0.005971
38	82	-0.005972
44	69	-0.005981
58	85	-0.005989
47	70	-0.006004
58	107	-0.006006
9	48	-0.00604
35	107	-0.006057
32	69	-0.006064
27	78	-0.006066
57	86	-0.006076
60	84	-0.006093
8	19	-0.006116
60	71	-0.006134
26	53	-0.006135
40	48	-0.006147
15	81	-0.006151
82	100	-0.006163
3	15	-0.006179
51	83	-0.006181
44	72	-0.00619
12	99	-0.006193
16	77	-0.006238
35	63	-0.006242
94	98	-0.006245
91	108	-0.006247
57	76	-0.006265
5	79	-0.006266
3	29	-0.006275
1	89	-0.006279
48	69	-0.006296
59	63	-0.006309
54	108	-0.006324
24	27	-0.00633
23	65	-0.006333
27	79	-0.006335
54	95	-0.006338
22	55	-0.006339
22	88	-0.006341
54	70	-0.006341
15	23	-0.00635
62	66	-0.006365
73	98	-0.006381
25	50	-0.006382
24	53	-0.006383
76	106	-0.006393
52	102	-0.006416
22	38	-0.006469
10	34	-0.006483
81	102	-0.006533
58	70	-0.006547
27	95	-0.006549
77	82	-0.006549
40	57	-0.00655
80	107	-0.006568
68	74	-0.00657
15	79	-0.006574
18	41	-0.006583
51	101	-0.006583
3	18	-0.00659
16	81	-0.006596
29	40	-0.006601
40	64	-0.006602
27	46	-0.006608
59	99	-0.006616
13	105	-0.006619
13	87	-0.00663
65	108	-0.006643
71	74	-0.006646
11	39	-0.006648
73	86	-0.006679
42	79	-0.006699
17	107	-0.006714
29	103	-0.006721
16	93	-0.006728
89	104	-0.006729
30	102	-0.006755
57	85	-0.006765
15	80	-0.006784
34	85	-0.006793
46	87	-0.006795
75	79	-0.006796
28	37	-0.006814
40	74	-0.006816
18	84	-0.006818
29	32	-0.006824
13	98	-0.006875
35	88	-0.006884
41	44	-0.006891
57	72	-0.006923
85	104	-0.006942
39	58	-0.006958
50	108	-0.006959
67	104	-0.006972
27	80	-0.006982
89	96	-0.006984
67	96	-0.007003
24	100	-0.007011
3	77	-0.007019
26	37	-0.007031
27	55	-0.007041
20	105	-0.007046
64	71	-0.00706
14	51	-0.007072
82	95	-0.007093
90	98	-0.007113
56	68	-0.007145
70	94	-0.007146
3	39	-0.007159
4	99	-0.00716
39	82	-0.007174
46	68	-0.007177
9	106	-0.007189
21	71	-0.007197
42	44	-0.007202
61	82	-0.007246
62	78	-0.007248
60	68	-0.007253
21	95	-0.007257
33	53	-0.007261
45	85	-0.007268
46	81	-0.007282
3	8	-0.007297
37	58	-0.007299
22	66	-0.007347
66	77	-0.007348
47	100	-0.00736
6	79	-0.007392
28	47	-0.007396
10	55	-0.007409
32	58	-0.007423
7	37	-0.007454
82	105	-0.00746
10	45	-0.007467
37	52	-0.007481
86	98	-0.007501
18	50	-0.007512
18	63	-0.007519
19	75	-0.007525
11	57	-0.007535
16	55	-0.007546
56	95	-0.007549
48	105	-0.00755
27	72	-0.007564
18	56	-0.007588
4	51	-0.007592
35	69	-0.007595
12	103	-0.007596
90	108	-0.007622
54	94	-0.007627
87	97	-0.007628
33	48	-0.007639
94	99	-0.007653
5	82	-0.00766
24	47	-0.007664
1	76	-0.007667
51	92	-0.007667
51	70	-0.00767
9	95	-0.007678
16	37	-0.007696
5	76	-0.007703
2	40	-0.007709
16	46	-0.007709
16	22	-0.007721
12	33	-0.007722
58	82	-0.007729
75	95	-0.007733
68	102	-0.007741
11	88	-0.00776
4	76	-0.007774
70	83	-0.007778
7	67	-0.007786
7	49	-0.007792
79	105	-0.007802
17	32	-0.007812
44	106	-0.007815
33	40	-0.007825
2	96	-0.007826
40	72	-0.007835
29	82	-0.007844
40	106	-0.007863
47	48	-0.007889
5	87	-0.007892
51	66	-0.007893
4	80	-0.007904
29	72	-0.007921
26	61	-0.007933
21	40	-0.007934
29	107	-0.007935
11	32	-0.00794
70	86	-0.00795
6	29	-0.007956
10	88	-0.007961
6	84	-0.007963
17	40	-0.007972
37	67	-0.00799
31	68	-0.008014
68	108	-0.008016
5	64	-0.008018
4	20	-0.008033
29	81	-0.008054
2	31	-0.008109
13	71	-0.008112
17	108	-0.008115
42	50	-0.008118
31	57	-0.008125
40	108	-0.008139
34	92	-0.008142
17	37	-0.008146
32	92	-0.008153
64	68	-0.00817
65	89	-0.008171
61	72	-0.008176
5	93	-0.00819
46	106	-0.008191
13	99	-0.008197
53	70	-0.008208
20	39	-0.008218
5	101	-0.008234
32	71	-0.008236
32	48	-0.008245
35	75	-0.008246
57	77	-0.008247
37	70	-0.008256
17	38	-0.008279
11	40	-0.008297
1	104	-0.008309
58	84	-0.008313
12	108	-0.008314
25	75	-0.008315
37	100	-0.008316
4	67	-0.008325
28	88	-0.00833
42	67	-0.008334
8	81	-0.008343
31	97	-0.008369
46	79	-0.008372
12	102	-0.0084
84	98	-0.00842
11	37	-0.008434
53	63	-0.008437
56	96	-0.008444
55	65	-0.008446
13	24	-0.008448
57	104	-0.008453
59	107	-0.008464
65	90	-0.008464
28	41	-0.008536
40	92	-0.008544
9	66	-0.008552
37	48	-0.00856
6	65	-0.008562
29	97	-0.008594
37	92	-0.008596
3	38	-0.008606
26	50	-0.008623
33	37	-0.008632
1	87	-0.008641
5	80	-0.008643
46	80	-0.008664
21	47	-0.008672
18	75	-0.008673
39	48	-0.008676
40	46	-0.00868
17	82	-0.008681
68	77	-0.008691
15	18	-0.008703
13	101	-0.008709
4	95	-0.008713
100	104	-0.008715
45	92	-0.008729
9	59	-0.008743
53	104	-0.008763
74	94	-0.008778
3	56	-0.008802
11	64	-0.008826
73	89	-0.008833
11	82	-0.008858
52	107	-0.008861
55	70	-0.008908
71	83	-0.008931
29	87	-0.008942
7	41	-0.008943
37	80	-0.008947
39	65	-0.00895
11	74	-0.008951
32	34	-0.008979
2	38	-0.008985
40	80	-0.008993
23	41	-0.009001
53	83	-0.009002
61	65	-0.009004
40	97	-0.009009
53	64	-0.009009
28	82	-0.009048
9	22	-0.00906
11	63	-0.009062
2	13	-0.009069
25	35	-0.009082
24	91	-0.009089
37	89	-0.009123
12	37	-0.009131
44	57	-0.009138
34	78	-0.009147
28	80	-0.009151
24	103	-0.009153
1	88	-0.009158
48	82	-0.009166
25	44	-0.009167
75	90	-0.009168
71	78	-0.009178
63	86	-0.009193
22	37	-0.009197
32	45	-0.009203
52	67	-0.00923
30	32	-0.009244
73	90	-0.009245
78	103	-0.009252
10	41	-0.009261
18	93	-0.009316
37	49	-0.009316
25	64	-0.009318
34	99	-0.009322
38	101	-0.00935
3	70	-0.009357
32	57	-0.009359
8	107	-0.009361
1	11	-0.009379
4	59	-0.009379
5	32	-0.009383
1	57	-0.009394
39	83	-0.009409
1	71	-0.009417
25	40	-0.009428
8	97	-0.009429
26	39	-0.009436
50	68	-0.009457
52	87	-0.009458
93	108	-0.009461
34	80	-0.009464
5	75	-0.009468
22	104	-0.009482
37	81	-0.009493
71	82	-0.009495
41	63	-0.009504
62	101	-0.009511
33	66	-0.009512
7	33	-0.009516
11	75	-0.009522
45	93	-0.00957
51	93	-0.009577
53	72	-0.009589
34	73	-0.009629
25	74	-0.009637
64	86	-0.009645
32	33	-0.009657
74	86	-0.009657
21	104	-0.009661
89	95	-0.009661
46	48	-0.00967
30	44	-0.009673
34	82	-0.009683
20	87	-0.009703
39	89	-0.009733
40	65	-0.009734
29	101	-0.009737
7	89	-0.009747
55	89	-0.009756
40	83	-0.00976
89	98	-0.009763
70	89	-0.009766
25	47	-0.009776
62	103	-0.009784
25	32	-0.009801
37	90	-0.009802
6	54	-0.009812
65	77	-0.009822
66	88	-0.009823
27	44	-0.009824
31	73	-0.009828
2	106	-0.009845
31	65	-0.009853
4	69	-0.009864
32	70	-0.009867
6	21	-0.009876
70	93	-0.009876
44	65	-0.009886
31	101	-0.009893
40	70	-0.009897
46	67	-0.009903
70	84	-0.009908
45	80	-0.009913
14	55	-0.009916
25	37	-0.009916
40	73	-0.009954
22	29	-0.009967
40	59	-0.009981
6	100	-0.009992
15	29	-0.009993
21	45	-0.010024
22	62	-0.010028
78	99	-0.01004
42	80	-0.010046
6	93	-0.01005
26	52	-0.010057
31	32	-0.010064
29	85	-0.010075
74	91	-0.010077
23	29	-0.010087
19	40	-0.010088
35	65	-0.010088
99	106	-0.010088
32	46	-0.010089
99	100	-0.010091
34	93	-0.010095
50	105	-0.010103
31	77	-0.010112
45	82	-0.010116
49	50	-0.010134
74	83	-0.01015
50	78	-0.010171
7	73	-0.010176
78	87	-0.010177
64	73	-0.010182
50	52	-0.010208
69	80	-0.010227
79	99	-0.010244
56	85	-0.010254
24	29	-0.010255
22	45	-0.010256
45	73	-0.010265
20	99	-0.010277
41	90	-0.010286
12	75	-0.010287
8	29	-0.010289
9	99	-0.010297
25	30	-0.010298
1	26	-0.010303
55	79	-0.010318
39	90	-0.01032
76	103	-0.010321
9	28	-0.01033
76	101	-0.010335
12	70	-0.010336
10	40	-0.010342
16	108	-0.010356
11	30	-0.010359
50	59	-0.010362
5	74	-0.010374
70	90	-0.010377
39	94	-0.010395
54	92	-0.010414
25	63	-0.010433
30	78	-0.01044
22	79	-0.010442
44	88	-0.010465
35	101	-0.010467
8	16	-0.010485
18	106	-0.010509
5	10	-0.010517
10	50	-0.010517
2	105	-0.010528
5	40	-0.010539
64	91	-0.010547
71	97	-0.01055
44	101	-0.010553
21	82	-0.010572
38	96	-0.010575
32	89	-0.010605
33	82	-0.010611
38	93	-0.010616
52	95	-0.010623
83	99	-0.010633
23	31	-0.010645
39	77	-0.010647
11	79	-0.010674
55	85	-0.010676
30	103	-0.010692
22	100	-0.010703
1	2	-0.010712
1	79	-0.010721
53	84	-0.010732
15	54	-0.010738
24	68	-0.010739
62	72	-0.010743
70	82	-0.010747
64	98	-0.010768
40	96	-0.010786
2	18	-0.010787
46	82	-0.010803
48	101	-0.010812
18	97	-0.010835
4	52	-0.010856
26	38	-0.010866
25	82	-0.010871
58	101	-0.010872
40	94	-0.010873
29	34	-0.010891
51	96	-0.010903
8	69	-0.010951
34	101	-0.010958
40	58	-0.010967
17	101	-0.010985
48	55	-0.010995
21	33	-0.010996
20	107	-0.011001
2	56	-0.011003
11	71	-0.011008
34	103	-0.011027
18	99	-0.011057
8	17	-0.01106
41	89	-0.01106
32	95	-0.011089
23	101	-0.011101
41	76	-0.011103
34	71	-0.011124
15	70	-0.011125
14	19	-0.011126
32	59	-0.011151
12	55	-0.011155
80	105	-0.011163
9	26	-0.011172
1	27	-0.011188
23	95	-0.011191
32	68	-0.011194
2	20	-0.011195
11	101	-0.011209
51	86	-0.01122
30	35	-0.011224
7	96	-0.011235
2	42	-0.011258
58	98	-0.011261
37	83	-0.011301
45	101	-0.011301
18	40	-0.011306
19	37	-0.011306
71	98	-0.011328
17	85	-0.011342
67	86	-0.011345
29	45	-0.011349
11	49	-0.011353
40	95	-0.011373
27	29	-0.01142
20	91	-0.011423
24	106	-0.011431
44	82	-0.011442
72	76	-0.011445
21	81	-0.011449
19	32	-0.011469
51	84	-0.011471
35	82	-0.011473
49	65	-0.011473
21	67	-0.011483
40	45	-0.011486
60	89	-0.011492
8	49	-0.011501
31	78	-0.011535
52	92	-0.011535
66	89	-0.011537
11	85	-0.011538
30	101	-0.011541
48	90	-0.011548
63	83	-0.011549
48	89	-0.011553
4	70	-0.01156
71	89	-0.011582
14	46	-0.011596
67	89	-0.0116
27	108	-0.011603
29	67	-0.011604
72	87	-0.011604
37	87	-0.011633
9	80	-0.011637
46	101	-0.011637
29	33	-0.011642
6	107	-0.011646
74	98	-0.011651
80	101	-0.011667
25	39	-0.011687
49	103	-0.011687
45	103	-0.011689
37	59	-0.011692
14	97	-0.011694
48	85	-0.011699
32	81	-0.011703
73	76	-0.011726
32	90	-0.011758
16	39	-0.011762
33	87	-0.011782
76	79	-0.011791
53	102	-0.011795
46	85	-0.011808
63	90	-0.011831
21	89	-0.011859
35	94	-0.011861
75	81	-0.011863
47	79	-0.011886
75	83	-0.011895
18	29	-0.011906
12	74	-0.011914
7	55	-0.011922
29	102	-0.011935
10	91	-0.011936
40	89	-0.011941
8	40	-0.011967
21	31	-0.011975
46	76	-0.011977
2	50	-0.011996
45	99	-0.012006
1	97	-0.012021
10	32	-0.012024
6	72	-0.01204
18	81	-0.012042
3	46	-0.012045
7	40	-0.012079
33	64	-0.01208
75	92	-0.01208
33	83	-0.012084
32	35	-0.012089
47	51	-0.012099
37	65	-0.012115
55	82	-0.012142
37	63	-0.012143
37	72	-0.012143
32	44	-0.012146
44	73	-0.01215
19	77	-0.012158
8	53	-0.012164
24	71	-0.012184
60	105	-0.012192
12	64	-0.012194
89	97	-0.012213
40	103	-0.012234
64	94	-0.012234
4	19	-0.012269
29	48	-0.012273
13	40	-0.012296
94	105	-0.012299
17	29	-0.012307
53	74	-0.012308
37	73	-0.012319
76	86	-0.012338
33	74	-0.012339
33	101	-0.012342
81	107	-0.012342
35	73	-0.012344
44	53	-0.012365
40	90	-0.012368
40	60	-0.012372
41	48	-0.012374
11	31	-0.012394
8	26	-0.012409
12	101	-0.012412
45	72	-0.012415
22	106	-0.012418
57	59	-0.012446
93	96	-0.012452
1	16	-0.012458
93	107	-0.012459
12	58	-0.012462
1	6	-0.012477
90	103	-0.012495
25	84	-0.012498
94	104	-0.012503
52	66	-0.012508
41	46	-0.012509
28	95	-0.012516
37	94	-0.012524
19	82	-0.012538
44	94	-0.012542
28	33	-0.012547
32	83	-0.012548
65	91	-0.012568
34	72	-0.012584
10	24	-0.012585
79	98	-0.012588
70	98	-0.012599
67	90	-0.012604
8	98	-0.012607
59	82	-0.012612
10	37	-0.012619
21	80	-0.01262
32	87	-0.012621
25	46	-0.012622
57	70	-0.012627
13	72	-0.01264
50	95	-0.012649
2	59	-0.012661
9	71	-0.012707
5	95	-0.01272
35	41	-0.01272
91	98	-0.012723
4	101	-0.012727
48	71	-0.012736
2	27	-0.012741
81	97	-0.012751
21	32	-0.012753
76	105	-0.012755
46	72	-0.012796
79	108	-0.012796
19	90	-0.012799
13	91	-0.012802
5	69	-0.012814
39	78	-0.012815
35	56	-0.012824
33	85	-0.012833
11	46	-0.012836
66	87	-0.012838
51	62	-0.012845
38	67	-0.012872
37	96	-0.012879
35	92	-0.012882
32	96	-0.012885
44	92	-0.012893
60	93	-0.012899
40	102	-0.012914
12	52	-0.012916
14	72	-0.012925
14	66	-0.012927
18	33	-0.01293
65	88	-0.012939
28	97	-0.01295
22	41	-0.012961
29	105	-0.012961
70	101	-0.012964
26	31	-0.012999
19	89	-0.013007
17	79	-0.013017
25	79	-0.013025
58	79	-0.013028
37	75	-0.013047
29	83	-0.013059
24	83	-0.013073
7	13	-0.013076
3	24	-0.013078
52	94	-0.013085
33	41	-0.013106
100	108	-0.01312
47	86	-0.013138
3	51	-0.013139
81	101	-0.013139
28	40	-0.013144
33	79	-0.013146
32	105	-0.013147
64	83	-0.013168
1	15	-0.01317
69	92	-0.013173
69	85	-0.013178
70	85	-0.013187
44	85	-0.013189
84	96	-0.013193
37	91	-0.013199
11	29	-0.013203
35	85	-0.013225
2	70	-0.013231
27	81	-0.013245
25	101	-0.013246
54	60	-0.013253
55	92	-0.013257
41	64	-0.013262
45	78	-0.013285
71	80	-0.013302
65	75	-0.013314
66	90	-0.013331
2	17	-0.013343
73	91	-0.013343
46	62	-0.013353
16	50	-0.013361
31	95	-0.013365
15	46	-0.013367
40	86	-0.013371
55	103	-0.013372
24	78	-0.013393
50	61	-0.013423
69	82	-0.013429
14	22	-0.01343
100	105	-0.01343
32	94	-0.013448
26	77	-0.013497
2	66	-0.013501
51	107	-0.013513
53	57	-0.013514
29	92	-0.01353
69	100	-0.013546
19	64	-0.013553
63	81	-0.013553
5	73	-0.013565
17	89	-0.013571
8	72	-0.013582
14	41	-0.013604
18	57	-0.013617
40	88	-0.013625
47	101	-0.013637
19	102	-0.013641
14	56	-0.013659
24	40	-0.013666
17	90	-0.013668
20	95	-0.013705
29	70	-0.013713
25	108	-0.013714
6	40	-0.013748
6	13	-0.013754
53	75	-0.013781
12	82	-0.013794
30	46	-0.013794
82	96	-0.013806
31	56	-0.013808
8	45	-0.013813
19	74	-0.013822
11	56	-0.013851
40	53	-0.013852
28	85	-0.013858
25	85	-0.013865
62	87	-0.013865
14	61	-0.01387
17	46	-0.013872
32	86	-0.013892
35	42	-0.013892
24	39	-0.013899
78	81	-0.013901
39	88	-0.013906
32	79	-0.013924
29	80	-0.013937
22	71	-0.013939
24	87	-0.01394
9	53	-0.013942
41	74	-0.013943
32	72	-0.013944
33	94	-0.013951
60	98	-0.013959
74	89	-0.013961
8	34	-0.014023
65	81	-0.014072
76	87	-0.014073
21	34	-0.014081
93	106	-0.014082
34	40	-0.014113
32	65	-0.014115
25	29	-0.014134
59	104	-0.014136
83	102	-0.014145
73	81	-0.014152
45	96	-0.014158
55	56	-0.014183
52	101	-0.014184
22	77	-0.014233
84	108	-0.014235
3	101	-0.014252
5	99	-0.01427
17	31	-0.014271
44	56	-0.014274
15	85	-0.01428
32	104	-0.014295
9	60	-0.014296
38	49	-0.0143
32	73	-0.014317
22	32	-0.014318
22	34	-0.01432
12	62	-0.014333
44	84	-0.014335
13	92	-0.014336
63	65	-0.014345
50	101	-0.014349
26	81	-0.014353
37	108	-0.014397
41	65	-0.014409
22	75	-0.014431
4	17	-0.014445
13	103	-0.014447
25	93	-0.014457
15	17	-0.014462
30	82	-0.014474
9	18	-0.014494
49	92	-0.014494
15	82	-0.014499
46	70	-0.014508
46	64	-0.014516
32	67	-0.014533
56	65	-0.014535
19	29	-0.014566
8	44	-0.014588
20	70	-0.014608
55	73	-0.014616
50	96	-0.014633
47	82	-0.014639
5	33	-0.014657
33	39	-0.014664
4	60	-0.01468
46	74	-0.014697
28	70	-0.014702
55	95	-0.014702
35	84	-0.014705
31	75	-0.014709
26	57	-0.014722
35	87	-0.014734
10	90	-0.014749
40	87	-0.01475
24	57	-0.014776
63	79	-0.014787
27	82	-0.014788
31	88	-0.014796
47	49	-0.014798
16	53	-0.014803
69	88	-0.014803
27	85	-0.014813
22	87	-0.014814
47	85	-0.014819
29	94	-0.014823
48	91	-0.014883
27	67	-0.014886
67	80	-0.01489
22	107	-0.014909
15	100	-0.014927
32	41	-0.014928
19	49	-0.01493
37	97	-0.014935
70	87	-0.014941
14	67	-0.014966
35	79	-0.014979
9	85	-0.014981
26	70	-0.014984
19	101	-0.014986
4	92	-0.014992
28	59	-0.015012
56	82	-0.015021
72	102	-0.015037
31	108	-0.015044
49	87	-0.015062
54	106	-0.015076
31	96	-0.015092
3	63	-0.015098
17	48	-0.015106
5	91	-0.015113
29	65	-0.015145
50	92	-0.015164
44	79	-0.01517
69	101	-0.015177
78	101	-0.015182
83	103	-0.015182
44	87	-0.015188
5	83	-0.015189
50	85	-0.015203
67	82	-0.015212
8	35	-0.015221
2	69	-0.015228
55	97	-0.015237
46	92	-0.015263
18	87	-0.015266
13	107	-0.015268
64	89	-0.015284
57	82	-0.01529
30	95	-0.015294
66	97	-0.015296
19	48	-0.015303
59	64	-0.015303
24	86	-0.015305
49	59	-0.015311
10	42	-0.015316
19	87	-0.015338
40	91	-0.015366
19	85	-0.015368
21	72	-0.015368
10	82	-0.015382
37	60	-0.015383
5	89	-0.015388
86	96	-0.015406
7	28	-0.015413
65	82	-0.015421
48	70	-0.015427
38	80	-0.01543
27	98	-0.015436
19	91	-0.01544
16	70	-0.015441
6	31	-0.015443
11	33	-0.015444
55	81	-0.015444
60	90	-0.015489
7	65	-0.015506
59	101	-0.01551
71	75	-0.015511
41	73	-0.015512
37	104	-0.015517
22	40	-0.015522
16	29	-0.015524
2	101	-0.015535
73	82	-0.015538
11	48	-0.015539
41	57	-0.01555
4	25	-0.015566
1	70	-0.015567
26	29	-0.015574
59	74	-0.015575
40	99	-0.015588
11	89	-0.01559
65	87	-0.015594
39	98	-0.015597
29	73	-0.015602
22	82	-0.015619
13	85	-0.015621
61	84	-0.015625
17	92	-0.015634
48	92	-0.015648
59	85	-0.015657
83	105	-0.015657
46	95	-0.015666
79	87	-0.015684
17	26	-0.015693
25	31	-0.015697
14	58	-0.015701
3	49	-0.015705
6	37	-0.015728
71	106	-0.015729
70	97	-0.015757
9	58	-0.015766
34	96	-0.015766
6	32	-0.015768
77	100	-0.015768
72	82	-0.015791
25	26	-0.0158
15	101	-0.015805
4	85	-0.015811
12	85	-0.015824
17	70	-0.015824
17	33	-0.01583
5	63	-0.015837
52	81	-0.015842
20	75	-0.015843
6	62	-0.015854
37	99	-0.015874
54	101	-0.015881
22	63	-0.015883
18	32	-0.015886
25	90	-0.015896
20	59	-0.015902
7	90	-0.015907
41	72	-0.015947
75	94	-0.015964
25	89	-0.015994
65	100	-0.016008
31	63	-0.016014
28	63	-0.01602
74	88	-0.016021
11	92	-0.016032
16	87	-0.016032
23	58	-0.016034
10	101	-0.016035
20	60	-0.016039
29	95	-0.016044
8	37	-0.016063
91	106	-0.016064
97	100	-0.016072
5	19	-0.016086
83	107	-0.016094
17	41	-0.016105
45	71	-0.016117
29	66	-0.016122
71	103	-0.016124
16	59	-0.016127
73	87	-0.016138
6	76	-0.016151
50	99	-0.016159
12	104	-0.016162
11	65	-0.016165
24	32	-0.016167
6	60	-0.016175
20	63	-0.016175
20	56	-0.016176
16	32	-0.01619
48	67	-0.016205
82	106	-0.016209
17	80	-0.016212
4	108	-0.01622
2	78	-0.016245
16	17	-0.01626
37	64	-0.016266
17	22	-0.016279
59	78	-0.01628
37	74	-0.016284
67	88	-0.016296
5	18	-0.01631
74	103	-0.01631
3	16	-0.016316
19	83	-0.016337
25	41	-0.016352
31	59	-0.016361
5	94	-0.016367
37	103	-0.016375
48	79	-0.016376
24	94	-0.016397
50	71	-0.016398
85	106	-0.016405
32	91	-0.016422
29	59	-0.016423
25	62	-0.016427
19	70	-0.016429
13	90	-0.016433
11	70	-0.016435
64	103	-0.016435
11	80	-0.016437
12	16	-0.01644
1	62	-0.016447
48	80	-0.016454
17	87	-0.016467
55	83	-0.016481
64	82	-0.016483
26	83	-0.016487
52	86	-0.016498
11	83	-0.016505
74	82	-0.016516
22	57	-0.016518
30	80	-0.01653
24	70	-0.016542
50	82	-0.016573
19	72	-0.016581
86	108	-0.016594
54	83	-0.016614
61	93	-0.016625
54	85	-0.016628
22	30	-0.016635
91	99	-0.016638
54	68	-0.016641
26	87	-0.016662
76	85	-0.016663
29	47	-0.016668
17	106	-0.016672
21	85	-0.016673
11	73	-0.016691
10	85	-0.016694
50	74	-0.016709
62	95	-0.01671
1	24	-0.016726
7	21	-0.016727
27	88	-0.016734
17	81	-0.016741
26	66	-0.01676
57	81	-0.016775
25	48	-0.016778
65	79	-0.016796
8	32	-0.016808
67	87	-0.016822
38	66	-0.016824
91	100	-0.016824
17	83	-0.016841
63	96	-0.016849
6	82	-0.016861
6	23	-0.016875
50	107	-0.016876
69	106	-0.016878
16	25	-0.01689
12	92	-0.016918
32	97	-0.016923
77	81	-0.016926
79	101	-0.016931
37	47	-0.016932
12	91	-0.016941
24	79	-0.016945
46	63	-0.016952
8	70	-0.016959
37	107	-0.016959
28	101	-0.016974
65	101	-0.016977
25	71	-0.016987
70	92	-0.016993
17	27	-0.017011
48	87	-0.017026
78	88	-0.017029
41	59	-0.017052
70	79	-0.017056
11	90	-0.017069
49	95	-0.017074
12	65	-0.017078
67	85	-0.017078
79	82	-0.017088
28	48	-0.017094
58	95	-0.0171
12	72	-0.01712
58	91	-0.01712
7	11	-0.017131
34	60	-0.017132
44	80	-0.017139
22	101	-0.017142
23	92	-0.017142
23	105	-0.017142
79	89	-0.017153
41	49	-0.017156
48	66	-0.017162
46	105	-0.017164
21	48	-0.017181
6	85	-0.017182
73	101	-0.017184
41	52	-0.017192
8	11	-0.017196
79	86	-0.017204
26	32	-0.01722
38	90	-0.017221
53	99	-0.017228
29	57	-0.017231
54	103	-0.017234
64	96	-0.017235
30	92	-0.01724
62	85	-0.017247
62	96	-0.017248
33	92	-0.017258
33	96	-0.017261
32	98	-0.017263
24	107	-0.017267
33	108	-0.01727
35	80	-0.017271
47	92	-0.017274
46	75	-0.017278
30	85	-0.017287
33	72	-0.017288
27	101	-0.017292
52	62	-0.017303
6	53	-0.017308
6	101	-0.017314
30	105	-0.017322
17	72	-0.017355
23	44	-0.017362
19	33	-0.017369
31	48	-0.01739
15	92	-0.017423
71	87	-0.017434
12	57	-0.017437
2	51	-0.01745
59	68	-0.017461
64	88	-0.017483
16	98	-0.017498
18	44	-0.017522
16	64	-0.01753
30	97	-0.017546
24	55	-0.017547
74	96	-0.017548
45	60	-0.017553
58	106	-0.017575
27	42	-0.017577
82	104	-0.017582
16	105	-0.017583
37	102	-0.017598
31	107	-0.017611
19	30	-0.017622
26	97	-0.017629
18	82	-0.017653
14	105	-0.017686
10	89	-0.017705
3	62	-0.01771
76	95	-0.017718
81	95	-0.017722
59	70	-0.017728
1	92	-0.017747
67	101	-0.017772
8	38	-0.017777
42	101	-0.017782
25	70	-0.017815
16	83	-0.017825
102	106	-0.017838
4	68	-0.017863
22	85	-0.017865
18	35	-0.017872
55	76	-0.01788
17	91	-0.017884
90	99	-0.017894
15	98	-0.017903
26	59	-0.017937
78	98	-0.017951
59	79	-0.017968
18	72	-0.01798
6	96	-0.017998
12	73	-0.018004
19	106	-0.018018
7	101	-0.018024
41	70	-0.018041
3	103	-0.018069
57	80	-0.01807
16	82	-0.018092
22	67	-0.018096
25	28	-0.018096
65	85	-0.018106
11	72	-0.01811
52	97	-0.018123
33	67	-0.018125
53	103	-0.018126
11	94	-0.018127
59	89	-0.018127
32	64	-0.01813
38	59	-0.018141
73	79	-0.01815
83	100	-0.018163
33	58	-0.018166
72	101	-0.018169
20	72	-0.018202
70	80	-0.018211
32	74	-0.018214
84	106	-0.018226
54	91	-0.018228
16	74	-0.018249
73	85	-0.01825
14	108	-0.018258
19	65	-0.018259
74	101	-0.018261
77	101	-0.018263
17	71	-0.018264
37	98	-0.018296
64	101	-0.018296
61	71	-0.018303
47	94	-0.018306
83	98	-0.018312
24	82	-0.018316
82	103	-0.018318
64	85	-0.018329
56	70	-0.018347
19	94	-0.018351
19	61	-0.018364
25	105	-0.018367
17	103	-0.01837
74	85	-0.018371
19	27	-0.018382
69	94	-0.018386
22	42	-0.018397
18	70	-0.018398
48	65	-0.018417
37	86	-0.01842
20	38	-0.018421
46	59	-0.018422
17	77	-0.018425
48	104	-0.018448
55	94	-0.018459
4	62	-0.018475
77	93	-0.018478
17	61	-0.018479
25	81	-0.018479
19	54	-0.018481
8	101	-0.018486
14	90	-0.018502
11	81	-0.018504
35	83	-0.018504
16	67	-0.018508
15	22	-0.018511
64	79	-0.018528
19	73	-0.018539
25	92	-0.018541
22	96	-0.018548
41	60	-0.018557
79	85	-0.018559
23	35	-0.018573
6	16	-0.018586
16	66	-0.018598
75	89	-0.018616
82	98	-0.018622
7	30	-0.018646
22	50	-0.018666
65	76	-0.018685
41	102	-0.018689
7	48	-0.018727
17	94	-0.018732
13	104	-0.01874
48	59	-0.018743
8	83	-0.018744
8	52	-0.018746
17	96	-0.018749
48	83	-0.018751
27	92	-0.018767
6	55	-0.018773
25	83	-0.018776
47	72	-0.018791
76	88	-0.018813
3	99	-0.018822
7	46	-0.018829
8	82	-0.018835
48	73	-0.018851
7	56	-0.018861
69	95	-0.018861
12	22	-0.018864
23	83	-0.018869
41	82	-0.018877
93	98	-0.018888
17	95	-0.018895
32	66	-0.018895
1	22	-0.018898
37	69	-0.018906
29	60	-0.018916
62	97	-0.01892
34	56	-0.018926
17	104	-0.018928
19	35	-0.018953
19	58	-0.018954
10	80	-0.018964
30	59	-0.019002
38	60	-0.019006
18	103	-0.019018
32	102	-0.019018
69	105	-0.019041
16	96	-0.019052
12	90	-0.019074
19	105	-0.019074
33	95	-0.019091
47	108	-0.019099
25	87	-0.019103
42	75	-0.019126
26	82	-0.019128
17	62	-0.019161
20	81	-0.019162
17	86	-0.019164
44	83	-0.019201
93	105	-0.019218
55	101	-0.019224
74	79	-0.019224
21	62	-0.019234
26	96	-0.019235
25	80	-0.01924
17	76	-0.019243
20	104	-0.01925
61	101	-0.019267
10	94	-0.019277
26	94	-0.01929
24	101	-0.019294
7	82	-0.019302
17	65	-0.019309
72	100	-0.01932
55	62	-0.019322
5	50	-0.019326
21	76	-0.019351
67	91	-0.019352
56	73	-0.019375
19	44	-0.019376
48	81	-0.019381
39	49	-0.019391
11	87	-0.019398
70	96	-0.019414
5	96	-0.019415
78	86	-0.01942
25	72	-0.019429
94	107	-0.019438
61	107	-0.019444
48	96	-0.019448
17	23	-0.019451
76	83	-0.019467
2	92	-0.019471
7	85	-0.019488
51	76	-0.01949
6	19	-0.019492
5	90	-0.019493
53	98	-0.019508
94	100	-0.019511
4	12	-0.019513
74	87	-0.019514
68	95	-0.019549
6	91	-0.01956
16	69	-0.019571
59	90	-0.019579
7	17	-0.019608
75	78	-0.019608
18	104	-0.01962
17	73	-0.019628
11	96	-0.019641
1	12	-0.019654
13	68	-0.019655
31	91	-0.019656
6	17	-0.01966
16	97	-0.019668
82	102	-0.019681
52	56	-0.019692
5	42	-0.019693
49	77	-0.019697
4	82	-0.019698
61	100	-0.01972
7	75	-0.019729
63	94	-0.019733
6	11	-0.019754
10	87	-0.01976
12	51	-0.019762
41	58	-0.019763
86	95	-0.019772
11	95	-0.01979
30	86	-0.019795
26	88	-0.019829
10	92	-0.019836
41	101	-0.01984
25	96	-0.019844
35	90	-0.019848
2	29	-0.01985
68	87	-0.01985
70	103	-0.019863
13	50	-0.019871
13	82	-0.019873
64	87	-0.019882
59	103	-0.019886
7	19	-0.019889
70	76	-0.019889
26	72	-0.019911
42	103	-0.019912
58	81	-0.019923
40	104	-0.019928
11	98	-0.019933
79	83	-0.019956
68	96	-0.019976
18	79	-0.01998
88	100	-0.019981
6	46	-0.019993
33	70	-0.019999
22	78	-0.020004
11	91	-0.020009
47	75	-0.020011
24	85	-0.020022
18	101	-0.020028
4	75	-0.020033
20	83	-0.020036
58	108	-0.020037
7	59	-0.020069
61	70	-0.020078
8	85	-0.020105
41	87	-0.020117
7	70	-0.020118
59	80	-0.020131
19	63	-0.02014
50	72	-0.020156
15	106	-0.020179
45	56	-0.020186
4	53	-0.020196
19	92	-0.020197
72	85	-0.020214
47	59	-0.020224
49	52	-0.020227
22	76	-0.020232
10	51	-0.020262
58	99	-0.020298
41	62	-0.020301
51	100	-0.020308
80	95	-0.020325
80	104	-0.02033
25	91	-0.020332
41	86	-0.02037
31	90	-0.020372
49	84	-0.020391
30	60	-0.020392
33	107	-0.020406
81	96	-0.020422
50	64	-0.020426
23	91	-0.020432
60	101	-0.020448
31	69	-0.020453
62	102	-0.020457
5	65	-0.020465
25	103	-0.020486
5	13	-0.02049
12	89	-0.020512
7	63	-0.020515
41	88	-0.020515
3	102	-0.020554
16	94	-0.020563
38	105	-0.020572
40	69	-0.020574
48	94	-0.020577
29	56	-0.020601
7	71	-0.020603
18	64	-0.020604
73	96	-0.020629
2	10	-0.020631
74	92	-0.020646
67	92	-0.020665
41	83	-0.02067
42	56	-0.020671
27	75	-0.020672
77	84	-0.020672
27	86	-0.020673
21	101	-0.020676
49	101	-0.020683
16	65	-0.020685
72	94	-0.020686
16	85	-0.020687
18	85	-0.02069
64	92	-0.020713
18	74	-0.020729
1	8	-0.020736
6	92	-0.020745
67	79	-0.020751
28	67	-0.020756
16	101	-0.020775
9	65	-0.020789
1	101	-0.020794
68	79	-0.020812
41	67	-0.02084
25	94	-0.020888
12	21	-0.020904
61	86	-0.020913
44	81	-0.020936
22	48	-0.020951
79	90	-0.020967
47	56	-0.020973
80	96	-0.020987
15	53	-0.021006
38	102	-0.021019
11	50	-0.02103
59	98	-0.021046
6	70	-0.021051
24	51	-0.021062
46	97	-0.021062
6	48	-0.021067
65	96	-0.021067
59	92	-0.021068
70	95	-0.021074
44	90	-0.021097
4	98	-0.021099
19	96	-0.021103
60	79	-0.021104
74	90	-0.021117
14	20	-0.021131
23	42	-0.021137
23	70	-0.021138
19	80	-0.021148
62	70	-0.02116
47	63	-0.021181
11	102	-0.02119
23	64	-0.021204
52	63	-0.021216
21	87	-0.021219
2	95	-0.021226
14	75	-0.021241
5	25	-0.021246
4	72	-0.021248
62	86	-0.02125
70	102	-0.021269
9	55	-0.021295
33	59	-0.021296
17	102	-0.02131
34	65	-0.02133
60	70	-0.021337
24	76	-0.02134
25	102	-0.02134
6	81	-0.021354
79	95	-0.021386
72	83	-0.021409
8	14	-0.021419
72	96	-0.021433
70	99	-0.021441
13	39	-0.021448
62	83	-0.02145
86	93	-0.021483
10	29	-0.021484
57	78	-0.021484
48	60	-0.021492
41	85	-0.021497
50	97	-0.021509
3	69	-0.021514
5	88	-0.021519
23	84	-0.021547
7	69	-0.021569
25	86	-0.021569
8	25	-0.021576
27	58	-0.021577
50	73	-0.021598
90	107	-0.021601
47	102	-0.021603
25	95	-0.021612
31	103	-0.021621
83	104	-0.021658
16	28	-0.021689
46	60	-0.021693
63	84	-0.021705
57	71	-0.021709
41	47	-0.021716
6	49	-0.021728
66	101	-0.021737
8	62	-0.021745
7	50	-0.021755
48	97	-0.021776
10	70	-0.02178
73	108	-0.02178
56	67	-0.021794
88	96	-0.021799
81	99	-0.021831
31	98	-0.021841
5	59	-0.021846
13	23	-0.021861
47	91	-0.021869
78	92	-0.02189
24	35	-0.021904
75	91	-0.021929
59	87	-0.02194
35	102	-0.021952
59	83	-0.021962
8	94	-0.021965
23	34	-0.021975
24	44	-0.021976
47	106	-0.021976
16	73	-0.022003
17	49	-0.022023
17	100	-0.022032
33	76	-0.022036
26	85	-0.022043
63	73	-0.022052
78	95	-0.022056
44	102	-0.022058
22	92	-0.022071
25	104	-0.02209
3	86	-0.022115
8	103	-0.022117
26	101	-0.022118
8	41	-0.022129
70	104	-0.022135
18	98	-0.022136
65	92	-0.022145
17	66	-0.022154
6	41	-0.022156
47	105	-0.022159
29	108	-0.022164
23	87	-0.022185
19	28	-0.022191
56	81	-0.022193
77	96	-0.022193
14	65	-0.022211
73	100	-0.022213
16	75	-0.022231
34	100	-0.022238
30	39	-0.022274
88	104	-0.022292
73	92	-0.022306
22	27	-0.022313
72	84	-0.022313
47	83	-0.022366
6	58	-0.022385
46	86	-0.022385
79	92	-0.022388
57	73	-0.022405
22	80	-0.022408
70	91	-0.022417
10	83	-0.022452
19	86	-0.022461
84	87	-0.022471
7	25	-0.022502
8	23	-0.022524
20	98	-0.022553
4	65	-0.022565
26	64	-0.022583
59	65	-0.022583
64	90	-0.022593
72	80	-0.022614
73	105	-0.022618
94	108	-0.022618
72	91	-0.022663
11	86	-0.022664
3	66	-0.022665
67	95	-0.022685
13	55	-0.022702
12	76	-0.022709
28	75	-0.022723
26	105	-0.022725
40	100	-0.022738
73	75	-0.022744
21	66	-0.022746
57	96	-0.022763
63	89	-0.02278
26	28	-0.02279
13	106	-0.022805
71	90	-0.02282
4	42	-0.022844
23	54	-0.022858
52	103	-0.022863
4	100	-0.022865
24	34	-0.02289
55	72	-0.022892
11	16	-0.022897
79	88	-0.022913
6	25	-0.02292
13	59	-0.022927
45	65	-0.022929
55	104	-0.022933
46	107	-0.022941
20	31	-0.022952
46	93	-0.022967
1	85	-0.022987
58	61	-0.022988
59	73	-0.02299
79	94	-0.02301
46	96	-0.023016
8	92	-0.023019
7	98	-0.023058
16	72	-0.023061
63	69	-0.023069
28	86	-0.023073
3	76	-0.023111
63	105	-0.023154
26	74	-0.023176
12	50	-0.023182
46	103	-0.023182
18	48	-0.023189
26	65	-0.023206
72	92	-0.023206
31	89	-0.023208
23	45	-0.023212
29	50	-0.023213
56	66	-0.023221
11	41	-0.023244
22	83	-0.023251
7	92	-0.023258
82	97	-0.023266
62	90	-0.02329
20	46	-0.023301
26	98	-0.023304
38	108	-0.023314
14	98	-0.023337
15	67	-0.023355
16	24	-0.023359
17	60	-0.023366
79	80	-0.023379
18	62	-0.023409
6	88	-0.023431
61	94	-0.023493
77	86	-0.023493
56	71	-0.023494
23	107	-0.023497
1	77	-0.023517
14	85	-0.023525
52	90	-0.023531
59	108	-0.023538
24	45	-0.023539
30	69	-0.02354
76	90	-0.023541
5	81	-0.023553
31	44	-0.023555
22	33	-0.023558
75	87	-0.023566
12	56	-0.023588
33	44	-0.023595
28	53	-0.023602
57	92	-0.023644
64	80	-0.023646
13	61	-0.023657
15	87	-0.023665
6	95	-0.023683
59	94	-0.023703
89	100	-0.023706
41	94	-0.023727
3	27	-0.023738
7	95	-0.023742
45	100	-0.023752
72	104	-0.023752
6	80	-0.023753
15	64	-0.023767
59	81	-0.02377
5	100	-0.023776
74	80	-0.023788
46	84	-0.023796
20	55	-0.023799
69	75	-0.023804
69	83	-0.023822
14	74	-0.023826
7	84	-0.023843
24	74	-0.023872
59	91	-0.023875
33	35	-0.023879
19	98	-0.02391
45	51	-0.023913
3	78	-0.023922
24	31	-0.023924
8	59	-0.023926
25	66	-0.023954
23	103	-0.023958
65	80	-0.023969
72	86	-0.024003
8	73	-0.024008
48	106	-0.02404
14	57	-0.024042
18	96	-0.024044
40	54	-0.024063
93	102	-0.024077
35	60	-0.02409
73	103	-0.024104
88	102	-0.024106
10	20	-0.02412
22	99	-0.024153
67	98	-0.024174
73	80	-0.024184
27	76	-0.024186
78	83	-0.024191
75	101	-0.024195
9	97	-0.024212
42	63	-0.024216
70	106	-0.024234
2	83	-0.024238
11	103	-0.024305
12	26	-0.024312
22	70	-0.024314
3	71	-0.024348
10	21	-0.024369
24	80	-0.024384
7	57	-0.024405
5	106	-0.024412
41	95	-0.024421
13	66	-0.024435
44	60	-0.024478
11	23	-0.024491
9	73	-0.024492
39	57	-0.024508
75	88	-0.024522
14	73	-0.024537
88	98	-0.024547
26	73	-0.02457
24	92	-0.024612
89	106	-0.024614
9	14	-0.024622
28	99	-0.024633
65	95	-0.024656
69	81	-0.024663
53	89	-0.024669
39	95	-0.024685
22	84	-0.024696
59	96	-0.024696
56	103	-0.024703
13	100	-0.024719
83	108	-0.024723
49	62	-0.02473
19	95	-0.02474
27	90	-0.024779
19	71	-0.02481
63	78	-0.024847
5	23	-0.024871
42	81	-0.024905
11	60	-0.024949
24	64	-0.024949
66	104	-0.024969
73	95	-0.024971
24	84	-0.024986
11	104	-0.024995
9	27	-0.025009
31	42	-0.025017
8	80	-0.025019
26	69	-0.025024
31	72	-0.025051
19	66	-0.025066
41	80	-0.025069
58	93	-0.025088
22	53	-0.025092
52	75	-0.025102
5	71	-0.025105
52	78	-0.025144
8	76	-0.025147
47	98	-0.02515
4	63	-0.025177
55	71	-0.025233
27	89	-0.025238
33	60	-0.025252
18	92	-0.025267
11	22	-0.025268
16	71	-0.025279
18	34	-0.025288
39	92	-0.025292
18	80	-0.025321
8	60	-0.025341
27	53	-0.025355
52	89	-0.025358
25	100	-0.025365
9	40	-0.025399
18	68	-0.025422
59	95	-0.025438
55	106	-0.025447
56	88	-0.025458
51	99	-0.025475
84	105	-0.025482
12	107	-0.02551
24	62	-0.025531
93	104	-0.025536
16	80	-0.025554
62	79	-0.025562
18	45	-0.025579
27	87	-0.025596
26	67	-0.025597
15	74	-0.025614
44	93	-0.025615
23	74	-0.025643
66	98	-0.025653
22	93	-0.025662
18	76	-0.025684
76	102	-0.025699
62	106	-0.025712
17	50	-0.025719
7	39	-0.025738
22	94	-0.025778
90	106	-0.025778
80	98	-0.02578
14	64	-0.025833
24	48	-0.025872
44	103	-0.025872
51	72	-0.025894
16	88	-0.025903
5	57	-0.025916
35	93	-0.025916
81	108	-0.025916
64	108	-0.02596
3	98	-0.025972
72	93	-0.026016
10	27	-0.02604
12	87	-0.026042
3	88	-0.026073
24	99	-0.026154
59	102	-0.026167
18	58	-0.026176
23	99	-0.026179
6	26	-0.026184
35	103	-0.026199
21	98	-0.026201
24	58	-0.026232
16	92	-0.026236
45	108	-0.026237
13	67	-0.026246
50	57	-0.026262
41	92	-0.026268
7	93	-0.026271
17	55	-0.026281
6	67	-0.026311
30	38	-0.026313
61	96	-0.026337
9	61	-0.026351
41	99	-0.026371
54	59	-0.026399
66	91	-0.026415
30	51	-0.02643
50	91	-0.026443
20	52	-0.026465
24	95	-0.026482
21	61	-0.026489
71	105	-0.026537
76	96	-0.026555
15	90	-0.026556
72	108	-0.026564
25	60	-0.026583
3	23	-0.026602
77	92	-0.026607
35	54	-0.026617
72	107	-0.026625
39	85	-0.026628
14	47	-0.026633
49	66	-0.02664
8	65	-0.026682
49	93	-0.026711
72	103	-0.026718
31	41	-0.026733
45	54	-0.026734
34	51	-0.026738
59	106	-0.026758
66	96	-0.026758
8	95	-0.026805
9	87	-0.026807
42	87	-0.026817
28	45	-0.026821
57	67	-0.026835
58	77	-0.026883
67	76	-0.026889
30	89	-0.026893
33	51	-0.026924
34	108	-0.026939
41	56	-0.026959
72	106	-0.026981
80	102	-0.027
4	28	-0.02704
48	72	-0.027047
4	6	-0.027074
4	93	-0.027076
9	45	-0.027082
4	84	-0.027113
21	63	-0.027122
26	80	-0.027134
21	77	-0.027144
28	87	-0.027159
21	75	-0.027162
51	79	-0.027172
48	103	-0.027185
74	108	-0.027188
56	94	-0.027196
73	104	-0.027199
33	54	-0.027263
57	88	-0.02729
5	44	-0.027389
39	96	-0.0274
1	40	-0.027405
78	102	-0.027411
7	72	-0.027455
6	50	-0.027462
42	65	-0.027462
45	67	-0.027464
9	83	-0.027474
51	104	-0.027487
65	104	-0.027495
19	79	-0.027503
65	78	-0.027515
55	99	-0.027547
7	68	-0.027559
24	26	-0.02756
31	79	-0.027567
63	88	-0.0276
66	108	-0.02761
42	95	-0.027626
19	60	-0.027661
50	84	-0.027669
49	79	-0.027675
61	98	-0.027689
18	95	-0.027695
3	72	-0.027712
19	41	-0.027724
5	22	-0.027725
21	70	-0.027727
24	56	-0.027731
61	66	-0.027748
1	13	-0.027758
53	108	-0.027777
11	66	-0.027788
16	86	-0.027789
46	94	-0.027796
28	34	-0.027804
56	79	-0.027809
2	55	-0.027825
12	41	-0.027867
16	56	-0.02787
42	92	-0.027876
27	100	-0.027877
80	97	-0.027883
3	30	-0.027915
34	54	-0.02792
8	24	-0.027924
5	49	-0.027958
60	96	-0.027987
81	98	-0.028016
46	83	-0.028028
13	96	-0.028033
12	88	-0.028045
26	92	-0.028059
57	65	-0.02813
16	63	-0.028138
53	97	-0.028142
65	106	-0.028175
23	47	-0.02818
57	74	-0.028201
15	89	-0.02822
9	34	-0.028226
3	22	-0.028233
59	66	-0.028255
50	67	-0.028258
56	87	-0.028259
15	21	-0.028274
47	66	-0.028278
77	107	-0.028278
58	76	-0.028281
73	78	-0.028288
7	18	-0.028298
19	55	-0.028312
21	38	-0.02832
57	103	-0.028336
57	64	-0.028337
39	99	-0.028365
24	30	-0.028366
12	106	-0.028388
23	88	-0.028406
60	102	-0.028407
21	26	-0.028409
42	107	-0.02841
8	30	-0.028425
12	105	-0.028455
49	102	-0.02846
30	70	-0.028464
31	87	-0.028465
26	75	-0.028469
84	104	-0.028474
52	93	-0.028486
60	65	-0.028515
73	102	-0.028519
27	69	-0.028551
23	77	-0.028581
25	106	-0.028605
45	74	-0.028615
50	87	-0.028632
73	93	-0.028637
4	103	-0.028651
10	74	-0.028663
5	16	-0.028681
8	90	-0.0287
23	61	-0.028714
47	74	-0.028748
22	95	-0.028781
8	89	-0.028793
2	100	-0.0288
75	105	-0.028821
78	90	-0.028852
5	24	-0.02887
78	89	-0.028872
21	51	-0.028941
42	93	-0.028947
15	69	-0.028961
55	84	-0.028972
35	81	-0.028977
6	78	-0.028991
60	73	-0.029033
59	84	-0.02904
51	89	-0.029043
47	90	-0.029054
15	41	-0.029073
89	107	-0.029081
42	51	-0.029093
7	10	-0.029117
28	44	-0.029119
14	89	-0.029134
77	89	-0.029161
65	105	-0.029165
34	74	-0.02919
38	47	-0.029206
6	99	-0.02925
41	53	-0.02929
41	81	-0.029335
18	83	-0.029344
22	86	-0.029381
12	79	-0.029384
4	104	-0.029396
39	93	-0.029415
49	73	-0.029439
52	108	-0.02945
73	84	-0.029466
68	91	-0.029471
31	52	-0.029491
4	96	-0.029497
42	74	-0.029531
62	67	-0.029586
4	102	-0.02959
39	101	-0.029618
22	64	-0.02962
7	58	-0.029657
10	64	-0.029657
8	58	-0.029667
18	94	-0.029699
34	53	-0.029701
30	53	-0.029704
24	93	-0.029736
10	96	-0.029744
10	75	-0.029748
34	67	-0.029777
35	91	-0.029778
34	90	-0.029791
20	97	-0.029795
23	66	-0.029807
18	27	-0.029808
59	105	-0.029893
51	91	-0.029919
1	47	-0.029944
35	89	-0.029979
42	73	-0.029985
6	18	-0.029998
34	91	-0.030005
78	106	-0.030028
49	108	-0.03003
93	97	-0.030033
27	54	-0.030048
45	90	-0.030067
16	23	-0.030084
81	103	-0.030099
26	68	-0.030109
15	91	-0.030126
56	92	-0.030141
61	92	-0.030153
63	91	-0.030192
72	98	-0.030211
22	103	-0.030232
47	95	-0.030235
65	103	-0.030265
16	18	-0.030291
5	51	-0.030292
7	83	-0.0303
60	91	-0.030308
44	58	-0.030333
6	83	-0.030361
45	91	-0.030375
50	93	-0.030383
57	63	-0.030383
31	61	-0.030395
18	60	-0.030399
31	58	-0.030415
74	97	-0.030427
59	93	-0.030433
61	81	-0.030434
52	96	-0.030443
56	74	-0.030469
42	83	-0.03049
42	59	-0.030525
62	89	-0.030529
30	66	-0.030537
89	103	-0.030561
27	63	-0.030568
1	38	-0.030582
69	87	-0.0306
7	91	-0.030612
16	100	-0.030614
34	94	-0.030614
50	83	-0.030632
8	96	-0.030644
50	94	-0.030665
44	54	-0.030668
13	108	-0.030677
76	89	-0.030678
22	74	-0.030699
58	66	-0.030702
5	30	-0.030709
44	89	-0.030735
46	61	-0.030739
22	108	-0.030768
72	81	-0.030781
64	97	-0.030787
45	53	-0.03089
57	100	-0.030938
8	22	-0.030942
5	28	-0.030993
78	94	-0.031052
86	105	-0.031093
38	55	-0.031109
42	106	-0.031136
47	64	-0.03117
2	104	-0.031176
60	95	-0.031183
89	102	-0.0312
45	94	-0.031213
31	104	-0.031214
41	108	-0.03122
24	102	-0.031233
44	91	-0.031256
51	61	-0.03126
28	77	-0.031261
10	68	-0.031275
79	81	-0.031298
57	97	-0.031363
77	105	-0.031365
10	22	-0.031367
33	105	-0.031383
9	75	-0.031399
56	91	-0.031416
31	45	-0.031464
27	49	-0.031483
65	84	-0.031485
91	102	-0.031493
7	22	-0.031496
45	64	-0.031497
5	31	-0.031525
8	68	-0.031526
2	75	-0.031528
7	60	-0.031576
10	67	-0.031612
61	89	-0.031619
28	35	-0.03162
51	87	-0.031636
12	23	-0.031676
27	41	-0.03168
23	98	-0.031693
4	91	-0.03172
65	102	-0.031764
5	56	-0.03183
26	56	-0.031856
8	61	-0.031858
31	35	-0.031881
24	63	-0.031892
21	96	-0.031932
65	93	-0.031938
8	77	-0.03194
79	102	-0.031949
50	90	-0.031955
22	72	-0.032002
14	63	-0.032041
21	92	-0.032043
64	102	-0.032075
24	33	-0.03208
5	86	-0.032101
49	81	-0.032104
75	84	-0.032125
26	71	-0.032127
27	66	-0.032136
6	20	-0.032156
38	94	-0.032172
34	64	-0.032178
86	106	-0.03221
50	66	-0.032214
56	84	-0.03222
66	95	-0.032236
52	105	-0.03227
6	94	-0.032287
14	102	-0.0323
24	96	-0.032306
27	62	-0.032316
7	53	-0.032334
20	76	-0.03236
56	107	-0.032372
47	77	-0.032412
7	94	-0.032428
8	93	-0.032445
69	104	-0.032464
69	93	-0.032501
23	94	-0.032537
26	86	-0.032541
27	91	-0.032552
77	83	-0.032559
58	102	-0.032578
45	81	-0.032579
62	94	-0.032584
34	81	-0.032598
57	75	-0.032602
55	93	-0.032611
34	76	-0.032639
8	84	-0.032662
49	76	-0.032721
41	104	-0.032722
3	96	-0.032725
51	77	-0.032737
53	87	-0.032737
58	104	-0.03274
16	52	-0.032761
56	93	-0.032857
67	97	-0.032879
74	102	-0.032929
2	46	-0.032988
56	64	-0.032998
60	97	-0.032998
22	102	-0.033015
5	35	-0.033016
56	100	-0.033077
46	77	-0.033107
14	87	-0.033114
45	76	-0.033144
23	93	-0.033214
16	68	-0.033224
49	91	-0.033267
52	71	-0.033278
90	102	-0.033307
39	56	-0.033311
50	89	-0.033312
76	94	-0.03332
31	34	-0.033335
20	100	-0.033346
19	103	-0.033351
84	97	-0.033394
14	26	-0.03341
10	102	-0.033454
53	90	-0.033498
4	79	-0.033501
24	50	-0.033506
4	86	-0.03355
89	99	-0.033567
62	99	-0.033568
16	60	-0.033579
23	100	-0.033583
64	95	-0.033585
90	100	-0.033592
47	54	-0.033612
28	91	-0.033616
56	105	-0.033628
74	95	-0.033629
12	49	-0.033656
54	81	-0.033698
42	102	-0.033726
7	24	-0.033739
26	63	-0.033753
49	104	-0.033775
69	84	-0.033893
28	56	-0.033916
22	69	-0.033917
12	67	-0.03393
41	105	-0.033942
63	99	-0.033956
4	56	-0.03399
47	89	-0.034005
15	47	-0.03401
22	105	-0.034039
57	91	-0.034079
34	104	-0.034108
24	108	-0.034147
28	58	-0.034232
24	98	-0.034272
56	104	-0.034288
87	106	-0.034291
9	68	-0.034292
52	98	-0.034311
45	104	-0.034315
27	52	-0.034332
12	20	-0.034344
15	77	-0.034346
15	76	-0.034385
81	105	-0.034394
13	76	-0.03443
54	78	-0.034432
71	93	-0.034433
13	64	-0.034439
31	54	-0.0345
88	99	-0.034531
24	105	-0.034573
9	42	-0.034614
4	97	-0.034652
71	84	-0.03466
35	58	-0.034709
8	91	-0.034769
3	105	-0.034805
6	69	-0.034824
23	96	-0.034843
9	72	-0.03487
13	74	-0.034892
53	88	-0.034962
6	106	-0.034979
46	98	-0.034992
54	88	-0.035048
9	38	-0.035059
35	52	-0.035079
76	91	-0.035107
39	87	-0.035171
42	64	-0.035184
41	45	-0.035219
44	52	-0.035224
26	60	-0.035254
33	69	-0.03526
21	69	-0.035297
8	79	-0.035328
4	71	-0.035329
6	38	-0.035485
14	100	-0.035512
64	100	-0.035527
38	42	-0.035529
28	100	-0.035551
24	75	-0.035611
10	15	-0.035632
53	81	-0.035639
13	73	-0.035679
3	92	-0.03569
20	62	-0.035752
19	104	-0.035827
9	10	-0.035832
44	66	-0.035858
3	50	-0.035883
46	51	-0.035914
63	93	-0.035979
23	57	-0.035992
42	88	-0.036009
13	65	-0.036064
4	89	-0.036068
24	81	-0.036072
58	103	-0.036093
1	49	-0.036138
23	62	-0.036155
8	64	-0.036183
56	89	-0.036232
60	107	-0.036238
39	46	-0.036326
76	92	-0.036329
3	64	-0.036347
69	86	-0.036395
5	107	-0.036398
60	63	-0.036398
58	86	-0.036404
22	47	-0.036405
27	97	-0.036405
42	98	-0.036424
8	74	-0.03648
24	72	-0.036483
24	61	-0.036516
88	105	-0.036517
1	81	-0.036546
23	106	-0.036558
60	75	-0.036566
3	74	-0.03658
9	49	-0.036584
2	63	-0.036585
6	42	-0.036636
8	71	-0.036677
14	92	-0.036712
28	38	-0.03674
62	92	-0.036781
20	49	-0.036788
35	66	-0.036791
75	96	-0.03682
34	47	-0.036868
68	93	-0.036882
31	53	-0.036885
24	77	-0.036932
1	42	-0.036943
34	83	-0.036967
14	91	-0.036987
34	79	-0.036987
42	55	-0.037008
81	104	-0.037123
51	90	-0.037193
13	75	-0.037201
71	102	-0.037212
4	87	-0.03726
35	105	-0.037291
78	104	-0.037301
39	84	-0.037313
50	77	-0.037336
12	39	-0.037361
14	69	-0.037388
45	83	-0.037389
5	98	-0.037427
23	104	-0.037461
22	61	-0.037621
15	35	-0.037677
15	66	-0.037704
78	91	-0.037714
39	51	-0.03774
55	78	-0.037746
23	30	-0.037791
42	69	-0.037812
12	66	-0.037817
34	41	-0.037817
31	99	-0.037834
76	97	-0.037878
41	54	-0.037885
23	102	-0.0379
42	100	-0.037953
45	79	-0.037961
15	97	-0.03806
18	86	-0.03813
10	105	-0.038155
20	58	-0.038278
2	94	-0.038302
51	58	-0.038336
2	97	-0.038339
6	39	-0.038411
74	100	-0.03855
34	89	-0.038574
51	105	-0.038584
10	108	-0.038614
45	89	-0.038652
46	71	-0.038685
31	105	-0.038721
4	23	-0.03881
30	90	-0.038815
39	105	-0.03887
51	88	-0.038877
54	99	-0.038997
10	107	-0.039025
9	47	-0.039138
1	61	-0.039166
8	21	-0.039172
34	88	-0.0392
24	54	-0.039235
50	81	-0.039307
31	49	-0.039313
47	87	-0.039363
23	72	-0.039384
51	97	-0.039396
4	47	-0.039416
21	105	-0.039419
56	78	-0.039422
52	58	-0.039439
33	57	-0.03947
56	83	-0.039476
16	104	-0.039485
4	44	-0.039558
66	103	-0.039566
64	107	-0.039584
7	66	-0.039589
38	104	-0.039619
62	91	-0.039742
55	61	-0.03976
44	105	-0.039819
56	61	-0.03983
57	61	-0.039832
28	92	-0.039877
6	66	-0.039974
35	51	-0.039978
76	100	-0.040021
28	66	-0.040031
49	97	-0.040036
2	91	-0.040071
20	35	-0.040071
1	69	-0.040109
53	69	-0.04012
78	97	-0.040121
30	61	-0.040143
54	69	-0.040171
10	63	-0.040173
21	108	-0.040207
44	76	-0.040224
23	26	-0.040227
45	47	-0.040264
58	62	-0.040266
2	45	-0.040267
42	84	-0.040296
14	34	-0.04044
42	90	-0.040469
1	96	-0.04049
30	52	-0.040501
69	102	-0.040576
84	102	-0.040614
1	100	-0.040654
62	104	-0.040698
42	52	-0.04083
7	54	-0.04094
10	54	-0.040979
44	62	-0.041027
45	88	-0.041067
46	69	-0.041085
2	89	-0.041108
2	90	-0.041181
59	100	-0.041184
9	63	-0.041271
71	91	-0.041274
8	99	-0.041306
9	50	-0.041347
30	87	-0.041366
60	104	-0.041621
14	39	-0.04163
62	71	-0.04163
63	67	-0.041634
74	107	-0.041674
1	31	-0.041713
21	56	-0.041753
9	92	-0.041789
3	7	-0.041799
61	97	-0.041808
2	88	-0.04186
22	51	-0.041916
23	76	-0.041925
28	107	-0.041932
5	55	-0.041938
20	42	-0.041941
33	71	-0.041981
5	15	-0.042026
27	47	-0.042027
9	23	-0.042067
42	94	-0.042091
14	45	-0.042138
4	35	-0.042212
15	44	-0.042235
57	94	-0.042278
2	62	-0.042352
47	107	-0.042384
27	71	-0.042398
47	67	-0.042429
13	56	-0.042655
20	44	-0.042783
13	69	-0.042801
35	76	-0.042813
2	103	-0.042822
5	41	-0.04288
7	23	-0.043034
21	42	-0.043127
30	47	-0.043162
35	62	-0.043169
77	87	-0.043274
42	97	-0.043275
38	83	-0.043277
60	103	-0.043318
54	104	-0.043346
9	78	-0.043371
28	72	-0.043375
49	98	-0.043482
53	77	-0.043504
2	34	-0.043529
8	66	-0.043533
7	16	-0.04355
3	91	-0.043715
21	53	-0.04372
15	61	-0.043726
31	50	-0.043761
68	88	-0.043818
63	87	-0.043822
77	102	-0.043861
42	89	-0.043963
27	64	-0.044007
75	93	-0.044042
44	51	-0.044158
22	54	-0.044184
27	51	-0.044188
67	75	-0.044203
68	97	-0.044247
15	42	-0.044253
68	84	-0.04437
74	99	-0.044393
77	94	-0.044433
4	21	-0.044512
21	78	-0.044631
38	75	-0.044718
61	99	-0.044737
3	14	-0.044742
28	69	-0.044821
14	49	-0.044822
9	94	-0.04485
23	78	-0.044852
41	103	-0.044863
42	104	-0.044935
44	68	-0.045
38	51	-0.045173
26	104	-0.045204
45	102	-0.045348
27	93	-0.045371
49	60	-0.045422
3	34	-0.045452
10	84	-0.045574
35	68	-0.045625
79	106	-0.045647
4	90	-0.045656
10	61	-0.045685
34	102	-0.045777
10	77	-0.045779
71	76	-0.045798
1	75	-0.045803
44	78	-0.045806
27	74	-0.045836
21	30	-0.045956
50	103	-0.045967
35	50	-0.046072
66	102	-0.046142
2	47	-0.04615
38	76	-0.046154
61	87	-0.046169
27	84	-0.046308
3	5	-0.046343
44	50	-0.046375
75	99	-0.046395
38	88	-0.046533
58	71	-0.046602
7	26	-0.046637
77	97	-0.046689
93	103	-0.046702
10	66	-0.046785
62	107	-0.046853
30	88	-0.046911
78	93	-0.046911
15	78	-0.046932
9	39	-0.046981
2	33	-0.047008
30	76	-0.047014
14	44	-0.047097
13	34	-0.047185
77	90	-0.047262
42	91	-0.047337
76	104	-0.04738
3	104	-0.047598
9	51	-0.047617
20	47	-0.04772
68	104	-0.047735
3	45	-0.047805
84	103	-0.047986
20	61	-0.048054
13	52	-0.048129
77	99	-0.048131
53	78	-0.048225
49	106	-0.048347
9	21	-0.048412
15	71	-0.048524
20	51	-0.048716
20	77	-0.048795
15	49	-0.048827
38	63	-0.048852
15	105	-0.048853
30	68	-0.048856
64	99	-0.048879
50	104	-0.048916
34	62	-0.048961
4	54	-0.049143
9	64	-0.049184
68	100	-0.04932
30	75	-0.049411
39	91	-0.049434
26	100	-0.049448
45	62	-0.04956
14	35	-0.049605
38	62	-0.049606
42	53	-0.049616
13	79	-0.049639
21	74	-0.049677
30	71	-0.049696
13	45	-0.049799
13	63	-0.049858
61	75	-0.04986
9	77	-0.049864
5	53	-0.04989
9	12	-0.049975
15	55	-0.049975
57	83	-0.050021
5	68	-0.050083
57	90	-0.050092
20	45	-0.050111
10	93	-0.050174
35	78	-0.050289
15	58	-0.050335
26	103	-0.050459
14	16	-0.050489
21	64	-0.050506
5	58	-0.05062
50	106	-0.05063
57	87	-0.05066
4	78	-0.050772
14	99	-0.050869
56	106	-0.050887
5	38	-0.050968
13	41	-0.050992
20	34	-0.051025
62	98	-0.051048
88	107	-0.051155
9	74	-0.051464
21	102	-0.051499
55	107	-0.051516
27	61	-0.051581
16	103	-0.051661
61	102	-0.051789
21	93	-0.051984
23	67	-0.051993
67	108	-0.052016
21	99	-0.052094
56	63	-0.052113
21	39	-0.052308
34	107	-0.052334
10	38	-0.052498
45	107	-0.052525
7	107	-0.052597
56	75	-0.052776
1	98	-0.05279
77	88	-0.052873
58	100	-0.052976
61	90	-0.052978
20	69	-0.052982
57	105	-0.053063
55	77	-0.053235
54	100	-0.053262
56	69	-0.053473
4	49	-0.053509
75	106	-0.05369
27	77	-0.053748
39	103	-0.053842
15	88	-0.05385
6	68	-0.053973
88	106	-0.054072
13	58	-0.054082
53	105	-0.054124
30	62	-0.054184
15	75	-0.054417
57	89	-0.054424
62	100	-0.05444
2	76	-0.054665
21	100	-0.054696
3	90	-0.054921
77	91	-0.054981
52	106	-0.055107
21	54	-0.055159
21	88	-0.055201
13	77	-0.055313
2	58	-0.055638
21	84	-0.055668
30	63	-0.05567
63	106	-0.05607
38	45	-0.056095
3	89	-0.056686
28	46	-0.05679
1	93	-0.057034
27	105	-0.057123
61	91	-0.057125
53	61	-0.057254
13	35	-0.057274
23	56	-0.057318
28	90	-0.057645
13	44	-0.05771
55	105	-0.057849
15	62	-0.05801
20	30	-0.058064
3	12	-0.058073
78	84	-0.058106
56	90	-0.058165
23	108	-0.058283
10	39	-0.058306
49	107	-0.058388
76	98	-0.058394
34	38	-0.058769
20	78	-0.05929
13	62	-0.059381
69	99	-0.059469
30	55	-0.059701
3	100	-0.059768
39	104	-0.059787
68	105	-0.059968
49	105	-0.060525
13	20	-0.060632
5	27	-0.060729
47	68	-0.061044
55	69	-0.061104
3	47	-0.062373
30	58	-0.062374
28	49	-0.06261
12	13	-0.062772
63	107	-0.062861
39	97	-0.062942
15	63	-0.06325
4	55	-0.0634
58	105	-0.063438
28	89	-0.0636
49	99	-0.064335
49	78	-0.064347
75	107	-0.064356
62	84	-0.064575
76	84	-0.065276
61	105	-0.065284
76	107	-0.065422
1	63	-0.066127
3	10	-0.066315
28	106	-0.066819
1	51	-0.066878
51	106	-0.067174
14	107	-0.067245
28	50	-0.067493
23	27	-0.067827
51	108	-0.067895
45	52	-0.068104
2	99	-0.068846
34	52	-0.06928
42	49	-0.069993
62	93	-0.070804
3	42	-0.070904
61	63	-0.071707
75	77	-0.071827
28	39	-0.072638
1	84	-0.073148
49	88	-0.073679
2	39	-0.073774
4	88	-0.075401
78	100	-0.07553
28	76	-0.076936
76	93	-0.077193
63	77	-0.077351
13	57	-0.078552
15	93	-0.079741
28	108	-0.081744
15	84	-0.082848
39	108	-0.084535
14	62	-0.089448
28	78	-0.089537
28	42	-0.090302
28	62	-0.094828
14	76	-0.098209