#==========================================================================
# The first and second rows contain site pairs (i, j) such that j > i
# The third row contains coevolutionary scores obtained 
# using EVCouplings algorithm.
# Note that in this data sites are counted/labelled starting from 1
#==========================================================================
42	43	0.25268
18	19	0.15106
26	42	0.141015
22	23	0.126821
11	12	0.116415
5	7	0.114062
15	19	0.114019
26	43	0.112032
25	30	0.107507
23	42	0.101875
12	14	0.101172
1	3	0.095973
6	9	0.091408
20	21	0.091393
13	14	0.088403
27	42	0.085953
17	20	0.08519
11	16	0.08385
6	20	0.083679
14	25	0.082312
30	31	0.082099
10	43	0.081952
15	17	0.080731
14	15	0.080107
3	4	0.078202
2	6	0.07757
27	43	0.075705
15	16	0.073815
13	41	0.072962
28	34	0.072802
8	16	0.070835
20	22	0.070607
4	13	0.070458
33	40	0.070433
18	30	0.069275
5	12	0.068967
8	9	0.068087
9	10	0.068085
1	42	0.068029
18	21	0.066519
16	18	0.065648
2	19	0.065484
12	19	0.064334
10	42	0.062821
22	24	0.06167
6	32	0.060738
14	18	0.060589
21	27	0.060021
6	24	0.059237
9	32	0.058742
3	9	0.058643
1	43	0.058637
2	10	0.058158
3	6	0.057758
1	8	0.057755
4	9	0.057351
16	31	0.057346
20	23	0.057249
10	32	0.054147
7	42	0.053664
11	15	0.053028
24	27	0.053014
25	26	0.052406
9	12	0.052339
20	26	0.05167
6	8	0.05154
1	6	0.051285
13	17	0.050415
27	29	0.050352
6	10	0.050313
12	15	0.049345
20	24	0.049037
24	25	0.048854
28	33	0.048453
14	16	0.04801
13	16	0.048009
25	29	0.047154
1	27	0.046689
26	41	0.046358
31	34	0.046152
19	22	0.045961
9	29	0.045662
12	13	0.045596
7	29	0.04508
8	20	0.045051
7	12	0.044996
3	35	0.044231
4	32	0.04391
5	8	0.043756
2	32	0.04343
13	15	0.043303
2	3	0.043072
28	40	0.042954
7	9	0.042503
24	34	0.042344
27	28	0.041288
5	11	0.040759
12	16	0.040512
4	7	0.040192
11	14	0.039762
11	13	0.039652
11	41	0.039282
32	41	0.038612
23	25	0.038543
3	17	0.03725
29	31	0.037065
34	41	0.037054
2	13	0.036932
4	14	0.03692
6	29	0.03633
28	41	0.036066
10	13	0.035594
5	32	0.035561
4	8	0.035551
21	24	0.03534
3	13	0.03521
29	30	0.034672
1	7	0.034276
34	42	0.034208
19	25	0.034026
23	26	0.033624
18	42	0.033605
25	31	0.033504
21	31	0.033468
12	17	0.03327
10	19	0.033017
7	43	0.032933
4	29	0.032823
17	19	0.03234
11	32	0.032276
33	43	0.032015
2	24	0.031695
30	41	0.031679
23	24	0.031134
28	32	0.031038
9	17	0.03051
32	34	0.030211
4	21	0.030183
26	27	0.030094
5	9	0.029964
19	28	0.029879
15	20	0.029866
10	14	0.029697
13	43	0.029615
7	10	0.029435
29	35	0.029194
3	7	0.02889
17	29	0.028752
3	28	0.028568
10	11	0.028403
2	42	0.028081
5	41	0.028062
21	34	0.027864
23	27	0.027807
16	21	0.027599
27	33	0.027566
40	43	0.027538
8	22	0.0274
25	36	0.02702
26	28	0.026799
17	24	0.026201
14	19	0.026092
19	35	0.02594
1	41	0.025768
18	32	0.025752
21	25	0.025747
22	43	0.025551
9	22	0.025509
22	27	0.025251
30	32	0.024555
18	25	0.024543
21	23	0.024435
2	4	0.024399
21	36	0.024381
1	34	0.023912
30	34	0.023887
14	21	0.023182
2	14	0.02311
10	33	0.023069
23	43	0.02274
17	18	0.022727
28	30	0.022682
19	20	0.022635
15	33	0.022483
4	18	0.022408
2	35	0.022326
26	33	0.021749
3	33	0.021399
2	26	0.021339
1	29	0.021288
9	28	0.021187
1	15	0.020982
8	12	0.020964
31	42	0.020662
3	21	0.020622
19	21	0.020572
4	24	0.020473
10	27	0.020002
24	30	0.019348
6	11	0.019062
1	14	0.018904
10	40	0.018823
16	22	0.018572
22	36	0.018377
4	36	0.018315
10	16	0.017946
12	40	0.017729
5	29	0.017697
5	13	0.017492
17	41	0.017278
11	34	0.017185
5	10	0.016669
15	27	0.016437
41	43	0.016382
19	30	0.015884
23	36	0.015874
25	43	0.015865
2	16	0.01511
8	34	0.014773
17	25	0.014753
13	18	0.014671
10	34	0.01451
8	26	0.014427
6	22	0.014396
7	18	0.014341
22	34	0.01426
1	9	0.014061
3	12	0.013594
8	31	0.013523
5	33	0.013029
24	28	0.012819
4	5	0.012779
21	26	0.012669
4	23	0.01255
19	36	0.012153
13	35	0.012049
16	30	0.011615
2	17	0.011514
20	28	0.011435
17	21	0.011262
15	36	0.011131
5	36	0.011119
27	30	0.010675
30	43	0.010666
28	31	0.010633
5	19	0.010494
1	11	0.010411
24	32	0.010196
9	41	0.010079
7	31	0.01006
17	36	0.00982
18	35	0.009807
11	23	0.009762
21	33	0.009736
17	23	0.009646
8	29	0.009524
26	40	0.009464
8	11	0.009451
1	12	0.009415
21	35	0.009344
11	19	0.009244
11	40	0.009169
17	40	0.009101
5	28	0.008843
7	28	0.00878
20	36	0.00875
12	31	0.008659
6	21	0.008436
12	36	0.008414
16	35	0.008298
8	25	0.0081
29	33	0.008089
22	35	0.007969
6	15	0.007772
23	31	0.007498
7	34	0.007246
1	26	0.007215
28	42	0.007014
5	40	0.006896
19	40	0.006803
11	24	0.006608
15	40	0.006465
37	38	0.006406
5	17	0.006398
1	5	0.006392
7	8	0.006382
38	39	0.006356
37	39	0.006323
7	36	0.006114
16	19	0.005951
18	41	0.005922
15	29	0.0059
35	43	0.005881
27	35	0.005705
29	42	0.005696
4	35	0.005485
4	16	0.005458
1	31	0.005223
14	43	0.005057
9	24	0.004918
2	12	0.004895
26	35	0.00485
1	17	0.004809
36	37	0.004713
14	40	0.00471
36	38	0.004651
36	39	0.004635
18	26	0.004627
22	40	0.004612
33	37	0.004412
39	40	0.004402
35	37	0.004391
33	39	0.004366
33	38	0.004348
35	39	0.004339
35	38	0.004332
27	40	0.004324
5	22	0.004177
37	40	0.004116
38	40	0.00411
29	43	0.003912
3	36	0.003823
18	36	0.003664
16	36	0.003582
32	37	0.003556
32	39	0.003551
7	17	0.003549
32	38	0.003474
6	34	0.00347
11	21	0.003439
22	41	0.003393
15	22	0.003362
18	34	0.003362
22	26	0.003261
39	41	0.003226
37	41	0.003071
38	41	0.003005
34	37	0.002905
34	39	0.002875
16	17	0.002837
34	38	0.002784
30	37	0.002758
30	39	0.002747
7	35	0.002746
8	13	0.002665
11	20	0.002642
30	38	0.002642
18	20	0.002617
31	37	0.002554
31	39	0.002539
31	38	0.002461
1	30	0.002447
28	37	0.00229
28	39	0.002251
28	38	0.002161
29	37	0.002082
29	39	0.002019
29	38	0.001976
24	36	0.001971
26	36	0.001876
16	32	0.001771
9	23	0.001412
3	26	0.00136
11	17	0.001254
1	4	0.001197
3	16	0.001112
25	40	0.001009
22	33	0.00097
7	15	0.000903
16	40	0.000807
2	38	0.0008
14	33	0.000739
2	37	0.000656
20	35	0.000656
2	39	0.000649
18	23	0.000544
3	40	0.000468
8	36	0.000418
25	38	0.000415
4	12	0.000365
8	32	0.000348
5	35	0.000338
25	37	0.000267
25	39	0.000261
3	24	0.000228
39	42	0.000151
14	35	3.1e-05
37	42	4e-06
38	42	-0.000117
25	42	-0.000138
25	41	-0.000232
24	38	-0.000278
10	29	-0.000362
39	43	-0.000367
24	37	-0.000409
24	39	-0.000419
5	30	-0.000456
6	17	-0.000508
37	43	-0.000533
17	27	-0.000572
16	29	-0.000598
38	43	-0.000688
9	34	-0.000834
26	38	-0.000839
26	37	-0.000946
23	38	-0.00096
26	39	-0.00096
24	29	-0.000978
23	37	-0.001072
23	39	-0.001083
4	38	-0.001205
4	33	-0.001209
4	37	-0.001303
5	38	-0.00131
4	39	-0.001316
5	37	-0.001414
2	41	-0.001418
5	39	-0.001429
1	39	-0.001445
22	42	-0.001484
3	38	-0.001517
1	38	-0.001541
1	37	-0.001543
22	38	-0.001556
27	38	-0.001605
3	37	-0.001614
3	41	-0.001615
3	39	-0.001628
22	37	-0.001634
22	39	-0.001651
27	37	-0.001694
27	39	-0.001708
8	17	-0.001764
19	23	-0.001767
21	38	-0.001809
21	37	-0.00186
5	24	-0.001864
9	38	-0.001875
21	39	-0.001878
6	38	-0.001909
9	37	-0.001926
9	39	-0.001944
7	38	-0.001959
8	38	-0.00198
6	37	-0.001985
6	39	-0.002003
7	37	-0.002013
23	30	-0.00202
8	37	-0.002025
12	35	-0.002028
7	39	-0.002029
8	39	-0.002045
19	38	-0.002061
19	37	-0.002083
6	23	-0.002091
19	39	-0.002102
30	42	-0.002212
20	38	-0.002277
20	37	-0.002324
20	39	-0.002344
12	33	-0.002464
8	30	-0.002466
6	36	-0.002502
8	35	-0.002504
7	19	-0.002545
4	27	-0.002699
18	37	-0.002742
18	38	-0.002754
18	39	-0.002765
3	42	-0.002782
13	36	-0.002814
12	37	-0.002888
1	32	-0.002901
12	39	-0.002913
16	37	-0.002917
10	17	-0.002932
12	38	-0.002937
16	39	-0.002941
17	31	-0.002962
13	37	-0.00297
16	38	-0.002972
15	35	-0.002975
13	39	-0.002997
13	38	-0.003036
10	37	-0.003053
10	35	-0.003068
10	39	-0.003079
10	38	-0.00309
11	37	-0.003171
17	37	-0.003188
11	39	-0.003196
16	34	-0.003198
17	39	-0.003213
11	38	-0.003218
17	38	-0.003226
8	40	-0.003229
20	40	-0.003237
15	37	-0.003353
15	39	-0.00338
15	38	-0.003416
24	35	-0.003429
40	41	-0.003508
2	28	-0.003538
3	15	-0.003583
6	33	-0.003606
14	37	-0.003802
11	36	-0.003808
14	39	-0.003832
26	34	-0.003857
7	14	-0.003885
14	38	-0.003902
6	25	-0.004092
10	24	-0.004097
9	40	-0.004113
4	43	-0.004177
27	31	-0.004316
15	34	-0.004428
2	23	-0.004456
8	15	-0.004875
3	22	-0.005131
7	13	-0.00514
18	24	-0.005394
4	28	-0.005451
5	15	-0.005633
20	31	-0.005718
3	32	-0.005813
23	35	-0.005879
22	30	-0.005902
3	43	-0.006131
22	32	-0.006143
1	36	-0.00617
21	42	-0.006361
33	36	-0.006415
14	31	-0.006421
35	36	-0.006557
24	31	-0.006751
7	30	-0.00676
1	25	-0.006819
3	11	-0.006849
8	41	-0.006858
13	33	-0.006963
9	18	-0.006972
17	35	-0.007184
23	41	-0.007371
27	32	-0.007592
6	40	-0.007665
5	31	-0.007734
1	20	-0.007919
36	40	-0.007931
5	34	-0.007966
8	21	-0.007977
33	35	-0.008065
15	18	-0.00859
14	28	-0.008679
13	22	-0.008695
3	27	-0.008722
21	41	-0.008731
17	33	-0.0089
14	36	-0.008941
4	31	-0.00901
15	32	-0.009178
7	25	-0.009332
2	40	-0.009372
16	23	-0.009439
11	33	-0.009444
8	10	-0.009458
5	42	-0.009474
2	11	-0.009478
19	33	-0.009569
35	40	-0.009701
13	40	-0.009829
13	32	-0.009875
7	26	-0.009961
18	27	-0.009964
24	41	-0.010036
21	40	-0.010079
1	35	-0.01027
1	33	-0.010273
9	27	-0.010325
13	20	-0.010327
18	28	-0.010362
9	36	-0.010484
18	31	-0.010583
2	8	-0.010771
36	43	-0.010998
23	40	-0.011166
5	14	-0.011223
23	33	-0.011321
32	36	-0.01137
2	43	-0.011406
3	34	-0.01149
16	24	-0.011521
10	28	-0.011562
12	23	-0.01158
29	40	-0.01177
6	35	-0.011808
17	28	-0.011851
8	33	-0.011869
5	20	-0.011906
13	25	-0.011927
14	34	-0.012096
2	15	-0.012151
20	30	-0.01231
5	6	-0.012359
19	26	-0.012457
22	31	-0.012463
8	14	-0.012522
30	36	-0.012589
6	31	-0.012595
32	33	-0.012605
15	26	-0.012655
11	22	-0.012768
36	41	-0.012817
20	33	-0.012834
4	30	-0.012868
35	41	-0.012988
11	35	-0.013008
32	35	-0.013305
26	29	-0.013359
32	40	-0.0134
11	27	-0.013437
7	40	-0.013439
10	23	-0.013458
27	36	-0.013465
10	36	-0.0135
24	42	-0.013585
11	31	-0.013592
34	36	-0.013667
26	31	-0.013678
30	35	-0.013832
9	30	-0.01402
9	33	-0.014026
33	41	-0.014084
12	21	-0.01415
31	36	-0.014379
28	36	-0.014404
7	11	-0.014497
22	25	-0.014547
1	16	-0.014865
20	25	-0.015017
28	35	-0.015145
4	6	-0.015201
23	32	-0.015235
34	35	-0.015272
36	42	-0.015353
31	33	-0.015383
23	34	-0.015415
33	34	-0.015561
28	43	-0.015797
30	33	-0.015884
35	42	-0.015895
31	35	-0.015897
4	41	-0.015952
15	31	-0.016123
2	22	-0.016196
3	20	-0.01634
10	15	-0.016387
27	34	-0.01644
20	27	-0.016528
12	18	-0.016642
24	33	-0.016717
9	19	-0.016792
18	40	-0.016881
29	36	-0.016915
20	29	-0.016969
3	14	-0.016999
1	28	-0.017078
34	40	-0.0171
7	27	-0.017358
25	35	-0.017364
31	40	-0.017534
13	29	-0.017566
20	43	-0.017612
21	28	-0.017631
4	26	-0.017667
12	28	-0.017727
30	40	-0.01788
1	13	-0.018037
21	22	-0.018265
5	27	-0.018662
2	36	-0.018715
18	33	-0.018731
18	29	-0.018751
7	33	-0.0188
6	28	-0.018866
25	33	-0.018903
3	31	-0.019123
11	29	-0.019144
2	33	-0.019233
2	7	-0.019335
24	40	-0.019447
14	22	-0.019501
14	41	-0.019566
26	30	-0.019581
2	21	-0.019796
19	31	-0.019991
16	33	-0.020161
12	24	-0.020245
19	41	-0.020384
5	43	-0.020481
15	23	-0.020723
4	40	-0.0209
25	28	-0.020931
13	27	-0.021065
29	32	-0.021129
40	42	-0.021454
13	24	-0.021563
11	18	-0.021598
15	41	-0.021715
13	26	-0.021814
31	43	-0.021839
14	32	-0.021898
9	26	-0.022084
31	32	-0.022274
12	41	-0.022557
19	34	-0.022597
25	34	-0.02271
10	31	-0.022877
5	23	-0.022936
7	41	-0.023167
16	26	-0.023186
20	42	-0.023338
14	30	-0.023488
2	31	-0.023584
12	29	-0.023728
9	11	-0.024015
27	41	-0.024091
7	21	-0.024215
2	25	-0.024241
28	29	-0.024333
31	41	-0.024337
10	12	-0.024555
14	26	-0.02475
10	22	-0.024859
10	25	-0.024876
16	41	-0.025098
18	22	-0.025186
17	32	-0.025258
2	29	-0.025299
16	20	-0.025343
11	25	-0.025413
3	8	-0.025478
6	41	-0.025481
16	27	-0.025979
6	19	-0.026005
7	23	-0.02635
2	27	-0.026455
15	21	-0.026553
20	34	-0.026555
16	42	-0.026573
23	29	-0.026702
2	5	-0.027142
9	35	-0.027205
20	41	-0.02721
10	30	-0.027361
17	30	-0.02765
9	43	-0.027872
12	30	-0.0281
1	24	-0.028135
2	9	-0.028211
29	41	-0.028245
2	34	-0.02828
8	23	-0.028301
1	18	-0.028322
9	21	-0.028479
25	27	-0.02848
10	18	-0.028638
9	14	-0.028787
4	42	-0.028884
6	14	-0.02899
2	20	-0.029177
4	34	-0.029641
13	31	-0.029753
4	25	-0.030217
29	34	-0.030232
20	32	-0.030419
1	40	-0.030557
14	17	-0.030725
7	20	-0.030913
4	11	-0.030974
12	32	-0.031069
17	43	-0.031148
10	21	-0.031375
9	31	-0.031394
3	25	-0.031764
17	34	-0.031835
11	30	-0.031837
26	32	-0.031894
25	32	-0.031929
12	22	-0.031987
5	25	-0.032115
22	28	-0.032306
13	19	-0.033114
6	30	-0.033274
6	43	-0.033543
9	20	-0.033571
19	24	-0.033693
24	26	-0.033906
14	29	-0.034199
13	34	-0.034368
15	30	-0.034574
13	21	-0.034778
33	42	-0.034915
6	26	-0.034983
4	20	-0.035009
22	29	-0.035123
4	22	-0.035261
19	42	-0.035513
8	28	-0.035982
21	30	-0.03622
8	18	-0.037096
32	43	-0.037181
2	30	-0.037413
34	43	-0.037665
7	32	-0.037878
12	27	-0.038101
10	20	-0.038106
12	20	-0.038138
16	28	-0.038193
21	32	-0.038491
21	29	-0.038986
13	28	-0.039041
3	30	-0.039367
12	26	-0.039867
10	41	-0.03993
14	27	-0.04024
12	25	-0.040272
8	19	-0.04036
6	7	-0.040364
19	32	-0.041182
23	28	-0.041253
10	26	-0.041586
19	29	-0.041681
15	25	-0.042703
13	23	-0.042861
5	16	-0.042978
13	30	-0.042997
1	22	-0.043005
18	43	-0.043039
8	24	-0.043258
3	29	-0.043454
15	43	-0.043566
6	12	-0.043713
21	43	-0.044067
14	42	-0.044263
15	28	-0.044634
9	13	-0.045446
3	5	-0.045754
6	13	-0.046464
4	15	-0.046468
11	28	-0.046662
1	2	-0.047007
4	19	-0.047009
3	23	-0.047149
12	34	-0.047162
6	42	-0.047485
16	43	-0.047614
8	43	-0.047688
41	42	-0.04772
3	19	-0.048004
4	10	-0.048175
5	18	-0.048484
7	22	-0.048686
3	10	-0.049262
6	18	-0.049276
9	25	-0.049395
6	27	-0.050103
1	21	-0.051063
32	42	-0.051484
15	24	-0.052355
8	42	-0.052396
7	24	-0.052814
2	18	-0.053111
15	42	-0.053422
12	42	-0.05443
16	25	-0.055029
9	16	-0.05589
1	23	-0.057733
14	24	-0.057949
8	27	-0.059629
11	26	-0.060372
24	43	-0.061266
7	16	-0.061891
5	26	-0.062231
5	21	-0.062313
13	42	-0.062809
17	26	-0.063232
6	16	-0.063578
17	22	-0.064061
14	23	-0.064717
11	43	-0.06486
4	17	-0.066951
19	27	-0.067183
14	20	-0.06845
1	19	-0.073488
9	42	-0.073788
9	15	-0.077703
11	42	-0.078178
12	43	-0.084484
19	43	-0.084788
17	42	-0.085199
3	18	-0.085878
1	10	-0.086189