#==========================================================================
# The first and second rows contain site pairs (i, j) such that j > i
# The third row contains coevolutionary scores obtained 
# using EVCouplings algorithm.
# Note that in this data sites are counted/labelled starting from 1
#==========================================================================
15	40	1.814559
16	39	1.7639
71	80	1.63806
17	38	1.627789
72	79	1.563624
70	81	1.540379
22	30	1.498194
26	67	1.47271
42	60	1.296307
69	82	1.259874
13	41	1.245781
25	68	1.08597
18	37	1.017375
4	90	0.975684
43	59	0.945016
64	85	0.912116
48	55	0.902615
27	66	0.893069
28	65	0.881418
74	75	0.857813
5	89	0.85547
73	78	0.835869
49	52	0.822732
3	91	0.740375
77	78	0.697791
8	86	0.693123
61	62	0.665266
32	33	0.650018
50	51	0.587418
75	76	0.585706
76	77	0.577167
49	51	0.55725
51	52	0.526929
23	29	0.478439
53	54	0.474272
49	50	0.450567
2	92	0.44052
50	52	0.430665
21	31	0.427236
72	73	0.400835
79	80	0.337985
80	81	0.335585
76	78	0.332146
81	82	0.32447
87	88	0.323644
91	92	0.321401
92	93	0.320297
88	89	0.319326
75	77	0.31407
70	71	0.313535
9	63	0.312636
83	84	0.300661
14	40	0.297111
88	90	0.287512
1	93	0.287238
14	15	0.286959
17	18	0.282779
71	81	0.278787
65	66	0.278103
87	89	0.277882
78	79	0.276569
86	87	0.271296
91	93	0.270823
25	26	0.265793
67	68	0.250051
19	37	0.248868
89	90	0.244564
66	67	0.244197
87	90	0.243699
74	76	0.243124
71	72	0.238079
17	37	0.232444
64	65	0.231658
88	91	0.227847
85	87	0.220328
83	85	0.215826
46	55	0.215331
85	86	0.2122
87	93	0.210028
87	91	0.207527
8	26	0.207421
73	79	0.206817
87	92	0.200353
64	66	0.199023
86	89	0.19791
71	73	0.19671
63	64	0.196648
52	53	0.194439
88	92	0.193952
88	93	0.191506
90	91	0.191221
86	88	0.18978
3	5	0.187189
36	60	0.182599
14	41	0.179858
89	91	0.17946
89	93	0.178413
36	42	0.176556
3	4	0.175405
49	53	0.175013
69	70	0.174311
89	92	0.172754
69	72	0.17148
70	80	0.1668
62	63	0.165282
62	65	0.163865
24	48	0.163289
24	54	0.161236
84	87	0.161172
43	60	0.158963
26	27	0.158394
46	48	0.157953
69	71	0.157501
85	88	0.157065
55	56	0.156754
85	91	0.155416
79	81	0.152165
75	78	0.1502
24	25	0.148651
9	43	0.148095
42	43	0.147191
5	64	0.146789
37	38	0.145542
82	83	0.141448
1	2	0.141144
24	55	0.140497
79	82	0.138384
53	56	0.137997
83	87	0.137712
13	14	0.137112
86	90	0.137011
74	77	0.13589
35	36	0.132571
80	82	0.131971
66	68	0.130322
82	84	0.128871
65	67	0.128275
90	93	0.128077
64	69	0.127779
11	12	0.126568
53	55	0.126255
26	28	0.122922
69	81	0.122717
73	76	0.121854
77	79	0.121597
64	67	0.121313
63	65	0.121189
18	38	0.120991
86	93	0.119148
23	25	0.118368
19	35	0.118337
72	80	0.117279
14	17	0.116753
8	14	0.116569
90	92	0.116328
14	54	0.116292
62	69	0.115314
47	56	0.114502
18	19	0.11432
85	89	0.113856
68	69	0.113612
8	64	0.11342
2	93	0.113382
46	54	0.112957
84	85	0.112746
72	78	0.112399
7	12	0.111374
63	68	0.111033
24	27	0.110573
1	10	0.110351
1	31	0.110226
86	91	0.10957
10	12	0.109215
84	88	0.10874
72	76	0.108359
69	73	0.108213
3	62	0.107663
6	10	0.106208
9	10	0.106072
25	29	0.106063
22	25	0.105945
19	32	0.105896
14	42	0.105342
14	38	0.105311
61	85	0.104716
79	83	0.10465
25	30	0.104414
36	37	0.102955
1	3	0.102876
18	32	0.102615
10	11	0.102282
8	67	0.101746
62	85	0.100974
6	7	0.10084
23	65	0.099308
34	41	0.098406
24	29	0.098057
32	83	0.09689
73	74	0.096621
16	33	0.096081
4	27	0.094826
70	72	0.094764
63	84	0.094697
26	66	0.094083
24	63	0.09389
78	80	0.093468
13	26	0.09344
19	36	0.092807
33	35	0.092804
18	73	0.09225
9	34	0.092235
10	54	0.092085
70	82	0.091817
6	88	0.091703
9	42	0.090963
9	76	0.090647
19	42	0.090413
9	12	0.089757
84	86	0.089393
9	54	0.088882
8	22	0.088061
33	39	0.087957
24	40	0.087904
54	84	0.087658
18	33	0.08737
17	40	0.087294
25	27	0.087036
61	70	0.086887
53	72	0.086431
10	62	0.086241
8	25	0.085908
31	34	0.085457
35	63	0.08533
61	63	0.085256
84	90	0.084828
54	56	0.084731
5	40	0.083962
46	53	0.083815
4	42	0.083673
48	53	0.083486
15	17	0.08332
57	58	0.083015
8	30	0.082912
63	77	0.082653
43	91	0.082543
68	83	0.082456
38	66	0.081754
83	86	0.081567
10	21	0.081552
3	9	0.081542
11	45	0.08152
28	29	0.081337
35	37	0.081163
45	57	0.081155
23	24	0.081121
32	34	0.08093
26	68	0.080913
74	78	0.08039
14	23	0.080031
70	74	0.079953
28	41	0.079774
24	28	0.079742
46	50	0.079553
85	93	0.079251
6	12	0.079183
10	57	0.07901
17	66	0.078989
18	36	0.078544
33	91	0.07847
23	27	0.078377
25	83	0.078157
12	45	0.078118
59	66	0.078049
3	55	0.078021
27	29	0.077657
68	73	0.077442
26	41	0.076969
2	76	0.076907
37	62	0.076763
85	92	0.075803
4	14	0.075454
84	93	0.07496
75	79	0.074914
73	80	0.074749
68	70	0.074607
48	57	0.074598
9	11	0.074243
17	39	0.07398
15	24	0.073899
41	81	0.073898
61	64	0.073768
18	39	0.073612
34	76	0.073235
1	63	0.073179
42	47	0.072815
26	59	0.072341
4	13	0.072147
11	57	0.072067
56	58	0.07195
33	34	0.071849
16	17	0.07125
71	79	0.071224
8	16	0.07095
23	86	0.070677
6	27	0.070634
27	38	0.070575
1	84	0.070477
56	59	0.070149
86	92	0.070086
15	38	0.069838
24	73	0.069794
8	39	0.06955
83	91	0.069533
13	92	0.069484
8	24	0.069247
2	53	0.068933
3	29	0.068532
12	48	0.068503
64	68	0.068461
5	19	0.068458
42	83	0.068372
2	61	0.06835
5	15	0.068241
7	57	0.067968
50	53	0.067651
32	56	0.06755
54	55	0.067511
7	10	0.067458
51	53	0.067214
50	56	0.067049
72	75	0.06675
5	6	0.066712
58	59	0.066706
32	36	0.066548
60	77	0.066136
23	28	0.066027
13	28	0.065994
12	57	0.065825
14	35	0.065407
7	48	0.065214
8	29	0.065063
61	66	0.064897
31	37	0.064658
20	35	0.06437
9	18	0.063721
9	32	0.063428
64	82	0.063306
18	52	0.063258
3	14	0.063215
14	85	0.06301
22	64	0.063001
4	15	0.062916
26	65	0.06273
21	34	0.06229
83	88	0.062289
28	61	0.062256
55	89	0.062197
69	79	0.062193
19	30	0.062008
5	10	0.061845
13	81	0.061385
41	74	0.061358
78	93	0.061336
12	89	0.061228
5	48	0.060743
19	80	0.060652
4	36	0.060563
21	29	0.060171
19	22	0.060156
6	57	0.060133
2	5	0.059998
38	40	0.059876
38	52	0.059584
46	51	0.059437
19	77	0.059417
32	73	0.059255
4	64	0.059102
10	45	0.058638
25	67	0.058516
38	39	0.058501
72	81	0.058407
8	23	0.058396
34	37	0.058225
28	48	0.058177
56	61	0.058176
1	18	0.058131
14	29	0.058106
9	21	0.058091
21	57	0.058087
18	31	0.05776
24	37	0.05773
83	92	0.057686
56	57	0.057618
33	46	0.057606
29	65	0.057438
55	58	0.05741
4	92	0.057224
5	41	0.056617
32	42	0.056592
64	83	0.056377
32	61	0.056345
18	53	0.056296
56	83	0.055977
77	81	0.05591
27	28	0.055885
25	66	0.055607
30	64	0.055494
5	26	0.055317
14	70	0.055146
70	73	0.055003
2	77	0.054975
4	40	0.054906
58	60	0.054892
53	69	0.054774
84	92	0.054386
53	86	0.05424
24	34	0.053998
1	14	0.053965
7	87	0.053884
22	37	0.053867
17	27	0.053705
34	43	0.053581
9	57	0.053147
20	76	0.053127
16	18	0.053073
2	72	0.053008
7	21	0.052394
29	32	0.052219
56	63	0.052206
73	77	0.05213
2	35	0.051682
9	59	0.0516
23	63	0.051482
5	13	0.051424
2	50	0.051379
21	27	0.051265
2	4	0.050989
8	37	0.050959
37	86	0.050831
5	33	0.050782
6	32	0.050608
11	61	0.050516
13	45	0.050506
1	64	0.050457
81	93	0.050441
34	52	0.050233
74	83	0.050109
36	91	0.050085
15	27	0.050046
28	45	0.050006
63	85	0.049556
69	84	0.049547
29	63	0.04949
47	75	0.0494
45	48	0.049364
15	19	0.049342
33	36	0.049315
19	40	0.049217
22	48	0.049051
17	32	0.048729
23	66	0.048729
50	54	0.048552
57	61	0.048467
34	53	0.048216
61	67	0.048186
21	24	0.048065
32	62	0.048018
19	62	0.047986
19	21	0.047852
2	41	0.047847
25	57	0.047769
30	37	0.047728
8	85	0.04772
51	56	0.047713
80	86	0.047628
42	69	0.047612
28	32	0.047571
44	65	0.047569
2	79	0.047353
16	38	0.04728
8	54	0.047266
69	76	0.047204
69	83	0.047125
14	81	0.047098
47	54	0.04704
60	61	0.046742
19	54	0.04671
62	91	0.046551
19	63	0.046434
70	77	0.046173
14	18	0.045655
18	48	0.045654
84	89	0.045605
13	29	0.045427
29	66	0.045386
65	68	0.045298
7	9	0.045234
27	64	0.045207
6	21	0.045074
47	48	0.04507
68	85	0.045001
6	48	0.044989
46	78	0.04493
34	46	0.044714
1	71	0.044611
61	65	0.044529
2	83	0.044528
9	13	0.044488
44	51	0.044399
3	50	0.044377
2	6	0.044267
44	62	0.043998
34	38	0.043943
43	54	0.04394
25	28	0.043938
11	13	0.0439
57	59	0.043878
68	82	0.043641
46	56	0.043463
68	79	0.04345
35	76	0.043445
23	35	0.043399
19	91	0.043294
48	54	0.043271
34	63	0.043035
9	93	0.042725
16	64	0.04271
32	92	0.042706
29	31	0.042533
1	23	0.042531
31	72	0.042432
7	11	0.042428
1	35	0.042407
30	68	0.042373
45	63	0.042251
5	43	0.042249
9	27	0.0421
45	61	0.041857
2	51	0.041837
7	89	0.041832
29	61	0.04178
18	35	0.04177
12	63	0.041707
27	88	0.041683
2	55	0.04161
9	45	0.041467
26	43	0.041448
80	87	0.041399
22	34	0.041376
19	43	0.041372
24	66	0.041339
4	34	0.041304
52	63	0.041292
44	50	0.041119
1	28	0.041068
3	51	0.041065
46	49	0.041051
20	37	0.041035
22	31	0.041011
68	72	0.040995
23	61	0.040952
62	86	0.040852
27	59	0.040757
29	92	0.040589
42	59	0.040568
1	24	0.040529
43	89	0.040385
34	59	0.040314
54	60	0.040251
82	93	0.040111
85	90	0.040083
3	47	0.039914
58	61	0.039908
30	31	0.03988
5	86	0.039752
62	66	0.039702
41	64	0.039637
3	25	0.039439
4	47	0.03942
36	83	0.039407
72	74	0.039283
46	52	0.038894
57	60	0.03889
10	93	0.038879
28	63	0.03873
25	61	0.038651
27	82	0.03849
10	43	0.038479
51	55	0.038451
6	11	0.038064
33	38	0.038026
39	93	0.038003
30	86	0.037975
82	85	0.037912
21	35	0.037853
2	49	0.037787
34	35	0.037717
47	53	0.037685
6	60	0.037646
81	84	0.037612
36	38	0.037308
44	47	0.037231
28	62	0.037137
19	34	0.037123
62	82	0.037005
84	91	0.036913
39	64	0.036902
36	72	0.036894
10	13	0.03679
48	56	0.036736
6	37	0.036717
12	13	0.036601
33	76	0.036541
59	63	0.036326
4	38	0.036274
18	59	0.036243
41	70	0.036134
58	62	0.036025
19	59	0.035968
57	63	0.035945
3	49	0.03571
3	16	0.035687
24	32	0.035617
32	35	0.035534
22	28	0.0355
35	77	0.0355
25	55	0.035408
30	34	0.035384
41	67	0.035325
10	29	0.035277
20	69	0.035067
1	51	0.035002
81	85	0.034999
61	75	0.034927
42	92	0.034842
44	69	0.034788
27	31	0.034652
69	85	0.03458
1	56	0.034522
2	39	0.034516
46	68	0.034356
10	76	0.034237
21	23	0.034197
16	93	0.034082
44	56	0.033928
7	62	0.033793
9	41	0.03375
14	33	0.033609
40	90	0.033591
2	3	0.033394
26	62	0.033361
9	50	0.033349
16	84	0.033315
21	28	0.033225
56	60	0.033125
47	55	0.033021
36	39	0.03294
62	64	0.032752
48	78	0.032714
7	15	0.03265
39	40	0.032646
13	67	0.032471
1	46	0.032469
13	74	0.032457
23	60	0.032446
77	80	0.032439
29	70	0.032415
13	23	0.032216
1	90	0.032201
33	89	0.032113
34	85	0.032074
10	75	0.032052
19	78	0.032043
15	21	0.032002
25	63	0.031955
3	8	0.031945
3	28	0.031897
11	28	0.031742
13	34	0.03171
31	49	0.0317
14	45	0.031681
31	84	0.031678
49	56	0.031575
16	36	0.031554
15	20	0.031441
67	69	0.031376
6	83	0.03134
27	65	0.031204
52	56	0.031188
14	86	0.031054
3	78	0.03073
35	74	0.030627
10	92	0.030611
3	23	0.030518
11	48	0.03044
8	42	0.030433
7	63	0.030245
6	93	0.030213
1	29	0.030032
5	72	0.029984
52	93	0.029976
45	90	0.029944
41	82	0.029909
9	60	0.029864
26	29	0.029823
71	78	0.029764
36	90	0.029758
13	70	0.029616
60	78	0.029543
20	40	0.029426
24	85	0.029336
28	30	0.029324
30	61	0.029294
34	77	0.029248
74	88	0.029213
16	86	0.029203
71	82	0.029106
44	49	0.029088
37	90	0.028972
7	40	0.028868
64	84	0.028867
31	35	0.028855
28	76	0.02874
40	47	0.028623
23	30	0.02862
62	83	0.028571
29	60	0.028432
57	65	0.028408
44	66	0.028317
25	34	0.028253
76	79	0.028252
24	35	0.02806
1	52	0.028034
4	60	0.027979
13	78	0.027821
22	61	0.027766
55	60	0.027762
15	16	0.027737
31	33	0.027654
23	26	0.027575
21	40	0.027485
38	47	0.027476
7	72	0.02734
5	92	0.027325
44	52	0.02726
18	56	0.027257
55	57	0.027254
26	31	0.027244
23	72	0.027236
2	40	0.027166
35	92	0.027118
53	58	0.027112
11	75	0.027081
32	84	0.026931
4	12	0.026909
2	52	0.026863
17	77	0.026805
14	84	0.026671
69	77	0.026649
19	53	0.026614
42	51	0.026602
3	42	0.026553
6	23	0.026543
54	63	0.02652
13	35	0.02642
11	14	0.026405
81	87	0.026397
34	66	0.026396
83	90	0.026363
54	73	0.026313
41	45	0.026042
37	51	0.025986
10	63	0.025875
48	89	0.025839
72	77	0.025834
11	25	0.025824
77	83	0.02582
27	40	0.025692
44	68	0.025688
13	82	0.025686
71	83	0.025686
36	89	0.02566
38	53	0.025602
48	93	0.025572
1	13	0.025536
8	53	0.025524
20	81	0.025501
1	47	0.025298
32	37	0.025274
37	61	0.025133
26	84	0.025093
37	39	0.025086
23	32	0.025047
11	60	0.025023
10	14	0.024837
2	7	0.024825
16	41	0.024811
4	22	0.024805
28	35	0.024764
16	32	0.024701
58	87	0.02465
4	41	0.024635
3	30	0.024587
36	74	0.024486
59	90	0.024453
28	34	0.024439
34	54	0.02441
12	90	0.02435
13	57	0.024203
32	53	0.024108
58	65	0.023998
25	45	0.023997
2	38	0.023796
15	39	0.023781
1	74	0.023777
35	75	0.023775
20	63	0.023677
21	32	0.023648
36	77	0.023586
56	65	0.023585
6	33	0.023538
34	83	0.023511
7	73	0.023455
43	90	0.023369
72	83	0.02335
1	19	0.023349
3	19	0.023339
33	66	0.023212
5	35	0.023022
44	71	0.02299
60	83	0.02299
15	36	0.022986
10	73	0.022699
21	33	0.022687
39	86	0.022681
55	59	0.022575
2	31	0.022558
8	38	0.022557
10	91	0.022536
58	88	0.022509
1	4	0.022505
42	77	0.022492
82	91	0.022374
42	54	0.022352
18	55	0.022168
36	73	0.022161
29	30	0.022155
20	32	0.022066
69	80	0.022007
18	20	0.021907
43	92	0.021871
10	33	0.021859
29	74	0.021809
59	80	0.021764
51	54	0.021684
27	67	0.021625
75	87	0.021578
68	71	0.02155
8	65	0.021453
1	50	0.021401
47	91	0.021394
14	44	0.021381
17	36	0.021269
70	75	0.021269
50	55	0.021153
32	74	0.021142
3	36	0.021126
33	61	0.021122
23	34	0.021085
47	76	0.021061
3	31	0.021019
77	82	0.020932
11	74	0.020902
4	7	0.020865
47	60	0.020813
10	90	0.020787
41	54	0.020688
6	9	0.020662
17	51	0.020656
46	67	0.020621
15	90	0.020556
11	89	0.020544
36	68	0.020533
9	46	0.020511
10	18	0.020496
59	60	0.020464
3	20	0.020447
64	86	0.020426
1	40	0.020347
24	79	0.020318
1	65	0.020314
3	77	0.020311
10	74	0.020238
69	74	0.020237
10	23	0.020234
58	63	0.020127
1	6	0.020099
31	74	0.020094
37	56	0.020084
35	89	0.020042
67	86	0.01999
7	33	0.019858
16	40	0.019804
19	20	0.0198
1	20	0.019624
1	67	0.019535
46	73	0.019514
31	71	0.019485
8	84	0.019468
28	33	0.019439
55	69	0.019429
28	57	0.019417
75	86	0.019414
22	41	0.019324
65	86	0.019311
27	36	0.019287
36	40	0.019174
22	29	0.019153
81	86	0.019138
6	16	0.019133
4	8	0.019089
14	92	0.018783
38	49	0.018781
4	24	0.018684
67	73	0.018643
41	92	0.018634
19	39	0.018628
37	64	0.018606
58	66	0.018586
14	20	0.018522
27	30	0.018521
24	33	0.018511
33	84	0.018495
29	54	0.018446
53	92	0.01843
7	74	0.018374
10	53	0.018357
29	77	0.018321
21	64	0.01832
33	60	0.018173
22	93	0.018103
67	71	0.018091
3	90	0.017953
19	60	0.017918
24	26	0.01791
44	87	0.017822
1	27	0.017789
68	92	0.017709
21	90	0.017642
11	63	0.017613
33	83	0.017537
9	35	0.017336
60	88	0.017228
23	80	0.017192
5	8	0.017078
4	91	0.017057
3	39	0.01705
33	77	0.017045
16	54	0.017024
12	17	0.017013
26	88	0.016989
22	68	0.016986
4	6	0.016972
46	58	0.016923
2	16	0.016912
11	17	0.016904
54	88	0.01685
10	20	0.016771
53	76	0.016736
15	59	0.016655
3	27	0.016553
12	28	0.016548
8	19	0.016534
21	54	0.016513
10	77	0.016506
21	22	0.016289
23	64	0.016167
59	72	0.016145
16	53	0.016101
54	89	0.015894
21	30	0.015874
39	67	0.015829
82	87	0.015654
28	31	0.015597
41	59	0.015577
5	38	0.015528
20	91	0.015525
22	23	0.015462
41	46	0.015434
19	93	0.015291
8	33	0.015196
3	35	0.01518
42	72	0.015151
39	54	0.015141
6	78	0.015137
40	89	0.01512
70	84	0.015069
4	54	0.015043
6	39	0.015025
70	79	0.015003
4	37	0.014908
44	63	0.014765
23	70	0.014746
61	81	0.014697
19	31	0.014656
6	34	0.014636
12	55	0.014632
20	72	0.014604
2	62	0.014551
15	86	0.014544
1	44	0.014535
31	40	0.014473
17	49	0.014449
14	69	0.014444
56	74	0.014424
17	44	0.014418
32	57	0.014384
80	91	0.014362
9	80	0.014322
12	73	0.01426
30	92	0.014194
44	53	0.014176
1	8	0.014138
31	90	0.014088
42	44	0.014073
1	34	0.013972
43	61	0.013961
48	81	0.013958
15	43	0.013943
47	61	0.013938
10	47	0.013898
3	13	0.013869
5	55	0.01384
20	78	0.01381
25	47	0.013798
47	63	0.013791
23	84	0.013779
44	88	0.013713
48	73	0.013642
46	83	0.013633
9	44	0.013554
40	43	0.013535
10	31	0.013494
46	65	0.01349
20	93	0.013438
22	92	0.013412
33	57	0.013391
49	55	0.013377
30	47	0.013345
5	11	0.013302
7	83	0.013245
29	62	0.013198
44	90	0.013173
50	72	0.013068
17	73	0.013025
27	90	0.013003
2	12	0.012994
47	77	0.012952
1	77	0.012866
18	42	0.012833
49	72	0.012811
9	19	0.012788
56	66	0.012746
39	41	0.012744
1	15	0.012676
25	32	0.012601
45	83	0.012584
32	39	0.012558
31	62	0.012545
6	92	0.012521
14	31	0.012461
5	65	0.012415
15	31	0.012398
34	51	0.012289
4	25	0.012252
10	52	0.012198
39	62	0.012185
46	62	0.012152
1	25	0.012151
44	82	0.012123
47	67	0.012122
43	77	0.012033
44	70	0.011994
60	90	0.011911
27	43	0.011832
71	93	0.011795
56	89	0.011709
20	92	0.011629
9	53	0.011595
40	59	0.011594
23	31	0.011408
52	62	0.011407
2	15	0.011404
22	47	0.011366
52	79	0.011364
49	83	0.01135
30	33	0.011332
1	12	0.011327
44	67	0.011244
1	53	0.011217
24	71	0.011215
8	69	0.011177
38	45	0.011154
10	89	0.011065
5	7	0.011046
43	82	0.011031
2	58	0.011026
16	19	0.010937
9	58	0.010922
14	47	0.010887
48	70	0.010849
3	80	0.010821
39	84	0.010821
50	62	0.010795
58	64	0.010688
39	53	0.010531
31	54	0.010468
4	21	0.010451
59	91	0.010442
48	92	0.010408
78	86	0.010345
35	39	0.010327
35	72	0.010279
7	8	0.010262
18	62	0.010253
21	65	0.010224
3	52	0.010209
43	80	0.010194
12	92	0.010186
3	60	0.010182
9	24	0.010168
79	87	0.010145
2	73	0.010123
7	55	0.009986
2	19	0.009985
34	36	0.009979
14	36	0.009913
47	92	0.00991
41	43	0.009907
25	35	0.00986
33	62	0.00984
23	92	0.009785
61	69	0.009781
21	41	0.009746
27	53	0.00971
36	63	0.009675
4	84	0.009657
80	84	0.009628
9	51	0.009619
20	79	0.009554
76	88	0.009486
48	60	0.009474
20	75	0.009464
13	46	0.009456
35	43	0.009434
26	44	0.009428
64	71	0.009377
6	30	0.009374
5	53	0.009366
41	71	0.009356
9	26	0.009301
66	69	0.009261
32	89	0.009241
12	88	0.009208
5	30	0.009184
47	74	0.00918
49	62	0.009156
26	56	0.00909
34	81	0.009081
26	47	0.009066
30	55	0.009033
2	20	0.009014
47	79	0.00901
1	45	0.008963
59	67	0.008948
46	79	0.008937
12	14	0.008906
42	74	0.008885
42	46	0.008858
12	33	0.008729
29	84	0.008699
13	54	0.008697
78	85	0.008687
16	37	0.008658
21	38	0.008644
22	91	0.008616
14	61	0.008612
17	33	0.008602
12	74	0.008594
49	84	0.008581
44	54	0.00857
66	84	0.008567
17	50	0.008511
76	85	0.008505
4	67	0.008487
45	75	0.008438
24	87	0.00841
43	67	0.008403
23	54	0.008397
12	34	0.008388
8	15	0.008356
17	19	0.008331
6	43	0.0083
15	89	0.008289
58	83	0.00823
17	20	0.00821
38	51	0.008199
21	26	0.008151
35	84	0.008151
52	70	0.008136
24	64	0.008126
28	47	0.008121
58	68	0.008107
14	16	0.008066
5	59	0.008024
56	62	0.007997
20	77	0.007951
14	57	0.007943
76	92	0.007924
47	83	0.007916
18	47	0.007905
54	75	0.007885
19	88	0.007862
11	93	0.007854
25	43	0.00782
14	28	0.007811
33	65	0.007808
58	89	0.007788
30	56	0.007749
23	81	0.00772
1	11	0.007711
34	67	0.00764
25	38	0.00758
29	81	0.007569
2	11	0.007462
51	63	0.007449
17	48	0.007442
4	26	0.007432
45	92	0.007424
2	48	0.007354
9	17	0.007302
22	56	0.00724
23	77	0.007172
6	25	0.007162
51	65	0.007152
13	31	0.007151
32	59	0.00715
58	84	0.00715
28	55	0.007145
11	51	0.007142
17	34	0.007102
33	70	0.007101
1	21	0.007077
53	80	0.007058
45	89	0.007038
9	36	0.007018
6	79	0.006948
18	58	0.006877
18	61	0.006768
59	89	0.006721
58	67	0.006696
17	52	0.00669
50	94	0.006588
53	79	0.006572
50	70	0.006567
50	67	0.006547
76	87	0.006535
37	50	0.006479
2	46	0.006478
46	84	0.006456
33	42	0.006445
57	75	0.006427
7	79	0.006408
2	25	0.006399
31	76	0.006386
32	46	0.006358
21	48	0.006339
54	58	0.006324
4	48	0.006244
16	67	0.006232
10	38	0.006208
20	71	0.006192
34	74	0.006151
7	68	0.006138
47	78	0.006059
51	94	0.006022
20	70	0.005949
58	94	0.005898
45	60	0.005878
7	92	0.00587
42	53	0.005864
32	58	0.005848
9	74	0.005845
45	94	0.005842
2	36	0.005824
3	83	0.005679
20	94	0.005666
31	41	0.005641
58	69	0.005597
37	40	0.005567
54	67	0.005529
47	50	0.005518
56	92	0.005492
44	94	0.005464
44	89	0.005453
58	86	0.005391
38	50	0.005374
33	55	0.005277
57	62	0.005277
6	26	0.005218
37	53	0.005174
32	79	0.005122
49	94	0.005121
34	89	0.00509
78	88	0.00502
11	94	0.005015
22	46	0.004953
48	90	0.00492
6	68	0.004905
28	46	0.004902
29	76	0.004885
41	61	0.004785
21	77	0.004753
1	48	0.004751
83	89	0.004746
13	64	0.004723
52	94	0.00472
5	12	0.004701
6	77	0.004617
12	38	0.004585
42	45	0.00455
55	63	0.004542
10	59	0.004364
47	94	0.004319
32	47	0.004289
35	73	0.004289
1	30	0.004239
13	48	0.004229
33	44	0.004218
12	94	0.004125
2	75	0.004118
57	94	0.004081
79	88	0.004078
11	41	0.00407
12	75	0.004065
50	65	0.004035
47	73	0.004025
18	44	0.004004
26	60	0.004004
55	74	0.004004
45	74	0.003959
9	61	0.003958
16	29	0.003943
21	75	0.003924
3	7	0.003881
5	44	0.003869
6	55	0.003852
29	42	0.003802
7	94	0.003785
21	94	0.003756
8	13	0.003718
48	58	0.003708
7	17	0.003667
56	94	0.003634
31	75	0.003621
57	87	0.00359
35	81	0.003574
31	32	0.003567
13	21	0.003543
46	94	0.003459
30	46	0.003395
30	35	0.003356
9	67	0.00335
54	65	0.003334
26	75	0.003295
47	62	0.003264
31	94	0.003235
3	85	0.003231
20	38	0.003208
49	54	0.003188
6	94	0.003179
34	94	0.003165
5	58	0.003161
24	81	0.003157
4	86	0.003098
12	91	0.003075
48	75	0.003071
41	80	0.003
30	54	0.002979
20	41	0.002914
34	47	0.002908
81	89	0.002879
82	89	0.002817
45	72	0.002781
53	62	0.002766
75	93	0.002762
36	94	0.002707
22	35	0.002676
30	38	0.002658
17	47	0.002623
87	94	0.002609
15	83	0.002605
17	74	0.002574
6	74	0.002546
35	94	0.002515
67	82	0.002494
50	79	0.002467
55	82	0.002461
16	20	0.002423
47	90	0.002404
44	83	0.002365
42	89	0.002359
6	67	0.002334
5	39	0.002321
25	91	0.002264
57	90	0.002246
45	93	0.002214
55	73	0.0022
6	81	0.002196
35	59	0.002174
59	92	0.002152
11	76	0.002094
29	39	0.002071
34	93	0.002015
9	66	0.002
35	93	0.00199
31	79	0.001972
30	50	0.001931
17	91	0.001924
43	94	0.001835
40	49	0.001761
88	94	0.001737
57	74	0.001719
45	76	0.001714
12	61	0.001706
44	61	0.001705
9	49	0.001702
5	82	0.001698
13	20	0.001668
3	12	0.00165
32	44	0.001588
34	65	0.001509
42	84	0.001478
66	73	0.001448
12	32	0.00142
1	75	0.00136
29	86	0.001301
20	24	0.001293
65	75	0.001271
23	93	0.001236
7	34	0.001205
52	84	0.001191
59	94	0.001163
22	50	0.001106
7	14	0.001094
68	87	0.001069
29	35	0.001057
47	72	0.001055
17	45	0.00105
1	79	0.001049
89	94	0.001037
37	92	0.000986
29	94	0.000962
31	86	0.000954
2	45	0.000881
49	70	0.000867
12	60	0.000865
19	83	0.000838
28	94	0.000802
42	94	0.000794
23	94	0.00077
38	94	0.000766
60	94	0.000766
25	59	0.000719
33	67	0.000676
10	94	0.000666
52	61	0.000598
51	92	0.000567
32	85	0.000543
51	62	0.000506
19	94	0.000491
7	32	0.000485
2	47	0.000483
54	71	0.000432
45	77	0.000384
57	84	0.000375
57	76	0.000369
1	94	0.00036
34	75	0.000341
80	88	0.000317
45	58	0.000287
19	23	0.000283
58	85	0.000279
26	35	0.00026
58	90	0.00024
1	22	0.000172
46	57	0.000161
61	87	0.000132
30	94	0.000128
33	93	8.8e-05
22	94	7.5e-05
43	53	5.3e-05
20	54	3.9e-05
41	94	3.6e-05
46	92	-1.6e-05
15	68	-5.6e-05
21	62	-8.5e-05
74	94	-9.7e-05
15	47	-0.00011
2	94	-0.000114
20	58	-0.000117
4	16	-0.000119
36	92	-0.000124
7	54	-0.000131
8	12	-0.000181
14	24	-0.000211
48	94	-0.000259
9	38	-0.000344
67	94	-0.000346
20	45	-0.000403
32	63	-0.000421
12	22	-0.000433
54	94	-0.000453
80	92	-0.000453
55	94	-0.000483
11	90	-0.000499
27	94	-0.000543
5	94	-0.000553
36	78	-0.000555
44	72	-0.000558
71	74	-0.000598
30	59	-0.000626
2	14	-0.000631
58	82	-0.000633
32	94	-0.000637
22	27	-0.000644
20	80	-0.000666
16	94	-0.000699
1	66	-0.000701
93	94	-0.000704
48	84	-0.000709
80	94	-0.000734
24	84	-0.000757
13	84	-0.000758
26	54	-0.000762
57	79	-0.000775
22	33	-0.000787
44	84	-0.000796
41	60	-0.000802
38	62	-0.000803
20	25	-0.00081
16	74	-0.000815
12	24	-0.000849
92	94	-0.000939
28	91	-0.000985
6	73	-0.00099
65	89	-0.000993
47	51	-0.001019
13	94	-0.001024
2	78	-0.001035
54	85	-0.001047
37	94	-0.001077
17	94	-0.001124
63	73	-0.001137
24	94	-0.001157
46	80	-0.001162
19	28	-0.001168
1	61	-0.001175
45	73	-0.001189
32	50	-0.001225
21	74	-0.001228
38	56	-0.001231
12	30	-0.001254
20	39	-0.001263
13	68	-0.001273
7	61	-0.001286
49	63	-0.001288
24	31	-0.0013
44	58	-0.0013
39	94	-0.001321
9	20	-0.001327
47	68	-0.001345
44	45	-0.001354
10	17	-0.001373
24	80	-0.001396
65	94	-0.001427
5	16	-0.001437
29	83	-0.001472
50	63	-0.001482
75	94	-0.001487
22	86	-0.001503
57	88	-0.001523
14	39	-0.001524
15	94	-0.001536
40	83	-0.001549
62	94	-0.001556
20	74	-0.00156
61	94	-0.001578
16	62	-0.00159
5	36	-0.001627
27	70	-0.001716
36	54	-0.001737
20	44	-0.001778
4	11	-0.001813
33	73	-0.001924
36	66	-0.001925
54	68	-0.001969
77	94	-0.001974
33	47	-0.001991
26	58	-0.001999
9	94	-0.002
4	5	-0.002045
51	73	-0.002065
45	80	-0.002096
81	94	-0.002108
33	94	-0.002115
1	7	-0.002159
36	41	-0.002173
57	77	-0.002174
57	68	-0.002176
71	94	-0.002186
66	94	-0.00221
5	25	-0.002233
58	70	-0.002235
8	63	-0.002253
51	60	-0.002254
25	94	-0.002272
43	46	-0.002288
11	37	-0.002311
1	43	-0.002332
37	44	-0.002339
45	79	-0.002339
11	52	-0.002348
18	94	-0.002364
8	11	-0.002369
14	94	-0.002369
40	94	-0.002372
4	94	-0.002398
83	94	-0.002431
16	56	-0.002437
38	55	-0.002441
7	38	-0.002474
46	85	-0.00251
78	94	-0.002513
38	58	-0.002516
47	84	-0.002518
76	94	-0.002519
58	71	-0.002525
26	45	-0.002544
70	94	-0.002546
26	94	-0.002571
28	77	-0.00258
24	65	-0.002596
12	15	-0.002611
11	58	-0.002642
15	22	-0.002686
43	64	-0.002691
46	74	-0.002759
63	94	-0.002775
2	32	-0.002798
15	37	-0.002821
43	81	-0.002874
32	65	-0.0029
54	87	-0.002904
15	49	-0.002912
8	75	-0.002941
39	63	-0.002956
59	74	-0.002957
73	94	-0.002961
32	60	-0.002983
13	61	-0.003032
18	68	-0.003056
68	93	-0.003079
2	84	-0.003081
8	94	-0.003095
32	45	-0.003103
7	75	-0.003115
63	91	-0.003135
72	94	-0.003151
45	68	-0.003158
82	94	-0.003168
86	94	-0.003211
68	94	-0.003213
25	44	-0.003219
36	93	-0.003236
9	29	-0.003239
3	94	-0.003246
79	94	-0.003258
11	54	-0.003264
2	65	-0.003272
38	44	-0.003304
7	25	-0.003305
47	49	-0.00331
40	86	-0.003362
25	48	-0.003394
84	94	-0.0034
17	42	-0.003414
1	9	-0.003423
3	11	-0.003435
53	94	-0.003451
40	61	-0.003456
29	33	-0.003461
39	56	-0.003463
20	89	-0.003466
37	49	-0.003471
11	66	-0.003479
6	75	-0.003512
51	74	-0.003526
10	32	-0.003593
23	71	-0.003623
11	20	-0.003635
20	50	-0.003671
22	59	-0.003678
61	90	-0.003687
20	61	-0.003728
12	27	-0.003773
22	24	-0.003781
82	92	-0.003792
62	67	-0.003818
69	94	-0.003842
22	54	-0.003865
85	94	-0.003869
76	83	-0.003924
75	89	-0.003927
5	47	-0.003928
15	44	-0.003958
42	66	-0.003966
58	91	-0.003976
44	60	-0.004035
90	94	-0.004064
45	81	-0.004073
44	64	-0.004149
64	94	-0.004161
18	43	-0.004203
22	40	-0.004205
60	76	-0.004238
7	77	-0.004246
28	66	-0.004247
27	81	-0.004361
12	40	-0.004376
39	47	-0.004423
7	51	-0.004451
9	86	-0.004475
50	71	-0.004549
91	94	-0.004549
20	73	-0.004564
57	70	-0.004569
44	73	-0.004573
59	64	-0.004619
7	67	-0.004634
37	43	-0.004647
32	49	-0.004658
13	36	-0.004696
5	22	-0.004727
20	30	-0.004774
66	74	-0.004794
20	22	-0.004804
16	63	-0.004813
45	71	-0.004815
14	64	-0.004862
15	30	-0.004909
57	83	-0.004917
11	44	-0.00492
53	71	-0.004934
4	17	-0.004967
5	54	-0.005033
53	61	-0.005105
45	70	-0.00514
18	54	-0.005158
44	81	-0.005188
79	93	-0.005224
54	76	-0.005251
11	38	-0.005271
33	63	-0.005292
21	25	-0.005308
11	70	-0.005334
4	68	-0.005339
16	47	-0.005366
11	26	-0.005369
3	58	-0.005371
4	43	-0.005444
33	56	-0.005482
57	81	-0.005517
31	59	-0.005563
25	46	-0.005567
35	67	-0.005599
30	44	-0.005628
11	22	-0.005633
22	44	-0.005638
42	56	-0.00564
58	72	-0.005667
11	18	-0.005721
70	89	-0.005747
10	27	-0.005751
7	24	-0.005756
47	58	-0.005803
6	70	-0.005808
58	73	-0.005816
12	51	-0.00592
20	53	-0.005923
31	63	-0.005949
12	58	-0.005961
20	33	-0.005962
12	26	-0.005981
59	69	-0.006022
74	92	-0.006036
65	92	-0.006086
45	54	-0.006089
22	32	-0.006103
48	74	-0.006132
11	49	-0.00614
68	74	-0.006193
8	74	-0.006202
59	84	-0.006224
45	78	-0.006241
79	84	-0.006246
50	78	-0.006282
71	91	-0.006305
57	71	-0.006315
22	58	-0.00632
37	93	-0.006325
5	28	-0.006371
45	47	-0.006381
30	58	-0.006384
56	80	-0.006387
24	60	-0.00639
29	93	-0.006413
15	56	-0.006435
24	47	-0.006437
16	52	-0.006465
36	59	-0.006482
42	86	-0.006504
47	89	-0.006512
4	20	-0.006598
35	80	-0.006631
3	44	-0.006634
7	58	-0.006654
20	62	-0.00669
11	30	-0.006751
56	73	-0.006755
6	8	-0.006767
49	79	-0.006767
51	71	-0.006768
12	16	-0.00677
73	75	-0.006839
9	90	-0.006844
31	53	-0.006905
7	65	-0.006916
44	75	-0.006933
46	77	-0.006935
30	32	-0.006955
20	51	-0.006962
43	55	-0.006983
8	27	-0.007106
44	86	-0.007122
12	39	-0.007139
17	21	-0.0072
18	45	-0.007206
13	16	-0.007237
3	72	-0.007248
63	83	-0.00726
45	65	-0.007262
81	88	-0.007273
20	57	-0.007301
20	47	-0.00732
11	80	-0.00733
13	60	-0.007373
50	66	-0.007407
12	62	-0.007436
41	57	-0.00744
14	58	-0.007452
31	52	-0.007492
12	20	-0.007499
14	56	-0.007537
29	38	-0.007552
30	40	-0.007585
7	45	-0.007593
69	86	-0.007624
34	60	-0.007626
1	59	-0.007629
12	25	-0.007629
65	84	-0.007645
68	77	-0.007688
2	44	-0.007724
58	81	-0.007733
44	80	-0.007743
75	88	-0.007759
10	66	-0.007767
11	72	-0.007769
37	45	-0.007798
61	76	-0.007819
58	93	-0.007856
75	83	-0.007887
50	92	-0.007942
52	81	-0.008007
44	74	-0.008019
39	75	-0.008069
40	44	-0.00809
7	37	-0.008098
3	43	-0.008117
16	25	-0.008153
34	91	-0.008156
29	80	-0.008195
41	69	-0.008249
62	87	-0.008278
9	75	-0.00835
66	71	-0.008352
7	20	-0.008356
82	86	-0.008365
44	57	-0.008382
14	62	-0.008394
10	24	-0.008411
2	24	-0.008441
36	80	-0.008444
20	42	-0.00854
33	45	-0.008571
35	42	-0.008578
67	70	-0.008596
57	73	-0.008615
65	70	-0.008621
53	57	-0.008635
10	49	-0.008639
33	53	-0.008658
15	32	-0.008665
5	74	-0.008669
1	80	-0.00873
17	23	-0.008732
3	66	-0.008795
19	33	-0.008863
3	56	-0.00887
54	57	-0.008886
21	58	-0.0089
27	33	-0.008917
27	42	-0.008926
32	51	-0.008937
11	42	-0.008969
12	44	-0.008972
3	38	-0.008973
10	70	-0.009011
16	30	-0.009022
18	77	-0.009025
33	41	-0.009068
6	58	-0.009096
26	57	-0.009118
18	74	-0.009138
74	90	-0.009141
45	56	-0.009159
58	92	-0.009189
38	57	-0.009207
62	92	-0.00921
35	91	-0.009232
18	51	-0.009277
21	68	-0.009294
34	45	-0.009328
22	57	-0.009334
55	92	-0.009386
59	68	-0.009393
37	57	-0.009437
26	30	-0.00946
21	45	-0.009488
44	85	-0.009494
30	43	-0.009497
52	75	-0.00955
49	87	-0.009558
20	82	-0.009564
17	29	-0.00957
10	82	-0.00958
1	88	-0.009581
23	53	-0.009582
22	45	-0.009652
7	78	-0.009677
74	87	-0.0097
7	44	-0.009715
44	92	-0.009742
41	93	-0.009749
48	50	-0.009763
27	76	-0.009783
57	93	-0.00979
25	53	-0.009817
14	67	-0.009865
26	64	-0.009866
14	60	-0.009871
1	85	-0.009875
18	57	-0.009902
20	49	-0.009906
14	63	-0.00991
24	46	-0.009944
45	46	-0.009951
61	86	-0.009956
50	87	-0.009964
3	68	-0.009969
20	56	-0.009975
44	93	-0.010021
27	55	-0.010023
6	45	-0.010067
70	93	-0.010072
59	83	-0.010074
24	43	-0.010075
35	54	-0.010098
49	74	-0.010115
2	10	-0.010166
20	21	-0.010183
22	43	-0.010193
20	43	-0.010201
15	74	-0.010203
61	78	-0.010262
32	71	-0.010285
28	40	-0.01029
5	14	-0.010309
25	39	-0.010341
35	71	-0.010357
20	34	-0.01036
60	62	-0.010383
9	73	-0.010409
44	77	-0.010442
37	47	-0.010501
55	83	-0.010505
46	71	-0.010513
20	67	-0.010533
57	78	-0.010561
1	72	-0.010572
37	42	-0.010597
11	92	-0.01061
24	30	-0.010612
11	39	-0.010621
3	57	-0.010661
11	34	-0.010665
39	74	-0.0107
9	52	-0.010701
42	75	-0.010725
33	37	-0.010757
33	48	-0.010774
17	55	-0.010783
45	62	-0.010791
8	62	-0.010795
30	45	-0.01082
52	67	-0.01082
32	52	-0.010848
20	46	-0.010857
6	20	-0.010867
11	33	-0.010892
39	52	-0.010916
5	42	-0.010934
33	78	-0.010938
14	53	-0.011006
27	35	-0.011035
5	88	-0.011043
47	52	-0.011047
8	35	-0.011063
15	58	-0.011072
30	57	-0.011075
37	83	-0.011082
2	57	-0.011115
7	88	-0.011128
15	28	-0.011129
11	16	-0.011154
56	75	-0.011193
31	67	-0.011232
3	64	-0.011279
57	80	-0.011295
16	22	-0.011301
41	88	-0.011341
31	92	-0.011346
58	80	-0.011385
40	58	-0.011392
12	41	-0.011411
36	55	-0.01143
37	59	-0.011496
30	91	-0.011499
16	55	-0.011515
13	71	-0.011523
6	89	-0.011524
14	32	-0.011533
55	93	-0.011575
77	84	-0.011624
20	60	-0.01164
30	39	-0.011659
16	31	-0.011661
20	84	-0.011676
36	76	-0.011733
21	83	-0.011762
43	63	-0.011804
55	78	-0.011856
54	64	-0.011904
20	26	-0.011915
11	47	-0.011956
4	44	-0.011977
16	58	-0.012025
55	66	-0.01204
32	82	-0.012059
19	68	-0.012073
9	82	-0.012093
23	91	-0.012124
45	87	-0.012131
1	57	-0.012143
31	58	-0.012176
41	48	-0.012217
50	82	-0.012242
21	73	-0.012252
34	55	-0.012268
9	23	-0.012276
37	46	-0.012305
4	76	-0.012307
20	87	-0.012309
24	61	-0.012334
53	70	-0.012371
21	44	-0.012404
4	70	-0.012406
51	75	-0.012412
59	79	-0.012418
3	6	-0.012426
55	68	-0.012447
63	76	-0.012456
34	90	-0.012478
50	83	-0.012483
12	84	-0.012494
31	45	-0.012496
6	86	-0.012524
20	31	-0.012527
18	21	-0.012573
7	91	-0.01258
36	58	-0.012627
63	69	-0.012657
44	46	-0.01268
46	75	-0.012685
11	62	-0.012686
57	89	-0.01269
20	85	-0.012761
17	58	-0.012767
2	26	-0.012791
6	44	-0.012798
46	93	-0.012812
19	67	-0.012877
42	58	-0.01288
65	71	-0.012894
6	91	-0.01291
56	91	-0.012931
10	79	-0.012959
6	13	-0.012972
65	85	-0.013027
60	67	-0.01303
34	58	-0.013081
2	13	-0.013133
5	46	-0.013162
6	14	-0.01317
4	35	-0.013225
24	93	-0.013225
43	47	-0.013225
39	44	-0.013228
3	73	-0.013229
2	69	-0.013241
43	75	-0.013247
11	65	-0.013288
49	80	-0.013293
34	84	-0.013295
35	58	-0.013297
39	58	-0.01332
17	61	-0.013324
6	38	-0.01335
31	48	-0.013383
37	58	-0.013392
12	54	-0.013427
11	85	-0.013444
36	45	-0.013465
6	90	-0.01351
11	71	-0.013514
8	61	-0.013522
31	89	-0.013543
4	31	-0.013548
11	40	-0.013548
8	83	-0.013572
4	74	-0.013576
22	39	-0.013577
20	83	-0.01359
20	90	-0.01359
34	64	-0.013615
47	65	-0.013666
6	51	-0.013684
57	66	-0.013735
7	85	-0.013767
20	59	-0.013774
17	30	-0.013781
40	68	-0.013785
69	75	-0.013787
41	78	-0.013824
43	58	-0.013824
23	75	-0.013839
5	24	-0.013849
12	72	-0.013882
43	56	-0.013891
48	51	-0.013895
20	28	-0.013913
17	57	-0.014027
50	76	-0.014036
11	15	-0.014043
18	29	-0.014046
9	56	-0.01407
9	84	-0.014076
9	62	-0.014081
44	76	-0.014114
35	53	-0.014137
43	45	-0.014143
17	76	-0.014144
1	55	-0.014154
27	46	-0.014167
69	89	-0.014182
35	45	-0.014214
35	79	-0.014228
63	92	-0.014244
20	36	-0.014252
30	48	-0.01426
31	81	-0.014266
12	37	-0.014273
7	52	-0.0143
11	32	-0.014354
21	89	-0.014387
29	71	-0.014424
24	67	-0.014441
58	79	-0.014554
30	51	-0.014575
59	65	-0.014599
25	31	-0.014615
44	79	-0.014621
41	47	-0.014666
41	56	-0.014674
10	81	-0.014679
45	67	-0.014695
29	64	-0.014696
58	77	-0.01474
4	58	-0.014742
12	18	-0.014773
18	91	-0.014782
30	75	-0.014799
27	44	-0.014816
7	28	-0.01482
43	93	-0.014823
44	91	-0.01483
62	72	-0.014833
22	51	-0.014865
28	64	-0.01489
28	58	-0.014893
18	23	-0.014907
59	88	-0.014907
2	66	-0.014912
76	90	-0.014924
50	58	-0.01493
4	39	-0.014956
28	92	-0.01496
20	88	-0.014996
45	88	-0.014999
31	51	-0.015033
34	44	-0.015131
68	76	-0.015148
7	81	-0.015156
18	82	-0.015187
53	65	-0.01523
7	22	-0.015238
12	76	-0.015278
20	66	-0.015319
7	30	-0.015337
62	68	-0.015338
15	61	-0.015374
23	33	-0.015375
50	73	-0.015405
37	74	-0.015411
11	91	-0.015412
49	88	-0.015416
14	43	-0.015448
35	40	-0.015463
78	87	-0.015472
13	80	-0.015485
3	45	-0.015522
6	54	-0.01556
11	56	-0.01556
40	45	-0.015581
2	64	-0.015619
3	63	-0.015634
12	42	-0.015661
12	52	-0.015669
31	38	-0.015669
46	66	-0.015676
21	79	-0.015686
7	18	-0.015707
58	76	-0.01573
10	55	-0.015763
50	59	-0.015796
16	75	-0.015813
39	45	-0.015813
15	45	-0.015817
11	21	-0.015832
35	41	-0.015835
11	84	-0.01584
66	82	-0.015844
29	41	-0.015849
31	66	-0.015849
41	58	-0.015856
54	72	-0.015925
11	46	-0.015943
2	33	-0.015945
21	37	-0.015952
66	72	-0.015978
16	45	-0.015986
7	16	-0.015989
13	65	-0.015998
43	52	-0.016001
20	64	-0.016012
45	84	-0.016023
31	44	-0.016028
74	86	-0.016055
8	32	-0.016132
23	62	-0.016159
20	52	-0.016163
53	83	-0.016182
1	54	-0.016191
16	35	-0.016247
13	93	-0.016255
50	68	-0.016261
43	74	-0.016266
45	59	-0.016286
42	78	-0.01637
45	55	-0.016373
28	87	-0.016383
17	31	-0.016387
5	34	-0.016413
60	82	-0.016431
5	23	-0.016434
24	41	-0.016468
28	78	-0.016499
19	24	-0.016519
46	82	-0.016574
38	93	-0.01659
23	38	-0.016591
34	73	-0.016648
11	73	-0.016697
51	68	-0.016702
9	47	-0.016703
37	41	-0.016717
44	78	-0.016733
31	36	-0.016755
21	59	-0.016785
8	34	-0.016809
56	78	-0.016832
45	85	-0.016851
39	51	-0.016861
52	73	-0.01687
13	47	-0.016969
36	85	-0.016969
36	44	-0.016989
27	58	-0.017022
63	67	-0.017026
7	70	-0.017029
12	19	-0.017047
34	57	-0.017069
9	72	-0.017124
7	41	-0.01715
24	90	-0.017167
7	49	-0.017171
31	46	-0.017284
27	54	-0.017302
26	86	-0.017323
33	85	-0.017334
44	59	-0.017349
35	44	-0.017365
57	67	-0.017374
5	45	-0.01738
5	83	-0.017394
7	84	-0.017429
48	80	-0.017452
58	78	-0.017522
4	75	-0.01754
51	58	-0.017575
11	83	-0.017588
41	55	-0.017617
28	52	-0.017626
58	75	-0.017628
2	90	-0.017635
34	50	-0.017641
46	63	-0.017741
1	58	-0.01775
13	58	-0.017766
17	75	-0.017812
53	84	-0.017816
49	68	-0.017835
29	58	-0.01785
7	64	-0.017892
24	42	-0.017904
6	22	-0.017914
19	25	-0.01792
9	85	-0.017957
45	50	-0.017982
52	65	-0.018013
35	85	-0.018031
66	75	-0.018049
66	93	-0.018093
57	72	-0.018105
29	45	-0.01812
25	76	-0.018123
43	44	-0.01813
43	69	-0.018174
12	47	-0.018184
13	39	-0.01819
11	87	-0.018198
20	27	-0.018228
16	48	-0.018235
58	74	-0.018247
60	84	-0.018258
65	80	-0.018276
47	57	-0.018286
6	63	-0.01832
59	87	-0.018376
62	77	-0.018424
6	76	-0.018451
65	91	-0.018468
49	58	-0.01847
16	44	-0.018486
4	45	-0.018492
38	76	-0.018499
4	63	-0.018529
22	88	-0.018534
20	65	-0.018539
11	67	-0.018556
7	39	-0.018561
7	60	-0.018562
56	87	-0.018606
31	77	-0.01863
23	85	-0.018636
67	84	-0.01866
19	45	-0.018699
23	58	-0.018744
78	81	-0.018751
21	47	-0.01876
33	58	-0.018761
42	57	-0.018794
13	69	-0.018826
21	39	-0.01885
9	89	-0.018852
25	58	-0.018869
80	85	-0.018931
38	88	-0.018937
25	51	-0.018956
28	44	-0.018987
6	28	-0.019056
2	8	-0.019059
19	58	-0.019097
43	83	-0.019123
82	88	-0.019124
39	50	-0.019131
10	58	-0.019132
39	55	-0.019147
4	46	-0.019156
21	66	-0.019173
36	71	-0.01924
21	42	-0.019262
74	85	-0.019267
52	58	-0.019268
3	18	-0.019299
7	47	-0.019302
77	88	-0.019307
4	73	-0.019314
11	31	-0.019321
10	36	-0.019332
3	70	-0.019375
18	60	-0.019399
28	56	-0.019423
23	45	-0.019433
22	38	-0.019452
45	51	-0.019459
29	87	-0.019482
21	84	-0.019508
30	36	-0.019517
71	92	-0.019551
36	48	-0.019576
11	78	-0.019639
7	13	-0.019644
59	61	-0.01967
38	54	-0.019676
10	46	-0.019679
49	78	-0.01968
8	58	-0.019683
2	56	-0.019695
45	49	-0.019699
68	81	-0.019706
59	81	-0.019761
47	85	-0.019793
59	73	-0.019794
13	44	-0.019815
60	70	-0.019839
41	44	-0.01984
59	82	-0.019868
45	52	-0.019882
8	44	-0.019931
1	26	-0.019934
39	81	-0.019934
7	86	-0.019959
22	55	-0.019961
31	50	-0.019963
33	51	-0.019968
39	66	-0.019972
48	69	-0.019972
15	54	-0.019988
15	65	-0.020001
12	49	-0.020021
22	52	-0.020026
54	86	-0.020048
31	87	-0.020079
34	79	-0.020096
51	78	-0.02013
21	82	-0.020133
45	66	-0.020159
43	76	-0.020161
12	43	-0.020168
21	46	-0.020189
11	43	-0.020191
31	43	-0.020203
36	70	-0.020232
5	20	-0.020237
7	93	-0.020255
15	35	-0.020279
25	36	-0.02029
37	75	-0.020304
20	29	-0.020307
43	50	-0.020358
27	45	-0.020379
7	76	-0.020387
12	81	-0.020389
21	63	-0.020401
11	68	-0.020406
45	53	-0.020422
13	56	-0.020442
21	60	-0.020451
54	59	-0.020454
34	40	-0.020468
20	48	-0.02049
36	64	-0.020496
12	21	-0.020553
59	77	-0.020563
40	54	-0.020672
31	39	-0.020692
29	34	-0.020696
7	26	-0.020712
8	60	-0.020771
20	55	-0.020783
18	46	-0.020811
70	76	-0.020819
32	77	-0.020821
43	70	-0.020831
24	70	-0.020835
11	79	-0.020837
4	88	-0.020848
45	91	-0.020869
46	47	-0.020886
23	67	-0.020896
24	45	-0.020964
64	74	-0.020972
14	90	-0.021005
14	72	-0.021042
8	45	-0.021062
45	82	-0.021067
20	86	-0.021069
20	23	-0.021111
62	81	-0.021113
18	89	-0.021143
50	84	-0.021159
36	67	-0.021255
30	52	-0.021261
51	81	-0.021261
6	65	-0.021269
46	59	-0.021292
12	70	-0.021403
35	68	-0.021432
11	77	-0.021447
15	46	-0.02148
21	36	-0.021495
47	93	-0.021519
11	36	-0.021524
35	83	-0.021524
12	46	-0.021542
31	55	-0.021545
1	36	-0.021557
19	70	-0.021591
10	80	-0.021618
59	76	-0.021707
22	36	-0.021722
11	88	-0.021754
8	20	-0.021761
31	83	-0.021794
7	46	-0.02181
47	70	-0.021816
12	65	-0.02182
2	67	-0.021829
19	47	-0.021852
23	87	-0.021852
22	87	-0.021867
22	26	-0.021883
9	81	-0.021919
18	41	-0.021922
38	60	-0.021972
21	67	-0.021989
6	41	-0.02204
12	77	-0.022088
6	69	-0.022118
56	70	-0.02215
11	35	-0.022153
16	51	-0.02216
29	44	-0.022163
7	53	-0.022174
16	57	-0.022176
10	41	-0.022182
27	52	-0.022211
10	44	-0.022247
15	57	-0.022247
39	92	-0.022263
52	74	-0.022273
12	56	-0.022304
23	41	-0.022313
8	66	-0.022343
6	52	-0.022345
17	88	-0.022346
31	47	-0.022379
19	49	-0.022397
48	91	-0.022417
11	50	-0.022425
16	50	-0.022446
10	48	-0.022459
24	78	-0.022476
20	68	-0.022477
2	29	-0.022543
46	90	-0.02257
67	83	-0.022582
19	44	-0.022583
30	87	-0.022639
6	82	-0.02264
13	37	-0.022643
15	18	-0.022751
24	53	-0.022751
29	91	-0.022759
6	87	-0.02278
8	9	-0.022792
45	69	-0.022792
36	81	-0.022808
27	47	-0.022814
6	62	-0.022841
24	58	-0.022848
47	59	-0.022854
10	67	-0.022889
6	80	-0.022897
69	88	-0.02293
6	84	-0.022967
51	87	-0.022996
38	46	-0.022997
30	71	-0.023006
12	93	-0.023012
7	90	-0.023075
16	21	-0.023081
27	49	-0.023095
56	77	-0.023116
23	44	-0.023118
18	63	-0.02313
61	92	-0.023157
61	79	-0.023162
24	75	-0.023194
11	59	-0.023207
12	31	-0.023218
72	82	-0.023219
34	88	-0.023237
32	40	-0.023282
40	46	-0.023324
17	62	-0.023368
54	93	-0.023375
66	85	-0.023385
12	87	-0.023403
12	53	-0.023412
2	71	-0.023413
4	23	-0.023425
11	55	-0.023442
38	61	-0.023474
19	64	-0.023499
10	50	-0.0235
48	52	-0.023506
5	21	-0.023509
48	88	-0.023531
19	26	-0.023543
40	56	-0.023571
19	50	-0.023601
15	60	-0.023638
52	83	-0.02365
35	78	-0.023651
6	47	-0.023658
40	53	-0.023659
7	31	-0.023696
59	85	-0.023714
38	75	-0.023732
10	19	-0.0238
51	83	-0.023813
19	73	-0.023826
21	91	-0.023883
48	76	-0.023886
7	56	-0.023913
49	82	-0.023913
5	67	-0.023969
66	79	-0.024046
3	21	-0.024048
24	56	-0.024051
57	92	-0.024054
34	92	-0.024056
18	28	-0.024058
31	88	-0.024071
40	57	-0.024074
47	66	-0.024099
44	55	-0.024116
39	57	-0.024118
56	79	-0.024153
7	66	-0.024174
21	80	-0.024177
46	76	-0.024216
53	85	-0.024239
6	40	-0.024245
7	42	-0.024284
38	42	-0.024293
4	66	-0.024294
4	59	-0.024348
36	79	-0.024371
6	46	-0.024377
18	49	-0.02441
35	46	-0.024509
41	68	-0.024541
7	80	-0.024561
50	60	-0.024635
56	76	-0.0247
11	64	-0.024769
28	53	-0.02478
25	90	-0.02479
16	46	-0.024833
48	82	-0.02485
34	78	-0.024852
47	87	-0.024879
3	41	-0.024908
6	42	-0.024923
3	59	-0.024934
23	82	-0.024951
40	76	-0.024965
21	71	-0.024984
17	53	-0.024994
3	46	-0.024995
1	87	-0.025015
21	56	-0.025032
22	71	-0.025065
11	19	-0.025076
28	93	-0.025088
1	89	-0.025118
35	47	-0.025134
63	66	-0.025153
27	71	-0.025177
29	53	-0.025178
35	48	-0.025196
46	69	-0.025216
49	65	-0.025216
43	66	-0.025219
37	72	-0.025223
45	86	-0.025225
18	40	-0.025241
16	49	-0.025257
11	82	-0.025273
8	50	-0.025281
36	47	-0.025341
38	91	-0.025355
7	43	-0.025389
4	56	-0.025442
17	46	-0.025472
1	76	-0.025481
14	55	-0.025543
40	73	-0.02566
29	46	-0.02573
40	65	-0.025755
10	87	-0.025773
77	93	-0.025776
57	64	-0.025799
2	85	-0.025803
27	84	-0.025807
13	33	-0.025818
21	49	-0.025827
9	25	-0.025828
2	21	-0.025832
7	69	-0.025887
12	68	-0.025888
62	78	-0.025894
11	53	-0.025898
34	56	-0.025898
30	85	-0.025921
21	78	-0.025943
6	53	-0.025949
25	50	-0.025957
10	51	-0.025973
11	29	-0.025989
33	72	-0.026015
12	67	-0.026063
55	75	-0.026085
45	64	-0.026124
32	54	-0.026159
78	90	-0.026271
50	91	-0.026315
56	93	-0.02635
21	87	-0.026359
26	90	-0.026397
56	84	-0.026403
18	92	-0.026453
46	61	-0.026467
27	56	-0.026516
33	52	-0.02656
13	90	-0.026623
5	66	-0.026627
5	29	-0.026636
56	88	-0.026655
48	68	-0.02671
22	85	-0.026759
11	27	-0.026766
35	69	-0.026786
15	77	-0.026811
1	49	-0.026812
3	71	-0.026819
21	76	-0.026825
44	48	-0.026848
11	69	-0.02686
8	36	-0.026865
35	55	-0.026874
23	43	-0.026875
9	78	-0.02691
4	52	-0.027006
10	39	-0.027009
5	37	-0.027015
35	60	-0.027056
54	77	-0.027078
16	92	-0.027079
8	40	-0.027082
15	29	-0.027089
12	78	-0.027195
31	69	-0.027203
27	86	-0.02721
60	63	-0.027258
24	44	-0.027278
24	50	-0.027306
6	49	-0.027322
11	81	-0.027327
21	55	-0.027355
56	90	-0.02737
7	71	-0.027412
60	87	-0.027413
21	52	-0.027466
31	57	-0.027476
26	82	-0.027483
7	82	-0.027556
19	29	-0.027598
59	71	-0.027671
39	46	-0.027676
17	56	-0.027683
47	81	-0.027684
4	10	-0.027695
66	76	-0.027828
51	59	-0.027833
49	71	-0.027857
62	75	-0.027872
6	56	-0.027891
12	59	-0.027921
11	24	-0.027923
11	23	-0.027943
64	72	-0.027945
76	93	-0.027955
37	81	-0.027962
12	36	-0.027979
53	59	-0.028029
64	89	-0.028104
80	83	-0.028118
50	77	-0.028122
31	56	-0.028193
14	21	-0.028216
52	55	-0.028235
21	81	-0.028309
24	89	-0.028311
23	48	-0.028315
27	85	-0.028315
71	75	-0.028317
16	81	-0.028327
6	66	-0.028342
46	89	-0.0284
77	87	-0.028436
15	73	-0.028437
1	92	-0.028439
12	82	-0.028447
9	71	-0.028471
5	93	-0.028491
12	35	-0.028523
8	90	-0.028531
31	68	-0.028601
57	69	-0.028607
25	88	-0.028612
10	42	-0.028635
18	69	-0.02864
33	88	-0.028649
37	63	-0.028676
56	72	-0.028705
26	92	-0.028727
15	42	-0.028759
46	60	-0.028759
7	19	-0.028793
47	88	-0.028809
36	61	-0.028821
59	75	-0.028842
6	17	-0.028932
38	48	-0.028968
31	80	-0.028989
5	9	-0.029018
6	85	-0.029018
6	71	-0.02907
25	41	-0.029083
12	50	-0.029087
13	53	-0.029111
68	80	-0.029174
53	82	-0.029178
6	18	-0.02922
36	82	-0.029233
27	78	-0.029269
40	60	-0.029291
55	84	-0.029315
17	26	-0.029322
19	72	-0.029324
47	80	-0.02933
10	78	-0.029364
47	64	-0.029401
42	67	-0.029402
25	49	-0.029422
31	78	-0.029461
52	91	-0.029497
33	40	-0.029502
19	90	-0.029506
42	63	-0.02955
5	57	-0.02958
64	81	-0.029616
4	50	-0.029624
26	36	-0.029653
8	28	-0.029657
42	88	-0.029673
7	35	-0.029711
63	89	-0.029724
3	40	-0.029776
37	80	-0.02979
14	59	-0.029801
36	69	-0.029809
4	57	-0.029845
21	43	-0.029851
25	37	-0.029903
30	90	-0.03
24	86	-0.030094
7	36	-0.030119
10	71	-0.030119
23	46	-0.03012
69	93	-0.03014
23	83	-0.030144
53	75	-0.030155
17	59	-0.030175
21	88	-0.030178
19	56	-0.030186
42	87	-0.030193
46	87	-0.030233
46	64	-0.030261
75	84	-0.030268
26	46	-0.030322
27	61	-0.030327
12	64	-0.030337
34	68	-0.03038
10	61	-0.030498
3	48	-0.030504
12	69	-0.03052
4	32	-0.030528
54	62	-0.030532
65	88	-0.030541
10	16	-0.030573
51	72	-0.030589
33	92	-0.030594
41	42	-0.030627
34	48	-0.03066
6	59	-0.030664
35	38	-0.030698
37	52	-0.030714
13	42	-0.030729
19	27	-0.030767
10	22	-0.030772
36	57	-0.030783
15	76	-0.030791
50	85	-0.030793
74	82	-0.030849
24	76	-0.030871
41	87	-0.030927
6	72	-0.03094
16	26	-0.030945
7	27	-0.030993
64	92	-0.031014
7	59	-0.031033
48	87	-0.031054
8	82	-0.031063
83	93	-0.031074
49	60	-0.031102
25	33	-0.031184
36	43	-0.031191
43	57	-0.031194
10	34	-0.031196
26	73	-0.0312
35	57	-0.031271
12	80	-0.031287
28	51	-0.031288
39	49	-0.031296
53	77	-0.03132
65	69	-0.031342
3	15	-0.031398
55	79	-0.031464
43	79	-0.031476
10	40	-0.03148
19	76	-0.031526
78	82	-0.031559
6	31	-0.031568
19	79	-0.031607
27	74	-0.031625
25	84	-0.03168
27	62	-0.031704
61	93	-0.031733
2	63	-0.031756
1	5	-0.03183
29	72	-0.03187
51	80	-0.031871
50	57	-0.031904
18	76	-0.031951
40	74	-0.031995
36	84	-0.032032
12	29	-0.032052
8	47	-0.032067
7	50	-0.03208
28	88	-0.032098
26	76	-0.032113
57	85	-0.032127
15	23	-0.032128
29	43	-0.032133
10	15	-0.032147
24	52	-0.032151
13	87	-0.032166
29	40	-0.032169
10	56	-0.032215
46	86	-0.032219
21	50	-0.032244
23	79	-0.032261
9	69	-0.032345
57	86	-0.032376
15	53	-0.032421
18	87	-0.032438
3	65	-0.032486
46	70	-0.032489
28	49	-0.032493
35	52	-0.032496
39	42	-0.032509
25	62	-0.032579
35	87	-0.032599
7	29	-0.032616
48	83	-0.032617
14	52	-0.032658
36	56	-0.032706
13	62	-0.032707
10	83	-0.03272
11	86	-0.032746
68	84	-0.03276
36	46	-0.032786
4	77	-0.032811
28	36	-0.032843
78	92	-0.032881
13	27	-0.032893
8	56	-0.032904
27	57	-0.032914
10	30	-0.032924
10	88	-0.032927
19	46	-0.032956
21	93	-0.032985
2	74	-0.032989
60	66	-0.03303
28	54	-0.033069
26	61	-0.03316
12	71	-0.033191
55	91	-0.033194
10	26	-0.033214
57	82	-0.033218
5	91	-0.033254
21	51	-0.033294
55	70	-0.033306
23	74	-0.033316
39	48	-0.033343
4	93	-0.033379
64	70	-0.033392
32	55	-0.033402
47	82	-0.033408
29	57	-0.033431
8	57	-0.033435
8	55	-0.033451
48	66	-0.033451
73	92	-0.033456
8	92	-0.033465
29	59	-0.033471
46	88	-0.033488
27	51	-0.033532
69	87	-0.033552
4	69	-0.033563
4	30	-0.033605
52	60	-0.033609
28	50	-0.033628
31	61	-0.033652
10	28	-0.033674
53	60	-0.033674
19	61	-0.033687
2	82	-0.033688
22	67	-0.033753
67	91	-0.03377
34	86	-0.033771
35	82	-0.0338
14	19	-0.033814
39	78	-0.033836
35	49	-0.033854
19	57	-0.033883
9	68	-0.03396
12	83	-0.034009
19	71	-0.034011
51	88	-0.034031
61	91	-0.034051
49	77	-0.034072
23	40	-0.034154
19	82	-0.034166
32	90	-0.034196
12	79	-0.034204
10	84	-0.034215
36	75	-0.034215
32	87	-0.034295
60	89	-0.034295
23	42	-0.034307
30	93	-0.034341
59	93	-0.034351
71	86	-0.034351
9	14	-0.034398
41	65	-0.034404
67	72	-0.034448
7	23	-0.034452
55	87	-0.03447
16	91	-0.034478
23	59	-0.034483
24	51	-0.034526
49	61	-0.03455
37	78	-0.034651
56	82	-0.034657
43	51	-0.03466
55	80	-0.034672
48	79	-0.034687
49	59	-0.034716
42	48	-0.034744
13	89	-0.034749
4	19	-0.034777
27	63	-0.034855
6	24	-0.03489
31	82	-0.034898
52	90	-0.034907
46	81	-0.034921
49	57	-0.03493
3	76	-0.034959
2	34	-0.034972
35	56	-0.034979
57	91	-0.035016
35	65	-0.035025
2	42	-0.035026
6	35	-0.035078
69	78	-0.035086
56	67	-0.035103
13	32	-0.035116
6	50	-0.035119
12	23	-0.035129
49	91	-0.03516
34	49	-0.035165
17	54	-0.035184
81	83	-0.0352
6	19	-0.035223
51	57	-0.035225
34	61	-0.035232
2	87	-0.035236
33	79	-0.035239
51	67	-0.035267
8	87	-0.035282
6	15	-0.035406
17	63	-0.035407
42	49	-0.035412
68	88	-0.035561
53	78	-0.035568
23	57	-0.035569
27	60	-0.035622
65	72	-0.03566
40	77	-0.035666
52	82	-0.035678
36	87	-0.0357
52	57	-0.03571
56	68	-0.035745
51	84	-0.035763
41	73	-0.035799
55	88	-0.035817
8	46	-0.035875
12	85	-0.035938
41	51	-0.035952
26	39	-0.035989
4	29	-0.036019
19	52	-0.036031
28	84	-0.036033
50	74	-0.036066
10	72	-0.036074
43	49	-0.036087
56	69	-0.036103
27	32	-0.036114
8	78	-0.03613
32	64	-0.036142
33	90	-0.036145
55	77	-0.036173
29	78	-0.036201
66	70	-0.036285
14	65	-0.036333
13	43	-0.036382
35	88	-0.036431
16	42	-0.036443
6	29	-0.036513
41	52	-0.036518
1	37	-0.036545
8	31	-0.03659
47	71	-0.036599
53	63	-0.036636
6	36	-0.036649
25	73	-0.036685
24	36	-0.036701
53	74	-0.036736
29	47	-0.036742
51	76	-0.036794
14	91	-0.036812
21	72	-0.03699
59	62	-0.036996
42	73	-0.037098
5	32	-0.037131
10	86	-0.037132
5	60	-0.037171
31	42	-0.037172
3	37	-0.037238
41	53	-0.037253
17	93	-0.037262
9	39	-0.037268
40	70	-0.037327
50	80	-0.037334
51	91	-0.037352
1	33	-0.037413
66	78	-0.037434
31	60	-0.037437
43	71	-0.037444
27	68	-0.037452
71	88	-0.037453
19	38	-0.03746
38	41	-0.037468
35	70	-0.037534
68	75	-0.037605
31	73	-0.037639
56	64	-0.037652
65	87	-0.037665
52	71	-0.037699
40	52	-0.037717
32	88	-0.037735
38	85	-0.037742
2	80	-0.037747
19	84	-0.037777
61	82	-0.037802
63	79	-0.037869
28	69	-0.037885
13	83	-0.037997
42	50	-0.038014
65	73	-0.038037
50	69	-0.038081
50	81	-0.038084
2	88	-0.038114
27	34	-0.038139
66	86	-0.038185
13	52	-0.038194
50	88	-0.038245
55	86	-0.038252
27	37	-0.038264
16	28	-0.038278
23	47	-0.03828
8	43	-0.0383
38	64	-0.038352
74	79	-0.03843
28	79	-0.038447
48	49	-0.038494
3	82	-0.038551
17	71	-0.038594
49	75	-0.03866
50	61	-0.03869
9	48	-0.038711
15	34	-0.038731
22	75	-0.038751
12	86	-0.038758
60	81	-0.038762
18	78	-0.038779
33	49	-0.0388
34	72	-0.03881
13	88	-0.038829
47	69	-0.038835
29	52	-0.038848
29	56	-0.03889
5	56	-0.038911
46	91	-0.038927
24	57	-0.03893
60	74	-0.039057
6	61	-0.039101
21	70	-0.039107
77	85	-0.039146
14	89	-0.039154
49	93	-0.039205
23	55	-0.039263
74	93	-0.039263
16	24	-0.039275
52	88	-0.03929
29	88	-0.039399
68	78	-0.039402
65	76	-0.039428
21	53	-0.039472
10	85	-0.039533
32	67	-0.039542
14	50	-0.039547
72	84	-0.039586
71	76	-0.039589
32	38	-0.039597
3	22	-0.039622
25	69	-0.039662
1	70	-0.039711
28	39	-0.039744
70	87	-0.039761
52	59	-0.039804
65	78	-0.039812
35	51	-0.039945
25	87	-0.039968
36	88	-0.040058
9	16	-0.040062
24	74	-0.040067
76	91	-0.040122
15	33	-0.040123
35	61	-0.040188
2	17	-0.04019
30	67	-0.040203
26	77	-0.04023
35	90	-0.040241
77	91	-0.040285
24	39	-0.04036
49	69	-0.040376
10	35	-0.04039
51	82	-0.040469
5	51	-0.040478
81	90	-0.040496
52	77	-0.040518
13	30	-0.040523
30	74	-0.040546
38	87	-0.040548
52	72	-0.040598
5	49	-0.040634
36	53	-0.040644
30	80	-0.040647
36	49	-0.040683
38	86	-0.040687
13	86	-0.040727
17	60	-0.040735
4	18	-0.040784
64	88	-0.040839
28	38	-0.040882
27	50	-0.040908
42	62	-0.040908
29	49	-0.040948
47	86	-0.040951
75	91	-0.040963
43	68	-0.040967
15	70	-0.041003
27	48	-0.041058
55	65	-0.041069
49	76	-0.04107
74	91	-0.041086
13	25	-0.0411
28	81	-0.041157
55	85	-0.041161
53	64	-0.041166
3	93	-0.041196
40	51	-0.041223
24	68	-0.04123
36	52	-0.041244
42	76	-0.041258
38	90	-0.041262
42	85	-0.041352
29	37	-0.041358
76	82	-0.041364
35	50	-0.041365
28	85	-0.041378
13	24	-0.041385
18	72	-0.041395
29	48	-0.041459
3	54	-0.041468
13	19	-0.041478
28	42	-0.041493
12	66	-0.041577
23	56	-0.041579
21	69	-0.041689
67	77	-0.041692
55	61	-0.041706
29	69	-0.041712
4	28	-0.041776
2	30	-0.041782
27	69	-0.041917
37	65	-0.041982
75	92	-0.042
4	87	-0.042036
26	50	-0.042037
48	62	-0.042068
23	73	-0.0421
25	56	-0.042137
19	85	-0.042142
73	87	-0.042178
19	65	-0.042202
63	82	-0.042203
13	51	-0.042247
64	87	-0.042271
72	91	-0.042334
28	83	-0.04238
18	93	-0.042406
25	65	-0.042456
71	77	-0.04249
19	75	-0.042491
39	77	-0.042514
43	85	-0.042543
73	93	-0.042546
17	65	-0.042595
31	85	-0.042664
73	83	-0.042748
27	75	-0.042782
66	89	-0.042784
53	67	-0.042786
14	51	-0.042819
51	66	-0.042835
34	70	-0.042877
15	51	-0.042905
31	70	-0.042991
16	70	-0.043107
19	74	-0.043224
28	60	-0.043244
17	28	-0.043271
26	93	-0.0433
2	23	-0.043368
73	88	-0.043383
15	52	-0.043504
6	64	-0.043512
5	90	-0.043533
8	70	-0.043541
42	65	-0.043603
30	81	-0.043606
40	93	-0.043629
22	49	-0.043667
36	51	-0.043667
70	86	-0.043729
29	85	-0.043768
43	84	-0.043899
46	72	-0.043916
37	60	-0.043925
60	71	-0.044001
18	50	-0.04404
5	27	-0.044102
52	78	-0.044123
54	78	-0.044133
2	54	-0.044198
31	65	-0.044206
21	85	-0.044243
23	88	-0.04426
36	62	-0.044268
9	22	-0.04427
43	88	-0.044321
8	93	-0.044322
16	60	-0.044387
65	83	-0.044419
30	49	-0.044429
49	67	-0.044445
31	64	-0.0445
33	50	-0.044539
79	91	-0.044678
8	41	-0.044682
42	90	-0.044697
34	42	-0.044752
36	50	-0.044787
19	86	-0.04482
52	89	-0.044893
36	86	-0.04495
22	80	-0.044996
23	68	-0.045073
2	89	-0.045084
52	54	-0.045125
22	66	-0.045167
5	62	-0.045233
63	88	-0.045242
67	88	-0.045251
41	89	-0.045277
22	70	-0.045333
28	68	-0.045343
70	88	-0.045399
38	73	-0.045432
56	81	-0.045454
37	68	-0.045477
18	83	-0.045496
15	50	-0.04558
40	42	-0.045674
29	50	-0.045712
23	90	-0.045724
48	59	-0.045738
42	68	-0.045757
5	17	-0.045823
27	83	-0.045875
51	90	-0.045884
23	78	-0.045904
21	61	-0.04594
26	51	-0.045955
40	50	-0.045987
40	67	-0.046007
28	67	-0.046043
16	61	-0.046096
49	89	-0.046162
22	65	-0.046206
14	30	-0.046235
23	52	-0.046385
18	84	-0.046461
8	71	-0.046498
14	26	-0.046513
23	76	-0.046544
5	61	-0.046591
2	28	-0.046612
13	59	-0.046636
2	22	-0.046647
49	73	-0.04665
17	35	-0.046766
8	48	-0.046796
22	81	-0.046923
8	89	-0.046961
16	34	-0.046989
8	49	-0.047023
53	81	-0.047045
65	74	-0.047119
19	87	-0.047248
15	41	-0.047309
65	82	-0.04735
61	73	-0.047351
41	62	-0.047364
39	83	-0.0474
26	34	-0.047406
74	81	-0.047542
28	75	-0.047569
35	86	-0.047593
76	81	-0.047642
37	89	-0.047659
52	76	-0.047722
60	69	-0.047736
30	82	-0.047779
62	71	-0.047781
14	34	-0.047837
15	67	-0.047887
14	78	-0.047894
33	82	-0.047924
19	66	-0.048
28	90	-0.048
64	80	-0.048072
63	74	-0.048094
9	83	-0.048123
55	81	-0.048127
29	51	-0.048163
23	49	-0.048212
24	62	-0.048214
77	90	-0.048262
1	60	-0.048322
72	90	-0.048368
30	79	-0.048461
24	92	-0.048467
75	82	-0.04847
16	78	-0.048516
32	66	-0.048517
61	88	-0.04854
16	77	-0.048562
59	86	-0.048619
63	80	-0.048646
26	49	-0.048743
43	73	-0.04882
5	79	-0.048881
17	22	-0.048902
33	71	-0.048902
39	60	-0.048938
62	70	-0.048979
60	79	-0.048986
33	75	-0.049012
41	86	-0.049013
33	68	-0.049078
5	18	-0.049102
30	88	-0.049105
49	92	-0.049176
60	75	-0.049257
29	55	-0.049315
14	48	-0.049395
14	46	-0.049404
4	89	-0.049411
29	36	-0.049418
10	25	-0.049461
35	66	-0.049461
24	82	-0.04956
4	33	-0.049737
61	80	-0.049752
67	90	-0.049781
32	68	-0.049861
24	88	-0.049897
38	43	-0.049903
16	88	-0.049926
2	9	-0.049949
18	64	-0.049963
73	82	-0.049971
22	82	-0.049984
55	72	-0.050006
73	90	-0.050016
13	55	-0.050096
37	66	-0.050194
14	74	-0.050204
4	65	-0.050294
15	75	-0.050304
64	73	-0.050344
73	86	-0.050371
5	84	-0.050432
30	70	-0.050444
60	73	-0.050445
14	82	-0.050463
19	51	-0.050552
24	38	-0.050615
51	93	-0.050636
9	88	-0.050641
52	80	-0.050775
61	74	-0.050785
49	81	-0.050807
26	53	-0.050808
25	75	-0.05081
28	86	-0.050843
15	71	-0.050864
18	85	-0.050909
23	50	-0.050978
9	87	-0.051025
22	76	-0.051026
19	41	-0.051039
22	77	-0.051103
50	64	-0.051146
40	41	-0.051198
19	48	-0.05131
26	48	-0.051344
1	91	-0.051392
79	89	-0.051452
27	93	-0.051453
48	61	-0.051505
32	43	-0.051509
26	85	-0.051561
8	76	-0.051595
23	89	-0.051608
3	81	-0.051648
32	78	-0.051728
56	71	-0.051728
15	93	-0.051745
16	66	-0.051749
18	88	-0.05177
42	82	-0.051814
9	37	-0.051871
63	87	-0.051956
40	75	-0.051999
17	43	-0.052048
39	70	-0.052053
4	49	-0.05216
8	21	-0.052171
52	87	-0.052245
22	60	-0.052258
37	87	-0.052336
17	87	-0.052364
56	86	-0.052416
25	77	-0.052468
39	61	-0.052515
71	87	-0.052522
60	86	-0.052545
30	66	-0.052753
41	91	-0.052755
8	59	-0.052785
30	65	-0.052818
32	70	-0.052849
41	50	-0.052896
22	79	-0.052968
25	64	-0.05299
53	88	-0.05305
23	36	-0.053074
59	70	-0.053081
30	60	-0.053106
72	87	-0.053327
68	90	-0.053406
34	80	-0.053438
39	76	-0.053472
4	61	-0.053475
37	55	-0.053483
33	74	-0.053531
18	27	-0.053619
40	78	-0.053682
40	66	-0.053699
76	84	-0.053766
51	61	-0.053787
39	88	-0.053818
35	64	-0.053838
25	82	-0.053938
9	64	-0.054039
3	34	-0.054079
5	87	-0.054114
8	81	-0.054119
62	73	-0.054155
66	88	-0.054155
13	91	-0.054187
17	90	-0.054202
26	42	-0.054205
34	87	-0.054311
8	88	-0.054349
13	85	-0.054443
21	92	-0.054443
3	10	-0.054451
55	90	-0.054488
5	63	-0.054489
24	49	-0.054513
34	39	-0.054517
23	51	-0.054543
8	17	-0.054579
53	87	-0.054601
14	66	-0.054604
50	75	-0.054672
22	63	-0.054681
51	70	-0.054706
14	49	-0.054718
37	79	-0.054732
24	83	-0.054735
3	24	-0.054789
25	79	-0.054831
29	73	-0.054893
34	62	-0.054899
51	86	-0.054915
52	69	-0.054984
36	65	-0.055029
68	86	-0.055037
8	73	-0.055064
4	51	-0.055076
27	92	-0.055085
48	64	-0.055159
37	88	-0.055163
1	68	-0.055206
61	83	-0.055325
54	79	-0.055345
17	25	-0.055347
16	83	-0.055514
3	33	-0.055531
19	92	-0.055585
18	26	-0.055625
15	66	-0.055642
9	28	-0.055654
37	91	-0.055674
80	90	-0.055683
37	48	-0.055698
8	91	-0.055711
79	85	-0.055801
37	69	-0.055823
37	84	-0.055875
66	90	-0.055889
29	79	-0.055899
13	50	-0.05592
62	89	-0.055929
27	72	-0.056001
78	84	-0.056003
5	85	-0.056007
34	69	-0.05603
38	84	-0.056085
14	87	-0.056086
38	59	-0.056131
9	15	-0.05614
13	73	-0.056242
31	93	-0.056324
1	69	-0.0564
21	86	-0.056499
5	52	-0.056602
74	84	-0.056611
22	84	-0.056632
17	72	-0.056634
38	72	-0.056643
40	82	-0.05666
43	48	-0.056686
22	90	-0.056694
28	43	-0.056703
16	87	-0.056708
62	80	-0.056731
42	93	-0.056749
35	62	-0.05676
16	65	-0.056761
49	85	-0.056769
41	75	-0.056773
64	76	-0.056778
64	91	-0.056897
40	71	-0.056947
22	69	-0.057119
15	87	-0.057136
5	80	-0.057466
37	73	-0.05755
10	64	-0.05756
4	53	-0.057588
1	86	-0.057609
29	67	-0.057725
63	78	-0.057806
10	37	-0.057833
66	92	-0.057858
28	82	-0.057864
17	78	-0.057918
52	68	-0.057932
30	73	-0.05796
25	54	-0.057995
16	79	-0.058014
64	90	-0.058021
30	62	-0.058067
60	80	-0.058091
22	73	-0.058113
26	83	-0.058195
9	33	-0.058312
66	83	-0.058314
60	68	-0.058431
51	77	-0.058446
5	75	-0.058574
61	68	-0.058583
29	68	-0.058586
29	82	-0.058587
4	9	-0.058598
39	71	-0.058599
26	72	-0.058639
16	23	-0.058647
43	65	-0.058735
54	69	-0.05876
43	87	-0.058819
14	88	-0.058869
17	24	-0.059006
50	93	-0.059034
41	63	-0.059046
27	41	-0.059051
53	73	-0.059053
8	51	-0.05911
42	64	-0.059146
3	69	-0.059173
39	91	-0.0592
27	39	-0.059246
73	85	-0.059249
56	85	-0.05928
27	73	-0.05933
10	65	-0.059436
40	55	-0.059445
1	41	-0.059476
26	37	-0.05948
39	65	-0.059482
51	69	-0.059599
8	80	-0.059678
39	87	-0.059738
25	52	-0.059742
80	89	-0.059765
62	79	-0.059769
79	90	-0.059791
2	43	-0.059797
28	59	-0.059864
26	63	-0.059944
29	75	-0.060018
18	25	-0.060019
54	80	-0.060027
30	84	-0.060157
13	75	-0.060171
30	41	-0.060175
49	66	-0.060192
4	80	-0.060199
18	80	-0.060218
17	85	-0.060241
17	41	-0.060364
17	81	-0.060364
62	90	-0.060418
8	10	-0.060432
26	74	-0.060502
18	22	-0.060611
31	91	-0.060625
23	39	-0.060626
50	86	-0.060813
28	70	-0.060844
39	79	-0.060907
15	85	-0.060935
62	88	-0.060996
63	70	-0.061117
18	75	-0.06112
13	38	-0.061155
17	84	-0.061162
27	87	-0.061174
40	87	-0.061179
19	89	-0.061213
32	75	-0.061273
9	91	-0.061274
61	89	-0.06129
74	89	-0.061306
14	83	-0.061307
37	85	-0.06131
67	76	-0.061356
41	49	-0.061374
16	71	-0.061532
30	69	-0.061547
75	81	-0.061583
81	91	-0.06171
28	72	-0.061839
40	63	-0.061848
48	72	-0.061913
49	90	-0.061955
9	31	-0.061987
16	68	-0.062018
53	66	-0.062026
38	79	-0.06208
32	69	-0.062116
41	77	-0.062139
33	54	-0.062169
70	85	-0.062213
30	83	-0.062315
15	55	-0.062335
38	74	-0.062358
13	22	-0.062362
25	78	-0.06239
3	92	-0.062397
41	84	-0.062401
43	78	-0.062603
61	77	-0.06268
39	68	-0.062953
5	50	-0.062996
13	49	-0.063156
51	64	-0.063183
5	81	-0.063218
48	77	-0.063302
14	22	-0.063356
62	74	-0.063486
37	70	-0.063587
19	81	-0.063638
50	90	-0.063704
43	72	-0.063745
32	41	-0.063787
40	81	-0.063805
34	82	-0.063932
16	76	-0.063997
3	87	-0.064014
64	78	-0.064091
24	91	-0.06423
25	93	-0.064256
79	86	-0.064261
24	59	-0.064264
73	84	-0.064284
18	30	-0.064287
27	91	-0.064349
14	75	-0.064397
18	66	-0.064431
28	89	-0.0645
5	71	-0.064507
61	71	-0.064508
62	76	-0.06452
25	40	-0.064602
15	82	-0.064642
49	64	-0.064732
9	40	-0.064838
51	85	-0.06484
33	87	-0.065017
5	31	-0.065044
40	88	-0.065118
73	81	-0.065175
22	62	-0.065251
62	84	-0.06526
60	85	-0.065274
15	84	-0.065351
42	61	-0.065403
53	90	-0.065423
39	90	-0.065643
2	91	-0.065646
55	62	-0.065668
26	33	-0.065814
5	68	-0.065817
66	80	-0.065915
32	48	-0.066003
70	78	-0.066148
30	72	-0.066198
50	89	-0.066238
52	66	-0.066378
25	74	-0.066517
80	93	-0.066571
38	78	-0.06664
26	87	-0.066779
65	79	-0.066865
22	72	-0.066881
30	76	-0.066882
54	66	-0.066891
43	62	-0.066893
14	27	-0.066919
69	90	-0.067045
71	90	-0.067067
51	79	-0.067117
63	72	-0.067178
14	79	-0.067227
40	85	-0.067298
25	60	-0.067303
3	61	-0.06734
67	92	-0.067359
18	24	-0.067402
60	93	-0.067485
65	81	-0.067485
25	89	-0.067501
22	74	-0.067637
67	74	-0.067708
1	78	-0.06776
69	92	-0.067805
8	79	-0.067919
1	42	-0.067974
2	60	-0.068085
29	89	-0.068191
17	82	-0.068215
48	67	-0.068266
41	85	-0.068279
10	68	-0.068299
77	86	-0.068347
66	87	-0.068392
72	88	-0.0684
15	88	-0.068402
10	60	-0.068488
16	80	-0.068725
61	72	-0.068737
2	37	-0.068988
30	77	-0.069078
19	55	-0.069097
55	71	-0.06926
16	73	-0.069264
27	89	-0.069299
70	83	-0.069396
40	84	-0.069715
29	90	-0.06992
54	91	-0.069925
25	86	-0.069975
19	69	-0.070202
3	88	-0.070246
5	76	-0.070366
28	74	-0.070448
17	64	-0.070578
18	86	-0.070629
65	93	-0.070713
52	86	-0.070782
2	18	-0.070817
54	92	-0.070899
63	86	-0.071008
60	91	-0.071178
8	68	-0.071264
33	86	-0.071362
54	82	-0.071393
13	15	-0.071396
33	80	-0.071426
33	81	-0.071454
15	63	-0.071467
52	64	-0.071505
48	65	-0.071519
55	67	-0.071532
51	89	-0.071593
78	91	-0.071649
8	72	-0.071689
5	69	-0.071732
23	37	-0.071969
30	63	-0.071991
39	80	-0.072244
55	64	-0.072326
1	38	-0.072368
40	62	-0.072386
75	85	-0.072594
32	80	-0.072618
67	87	-0.07268
18	79	-0.072893
15	80	-0.073047
16	59	-0.073085
22	83	-0.073105
15	62	-0.073254
9	70	-0.073295
33	43	-0.07336
16	90	-0.073408
68	91	-0.073516
63	93	-0.073612
48	86	-0.0737
49	86	-0.073745
54	90	-0.073824
3	86	-0.073825
15	26	-0.073993
5	78	-0.073994
72	85	-0.074018
48	71	-0.074038
63	90	-0.074062
67	85	-0.074134
5	77	-0.074221
41	90	-0.074269
1	62	-0.074311
82	90	-0.074316
71	84	-0.074321
38	67	-0.074359
26	91	-0.074568
3	53	-0.074593
10	69	-0.074745
26	32	-0.074903
48	85	-0.074961
9	77	-0.075021
40	69	-0.07503
60	65	-0.07509
38	81	-0.075152
41	66	-0.075186
16	43	-0.075238
54	83	-0.07538
14	76	-0.075392
2	59	-0.075408
2	86	-0.075501
14	25	-0.075572
38	89	-0.075628
28	73	-0.075863
25	92	-0.075918
26	55	-0.075931
69	91	-0.076202
68	89	-0.076274
13	18	-0.076288
63	81	-0.076366
40	79	-0.076371
4	62	-0.076413
26	69	-0.076425
14	77	-0.076436
15	48	-0.07654
75	80	-0.076594
15	81	-0.076636
13	40	-0.076644
22	78	-0.076733
8	52	-0.076765
18	67	-0.076887
14	93	-0.077019
59	78	-0.07721
28	71	-0.077218
3	84	-0.077318
18	70	-0.07737
2	70	-0.077625
38	63	-0.077657
4	72	-0.077664
37	76	-0.07774
64	75	-0.077855
3	79	-0.078031
8	77	-0.078108
3	89	-0.078149
16	69	-0.078337
4	82	-0.078371
1	83	-0.078422
17	83	-0.078487
39	89	-0.07861
30	78	-0.078835
53	89	-0.078852
42	52	-0.078879
28	37	-0.078959
48	63	-0.079036
26	52	-0.079124
24	69	-0.079145
33	59	-0.079232
23	69	-0.079242
43	86	-0.07931
22	89	-0.079493
32	76	-0.079754
52	92	-0.079791
26	40	-0.07996
30	89	-0.079988
16	85	-0.08031
26	38	-0.080343
39	59	-0.0804
1	32	-0.080777
26	80	-0.080797
41	72	-0.080854
55	76	-0.080894
18	65	-0.080939
4	81	-0.081065
71	89	-0.081121
27	80	-0.081195
39	73	-0.081342
64	77	-0.081356
9	65	-0.081433
15	92	-0.08148
54	61	-0.081616
13	77	-0.081779
39	43	-0.081819
67	80	-0.081898
33	69	-0.081973
39	69	-0.082001
42	55	-0.082213
62	93	-0.082274
9	55	-0.082572
38	82	-0.08284
39	85	-0.083256
60	72	-0.083464
25	80	-0.0835
63	75	-0.083532
40	80	-0.083725
77	92	-0.083748
60	64	-0.083853
3	26	-0.08396
4	78	-0.084053
26	79	-0.084226
38	65	-0.08423
72	86	-0.084406
2	27	-0.084448
67	75	-0.084552
15	69	-0.084662
42	70	-0.084861
72	89	-0.084883
30	42	-0.085049
38	70	-0.085094
38	69	-0.085138
24	77	-0.085191
42	71	-0.085365
78	89	-0.085561
15	25	-0.085895
15	79	-0.086146
13	79	-0.086707
17	70	-0.086795
3	67	-0.08685
42	91	-0.086888
66	91	-0.086899
16	89	-0.087033
17	89	-0.087269
22	42	-0.087386
40	91	-0.087506
67	93	-0.087546
24	72	-0.087879
65	77	-0.087895
5	70	-0.088013
40	48	-0.088276
67	78	-0.08829
32	72	-0.088394
37	77	-0.088483
17	86	-0.088595
4	83	-0.088654
32	81	-0.088744
5	73	-0.088981
1	17	-0.089178
66	77	-0.089336
16	72	-0.089453
1	73	-0.089703
70	91	-0.089743
3	17	-0.090163
18	81	-0.09041
25	42	-0.090564
13	76	-0.090828
42	80	-0.091101
75	90	-0.091226
13	63	-0.091357
38	71	-0.091362
76	89	-0.091472
18	34	-0.091543
4	79	-0.09157
54	74	-0.091589
41	79	-0.092032
1	82	-0.092377
25	71	-0.092401
8	18	-0.092737
9	30	-0.092839
63	71	-0.093026
52	85	-0.093348
27	77	-0.093684
76	80	-0.094205
18	90	-0.094287
37	71	-0.094349
14	73	-0.094542
9	92	-0.094646
61	84	-0.094747
28	80	-0.094788
73	91	-0.094829
66	81	-0.094864
15	91	-0.094916
73	89	-0.09493
16	82	-0.094942
14	80	-0.095034
41	76	-0.095307
32	91	-0.09574
39	82	-0.096226
17	92	-0.096421
37	82	-0.096483
77	89	-0.096715
67	79	-0.096878
74	80	-0.097057
42	81	-0.097377
1	39	-0.097846
76	86	-0.09792
17	69	-0.098033
53	68	-0.098368
32	86	-0.098683
26	89	-0.098743
13	66	-0.098787
78	83	-0.099048
14	71	-0.099118
3	74	-0.099142
42	79	-0.099163
14	68	-0.099368
38	77	-0.099477
15	64	-0.100229
41	83	-0.100292
65	90	-0.100301
70	90	-0.100312
4	55	-0.100423
9	79	-0.101304
67	81	-0.101346
16	27	-0.101807
18	71	-0.10231
25	81	-0.102478
13	17	-0.1025
3	75	-0.102627
37	54	-0.103342
39	72	-0.104146
15	78	-0.104357
27	79	-0.10517
26	71	-0.105789
79	92	-0.106216
22	53	-0.106396
25	85	-0.106712
71	85	-0.106948
40	64	-0.107468
1	16	-0.107517
53	91	-0.107943
34	71	-0.10841
30	53	-0.108821
53	93	-0.108915
4	85	-0.109059
60	92	-0.109254
38	68	-0.109296
17	68	-0.10931
2	81	-0.110425
2	68	-0.110465
70	92	-0.11055
67	89	-0.110947
38	80	-0.111169
25	70	-0.111216
64	93	-0.111333
72	93	-0.111582
14	37	-0.112103
40	92	-0.112604
37	67	-0.113053
26	70	-0.113624
15	72	-0.11452
38	83	-0.115288
13	72	-0.11549
81	92	-0.115503
3	32	-0.115637
4	71	-0.115823
33	64	-0.116819
17	67	-0.118328
26	78	-0.119825
32	93	-0.119863
40	72	-0.122443
54	70	-0.12456
17	79	-0.127383
1	81	-0.128561
17	80	-0.128754
26	81	-0.133858
54	81	-0.134848
72	92	-0.140381
38	92	-0.141585
25	72	-0.144506
64	79	-0.160076