#==========================================================================
# The first and second rows contain site pairs (i, j) such that j > i
# The third row contains coevolutionary scores obtained 
# using EVCouplings algorithm.
# Note that in this data sites are counted/labelled starting from 1
#==========================================================================
30	48	1.486822
14	72	1.442982
31	47	1.426798
29	49	1.418633
15	71	1.337718
58	63	1.328942
32	46	1.296329
16	70	1.267131
13	73	1.230323
12	74	1.222803
10	76	1.214744
11	75	1.158026
28	50	1.117119
57	64	1.091859
27	51	1.042777
33	45	0.906446
9	77	0.858951
2	87	0.776439
60	61	0.578875
1	88	0.550705
26	52	0.531995
3	86	0.495195
35	84	0.470733
4	85	0.466319
39	82	0.456252
18	67	0.450702
59	60	0.424126
61	62	0.391567
59	61	0.384833
38	82	0.336287
25	53	0.307602
5	84	0.290764
40	84	0.273285
39	40	0.270534
25	52	0.257468
35	43	0.237395
38	83	0.231706
39	84	0.224973
60	62	0.218937
35	80	0.205513
59	62	0.203544
52	53	0.192417
38	86	0.19183
39	81	0.186504
35	39	0.186172
40	80	0.1853
42	44	0.181435
43	45	0.178192
40	82	0.177269
23	67	0.173311
65	81	0.171464
24	53	0.170974
40	43	0.169964
35	82	0.169208
5	43	0.168145
18	24	0.160004
18	22	0.159305
5	38	0.157761
25	26	0.154155
34	43	0.15152
65	66	0.150697
38	43	0.145254
68	81	0.144184
2	3	0.143588
53	67	0.141349
3	43	0.141246
38	40	0.140926
78	79	0.140526
3	38	0.140239
22	67	0.140223
19	66	0.138347
43	86	0.136891
20	23	0.134881
22	65	0.134598
4	6	0.132387
39	80	0.13116
43	84	0.130856
2	88	0.129877
3	4	0.12611
41	79	0.124438
23	53	0.123289
2	68	0.122524
43	82	0.12081
6	79	0.120547
87	88	0.119444
80	84	0.118976
34	44	0.118318
41	44	0.118007
18	23	0.114978
5	53	0.114439
36	46	0.114253
17	44	0.113932
5	82	0.113814
36	39	0.112557
67	68	0.11222
25	67	0.111188
81	85	0.110991
35	40	0.110101
34	79	0.10943
17	25	0.108856
34	42	0.10776
21	61	0.106778
83	84	0.106344
81	84	0.106281
3	45	0.104195
42	79	0.103779
2	89	0.103689
5	25	0.10356
64	66	0.102678
23	55	0.10261
35	86	0.102375
41	78	0.101765
22	36	0.101189
86	87	0.101082
34	81	0.100921
1	3	0.099115
37	78	0.099098
25	84	0.099054
30	62	0.097693
16	69	0.097371
3	5	0.097177
36	44	0.097163
17	80	0.09711
22	49	0.096617
4	41	0.096051
18	55	0.095935
5	6	0.095786
45	86	0.095669
17	53	0.095451
37	41	0.094812
16	72	0.094387
68	87	0.094168
13	51	0.094139
35	44	0.094109
17	73	0.09396
2	86	0.093859
17	68	0.093765
57	58	0.093564
60	65	0.093352
32	33	0.092991
15	17	0.0928
14	74	0.090644
37	83	0.090556
26	59	0.090504
33	46	0.090054
53	84	0.089634
17	69	0.089073
44	79	0.088896
6	7	0.088444
1	4	0.088102
73	75	0.087923
11	21	0.087581
72	89	0.087435
43	78	0.087128
1	86	0.086775
41	42	0.086558
44	68	0.086548
38	45	0.086547
67	89	0.086274
17	24	0.086089
6	42	0.086074
68	69	0.085502
7	79	0.085209
4	37	0.08478
83	86	0.084759
18	69	0.08464
61	72	0.084497
35	45	0.083618
3	6	0.083558
66	67	0.083008
30	61	0.082533
4	81	0.082424
18	68	0.082122
70	72	0.08169
50	51	0.081647
6	41	0.081467
11	62	0.080499
36	84	0.080479
7	78	0.08009
56	65	0.08008
35	51	0.079755
56	66	0.079316
14	16	0.079206
21	34	0.078655
87	89	0.07832
26	88	0.078104
18	89	0.077313
37	42	0.077096
40	89	0.076762
23	24	0.076412
1	77	0.076241
25	69	0.076148
10	62	0.076057
1	69	0.075941
52	59	0.07543
23	25	0.074941
32	36	0.074745
25	88	0.074288
5	78	0.074187
64	83	0.074147
53	55	0.073235
28	68	0.073214
34	68	0.073203
52	88	0.07316
24	67	0.073071
28	47	0.072567
67	84	0.072427
26	53	0.071861
29	57	0.071792
37	85	0.071699
36	74	0.071129
1	14	0.071055
78	85	0.070919
21	77	0.070878
8	19	0.07054
69	70	0.070051
39	83	0.069995
32	38	0.069975
37	79	0.069844
65	68	0.069127
33	57	0.069069
38	89	0.068556
9	12	0.068439
6	36	0.06839
40	42	0.068349
45	46	0.068324
31	58	0.068323
79	81	0.068304
13	85	0.068218
1	72	0.068101
2	17	0.067765
44	51	0.0677
1	84	0.067639
38	41	0.067431
37	44	0.067428
9	76	0.067298
5	36	0.067283
36	76	0.067123
66	70	0.067117
35	42	0.067081
39	89	0.067011
1	83	0.066745
56	57	0.066717
50	73	0.066699
10	59	0.066469
15	16	0.066369
7	19	0.066275
68	74	0.065953
7	8	0.065783
75	80	0.065711
21	44	0.065601
15	88	0.065431
9	10	0.065277
18	53	0.064307
44	87	0.064256
36	41	0.064222
16	21	0.064137
26	28	0.064012
56	64	0.063983
10	81	0.063505
34	80	0.063469
50	71	0.06346
55	67	0.063371
27	43	0.063328
39	87	0.063086
4	21	0.063028
3	87	0.062994
13	87	0.062944
5	40	0.062762
75	76	0.062675
5	24	0.062539
2	6	0.062435
69	88	0.062224
59	66	0.062218
1	87	0.061785
27	36	0.061468
59	74	0.061401
37	43	0.061167
24	55	0.06107
68	77	0.060841
16	71	0.060198
39	74	0.060015
77	78	0.059456
26	50	0.059236
17	18	0.05922
2	4	0.059201
57	83	0.059142
47	48	0.059115
24	25	0.058822
22	39	0.0588
27	73	0.058769
45	77	0.058658
22	58	0.058479
1	18	0.058226
4	5	0.057939
57	68	0.057846
3	41	0.057589
15	53	0.057568
67	69	0.057529
10	14	0.057503
61	77	0.057403
16	20	0.057383
14	49	0.057288
37	38	0.057167
5	86	0.057118
40	45	0.057067
25	54	0.057027
4	8	0.056942
15	75	0.056888
80	82	0.056763
34	41	0.056259
17	38	0.056098
54	69	0.056038
20	65	0.055971
25	82	0.055913
5	45	0.055909
33	44	0.055886
57	63	0.055771
13	75	0.055573
59	76	0.055556
76	89	0.05554
41	43	0.055527
21	71	0.055427
20	22	0.055406
38	78	0.055376
47	89	0.055304
1	54	0.055221
27	29	0.055194
37	39	0.055002
62	70	0.054939
45	48	0.05485
54	63	0.054817
42	80	0.054745
29	68	0.054419
6	44	0.054378
26	54	0.054352
58	75	0.054253
9	89	0.054244
32	45	0.053965
59	68	0.053695
24	52	0.052963
15	60	0.052918
27	49	0.052693
4	42	0.052672
4	44	0.052496
72	74	0.052469
57	88	0.052432
58	72	0.052328
43	51	0.052286
8	37	0.052267
78	84	0.052247
42	51	0.052172
23	57	0.052158
12	13	0.052138
39	42	0.05205
65	70	0.051653
33	50	0.051571
78	86	0.051563
9	78	0.051381
51	89	0.051318
7	39	0.051195
85	88	0.051082
23	68	0.051065
22	73	0.051039
34	51	0.050946
43	44	0.050899
43	89	0.050797
17	87	0.050737
1	34	0.050627
1	5	0.050575
28	73	0.050305
2	44	0.0502
30	74	0.05019
3	52	0.050007
49	87	0.049978
1	6	0.049899
88	89	0.049805
20	64	0.049642
24	66	0.049611
23	84	0.049468
6	19	0.049315
36	60	0.049185
69	71	0.049073
79	85	0.048969
64	71	0.048715
8	41	0.048609
12	75	0.048464
48	69	0.048338
77	79	0.048187
43	53	0.048182
6	8	0.048145
39	41	0.048054
11	49	0.047913
59	65	0.047656
78	81	0.047623
32	66	0.047622
52	54	0.047476
65	76	0.047105
5	87	0.047006
43	80	0.046914
4	36	0.046793
68	84	0.046498
17	52	0.046497
34	35	0.046321
30	70	0.046018
18	28	0.045958
29	66	0.045882
3	36	0.045809
39	79	0.045302
6	39	0.045284
46	84	0.045198
57	65	0.045165
41	85	0.045157
33	64	0.045149
45	78	0.045148
50	88	0.045009
5	44	0.044885
11	36	0.044831
50	56	0.044797
85	87	0.044379
27	47	0.044292
27	44	0.044287
10	23	0.044274
53	66	0.04427
24	84	0.044257
33	80	0.044045
85	86	0.043982
5	67	0.043915
71	88	0.043897
12	22	0.043892
9	66	0.043791
16	23	0.043755
81	89	0.043655
31	80	0.043608
15	23	0.043471
10	72	0.043402
11	16	0.043384
22	63	0.043362
23	52	0.042801
28	89	0.042655
18	84	0.042619
23	64	0.042542
27	83	0.042526
82	87	0.04237
71	82	0.042355
50	70	0.042271
15	61	0.042253
37	40	0.042159
65	75	0.041896
26	31	0.041882
40	79	0.041879
12	62	0.041689
7	20	0.041635
3	83	0.041607
54	68	0.041453
4	9	0.041399
43	72	0.04127
60	70	0.041249
21	65	0.041139
12	26	0.040999
17	59	0.040889
30	45	0.040881
4	79	0.040862
44	86	0.040822
5	35	0.040662
22	47	0.040658
79	80	0.04065
14	69	0.04059
56	58	0.040588
38	81	0.04033
64	86	0.040283
36	42	0.040261
18	20	0.040258
61	65	0.039628
65	89	0.03945
4	34	0.039439
3	81	0.039343
26	87	0.039298
9	14	0.039249
9	16	0.039236
29	50	0.039157
29	87	0.038932
1	45	0.03892
82	83	0.038888
71	89	0.03867
54	82	0.038642
33	48	0.038531
8	78	0.038503
42	43	0.038502
13	60	0.038309
14	70	0.038255
10	75	0.038086
22	31	0.037812
34	78	0.03758
59	64	0.037528
66	81	0.037505
5	52	0.037421
8	17	0.037357
37	86	0.037354
32	81	0.037341
36	86	0.037311
14	76	0.037141
69	87	0.037101
10	20	0.03705
24	68	0.037018
80	81	0.036986
44	78	0.036963
42	64	0.036903
7	29	0.036882
63	68	0.036689
80	83	0.036679
33	68	0.036627
29	63	0.036576
29	80	0.036549
58	77	0.036428
62	74	0.036418
56	63	0.036259
16	28	0.036117
25	35	0.03611
25	38	0.036054
13	74	0.035989
38	79	0.035987
28	31	0.035853
69	77	0.035839
21	26	0.035662
8	42	0.035641
16	54	0.035619
46	81	0.035536
70	89	0.035504
3	35	0.035489
27	60	0.035455
55	68	0.035455
63	69	0.035431
17	19	0.035382
29	65	0.035294
1	71	0.035212
70	74	0.035146
21	22	0.035106
34	59	0.034974
7	34	0.03495
13	66	0.034827
59	73	0.034799
39	69	0.034712
60	74	0.034708
9	20	0.034653
77	83	0.03458
39	43	0.034474
17	70	0.034449
17	65	0.034421
40	41	0.034397
33	41	0.034203
40	87	0.034153
38	71	0.034077
21	48	0.034043
28	52	0.033762
5	8	0.033689
18	54	0.033647
30	47	0.033634
17	54	0.033558
68	73	0.033527
50	63	0.033468
22	48	0.033427
50	58	0.033411
28	56	0.033355
21	32	0.033249
35	38	0.0332
4	19	0.033195
5	19	0.033161
5	16	0.033156
4	78	0.033009
31	62	0.032981
38	55	0.032942
29	56	0.032849
76	77	0.032803
9	33	0.03278
15	70	0.032604
20	70	0.032521
20	81	0.032521
5	41	0.032449
8	79	0.032384
51	60	0.032305
11	43	0.032282
47	58	0.032268
15	24	0.03225
13	62	0.032154
25	71	0.032104
7	72	0.032054
17	76	0.032004
32	39	0.032001
83	85	0.031929
31	39	0.031907
75	81	0.031875
24	86	0.031855
22	32	0.03184
7	42	0.031768
31	85	0.031611
23	29	0.031533
48	62	0.031501
57	66	0.031474
31	63	0.031471
1	85	0.031463
66	87	0.031418
34	88	0.031373
24	82	0.031274
78	83	0.031247
42	86	0.031192
8	44	0.031146
21	87	0.031124
57	79	0.031014
30	60	0.030998
22	84	0.030919
21	47	0.030827
23	73	0.030823
79	86	0.030813
12	39	0.030777
57	69	0.030726
9	86	0.030659
4	70	0.030452
64	70	0.03044
65	71	0.030383
12	65	0.030358
20	68	0.030296
85	89	0.030134
82	86	0.030069
13	33	0.030028
49	66	0.029975
32	71	0.029897
7	68	0.029846
20	58	0.029804
64	69	0.029786
3	11	0.029768
17	34	0.029744
3	24	0.029722
3	37	0.029546
22	57	0.029504
56	70	0.029425
12	52	0.029318
1	2	0.029274
49	65	0.029224
62	66	0.029176
18	51	0.029002
14	73	0.028987
20	67	0.028892
22	27	0.028815
63	72	0.028757
54	67	0.028724
12	83	0.028686
60	77	0.028606
47	61	0.028518
6	58	0.028458
16	76	0.028415
52	87	0.028329
21	30	0.028191
1	10	0.028135
8	75	0.027889
3	8	0.027834
3	19	0.027793
57	74	0.027715
39	46	0.027692
31	66	0.027685
8	11	0.027569
71	75	0.027565
20	51	0.027552
49	60	0.027488
52	67	0.027486
67	87	0.027363
6	34	0.02735
35	37	0.027261
44	45	0.027251
33	51	0.02723
22	29	0.027204
52	69	0.027197
23	77	0.027087
15	55	0.027066
63	66	0.027033
4	38	0.02702
49	63	0.027012
46	66	0.026958
55	56	0.026901
3	31	0.026826
38	44	0.026826
6	85	0.026825
30	31	0.026742
20	39	0.026722
2	15	0.026715
45	53	0.026643
30	69	0.026594
81	88	0.026512
5	42	0.026387
14	80	0.026364
13	28	0.026358
35	88	0.026322
38	53	0.026298
21	62	0.026246
21	79	0.026234
14	29	0.02621
29	58	0.026205
7	12	0.026193
2	7	0.02617
27	35	0.026113
7	77	0.026091
23	51	0.025985
21	50	0.025892
12	25	0.025876
18	45	0.025864
27	34	0.025821
1	19	0.025819
7	17	0.025788
59	69	0.025667
2	36	0.025478
12	19	0.025413
74	78	0.025365
2	25	0.025318
36	62	0.025299
60	80	0.025256
2	64	0.025246
14	46	0.025232
18	25	0.025211
18	75	0.025132
19	29	0.025122
34	40	0.025073
23	27	0.025043
23	56	0.025
55	71	0.024997
25	66	0.024969
13	27	0.02493
83	88	0.024919
46	88	0.024901
21	89	0.024827
13	81	0.02482
31	68	0.02478
20	33	0.024699
50	52	0.024683
33	56	0.024671
14	36	0.024602
35	41	0.0246
74	77	0.024577
2	41	0.0245
10	69	0.024485
9	72	0.024468
16	50	0.024369
35	79	0.024364
61	88	0.024091
21	58	0.024059
81	83	0.024039
65	67	0.024032
20	80	0.024001
52	77	0.023939
84	87	0.023918
40	86	0.023888
21	23	0.023883
2	75	0.023882
16	25	0.023881
20	57	0.023798
11	86	0.023779
26	73	0.023677
2	42	0.023617
51	83	0.023563
11	68	0.023541
58	68	0.023529
1	36	0.023523
56	61	0.023484
28	63	0.02329
73	77	0.023287
5	7	0.023265
69	82	0.023254
23	66	0.023175
4	7	0.023107
47	60	0.023039
63	82	0.022998
10	36	0.022813
6	33	0.022764
15	25	0.022726
33	84	0.022699
44	80	0.02264
9	71	0.02262
12	82	0.022609
5	23	0.02251
34	38	0.02249
23	87	0.022435
18	66	0.022403
20	28	0.02238
49	56	0.022165
5	88	0.022097
64	82	0.021986
3	34	0.021975
10	24	0.021962
11	74	0.021877
21	86	0.021825
1	67	0.021773
28	58	0.021642
77	81	0.02163
20	76	0.021516
23	88	0.021487
68	80	0.021373
38	68	0.021353
19	32	0.021342
30	50	0.021305
20	49	0.021227
11	67	0.021192
74	76	0.020992
78	80	0.020949
19	81	0.020809
45	80	0.020797
23	49	0.020786
27	86	0.020724
50	68	0.020651
35	36	0.020616
45	72	0.020597
17	23	0.020589
69	76	0.020546
31	61	0.020545
22	81	0.020528
19	70	0.020455
40	63	0.020435
54	57	0.020418
69	89	0.020358
81	82	0.020355
8	12	0.020352
33	37	0.02033
79	89	0.02029
21	56	0.02026
47	62	0.020166
54	70	0.020096
7	38	0.020052
36	57	0.020047
30	34	0.020018
72	79	0.019997
4	16	0.019886
11	37	0.019881
60	88	0.019874
27	42	0.01982
12	29	0.019732
31	48	0.019711
13	20	0.019607
6	89	0.019588
1	41	0.019583
16	66	0.019536
10	11	0.019497
42	78	0.019459
12	59	0.01939
20	27	0.019356
21	68	0.019281
35	50	0.019274
33	78	0.019269
34	87	0.019263
48	54	0.01923
29	64	0.019081
53	54	0.01869
11	70	0.01867
3	44	0.018447
10	60	0.018444
48	64	0.018338
60	71	0.018319
33	52	0.018293
49	71	0.018195
15	40	0.018167
6	10	0.018103
38	42	0.017958
2	23	0.017947
45	55	0.017865
34	57	0.017836
49	58	0.017788
7	81	0.017781
55	64	0.017732
22	38	0.017706
11	80	0.01769
12	18	0.017687
51	80	0.017655
71	76	0.017655
40	44	0.01763
53	82	0.01758
19	71	0.017489
26	56	0.017468
2	19	0.017406
24	45	0.01732
62	89	0.01728
36	37	0.017257
14	63	0.017251
2	53	0.017167
11	13	0.017152
8	72	0.017139
19	61	0.017106
49	64	0.017001
57	71	0.016933
28	30	0.016924
11	59	0.016893
40	58	0.01689
31	33	0.016805
70	83	0.016793
39	49	0.016792
41	86	0.016714
29	39	0.016689
23	71	0.01667
72	77	0.016578
20	79	0.016564
7	11	0.016454
3	7	0.016329
16	64	0.016311
8	39	0.016294
73	85	0.016283
76	85	0.016222
17	89	0.016175
53	68	0.016106
12	23	0.016063
17	42	0.015971
42	68	0.015911
53	88	0.01589
10	83	0.015819
27	54	0.015815
29	41	0.015767
62	80	0.015752
13	52	0.015748
8	38	0.015707
45	67	0.0157
8	74	0.015622
19	72	0.01558
39	65	0.015556
4	88	0.015555
3	47	0.015523
3	64	0.01539
19	50	0.015359
31	78	0.015298
62	77	0.01524
20	48	0.015228
26	74	0.015192
20	21	0.015083
32	82	0.015056
22	68	0.01494
20	47	0.014924
21	80	0.014922
15	74	0.014876
24	69	0.014799
9	56	0.014699
55	88	0.014697
1	89	0.01457
7	41	0.014514
7	14	0.014471
2	8	0.014464
58	61	0.014445
21	37	0.01439
47	85	0.014365
84	88	0.014363
37	81	0.014333
11	55	0.014307
16	56	0.01429
6	38	0.014285
62	72	0.014219
49	57	0.014205
48	53	0.014149
46	85	0.013995
8	59	0.01398
72	88	0.01393
72	76	0.013912
23	61	0.013896
39	78	0.013886
19	46	0.013858
6	77	0.013857
56	62	0.013846
10	65	0.01383
8	73	0.013829
1	47	0.013825
6	63	0.013795
21	31	0.013733
8	36	0.013671
12	80	0.013603
40	64	0.013523
16	85	0.013521
24	62	0.013508
82	88	0.013478
73	87	0.013413
26	63	0.01341
48	73	0.013402
20	29	0.013369
20	88	0.013362
2	34	0.013359
11	19	0.013322
14	17	0.013254
19	49	0.013254
10	17	0.013237
51	73	0.013191
31	57	0.013175
20	61	0.012991
24	70	0.012942
63	75	0.012933
49	67	0.012923
3	85	0.012911
54	73	0.012816
21	81	0.012761
22	30	0.012656
24	26	0.012622
9	24	0.012616
21	41	0.012613
33	59	0.012587
56	87	0.012576
36	82	0.012573
20	34	0.012533
8	60	0.012444
19	36	0.01236
41	49	0.012331
53	71	0.012285
17	67	0.012269
57	84	0.012238
16	77	0.012215
30	42	0.012199
10	28	0.0121
41	45	0.012026
11	79	0.012023
84	85	0.01201
25	43	0.011961
7	49	0.011876
51	62	0.011857
17	51	0.011805
63	64	0.011782
11	65	0.011779
51	58	0.011771
45	57	0.011766
3	33	0.011748
8	48	0.011736
30	53	0.011721
51	54	0.011633
11	48	0.011598
55	63	0.011561
28	59	0.011504
1	61	0.011491
1	8	0.011473
2	10	0.011457
24	73	0.011447
1	75	0.011421
58	67	0.01142
54	62	0.011409
8	30	0.011365
34	61	0.011296
76	78	0.011293
26	69	0.011229
47	80	0.011184
62	67	0.011161
32	55	0.011141
24	89	0.011113
39	66	0.011102
46	47	0.011053
1	7	0.011049
42	85	0.010991
50	65	0.010955
12	69	0.010924
38	80	0.010904
32	88	0.010803
55	66	0.010795
60	66	0.010777
1	17	0.010775
22	89	0.010743
8	35	0.010735
58	66	0.010687
22	70	0.010671
7	89	0.010591
75	89	0.010564
6	37	0.010553
55	83	0.010534
49	54	0.010506
61	66	0.010492
20	42	0.010478
26	61	0.010452
19	39	0.01045
36	51	0.010425
74	81	0.010423
15	47	0.01041
28	32	0.010396
43	79	0.010353
61	80	0.010327
50	60	0.010299
11	29	0.010283
13	26	0.010276
4	11	0.010245
24	33	0.010236
36	79	0.010218
44	89	0.01013
26	51	0.010118
14	34	0.010109
46	73	0.010089
24	30	0.010075
8	32	0.010073
1	73	0.010058
39	50	0.010058
18	35	0.01004
20	78	0.009934
31	46	0.009914
55	86	0.009868
12	63	0.009864
33	35	0.009804
22	87	0.009784
76	81	0.00975
37	80	0.009694
23	62	0.009689
52	84	0.009627
12	77	0.009461
27	75	0.009371
35	81	0.009242
61	76	0.009222
16	75	0.00918
68	76	0.009153
14	58	0.00915
14	88	0.009149
47	50	0.009073
20	63	0.009034
9	61	0.009013
8	77	0.008977
18	65	0.008941
13	80	0.00893
32	49	0.00891
27	74	0.008884
20	31	0.008881
78	87	0.008815
7	9	0.008785
19	82	0.008784
1	24	0.008774
37	87	0.008772
9	59	0.008745
19	62	0.008744
2	18	0.008723
18	33	0.008693
63	88	0.008692
67	86	0.008688
21	35	0.008685
32	62	0.008552
56	68	0.008522
38	65	0.008501
5	34	0.008489
20	46	0.008481
14	81	0.008464
6	70	0.00844
24	87	0.008425
2	40	0.008418
9	13	0.008411
12	54	0.008305
6	40	0.008279
8	71	0.00827
21	69	0.008263
53	60	0.008173
46	55	0.008172
49	72	0.008091
59	80	0.008055
18	49	0.007993
9	73	0.007983
3	79	0.007928
9	85	0.007827
54	59	0.007818
8	13	0.007797
52	82	0.007783
14	89	0.007764
12	21	0.007665
30	54	0.007631
25	56	0.007566
32	84	0.007542
40	74	0.007536
42	59	0.007528
15	19	0.007459
41	77	0.007427
31	83	0.007401
40	70	0.007372
20	32	0.007357
25	87	0.007325
52	56	0.007325
40	78	0.007288
7	60	0.007266
59	63	0.00725
2	67	0.007121
44	85	0.00704
8	15	0.007016
11	18	0.007003
37	45	0.006876
3	42	0.006867
14	55	0.006864
40	83	0.006858
14	15	0.006835
3	55	0.006798
27	45	0.006786
21	85	0.006768
21	42	0.006723
38	52	0.006704
35	53	0.006689
16	49	0.006688
62	73	0.006676
59	89	0.006663
78	88	0.006631
62	81	0.006618
61	79	0.006598
56	89	0.006522
2	5	0.006436
59	67	0.006429
25	30	0.006412
56	60	0.006403
22	26	0.006396
30	64	0.006369
48	81	0.006324
12	30	0.006306
36	61	0.006277
40	71	0.006221
19	21	0.006219
9	17	0.006189
29	51	0.006183
83	87	0.006168
19	77	0.006075
13	83	0.005991
52	86	0.005935
61	64	0.005905
19	76	0.005893
21	59	0.005858
16	55	0.005852
63	65	0.005744
13	61	0.005741
12	64	0.00567
31	76	0.005625
3	10	0.005537
65	88	0.00549
48	76	0.005477
13	44	0.005401
6	86	0.005354
11	76	0.005352
12	55	0.005334
56	67	0.005242
18	76	0.005241
32	37	0.005235
45	84	0.005172
47	63	0.005122
42	87	0.005121
19	74	0.005048
78	82	0.004991
20	77	0.004879
48	61	0.004853
48	70	0.004847
62	79	0.00481
22	33	0.004721
32	40	0.00472
55	61	0.004712
28	60	0.004684
44	46	0.00466
48	74	0.004618
66	84	0.004582
45	70	0.004571
43	59	0.004554
5	83	0.004535
34	65	0.004529
21	28	0.004522
22	50	0.004522
35	89	0.004522
32	85	0.004512
18	32	0.004492
54	88	0.004458
30	67	0.004443
40	52	0.004433
3	21	0.004417
45	56	0.004412
4	83	0.004411
8	85	0.004406
41	54	0.004302
65	79	0.004299
5	39	0.004234
10	26	0.004232
31	65	0.0042
60	89	0.004179
10	56	0.004156
6	62	0.004121
14	56	0.004099
10	30	0.004057
26	65	0.004029
12	60	0.003956
32	79	0.003909
28	70	0.003886
44	83	0.00376
7	13	0.003759
58	64	0.00371
12	42	0.003696
26	33	0.003686
22	82	0.003677
12	24	0.003665
21	40	0.003607
37	59	0.003603
22	64	0.003574
66	86	0.003574
3	80	0.003552
13	19	0.00355
29	54	0.003521
37	50	0.003363
26	62	0.00333
12	73	0.003233
36	64	0.003228
19	28	0.003215
72	75	0.003194
21	60	0.00319
42	82	0.003124
50	80	0.002985
24	71	0.002962
6	72	0.002953
60	64	0.002891
25	45	0.002751
38	85	0.002727
43	66	0.002717
21	55	0.002689
5	77	0.002682
54	61	0.002658
45	89	0.002648
12	56	0.002631
43	52	0.002614
58	60	0.002611
15	69	0.002591
17	30	0.002552
56	82	0.002529
47	55	0.002523
4	14	0.002312
27	55	0.002271
14	20	0.002261
7	74	0.002245
9	47	0.002227
28	46	0.002149
28	35	0.002137
26	71	0.002122
32	83	0.002077
50	86	0.002011
32	48	0.00201
35	85	0.001984
55	89	0.001948
70	88	0.001947
19	84	0.001884
62	85	0.001877
45	82	0.001844
13	23	0.001835
60	63	0.001828
37	89	0.001801
79	83	0.001796
19	75	0.001781
53	70	0.001751
12	16	0.001727
43	68	0.001714
53	56	0.001703
19	30	0.001684
56	75	0.001682
19	48	0.001681
19	51	0.001647
28	62	0.001629
24	63	0.001603
6	35	0.001464
62	75	0.001418
63	77	0.001411
11	73	0.001405
56	72	0.001401
41	62	0.001382
28	49	0.001347
13	88	0.001302
20	38	0.001271
26	32	0.00125
15	64	0.001238
13	42	0.001214
54	60	0.001164
74	83	0.001133
6	78	0.001124
10	54	0.001123
41	82	0.001102
8	14	0.001084
7	36	0.001066
21	70	0.001044
45	54	0.001011
2	54	0.000999
32	67	0.000973
24	65	0.000924
9	29	0.000882
27	80	0.000872
64	85	0.00081
9	62	0.000807
55	58	0.000741
64	68	0.000732
11	20	0.000685
20	89	0.000644
79	82	0.000631
42	62	0.00061
34	69	0.000586
70	71	0.000512
47	83	0.000509
19	64	0.000506
8	29	0.000503
30	77	0.000489
7	47	0.000469
77	85	0.000445
4	33	0.000441
14	59	0.000357
5	26	0.000326
3	22	0.000316
1	60	0.00028
15	54	0.000239
31	70	0.000238
32	56	0.000213
46	72	0.000153
29	60	0.000124
19	27	0.000102
31	59	9.8e-05
7	16	7.5e-05
24	58	-3.5e-05
13	55	-7.8e-05
54	64	-8.1e-05
24	38	-0.000111
6	30	-0.000117
52	70	-0.000281
8	33	-0.000294
33	79	-0.000303
1	63	-0.000342
14	75	-0.000365
35	54	-0.000405
26	72	-0.000409
36	85	-0.000464
12	66	-0.000468
13	58	-0.000497
18	64	-0.000514
29	79	-0.000515
8	47	-0.000521
2	77	-0.000522
6	82	-0.000556
13	77	-0.000571
28	76	-0.000588
14	19	-0.000622
58	73	-0.000737
23	42	-0.000741
57	89	-0.000763
34	85	-0.000786
1	64	-0.000803
9	49	-0.000803
35	55	-0.000829
20	75	-0.000837
26	68	-0.000866
35	78	-0.000879
7	48	-0.00089
66	73	-0.000924
37	47	-0.000925
44	73	-0.000946
23	58	-0.000994
75	86	-0.001025
6	17	-0.001062
9	83	-0.001067
21	51	-0.001069
43	83	-0.001093
32	41	-0.001119
38	39	-0.001122
47	76	-0.001125
70	85	-0.00113
8	80	-0.001136
36	70	-0.001149
12	85	-0.001185
77	84	-0.001191
33	67	-0.001207
19	57	-0.001219
1	48	-0.00123
10	35	-0.00123
8	31	-0.001268
51	74	-0.001298
31	37	-0.00131
36	77	-0.001342
10	88	-0.001363
46	77	-0.001379
56	59	-0.00138
17	62	-0.001421
46	87	-0.001513
61	63	-0.001578
68	88	-0.001581
1	15	-0.001693
14	47	-0.001724
50	72	-0.001737
15	85	-0.001744
8	46	-0.001901
40	66	-0.001935
53	69	-0.001985
53	86	-0.002016
44	64	-0.002039
28	80	-0.002084
16	27	-0.002095
21	54	-0.002097
80	89	-0.002119
15	68	-0.002129
59	83	-0.002132
15	76	-0.002136
22	76	-0.002168
47	49	-0.002181
24	59	-0.002192
17	27	-0.002202
48	52	-0.002216
12	14	-0.002219
18	30	-0.002239
24	76	-0.002273
19	73	-0.002289
43	55	-0.002308
19	47	-0.002334
23	60	-0.00235
58	65	-0.002425
59	85	-0.002463
2	21	-0.00249
19	60	-0.002493
50	62	-0.002574
7	59	-0.002611
35	56	-0.002633
7	80	-0.002651
50	85	-0.002652
19	31	-0.002658
16	53	-0.002671
49	81	-0.002672
37	73	-0.002712
27	62	-0.002716
37	61	-0.002733
33	42	-0.002734
42	77	-0.00275
60	85	-0.002785
7	76	-0.002829
9	35	-0.002835
49	69	-0.002836
10	89	-0.002842
7	58	-0.002843
11	12	-0.002843
9	38	-0.002861
6	16	-0.002869
15	78	-0.002922
19	40	-0.002922
35	59	-0.002938
22	83	-0.002953
55	62	-0.002967
33	86	-0.002994
15	66	-0.002998
11	85	-0.003025
33	63	-0.003045
20	60	-0.003152
7	45	-0.003171
18	87	-0.003204
37	46	-0.003214
24	27	-0.003215
54	75	-0.003234
55	59	-0.003234
39	48	-0.003256
6	80	-0.003285
40	81	-0.003336
8	61	-0.003363
2	55	-0.003385
28	40	-0.003395
15	67	-0.003398
21	25	-0.003408
18	88	-0.003412
20	74	-0.003414
2	43	-0.003416
57	81	-0.003418
24	28	-0.00354
6	11	-0.003588
8	40	-0.003621
52	55	-0.003631
72	78	-0.003706
50	76	-0.003713
28	42	-0.003721
9	27	-0.00373
29	44	-0.003765
46	83	-0.003778
4	40	-0.003829
52	66	-0.00388
36	50	-0.003936
46	50	-0.003987
56	84	-0.004001
17	46	-0.004009
16	84	-0.004029
1	37	-0.004169
22	79	-0.004222
2	69	-0.004267
8	21	-0.004278
7	55	-0.00432
31	45	-0.004322
55	75	-0.004325
47	65	-0.004326
18	26	-0.00443
41	51	-0.004464
29	55	-0.004467
25	62	-0.004515
9	37	-0.004517
31	55	-0.004535
26	29	-0.004564
66	74	-0.004589
36	83	-0.004604
2	24	-0.004643
28	86	-0.004643
34	48	-0.004645
11	88	-0.004649
46	56	-0.004659
55	76	-0.004677
77	86	-0.00468
20	43	-0.004736
1	16	-0.004751
8	49	-0.004777
27	89	-0.004779
56	74	-0.004791
21	63	-0.004824
39	54	-0.004838
4	73	-0.004846
27	61	-0.004863
32	75	-0.0049
31	49	-0.004926
16	19	-0.004965
14	77	-0.00497
40	53	-0.004984
64	74	-0.005007
26	40	-0.00501
25	57	-0.005029
6	28	-0.005063
26	84	-0.005076
54	55	-0.005089
51	67	-0.005095
23	76	-0.00521
10	21	-0.005214
12	35	-0.005289
31	40	-0.005294
61	83	-0.005303
20	72	-0.005308
10	19	-0.005318
47	56	-0.005345
54	86	-0.00538
13	46	-0.005444
51	55	-0.005457
65	82	-0.005495
2	56	-0.005505
13	63	-0.005514
55	65	-0.005545
26	46	-0.005549
15	22	-0.005561
26	55	-0.005585
35	69	-0.005627
11	46	-0.005655
84	89	-0.005695
30	52	-0.005743
46	82	-0.005746
6	81	-0.005755
75	83	-0.005774
25	29	-0.005786
14	54	-0.005812
9	63	-0.005837
6	29	-0.005872
17	21	-0.005881
17	71	-0.005912
43	87	-0.005935
43	74	-0.005981
31	52	-0.006032
17	55	-0.006077
11	28	-0.006188
65	73	-0.006194
36	89	-0.006249
18	46	-0.006285
54	72	-0.006287
28	33	-0.006391
65	69	-0.006422
2	70	-0.00645
33	69	-0.006458
15	62	-0.006459
19	88	-0.006459
41	70	-0.006632
26	36	-0.006636
32	54	-0.006638
6	76	-0.006648
73	83	-0.006706
13	54	-0.006713
19	89	-0.006717
20	62	-0.00672
43	75	-0.006723
26	70	-0.006726
22	45	-0.006799
45	47	-0.006807
9	21	-0.00681
5	55	-0.006819
40	88	-0.006851
32	78	-0.006854
12	57	-0.006862
22	35	-0.006905
10	48	-0.006916
23	43	-0.006937
13	43	-0.006955
73	74	-0.006968
54	56	-0.006986
1	20	-0.007016
75	87	-0.007043
46	54	-0.007066
5	11	-0.007069
29	89	-0.007073
7	30	-0.007075
2	83	-0.007095
10	52	-0.007133
30	76	-0.007139
19	35	-0.007148
6	50	-0.007176
71	81	-0.007189
10	55	-0.007212
24	61	-0.007266
29	78	-0.007325
15	41	-0.007343
46	71	-0.007354
4	13	-0.00736
37	51	-0.007369
25	55	-0.007383
16	81	-0.007439
12	53	-0.00744
4	64	-0.007455
13	24	-0.007466
14	22	-0.007473
55	74	-0.007481
3	54	-0.007528
4	72	-0.007536
9	15	-0.007539
7	40	-0.007584
58	69	-0.007596
29	32	-0.007654
23	69	-0.007656
51	72	-0.007743
64	88	-0.007768
43	61	-0.00778
53	65	-0.007817
2	38	-0.007818
77	82	-0.007825
6	48	-0.0079
7	88	-0.007901
69	74	-0.007923
52	71	-0.008039
53	87	-0.008073
15	28	-0.00808
2	37	-0.008135
29	37	-0.008153
5	79	-0.008155
4	65	-0.008165
3	67	-0.008171
67	77	-0.008185
18	71	-0.008194
34	86	-0.008199
10	84	-0.008226
54	71	-0.008249
53	76	-0.00826
5	66	-0.00827
12	78	-0.008271
31	32	-0.008287
44	59	-0.008292
10	78	-0.008306
74	75	-0.008329
25	60	-0.008412
36	81	-0.008422
48	56	-0.008441
7	15	-0.00847
20	30	-0.008476
10	67	-0.008484
45	51	-0.008489
31	60	-0.0085
40	67	-0.0085
38	67	-0.008541
37	64	-0.008585
55	57	-0.008597
53	61	-0.008609
24	74	-0.008612
31	54	-0.008675
7	82	-0.008684
8	54	-0.008684
29	47	-0.008687
8	55	-0.008704
25	49	-0.008735
21	27	-0.008742
10	15	-0.008777
7	63	-0.00883
6	51	-0.008837
67	75	-0.008855
55	60	-0.008859
5	54	-0.008864
71	83	-0.008867
48	85	-0.00888
27	28	-0.008909
71	78	-0.008913
40	75	-0.00894
64	79	-0.008996
54	76	-0.008998
3	82	-0.009006
48	75	-0.009018
7	75	-0.009029
54	74	-0.009057
6	59	-0.00906
65	85	-0.009091
25	48	-0.0091
19	55	-0.009116
4	63	-0.009128
19	54	-0.00913
55	69	-0.009138
13	34	-0.009146
2	11	-0.00915
3	46	-0.009174
13	59	-0.009188
21	88	-0.009188
33	54	-0.009205
7	32	-0.009228
26	47	-0.009278
30	56	-0.009311
84	86	-0.009332
54	87	-0.009367
57	78	-0.009375
6	47	-0.009388
45	52	-0.00943
16	24	-0.009448
65	86	-0.00945
28	71	-0.009466
31	56	-0.009471
4	22	-0.009526
14	78	-0.009541
22	55	-0.00958
2	16	-0.009583
17	22	-0.009603
82	89	-0.009653
61	69	-0.009696
27	71	-0.009716
13	17	-0.00973
79	87	-0.009771
74	79	-0.009815
13	57	-0.009835
17	33	-0.009852
5	75	-0.009869
75	79	-0.009879
8	10	-0.00993
38	51	-0.009937
71	77	-0.009978
7	87	-0.010072
7	31	-0.010088
24	47	-0.010119
15	82	-0.010133
27	58	-0.010159
42	57	-0.010168
3	75	-0.010179
19	56	-0.010183
10	57	-0.010248
22	60	-0.010264
32	43	-0.010279
12	37	-0.010282
13	45	-0.010286
57	61	-0.010297
49	51	-0.01032
77	80	-0.01032
18	57	-0.010322
21	78	-0.010326
4	43	-0.010341
34	46	-0.010359
52	64	-0.010362
4	12	-0.010369
14	40	-0.010369
51	52	-0.010397
7	33	-0.010417
18	58	-0.01045
42	47	-0.01048
6	9	-0.01059
34	47	-0.010611
7	71	-0.01067
32	35	-0.01067
8	57	-0.010685
52	57	-0.010685
21	66	-0.010719
37	60	-0.010752
27	33	-0.010753
9	41	-0.010758
28	79	-0.010758
56	69	-0.010768
10	47	-0.010782
39	44	-0.01079
8	56	-0.010795
18	73	-0.010804
31	36	-0.010809
47	66	-0.010828
20	59	-0.010836
8	9	-0.010879
10	25	-0.010889
61	68	-0.010897
11	34	-0.010901
41	57	-0.010928
37	49	-0.010942
19	38	-0.010991
26	67	-0.01101
7	61	-0.011017
3	53	-0.011039
8	43	-0.011039
43	46	-0.011043
34	60	-0.01108
28	44	-0.011087
48	49	-0.011092
51	82	-0.011134
23	86	-0.011241
11	81	-0.011266
16	33	-0.011299
24	54	-0.011338
12	76	-0.011394
57	82	-0.01145
5	56	-0.01147
21	38	-0.011474
8	51	-0.011478
18	62	-0.011484
35	65	-0.011491
8	28	-0.011528
38	56	-0.011546
57	75	-0.011555
17	72	-0.011594
41	87	-0.011605
43	56	-0.011612
80	85	-0.011621
66	77	-0.011658
15	56	-0.011667
51	57	-0.011672
24	43	-0.011694
17	85	-0.011701
19	43	-0.011723
9	60	-0.011801
29	69	-0.011805
28	37	-0.011842
40	47	-0.011863
50	54	-0.011867
76	83	-0.011953
10	43	-0.011954
6	43	-0.011994
7	73	-0.012005
8	88	-0.012032
36	58	-0.012083
6	14	-0.012112
9	52	-0.012132
48	83	-0.012147
48	86	-0.012194
24	77	-0.012208
16	48	-0.012237
32	52	-0.012243
10	18	-0.012262
7	54	-0.012273
10	58	-0.012367
38	59	-0.012369
72	80	-0.012392
62	86	-0.012461
32	89	-0.012477
5	12	-0.012478
65	78	-0.012487
18	29	-0.012503
9	46	-0.012514
17	32	-0.01254
37	55	-0.012544
41	64	-0.01257
17	56	-0.012577
19	65	-0.012581
9	42	-0.012603
35	71	-0.01261
22	85	-0.012614
57	59	-0.012632
41	59	-0.01271
44	50	-0.012736
21	84	-0.012738
30	55	-0.012761
34	89	-0.012766
9	54	-0.012793
11	41	-0.012805
2	66	-0.012812
14	45	-0.012829
37	54	-0.012905
27	70	-0.012917
58	74	-0.012933
24	48	-0.012956
4	32	-0.01303
24	35	-0.013076
51	79	-0.013082
30	39	-0.0131
13	56	-0.013103
11	30	-0.013115
48	58	-0.013136
15	36	-0.013156
70	81	-0.01316
15	65	-0.013169
49	55	-0.013174
30	37	-0.013187
51	88	-0.013189
9	19	-0.01321
15	57	-0.013212
34	49	-0.013215
17	75	-0.013245
42	63	-0.01327
19	59	-0.013312
67	70	-0.013321
28	67	-0.013324
34	77	-0.013363
13	16	-0.013375
27	88	-0.013376
13	25	-0.013392
29	86	-0.013394
40	62	-0.013394
41	55	-0.013408
26	80	-0.013474
11	56	-0.013481
65	83	-0.013485
83	89	-0.013488
47	54	-0.013517
8	62	-0.013554
25	78	-0.013566
9	34	-0.013614
56	71	-0.013634
9	69	-0.013665
30	85	-0.013684
9	31	-0.013692
6	21	-0.013697
48	57	-0.013713
11	84	-0.013778
62	64	-0.01383
45	64	-0.013831
4	27	-0.013833
62	83	-0.01386
3	9	-0.013883
49	86	-0.013909
32	60	-0.013925
42	50	-0.01393
86	88	-0.01393
33	55	-0.013939
60	67	-0.013965
18	48	-0.013987
30	51	-0.014041
49	75	-0.014051
46	80	-0.014139
11	50	-0.014188
56	81	-0.014191
24	56	-0.014201
2	52	-0.014205
17	26	-0.014222
64	78	-0.014228
9	79	-0.014237
50	55	-0.014244
1	39	-0.014262
14	31	-0.014295
54	89	-0.014324
4	77	-0.014337
2	85	-0.014344
19	87	-0.014352
15	59	-0.01438
8	89	-0.014492
47	59	-0.01456
48	67	-0.014573
33	73	-0.014576
12	81	-0.01458
75	84	-0.014588
50	77	-0.014619
75	78	-0.014638
7	10	-0.014675
21	74	-0.014689
56	86	-0.014709
60	83	-0.014721
7	56	-0.014727
9	22	-0.014742
7	21	-0.014754
2	47	-0.014758
42	73	-0.014802
27	37	-0.014811
3	23	-0.014813
29	67	-0.014846
37	68	-0.014938
37	57	-0.01494
18	27	-0.014986
26	75	-0.015029
24	50	-0.015035
6	57	-0.015047
55	72	-0.015048
8	76	-0.015115
1	11	-0.015133
31	73	-0.015155
23	45	-0.0152
36	55	-0.015219
39	56	-0.015223
10	16	-0.015232
6	65	-0.015245
24	57	-0.015253
75	85	-0.015267
42	48	-0.015285
7	85	-0.015301
8	45	-0.015351
22	34	-0.015372
34	36	-0.015386
37	56	-0.015389
31	34	-0.015402
7	64	-0.015409
33	65	-0.015417
22	86	-0.015451
4	29	-0.015475
63	74	-0.015493
54	58	-0.015496
13	39	-0.015498
52	63	-0.015502
60	68	-0.015504
19	58	-0.015509
34	62	-0.015535
12	27	-0.015557
1	9	-0.015566
20	55	-0.015608
26	82	-0.015609
17	36	-0.015611
51	59	-0.015618
13	37	-0.015695
11	54	-0.015718
37	74	-0.015744
17	60	-0.015759
1	26	-0.015788
25	76	-0.015788
10	41	-0.015827
41	88	-0.015877
4	48	-0.015906
49	78	-0.015951
23	54	-0.015987
38	64	-0.015992
11	60	-0.016023
44	49	-0.016027
48	79	-0.016031
4	47	-0.016036
11	53	-0.016049
18	74	-0.016111
48	55	-0.016127
30	66	-0.016131
22	46	-0.016149
71	85	-0.016154
36	54	-0.016177
13	69	-0.016191
36	78	-0.016193
2	78	-0.016203
58	82	-0.016225
41	56	-0.016263
37	76	-0.016272
24	75	-0.01629
32	74	-0.016299
10	73	-0.016303
64	76	-0.016348
6	31	-0.016376
5	80	-0.016377
56	77	-0.016383
12	61	-0.016402
39	47	-0.016412
42	65	-0.016421
16	37	-0.016423
24	29	-0.016447
48	89	-0.016451
82	85	-0.016456
27	63	-0.016474
27	41	-0.016505
8	70	-0.016513
3	78	-0.01652
14	26	-0.016523
11	82	-0.016528
35	61	-0.016557
51	76	-0.016565
20	73	-0.01659
23	26	-0.016655
27	52	-0.016682
53	72	-0.016756
4	58	-0.016806
8	27	-0.01681
26	85	-0.016824
23	28	-0.016827
8	16	-0.016843
56	76	-0.016844
21	33	-0.016876
26	81	-0.01688
46	59	-0.016881
12	20	-0.016893
55	80	-0.016903
20	54	-0.016919
24	31	-0.016969
14	61	-0.017
54	66	-0.017015
26	49	-0.017034
1	76	-0.017067
28	55	-0.017074
4	17	-0.017131
66	72	-0.017131
27	77	-0.01717
22	72	-0.017209
51	86	-0.017224
3	56	-0.017233
21	24	-0.017287
15	52	-0.017326
9	48	-0.017334
47	69	-0.01738
73	82	-0.01738
51	66	-0.017385
69	73	-0.017395
1	46	-0.017424
74	85	-0.017425
45	65	-0.01744
51	65	-0.01744
50	59	-0.017467
54	84	-0.017468
55	84	-0.01751
22	59	-0.017515
46	48	-0.017522
9	32	-0.017562
26	76	-0.017567
7	70	-0.017569
26	27	-0.017606
28	54	-0.017611
4	86	-0.017612
23	65	-0.017615
52	61	-0.017618
15	31	-0.01762
55	85	-0.017737
66	71	-0.017759
55	82	-0.01777
17	48	-0.017778
10	33	-0.017785
13	78	-0.017804
6	55	-0.017822
20	56	-0.017839
27	67	-0.017871
15	80	-0.017886
37	48	-0.017946
17	35	-0.017967
8	50	-0.018001
36	52	-0.01804
54	65	-0.018049
25	73	-0.018051
12	34	-0.018053
28	64	-0.018057
1	51	-0.018062
36	68	-0.018075
14	21	-0.018139
44	74	-0.01819
24	72	-0.01828
22	74	-0.018293
7	50	-0.018302
6	64	-0.018305
64	65	-0.018306
5	58	-0.018309
12	58	-0.018317
48	63	-0.018377
28	88	-0.01843
31	89	-0.018436
34	63	-0.018466
9	58	-0.018467
55	70	-0.018473
47	77	-0.01849
23	75	-0.018501
38	54	-0.018535
35	66	-0.018549
70	75	-0.018555
55	77	-0.018711
48	80	-0.018718
4	39	-0.018738
29	72	-0.018743
6	54	-0.018755
30	44	-0.018791
4	30	-0.018824
5	33	-0.018825
11	22	-0.018858
34	82	-0.018889
71	80	-0.018924
47	57	-0.018934
62	69	-0.018936
60	78	-0.018979
19	37	-0.018982
8	64	-0.019017
76	88	-0.019022
15	44	-0.019048
47	52	-0.019097
54	83	-0.019118
51	69	-0.019172
68	85	-0.019232
55	81	-0.019234
32	42	-0.019237
25	63	-0.019247
1	55	-0.01928
19	41	-0.019286
19	85	-0.019294
7	62	-0.019304
33	85	-0.019353
16	89	-0.019361
48	78	-0.019387
63	83	-0.019416
53	78	-0.019453
20	36	-0.019505
10	63	-0.019551
66	69	-0.019572
41	84	-0.019578
31	51	-0.019581
7	46	-0.019595
5	37	-0.019643
12	68	-0.019676
22	56	-0.019696
17	57	-0.019701
42	55	-0.019706
18	56	-0.019732
51	53	-0.019751
22	52	-0.019799
76	79	-0.019821
36	38	-0.019825
15	50	-0.01983
33	74	-0.019842
16	51	-0.019847
42	71	-0.019851
16	83	-0.019891
63	73	-0.019917
74	89	-0.019921
33	43	-0.019929
43	54	-0.019948
52	80	-0.019953
66	75	-0.019996
13	53	-0.020006
27	56	-0.020021
7	51	-0.020029
48	72	-0.020042
41	76	-0.02006
26	58	-0.020066
60	87	-0.020068
44	55	-0.020136
67	72	-0.020149
46	58	-0.020164
7	65	-0.020169
19	80	-0.020179
11	89	-0.020208
45	83	-0.020208
14	24	-0.020209
59	79	-0.020216
31	69	-0.020227
49	83	-0.020234
27	85	-0.020256
37	82	-0.020259
14	79	-0.020264
53	75	-0.020273
36	56	-0.020288
34	45	-0.02029
59	70	-0.020327
19	20	-0.020374
11	87	-0.020378
26	83	-0.020382
39	71	-0.020419
76	82	-0.020524
56	85	-0.020529
36	87	-0.02053
42	72	-0.020547
70	77	-0.020596
66	83	-0.020662
27	76	-0.020689
34	55	-0.02069
6	56	-0.020716
30	57	-0.020726
47	78	-0.020769
29	61	-0.020771
46	67	-0.020775
34	84	-0.020836
29	75	-0.02084
33	77	-0.020857
53	89	-0.020857
56	80	-0.020857
4	55	-0.020929
37	75	-0.020934
3	28	-0.020947
19	22	-0.020986
14	32	-0.020991
25	32	-0.021075
23	72	-0.021165
22	54	-0.02118
62	76	-0.021223
50	83	-0.021225
47	82	-0.021234
45	75	-0.021237
9	26	-0.021307
22	25	-0.021308
25	75	-0.021315
56	73	-0.021315
69	84	-0.021324
44	65	-0.021337
33	49	-0.021363
15	32	-0.021368
19	69	-0.021403
45	79	-0.021436
15	27	-0.021442
16	36	-0.021442
44	54	-0.021455
15	81	-0.021475
48	60	-0.021502
14	39	-0.021506
10	27	-0.021633
5	85	-0.021699
19	24	-0.021711
2	9	-0.021718
49	73	-0.021736
15	29	-0.021743
55	79	-0.021766
40	72	-0.021789
17	58	-0.021819
10	49	-0.021854
34	54	-0.021894
42	54	-0.021894
25	70	-0.021897
56	83	-0.021922
7	57	-0.021939
37	72	-0.021956
17	63	-0.022006
40	46	-0.022034
7	84	-0.022035
22	71	-0.022039
67	76	-0.022079
8	24	-0.022091
8	68	-0.022099
4	20	-0.022113
1	78	-0.022121
8	82	-0.022136
69	83	-0.022137
28	48	-0.022147
9	64	-0.022161
54	77	-0.022193
1	44	-0.022194
26	66	-0.022205
20	84	-0.022217
29	38	-0.02229
19	63	-0.022311
16	46	-0.022334
6	88	-0.022346
27	82	-0.02235
41	73	-0.022387
44	58	-0.022404
54	85	-0.022411
54	79	-0.022421
50	81	-0.022427
46	52	-0.022457
69	72	-0.022464
25	46	-0.022493
25	36	-0.0225
32	69	-0.022525
68	78	-0.022529
20	45	-0.022537
2	73	-0.022571
10	82	-0.022665
15	37	-0.022684
3	26	-0.0227
1	12	-0.022738
51	56	-0.022741
2	57	-0.022746
10	46	-0.022749
46	62	-0.022769
22	88	-0.022792
22	28	-0.022796
59	81	-0.022803
20	82	-0.022822
19	25	-0.022823
54	78	-0.022833
21	83	-0.022854
7	27	-0.022893
25	39	-0.022898
25	68	-0.022901
17	20	-0.022935
42	70	-0.02294
39	53	-0.022964
9	81	-0.023001
32	59	-0.023005
34	56	-0.023031
7	37	-0.023032
59	77	-0.023041
58	78	-0.023047
11	24	-0.023053
11	44	-0.023087
6	49	-0.023097
28	66	-0.023173
2	79	-0.023229
18	70	-0.023232
43	71	-0.023248
81	86	-0.023256
6	12	-0.023257
54	81	-0.023296
3	49	-0.023298
26	34	-0.023301
33	76	-0.023325
16	67	-0.023352
30	33	-0.023393
18	50	-0.023407
19	26	-0.023433
71	79	-0.02344
7	24	-0.023453
4	59	-0.023507
44	62	-0.023519
8	63	-0.023533
63	71	-0.02358
65	80	-0.02362
30	75	-0.023626
47	64	-0.023649
16	41	-0.023657
55	73	-0.023657
74	87	-0.023667
10	32	-0.023699
37	62	-0.023707
21	46	-0.023785
54	80	-0.023797
33	47	-0.023829
13	30	-0.023845
9	28	-0.023869
40	57	-0.02392
75	77	-0.023939
19	23	-0.02396
23	83	-0.023985
45	76	-0.024016
28	83	-0.024018
58	83	-0.024044
48	65	-0.024086
3	51	-0.024099
23	89	-0.024116
26	57	-0.024119
8	58	-0.024129
4	54	-0.024142
79	88	-0.024146
36	66	-0.024205
18	59	-0.024214
17	39	-0.024224
20	66	-0.024236
4	56	-0.024243
66	68	-0.024245
57	72	-0.024302
3	40	-0.024313
15	79	-0.024342
22	23	-0.024353
14	85	-0.024355
52	76	-0.024404
40	61	-0.024408
6	75	-0.024409
21	72	-0.024426
53	83	-0.024436
36	72	-0.024472
9	68	-0.024505
57	80	-0.024553
42	56	-0.024555
11	14	-0.024558
8	25	-0.024584
78	89	-0.024584
2	59	-0.024598
3	13	-0.02462
43	85	-0.02462
22	53	-0.024631
69	81	-0.02464
66	78	-0.024647
42	58	-0.024657
34	39	-0.024673
44	56	-0.024685
52	65	-0.024706
14	62	-0.024726
8	22	-0.024728
23	59	-0.02473
28	41	-0.024742
34	74	-0.0248
29	88	-0.024842
21	73	-0.024939
77	87	-0.02495
44	57	-0.024952
3	27	-0.024966
12	88	-0.024979
29	53	-0.02503
49	79	-0.02503
6	32	-0.025035
10	86	-0.025038
52	60	-0.025042
20	85	-0.025044
46	89	-0.025064
25	59	-0.025071
55	78	-0.025071
1	57	-0.025082
3	66	-0.025095
67	88	-0.025129
15	89	-0.025188
48	66	-0.025208
16	62	-0.025213
46	61	-0.025255
9	55	-0.025264
37	71	-0.025318
6	13	-0.025326
24	49	-0.025357
36	63	-0.025377
19	53	-0.025408
29	42	-0.02543
8	20	-0.025452
37	88	-0.025463
32	44	-0.025468
33	72	-0.025478
38	77	-0.025499
4	61	-0.025502
11	32	-0.025522
36	40	-0.025546
50	79	-0.025554
56	79	-0.025557
42	49	-0.025559
21	52	-0.025564
56	88	-0.025578
72	81	-0.025609
13	89	-0.025615
27	50	-0.025625
7	28	-0.025627
52	72	-0.02565
8	65	-0.025688
7	22	-0.025706
52	83	-0.025712
1	42	-0.025715
31	72	-0.025773
41	50	-0.025773
27	38	-0.025786
9	11	-0.025838
44	60	-0.02584
9	70	-0.025854
5	63	-0.025856
28	74	-0.025859
5	76	-0.025885
69	85	-0.025892
26	37	-0.025943
73	88	-0.025959
16	18	-0.025976
61	87	-0.026003
75	88	-0.02601
2	22	-0.026012
14	67	-0.026031
33	88	-0.026031
10	71	-0.026058
69	78	-0.026061
37	70	-0.026076
2	49	-0.026078
45	66	-0.02608
49	74	-0.0261
44	61	-0.026138
26	60	-0.026165
50	66	-0.026173
16	63	-0.026184
19	42	-0.026203
80	86	-0.026216
15	73	-0.026271
29	31	-0.026299
11	45	-0.026324
11	31	-0.026326
14	51	-0.026326
8	66	-0.026373
58	71	-0.026409
56	78	-0.02643
41	68	-0.026468
41	58	-0.026516
67	82	-0.026546
52	73	-0.026554
24	37	-0.026567
14	35	-0.026614
8	69	-0.026615
25	41	-0.026636
48	50	-0.026641
18	19	-0.026651
7	25	-0.02666
18	52	-0.026707
61	67	-0.026718
79	84	-0.02672
13	41	-0.026723
13	18	-0.02674
12	17	-0.026763
8	26	-0.026768
25	37	-0.026787
66	79	-0.026809
57	60	-0.026812
51	75	-0.026837
52	75	-0.026845
30	83	-0.026851
65	87	-0.026856
1	68	-0.02687
18	21	-0.026913
15	18	-0.026916
19	83	-0.026923
30	89	-0.026923
20	50	-0.026924
18	77	-0.026938
4	23	-0.026955
23	82	-0.026994
60	73	-0.027018
52	74	-0.02705
2	30	-0.027054
31	42	-0.027069
10	66	-0.027183
26	41	-0.027184
68	89	-0.027201
34	64	-0.027202
30	73	-0.027229
6	27	-0.027237
39	51	-0.027238
14	37	-0.027256
9	45	-0.027288
50	61	-0.027331
24	51	-0.027374
21	64	-0.0274
30	65	-0.027426
71	73	-0.027426
17	83	-0.02748
11	47	-0.027527
29	34	-0.027534
13	50	-0.027578
8	23	-0.027632
12	51	-0.027634
9	18	-0.027654
9	57	-0.027661
25	80	-0.027668
16	79	-0.027676
46	49	-0.0277
57	86	-0.027707
19	44	-0.027717
7	26	-0.027762
25	44	-0.027781
15	63	-0.027795
18	63	-0.027827
26	89	-0.027848
18	83	-0.027861
41	46	-0.027866
23	36	-0.027877
26	78	-0.027886
40	55	-0.027914
43	50	-0.027951
13	15	-0.027965
19	34	-0.027994
12	15	-0.027995
7	69	-0.028008
24	41	-0.028061
27	31	-0.028085
22	66	-0.02813
31	81	-0.028179
16	42	-0.028202
4	82	-0.028206
20	26	-0.028213
37	69	-0.028219
30	36	-0.028222
31	74	-0.028279
17	41	-0.028291
20	86	-0.028302
31	41	-0.028302
62	78	-0.028313
42	84	-0.028347
4	71	-0.028359
4	46	-0.028366
2	46	-0.02838
44	48	-0.028382
6	46	-0.02839
46	75	-0.028414
48	82	-0.028458
39	45	-0.028511
50	64	-0.02852
2	58	-0.028535
33	83	-0.028543
35	83	-0.028563
30	49	-0.028569
4	87	-0.028607
42	89	-0.028658
20	69	-0.028675
19	79	-0.028684
6	45	-0.028687
26	48	-0.028688
36	53	-0.028697
40	69	-0.0287
55	87	-0.028723
41	65	-0.028749
13	14	-0.028763
8	83	-0.028778
17	88	-0.028831
1	66	-0.028832
73	81	-0.028838
49	89	-0.028869
66	85	-0.028959
16	39	-0.028963
59	84	-0.028991
25	50	-0.029
11	52	-0.029046
24	39	-0.029053
74	82	-0.029057
45	69	-0.029066
66	82	-0.029084
67	71	-0.029109
8	87	-0.029135
42	46	-0.029138
10	50	-0.029155
37	63	-0.029163
1	38	-0.029176
70	87	-0.029182
44	69	-0.029252
23	48	-0.029255
34	71	-0.029295
69	86	-0.029314
41	53	-0.029325
1	56	-0.029333
18	80	-0.029368
14	23	-0.029393
27	79	-0.029395
65	72	-0.0294
4	31	-0.029406
8	53	-0.029421
8	34	-0.029437
14	57	-0.02944
39	55	-0.029468
7	43	-0.029482
50	74	-0.029484
16	22	-0.029538
10	85	-0.029573
19	68	-0.029586
41	60	-0.029593
28	51	-0.029617
61	70	-0.029619
1	81	-0.02965
49	80	-0.029661
34	72	-0.029689
30	82	-0.029743
9	43	-0.029752
62	88	-0.029757
29	48	-0.029763
44	53	-0.029794
37	53	-0.02984
33	81	-0.029878
47	86	-0.029891
2	48	-0.029938
37	77	-0.02996
51	70	-0.030002
8	18	-0.030108
42	61	-0.030111
15	42	-0.030112
59	88	-0.030114
17	79	-0.030122
86	89	-0.030137
21	36	-0.030155
16	40	-0.030156
68	82	-0.030176
23	63	-0.030199
13	72	-0.030209
44	71	-0.030221
6	25	-0.030222
18	82	-0.030234
41	83	-0.03024
26	42	-0.030242
37	58	-0.030249
12	72	-0.030251
2	51	-0.030284
13	76	-0.030284
27	39	-0.030302
38	76	-0.030334
31	84	-0.030341
45	62	-0.030398
26	64	-0.03047
15	20	-0.030475
29	40	-0.030488
58	70	-0.030512
1	65	-0.030516
64	73	-0.030531
11	83	-0.030538
41	74	-0.030543
36	65	-0.030546
3	20	-0.030582
11	78	-0.030583
6	26	-0.030595
22	40	-0.030605
19	78	-0.030611
1	59	-0.030619
41	63	-0.030677
14	66	-0.030729
43	69	-0.030745
34	75	-0.030783
3	32	-0.030804
17	66	-0.030838
61	82	-0.030841
7	44	-0.030843
1	80	-0.030854
15	83	-0.030892
13	79	-0.030909
19	33	-0.030914
1	79	-0.030918
58	88	-0.030925
36	43	-0.030936
41	66	-0.03094
17	28	-0.030941
36	59	-0.030962
44	88	-0.030991
13	71	-0.030999
25	86	-0.03101
34	70	-0.031019
30	32	-0.031039
69	79	-0.031056
42	74	-0.031061
73	76	-0.031073
7	66	-0.031076
14	65	-0.03112
8	81	-0.031133
46	74	-0.031143
31	50	-0.031168
22	69	-0.031208
5	51	-0.031224
37	66	-0.031244
3	73	-0.031266
34	58	-0.031288
34	37	-0.031307
41	48	-0.031312
8	86	-0.031314
30	80	-0.031336
37	65	-0.031348
46	69	-0.031364
63	85	-0.031394
5	9	-0.031402
63	80	-0.031402
28	53	-0.031453
32	50	-0.031502
33	70	-0.031559
8	84	-0.03156
40	85	-0.03157
32	73	-0.031573
3	16	-0.031578
17	78	-0.031631
23	37	-0.031691
46	53	-0.031709
58	81	-0.031761
23	33	-0.031766
4	80	-0.031767
9	67	-0.031814
20	37	-0.031839
11	15	-0.031862
42	81	-0.031869
10	53	-0.031873
47	73	-0.031891
41	47	-0.031895
30	71	-0.0319
28	69	-0.03192
61	78	-0.031958
17	37	-0.031995
70	80	-0.032026
41	80	-0.032049
69	75	-0.032057
50	78	-0.032078
53	62	-0.032093
20	25	-0.032143
7	83	-0.032163
42	69	-0.032181
49	50	-0.032199
35	46	-0.032205
4	62	-0.032277
16	52	-0.032289
27	46	-0.032336
19	52	-0.032355
28	78	-0.032377
42	53	-0.032382
53	85	-0.032423
24	83	-0.03245
47	74	-0.032472
25	42	-0.032482
20	35	-0.032497
6	69	-0.032536
53	63	-0.032562
6	60	-0.032578
6	53	-0.032639
5	47	-0.032718
82	84	-0.032729
7	23	-0.032739
63	81	-0.03275
19	67	-0.032771
33	36	-0.032822
41	69	-0.03286
32	77	-0.032869
28	39	-0.032878
33	89	-0.032878
23	41	-0.0329
11	27	-0.032969
18	72	-0.032971
2	12	-0.032997
58	87	-0.033002
32	65	-0.033011
5	27	-0.033058
27	65	-0.033058
45	61	-0.03307
19	86	-0.033078
20	41	-0.033091
24	60	-0.033133
73	84	-0.033202
4	26	-0.033204
80	88	-0.033248
33	34	-0.033333
2	39	-0.033335
14	41	-0.033337
41	72	-0.03335
16	78	-0.033356
27	53	-0.033371
1	28	-0.033387
6	24	-0.033413
41	81	-0.033507
15	30	-0.033511
40	49	-0.033513
21	49	-0.033526
70	79	-0.033549
33	71	-0.033563
42	45	-0.033567
38	84	-0.033602
15	72	-0.033687
14	53	-0.033732
20	24	-0.033753
10	37	-0.033772
26	44	-0.033845
22	75	-0.033847
14	52	-0.033903
2	26	-0.033918
41	61	-0.033919
20	53	-0.033935
19	45	-0.033973
7	86	-0.033985
58	85	-0.033999
18	37	-0.034005
25	28	-0.03404
12	41	-0.034098
66	76	-0.034104
40	54	-0.03413
34	50	-0.034152
5	18	-0.034187
12	79	-0.034199
35	73	-0.034232
29	52	-0.034238
12	43	-0.034252
66	89	-0.034258
10	22	-0.034275
41	75	-0.034354
23	44	-0.03436
16	58	-0.034406
3	50	-0.034475
22	80	-0.034513
24	44	-0.034543
37	52	-0.034564
44	77	-0.034573
28	65	-0.03458
24	42	-0.034627
23	38	-0.034683
29	46	-0.034747
30	46	-0.03483
63	86	-0.034876
25	33	-0.034881
28	57	-0.03489
36	48	-0.034949
5	17	-0.034974
15	33	-0.035004
26	39	-0.035022
22	37	-0.035027
24	64	-0.035034
23	70	-0.03506
20	83	-0.035065
58	80	-0.035075
6	83	-0.035101
14	60	-0.035105
70	78	-0.035123
1	25	-0.03514
7	18	-0.03514
2	61	-0.035209
6	87	-0.035212
26	77	-0.035215
6	23	-0.035237
29	83	-0.035292
9	30	-0.035294
6	73	-0.035317
23	50	-0.035378
44	75	-0.035388
58	62	-0.035414
22	62	-0.035427
16	87	-0.035432
27	40	-0.035435
73	89	-0.035441
36	75	-0.035448
6	20	-0.035458
36	69	-0.035508
39	85	-0.035511
14	18	-0.035553
9	80	-0.035557
5	20	-0.035565
6	61	-0.035591
15	34	-0.035604
17	43	-0.035625
17	84	-0.035684
46	79	-0.03569
38	62	-0.035713
57	67	-0.035742
35	52	-0.035766
36	45	-0.035811
6	66	-0.035867
53	73	-0.035913
2	29	-0.036009
32	72	-0.036037
62	63	-0.03605
41	89	-0.036094
52	78	-0.036108
39	72	-0.036141
29	30	-0.036192
30	79	-0.036213
68	79	-0.036286
49	61	-0.03629
6	22	-0.036307
4	60	-0.03631
28	87	-0.036317
49	77	-0.036318
64	80	-0.036319
5	10	-0.036365
61	73	-0.036391
46	65	-0.036423
61	89	-0.036452
24	36	-0.036478
49	53	-0.036497
8	52	-0.036524
41	52	-0.036535
3	29	-0.036565
47	68	-0.036571
9	74	-0.036572
69	80	-0.0366
65	77	-0.036619
31	86	-0.036628
23	47	-0.036635
4	49	-0.036694
4	10	-0.03673
24	32	-0.036753
7	53	-0.036762
24	85	-0.036803
31	71	-0.036807
16	44	-0.036885
40	56	-0.036912
18	41	-0.036914
25	85	-0.036914
2	60	-0.036955
47	70	-0.036965
21	67	-0.037028
63	67	-0.037031
63	78	-0.037081
25	34	-0.037094
81	87	-0.037098
30	41	-0.037119
31	64	-0.037129
45	85	-0.03721
3	17	-0.037211
50	69	-0.037343
3	48	-0.037374
18	60	-0.037408
7	52	-0.037463
60	69	-0.037466
73	79	-0.037479
51	61	-0.037483
4	35	-0.037512
18	40	-0.037539
46	68	-0.037549
4	18	-0.037584
24	34	-0.03765
24	40	-0.037662
17	31	-0.037688
7	35	-0.037804
11	35	-0.037847
2	81	-0.037855
4	75	-0.037918
77	89	-0.03792
4	69	-0.037992
37	84	-0.038006
25	61	-0.038017
26	30	-0.038031
59	87	-0.038039
35	70	-0.038062
23	30	-0.038065
11	42	-0.038072
31	53	-0.038101
13	84	-0.038136
15	51	-0.03821
74	84	-0.038221
47	79	-0.038286
41	71	-0.038296
42	66	-0.03832
59	86	-0.03832
51	78	-0.038323
24	46	-0.038324
58	79	-0.03844
29	81	-0.038471
17	77	-0.038497
49	82	-0.038507
50	53	-0.038509
50	87	-0.03852
53	74	-0.038525
8	67	-0.038578
44	66	-0.038584
51	77	-0.038587
22	78	-0.038623
16	57	-0.038624
38	46	-0.038631
30	86	-0.038632
27	48	-0.038639
32	87	-0.03867
22	41	-0.038736
62	82	-0.038746
28	77	-0.038831
34	53	-0.038842
32	53	-0.038895
46	78	-0.038957
52	85	-0.038964
47	51	-0.038976
28	81	-0.038979
22	24	-0.03899
17	40	-0.038993
32	47	-0.03903
73	78	-0.039043
33	62	-0.039053
9	82	-0.039069
3	25	-0.039071
27	69	-0.039138
2	33	-0.039152
9	23	-0.039178
30	40	-0.039181
3	12	-0.039199
53	59	-0.039248
25	83	-0.039277
2	13	-0.039365
47	53	-0.039366
40	50	-0.039374
9	75	-0.03942
23	34	-0.039468
33	58	-0.039478
36	88	-0.039546
5	28	-0.039551
50	89	-0.03957
42	83	-0.039574
9	25	-0.039606
30	78	-0.039624
26	79	-0.039629
34	66	-0.039635
4	45	-0.039645
62	65	-0.039726
27	66	-0.039753
27	59	-0.039852
4	68	-0.03987
24	80	-0.039915
13	86	-0.039928
5	46	-0.039998
3	14	-0.040058
22	42	-0.040062
18	36	-0.040112
2	20	-0.040194
25	79	-0.040211
65	74	-0.040218
28	34	-0.040221
25	27	-0.040242
36	47	-0.040252
17	64	-0.040258
1	22	-0.040276
25	64	-0.040316
59	78	-0.040365
11	33	-0.040463
6	68	-0.040484
20	44	-0.040514
15	26	-0.040578
49	68	-0.040588
27	30	-0.040614
53	58	-0.040644
63	79	-0.040682
51	63	-0.040692
23	35	-0.040713
23	85	-0.040714
44	82	-0.040778
6	74	-0.0408
37	67	-0.040815
1	32	-0.040823
35	75	-0.040926
5	69	-0.040931
40	76	-0.040958
10	74	-0.040961
1	40	-0.040987
23	81	-0.04101
11	61	-0.041082
20	52	-0.041238
43	67	-0.041249
5	31	-0.041259
53	64	-0.041266
40	51	-0.0413
12	44	-0.041313
34	76	-0.041351
24	79	-0.041405
67	83	-0.041407
42	88	-0.041561
3	84	-0.041572
23	80	-0.041596
25	51	-0.041678
45	60	-0.041686
52	81	-0.04169
15	58	-0.041691
2	31	-0.041699
16	34	-0.041703
49	70	-0.041709
39	76	-0.041767
27	57	-0.041818
25	65	-0.041843
23	32	-0.041851
22	77	-0.041878
23	78	-0.041896
67	80	-0.041907
6	18	-0.041913
38	61	-0.041948
6	52	-0.041949
42	52	-0.042011
35	67	-0.04219
60	79	-0.042236
21	45	-0.042294
66	88	-0.042295
18	42	-0.042352
1	82	-0.042382
12	49	-0.042406
28	75	-0.042419
10	79	-0.042424
11	25	-0.04248
29	33	-0.042552
2	62	-0.042601
16	80	-0.042612
22	51	-0.042612
47	71	-0.042616
23	46	-0.042701
46	76	-0.042748
5	60	-0.042765
21	76	-0.042865
12	67	-0.042968
12	32	-0.042986
30	72	-0.042999
61	75	-0.043044
17	74	-0.043055
30	88	-0.043055
11	39	-0.043061
24	78	-0.043061
4	25	-0.043074
14	64	-0.043095
30	81	-0.043113
22	44	-0.043125
1	23	-0.043136
24	81	-0.043144
23	79	-0.043209
3	62	-0.043214
44	52	-0.04322
14	42	-0.04323
66	80	-0.043258
17	86	-0.043311
26	43	-0.043329
27	32	-0.043458
50	57	-0.043495
18	44	-0.043507
5	57	-0.043565
32	86	-0.043582
5	81	-0.043627
29	73	-0.043661
1	27	-0.043678
72	85	-0.043703
4	15	-0.043784
33	82	-0.043785
60	72	-0.043814
41	67	-0.043851
47	81	-0.043911
4	24	-0.043971
13	36	-0.043999
10	80	-0.04401
15	21	-0.044053
11	69	-0.044247
50	67	-0.044326
18	81	-0.044376
34	83	-0.044386
53	80	-0.044418
61	74	-0.044555
9	87	-0.04464
44	70	-0.044697
32	76	-0.04471
45	50	-0.044727
29	71	-0.04473
25	81	-0.0448
64	67	-0.044802
61	71	-0.044805
3	89	-0.044857
5	48	-0.044933
18	61	-0.044935
5	68	-0.044993
4	50	-0.045003
27	87	-0.045037
23	74	-0.045064
10	51	-0.045067
7	67	-0.045118
13	22	-0.045128
17	82	-0.045287
20	71	-0.045295
9	36	-0.045357
53	79	-0.045388
30	35	-0.04548
59	72	-0.045504
38	87	-0.045564
53	81	-0.045578
10	87	-0.045591
72	73	-0.045683
35	76	-0.045704
4	66	-0.045708
13	31	-0.045715
35	68	-0.045778
60	81	-0.045801
10	77	-0.045842
40	60	-0.045894
64	77	-0.04591
16	65	-0.046038
15	77	-0.046042
3	57	-0.046053
74	88	-0.046058
40	77	-0.046061
26	35	-0.046088
29	77	-0.046111
68	83	-0.046123
15	46	-0.04613
20	87	-0.046176
67	74	-0.046208
72	83	-0.046209
33	39	-0.046236
29	84	-0.046382
48	87	-0.046429
10	34	-0.046465
30	43	-0.046477
15	38	-0.046479
22	43	-0.04648
16	30	-0.046481
25	89	-0.046481
11	77	-0.046496
51	85	-0.046534
32	64	-0.046569
10	64	-0.046581
4	53	-0.046628
28	36	-0.046658
61	85	-0.04677
20	40	-0.046787
28	43	-0.046799
39	52	-0.04684
10	68	-0.046868
25	77	-0.046907
31	67	-0.046986
3	69	-0.047127
76	87	-0.047145
12	46	-0.047154
18	34	-0.047203
32	58	-0.047209
67	73	-0.047224
33	66	-0.047263
44	72	-0.047284
26	86	-0.04729
5	73	-0.047309
1	52	-0.047354
32	68	-0.04736
34	52	-0.047398
35	47	-0.047451
60	76	-0.047498
10	42	-0.047543
25	40	-0.047613
5	21	-0.04764
1	30	-0.047722
39	70	-0.047732
40	65	-0.047848
2	32	-0.047932
38	63	-0.047951
43	76	-0.047975
62	87	-0.048001
44	47	-0.048072
18	78	-0.048085
62	68	-0.048088
46	60	-0.048099
29	85	-0.048121
4	89	-0.048124
47	67	-0.048311
25	58	-0.048437
11	51	-0.048442
5	64	-0.048484
18	79	-0.048527
18	47	-0.048577
42	75	-0.048731
12	45	-0.048806
44	81	-0.048828
35	62	-0.048832
13	65	-0.04885
2	76	-0.048856
16	61	-0.048873
49	52	-0.048957
23	31	-0.048963
43	62	-0.048968
1	50	-0.049067
45	81	-0.049072
51	68	-0.049088
16	73	-0.049125
38	69	-0.049185
15	49	-0.049203
45	87	-0.049272
17	45	-0.049291
71	74	-0.049516
38	73	-0.049539
43	73	-0.049573
39	68	-0.04961
5	15	-0.049631
4	67	-0.049643
5	65	-0.049684
18	39	-0.049757
31	38	-0.049761
44	67	-0.049856
28	84	-0.04989
42	67	-0.05
9	53	-0.050043
44	63	-0.050094
5	30	-0.050096
13	48	-0.050128
43	81	-0.050203
21	29	-0.050288
6	15	-0.050342
45	59	-0.050377
29	45	-0.050434
38	66	-0.050486
6	84	-0.050524
6	67	-0.050551
38	50	-0.050583
34	73	-0.05059
10	31	-0.050595
52	58	-0.050607
28	38	-0.050627
40	59	-0.05063
76	84	-0.050728
42	60	-0.050774
12	86	-0.050844
28	85	-0.050904
74	80	-0.050926
50	75	-0.050981
3	39	-0.051009
47	87	-0.051015
13	70	-0.051183
67	78	-0.051267
75	82	-0.051338
31	79	-0.051372
12	38	-0.051399
28	29	-0.051433
3	30	-0.051512
73	80	-0.051712
43	49	-0.051763
3	77	-0.051808
52	79	-0.051812
26	45	-0.051902
13	82	-0.051992
9	44	-0.052
1	33	-0.05201
5	32	-0.052019
43	65	-0.05202
21	57	-0.052056
11	57	-0.052136
21	43	-0.052227
53	57	-0.052227
14	68	-0.052317
9	40	-0.052393
3	59	-0.052395
11	23	-0.052398
28	61	-0.052429
76	80	-0.052436
29	36	-0.052445
18	43	-0.052516
74	86	-0.05267
17	47	-0.052673
57	62	-0.052694
9	50	-0.052713
80	87	-0.052746
11	58	-0.05279
23	40	-0.052977
9	65	-0.053059
10	13	-0.053068
12	33	-0.053083
16	68	-0.053285
60	82	-0.053432
3	72	-0.053547
49	88	-0.053615
6	71	-0.053639
4	28	-0.053683
48	59	-0.053738
65	84	-0.05381
43	63	-0.053813
47	88	-0.053834
13	38	-0.053942
10	38	-0.054054
12	84	-0.05416
1	62	-0.054305
14	38	-0.054342
13	68	-0.054355
11	63	-0.054359
12	31	-0.054458
27	81	-0.05447
10	70	-0.054499
29	43	-0.054521
38	57	-0.054592
16	74	-0.054634
2	45	-0.05465
25	47	-0.054672
13	40	-0.054738
38	58	-0.054838
5	13	-0.054856
49	76	-0.054932
52	68	-0.054955
12	28	-0.055167
50	84	-0.055209
18	85	-0.055323
58	59	-0.05536
24	88	-0.055362
40	48	-0.055362
11	66	-0.055365
48	77	-0.055372
49	62	-0.055507
14	71	-0.055573
62	84	-0.055581
60	86	-0.05577
52	62	-0.055775
21	53	-0.055876
5	70	-0.056033
1	13	-0.056158
32	57	-0.056264
39	63	-0.05627
67	85	-0.056279
64	72	-0.056478
12	47	-0.056482
51	71	-0.056488
3	71	-0.056593
34	67	-0.056601
1	53	-0.056735
36	67	-0.056783
32	34	-0.057087
67	81	-0.057088
35	87	-0.057203
17	29	-0.057246
2	71	-0.057291
51	81	-0.057326
16	38	-0.057404
2	82	-0.057416
33	60	-0.05747
33	53	-0.057506
64	84	-0.057569
10	44	-0.057579
13	21	-0.057625
16	31	-0.057631
4	51	-0.057652
2	28	-0.057715
4	76	-0.05777
72	86	-0.057821
14	48	-0.057884
67	79	-0.057893
5	22	-0.05799
14	44	-0.058092
32	70	-0.058148
11	17	-0.058165
28	72	-0.058206
2	65	-0.058274
27	84	-0.058299
63	76	-0.058422
22	61	-0.058496
4	52	-0.058497
25	31	-0.058498
45	71	-0.058508
57	76	-0.058626
2	63	-0.058766
49	85	-0.05877
16	45	-0.05883
42	76	-0.058838
68	70	-0.058869
31	88	-0.058905
16	88	-0.058938
48	51	-0.058958
12	50	-0.059078
31	75	-0.059104
72	87	-0.059129
68	71	-0.059192
1	31	-0.059332
38	70	-0.059418
5	50	-0.059554
5	74	-0.059563
5	49	-0.059631
57	73	-0.059689
30	68	-0.059714
17	81	-0.059784
35	48	-0.059862
71	87	-0.059943
43	64	-0.059987
14	43	-0.060022
35	57	-0.060042
13	29	-0.06008
5	29	-0.060102
57	85	-0.060358
46	51	-0.060381
36	80	-0.060569
1	58	-0.060742
29	82	-0.060751
46	86	-0.060751
13	47	-0.060856
44	76	-0.06097
16	26	-0.061005
35	49	-0.061014
52	89	-0.061127
73	86	-0.061182
27	78	-0.061188
16	17	-0.061224
1	74	-0.061409
14	84	-0.061419
3	88	-0.061537
48	68	-0.061613
5	71	-0.06164
14	83	-0.0617
15	87	-0.061872
2	50	-0.061876
3	61	-0.061878
60	75	-0.061931
58	86	-0.061972
5	62	-0.062006
62	71	-0.06201
46	63	-0.06205
71	72	-0.062111
26	38	-0.06218
29	74	-0.062205
45	58	-0.062217
70	86	-0.062237
3	63	-0.062275
64	81	-0.062405
28	45	-0.062407
3	65	-0.062482
2	14	-0.06252
63	87	-0.062607
18	38	-0.062706
11	26	-0.062879
12	36	-0.063097
36	71	-0.063108
71	86	-0.063171
46	64	-0.063193
72	82	-0.063338
29	59	-0.063392
2	27	-0.063399
9	51	-0.063617
32	61	-0.063811
33	38	-0.063868
14	27	-0.063947
30	58	-0.063998
58	76	-0.064028
38	72	-0.064075
47	84	-0.064137
5	59	-0.064204
4	57	-0.064235
9	39	-0.064255
70	76	-0.0643
28	82	-0.064303
46	70	-0.064357
14	33	-0.064515
35	63	-0.064728
48	71	-0.064731
44	84	-0.064785
30	38	-0.064832
36	49	-0.064954
18	31	-0.064978
31	87	-0.065033
39	58	-0.065233
25	74	-0.065323
3	68	-0.06533
45	63	-0.065346
40	68	-0.065407
76	86	-0.065634
3	76	-0.065704
29	76	-0.065706
10	61	-0.065877
38	75	-0.065955
43	60	-0.066153
1	70	-0.066176
2	72	-0.066189
64	87	-0.066189
77	88	-0.066234
39	75	-0.06629
49	59	-0.066373
31	77	-0.066575
14	25	-0.066604
61	81	-0.066729
13	64	-0.067068
10	12	-0.067075
29	62	-0.067087
5	61	-0.067123
2	35	-0.067158
40	73	-0.067245
1	21	-0.067474
63	84	-0.067476
17	50	-0.06757
27	68	-0.067655
68	72	-0.067891
13	32	-0.067982
39	73	-0.067995
31	82	-0.068002
13	35	-0.068129
4	84	-0.068141
23	39	-0.06831
58	89	-0.068365
3	74	-0.06843
47	75	-0.068518
59	75	-0.068636
43	48	-0.068644
16	82	-0.068897
57	77	-0.068957
9	84	-0.068964
15	84	-0.068988
61	84	-0.06902
35	72	-0.069063
39	64	-0.069342
33	87	-0.069402
49	84	-0.069448
36	73	-0.069469
11	71	-0.06947
43	58	-0.06953
12	40	-0.069666
9	88	-0.069785
15	39	-0.069823
35	77	-0.069879
47	72	-0.070015
38	60	-0.070025
38	47	-0.07011
25	72	-0.070139
43	88	-0.07017
48	84	-0.070382
64	89	-0.070483
27	72	-0.070656
16	29	-0.070669
48	88	-0.070719
30	63	-0.07074
45	49	-0.070744
39	67	-0.070813
38	88	-0.070838
31	44	-0.070927
29	35	-0.070936
43	70	-0.07096
11	64	-0.070994
18	86	-0.071112
21	75	-0.071801
60	84	-0.072031
68	75	-0.07204
5	72	-0.072187
43	77	-0.072386
17	61	-0.072512
53	77	-0.072625
33	61	-0.072682
51	84	-0.0727
63	89	-0.073198
43	57	-0.073692
4	74	-0.073843
13	67	-0.073984
70	84	-0.074149
27	64	-0.074263
51	64	-0.074332
51	87	-0.074367
2	74	-0.074415
32	51	-0.074542
16	86	-0.074574
5	14	-0.074745
63	70	-0.075008
35	74	-0.075137
32	63	-0.075338
21	82	-0.075501
16	59	-0.075566
71	84	-0.075579
14	50	-0.07589
35	58	-0.076329
5	89	-0.076549
15	86	-0.07686
13	49	-0.07695
68	86	-0.07696
45	68	-0.076996
16	60	-0.077143
57	70	-0.077307
30	84	-0.077719
14	86	-0.078395
3	18	-0.078403
39	77	-0.078531
31	43	-0.078584
14	82	-0.078742
38	48	-0.078913
3	60	-0.079038
3	15	-0.079136
3	70	-0.079384
50	82	-0.079467
21	39	-0.07967
39	86	-0.079757
10	45	-0.079881
57	87	-0.080418
12	71	-0.080475
38	49	-0.080691
15	43	-0.080717
38	74	-0.08115
35	64	-0.08136
10	29	-0.081368
3	58	-0.081431
70	73	-0.081505
12	70	-0.0817
35	60	-0.08214
16	35	-0.082303
16	32	-0.082436
70	82	-0.08282
16	43	-0.08286
1	49	-0.083331
45	73	-0.08349
58	84	-0.083575
1	29	-0.083758
11	38	-0.084543
29	70	-0.084783
64	75	-0.084953
2	80	-0.085164
12	87	-0.085257
15	48	-0.085272
1	43	-0.086196
16	47	-0.086636
1	35	-0.087147
12	89	-0.087315
10	40	-0.087366
46	57	-0.087487
12	48	-0.08749
39	62	-0.087501
31	35	-0.08787
61	86	-0.087969
17	49	-0.08849
39	57	-0.088745
14	28	-0.089403
72	84	-0.090113
33	75	-0.090298
39	59	-0.090573
32	80	-0.092798
15	35	-0.093247
45	74	-0.094302
39	88	-0.094721
59	71	-0.095185
14	87	-0.095877
15	45	-0.095893
11	72	-0.096516
43	47	-0.096594
39	60	-0.097091
30	59	-0.097349
30	87	-0.097467
59	82	-0.098469
2	84	-0.098929
33	40	-0.099677
39	61	-0.099991
14	30	-0.100707
45	88	-0.102955
11	40	-0.104355
10	39	-0.125682