#==========================================================================
# The first and second rows contain site pairs (i, j) such that j > i
# The third row contains coevolutionary scores obtained 
# using EVCouplings algorithm.
# Note that in this data sites are counted/labelled starting from 1
#==========================================================================
67	68	0.005611
2	8	0.003637
1	4	0.003251
1	5	0.003251
1	6	0.003251
1	10	0.003251
4	5	0.003251
4	6	0.003251
4	10	0.003251
5	6	0.003251
5	10	0.003251
6	10	0.003251
1	11	0.003224
4	11	0.003224
5	11	0.003224
6	11	0.003224
10	11	0.003224
1	2	0.003223
2	4	0.003223
2	5	0.003223
2	6	0.003223
2	10	0.003223
1	64	0.003204
4	64	0.003204
5	64	0.003204
6	64	0.003204
10	64	0.003204
1	66	0.003195
4	66	0.003195
5	66	0.003195
6	66	0.003195
10	66	0.003195
2	11	0.003194
11	64	0.003171
2	64	0.00317
11	66	0.003163
2	66	0.003161
64	66	0.003136
1	65	0.003134
4	65	0.003134
5	65	0.003134
6	65	0.003134
10	65	0.003134
11	65	0.003096
2	65	0.003094
1	8	0.003077
4	8	0.003077
5	8	0.003077
6	8	0.003077
8	10	0.003077
64	65	0.003063
65	66	0.003055
8	11	0.003036
8	64	0.003001
8	66	0.002993
8	65	0.002902
63	68	0.001489
63	67	0.001482
65	68	0.000955
68	69	0.00034
8	68	0.000274
3	7	0.00018
3	9	0.00018
3	12	0.00018
3	13	0.00018
3	14	0.00018
3	15	0.00018
3	16	0.00018
3	17	0.00018
3	18	0.00018
3	19	0.00018
3	20	0.00018
3	21	0.00018
3	22	0.00018
3	23	0.00018
3	24	0.00018
3	25	0.00018
3	26	0.00018
3	27	0.00018
3	28	0.00018
3	29	0.00018
3	30	0.00018
3	31	0.00018
3	32	0.00018
3	33	0.00018
3	34	0.00018
3	35	0.00018
3	36	0.00018
3	37	0.00018
3	38	0.00018
3	39	0.00018
3	40	0.00018
3	41	0.00018
3	42	0.00018
3	43	0.00018
3	44	0.00018
3	45	0.00018
3	46	0.00018
3	47	0.00018
3	48	0.00018
3	49	0.00018
3	50	0.00018
3	51	0.00018
3	52	0.00018
3	53	0.00018
3	54	0.00018
3	55	0.00018
3	56	0.00018
3	57	0.00018
3	58	0.00018
3	59	0.00018
3	60	0.00018
3	61	0.00018
3	62	0.00018
3	69	0.00018
7	9	0.00018
7	12	0.00018
7	13	0.00018
7	14	0.00018
7	15	0.00018
7	16	0.00018
7	17	0.00018
7	18	0.00018
7	19	0.00018
7	20	0.00018
7	21	0.00018
7	22	0.00018
7	23	0.00018
7	24	0.00018
7	25	0.00018
7	26	0.00018
7	27	0.00018
7	28	0.00018
7	29	0.00018
7	30	0.00018
7	31	0.00018
7	32	0.00018
7	33	0.00018
7	34	0.00018
7	35	0.00018
7	36	0.00018
7	37	0.00018
7	38	0.00018
7	39	0.00018
7	40	0.00018
7	41	0.00018
7	42	0.00018
7	43	0.00018
7	44	0.00018
7	45	0.00018
7	46	0.00018
7	47	0.00018
7	48	0.00018
7	49	0.00018
7	50	0.00018
7	51	0.00018
7	52	0.00018
7	53	0.00018
7	54	0.00018
7	55	0.00018
7	56	0.00018
7	57	0.00018
7	58	0.00018
7	59	0.00018
7	60	0.00018
7	61	0.00018
7	62	0.00018
7	69	0.00018
9	12	0.00018
9	13	0.00018
9	14	0.00018
9	15	0.00018
9	16	0.00018
9	17	0.00018
9	18	0.00018
9	19	0.00018
9	20	0.00018
9	21	0.00018
9	22	0.00018
9	23	0.00018
9	24	0.00018
9	25	0.00018
9	26	0.00018
9	27	0.00018
9	28	0.00018
9	29	0.00018
9	30	0.00018
9	31	0.00018
9	32	0.00018
9	33	0.00018
9	34	0.00018
9	35	0.00018
9	36	0.00018
9	37	0.00018
9	38	0.00018
9	39	0.00018
9	40	0.00018
9	41	0.00018
9	42	0.00018
9	43	0.00018
9	44	0.00018
9	45	0.00018
9	46	0.00018
9	47	0.00018
9	48	0.00018
9	49	0.00018
9	50	0.00018
9	51	0.00018
9	52	0.00018
9	53	0.00018
9	54	0.00018
9	55	0.00018
9	56	0.00018
9	57	0.00018
9	58	0.00018
9	59	0.00018
9	60	0.00018
9	61	0.00018
9	62	0.00018
9	69	0.00018
12	13	0.00018
12	14	0.00018
12	15	0.00018
12	16	0.00018
12	17	0.00018
12	18	0.00018
12	19	0.00018
12	20	0.00018
12	21	0.00018
12	22	0.00018
12	23	0.00018
12	24	0.00018
12	25	0.00018
12	26	0.00018
12	27	0.00018
12	28	0.00018
12	29	0.00018
12	30	0.00018
12	31	0.00018
12	32	0.00018
12	33	0.00018
12	34	0.00018
12	35	0.00018
12	36	0.00018
12	37	0.00018
12	38	0.00018
12	39	0.00018
12	40	0.00018
12	41	0.00018
12	42	0.00018
12	43	0.00018
12	44	0.00018
12	45	0.00018
12	46	0.00018
12	47	0.00018
12	48	0.00018
12	49	0.00018
12	50	0.00018
12	51	0.00018
12	52	0.00018
12	53	0.00018
12	54	0.00018
12	55	0.00018
12	56	0.00018
12	57	0.00018
12	58	0.00018
12	59	0.00018
12	60	0.00018
12	61	0.00018
12	62	0.00018
12	69	0.00018
13	14	0.00018
13	15	0.00018
13	16	0.00018
13	17	0.00018
13	18	0.00018
13	19	0.00018
13	20	0.00018
13	21	0.00018
13	22	0.00018
13	23	0.00018
13	24	0.00018
13	25	0.00018
13	26	0.00018
13	27	0.00018
13	28	0.00018
13	29	0.00018
13	30	0.00018
13	31	0.00018
13	32	0.00018
13	33	0.00018
13	34	0.00018
13	35	0.00018
13	36	0.00018
13	37	0.00018
13	38	0.00018
13	39	0.00018
13	40	0.00018
13	41	0.00018
13	42	0.00018
13	43	0.00018
13	44	0.00018
13	45	0.00018
13	46	0.00018
13	47	0.00018
13	48	0.00018
13	49	0.00018
13	50	0.00018
13	51	0.00018
13	52	0.00018
13	53	0.00018
13	54	0.00018
13	55	0.00018
13	56	0.00018
13	57	0.00018
13	58	0.00018
13	59	0.00018
13	60	0.00018
13	61	0.00018
13	62	0.00018
13	69	0.00018
14	15	0.00018
14	16	0.00018
14	17	0.00018
14	18	0.00018
14	19	0.00018
14	20	0.00018
14	21	0.00018
14	22	0.00018
14	23	0.00018
14	24	0.00018
14	25	0.00018
14	26	0.00018
14	27	0.00018
14	28	0.00018
14	29	0.00018
14	30	0.00018
14	31	0.00018
14	32	0.00018
14	33	0.00018
14	34	0.00018
14	35	0.00018
14	36	0.00018
14	37	0.00018
14	38	0.00018
14	39	0.00018
14	40	0.00018
14	41	0.00018
14	42	0.00018
14	43	0.00018
14	44	0.00018
14	45	0.00018
14	46	0.00018
14	47	0.00018
14	48	0.00018
14	49	0.00018
14	50	0.00018
14	51	0.00018
14	52	0.00018
14	53	0.00018
14	54	0.00018
14	55	0.00018
14	56	0.00018
14	57	0.00018
14	58	0.00018
14	59	0.00018
14	60	0.00018
14	61	0.00018
14	62	0.00018
14	69	0.00018
15	16	0.00018
15	17	0.00018
15	18	0.00018
15	19	0.00018
15	20	0.00018
15	21	0.00018
15	22	0.00018
15	23	0.00018
15	24	0.00018
15	25	0.00018
15	26	0.00018
15	27	0.00018
15	28	0.00018
15	29	0.00018
15	30	0.00018
15	31	0.00018
15	32	0.00018
15	33	0.00018
15	34	0.00018
15	35	0.00018
15	36	0.00018
15	37	0.00018
15	38	0.00018
15	39	0.00018
15	40	0.00018
15	41	0.00018
15	42	0.00018
15	43	0.00018
15	44	0.00018
15	45	0.00018
15	46	0.00018
15	47	0.00018
15	48	0.00018
15	49	0.00018
15	50	0.00018
15	51	0.00018
15	52	0.00018
15	53	0.00018
15	54	0.00018
15	55	0.00018
15	56	0.00018
15	57	0.00018
15	58	0.00018
15	59	0.00018
15	60	0.00018
15	61	0.00018
15	62	0.00018
15	69	0.00018
16	17	0.00018
16	18	0.00018
16	19	0.00018
16	20	0.00018
16	21	0.00018
16	22	0.00018
16	23	0.00018
16	24	0.00018
16	25	0.00018
16	26	0.00018
16	27	0.00018
16	28	0.00018
16	29	0.00018
16	30	0.00018
16	31	0.00018
16	32	0.00018
16	33	0.00018
16	34	0.00018
16	35	0.00018
16	36	0.00018
16	37	0.00018
16	38	0.00018
16	39	0.00018
16	40	0.00018
16	41	0.00018
16	42	0.00018
16	43	0.00018
16	44	0.00018
16	45	0.00018
16	46	0.00018
16	47	0.00018
16	48	0.00018
16	49	0.00018
16	50	0.00018
16	51	0.00018
16	52	0.00018
16	53	0.00018
16	54	0.00018
16	55	0.00018
16	56	0.00018
16	57	0.00018
16	58	0.00018
16	59	0.00018
16	60	0.00018
16	61	0.00018
16	62	0.00018
16	69	0.00018
17	18	0.00018
17	19	0.00018
17	20	0.00018
17	21	0.00018
17	22	0.00018
17	23	0.00018
17	24	0.00018
17	25	0.00018
17	26	0.00018
17	27	0.00018
17	28	0.00018
17	29	0.00018
17	30	0.00018
17	31	0.00018
17	32	0.00018
17	33	0.00018
17	34	0.00018
17	35	0.00018
17	36	0.00018
17	37	0.00018
17	38	0.00018
17	39	0.00018
17	40	0.00018
17	41	0.00018
17	42	0.00018
17	43	0.00018
17	44	0.00018
17	45	0.00018
17	46	0.00018
17	47	0.00018
17	48	0.00018
17	49	0.00018
17	50	0.00018
17	51	0.00018
17	52	0.00018
17	53	0.00018
17	54	0.00018
17	55	0.00018
17	56	0.00018
17	57	0.00018
17	58	0.00018
17	59	0.00018
17	60	0.00018
17	61	0.00018
17	62	0.00018
17	69	0.00018
18	19	0.00018
18	20	0.00018
18	21	0.00018
18	22	0.00018
18	23	0.00018
18	24	0.00018
18	25	0.00018
18	26	0.00018
18	27	0.00018
18	28	0.00018
18	29	0.00018
18	30	0.00018
18	31	0.00018
18	32	0.00018
18	33	0.00018
18	34	0.00018
18	35	0.00018
18	36	0.00018
18	37	0.00018
18	38	0.00018
18	39	0.00018
18	40	0.00018
18	41	0.00018
18	42	0.00018
18	43	0.00018
18	44	0.00018
18	45	0.00018
18	46	0.00018
18	47	0.00018
18	48	0.00018
18	49	0.00018
18	50	0.00018
18	51	0.00018
18	52	0.00018
18	53	0.00018
18	54	0.00018
18	55	0.00018
18	56	0.00018
18	57	0.00018
18	58	0.00018
18	59	0.00018
18	60	0.00018
18	61	0.00018
18	62	0.00018
18	69	0.00018
19	20	0.00018
19	21	0.00018
19	22	0.00018
19	23	0.00018
19	24	0.00018
19	25	0.00018
19	26	0.00018
19	27	0.00018
19	28	0.00018
19	29	0.00018
19	30	0.00018
19	31	0.00018
19	32	0.00018
19	33	0.00018
19	34	0.00018
19	35	0.00018
19	36	0.00018
19	37	0.00018
19	38	0.00018
19	39	0.00018
19	40	0.00018
19	41	0.00018
19	42	0.00018
19	43	0.00018
19	44	0.00018
19	45	0.00018
19	46	0.00018
19	47	0.00018
19	48	0.00018
19	49	0.00018
19	50	0.00018
19	51	0.00018
19	52	0.00018
19	53	0.00018
19	54	0.00018
19	55	0.00018
19	56	0.00018
19	57	0.00018
19	58	0.00018
19	59	0.00018
19	60	0.00018
19	61	0.00018
19	62	0.00018
19	69	0.00018
20	21	0.00018
20	22	0.00018
20	23	0.00018
20	24	0.00018
20	25	0.00018
20	26	0.00018
20	27	0.00018
20	28	0.00018
20	29	0.00018
20	30	0.00018
20	31	0.00018
20	32	0.00018
20	33	0.00018
20	34	0.00018
20	35	0.00018
20	36	0.00018
20	37	0.00018
20	38	0.00018
20	39	0.00018
20	40	0.00018
20	41	0.00018
20	42	0.00018
20	43	0.00018
20	44	0.00018
20	45	0.00018
20	46	0.00018
20	47	0.00018
20	48	0.00018
20	49	0.00018
20	50	0.00018
20	51	0.00018
20	52	0.00018
20	53	0.00018
20	54	0.00018
20	55	0.00018
20	56	0.00018
20	57	0.00018
20	58	0.00018
20	59	0.00018
20	60	0.00018
20	61	0.00018
20	62	0.00018
20	69	0.00018
21	22	0.00018
21	23	0.00018
21	24	0.00018
21	25	0.00018
21	26	0.00018
21	27	0.00018
21	28	0.00018
21	29	0.00018
21	30	0.00018
21	31	0.00018
21	32	0.00018
21	33	0.00018
21	34	0.00018
21	35	0.00018
21	36	0.00018
21	37	0.00018
21	38	0.00018
21	39	0.00018
21	40	0.00018
21	41	0.00018
21	42	0.00018
21	43	0.00018
21	44	0.00018
21	45	0.00018
21	46	0.00018
21	47	0.00018
21	48	0.00018
21	49	0.00018
21	50	0.00018
21	51	0.00018
21	52	0.00018
21	53	0.00018
21	54	0.00018
21	55	0.00018
21	56	0.00018
21	57	0.00018
21	58	0.00018
21	59	0.00018
21	60	0.00018
21	61	0.00018
21	62	0.00018
21	69	0.00018
22	23	0.00018
22	24	0.00018
22	25	0.00018
22	26	0.00018
22	27	0.00018
22	28	0.00018
22	29	0.00018
22	30	0.00018
22	31	0.00018
22	32	0.00018
22	33	0.00018
22	34	0.00018
22	35	0.00018
22	36	0.00018
22	37	0.00018
22	38	0.00018
22	39	0.00018
22	40	0.00018
22	41	0.00018
22	42	0.00018
22	43	0.00018
22	44	0.00018
22	45	0.00018
22	46	0.00018
22	47	0.00018
22	48	0.00018
22	49	0.00018
22	50	0.00018
22	51	0.00018
22	52	0.00018
22	53	0.00018
22	54	0.00018
22	55	0.00018
22	56	0.00018
22	57	0.00018
22	58	0.00018
22	59	0.00018
22	60	0.00018
22	61	0.00018
22	62	0.00018
22	69	0.00018
23	24	0.00018
23	25	0.00018
23	26	0.00018
23	27	0.00018
23	28	0.00018
23	29	0.00018
23	30	0.00018
23	31	0.00018
23	32	0.00018
23	33	0.00018
23	34	0.00018
23	35	0.00018
23	36	0.00018
23	37	0.00018
23	38	0.00018
23	39	0.00018
23	40	0.00018
23	41	0.00018
23	42	0.00018
23	43	0.00018
23	44	0.00018
23	45	0.00018
23	46	0.00018
23	47	0.00018
23	48	0.00018
23	49	0.00018
23	50	0.00018
23	51	0.00018
23	52	0.00018
23	53	0.00018
23	54	0.00018
23	55	0.00018
23	56	0.00018
23	57	0.00018
23	58	0.00018
23	59	0.00018
23	60	0.00018
23	61	0.00018
23	62	0.00018
23	69	0.00018
24	25	0.00018
24	26	0.00018
24	27	0.00018
24	28	0.00018
24	29	0.00018
24	30	0.00018
24	31	0.00018
24	32	0.00018
24	33	0.00018
24	34	0.00018
24	35	0.00018
24	36	0.00018
24	37	0.00018
24	38	0.00018
24	39	0.00018
24	40	0.00018
24	41	0.00018
24	42	0.00018
24	43	0.00018
24	44	0.00018
24	45	0.00018
24	46	0.00018
24	47	0.00018
24	48	0.00018
24	49	0.00018
24	50	0.00018
24	51	0.00018
24	52	0.00018
24	53	0.00018
24	54	0.00018
24	55	0.00018
24	56	0.00018
24	57	0.00018
24	58	0.00018
24	59	0.00018
24	60	0.00018
24	61	0.00018
24	62	0.00018
24	69	0.00018
25	26	0.00018
25	27	0.00018
25	28	0.00018
25	29	0.00018
25	30	0.00018
25	31	0.00018
25	32	0.00018
25	33	0.00018
25	34	0.00018
25	35	0.00018
25	36	0.00018
25	37	0.00018
25	38	0.00018
25	39	0.00018
25	40	0.00018
25	41	0.00018
25	42	0.00018
25	43	0.00018
25	44	0.00018
25	45	0.00018
25	46	0.00018
25	47	0.00018
25	48	0.00018
25	49	0.00018
25	50	0.00018
25	51	0.00018
25	52	0.00018
25	53	0.00018
25	54	0.00018
25	55	0.00018
25	56	0.00018
25	57	0.00018
25	58	0.00018
25	59	0.00018
25	60	0.00018
25	61	0.00018
25	62	0.00018
25	69	0.00018
26	27	0.00018
26	28	0.00018
26	29	0.00018
26	30	0.00018
26	31	0.00018
26	32	0.00018
26	33	0.00018
26	34	0.00018
26	35	0.00018
26	36	0.00018
26	37	0.00018
26	38	0.00018
26	39	0.00018
26	40	0.00018
26	41	0.00018
26	42	0.00018
26	43	0.00018
26	44	0.00018
26	45	0.00018
26	46	0.00018
26	47	0.00018
26	48	0.00018
26	49	0.00018
26	50	0.00018
26	51	0.00018
26	52	0.00018
26	53	0.00018
26	54	0.00018
26	55	0.00018
26	56	0.00018
26	57	0.00018
26	58	0.00018
26	59	0.00018
26	60	0.00018
26	61	0.00018
26	62	0.00018
26	69	0.00018
27	28	0.00018
27	29	0.00018
27	30	0.00018
27	31	0.00018
27	32	0.00018
27	33	0.00018
27	34	0.00018
27	35	0.00018
27	36	0.00018
27	37	0.00018
27	38	0.00018
27	39	0.00018
27	40	0.00018
27	41	0.00018
27	42	0.00018
27	43	0.00018
27	44	0.00018
27	45	0.00018
27	46	0.00018
27	47	0.00018
27	48	0.00018
27	49	0.00018
27	50	0.00018
27	51	0.00018
27	52	0.00018
27	53	0.00018
27	54	0.00018
27	55	0.00018
27	56	0.00018
27	57	0.00018
27	58	0.00018
27	59	0.00018
27	60	0.00018
27	61	0.00018
27	62	0.00018
27	69	0.00018
28	29	0.00018
28	30	0.00018
28	31	0.00018
28	32	0.00018
28	33	0.00018
28	34	0.00018
28	35	0.00018
28	36	0.00018
28	37	0.00018
28	38	0.00018
28	39	0.00018
28	40	0.00018
28	41	0.00018
28	42	0.00018
28	43	0.00018
28	44	0.00018
28	45	0.00018
28	46	0.00018
28	47	0.00018
28	48	0.00018
28	49	0.00018
28	50	0.00018
28	51	0.00018
28	52	0.00018
28	53	0.00018
28	54	0.00018
28	55	0.00018
28	56	0.00018
28	57	0.00018
28	58	0.00018
28	59	0.00018
28	60	0.00018
28	61	0.00018
28	62	0.00018
28	69	0.00018
29	30	0.00018
29	31	0.00018
29	32	0.00018
29	33	0.00018
29	34	0.00018
29	35	0.00018
29	36	0.00018
29	37	0.00018
29	38	0.00018
29	39	0.00018
29	40	0.00018
29	41	0.00018
29	42	0.00018
29	43	0.00018
29	44	0.00018
29	45	0.00018
29	46	0.00018
29	47	0.00018
29	48	0.00018
29	49	0.00018
29	50	0.00018
29	51	0.00018
29	52	0.00018
29	53	0.00018
29	54	0.00018
29	55	0.00018
29	56	0.00018
29	57	0.00018
29	58	0.00018
29	59	0.00018
29	60	0.00018
29	61	0.00018
29	62	0.00018
29	69	0.00018
30	31	0.00018
30	32	0.00018
30	33	0.00018
30	34	0.00018
30	35	0.00018
30	36	0.00018
30	37	0.00018
30	38	0.00018
30	39	0.00018
30	40	0.00018
30	41	0.00018
30	42	0.00018
30	43	0.00018
30	44	0.00018
30	45	0.00018
30	46	0.00018
30	47	0.00018
30	48	0.00018
30	49	0.00018
30	50	0.00018
30	51	0.00018
30	52	0.00018
30	53	0.00018
30	54	0.00018
30	55	0.00018
30	56	0.00018
30	57	0.00018
30	58	0.00018
30	59	0.00018
30	60	0.00018
30	61	0.00018
30	62	0.00018
30	69	0.00018
31	32	0.00018
31	33	0.00018
31	34	0.00018
31	35	0.00018
31	36	0.00018
31	37	0.00018
31	38	0.00018
31	39	0.00018
31	40	0.00018
31	41	0.00018
31	42	0.00018
31	43	0.00018
31	44	0.00018
31	45	0.00018
31	46	0.00018
31	47	0.00018
31	48	0.00018
31	49	0.00018
31	50	0.00018
31	51	0.00018
31	52	0.00018
31	53	0.00018
31	54	0.00018
31	55	0.00018
31	56	0.00018
31	57	0.00018
31	58	0.00018
31	59	0.00018
31	60	0.00018
31	61	0.00018
31	62	0.00018
31	69	0.00018
32	33	0.00018
32	34	0.00018
32	35	0.00018
32	36	0.00018
32	37	0.00018
32	38	0.00018
32	39	0.00018
32	40	0.00018
32	41	0.00018
32	42	0.00018
32	43	0.00018
32	44	0.00018
32	45	0.00018
32	46	0.00018
32	47	0.00018
32	48	0.00018
32	49	0.00018
32	50	0.00018
32	51	0.00018
32	52	0.00018
32	53	0.00018
32	54	0.00018
32	55	0.00018
32	56	0.00018
32	57	0.00018
32	58	0.00018
32	59	0.00018
32	60	0.00018
32	61	0.00018
32	62	0.00018
32	69	0.00018
33	34	0.00018
33	35	0.00018
33	36	0.00018
33	37	0.00018
33	38	0.00018
33	39	0.00018
33	40	0.00018
33	41	0.00018
33	42	0.00018
33	43	0.00018
33	44	0.00018
33	45	0.00018
33	46	0.00018
33	47	0.00018
33	48	0.00018
33	49	0.00018
33	50	0.00018
33	51	0.00018
33	52	0.00018
33	53	0.00018
33	54	0.00018
33	55	0.00018
33	56	0.00018
33	57	0.00018
33	58	0.00018
33	59	0.00018
33	60	0.00018
33	61	0.00018
33	62	0.00018
33	69	0.00018
34	35	0.00018
34	36	0.00018
34	37	0.00018
34	38	0.00018
34	39	0.00018
34	40	0.00018
34	41	0.00018
34	42	0.00018
34	43	0.00018
34	44	0.00018
34	45	0.00018
34	46	0.00018
34	47	0.00018
34	48	0.00018
34	49	0.00018
34	50	0.00018
34	51	0.00018
34	52	0.00018
34	53	0.00018
34	54	0.00018
34	55	0.00018
34	56	0.00018
34	57	0.00018
34	58	0.00018
34	59	0.00018
34	60	0.00018
34	61	0.00018
34	62	0.00018
34	69	0.00018
35	36	0.00018
35	37	0.00018
35	38	0.00018
35	39	0.00018
35	40	0.00018
35	41	0.00018
35	42	0.00018
35	43	0.00018
35	44	0.00018
35	45	0.00018
35	46	0.00018
35	47	0.00018
35	48	0.00018
35	49	0.00018
35	50	0.00018
35	51	0.00018
35	52	0.00018
35	53	0.00018
35	54	0.00018
35	55	0.00018
35	56	0.00018
35	57	0.00018
35	58	0.00018
35	59	0.00018
35	60	0.00018
35	61	0.00018
35	62	0.00018
35	69	0.00018
36	37	0.00018
36	38	0.00018
36	39	0.00018
36	40	0.00018
36	41	0.00018
36	42	0.00018
36	43	0.00018
36	44	0.00018
36	45	0.00018
36	46	0.00018
36	47	0.00018
36	48	0.00018
36	49	0.00018
36	50	0.00018
36	51	0.00018
36	52	0.00018
36	53	0.00018
36	54	0.00018
36	55	0.00018
36	56	0.00018
36	57	0.00018
36	58	0.00018
36	59	0.00018
36	60	0.00018
36	61	0.00018
36	62	0.00018
36	69	0.00018
37	38	0.00018
37	39	0.00018
37	40	0.00018
37	41	0.00018
37	42	0.00018
37	43	0.00018
37	44	0.00018
37	45	0.00018
37	46	0.00018
37	47	0.00018
37	48	0.00018
37	49	0.00018
37	50	0.00018
37	51	0.00018
37	52	0.00018
37	53	0.00018
37	54	0.00018
37	55	0.00018
37	56	0.00018
37	57	0.00018
37	58	0.00018
37	59	0.00018
37	60	0.00018
37	61	0.00018
37	62	0.00018
37	69	0.00018
38	39	0.00018
38	40	0.00018
38	41	0.00018
38	42	0.00018
38	43	0.00018
38	44	0.00018
38	45	0.00018
38	46	0.00018
38	47	0.00018
38	48	0.00018
38	49	0.00018
38	50	0.00018
38	51	0.00018
38	52	0.00018
38	53	0.00018
38	54	0.00018
38	55	0.00018
38	56	0.00018
38	57	0.00018
38	58	0.00018
38	59	0.00018
38	60	0.00018
38	61	0.00018
38	62	0.00018
38	69	0.00018
39	40	0.00018
39	41	0.00018
39	42	0.00018
39	43	0.00018
39	44	0.00018
39	45	0.00018
39	46	0.00018
39	47	0.00018
39	48	0.00018
39	49	0.00018
39	50	0.00018
39	51	0.00018
39	52	0.00018
39	53	0.00018
39	54	0.00018
39	55	0.00018
39	56	0.00018
39	57	0.00018
39	58	0.00018
39	59	0.00018
39	60	0.00018
39	61	0.00018
39	62	0.00018
39	69	0.00018
40	41	0.00018
40	42	0.00018
40	43	0.00018
40	44	0.00018
40	45	0.00018
40	46	0.00018
40	47	0.00018
40	48	0.00018
40	49	0.00018
40	50	0.00018
40	51	0.00018
40	52	0.00018
40	53	0.00018
40	54	0.00018
40	55	0.00018
40	56	0.00018
40	57	0.00018
40	58	0.00018
40	59	0.00018
40	60	0.00018
40	61	0.00018
40	62	0.00018
40	69	0.00018
41	42	0.00018
41	43	0.00018
41	44	0.00018
41	45	0.00018
41	46	0.00018
41	47	0.00018
41	48	0.00018
41	49	0.00018
41	50	0.00018
41	51	0.00018
41	52	0.00018
41	53	0.00018
41	54	0.00018
41	55	0.00018
41	56	0.00018
41	57	0.00018
41	58	0.00018
41	59	0.00018
41	60	0.00018
41	61	0.00018
41	62	0.00018
41	69	0.00018
42	43	0.00018
42	44	0.00018
42	45	0.00018
42	46	0.00018
42	47	0.00018
42	48	0.00018
42	49	0.00018
42	50	0.00018
42	51	0.00018
42	52	0.00018
42	53	0.00018
42	54	0.00018
42	55	0.00018
42	56	0.00018
42	57	0.00018
42	58	0.00018
42	59	0.00018
42	60	0.00018
42	61	0.00018
42	62	0.00018
42	69	0.00018
43	44	0.00018
43	45	0.00018
43	46	0.00018
43	47	0.00018
43	48	0.00018
43	49	0.00018
43	50	0.00018
43	51	0.00018
43	52	0.00018
43	53	0.00018
43	54	0.00018
43	55	0.00018
43	56	0.00018
43	57	0.00018
43	58	0.00018
43	59	0.00018
43	60	0.00018
43	61	0.00018
43	62	0.00018
43	69	0.00018
44	45	0.00018
44	46	0.00018
44	47	0.00018
44	48	0.00018
44	49	0.00018
44	50	0.00018
44	51	0.00018
44	52	0.00018
44	53	0.00018
44	54	0.00018
44	55	0.00018
44	56	0.00018
44	57	0.00018
44	58	0.00018
44	59	0.00018
44	60	0.00018
44	61	0.00018
44	62	0.00018
44	69	0.00018
45	46	0.00018
45	47	0.00018
45	48	0.00018
45	49	0.00018
45	50	0.00018
45	51	0.00018
45	52	0.00018
45	53	0.00018
45	54	0.00018
45	55	0.00018
45	56	0.00018
45	57	0.00018
45	58	0.00018
45	59	0.00018
45	60	0.00018
45	61	0.00018
45	62	0.00018
45	69	0.00018
46	47	0.00018
46	48	0.00018
46	49	0.00018
46	50	0.00018
46	51	0.00018
46	52	0.00018
46	53	0.00018
46	54	0.00018
46	55	0.00018
46	56	0.00018
46	57	0.00018
46	58	0.00018
46	59	0.00018
46	60	0.00018
46	61	0.00018
46	62	0.00018
46	69	0.00018
47	48	0.00018
47	49	0.00018
47	50	0.00018
47	51	0.00018
47	52	0.00018
47	53	0.00018
47	54	0.00018
47	55	0.00018
47	56	0.00018
47	57	0.00018
47	58	0.00018
47	59	0.00018
47	60	0.00018
47	61	0.00018
47	62	0.00018
47	69	0.00018
48	49	0.00018
48	50	0.00018
48	51	0.00018
48	52	0.00018
48	53	0.00018
48	54	0.00018
48	55	0.00018
48	56	0.00018
48	57	0.00018
48	58	0.00018
48	59	0.00018
48	60	0.00018
48	61	0.00018
48	62	0.00018
48	69	0.00018
49	50	0.00018
49	51	0.00018
49	52	0.00018
49	53	0.00018
49	54	0.00018
49	55	0.00018
49	56	0.00018
49	57	0.00018
49	58	0.00018
49	59	0.00018
49	60	0.00018
49	61	0.00018
49	62	0.00018
49	69	0.00018
50	51	0.00018
50	52	0.00018
50	53	0.00018
50	54	0.00018
50	55	0.00018
50	56	0.00018
50	57	0.00018
50	58	0.00018
50	59	0.00018
50	60	0.00018
50	61	0.00018
50	62	0.00018
50	69	0.00018
51	52	0.00018
51	53	0.00018
51	54	0.00018
51	55	0.00018
51	56	0.00018
51	57	0.00018
51	58	0.00018
51	59	0.00018
51	60	0.00018
51	61	0.00018
51	62	0.00018
51	69	0.00018
52	53	0.00018
52	54	0.00018
52	55	0.00018
52	56	0.00018
52	57	0.00018
52	58	0.00018
52	59	0.00018
52	60	0.00018
52	61	0.00018
52	62	0.00018
52	69	0.00018
53	54	0.00018
53	55	0.00018
53	56	0.00018
53	57	0.00018
53	58	0.00018
53	59	0.00018
53	60	0.00018
53	61	0.00018
53	62	0.00018
53	69	0.00018
54	55	0.00018
54	56	0.00018
54	57	0.00018
54	58	0.00018
54	59	0.00018
54	60	0.00018
54	61	0.00018
54	62	0.00018
54	69	0.00018
55	56	0.00018
55	57	0.00018
55	58	0.00018
55	59	0.00018
55	60	0.00018
55	61	0.00018
55	62	0.00018
55	69	0.00018
56	57	0.00018
56	58	0.00018
56	59	0.00018
56	60	0.00018
56	61	0.00018
56	62	0.00018
56	69	0.00018
57	58	0.00018
57	59	0.00018
57	60	0.00018
57	61	0.00018
57	62	0.00018
57	69	0.00018
58	59	0.00018
58	60	0.00018
58	61	0.00018
58	62	0.00018
58	69	0.00018
59	60	0.00018
59	61	0.00018
59	62	0.00018
59	69	0.00018
60	61	0.00018
60	62	0.00018
60	69	0.00018
61	62	0.00018
61	69	0.00018
62	69	0.00018
11	67	8.9e-05
3	63	8.3e-05
7	63	8.3e-05
9	63	8.3e-05
12	63	8.3e-05
13	63	8.3e-05
14	63	8.3e-05
15	63	8.3e-05
16	63	8.3e-05
17	63	8.3e-05
18	63	8.3e-05
19	63	8.3e-05
20	63	8.3e-05
21	63	8.3e-05
22	63	8.3e-05
23	63	8.3e-05
24	63	8.3e-05
25	63	8.3e-05
26	63	8.3e-05
27	63	8.3e-05
28	63	8.3e-05
29	63	8.3e-05
30	63	8.3e-05
31	63	8.3e-05
32	63	8.3e-05
33	63	8.3e-05
34	63	8.3e-05
35	63	8.3e-05
36	63	8.3e-05
37	63	8.3e-05
38	63	8.3e-05
39	63	8.3e-05
40	63	8.3e-05
41	63	8.3e-05
42	63	8.3e-05
43	63	8.3e-05
44	63	8.3e-05
45	63	8.3e-05
46	63	8.3e-05
47	63	8.3e-05
48	63	8.3e-05
49	63	8.3e-05
50	63	8.3e-05
51	63	8.3e-05
52	63	8.3e-05
53	63	8.3e-05
54	63	8.3e-05
55	63	8.3e-05
56	63	8.3e-05
57	63	8.3e-05
58	63	8.3e-05
59	63	8.3e-05
60	63	8.3e-05
61	63	8.3e-05
62	63	8.3e-05
63	69	5.4e-05
8	67	2.4e-05
3	68	-2.1e-05
7	68	-2.1e-05
9	68	-2.1e-05
12	68	-2.1e-05
13	68	-2.1e-05
14	68	-2.1e-05
15	68	-2.1e-05
16	68	-2.1e-05
17	68	-2.1e-05
18	68	-2.1e-05
19	68	-2.1e-05
20	68	-2.1e-05
21	68	-2.1e-05
22	68	-2.1e-05
23	68	-2.1e-05
24	68	-2.1e-05
25	68	-2.1e-05
26	68	-2.1e-05
27	68	-2.1e-05
28	68	-2.1e-05
29	68	-2.1e-05
30	68	-2.1e-05
31	68	-2.1e-05
32	68	-2.1e-05
33	68	-2.1e-05
34	68	-2.1e-05
35	68	-2.1e-05
36	68	-2.1e-05
37	68	-2.1e-05
38	68	-2.1e-05
39	68	-2.1e-05
40	68	-2.1e-05
41	68	-2.1e-05
42	68	-2.1e-05
43	68	-2.1e-05
44	68	-2.1e-05
45	68	-2.1e-05
46	68	-2.1e-05
47	68	-2.1e-05
48	68	-2.1e-05
49	68	-2.1e-05
50	68	-2.1e-05
51	68	-2.1e-05
52	68	-2.1e-05
53	68	-2.1e-05
54	68	-2.1e-05
55	68	-2.1e-05
56	68	-2.1e-05
57	68	-2.1e-05
58	68	-2.1e-05
59	68	-2.1e-05
60	68	-2.1e-05
61	68	-2.1e-05
62	68	-2.1e-05
3	67	-5.9e-05
7	67	-5.9e-05
9	67	-5.9e-05
12	67	-5.9e-05
13	67	-5.9e-05
14	67	-5.9e-05
15	67	-5.9e-05
16	67	-5.9e-05
17	67	-5.9e-05
18	67	-5.9e-05
19	67	-5.9e-05
20	67	-5.9e-05
21	67	-5.9e-05
22	67	-5.9e-05
23	67	-5.9e-05
24	67	-5.9e-05
25	67	-5.9e-05
26	67	-5.9e-05
27	67	-5.9e-05
28	67	-5.9e-05
29	67	-5.9e-05
30	67	-5.9e-05
31	67	-5.9e-05
32	67	-5.9e-05
33	67	-5.9e-05
34	67	-5.9e-05
35	67	-5.9e-05
36	67	-5.9e-05
37	67	-5.9e-05
38	67	-5.9e-05
39	67	-5.9e-05
40	67	-5.9e-05
41	67	-5.9e-05
42	67	-5.9e-05
43	67	-5.9e-05
44	67	-5.9e-05
45	67	-5.9e-05
46	67	-5.9e-05
47	67	-5.9e-05
48	67	-5.9e-05
49	67	-5.9e-05
50	67	-5.9e-05
51	67	-5.9e-05
52	67	-5.9e-05
53	67	-5.9e-05
54	67	-5.9e-05
55	67	-5.9e-05
56	67	-5.9e-05
57	67	-5.9e-05
58	67	-5.9e-05
59	67	-5.9e-05
60	67	-5.9e-05
61	67	-5.9e-05
62	67	-5.9e-05
65	67	-0.000108
67	69	-0.000184
64	69	-0.00023
66	67	-0.000317
2	67	-0.000393
8	63	-0.000411
1	67	-0.000426
4	67	-0.000426
5	67	-0.000426
6	67	-0.000426
10	67	-0.000426
63	65	-0.00044
63	64	-0.000454
63	66	-0.000456
2	68	-0.000466
11	63	-0.000478
1	63	-0.000482
4	63	-0.000482
5	63	-0.000482
6	63	-0.000482
10	63	-0.000482
2	63	-0.000486
64	67	-0.000542
3	66	-0.000589
7	66	-0.000589
9	66	-0.000589
12	66	-0.000589
13	66	-0.000589
14	66	-0.000589
15	66	-0.000589
16	66	-0.000589
17	66	-0.000589
18	66	-0.000589
19	66	-0.000589
20	66	-0.000589
21	66	-0.000589
22	66	-0.000589
23	66	-0.000589
24	66	-0.000589
25	66	-0.000589
26	66	-0.000589
27	66	-0.000589
28	66	-0.000589
29	66	-0.000589
30	66	-0.000589
31	66	-0.000589
32	66	-0.000589
33	66	-0.000589
34	66	-0.000589
35	66	-0.000589
36	66	-0.000589
37	66	-0.000589
38	66	-0.000589
39	66	-0.000589
40	66	-0.000589
41	66	-0.000589
42	66	-0.000589
43	66	-0.000589
44	66	-0.000589
45	66	-0.000589
46	66	-0.000589
47	66	-0.000589
48	66	-0.000589
49	66	-0.000589
50	66	-0.000589
51	66	-0.000589
52	66	-0.000589
53	66	-0.000589
54	66	-0.000589
55	66	-0.000589
56	66	-0.000589
57	66	-0.000589
58	66	-0.000589
59	66	-0.000589
60	66	-0.000589
61	66	-0.000589
62	66	-0.000589
3	64	-0.000591
7	64	-0.000591
9	64	-0.000591
12	64	-0.000591
13	64	-0.000591
14	64	-0.000591
15	64	-0.000591
16	64	-0.000591
17	64	-0.000591
18	64	-0.000591
19	64	-0.000591
20	64	-0.000591
21	64	-0.000591
22	64	-0.000591
23	64	-0.000591
24	64	-0.000591
25	64	-0.000591
26	64	-0.000591
27	64	-0.000591
28	64	-0.000591
29	64	-0.000591
30	64	-0.000591
31	64	-0.000591
32	64	-0.000591
33	64	-0.000591
34	64	-0.000591
35	64	-0.000591
36	64	-0.000591
37	64	-0.000591
38	64	-0.000591
39	64	-0.000591
40	64	-0.000591
41	64	-0.000591
42	64	-0.000591
43	64	-0.000591
44	64	-0.000591
45	64	-0.000591
46	64	-0.000591
47	64	-0.000591
48	64	-0.000591
49	64	-0.000591
50	64	-0.000591
51	64	-0.000591
52	64	-0.000591
53	64	-0.000591
54	64	-0.000591
55	64	-0.000591
56	64	-0.000591
57	64	-0.000591
58	64	-0.000591
59	64	-0.000591
60	64	-0.000591
61	64	-0.000591
62	64	-0.000591
1	3	-0.000596
1	7	-0.000596
1	9	-0.000596
1	12	-0.000596
1	13	-0.000596
1	14	-0.000596
1	15	-0.000596
1	16	-0.000596
1	17	-0.000596
1	18	-0.000596
1	19	-0.000596
1	20	-0.000596
1	21	-0.000596
1	22	-0.000596
1	23	-0.000596
1	24	-0.000596
1	25	-0.000596
1	26	-0.000596
1	27	-0.000596
1	28	-0.000596
1	29	-0.000596
1	30	-0.000596
1	31	-0.000596
1	32	-0.000596
1	33	-0.000596
1	34	-0.000596
1	35	-0.000596
1	36	-0.000596
1	37	-0.000596
1	38	-0.000596
1	39	-0.000596
1	40	-0.000596
1	41	-0.000596
1	42	-0.000596
1	43	-0.000596
1	44	-0.000596
1	45	-0.000596
1	46	-0.000596
1	47	-0.000596
1	48	-0.000596
1	49	-0.000596
1	50	-0.000596
1	51	-0.000596
1	52	-0.000596
1	53	-0.000596
1	54	-0.000596
1	55	-0.000596
1	56	-0.000596
1	57	-0.000596
1	58	-0.000596
1	59	-0.000596
1	60	-0.000596
1	61	-0.000596
1	62	-0.000596
3	4	-0.000596
3	5	-0.000596
3	6	-0.000596
3	10	-0.000596
4	7	-0.000596
4	9	-0.000596
4	12	-0.000596
4	13	-0.000596
4	14	-0.000596
4	15	-0.000596
4	16	-0.000596
4	17	-0.000596
4	18	-0.000596
4	19	-0.000596
4	20	-0.000596
4	21	-0.000596
4	22	-0.000596
4	23	-0.000596
4	24	-0.000596
4	25	-0.000596
4	26	-0.000596
4	27	-0.000596
4	28	-0.000596
4	29	-0.000596
4	30	-0.000596
4	31	-0.000596
4	32	-0.000596
4	33	-0.000596
4	34	-0.000596
4	35	-0.000596
4	36	-0.000596
4	37	-0.000596
4	38	-0.000596
4	39	-0.000596
4	40	-0.000596
4	41	-0.000596
4	42	-0.000596
4	43	-0.000596
4	44	-0.000596
4	45	-0.000596
4	46	-0.000596
4	47	-0.000596
4	48	-0.000596
4	49	-0.000596
4	50	-0.000596
4	51	-0.000596
4	52	-0.000596
4	53	-0.000596
4	54	-0.000596
4	55	-0.000596
4	56	-0.000596
4	57	-0.000596
4	58	-0.000596
4	59	-0.000596
4	60	-0.000596
4	61	-0.000596
4	62	-0.000596
5	7	-0.000596
5	9	-0.000596
5	12	-0.000596
5	13	-0.000596
5	14	-0.000596
5	15	-0.000596
5	16	-0.000596
5	17	-0.000596
5	18	-0.000596
5	19	-0.000596
5	20	-0.000596
5	21	-0.000596
5	22	-0.000596
5	23	-0.000596
5	24	-0.000596
5	25	-0.000596
5	26	-0.000596
5	27	-0.000596
5	28	-0.000596
5	29	-0.000596
5	30	-0.000596
5	31	-0.000596
5	32	-0.000596
5	33	-0.000596
5	34	-0.000596
5	35	-0.000596
5	36	-0.000596
5	37	-0.000596
5	38	-0.000596
5	39	-0.000596
5	40	-0.000596
5	41	-0.000596
5	42	-0.000596
5	43	-0.000596
5	44	-0.000596
5	45	-0.000596
5	46	-0.000596
5	47	-0.000596
5	48	-0.000596
5	49	-0.000596
5	50	-0.000596
5	51	-0.000596
5	52	-0.000596
5	53	-0.000596
5	54	-0.000596
5	55	-0.000596
5	56	-0.000596
5	57	-0.000596
5	58	-0.000596
5	59	-0.000596
5	60	-0.000596
5	61	-0.000596
5	62	-0.000596
6	7	-0.000596
6	9	-0.000596
6	12	-0.000596
6	13	-0.000596
6	14	-0.000596
6	15	-0.000596
6	16	-0.000596
6	17	-0.000596
6	18	-0.000596
6	19	-0.000596
6	20	-0.000596
6	21	-0.000596
6	22	-0.000596
6	23	-0.000596
6	24	-0.000596
6	25	-0.000596
6	26	-0.000596
6	27	-0.000596
6	28	-0.000596
6	29	-0.000596
6	30	-0.000596
6	31	-0.000596
6	32	-0.000596
6	33	-0.000596
6	34	-0.000596
6	35	-0.000596
6	36	-0.000596
6	37	-0.000596
6	38	-0.000596
6	39	-0.000596
6	40	-0.000596
6	41	-0.000596
6	42	-0.000596
6	43	-0.000596
6	44	-0.000596
6	45	-0.000596
6	46	-0.000596
6	47	-0.000596
6	48	-0.000596
6	49	-0.000596
6	50	-0.000596
6	51	-0.000596
6	52	-0.000596
6	53	-0.000596
6	54	-0.000596
6	55	-0.000596
6	56	-0.000596
6	57	-0.000596
6	58	-0.000596
6	59	-0.000596
6	60	-0.000596
6	61	-0.000596
6	62	-0.000596
7	10	-0.000596
9	10	-0.000596
10	12	-0.000596
10	13	-0.000596
10	14	-0.000596
10	15	-0.000596
10	16	-0.000596
10	17	-0.000596
10	18	-0.000596
10	19	-0.000596
10	20	-0.000596
10	21	-0.000596
10	22	-0.000596
10	23	-0.000596
10	24	-0.000596
10	25	-0.000596
10	26	-0.000596
10	27	-0.000596
10	28	-0.000596
10	29	-0.000596
10	30	-0.000596
10	31	-0.000596
10	32	-0.000596
10	33	-0.000596
10	34	-0.000596
10	35	-0.000596
10	36	-0.000596
10	37	-0.000596
10	38	-0.000596
10	39	-0.000596
10	40	-0.000596
10	41	-0.000596
10	42	-0.000596
10	43	-0.000596
10	44	-0.000596
10	45	-0.000596
10	46	-0.000596
10	47	-0.000596
10	48	-0.000596
10	49	-0.000596
10	50	-0.000596
10	51	-0.000596
10	52	-0.000596
10	53	-0.000596
10	54	-0.000596
10	55	-0.000596
10	56	-0.000596
10	57	-0.000596
10	58	-0.000596
10	59	-0.000596
10	60	-0.000596
10	61	-0.000596
10	62	-0.000596
3	11	-0.0006
7	11	-0.0006
9	11	-0.0006
11	12	-0.0006
11	13	-0.0006
11	14	-0.0006
11	15	-0.0006
11	16	-0.0006
11	17	-0.0006
11	18	-0.0006
11	19	-0.0006
11	20	-0.0006
11	21	-0.0006
11	22	-0.0006
11	23	-0.0006
11	24	-0.0006
11	25	-0.0006
11	26	-0.0006
11	27	-0.0006
11	28	-0.0006
11	29	-0.0006
11	30	-0.0006
11	31	-0.0006
11	32	-0.0006
11	33	-0.0006
11	34	-0.0006
11	35	-0.0006
11	36	-0.0006
11	37	-0.0006
11	38	-0.0006
11	39	-0.0006
11	40	-0.0006
11	41	-0.0006
11	42	-0.0006
11	43	-0.0006
11	44	-0.0006
11	45	-0.0006
11	46	-0.0006
11	47	-0.0006
11	48	-0.0006
11	49	-0.0006
11	50	-0.0006
11	51	-0.0006
11	52	-0.0006
11	53	-0.0006
11	54	-0.0006
11	55	-0.0006
11	56	-0.0006
11	57	-0.0006
11	58	-0.0006
11	59	-0.0006
11	60	-0.0006
11	61	-0.0006
11	62	-0.0006
2	3	-0.000609
2	7	-0.000609
2	9	-0.000609
2	12	-0.000609
2	13	-0.000609
2	14	-0.000609
2	15	-0.000609
2	16	-0.000609
2	17	-0.000609
2	18	-0.000609
2	19	-0.000609
2	20	-0.000609
2	21	-0.000609
2	22	-0.000609
2	23	-0.000609
2	24	-0.000609
2	25	-0.000609
2	26	-0.000609
2	27	-0.000609
2	28	-0.000609
2	29	-0.000609
2	30	-0.000609
2	31	-0.000609
2	32	-0.000609
2	33	-0.000609
2	34	-0.000609
2	35	-0.000609
2	36	-0.000609
2	37	-0.000609
2	38	-0.000609
2	39	-0.000609
2	40	-0.000609
2	41	-0.000609
2	42	-0.000609
2	43	-0.000609
2	44	-0.000609
2	45	-0.000609
2	46	-0.000609
2	47	-0.000609
2	48	-0.000609
2	49	-0.000609
2	50	-0.000609
2	51	-0.000609
2	52	-0.000609
2	53	-0.000609
2	54	-0.000609
2	55	-0.000609
2	56	-0.000609
2	57	-0.000609
2	58	-0.000609
2	59	-0.000609
2	60	-0.000609
2	61	-0.000609
2	62	-0.000609
3	8	-0.000609
7	8	-0.000609
8	9	-0.000609
8	12	-0.000609
8	13	-0.000609
8	14	-0.000609
8	15	-0.000609
8	16	-0.000609
8	17	-0.000609
8	18	-0.000609
8	19	-0.000609
8	20	-0.000609
8	21	-0.000609
8	22	-0.000609
8	23	-0.000609
8	24	-0.000609
8	25	-0.000609
8	26	-0.000609
8	27	-0.000609
8	28	-0.000609
8	29	-0.000609
8	30	-0.000609
8	31	-0.000609
8	32	-0.000609
8	33	-0.000609
8	34	-0.000609
8	35	-0.000609
8	36	-0.000609
8	37	-0.000609
8	38	-0.000609
8	39	-0.000609
8	40	-0.000609
8	41	-0.000609
8	42	-0.000609
8	43	-0.000609
8	44	-0.000609
8	45	-0.000609
8	46	-0.000609
8	47	-0.000609
8	48	-0.000609
8	49	-0.000609
8	50	-0.000609
8	51	-0.000609
8	52	-0.000609
8	53	-0.000609
8	54	-0.000609
8	55	-0.000609
8	56	-0.000609
8	57	-0.000609
8	58	-0.000609
8	59	-0.000609
8	60	-0.000609
8	61	-0.000609
8	62	-0.000609
3	65	-0.000616
7	65	-0.000616
9	65	-0.000616
12	65	-0.000616
13	65	-0.000616
14	65	-0.000616
15	65	-0.000616
16	65	-0.000616
17	65	-0.000616
18	65	-0.000616
19	65	-0.000616
20	65	-0.000616
21	65	-0.000616
22	65	-0.000616
23	65	-0.000616
24	65	-0.000616
25	65	-0.000616
26	65	-0.000616
27	65	-0.000616
28	65	-0.000616
29	65	-0.000616
30	65	-0.000616
31	65	-0.000616
32	65	-0.000616
33	65	-0.000616
34	65	-0.000616
35	65	-0.000616
36	65	-0.000616
37	65	-0.000616
38	65	-0.000616
39	65	-0.000616
40	65	-0.000616
41	65	-0.000616
42	65	-0.000616
43	65	-0.000616
44	65	-0.000616
45	65	-0.000616
46	65	-0.000616
47	65	-0.000616
48	65	-0.000616
49	65	-0.000616
50	65	-0.000616
51	65	-0.000616
52	65	-0.000616
53	65	-0.000616
54	65	-0.000616
55	65	-0.000616
56	65	-0.000616
57	65	-0.000616
58	65	-0.000616
59	65	-0.000616
60	65	-0.000616
61	65	-0.000616
62	65	-0.000616
8	69	-0.000665
66	69	-0.000673
1	69	-0.000679
4	69	-0.000679
5	69	-0.000679
6	69	-0.000679
10	69	-0.000679
65	69	-0.000683
11	69	-0.000685
2	69	-0.000693
66	68	-0.000743
11	68	-0.000807
1	68	-0.000832
4	68	-0.000832
5	68	-0.000832
6	68	-0.000832
10	68	-0.000832
64	68	-0.000975