#==========================================================================
# The first and second rows contain site pairs (i, j) such that j > i
# The third row contains coevolutionary scores obtained 
# using EVCouplings algorithm.
# Note that in this data sites are counted/labelled starting from 1
#==========================================================================
67	96	1.121866
68	95	1.099008
69	94	1.067596
12	58	1.001898
77	86	0.973247
76	87	0.965246
38	54	0.950694
78	85	0.919003
80	84	0.897283
81	83	0.869982
5	103	0.844425
6	102	0.835878
7	101	0.802269
4	104	0.786487
3	105	0.771037
39	53	0.759608
66	97	0.7554
65	98	0.738502
37	55	0.700204
13	57	0.63069
70	93	0.583445
72	91	0.576436
73	90	0.54983
18	28	0.504814
8	100	0.482543
17	29	0.469434
36	56	0.436674
74	89	0.427194
62	63	0.40442
40	51	0.376785
22	48	0.3557
75	88	0.338484
11	59	0.314438
49	50	0.306976
44	45	0.305322
104	105	0.289058
46	47	0.263973
72	73	0.254216
47	48	0.250952
46	48	0.24803
48	49	0.247211
48	50	0.246985
71	92	0.246271
33	35	0.245131
10	60	0.236561
52	53	0.233819
45	46	0.22176
42	43	0.220902
61	63	0.216153
3	4	0.215588
83	84	0.212302
53	54	0.211899
10	11	0.211743
61	64	0.21136
58	59	0.210072
43	44	0.209028
9	60	0.20827
47	49	0.206121
52	54	0.204076
9	61	0.203878
19	27	0.20221
28	40	0.20166
16	30	0.201363
11	12	0.200671
103	104	0.198623
10	61	0.197456
46	49	0.196537
91	92	0.193958
7	8	0.190923
80	81	0.190863
3	6	0.187358
10	12	0.187258
64	99	0.18626
24	46	0.1855
33	34	0.185018
55	56	0.182435
97	98	0.180091
9	12	0.178617
6	7	0.177572
4	5	0.177509
101	102	0.176236
72	93	0.175136
60	61	0.172782
70	71	0.172749
9	10	0.172411
44	47	0.17108
45	47	0.17063
25	26	0.170378
4	6	0.169351
88	89	0.169265
40	52	0.166641
38	39	0.163327
47	50	0.160842
73	74	0.160825
75	78	0.160097
29	30	0.159314
25	27	0.159308
61	62	0.158416
44	46	0.158124
72	90	0.158063
14	16	0.155988
46	50	0.15552
100	102	0.154387
5	7	0.153815
92	93	0.15346
100	101	0.152858
57	58	0.152856
58	60	0.152176
23	24	0.151756
5	6	0.15165
30	32	0.150886
29	32	0.150773
19	26	0.149159
77	79	0.14876
15	16	0.148571
26	44	0.148107
73	75	0.146983
91	93	0.146926
103	105	0.143992
40	41	0.143825
99	100	0.143475
9	99	0.142815
43	45	0.142713
101	103	0.142025
85	86	0.140133
94	96	0.139773
96	97	0.138728
45	50	0.138166
18	24	0.138115
22	25	0.137992
102	103	0.137635
21	25	0.1372
35	36	0.136789
41	42	0.136049
53	55	0.135237
95	96	0.135101
14	15	0.134476
38	40	0.13287
14	17	0.132755
29	31	0.132169
15	17	0.131367
3	5	0.131236
18	20	0.130663
42	44	0.13038
50	51	0.129737
9	62	0.129352
42	49	0.128833
68	69	0.128717
53	56	0.127322
88	90	0.12667
31	32	0.126573
45	48	0.126469
11	13	0.12615
8	9	0.125398
41	46	0.124757
67	78	0.12447
54	55	0.124291
94	95	0.124113
43	47	0.123501
27	28	0.12346
89	90	0.123344
20	83	0.123175
102	104	0.123096
26	27	0.122812
100	103	0.122795
23	25	0.122596
24	27	0.122547
51	52	0.121057
73	88	0.120826
99	101	0.120471
39	52	0.119661
49	51	0.118961
22	24	0.11875
36	39	0.118147
30	31	0.117293
73	89	0.117149
24	25	0.117014
12	13	0.11693
66	67	0.116364
93	94	0.115371
16	17	0.115266
57	59	0.115126
44	48	0.115088
24	28	0.115
52	55	0.114388
21	22	0.114132
69	70	0.11407
36	65	0.114037
15	31	0.113227
20	59	0.113133
100	104	0.112764
99	103	0.112564
30	34	0.112542
90	93	0.111428
64	66	0.111418
76	88	0.111348
84	86	0.111315
72	99	0.111272
39	40	0.110044
20	22	0.109868
24	26	0.109805
21	23	0.109461
65	67	0.109081
90	92	0.108987
7	12	0.10885
65	66	0.107822
79	85	0.107397
18	31	0.107004
14	23	0.106714
86	87	0.106679
25	28	0.106608
30	33	0.106454
23	26	0.105794
41	45	0.105332
41	47	0.104971
59	60	0.104938
10	13	0.104733
37	39	0.104552
22	23	0.104073
45	49	0.10389
92	94	0.103697
71	72	0.103486
73	85	0.102656
93	95	0.102067
60	105	0.102058
57	60	0.100952
95	97	0.100253
34	35	0.100185
66	68	0.099907
43	50	0.099631
22	28	0.099619
11	60	0.099318
58	61	0.098423
72	92	0.098281
41	44	0.098248
89	93	0.09784
98	101	0.097837
65	97	0.097766
59	87	0.097701
77	78	0.097178
92	101	0.097162
26	32	0.096883
59	68	0.09665
101	104	0.096647
39	41	0.09634
64	67	0.096147
18	21	0.096122
6	9	0.096055
63	87	0.096034
71	83	0.095967
41	43	0.095832
4	35	0.095536
91	99	0.095409
79	80	0.095336
32	34	0.095224
3	49	0.095217
39	56	0.095216
70	94	0.095082
36	37	0.09506
31	86	0.09494
26	28	0.094171
52	56	0.093731
93	96	0.093473
14	25	0.093176
41	51	0.092669
70	92	0.092434
35	37	0.09216
5	8	0.09212
76	77	0.091558
26	30	0.091413
15	19	0.091183
44	50	0.091128
96	98	0.090839
14	30	0.090766
99	105	0.090463
4	7	0.090395
102	105	0.089893
76	86	0.089863
19	23	0.08943
54	56	0.089208
43	49	0.089026
6	8	0.088875
14	32	0.088716
23	27	0.0885
99	102	0.088253
4	9	0.088054
35	38	0.087928
3	9	0.087884
21	27	0.087631
91	94	0.087418
56	66	0.087357
6	11	0.087319
4	8	0.087314
77	80	0.08727
40	42	0.086948
17	104	0.086751
20	50	0.086709
56	97	0.08638
14	26	0.086289
63	99	0.086233
75	77	0.086038
90	94	0.085967
36	38	0.085403
56	65	0.085263
9	58	0.084889
79	86	0.084398
35	41	0.084228
90	95	0.08403
34	36	0.084004
7	9	0.083626
5	9	0.083391
16	25	0.083389
64	69	0.083105
19	22	0.083047
43	46	0.083014
45	88	0.082888
22	26	0.082735
72	89	0.082597
20	27	0.082559
18	23	0.082449
59	101	0.082374
33	38	0.082247
20	26	0.082129
63	64	0.082077
15	26	0.081909
3	104	0.080887
12	59	0.080796
25	30	0.080666
19	21	0.08045
69	93	0.080405
51	54	0.080102
21	37	0.079986
3	7	0.079856
37	38	0.079707
46	55	0.079488
41	49	0.079403
44	49	0.079284
19	35	0.078867
75	79	0.078838
42	45	0.078763
88	93	0.07853
67	95	0.078529
38	53	0.078398
26	31	0.078359
40	49	0.078307
68	79	0.078244
64	96	0.078193
20	23	0.078025
26	29	0.077787
17	22	0.077486
77	96	0.076933
64	65	0.076394
100	105	0.076262
12	61	0.0761
50	69	0.075891
84	88	0.075758
78	79	0.075713
49	90	0.075505
72	79	0.07543
69	79	0.075038
78	81	0.075028
27	50	0.075021
24	39	0.074714
14	22	0.074689
58	62	0.074595
40	50	0.074515
79	84	0.074448
67	71	0.074264
8	11	0.074154
18	27	0.074039
71	80	0.073928
60	64	0.073757
5	10	0.073753
18	22	0.073662
15	23	0.073506
101	105	0.073294
38	52	0.073096
6	10	0.072681
23	30	0.072504
62	99	0.072484
5	11	0.072467
7	92	0.07238
10	64	0.071769
64	86	0.071717
43	72	0.071699
13	37	0.071654
62	68	0.071625
33	36	0.071563
10	71	0.071246
45	56	0.071232
25	33	0.071138
19	91	0.070991
19	20	0.070688
19	31	0.070678
5	92	0.07067
74	87	0.070613
64	70	0.070537
17	23	0.070452
19	25	0.070444
24	30	0.070411
62	65	0.070327
17	18	0.070281
27	30	0.070109
43	48	0.069761
35	39	0.06975
16	21	0.069549
20	25	0.069445
19	28	0.069343
71	91	0.069325
15	32	0.069258
22	27	0.069187
85	92	0.068471
92	103	0.067985
36	43	0.067806
28	42	0.067623
34	44	0.067514
23	32	0.067476
67	75	0.067441
42	51	0.06731
35	44	0.066898
23	31	0.066856
9	63	0.066649
28	51	0.066612
57	79	0.066411
27	29	0.066407
20	21	0.065785
64	90	0.065777
62	64	0.065755
21	28	0.065623
29	76	0.06551
31	38	0.065428
19	44	0.065409
20	28	0.065398
23	28	0.065319
42	47	0.06528
94	97	0.065197
51	53	0.064816
22	29	0.064762
37	40	0.064659
17	19	0.064597
84	87	0.064201
64	92	0.064145
8	12	0.064008
27	31	0.063896
77	87	0.06356
31	99	0.063456
98	100	0.063438
37	52	0.063367
30	35	0.063329
45	51	0.063275
18	32	0.063214
41	48	0.063184
32	33	0.062925
64	81	0.062917
46	52	0.06289
8	10	0.062826
97	101	0.062794
65	80	0.062369
81	95	0.062162
8	15	0.062058
36	71	0.062
68	77	0.061861
60	62	0.06182
28	31	0.061728
34	42	0.061459
72	74	0.061325
18	19	0.061268
10	59	0.061217
64	84	0.061118
12	87	0.061034
16	22	0.060937
83	85	0.060886
14	19	0.06086
48	51	0.06081
37	100	0.060559
38	41	0.060531
16	32	0.060489
57	83	0.060357
27	32	0.06032
85	88	0.060147
18	30	0.060138
15	21	0.059907
24	40	0.059571
63	65	0.059027
89	91	0.059025
14	31	0.05889
9	11	0.058778
13	15	0.05872
59	71	0.058663
98	102	0.058424
99	104	0.058266
39	42	0.058089
81	94	0.057787
17	32	0.057771
62	95	0.057434
37	46	0.057236
53	104	0.056974
17	31	0.056895
20	99	0.05688
18	88	0.056505
63	98	0.056446
7	99	0.05643
14	29	0.05631
15	29	0.05626
23	29	0.056162
14	27	0.056123
15	20	0.056108
7	11	0.055844
70	102	0.055746
28	32	0.055543
85	89	0.055522
97	102	0.055497
36	41	0.055488
41	50	0.055336
50	92	0.055134
34	37	0.05513
33	37	0.055004
40	54	0.05499
17	21	0.054845
33	93	0.054788
36	66	0.054664
38	57	0.054639
89	94	0.054554
34	43	0.054473
56	91	0.05447
71	98	0.054315
15	18	0.054108
98	103	0.053999
49	78	0.053948
44	51	0.053753
17	30	0.05374
13	35	0.053625
20	61	0.053597
67	81	0.053386
3	55	0.053345
4	13	0.05322
8	13	0.053201
59	63	0.053155
78	88	0.053123
14	18	0.053081
4	11	0.052906
49	92	0.052898
40	43	0.052803
17	52	0.052751
68	97	0.052747
9	13	0.052644
28	38	0.052643
34	38	0.052623
43	51	0.052614
71	81	0.052569
75	81	0.052482
47	51	0.052463
35	70	0.052461
61	67	0.052234
64	73	0.052053
83	86	0.051982
58	87	0.051926
86	90	0.051881
29	34	0.051865
37	41	0.051826
77	81	0.051783
75	84	0.051733
83	94	0.051702
8	37	0.051659
24	37	0.051613
69	74	0.051481
42	48	0.051349
71	88	0.051348
64	68	0.051316
75	76	0.051258
43	68	0.051222
42	52	0.051183
4	10	0.05096
21	26	0.050919
97	103	0.050917
80	105	0.050889
16	19	0.050841
11	22	0.050668
51	94	0.050644
75	87	0.050616
66	91	0.050275
18	29	0.050173
24	34	0.05016
14	21	0.050107
39	54	0.050091
97	100	0.049881
21	35	0.049873
18	38	0.049593
74	91	0.049444
60	65	0.049389
24	32	0.049286
3	8	0.049259
25	45	0.04924
8	19	0.049213
48	54	0.049073
57	71	0.049045
88	95	0.048997
20	24	0.048981
93	98	0.048921
36	98	0.048894
29	104	0.048804
64	95	0.048587
81	85	0.048562
10	21	0.048409
17	37	0.048231
46	51	0.048148
79	89	0.048025
13	16	0.047968
56	98	0.047924
72	75	0.047921
51	66	0.047806
3	11	0.047802
74	75	0.047608
30	54	0.047591
64	83	0.047511
11	27	0.04746
74	76	0.047381
11	88	0.047352
16	35	0.047281
51	87	0.04727
17	26	0.047217
16	26	0.047029
61	99	0.047015
21	34	0.046931
34	41	0.046787
44	98	0.046735
6	63	0.046629
52	104	0.046515
18	26	0.046508
63	93	0.0465
73	98	0.046431
51	73	0.046095
77	90	0.045669
4	17	0.04557
67	79	0.045568
15	22	0.045556
16	23	0.045481
34	66	0.04543
77	95	0.045331
6	12	0.045327
79	92	0.045246
87	92	0.045115
59	92	0.044888
63	81	0.044756
63	89	0.044535
24	29	0.044454
19	30	0.044433
20	78	0.044411
16	18	0.044403
49	85	0.044175
69	98	0.044168
73	76	0.044039
20	72	0.043987
68	94	0.043908
70	95	0.043892
32	41	0.04358
63	91	0.043577
63	96	0.043483
22	33	0.043469
14	20	0.043459
73	80	0.043446
55	104	0.043439
69	91	0.043407
66	80	0.043354
16	57	0.043319
36	53	0.043277
78	92	0.043234
4	28	0.043231
3	32	0.042972
13	38	0.042931
28	105	0.0429
15	74	0.042717
91	96	0.042681
45	52	0.042544
42	93	0.042459
60	80	0.042444
33	81	0.042413
4	14	0.042367
15	25	0.042363
56	60	0.042205
61	65	0.042157
14	33	0.042114
41	52	0.042104
73	84	0.042016
56	72	0.041996
66	96	0.041936
22	31	0.041755
72	96	0.041641
87	96	0.041629
75	86	0.041594
25	34	0.041408
28	29	0.041391
32	74	0.041181
83	95	0.041181
96	101	0.041164
64	79	0.040995
25	55	0.040821
5	12	0.04071
80	86	0.040635
66	75	0.040541
69	84	0.04049
16	29	0.040452
18	43	0.040402
33	49	0.040398
40	77	0.040371
20	32	0.040348
94	100	0.040254
10	20	0.040052
3	28	0.04004
20	51	0.040019
21	24	0.040018
59	93	0.039984
16	24	0.039943
13	26	0.039784
46	53	0.039744
21	30	0.039655
50	64	0.039612
22	30	0.039525
19	32	0.039492
12	20	0.039437
69	92	0.039437
16	27	0.039349
77	85	0.039319
16	33	0.03923
65	79	0.039124
85	103	0.039027
8	17	0.038966
7	10	0.038825
55	79	0.038677
65	68	0.038615
24	33	0.038597
40	46	0.038357
45	99	0.038325
22	35	0.038278
89	92	0.038091
18	79	0.038049
78	91	0.038039
54	86	0.037991
19	78	0.03799
25	31	0.037897
68	80	0.037795
18	90	0.037692
21	45	0.037668
26	45	0.037656
74	97	0.037573
5	104	0.037389
40	63	0.037352
73	78	0.037296
64	102	0.037293
76	89	0.037234
66	95	0.037191
9	97	0.037098
45	75	0.037096
14	28	0.037075
91	101	0.037066
31	87	0.037051
66	78	0.037041
91	98	0.036981
76	84	0.036918
57	92	0.036888
6	70	0.036836
13	79	0.036816
87	97	0.036718
20	81	0.036652
18	46	0.036617
7	24	0.036607
31	33	0.036593
59	64	0.036564
13	59	0.036552
85	87	0.036546
74	94	0.036531
38	42	0.036523
86	91	0.036496
67	68	0.036431
28	34	0.036409
43	91	0.036321
47	62	0.036318
65	77	0.036228
64	105	0.0362
48	76	0.036122
31	90	0.036082
35	42	0.036081
25	37	0.036073
54	58	0.036072
29	52	0.036062
44	67	0.03597
7	102	0.035915
85	93	0.035851
17	25	0.03582
10	56	0.035789
91	97	0.035756
92	96	0.03575
55	66	0.035715
78	93	0.03567
69	71	0.035657
17	20	0.03558
25	32	0.035536
18	50	0.03553
11	99	0.035495
35	80	0.035472
92	95	0.035361
87	90	0.035278
3	25	0.035256
3	64	0.035161
77	83	0.035106
79	91	0.035068
27	33	0.034904
57	90	0.034795
65	70	0.034694
51	56	0.03468
68	73	0.03468
27	34	0.034656
17	27	0.034566
79	81	0.034561
24	55	0.034542
57	102	0.034521
69	76	0.034495
40	53	0.034487
13	17	0.034404
12	77	0.034349
70	90	0.034301
42	50	0.034292
57	103	0.034258
38	48	0.034201
15	27	0.034192
43	52	0.034191
40	75	0.034157
63	69	0.034079
96	99	0.034048
49	87	0.03403
11	16	0.034008
40	45	0.033997
31	71	0.033995
49	53	0.033995
57	78	0.033976
26	34	0.033892
12	27	0.033794
42	46	0.03371
80	93	0.033696
19	37	0.033687
44	75	0.03358
11	101	0.033561
10	66	0.033499
65	99	0.033499
10	51	0.033492
60	90	0.033465
50	52	0.033419
12	51	0.033409
58	71	0.033314
9	90	0.033313
18	54	0.033272
57	74	0.033236
73	95	0.033235
70	78	0.03315
47	59	0.033105
72	85	0.033026
52	93	0.032965
58	79	0.032906
81	92	0.032775
8	81	0.032757
10	14	0.032704
71	89	0.032621
3	16	0.032596
88	92	0.032553
10	98	0.032451
46	62	0.03241
4	12	0.032331
11	81	0.032279
9	66	0.032229
64	78	0.032154
28	54	0.032153
19	29	0.032136
60	83	0.032126
75	80	0.03212
78	100	0.032008
95	103	0.032003
62	102	0.031981
59	89	0.031853
6	54	0.031733
34	71	0.031658
60	76	0.031587
8	32	0.031555
61	79	0.031545
27	102	0.031474
58	75	0.031469
80	97	0.031398
90	105	0.031299
8	31	0.031295
13	84	0.031293
61	91	0.031252
7	79	0.031243
69	80	0.031234
71	73	0.031177
65	81	0.031087
53	101	0.031085
67	70	0.031023
14	88	0.03099
30	38	0.030947
15	30	0.030839
5	73	0.030838
85	100	0.030829
75	93	0.030732
23	88	0.030532
18	25	0.030459
67	72	0.030444
68	70	0.030379
59	80	0.03031
74	95	0.030193
13	21	0.030146
10	90	0.030126
83	92	0.030092
7	59	0.030023
11	57	0.029751
33	52	0.029737
13	14	0.029711
20	62	0.029708
49	62	0.029708
74	102	0.029685
36	42	0.029529
33	54	0.029426
19	100	0.029285
35	93	0.029257
59	61	0.02924
90	102	0.029197
58	102	0.029116
33	39	0.029014
86	93	0.028994
21	33	0.028964
14	44	0.028946
22	39	0.028897
10	65	0.028889
87	99	0.028835
20	58	0.02883
13	62	0.028793
64	72	0.028758
50	86	0.028717
21	36	0.028696
51	69	0.028625
71	90	0.028548
84	85	0.028493
51	55	0.028468
66	70	0.028451
23	34	0.028422
59	74	0.028379
3	33	0.028131
35	55	0.0281
57	95	0.028092
14	34	0.028088
49	52	0.028076
71	76	0.027982
36	40	0.027902
68	87	0.027854
10	58	0.027823
70	105	0.02782
35	83	0.027793
76	93	0.027791
86	98	0.027621
21	79	0.027588
66	92	0.02752
73	104	0.027492
26	41	0.027448
3	37	0.0274
70	73	0.027362
83	90	0.027351
5	101	0.027343
24	53	0.027342
3	96	0.027332
11	78	0.027306
36	105	0.027285
20	29	0.027275
34	59	0.02727
6	38	0.027257
7	104	0.027252
87	93	0.027252
3	43	0.027249
53	57	0.027188
24	35	0.027166
28	33	0.027136
6	18	0.027106
31	74	0.026994
70	75	0.026978
12	99	0.026648
23	45	0.026613
59	73	0.026598
66	69	0.026563
59	95	0.026528
28	71	0.026497
25	47	0.026453
51	97	0.02633
32	76	0.026271
65	76	0.026265
59	83	0.026212
15	37	0.026206
4	24	0.026199
35	104	0.026187
4	89	0.026182
67	83	0.026149
11	26	0.026001
17	28	0.025994
32	73	0.025956
14	24	0.025954
32	75	0.025951
61	88	0.025944
19	70	0.025916
95	100	0.025912
10	101	0.025846
16	28	0.025779
63	71	0.025757
34	94	0.025741
20	85	0.025667
24	38	0.025597
27	59	0.025593
43	64	0.025506
29	64	0.025452
31	34	0.025381
58	92	0.025349
28	30	0.025306
18	49	0.025264
42	70	0.025239
39	46	0.025225
19	24	0.025174
84	105	0.025131
40	76	0.025087
84	98	0.025052
76	85	0.025046
67	91	0.025028
11	25	0.024968
63	83	0.024948
46	70	0.024932
3	69	0.024903
34	76	0.024888
27	88	0.024787
17	76	0.024766
98	99	0.024757
7	78	0.024753
22	38	0.024686
3	63	0.024676
70	104	0.024564
24	31	0.024537
19	36	0.024462
24	45	0.024447
87	94	0.024435
51	76	0.024425
35	43	0.024422
22	32	0.024367
50	68	0.024358
18	75	0.024348
20	79	0.024329
29	33	0.024244
62	83	0.024159
4	83	0.024124
42	80	0.024112
50	65	0.024048
24	43	0.024008
8	55	0.023992
36	55	0.023969
20	40	0.023962
3	52	0.023922
15	64	0.0239
63	85	0.023844
88	96	0.023821
74	78	0.0237
9	92	0.023605
37	50	0.023597
62	93	0.023582
80	98	0.023549
48	56	0.023468
71	85	0.023328
84	92	0.023267
95	98	0.023229
54	60	0.023208
7	91	0.023192
10	83	0.023174
74	77	0.023165
97	105	0.023164
16	34	0.023162
7	16	0.023097
19	92	0.02309
68	91	0.023067
41	75	0.023017
50	95	0.022996
87	91	0.022981
71	74	0.022968
4	103	0.022852
44	81	0.022802
17	64	0.022677
11	14	0.022662
79	97	0.022631
75	100	0.022585
38	102	0.022559
8	41	0.022552
67	77	0.022446
13	23	0.022423
13	33	0.022348
6	83	0.022316
5	57	0.022272
89	95	0.022256
42	79	0.022233
86	96	0.022215
42	74	0.022202
3	10	0.022145
51	101	0.022014
4	74	0.021987
33	89	0.02198
36	69	0.021949
4	54	0.021796
67	88	0.021631
62	67	0.021568
94	99	0.021555
31	58	0.021433
19	85	0.021417
65	69	0.02141
16	54	0.021375
4	31	0.021267
23	37	0.02122
66	71	0.021087
23	52	0.021082
76	79	0.021057
90	91	0.021051
9	85	0.021026
11	42	0.020998
83	88	0.020973
67	74	0.020896
50	71	0.020894
37	79	0.020832
62	100	0.020786
21	51	0.020763
32	89	0.020761
62	82	0.020744
40	87	0.020683
73	77	0.020683
14	60	0.020487
58	99	0.020472
34	45	0.020413
34	50	0.020371
60	70	0.020331
18	81	0.020294
21	32	0.020273
23	56	0.020269
69	73	0.020206
21	31	0.020177
69	81	0.020097
15	57	0.020052
36	64	0.02005
21	29	0.020012
20	76	0.019918
66	100	0.019892
3	62	0.019889
42	61	0.019836
75	89	0.019796
4	29	0.019793
47	98	0.019736
13	97	0.019695
53	67	0.019583
31	60	0.019572
55	80	0.01956
52	105	0.019551
33	64	0.019532
56	61	0.019408
40	73	0.019399
39	49	0.019395
51	86	0.019391
36	84	0.019376
22	60	0.019341
18	87	0.019321
17	24	0.019281
83	102	0.019262
71	96	0.019164
35	74	0.019087
88	103	0.019084
21	56	0.019058
6	25	0.019047
63	104	0.019019
7	82	0.018999
59	84	0.01895
67	93	0.018923
79	103	0.018889
54	77	0.01888
18	76	0.018863
25	29	0.018839
68	84	0.018835
80	91	0.018738
34	88	0.018575
39	45	0.018466
80	92	0.018455
59	72	0.018363
95	101	0.01834
6	39	0.01833
35	84	0.018319
70	79	0.018301
16	38	0.018252
77	84	0.018251
71	75	0.01824
16	45	0.0182
85	96	0.018168
35	54	0.018159
44	96	0.018099
31	93	0.018085
68	74	0.018053
56	105	0.018044
28	48	0.018039
16	31	0.017914
4	53	0.017882
86	101	0.017881
38	67	0.017864
26	85	0.017728
63	67	0.017714
20	60	0.017712
39	55	0.01763
53	58	0.017597
15	100	0.01757
3	57	0.017524
3	95	0.017511
51	83	0.017488
11	92	0.017467
36	91	0.017352
12	16	0.017341
14	51	0.017299
17	44	0.017296
56	101	0.017295
66	86	0.017292
54	102	0.017291
50	103	0.017285
56	74	0.017265
95	105	0.017254
23	55	0.017232
90	98	0.017225
87	100	0.01715
7	37	0.017119
50	72	0.017091
32	52	0.017086
6	79	0.017078
17	40	0.017053
37	42	0.017003
76	80	0.01694
11	68	0.016937
3	79	0.01693
84	95	0.016922
26	40	0.016898
41	100	0.01688
16	20	0.016775
13	75	0.016698
56	77	0.016694
68	86	0.016683
29	37	0.016678
3	94	0.01657
7	71	0.016531
97	99	0.016531
56	92	0.016485
10	62	0.016483
59	99	0.016475
85	102	0.016472
14	35	0.016461
7	96	0.01644
22	76	0.01643
85	90	0.016415
44	69	0.016389
25	52	0.016363
55	58	0.016304
36	74	0.0163
14	36	0.016282
58	76	0.016266
21	42	0.016213
61	105	0.016211
15	93	0.016203
22	56	0.016185
43	83	0.016172
26	64	0.016143
15	45	0.016133
5	20	0.0161
32	36	0.01609
42	53	0.016069
35	68	0.016062
61	66	0.016027
4	100	0.015986
27	80	0.015941
42	84	0.015912
56	89	0.015898
58	84	0.01585
82	89	0.015827
31	77	0.015804
61	95	0.015769
48	52	0.015674
37	74	0.015669
9	43	0.015612
30	36	0.015567
15	28	0.015559
3	12	0.01554
20	31	0.015507
8	29	0.015496
82	88	0.015489
90	103	0.015486
44	79	0.01548
10	77	0.015469
37	56	0.015439
71	79	0.015418
19	62	0.01534
40	86	0.015276
11	30	0.015273
34	39	0.015263
35	69	0.015253
13	19	0.015245
47	74	0.015241
12	76	0.015235
41	55	0.01515
12	22	0.015037
69	95	0.015005
12	42	0.015
19	34	0.014898
31	80	0.014889
60	100	0.014889
33	65	0.014824
28	82	0.014743
21	39	0.014694
70	83	0.014692
13	40	0.014691
45	98	0.014685
29	38	0.014653
78	96	0.014569
88	98	0.014526
89	101	0.014489
52	100	0.014484
74	80	0.014459
17	46	0.014431
92	97	0.014422
69	96	0.014412
36	52	0.014404
11	44	0.014373
6	24	0.014345
78	97	0.014337
64	82	0.01433
68	100	0.014284
9	27	0.014256
74	88	0.014239
25	56	0.014237
31	40	0.014237
55	62	0.014221
6	28	0.014207
87	88	0.0142
4	76	0.014186
7	14	0.014178
19	50	0.01417
70	103	0.013998
9	72	0.013981
40	66	0.013964
94	98	0.013906
66	81	0.013868
35	40	0.013833
91	95	0.013815
30	51	0.013778
15	33	0.013729
55	100	0.01371
58	77	0.013676
16	48	0.01366
46	69	0.013638
77	103	0.013582
43	84	0.013579
29	100	0.013482
32	43	0.013472
37	53	0.013461
18	82	0.013458
53	80	0.013426
15	42	0.013365
8	66	0.013306
34	69	0.013288
53	105	0.013203
82	100	0.013156
12	71	0.013147
49	77	0.013078
75	101	0.013017
18	92	0.013003
8	16	0.013001
24	48	0.012961
47	57	0.012934
76	91	0.012933
89	96	0.012897
15	66	0.012879
85	95	0.012845
11	62	0.012792
70	86	0.012784
15	52	0.012753
22	36	0.012735
21	71	0.012669
65	96	0.012653
60	79	0.012631
4	16	0.012625
73	82	0.012608
49	89	0.012603
77	82	0.012593
58	98	0.012588
30	101	0.012577
4	82	0.012538
7	13	0.012538
47	52	0.012405
79	82	0.01239
26	33	0.012384
8	75	0.012361
8	99	0.012346
42	94	0.012337
31	36	0.012304
85	94	0.012258
12	62	0.012206
35	79	0.01217
59	97	0.012163
9	78	0.01215
57	62	0.012142
89	100	0.012114
49	55	0.012096
6	33	0.011984
47	58	0.011943
28	49	0.011908
80	82	0.011844
14	47	0.01183
4	15	0.011777
42	72	0.011774
82	90	0.011762
27	58	0.011743
17	74	0.011731
4	71	0.011708
28	87	0.011699
72	83	0.011691
8	27	0.011658
82	103	0.011625
50	82	0.0116
11	15	0.011571
8	49	0.011567
28	65	0.011558
14	41	0.011548
66	74	0.01154
74	85	0.011508
6	53	0.011434
36	72	0.011393
42	89	0.011369
62	97	0.011363
62	66	0.01131
11	18	0.011304
89	97	0.011264
19	48	0.011227
88	91	0.011208
83	96	0.011197
54	62	0.011172
10	16	0.011132
16	56	0.011112
61	89	0.011107
52	74	0.011093
45	84	0.011084
90	96	0.011075
49	54	0.011064
11	23	0.010988
31	41	0.010965
20	86	0.010942
8	14	0.010941
18	80	0.010937
76	104	0.010932
35	51	0.010893
28	88	0.010834
30	47	0.010814
59	70	0.010794
44	58	0.010773
98	105	0.010745
59	62	0.010719
19	69	0.010717
4	39	0.010709
60	69	0.010683
4	59	0.010668
58	101	0.010621
79	88	0.010615
4	58	0.010461
65	72	0.010394
45	60	0.010374
11	84	0.010362
82	101	0.010359
12	63	0.010341
51	67	0.010331
60	99	0.010285
18	41	0.010264
81	84	0.010259
10	30	0.010251
98	104	0.01023
14	56	0.010224
34	48	0.010216
23	101	0.010177
28	67	0.010109
52	89	0.010094
39	68	0.010062
21	55	0.010039
33	42	0.010018
35	48	0.009999
21	70	0.009987
11	65	0.009976
5	14	0.009935
29	94	0.009897
69	72	0.009896
30	48	0.009854
29	105	0.00981
65	93	0.009807
13	28	0.009738
71	103	0.009722
11	33	0.009719
16	36	0.009667
11	73	0.009642
11	34	0.009614
63	82	0.00956
8	105	0.009538
43	56	0.009526
10	27	0.009478
79	99	0.009468
31	73	0.009451
25	59	0.009435
15	53	0.009401
8	68	0.009353
82	87	0.009321
66	98	0.009295
20	82	0.009213
27	40	0.009212
10	23	0.009209
27	47	0.009185
24	100	0.009184
85	91	0.009163
50	53	0.009129
68	88	0.009122
89	98	0.009115
55	63	0.009069
78	82	0.009061
34	84	0.009036
70	88	0.008987
20	46	0.008955
82	92	0.008948
82	102	0.008909
15	89	0.008903
14	104	0.008898
33	55	0.008763
9	103	0.008742
58	69	0.008738
5	22	0.008726
25	105	0.008726
62	69	0.008648
11	63	0.008647
20	39	0.008633
62	98	0.008613
37	101	0.008588
42	105	0.008538
82	84	0.00851
6	22	0.008493
39	58	0.008459
55	61	0.008451
47	60	0.008439
58	81	0.008415
5	17	0.008392
14	45	0.008373
82	83	0.008334
42	58	0.008286
20	30	0.008279
48	55	0.008277
75	85	0.008275
45	63	0.008234
5	19	0.008204
11	74	0.008176
82	86	0.008153
10	34	0.008099
73	103	0.008062
30	75	0.008031
18	39	0.008018
72	100	0.008017
24	47	0.007945
97	104	0.007879
45	57	0.007771
57	70	0.007758
12	101	0.007753
70	91	0.007752
30	57	0.007723
46	84	0.007703
3	70	0.007693
86	89	0.007621
6	82	0.007605
68	72	0.007604
70	85	0.007603
49	65	0.007599
4	105	0.007508
46	81	0.007492
33	73	0.007475
81	100	0.007453
82	85	0.007444
1	2	0.00744
1	106	0.00744
2	106	0.00744
82	93	0.007427
82	99	0.007423
15	36	0.007331
53	66	0.007298
70	98	0.007274
38	86	0.007255
21	43	0.007251
8	104	0.007222
44	64	0.007203
26	59	0.007193
28	50	0.007164
48	62	0.007163
6	17	0.007142
74	83	0.007142
72	88	0.007094
9	79	0.007084
67	82	0.007044
32	47	0.007037
78	105	0.007027
42	62	0.007009
15	41	0.006951
34	49	0.006921
30	59	0.006916
19	98	0.006889
1	82	0.00688
2	82	0.00688
82	106	0.00688
37	43	0.006828
70	87	0.006764
82	94	0.006715
6	23	0.00668
7	15	0.00667
35	52	0.006665
60	73	0.006659
31	37	0.006624
65	71	0.006536
12	15	0.006527
45	103	0.006513
78	94	0.006513
25	89	0.006474
48	87	0.006468
26	74	0.006451
52	60	0.006411
8	102	0.006409
47	61	0.006385
82	97	0.006382
11	58	0.00637
59	102	0.00635
25	36	0.006337
37	54	0.006328
57	61	0.0062
61	101	0.006195
49	102	0.00619
9	104	0.00616
16	39	0.006056
54	104	0.006056
57	97	0.006031
30	60	0.006007
40	70	0.005959
80	88	0.005945
54	57	0.005899
76	90	0.00589
73	91	0.00584
5	60	0.005823
29	75	0.005804
33	83	0.005799
64	98	0.005797
66	102	0.005786
60	87	0.005766
61	104	0.005752
33	43	0.00575
41	70	0.00575
6	78	0.00571
20	87	0.005694
82	105	0.005675
57	89	0.005654
22	71	0.005652
96	100	0.005573
5	24	0.005561
48	63	0.005536
46	101	0.005506
10	81	0.005504
30	43	0.005485
51	59	0.005434
71	82	0.005431
58	78	0.00536
29	47	0.005326
42	57	0.005322
54	67	0.005314
46	66	0.005265
61	102	0.005236
11	79	0.005216
19	83	0.005209
69	89	0.005206
17	53	0.005202
35	71	0.005198
76	82	0.005187
52	83	0.005075
11	70	0.005007
75	103	0.004977
6	21	0.004971
82	104	0.004935
74	101	0.004925
82	95	0.004903
16	71	0.004869
68	82	0.004867
8	95	0.004851
51	79	0.004848
19	93	0.00479
23	71	0.00479
39	51	0.004789
89	102	0.004783
80	83	0.004715
20	54	0.004691
13	90	0.004688
34	83	0.004639
4	43	0.004629
11	69	0.004613
17	57	0.004609
86	95	0.004556
49	61	0.004555
6	37	0.004523
82	98	0.004496
34	52	0.004447
5	37	0.004374
73	101	0.004334
8	90	0.004316
67	97	0.004292
25	60	0.004281
29	85	0.004262
7	98	0.004202
23	36	0.004161
3	80	0.004154
61	96	0.004121
46	77	0.004119
31	52	0.004081
17	100	0.004055
7	100	0.004021
19	49	0.00397
40	96	0.003959
94	103	0.003912
4	88	0.003907
48	93	0.003903
22	34	0.003901
72	94	0.003884
78	84	0.003878
5	59	0.003838
82	96	0.003828
9	16	0.003819
12	65	0.003778
6	27	0.003769
22	51	0.00375
23	47	0.003741
49	69	0.003733
45	54	0.003725
13	98	0.00368
29	36	0.003664
9	17	0.003653
69	99	0.003628
47	81	0.003538
32	100	0.003481
52	73	0.003475
46	63	0.003457
92	98	0.003442
52	80	0.003418
33	94	0.003392
21	57	0.003387
77	88	0.003365
35	53	0.003363
23	61	0.003351
58	82	0.00334
93	103	0.003323
81	82	0.003314
49	93	0.003289
67	94	0.003274
36	70	0.00327
13	30	0.003231
55	105	0.003221
9	74	0.003209
37	57	0.0032
54	66	0.003175
13	74	0.003157
69	82	0.003142
17	85	0.003134
41	62	0.003106
79	101	0.003099
57	72	0.003093
63	84	0.003092
7	39	0.00305
7	81	0.003049
13	36	0.003049
54	98	0.003049
22	74	0.003044
12	34	0.00304
45	105	0.003022
19	43	0.003015
21	53	0.003003
10	55	0.002986
30	87	0.00297
32	104	0.002922
10	15	0.002916
61	73	0.002909
56	99	0.002898
6	58	0.002891
47	63	0.002873
59	65	0.002862
87	89	0.002813
35	56	0.002787
34	80	0.002777
55	74	0.002749
31	47	0.002722
14	55	0.002679
9	64	0.002607
9	31	0.002588
12	40	0.002534
69	75	0.002517
50	76	0.002513
58	88	0.002479
18	102	0.002474
73	93	0.002433
39	104	0.002417
41	92	0.00239
4	32	0.002389
5	46	0.002389
53	87	0.002387
34	47	0.002384
17	34	0.002378
1	23	0.002333
2	23	0.002333
23	106	0.002333
71	102	0.002316
71	94	0.002286
40	62	0.002271
13	24	0.002216
16	55	0.002212
7	67	0.002195
24	61	0.002191
5	29	0.002178
21	87	0.002147
6	101	0.0021
31	45	0.002073
24	44	0.002046
88	97	0.002001
37	86	0.001983
19	74	0.001964
87	98	0.001961
51	60	0.001936
81	104	0.001928
26	58	0.001923
19	47	0.00191
16	53	0.001904
46	59	0.001884
1	25	0.001822
2	25	0.001822
25	106	0.001822
47	56	0.001807
76	94	0.001801
42	87	0.001744
80	85	0.001732
18	69	0.001731
11	71	0.001722
13	29	0.001701
13	58	0.001681
94	105	0.00166
50	56	0.001644
54	76	0.001622
46	104	0.001571
37	99	0.001566
40	48	0.001557
14	57	0.001554
44	88	0.001533
1	32	0.001521
2	32	0.001521
32	106	0.001521
65	94	0.001499
80	96	0.001486
12	14	0.001415
1	36	0.001402
2	36	0.001402
36	106	0.001402
8	48	0.001397
62	81	0.00137
1	41	0.001358
2	41	0.001358
41	106	0.001358
15	56	0.001351
33	51	0.001298
57	101	0.001271
53	100	0.001234
59	103	0.001228
86	88	0.001225
18	71	0.001203
6	104	0.001187
5	18	0.001181
1	42	0.001176
2	42	0.001176
42	106	0.001176
45	55	0.001161
1	48	0.001156
2	48	0.001156
48	106	0.001156
22	89	0.001132
1	21	0.001131
2	21	0.001131
21	106	0.001131
7	51	0.001125
78	83	0.001119
39	78	0.001094
61	69	0.001088
1	14	0.001064
2	14	0.001064
14	106	0.001064
12	39	0.001036
46	56	0.001031
4	26	0.001027
10	97	0.001017
38	84	0.001015
1	62	0.000993
2	62	0.000993
62	106	0.000993
1	47	0.000987
2	47	0.000987
47	106	0.000987
46	73	0.000979
6	96	0.000976
83	87	0.000971
22	45	0.000967
3	50	0.000934
1	15	0.000906
2	15	0.000906
15	106	0.000906
52	79	0.000899
55	69	0.000899
60	74	0.000896
26	38	0.00089
3	15	0.000879
1	30	0.000861
2	30	0.000861
30	106	0.000861
75	99	0.000786
15	46	0.000784
47	103	0.000742
1	45	0.000739
2	45	0.000739
45	106	0.000739
84	99	0.000733
40	84	0.000729
1	52	0.000694
2	52	0.000694
52	106	0.000694
1	17	0.000662
2	17	0.000662
17	106	0.000662
10	42	0.000661
1	46	0.000656
2	46	0.000656
46	106	0.000656
1	74	0.00064
2	74	0.00064
74	106	0.00064
1	91	0.000632
2	91	0.000632
91	106	0.000632
1	100	0.000625
2	100	0.000625
100	106	0.000625
1	16	0.00062
2	16	0.00062
16	106	0.00062
43	105	0.00062
23	46	0.000618
64	97	0.000617
61	80	0.000582
1	72	0.000576
2	72	0.000576
72	106	0.000576
50	70	0.000546
51	58	0.000529
1	29	0.000528
2	29	0.000528
29	106	0.000528
33	105	0.000528
85	98	0.000512
78	89	0.000509
1	5	0.000504
2	5	0.000504
5	106	0.000504
1	35	0.000499
2	35	0.000499
35	106	0.000499
1	24	0.000491
2	24	0.000491
24	106	0.000491
11	48	0.000484
8	24	0.000443
12	82	0.000442
11	77	0.000433
9	25	0.00042
1	43	0.000414
2	43	0.000414
5	33	0.000414
43	106	0.000414
7	27	0.000407
27	70	0.000401
38	55	0.000388
1	22	0.000382
2	22	0.000382
22	106	0.000382
1	44	0.00038
2	44	0.00038
44	106	0.00038
39	61	0.000347
23	44	0.000331
1	8	0.000328
2	8	0.000328
8	106	0.000328
46	61	0.000319
43	65	0.000297
1	13	0.00029
2	13	0.00029
13	106	0.00029
42	54	0.000282
3	100	0.000266
39	43	0.000256
41	53	0.000255
1	56	0.000243
2	56	0.000243
56	106	0.000243
36	97	0.000241
6	14	0.000236
1	103	0.000212
2	103	0.000212
103	106	0.000212
9	50	0.000191
42	64	0.000165
1	26	0.000161
2	26	0.000161
26	106	0.000161
56	73	0.000143
21	47	0.000142
1	7	0.000124
2	7	0.000124
7	106	0.000124
1	89	0.000118
2	89	0.000118
89	106	0.000118
1	57	0.000111
2	57	0.000111
57	106	0.000111
1	31	0.000102
2	31	0.000102
31	106	0.000102
67	99	0.0001
1	101	8.5e-05
2	101	8.5e-05
101	106	8.5e-05
1	19	8.3e-05
2	19	8.3e-05
19	106	8.3e-05
70	82	6.9e-05
1	61	-6e-06
2	61	-6e-06
61	106	-6e-06
50	79	-1e-05
6	29	-2e-05
61	93	-4.4e-05
3	68	-5.5e-05
1	75	-6.2e-05
2	75	-6.2e-05
70	101	-6.2e-05
75	106	-6.2e-05
1	34	-0.0001
2	34	-0.0001
34	106	-0.0001
63	75	-0.000129
51	81	-0.000159
1	39	-0.000164
2	39	-0.000164
39	106	-0.000164
1	27	-0.000172
2	27	-0.000172
27	106	-0.000172
1	66	-0.000202
2	66	-0.000202
66	106	-0.000202
41	93	-0.000205
1	49	-0.000219
2	49	-0.000219
49	106	-0.000219
9	93	-0.000232
1	10	-0.000236
2	10	-0.000236
10	106	-0.000236
40	97	-0.000242
1	53	-0.000292
2	53	-0.000292
53	106	-0.000292
13	18	-0.000294
60	86	-0.000295
15	34	-0.0003
21	38	-0.000307
1	88	-0.00031
2	88	-0.00031
88	106	-0.00031
1	11	-0.000313
2	11	-0.000313
11	106	-0.000313
31	55	-0.000314
1	6	-0.000322
2	6	-0.000322
6	106	-0.000322
1	90	-0.000331
2	90	-0.000331
90	106	-0.000331
29	57	-0.000361
1	60	-0.00037
2	60	-0.00037
60	106	-0.00037
1	73	-0.000391
2	73	-0.000391
73	106	-0.000391
7	25	-0.000392
1	37	-0.000412
2	37	-0.000412
37	106	-0.000412
1	55	-0.00044
2	55	-0.00044
55	106	-0.00044
1	99	-0.000444
2	99	-0.000444
99	106	-0.000444
1	65	-0.000445
2	65	-0.000445
65	106	-0.000445
1	97	-0.000449
2	97	-0.000449
97	106	-0.000449
32	35	-0.00045
16	51	-0.000455
24	64	-0.000462
32	38	-0.000479
22	69	-0.000485
1	102	-0.000538
2	102	-0.000538
102	106	-0.000538
1	51	-0.000544
2	51	-0.000544
51	106	-0.000544
30	37	-0.000548
1	40	-0.000552
2	40	-0.000552
40	106	-0.000552
60	102	-0.000561
5	77	-0.000568
1	50	-0.000569
2	50	-0.000569
50	106	-0.000569
8	61	-0.000607
4	102	-0.000614
43	92	-0.00063
23	43	-0.000636
15	24	-0.000643
8	23	-0.000653
6	31	-0.000697
1	59	-0.000707
2	59	-0.000707
59	106	-0.000707
1	33	-0.000732
2	33	-0.000732
33	106	-0.000732
1	9	-0.000734
2	9	-0.000734
9	106	-0.000734
32	37	-0.000735
50	81	-0.00077
51	65	-0.000772
1	18	-0.000784
2	18	-0.000784
18	106	-0.000784
89	104	-0.000806
49	63	-0.000832
34	67	-0.000847
1	87	-0.000857
2	87	-0.000857
87	106	-0.000857
29	35	-0.000861
88	94	-0.000874
22	41	-0.000877
1	54	-0.000888
2	54	-0.000888
54	106	-0.000888
4	33	-0.000902
21	99	-0.000904
1	4	-0.000919
2	4	-0.000919
4	106	-0.000919
20	67	-0.000934
38	43	-0.00094
1	78	-0.000945
2	78	-0.000945
78	106	-0.000945
48	88	-0.000946
1	104	-0.000949
2	104	-0.000949
104	106	-0.000949
1	3	-0.000968
2	3	-0.000968
3	106	-0.000968
1	70	-0.00097
2	70	-0.00097
70	106	-0.00097
1	38	-0.000999
2	38	-0.000999
38	106	-0.000999
74	96	-0.001008
11	35	-0.001022
65	105	-0.001031
1	92	-0.001057
2	92	-0.001057
92	106	-0.001057
43	87	-0.001064
34	79	-0.001072
32	88	-0.001092
84	89	-0.001104
1	20	-0.001106
2	20	-0.001106
20	106	-0.001106
1	77	-0.001108
2	77	-0.001108
77	106	-0.001108
92	100	-0.001109
1	105	-0.001114
2	105	-0.001114
105	106	-0.001114
1	80	-0.001115
2	80	-0.001115
80	106	-0.001115
3	51	-0.001119
57	93	-0.001131
88	102	-0.001161
1	98	-0.001164
2	98	-0.001164
69	105	-0.001164
98	106	-0.001164
1	81	-0.001183
2	81	-0.001183
81	106	-0.001183
8	40	-0.001189
1	76	-0.001192
2	76	-0.001192
76	106	-0.001192
43	96	-0.001194
58	97	-0.001205
10	74	-0.001213
15	38	-0.001218
1	28	-0.00122
2	28	-0.00122
28	106	-0.00122
1	63	-0.001225
2	63	-0.001225
63	106	-0.001225
65	100	-0.001226
1	64	-0.001249
2	64	-0.001249
64	106	-0.001249
1	68	-0.00125
2	68	-0.00125
68	106	-0.00125
1	86	-0.001271
2	86	-0.001271
86	106	-0.001271
1	58	-0.001281
2	58	-0.001281
58	106	-0.001281
1	69	-0.001283
2	69	-0.001283
69	106	-0.001283
9	44	-0.001295
44	103	-0.001299
1	71	-0.001313
2	71	-0.001313
71	106	-0.001313
4	63	-0.001318
50	90	-0.00134
32	40	-0.001349
58	104	-0.001358
1	67	-0.001359
2	67	-0.001359
67	106	-0.001359
1	85	-0.001368
2	85	-0.001368
85	106	-0.001368
1	83	-0.001375
2	83	-0.001375
83	106	-0.001375
1	96	-0.001379
2	96	-0.001379
96	106	-0.001379
9	100	-0.001398
17	103	-0.001415
42	90	-0.001426
11	64	-0.001427
24	92	-0.001434
44	57	-0.001445
27	101	-0.00145
1	79	-0.001457
2	79	-0.001457
79	106	-0.001457
30	39	-0.001462
32	65	-0.001466
1	93	-0.001476
2	93	-0.001476
93	106	-0.001476
16	66	-0.00148
1	84	-0.001487
2	84	-0.001487
84	106	-0.001487
63	68	-0.001511
58	66	-0.001519
63	95	-0.001542
54	99	-0.001548
1	95	-0.001552
2	95	-0.001552
95	106	-0.001552
5	25	-0.001555
46	80	-0.001589
69	97	-0.001591
1	94	-0.001616
2	94	-0.001616
94	106	-0.001616
36	86	-0.00162
12	57	-0.001627
1	12	-0.001662
2	12	-0.001662
12	106	-0.001662
41	64	-0.001685
6	13	-0.001708
64	80	-0.00171
7	19	-0.001783
89	99	-0.001796
35	98	-0.001815
63	66	-0.001816
31	69	-0.001879
52	59	-0.001945
21	59	-0.001964
23	41	-0.00199
23	60	-0.002002
49	76	-0.002005
49	71	-0.002013
16	42	-0.002016
38	82	-0.002022
26	35	-0.002051
63	97	-0.002064
25	86	-0.002073
26	89	-0.002095
55	101	-0.002106
80	94	-0.002112
15	73	-0.002126
8	103	-0.002129
56	83	-0.002211
48	84	-0.002213
40	55	-0.002231
71	101	-0.002232
92	99	-0.002262
47	101	-0.002322
12	79	-0.002364
30	53	-0.002391
31	63	-0.002407
44	68	-0.002432
27	69	-0.002439
73	87	-0.002459
48	71	-0.00248
15	97	-0.002496
34	46	-0.002539
91	100	-0.002561
20	90	-0.002662
31	105	-0.002681
87	95	-0.002685
37	75	-0.002687
34	99	-0.002698
34	102	-0.0027
20	105	-0.002703
63	72	-0.002707
3	34	-0.002711
74	103	-0.002712
45	102	-0.002721
50	99	-0.002734
24	83	-0.002769
47	75	-0.002781
13	68	-0.002783
36	77	-0.002788
57	65	-0.002799
45	53	-0.002902
54	85	-0.00295
62	75	-0.002969
76	97	-0.002971
5	53	-0.003026
73	102	-0.003045
30	93	-0.003081
13	100	-0.003124
50	73	-0.003128
33	76	-0.003212
28	83	-0.003216
79	83	-0.003222
8	65	-0.003228
10	96	-0.003283
43	101	-0.003316
60	81	-0.003323
44	54	-0.003327
29	67	-0.00334
65	90	-0.003373
69	85	-0.0034
21	72	-0.003407
57	73	-0.003412
66	77	-0.003421
29	44	-0.003424
13	80	-0.00345
22	58	-0.003451
53	78	-0.003484
47	104	-0.003495
19	55	-0.003516
90	97	-0.003517
24	49	-0.00354
12	26	-0.003557
47	55	-0.003567
42	68	-0.003582
9	81	-0.0036
10	26	-0.00362
20	41	-0.003624
11	72	-0.003626
33	74	-0.003629
26	88	-0.003634
77	100	-0.003645
76	78	-0.00365
22	53	-0.003683
3	58	-0.003723
22	85	-0.003732
90	100	-0.003738
7	26	-0.003799
20	53	-0.0038
62	78	-0.003807
12	60	-0.003815
65	89	-0.003821
61	78	-0.003852
72	82	-0.003863
62	80	-0.003873
10	25	-0.003888
21	50	-0.003892
28	41	-0.003894
65	102	-0.003922
12	17	-0.003957
56	63	-0.003979
44	74	-0.003981
5	99	-0.004013
19	82	-0.004014
70	96	-0.004035
17	33	-0.00405
20	35	-0.004106
32	61	-0.004107
24	71	-0.004115
75	105	-0.004141
9	102	-0.00416
38	77	-0.00416
6	43	-0.004188
59	82	-0.004199
42	55	-0.004228
30	56	-0.004231
74	98	-0.004233
44	61	-0.004272
43	80	-0.004311
36	100	-0.004359
49	82	-0.004396
13	82	-0.004417
71	93	-0.004459
33	61	-0.004503
22	86	-0.004515
61	97	-0.004525
50	94	-0.004527
52	84	-0.004548
39	48	-0.004574
41	77	-0.004578
25	85	-0.004583
75	102	-0.004603
6	56	-0.004608
16	44	-0.004613
9	68	-0.004638
73	100	-0.004642
49	67	-0.004646
27	49	-0.004672
70	77	-0.004674
13	76	-0.00468
48	85	-0.004712
69	104	-0.004725
4	41	-0.004753
50	60	-0.004759
36	93	-0.004803
3	61	-0.00482
24	36	-0.004824
49	94	-0.004834
13	94	-0.004842
34	74	-0.004868
45	91	-0.004869
33	41	-0.004874
28	91	-0.004892
67	69	-0.004912
3	71	-0.004933
55	76	-0.004987
14	101	-0.004996
50	54	-0.005021
56	68	-0.005027
14	83	-0.005039
61	77	-0.005052
36	80	-0.005056
19	67	-0.00506
3	82	-0.00512
28	63	-0.005132
57	100	-0.00514
3	99	-0.005151
47	97	-0.005186
94	101	-0.005191
25	35	-0.005193
77	99	-0.005199
86	97	-0.005199
79	87	-0.005238
15	47	-0.005239
17	86	-0.005241
22	87	-0.005277
80	100	-0.005281
54	82	-0.005286
83	99	-0.00531
40	89	-0.005322
9	94	-0.005338
66	83	-0.005341
82	91	-0.005343
63	77	-0.005368
43	82	-0.005385
12	35	-0.005395
60	66	-0.005403
27	62	-0.005404
65	82	-0.005427
34	62	-0.005439
22	40	-0.005482
23	89	-0.005484
29	53	-0.005485
20	94	-0.005494
45	61	-0.005494
7	53	-0.00551
48	53	-0.005571
56	100	-0.005579
33	47	-0.005601
6	80	-0.005605
53	82	-0.005614
44	100	-0.00563
13	43	-0.005652
67	85	-0.005675
35	76	-0.005689
35	75	-0.005723
63	105	-0.005731
6	44	-0.005746
18	58	-0.005748
27	78	-0.005756
26	47	-0.00581
91	105	-0.005822
19	41	-0.005862
64	91	-0.005863
86	92	-0.005863
31	76	-0.005896
84	90	-0.005904
60	89	-0.005908
56	64	-0.006005
21	83	-0.006026
22	50	-0.006049
30	81	-0.006054
35	95	-0.00608
21	90	-0.006082
23	59	-0.006087
40	99	-0.00611
41	60	-0.006113
68	96	-0.00616
4	70	-0.006194
60	63	-0.006257
40	64	-0.006258
46	96	-0.006259
34	54	-0.006273
10	36	-0.006279
31	43	-0.006285
5	51	-0.006294
8	62	-0.006304
34	57	-0.006324
60	91	-0.006333
36	48	-0.006361
27	94	-0.00637
48	59	-0.006406
35	105	-0.006416
66	82	-0.006422
40	71	-0.006424
49	96	-0.006454
61	71	-0.006458
42	86	-0.006467
24	52	-0.006491
9	82	-0.006527
32	77	-0.006559
66	90	-0.006564
32	39	-0.006565
30	83	-0.006567
14	73	-0.006579
8	38	-0.006582
6	55	-0.006587
81	88	-0.006642
33	82	-0.006644
33	50	-0.006682
73	99	-0.006698
15	63	-0.006704
48	65	-0.006728
22	92	-0.006729
38	50	-0.00673
37	72	-0.00674
56	79	-0.006756
57	64	-0.006771
21	66	-0.006791
43	60	-0.006832
85	99	-0.006838
41	88	-0.006842
77	98	-0.006872
13	54	-0.006893
48	103	-0.006905
9	76	-0.006913
63	102	-0.006998
80	90	-0.007025
28	78	-0.00703
16	49	-0.007059
71	104	-0.007066
6	60	-0.007117
27	100	-0.007121
33	96	-0.007149
26	52	-0.007151
52	88	-0.007152
5	21	-0.007214
33	53	-0.007245
16	89	-0.007258
19	77	-0.007296
47	90	-0.007296
6	16	-0.007313
4	93	-0.007342
85	97	-0.007346
14	86	-0.007347
83	97	-0.007395
28	104	-0.007404
37	82	-0.007409
23	75	-0.007421
5	23	-0.00743
5	35	-0.007439
23	35	-0.007445
29	74	-0.007478
18	63	-0.007482
25	54	-0.007533
7	103	-0.007545
73	81	-0.007546
63	103	-0.007548
51	105	-0.007553
58	65	-0.007556
38	51	-0.00757
24	74	-0.007579
13	47	-0.007584
35	82	-0.007585
60	103	-0.007593
8	89	-0.007623
37	63	-0.007629
44	56	-0.007659
90	99	-0.00768
38	95	-0.007688
23	82	-0.007709
43	61	-0.007712
56	71	-0.007716
8	60	-0.007785
23	69	-0.007792
29	40	-0.007801
39	82	-0.007838
30	88	-0.007862
20	89	-0.007881
26	87	-0.007884
36	68	-0.007896
58	63	-0.007911
28	95	-0.007913
60	104	-0.007936
48	61	-0.007937
16	60	-0.007948
27	82	-0.007951
3	93	-0.007976
13	88	-0.007981
32	82	-0.007984
31	59	-0.007995
73	94	-0.007998
78	103	-0.008001
37	104	-0.008013
19	38	-0.008021
41	54	-0.00808
17	105	-0.008084
48	105	-0.008098
62	84	-0.00812
22	46	-0.008133
42	95	-0.008136
44	62	-0.008137
35	45	-0.008175
7	49	-0.008184
33	70	-0.008195
17	48	-0.008222
18	83	-0.008242
5	82	-0.008263
22	88	-0.008281
31	82	-0.008303
29	46	-0.008323
10	17	-0.008327
30	42	-0.008333
21	82	-0.008341
75	82	-0.008369
39	66	-0.008373
25	82	-0.008427
79	93	-0.008435
57	75	-0.008477
36	82	-0.008489
13	31	-0.008494
7	22	-0.008503
17	81	-0.008526
56	62	-0.008544
69	77	-0.008558
11	82	-0.008577
53	103	-0.008577
32	48	-0.008579
25	102	-0.008586
11	75	-0.008605
6	20	-0.008609
15	82	-0.00861
74	90	-0.008615
9	65	-0.008616
30	67	-0.008616
37	58	-0.008617
57	80	-0.008626
30	52	-0.00864
76	83	-0.00864
34	82	-0.008649
4	18	-0.00865
3	86	-0.00868
8	57	-0.00869
60	75	-0.008699
14	82	-0.008721
41	82	-0.008735
32	57	-0.008747
33	98	-0.008757
47	82	-0.008774
53	99	-0.008812
30	82	-0.008826
44	82	-0.008826
17	82	-0.008845
20	34	-0.008845
32	49	-0.008856
57	85	-0.00888
29	43	-0.008885
16	59	-0.008927
50	63	-0.008927
44	59	-0.008946
96	102	-0.008947
8	44	-0.00898
29	82	-0.008984
12	94	-0.008999
5	62	-0.009012
95	104	-0.009023
45	82	-0.009039
44	52	-0.009044
57	82	-0.009045
68	104	-0.009051
86	100	-0.009051
30	49	-0.009075
16	82	-0.009091
19	42	-0.009104
26	82	-0.00911
50	88	-0.00911
60	88	-0.00913
59	78	-0.009172
19	33	-0.009205
93	100	-0.00921
23	97	-0.009244
86	102	-0.009251
13	41	-0.009281
18	104	-0.009283
51	71	-0.009297
64	93	-0.009328
18	73	-0.009367
5	34	-0.009394
51	82	-0.009409
5	70	-0.009454
42	82	-0.009457
48	82	-0.009457
29	39	-0.009468
11	31	-0.00949
52	63	-0.00949
40	82	-0.009498
72	95	-0.009512
20	42	-0.009529
10	70	-0.009584
73	86	-0.009627
27	91	-0.009725
55	88	-0.009727
16	41	-0.009751
15	104	-0.009767
64	85	-0.009788
7	17	-0.009795
76	102	-0.0098
66	89	-0.009828
38	79	-0.009839
63	78	-0.009853
9	21	-0.009882
79	96	-0.009896
46	82	-0.009906
86	94	-0.009917
25	66	-0.009924
19	40	-0.009927
8	47	-0.009937
83	93	-0.009948
38	105	-0.009959
23	76	-0.009976
76	100	-0.009996
28	70	-0.010008
44	60	-0.010019
37	103	-0.010028
8	56	-0.010033
15	61	-0.01006
93	99	-0.010066
43	62	-0.010067
68	78	-0.010089
8	82	-0.010132
47	79	-0.010157
26	62	-0.010178
6	49	-0.010196
74	82	-0.0102
72	78	-0.010228
70	72	-0.010251
27	96	-0.010252
68	75	-0.010254
27	60	-0.010255
22	82	-0.01026
17	78	-0.010283
12	33	-0.01029
4	38	-0.010298
25	98	-0.010301
10	82	-0.010325
34	90	-0.010337
37	90	-0.010338
39	81	-0.010363
24	82	-0.010366
21	92	-0.010383
30	103	-0.010401
14	85	-0.010453
33	78	-0.010473
61	82	-0.01052
11	24	-0.010539
37	62	-0.010539
12	88	-0.010547
87	102	-0.010571
75	83	-0.010603
35	47	-0.010613
40	74	-0.01062
55	82	-0.01074
12	92	-0.010756
72	81	-0.010765
45	81	-0.010774
7	38	-0.01079
32	42	-0.01079
56	82	-0.010882
30	45	-0.010945
9	105	-0.011006
12	84	-0.011021
53	97	-0.011058
24	98	-0.011071
33	63	-0.011099
63	79	-0.011109
79	94	-0.011131
55	72	-0.011133
31	72	-0.011139
14	90	-0.011146
60	78	-0.011151
20	33	-0.011153
16	37	-0.011162
5	13	-0.01121
47	100	-0.011252
34	98	-0.011281
38	62	-0.011282
4	52	-0.011286
19	103	-0.011316
77	105	-0.011318
50	80	-0.011319
7	74	-0.011336
20	95	-0.011341
20	68	-0.011347
27	38	-0.011353
16	47	-0.011364
13	50	-0.011406
32	92	-0.011409
10	57	-0.011417
47	88	-0.011433
26	75	-0.011434
21	84	-0.011441
3	21	-0.011459
18	86	-0.011466
24	65	-0.011489
49	70	-0.011502
52	82	-0.011534
78	99	-0.011564
3	30	-0.011569
52	81	-0.011646
38	60	-0.011649
70	81	-0.011694
9	70	-0.011695
33	62	-0.011725
47	68	-0.011753
52	58	-0.011756
31	35	-0.01177
24	76	-0.011798
28	39	-0.011834
76	98	-0.011843
44	63	-0.011851
75	92	-0.011852
56	80	-0.011861
53	64	-0.011909
60	82	-0.011995
22	37	-0.012012
16	46	-0.012047
18	42	-0.01209
35	46	-0.012101
54	63	-0.012126
28	72	-0.012181
57	99	-0.012252
49	88	-0.012258
80	99	-0.012265
5	71	-0.012273
28	79	-0.012303
29	103	-0.012304
74	81	-0.01234
24	99	-0.01235
13	25	-0.012354
81	90	-0.012369
48	94	-0.012378
56	81	-0.01239
54	71	-0.012433
25	62	-0.012451
67	89	-0.012471
17	39	-0.012479
52	76	-0.012494
68	93	-0.012517
39	87	-0.012573
4	37	-0.012587
26	81	-0.012593
13	22	-0.012599
40	57	-0.012605
51	90	-0.012606
7	64	-0.012627
21	102	-0.012653
27	65	-0.012675
39	50	-0.012678
84	96	-0.012678
36	50	-0.012683
14	40	-0.012691
27	52	-0.012719
3	60	-0.012755
27	83	-0.012757
24	67	-0.012771
63	76	-0.012785
49	56	-0.012792
46	105	-0.012805
59	90	-0.012846
28	76	-0.012862
27	57	-0.012863
62	91	-0.01292
92	104	-0.012923
11	103	-0.012946
30	44	-0.012976
10	18	-0.012989
42	73	-0.013007
20	92	-0.013087
20	96	-0.01313
15	88	-0.013154
39	102	-0.013179
36	60	-0.013181
36	57	-0.013221
7	70	-0.013245
29	81	-0.013289
10	31	-0.013292
3	24	-0.013331
84	102	-0.013335
18	48	-0.013342
38	74	-0.01335
68	90	-0.013414
18	53	-0.013433
84	103	-0.013452
38	75	-0.013507
17	47	-0.013637
5	102	-0.013693
81	87	-0.013696
12	31	-0.013701
63	92	-0.013714
83	105	-0.013724
57	87	-0.013728
5	100	-0.013733
11	91	-0.013747
22	62	-0.013754
5	58	-0.013771
87	104	-0.013772
84	97	-0.013794
35	61	-0.013795
21	44	-0.013796
25	88	-0.01381
85	105	-0.013832
24	56	-0.013843
41	74	-0.013871
27	45	-0.013872
36	89	-0.013877
9	38	-0.0139
95	99	-0.0139
91	102	-0.013982
34	40	-0.014045
72	97	-0.014052
35	58	-0.014054
13	32	-0.014073
33	99	-0.014105
10	63	-0.014107
24	42	-0.014163
12	66	-0.014174
80	95	-0.01418
71	77	-0.014187
31	54	-0.014197
39	95	-0.014208
8	53	-0.014239
5	16	-0.014256
44	92	-0.014261
14	87	-0.014287
4	64	-0.014289
37	83	-0.014301
23	68	-0.014314
36	51	-0.014318
4	40	-0.014345
72	101	-0.014352
35	94	-0.014394
17	89	-0.014401
15	70	-0.01441
56	96	-0.01441
9	20	-0.014418
12	56	-0.014429
32	60	-0.014449
25	44	-0.01445
84	94	-0.014461
42	99	-0.014491
48	64	-0.01454
69	88	-0.014556
23	48	-0.014562
15	65	-0.014568
5	27	-0.014614
30	105	-0.014614
11	41	-0.014621
14	79	-0.014643
41	66	-0.014709
36	78	-0.014723
17	60	-0.014762
10	32	-0.014775
5	80	-0.014792
23	74	-0.014794
36	46	-0.014841
90	101	-0.014842
42	81	-0.014874
22	70	-0.014899
36	62	-0.014909
23	67	-0.014925
15	62	-0.01493
3	41	-0.014973
12	86	-0.014978
84	91	-0.014995
58	72	-0.01501
45	92	-0.015084
37	76	-0.015097
45	66	-0.015133
22	102	-0.015161
19	57	-0.015165
12	29	-0.015191
56	90	-0.015217
26	48	-0.015242
43	93	-0.015242
21	52	-0.015258
39	84	-0.015266
64	88	-0.015279
77	91	-0.015285
26	99	-0.015287
72	77	-0.01529
58	85	-0.015295
9	30	-0.015352
39	77	-0.015361
5	44	-0.015387
71	84	-0.015387
65	104	-0.015415
13	85	-0.015458
72	98	-0.015497
91	103	-0.015514
55	99	-0.015548
25	41	-0.015574
14	52	-0.015603
22	47	-0.015622
26	67	-0.015636
53	65	-0.015638
18	85	-0.015649
51	84	-0.015675
76	99	-0.015773
32	51	-0.015799
13	61	-0.015809
43	98	-0.015821
16	64	-0.015851
29	41	-0.015885
10	52	-0.015889
51	96	-0.015907
37	77	-0.015916
41	84	-0.015931
20	37	-0.015948
41	90	-0.015949
85	101	-0.015951
27	103	-0.015953
36	45	-0.015974
14	105	-0.015985
29	91	-0.016014
38	66	-0.016028
45	86	-0.016035
69	100	-0.01604
81	97	-0.016064
43	58	-0.016065
88	101	-0.016076
8	22	-0.016086
7	55	-0.016094
8	36	-0.016113
17	77	-0.01612
17	38	-0.016126
68	102	-0.016128
68	76	-0.016143
20	63	-0.016154
55	83	-0.016163
47	84	-0.016165
9	71	-0.016198
19	75	-0.016286
9	87	-0.016292
37	91	-0.016326
40	44	-0.016336
68	98	-0.016367
6	48	-0.016392
44	99	-0.01641
38	45	-0.016411
25	65	-0.01643
20	80	-0.016474
61	68	-0.016483
19	105	-0.016532
27	41	-0.01654
30	66	-0.016547
12	36	-0.016589
10	28	-0.016594
3	84	-0.016606
43	81	-0.016619
67	87	-0.016627
18	89	-0.01664
31	100	-0.01665
53	102	-0.016665
41	99	-0.01667
62	96	-0.016685
26	86	-0.016716
12	53	-0.016722
13	104	-0.016753
55	97	-0.016775
9	40	-0.01679
58	94	-0.016807
62	89	-0.016837
66	73	-0.016886
34	65	-0.016895
43	86	-0.016897
39	75	-0.01693
26	93	-0.016943
6	92	-0.016945
52	86	-0.016969
35	57	-0.016981
45	73	-0.016995
24	96	-0.016998
15	44	-0.017004
20	73	-0.017022
31	88	-0.017034
52	90	-0.017047
41	101	-0.017068
88	100	-0.017091
44	53	-0.017106
33	92	-0.017115
28	58	-0.017132
30	76	-0.01715
13	78	-0.017154
65	95	-0.017164
78	90	-0.017184
8	74	-0.017213
27	44	-0.017213
26	65	-0.017224
33	80	-0.017231
63	90	-0.017266
21	74	-0.017277
11	51	-0.017284
15	55	-0.01731
5	32	-0.017319
59	76	-0.017336
67	101	-0.017336
36	79	-0.017345
10	35	-0.017351
31	78	-0.017351
33	71	-0.017364
9	39	-0.017396
25	51	-0.017405
25	78	-0.017406
51	57	-0.017466
19	81	-0.017468
28	46	-0.017468
32	63	-0.01747
11	61	-0.017501
55	75	-0.017505
50	58	-0.017519
13	105	-0.017526
45	67	-0.017533
13	70	-0.017538
41	61	-0.017579
29	87	-0.017599
27	85	-0.017635
6	40	-0.017704
10	67	-0.017709
51	74	-0.017709
27	43	-0.01771
81	105	-0.017734
5	88	-0.017735
6	105	-0.017759
33	75	-0.017759
9	15	-0.017763
30	104	-0.01778
21	89	-0.01779
62	101	-0.017791
5	15	-0.017801
40	72	-0.017807
6	100	-0.01782
19	94	-0.017847
5	31	-0.017864
5	63	-0.017869
65	74	-0.017894
55	60	-0.017942
51	68	-0.017945
79	95	-0.017951
4	73	-0.017968
50	62	-0.017982
5	42	-0.017985
80	87	-0.017987
22	43	-0.018013
17	68	-0.018023
92	102	-0.018037
29	62	-0.018044
67	100	-0.018049
25	40	-0.018053
25	43	-0.018053
59	104	-0.018075
81	103	-0.018079
34	91	-0.01809
75	90	-0.018101
47	86	-0.018112
81	99	-0.018119
16	43	-0.018134
31	91	-0.018135
56	57	-0.018137
10	50	-0.018173
61	92	-0.018193
20	64	-0.018201
3	78	-0.018212
45	100	-0.018248
46	97	-0.018275
72	76	-0.018292
48	79	-0.018305
50	75	-0.018336
7	83	-0.018347
26	60	-0.018353
75	98	-0.018362
22	54	-0.018386
41	102	-0.018392
32	90	-0.018394
48	80	-0.018394
5	85	-0.018436
55	84	-0.018436
66	94	-0.018478
28	43	-0.018499
37	49	-0.018544
37	73	-0.01856
96	103	-0.018562
40	68	-0.018572
4	19	-0.01858
16	75	-0.018586
13	51	-0.018646
71	99	-0.018647
39	80	-0.018648
11	19	-0.01865
17	63	-0.018654
41	94	-0.018666
34	89	-0.01869
7	34	-0.018715
17	35	-0.01872
17	98	-0.018723
21	104	-0.018769
8	64	-0.018822
46	68	-0.018824
89	103	-0.018853
65	87	-0.018871
33	91	-0.018873
21	75	-0.018875
16	61	-0.018881
33	85	-0.018895
7	21	-0.018901
46	100	-0.018926
93	105	-0.018939
55	96	-0.01894
10	100	-0.018941
53	84	-0.018963
10	99	-0.018967
54	70	-0.018974
13	56	-0.018976
14	46	-0.018991
15	48	-0.018994
12	19	-0.019019
17	59	-0.019086
59	85	-0.019089
36	73	-0.019091
30	86	-0.019113
59	94	-0.019185
47	65	-0.019192
33	66	-0.019219
8	98	-0.019222
32	45	-0.01925
8	72	-0.019296
32	68	-0.019325
21	97	-0.019359
66	101	-0.019408
18	65	-0.019414
39	86	-0.019418
53	79	-0.019456
54	87	-0.01948
50	83	-0.019508
7	46	-0.019512
20	70	-0.019524
39	44	-0.019525
18	103	-0.019568
94	102	-0.019572
5	26	-0.019589
48	77	-0.019675
90	104	-0.019697
35	87	-0.019714
54	75	-0.019714
28	80	-0.01973
28	97	-0.019732
68	89	-0.019745
29	54	-0.019755
50	57	-0.019766
8	77	-0.0198
3	81	-0.019812
24	51	-0.019823
77	89	-0.019852
49	95	-0.019854
55	78	-0.019859
6	30	-0.019862
47	80	-0.019897
9	51	-0.019899
3	90	-0.019912
14	75	-0.019928
18	33	-0.019942
34	61	-0.019964
16	104	-0.019975
25	75	-0.019977
6	41	-0.019985
56	88	-0.019991
53	70	-0.020032
35	86	-0.020048
45	96	-0.02005
12	98	-0.020058
33	48	-0.020095
27	68	-0.020096
4	46	-0.020116
52	101	-0.020122
31	103	-0.020174
31	92	-0.020192
17	75	-0.020195
75	96	-0.020197
7	76	-0.020226
23	85	-0.020227
47	54	-0.020246
39	99	-0.020286
72	104	-0.020331
41	104	-0.020383
12	81	-0.020387
19	60	-0.020434
5	41	-0.020451
50	55	-0.020457
28	102	-0.020465
14	43	-0.020486
14	91	-0.020501
39	67	-0.020513
86	105	-0.020531
51	93	-0.020561
81	89	-0.02059
32	46	-0.020614
34	53	-0.020658
21	91	-0.020661
8	63	-0.020663
67	98	-0.020678
6	36	-0.020705
29	59	-0.020743
62	72	-0.020799
53	88	-0.020833
24	85	-0.020854
7	97	-0.020864
61	76	-0.020869
45	77	-0.020891
18	94	-0.020902
14	59	-0.020907
13	95	-0.020923
50	84	-0.02095
45	80	-0.020985
44	94	-0.020987
15	39	-0.021021
12	55	-0.021023
42	76	-0.021023
67	103	-0.021031
52	65	-0.021049
20	98	-0.021052
77	92	-0.021058
3	23	-0.021071
19	53	-0.021084
53	68	-0.02109
6	73	-0.021102
27	46	-0.021127
10	22	-0.021151
11	29	-0.02118
60	68	-0.021203
10	86	-0.021215
72	80	-0.021221
4	57	-0.021232
14	39	-0.021236
26	103	-0.021238
58	74	-0.02125
41	79	-0.021257
26	57	-0.021264
42	83	-0.021327
30	73	-0.021332
21	96	-0.021333
3	88	-0.021336
49	104	-0.021355
55	67	-0.021364
44	89	-0.021387
7	68	-0.021417
5	74	-0.021421
20	84	-0.021432
47	73	-0.021436
23	103	-0.021487
36	54	-0.021494
44	77	-0.021498
21	95	-0.021504
15	105	-0.021528
52	57	-0.021532
4	62	-0.021542
51	98	-0.021546
38	72	-0.021558
61	83	-0.021568
47	76	-0.021579
15	98	-0.021584
13	64	-0.021597
70	74	-0.021605
81	91	-0.021656
19	56	-0.021664
29	78	-0.021685
6	52	-0.02173
14	37	-0.021735
16	81	-0.021737
45	70	-0.021742
30	70	-0.021798
14	61	-0.021803
19	71	-0.021803
72	84	-0.021818
26	54	-0.021843
31	39	-0.02185
20	38	-0.021863
12	38	-0.021867
51	63	-0.021868
3	31	-0.021905
50	61	-0.021907
57	68	-0.02195
42	71	-0.021977
43	53	-0.021979
49	66	-0.022005
12	21	-0.022025
26	50	-0.022027
19	87	-0.022041
63	73	-0.022051
36	75	-0.022067
25	38	-0.022093
32	64	-0.022097
54	80	-0.022169
30	85	-0.022176
78	80	-0.022179
15	72	-0.022182
15	43	-0.022184
53	72	-0.022193
43	77	-0.022242
12	91	-0.022275
6	75	-0.022276
38	56	-0.022293
34	51	-0.022314
54	88	-0.022315
3	20	-0.022316
94	104	-0.022321
65	92	-0.022327
41	56	-0.022339
43	73	-0.022343
8	54	-0.022363
23	62	-0.022368
54	72	-0.022383
54	61	-0.022386
29	84	-0.022388
45	89	-0.022416
49	64	-0.022422
55	81	-0.022474
3	101	-0.022476
55	57	-0.022483
45	97	-0.022507
14	48	-0.022559
23	93	-0.022568
23	33	-0.02258
16	70	-0.0226
83	100	-0.022623
5	78	-0.022643
53	59	-0.022657
50	67	-0.022671
61	100	-0.022683
39	57	-0.022693
73	83	-0.02271
13	42	-0.022732
7	23	-0.022801
33	88	-0.022808
55	71	-0.02282
9	91	-0.022826
47	66	-0.022836
12	30	-0.022842
52	87	-0.022853
24	69	-0.022867
21	103	-0.022885
31	83	-0.022887
42	85	-0.022914
8	46	-0.022916
5	97	-0.022973
41	85	-0.022982
80	102	-0.023003
33	40	-0.023014
11	17	-0.023018
28	98	-0.023026
49	73	-0.023047
16	101	-0.023053
34	55	-0.023063
14	89	-0.02312
26	51	-0.023129
33	95	-0.023136
23	63	-0.023143
27	39	-0.023157
15	86	-0.023202
56	75	-0.023251
60	92	-0.023251
53	95	-0.023264
16	98	-0.023267
46	64	-0.023274
30	55	-0.023281
38	89	-0.023283
18	44	-0.023288
5	45	-0.023289
8	45	-0.023296
6	42	-0.023297
16	58	-0.023305
57	63	-0.023311
18	36	-0.023349
47	92	-0.023355
27	61	-0.023372
5	90	-0.023412
32	56	-0.02342
83	89	-0.023436
39	71	-0.023515
9	49	-0.023542
11	53	-0.023551
27	105	-0.023551
26	55	-0.023556
8	71	-0.023595
5	79	-0.023614
27	86	-0.023621
16	90	-0.023629
46	76	-0.023663
57	81	-0.023682
45	62	-0.023685
22	68	-0.023708
14	74	-0.02372
16	83	-0.023746
81	96	-0.023753
14	42	-0.023771
52	78	-0.023775
57	84	-0.023778
9	55	-0.023781
37	47	-0.023812
47	93	-0.023817
44	55	-0.023819
17	41	-0.023835
5	50	-0.023857
38	49	-0.023877
16	40	-0.023878
25	61	-0.023883
62	70	-0.023913
34	77	-0.023941
73	97	-0.023946
26	102	-0.023962
50	91	-0.023969
26	78	-0.023991
17	36	-0.024056
44	90	-0.024068
93	97	-0.024073
14	72	-0.024138
37	80	-0.024152
54	89	-0.024154
76	103	-0.024166
29	79	-0.024191
7	58	-0.024222
25	70	-0.024236
9	35	-0.024242
38	103	-0.024271
7	29	-0.024274
4	67	-0.02429
8	59	-0.024314
32	103	-0.024317
43	59	-0.024318
27	42	-0.024334
37	105	-0.024359
65	83	-0.024371
51	70	-0.024399
23	42	-0.024401
29	48	-0.024424
39	101	-0.024429
4	85	-0.024432
26	49	-0.024436
62	105	-0.024439
27	63	-0.024446
23	80	-0.024463
19	90	-0.024529
14	65	-0.024533
54	105	-0.024541
24	54	-0.024547
16	91	-0.024558
65	91	-0.024567
48	69	-0.024577
8	80	-0.024633
46	86	-0.024641
68	71	-0.024642
38	99	-0.024674
35	89	-0.024697
18	35	-0.024726
32	81	-0.024726
16	77	-0.024729
62	92	-0.024733
33	87	-0.024736
13	44	-0.024748
69	86	-0.024749
12	43	-0.024751
25	93	-0.024841
74	100	-0.024853
18	78	-0.024867
37	61	-0.024899
5	36	-0.024918
16	103	-0.024919
9	48	-0.024925
36	99	-0.024932
75	94	-0.024941
11	89	-0.024964
14	67	-0.024988
47	87	-0.025009
21	69	-0.02501
4	55	-0.025066
29	69	-0.025072
51	64	-0.025076
12	97	-0.025127
28	35	-0.025127
45	90	-0.025133
38	97	-0.025164
32	78	-0.025198
37	69	-0.025204
57	86	-0.025223
66	87	-0.025228
67	86	-0.025266
6	84	-0.025274
26	91	-0.02528
60	98	-0.025311
39	59	-0.025345
62	74	-0.025345
80	89	-0.025348
63	94	-0.02536
17	43	-0.025374
5	43	-0.025386
48	86	-0.025387
65	73	-0.02542
39	103	-0.025435
48	68	-0.025493
13	101	-0.025504
69	78	-0.025512
36	81	-0.02557
77	102	-0.025572
39	93	-0.025581
29	96	-0.025587
12	75	-0.025599
67	105	-0.025621
6	77	-0.025646
3	72	-0.025653
16	52	-0.02566
36	47	-0.025685
46	87	-0.025686
5	56	-0.025699
7	89	-0.025706
14	98	-0.025706
11	39	-0.025717
35	85	-0.025794
35	72	-0.025812
42	67	-0.025815
3	19	-0.025835
31	75	-0.025853
36	61	-0.025869
5	48	-0.025886
32	84	-0.025887
24	105	-0.025915
62	88	-0.025922
30	41	-0.025945
54	84	-0.025957
79	90	-0.025957
30	89	-0.025959
15	79	-0.02596
9	19	-0.02597
10	54	-0.025981
15	35	-0.025992
23	38	-0.026019
9	52	-0.026032
37	92	-0.026045
3	17	-0.026059
30	84	-0.026064
34	81	-0.026071
8	78	-0.026079
72	87	-0.026128
7	36	-0.026134
26	79	-0.026136
30	46	-0.026136
8	86	-0.02614
9	86	-0.026143
3	14	-0.026151
31	53	-0.026153
21	54	-0.026177
52	61	-0.026179
9	98	-0.02621
28	81	-0.026227
8	21	-0.026234
4	72	-0.026268
19	84	-0.026296
21	86	-0.026297
18	37	-0.026304
49	83	-0.02633
13	102	-0.026343
48	72	-0.026343
49	105	-0.026352
25	103	-0.026376
46	102	-0.026414
68	92	-0.026457
34	95	-0.026482
15	96	-0.02649
27	93	-0.026502
25	79	-0.026514
4	25	-0.026533
62	71	-0.026547
16	95	-0.026554
71	87	-0.02664
54	92	-0.026645
11	95	-0.026653
41	86	-0.026678
19	45	-0.026696
18	61	-0.026702
68	105	-0.026709
61	84	-0.026716
55	77	-0.02672
47	105	-0.026723
33	69	-0.02674
26	95	-0.026755
25	97	-0.026774
76	101	-0.026775
22	80	-0.026781
47	96	-0.026829
7	41	-0.026849
20	55	-0.026851
74	84	-0.026968
32	58	-0.027001
45	101	-0.027001
3	29	-0.027003
25	68	-0.027045
47	72	-0.027077
41	103	-0.027079
37	66	-0.027111
12	74	-0.027132
61	72	-0.027142
10	47	-0.027165
96	105	-0.027169
32	67	-0.027199
5	75	-0.027261
4	23	-0.027265
47	99	-0.027325
32	59	-0.027334
8	26	-0.02737
41	63	-0.027391
43	100	-0.027403
5	28	-0.027469
33	44	-0.027482
19	64	-0.027495
49	68	-0.027541
25	46	-0.027543
38	100	-0.027551
9	67	-0.027566
87	103	-0.027566
75	95	-0.027572
81	102	-0.027585
42	92	-0.027587
56	87	-0.027631
23	51	-0.027633
33	90	-0.027654
68	101	-0.027654
69	103	-0.027673
60	84	-0.027694
39	65	-0.027704
8	76	-0.027717
29	63	-0.027732
41	97	-0.027742
4	66	-0.027754
38	78	-0.027795
6	98	-0.027819
85	104	-0.027854
47	64	-0.02789
61	75	-0.027939
53	60	-0.027942
25	67	-0.027948
29	58	-0.027955
16	92	-0.027966
21	85	-0.027993
3	74	-0.028001
28	92	-0.028012
52	62	-0.028013
81	93	-0.028027
3	97	-0.028032
27	66	-0.028036
11	32	-0.028044
47	89	-0.02808
91	104	-0.028093
83	91	-0.028096
17	62	-0.028187
23	40	-0.028203
37	102	-0.028204
75	97	-0.028216
23	49	-0.028225
56	84	-0.028226
40	47	-0.028263
8	52	-0.028271
39	100	-0.028271
17	87	-0.028296
61	90	-0.028308
14	54	-0.028315
44	86	-0.028335
32	66	-0.028363
48	67	-0.028365
13	89	-0.028378
31	104	-0.028382
39	63	-0.028393
43	54	-0.028402
77	97	-0.028411
32	62	-0.028416
13	60	-0.028431
21	78	-0.028477
40	67	-0.02848
50	100	-0.028505
48	58	-0.028553
35	49	-0.028567
31	65	-0.028586
13	73	-0.028617
25	104	-0.028629
24	104	-0.028649
63	70	-0.028657
23	65	-0.028664
26	96	-0.028677
45	69	-0.028694
68	85	-0.028701
32	54	-0.028735
22	63	-0.028811
44	91	-0.028849
18	96	-0.028868
7	86	-0.028888
15	75	-0.028888
8	33	-0.028919
29	60	-0.028936
40	81	-0.028975
17	90	-0.028976
35	63	-0.028976
43	75	-0.028984
31	97	-0.029087
15	76	-0.029088
6	32	-0.029094
6	46	-0.029109
8	84	-0.029115
36	101	-0.029176
30	62	-0.02919
56	93	-0.029236
24	101	-0.029238
4	75	-0.029241
59	77	-0.029269
42	91	-0.029277
57	76	-0.029278
6	62	-0.029285
19	52	-0.029288
15	95	-0.029298
39	105	-0.029346
84	100	-0.029355
3	39	-0.029368
29	61	-0.029369
25	42	-0.02942
44	101	-0.02946
32	50	-0.029479
35	73	-0.029494
18	34	-0.029581
29	68	-0.029598
13	66	-0.029612
12	18	-0.029625
18	45	-0.029733
44	66	-0.029738
50	96	-0.029741
67	90	-0.029747
15	101	-0.029759
87	101	-0.029822
26	100	-0.029829
26	101	-0.029829
8	73	-0.029832
9	23	-0.029847
49	100	-0.029852
22	91	-0.029887
19	96	-0.029906
6	61	-0.029909
13	46	-0.029925
52	75	-0.02993
46	75	-0.029943
46	58	-0.029944
23	50	-0.029977
30	69	-0.029993
95	102	-0.029994
66	79	-0.030005
9	32	-0.030028
17	51	-0.030057
26	46	-0.030057
16	79	-0.030119
55	59	-0.030135
45	87	-0.03016
38	85	-0.030196
78	102	-0.030196
41	89	-0.030216
11	93	-0.030218
74	79	-0.030232
13	20	-0.030264
53	71	-0.030277
66	93	-0.030277
83	104	-0.03028
13	55	-0.030284
61	85	-0.030292
54	79	-0.030319
43	57	-0.03033
7	44	-0.030336
29	98	-0.03035
36	63	-0.030374
15	103	-0.030386
41	72	-0.030407
21	63	-0.030416
34	63	-0.030419
42	66	-0.030445
93	102	-0.030465
74	104	-0.030473
50	87	-0.030482
7	54	-0.030505
43	71	-0.030521
53	63	-0.030532
17	55	-0.030561
9	73	-0.030581
45	74	-0.030589
12	44	-0.030624
29	92	-0.030645
33	58	-0.030648
20	88	-0.030649
58	86	-0.030694
12	104	-0.030707
17	54	-0.030719
41	57	-0.030731
21	48	-0.030752
12	95	-0.030781
45	83	-0.030782
8	20	-0.030784
60	94	-0.030804
25	74	-0.030821
24	57	-0.030837
16	76	-0.030874
31	44	-0.030883
17	58	-0.030911
10	29	-0.030922
8	67	-0.030929
35	60	-0.03094
26	94	-0.030959
15	40	-0.031002
15	83	-0.031013
14	58	-0.031019
53	74	-0.031033
7	30	-0.031064
9	29	-0.031085
24	41	-0.031099
17	94	-0.031127
40	95	-0.031129
6	15	-0.03113
4	91	-0.031151
14	77	-0.031152
35	103	-0.031189
61	86	-0.03121
24	59	-0.031269
46	54	-0.031283
89	105	-0.03129
20	45	-0.031313
18	95	-0.031315
10	24	-0.031329
48	89	-0.031343
70	89	-0.031377
42	59	-0.031398
32	71	-0.031402
74	105	-0.031405
15	91	-0.031408
66	99	-0.03141
21	46	-0.031412
17	99	-0.031429
21	101	-0.031432
42	98	-0.031488
79	104	-0.031489
53	73	-0.031516
55	65	-0.031533
16	105	-0.031552
49	99	-0.031602
4	77	-0.03162
16	97	-0.031659
10	75	-0.031684
19	39	-0.031702
60	101	-0.03173
7	90	-0.031734
50	74	-0.031735
27	95	-0.031745
8	79	-0.031754
81	86	-0.031773
32	79	-0.031784
39	62	-0.031834
8	39	-0.031842
54	81	-0.031844
26	56	-0.031847
22	94	-0.031886
33	84	-0.031889
86	103	-0.031892
36	44	-0.031906
25	91	-0.031943
75	91	-0.031944
49	57	-0.031962
71	78	-0.031974
59	100	-0.032001
32	72	-0.032012
27	84	-0.032013
62	73	-0.032019
83	101	-0.032037
10	19	-0.032038
22	42	-0.032046
42	56	-0.03207
6	57	-0.032088
12	48	-0.03209
52	94	-0.032131
27	35	-0.032148
77	93	-0.032152
14	53	-0.032161
27	81	-0.032208
23	70	-0.032214
7	84	-0.032222
35	97	-0.032224
83	103	-0.032228
29	97	-0.032248
56	59	-0.032264
79	98	-0.032274
38	59	-0.032306
33	72	-0.032362
21	68	-0.032394
6	91	-0.032398
47	78	-0.032427
39	83	-0.032441
55	98	-0.032446
11	49	-0.032455
53	83	-0.032459
16	93	-0.032508
39	79	-0.032543
23	81	-0.032554
6	74	-0.032561
77	104	-0.032566
3	91	-0.032578
9	53	-0.032592
23	99	-0.032599
13	27	-0.032602
79	100	-0.032631
12	41	-0.032699
40	93	-0.032712
31	102	-0.032722
61	70	-0.032733
26	37	-0.032747
9	77	-0.032755
10	46	-0.03276
8	101	-0.032767
65	101	-0.032779
30	58	-0.032785
69	90	-0.03281
41	73	-0.032819
21	60	-0.032875
9	22	-0.032879
49	103	-0.032897
17	101	-0.032901
30	102	-0.03291
10	79	-0.032939
18	98	-0.032941
13	39	-0.032955
50	78	-0.032968
10	93	-0.03299
57	98	-0.033001
5	89	-0.033002
28	75	-0.033002
60	71	-0.033022
10	68	-0.033095
6	35	-0.033096
24	73	-0.033097
4	22	-0.033099
35	50	-0.033141
13	99	-0.033146
34	105	-0.033147
28	96	-0.033157
31	46	-0.03316
10	38	-0.033222
32	70	-0.03328
7	65	-0.033284
30	74	-0.033285
30	65	-0.0333
28	84	-0.033335
64	89	-0.033352
27	77	-0.033372
7	72	-0.033405
50	93	-0.033433
8	34	-0.033448
57	66	-0.033462
10	43	-0.033502
21	93	-0.03351
57	104	-0.033536
72	103	-0.033549
23	86	-0.033591
36	58	-0.033611
29	42	-0.033657
32	69	-0.033658
14	100	-0.033665
16	65	-0.033675
31	85	-0.033687
6	59	-0.033694
65	84	-0.033753
5	68	-0.033771
66	85	-0.033784
43	85	-0.033814
27	71	-0.033855
22	72	-0.033859
61	103	-0.033869
48	104	-0.033931
34	78	-0.033933
26	43	-0.033937
23	57	-0.033951
4	47	-0.033953
49	91	-0.033977
7	47	-0.033988
43	97	-0.034001
24	66	-0.034015
26	83	-0.034018
57	105	-0.034043
64	94	-0.03405
26	42	-0.034066
30	90	-0.034087
59	67	-0.034104
27	48	-0.034106
4	94	-0.034133
47	91	-0.034148
7	52	-0.034164
6	89	-0.034167
6	19	-0.03417
42	100	-0.034201
36	94	-0.034208
4	20	-0.034212
7	20	-0.034238
37	97	-0.034256
15	59	-0.03427
24	103	-0.03428
41	65	-0.034287
40	59	-0.034298
6	26	-0.034345
23	91	-0.034348
11	96	-0.034382
24	89	-0.034382
13	67	-0.034406
40	85	-0.034457
23	72	-0.034458
62	86	-0.03446
8	42	-0.034465
33	68	-0.034478
39	76	-0.034504
47	53	-0.03452
36	92	-0.034553
32	95	-0.034615
20	75	-0.03464
9	46	-0.034649
15	69	-0.034668
6	72	-0.034689
23	96	-0.034704
21	40	-0.034741
26	69	-0.034753
33	79	-0.034757
8	97	-0.034774
21	88	-0.034792
21	98	-0.034794
44	78	-0.034825
3	85	-0.034828
23	54	-0.034864
53	93	-0.034893
32	102	-0.034898
56	78	-0.034908
29	56	-0.034917
28	53	-0.034925
9	41	-0.034943
34	75	-0.034969
23	104	-0.035037
34	72	-0.035077
54	64	-0.035107
22	78	-0.03512
47	95	-0.035149
23	53	-0.035158
57	67	-0.035168
32	53	-0.035176
10	105	-0.035179
23	77	-0.035183
56	70	-0.035187
24	102	-0.035206
22	103	-0.03521
48	57	-0.035221
32	44	-0.035224
8	91	-0.035228
25	90	-0.035229
5	61	-0.035268
23	84	-0.035302
59	88	-0.035323
68	83	-0.035324
11	90	-0.035331
6	34	-0.035341
7	61	-0.035346
29	89	-0.035365
7	88	-0.035405
41	105	-0.035422
40	60	-0.035444
12	32	-0.035461
9	36	-0.035468
10	48	-0.03547
64	101	-0.035472
12	69	-0.035476
10	53	-0.035482
64	103	-0.035487
7	66	-0.035515
14	70	-0.035519
27	67	-0.03552
22	84	-0.035522
55	86	-0.035524
70	80	-0.035542
38	81	-0.035543
71	105	-0.035543
5	84	-0.03558
41	71	-0.035589
28	103	-0.035591
43	104	-0.035653
59	66	-0.035653
14	84	-0.035677
11	104	-0.035678
5	95	-0.035741
29	70	-0.035765
59	96	-0.035765
42	77	-0.035803
18	91	-0.035817
5	30	-0.035842
56	95	-0.035868
15	49	-0.03587
20	52	-0.035872
14	68	-0.035873
62	104	-0.035885
65	75	-0.035906
17	102	-0.035914
25	63	-0.035942
40	104	-0.035942
66	105	-0.035945
34	97	-0.035963
37	67	-0.035975
3	13	-0.035981
55	94	-0.035989
25	80	-0.036009
27	53	-0.036035
22	66	-0.036059
30	96	-0.036081
55	70	-0.036101
10	44	-0.036146
25	71	-0.036197
11	97	-0.036207
26	68	-0.036219
21	41	-0.03623
5	52	-0.036262
44	95	-0.036271
11	45	-0.036322
22	95	-0.03634
27	98	-0.036373
7	56	-0.036375
41	91	-0.036411
40	65	-0.036469
66	76	-0.036489
43	94	-0.036498
38	80	-0.036526
27	89	-0.036545
60	96	-0.036545
24	97	-0.036551
4	81	-0.036566
35	99	-0.036572
11	21	-0.036604
35	102	-0.036614
52	64	-0.036614
14	97	-0.036653
8	25	-0.036655
36	102	-0.036661
41	83	-0.036688
3	35	-0.036706
6	76	-0.036731
16	102	-0.036772
60	67	-0.036778
22	93	-0.03678
19	63	-0.036787
22	67	-0.036834
48	95	-0.036838
33	97	-0.036855
21	61	-0.036862
16	68	-0.036891
15	51	-0.036927
11	52	-0.03693
19	61	-0.036942
52	103	-0.037
17	65	-0.037034
61	74	-0.037035
15	77	-0.037048
25	57	-0.03705
24	70	-0.037051
12	37	-0.037054
78	86	-0.037105
56	67	-0.037116
49	75	-0.037118
5	39	-0.037166
25	94	-0.037227
3	59	-0.037246
53	96	-0.037252
13	81	-0.037269
18	55	-0.037274
54	90	-0.037277
55	92	-0.037302
3	48	-0.037306
16	86	-0.037318
24	78	-0.037326
8	51	-0.037334
46	103	-0.037354
7	28	-0.037363
47	102	-0.037363
10	45	-0.037374
84	101	-0.037404
14	80	-0.037406
27	99	-0.037435
73	92	-0.037465
48	81	-0.037466
42	103	-0.037473
67	104	-0.037505
52	98	-0.037523
78	101	-0.037648
21	77	-0.037654
14	50	-0.037663
7	60	-0.037666
26	104	-0.037676
34	70	-0.037704
44	84	-0.037709
17	42	-0.037715
7	48	-0.037721
51	62	-0.037798
34	64	-0.037801
17	97	-0.037803
26	36	-0.037807
38	70	-0.037817
16	84	-0.037834
53	61	-0.03784
16	63	-0.037844
15	67	-0.037847
7	95	-0.037889
22	105	-0.037915
51	85	-0.037915
28	77	-0.037928
30	91	-0.037934
77	94	-0.03794
32	55	-0.037956
46	83	-0.037974
74	93	-0.03798
33	60	-0.037983
27	104	-0.037991
23	100	-0.038013
7	94	-0.038029
46	67	-0.038032
59	91	-0.038047
18	62	-0.038143
43	70	-0.038149
16	87	-0.038155
9	57	-0.038157
35	65	-0.03817
5	69	-0.038259
16	72	-0.038261
43	63	-0.038261
46	79	-0.038277
14	38	-0.038288
64	100	-0.038296
20	103	-0.038304
23	98	-0.038332
22	100	-0.038335
29	65	-0.038339
9	95	-0.038351
5	54	-0.038365
31	66	-0.038367
48	66	-0.038375
30	77	-0.038381
46	93	-0.038399
15	58	-0.038414
62	103	-0.038422
4	30	-0.038452
15	80	-0.03847
29	101	-0.038474
31	95	-0.038493
22	52	-0.038496
46	88	-0.038518
28	89	-0.038523
32	87	-0.038525
64	75	-0.038532
81	101	-0.038548
8	92	-0.038588
15	94	-0.038606
16	67	-0.038648
76	92	-0.038663
22	61	-0.038692
12	93	-0.038698
62	85	-0.03871
26	73	-0.038719
53	90	-0.038725
4	60	-0.038734
56	102	-0.038744
80	104	-0.038753
14	62	-0.038763
87	105	-0.038777
40	100	-0.038785
52	77	-0.038794
27	37	-0.03881
46	94	-0.038833
37	96	-0.038893
21	81	-0.038918
30	98	-0.038931
33	77	-0.038933
42	75	-0.038941
14	64	-0.03896
4	87	-0.038989
12	28	-0.039001
38	83	-0.03904
79	102	-0.039045
23	39	-0.039053
64	71	-0.039057
51	78	-0.039063
32	96	-0.039124
40	101	-0.039126
25	84	-0.039153
58	89	-0.039159
56	69	-0.039168
16	88	-0.039188
21	73	-0.039234
54	69	-0.039258
31	70	-0.039264
45	59	-0.039271
23	87	-0.039307
14	71	-0.039317
28	52	-0.039334
17	70	-0.039338
45	65	-0.039353
39	73	-0.039354
18	84	-0.039361
40	78	-0.039368
38	64	-0.039376
7	75	-0.039379
63	74	-0.039395
54	78	-0.039403
44	76	-0.039413
44	73	-0.039427
26	98	-0.039442
93	104	-0.039448
28	73	-0.03945
27	75	-0.039454
10	72	-0.039474
17	91	-0.039484
16	62	-0.03949
25	87	-0.039501
30	72	-0.039561
12	90	-0.039564
15	71	-0.039565
7	43	-0.039585
7	62	-0.039605
71	95	-0.039616
5	93	-0.039619
44	102	-0.039653
24	63	-0.039725
3	66	-0.039734
39	47	-0.039759
19	99	-0.039821
52	85	-0.039824
35	66	-0.039825
23	102	-0.039846
11	66	-0.039854
13	83	-0.039866
17	79	-0.0399
38	47	-0.039907
4	48	-0.03991
19	76	-0.039923
37	89	-0.039933
86	99	-0.039942
8	35	-0.039997
62	79	-0.040012
25	83	-0.040015
77	101	-0.040051
28	59	-0.040054
48	99	-0.040063
27	74	-0.040068
27	76	-0.040083
9	47	-0.040093
44	97	-0.040127
28	66	-0.040136
10	84	-0.040145
19	46	-0.040164
31	84	-0.040164
41	76	-0.040165
70	99	-0.040169
23	64	-0.040208
19	54	-0.040245
32	86	-0.040286
54	101	-0.040287
35	88	-0.040296
14	49	-0.040331
71	86	-0.040346
56	76	-0.040347
39	64	-0.040415
3	26	-0.040426
43	76	-0.04045
40	80	-0.040506
39	96	-0.040509
30	40	-0.040531
42	97	-0.040559
46	57	-0.040587
22	49	-0.040589
37	48	-0.040624
27	54	-0.040627
21	105	-0.040686
51	99	-0.040721
10	103	-0.040743
65	85	-0.040768
36	49	-0.040816
66	84	-0.040816
14	63	-0.040859
13	34	-0.040861
10	73	-0.04087
64	74	-0.040881
66	103	-0.040931
23	92	-0.040952
32	80	-0.041011
43	74	-0.041014
4	80	-0.041017
4	51	-0.041132
24	68	-0.041186
49	98	-0.041234
25	53	-0.041275
17	88	-0.041276
8	30	-0.041279
39	89	-0.04132
37	45	-0.041338
43	89	-0.041348
13	48	-0.041353
5	105	-0.041358
5	38	-0.041371
13	86	-0.041375
55	95	-0.041418
60	85	-0.041418
25	64	-0.041452
32	83	-0.041458
31	62	-0.041476
21	62	-0.041512
49	84	-0.04153
74	92	-0.041566
67	76	-0.041586
22	79	-0.041606
12	105	-0.041616
4	99	-0.041623
42	65	-0.041653
20	102	-0.041657
35	64	-0.041657
15	78	-0.041703
5	65	-0.041708
15	50	-0.041713
3	102	-0.041752
34	92	-0.041763
24	94	-0.041785
22	59	-0.041787
29	95	-0.0418
55	91	-0.041843
66	72	-0.041901
45	76	-0.041975
14	93	-0.042045
67	92	-0.042055
34	86	-0.042078
23	78	-0.042097
25	49	-0.042112
37	78	-0.042145
45	68	-0.042151
18	40	-0.042167
8	88	-0.042168
20	36	-0.042192
84	93	-0.042193
64	76	-0.042214
28	93	-0.042234
39	72	-0.042257
50	98	-0.042263
11	98	-0.042267
29	80	-0.042286
34	73	-0.042413
28	47	-0.04242
63	100	-0.042481
51	88	-0.042496
39	70	-0.042519
38	44	-0.042521
45	104	-0.042561
48	78	-0.042576
25	73	-0.042578
46	91	-0.042596
24	88	-0.042648
22	104	-0.042677
10	91	-0.042696
11	56	-0.042704
43	67	-0.042706
39	97	-0.042707
19	101	-0.04271
25	50	-0.042725
11	20	-0.042728
14	81	-0.042758
12	78	-0.042768
23	105	-0.042777
41	68	-0.042789
28	86	-0.042802
55	102	-0.042807
50	101	-0.042871
43	103	-0.042897
25	81	-0.042935
26	90	-0.042983
10	41	-0.043027
4	36	-0.043066
57	69	-0.043095
15	102	-0.043118
28	100	-0.043201
53	75	-0.043246
56	58	-0.043248
54	94	-0.043276
12	25	-0.043281
34	103	-0.043353
23	83	-0.043371
43	55	-0.04338
6	45	-0.043394
37	87	-0.043415
39	88	-0.043427
5	64	-0.043449
10	104	-0.04348
4	92	-0.043485
27	72	-0.043493
52	102	-0.043535
58	80	-0.043537
4	90	-0.04355
30	78	-0.043557
11	85	-0.04359
44	80	-0.043614
15	84	-0.043619
9	84	-0.043632
9	80	-0.043642
55	89	-0.043696
66	104	-0.043724
29	99	-0.043823
41	59	-0.043828
58	90	-0.043834
70	100	-0.043863
56	103	-0.043881
32	97	-0.043939
11	102	-0.043952
22	81	-0.043957
11	76	-0.043973
26	66	-0.043981
57	88	-0.043994
19	65	-0.043995
10	33	-0.044002
55	103	-0.044013
25	99	-0.044037
40	83	-0.044074
18	47	-0.044126
3	40	-0.044137
42	96	-0.044236
24	91	-0.04428
57	94	-0.044315
52	66	-0.04435
25	48	-0.044364
13	72	-0.044366
23	79	-0.044367
3	27	-0.044393
48	91	-0.044423
31	57	-0.044442
51	100	-0.044477
55	68	-0.044527
28	85	-0.04453
20	48	-0.044533
4	45	-0.044537
62	94	-0.04455
15	90	-0.044555
47	70	-0.044566
34	60	-0.044584
4	78	-0.04461
48	100	-0.044669
22	55	-0.044674
41	78	-0.044676
31	67	-0.044712
4	27	-0.044714
28	55	-0.044746
54	83	-0.044747
25	77	-0.044787
15	81	-0.044797
76	95	-0.044803
78	98	-0.044804
5	55	-0.044857
68	103	-0.044931
16	100	-0.044941
5	81	-0.044955
8	87	-0.045004
10	88	-0.045047
8	69	-0.045059
62	77	-0.045083
9	45	-0.045108
31	101	-0.045121
65	88	-0.045142
14	102	-0.04515
31	81	-0.04517
38	94	-0.045198
40	79	-0.045205
59	86	-0.045248
10	92	-0.045295
60	77	-0.045329
9	24	-0.045368
58	95	-0.045368
10	85	-0.0454
64	104	-0.045437
13	65	-0.045446
39	69	-0.045447
33	56	-0.04545
53	94	-0.04548
29	66	-0.04549
42	60	-0.0455
3	65	-0.045505
47	85	-0.045536
17	45	-0.045548
3	77	-0.045556
63	88	-0.045559
10	94	-0.045581
26	39	-0.045636
5	49	-0.045637
26	61	-0.045655
57	96	-0.045711
8	43	-0.045741
24	62	-0.045747
13	96	-0.045916
62	90	-0.045964
15	68	-0.046005
41	58	-0.046053
3	89	-0.046057
5	72	-0.046071
4	95	-0.046101
5	76	-0.04611
42	63	-0.046125
3	54	-0.04615
32	85	-0.046164
5	98	-0.04617
9	18	-0.046226
54	100	-0.046239
9	89	-0.046254
53	76	-0.046276
75	104	-0.046279
54	65	-0.046316
16	73	-0.046321
49	79	-0.046361
27	64	-0.046388
16	96	-0.04639
44	72	-0.046407
9	14	-0.046427
45	58	-0.046457
42	78	-0.046466
22	83	-0.04647
31	42	-0.046475
7	31	-0.046481
6	50	-0.046498
31	89	-0.046516
10	102	-0.046529
24	84	-0.046591
58	91	-0.046594
13	63	-0.046677
43	69	-0.046715
6	65	-0.046736
8	85	-0.046765
60	72	-0.046821
19	79	-0.046828
6	85	-0.046839
3	36	-0.04685
70	97	-0.046864
39	74	-0.046918
21	49	-0.046933
76	81	-0.046984
3	67	-0.047024
23	73	-0.047033
22	57	-0.047069
41	87	-0.047077
49	60	-0.047092
20	65	-0.047121
11	100	-0.047141
7	73	-0.047164
35	62	-0.047192
25	96	-0.047247
14	99	-0.04727
33	101	-0.047272
12	80	-0.047285
13	71	-0.047294
30	61	-0.047332
26	63	-0.047342
28	64	-0.047346
7	40	-0.047366
7	80	-0.047375
20	66	-0.047389
40	102	-0.047411
18	68	-0.047424
52	95	-0.047436
88	105	-0.047453
7	85	-0.047458
72	102	-0.047465
44	70	-0.04751
15	99	-0.047518
32	98	-0.047521
20	91	-0.047598
47	83	-0.047602
26	80	-0.047647
11	36	-0.047664
3	73	-0.047722
4	34	-0.047726
48	73	-0.04773
25	58	-0.047744
17	49	-0.047752
80	103	-0.047761
27	97	-0.047788
5	91	-0.047812
26	105	-0.047815
34	85	-0.047843
21	100	-0.047848
23	94	-0.047891
61	98	-0.047967
19	72	-0.048021
26	53	-0.048037
25	100	-0.048056
38	71	-0.048059
10	80	-0.048075
12	47	-0.048077
17	56	-0.048093
34	56	-0.048137
55	87	-0.04821
47	67	-0.048219
6	67	-0.048259
59	98	-0.048279
11	40	-0.048282
47	94	-0.048357
46	92	-0.048393
78	87	-0.04841
13	93	-0.048429
4	56	-0.048488
65	103	-0.048541
54	96	-0.048548
13	92	-0.048564
35	78	-0.048614
7	42	-0.048744
35	91	-0.048797
30	50	-0.048814
19	51	-0.048852
43	99	-0.048912
33	45	-0.048915
12	102	-0.04894
40	58	-0.048957
46	90	-0.048963
40	90	-0.048992
24	60	-0.049081
31	56	-0.049084
73	79	-0.049099
15	87	-0.049104
38	98	-0.049105
19	86	-0.049134
9	75	-0.049173
53	62	-0.049216
14	92	-0.04923
84	104	-0.049256
23	66	-0.049262
22	65	-0.049312
56	85	-0.049322
69	101	-0.049323
33	103	-0.049331
18	67	-0.049376
31	48	-0.049382
37	93	-0.049392
36	67	-0.049399
4	61	-0.0494
49	74	-0.049439
9	54	-0.049447
60	97	-0.049463
3	38	-0.049469
35	59	-0.049532
25	95	-0.049533
74	86	-0.049539
29	71	-0.049567
29	88	-0.049579
59	79	-0.049582
18	74	-0.049586
4	21	-0.049596
21	80	-0.049641
32	105	-0.049654
37	68	-0.049663
43	79	-0.049705
58	68	-0.049756
49	86	-0.049769
22	98	-0.049796
36	87	-0.049803
72	105	-0.049804
22	44	-0.049846
45	94	-0.049846
45	79	-0.049877
69	87	-0.049908
8	70	-0.049953
33	100	-0.049966
51	103	-0.050035
34	96	-0.050048
30	63	-0.050063
51	72	-0.050076
37	88	-0.050093
3	103	-0.050155
6	86	-0.050158
11	46	-0.050158
11	37	-0.050192
9	33	-0.050193
52	99	-0.050249
17	61	-0.050274
4	97	-0.050292
28	101	-0.050304
37	44	-0.050322
68	81	-0.050322
29	55	-0.050351
37	51	-0.050364
67	102	-0.050368
46	74	-0.050376
7	35	-0.050393
5	86	-0.050394
26	70	-0.050408
33	67	-0.050417
33	86	-0.050417
31	98	-0.050437
4	68	-0.050487
50	66	-0.050493
88	104	-0.050527
8	18	-0.05055
52	69	-0.050553
19	58	-0.05056
34	58	-0.050609
17	50	-0.050614
29	45	-0.050669
14	66	-0.050688
8	28	-0.050712
38	101	-0.050744
18	60	-0.050745
48	92	-0.050764
46	89	-0.050801
7	105	-0.050802
4	65	-0.050821
23	90	-0.050837
38	63	-0.050879
25	101	-0.050904
14	76	-0.050927
38	76	-0.050934
20	74	-0.05096
21	65	-0.051011
27	56	-0.051024
71	97	-0.051031
6	64	-0.051034
40	98	-0.05104
9	26	-0.051129
24	72	-0.051152
54	91	-0.051169
58	93	-0.051221
16	74	-0.051228
38	61	-0.051248
37	71	-0.051255
44	65	-0.051265
26	72	-0.05127
12	23	-0.051274
9	56	-0.051321
43	88	-0.051323
17	95	-0.051348
15	60	-0.051356
13	52	-0.051358
42	104	-0.051411
27	90	-0.051413
40	69	-0.051478
4	44	-0.051571
39	60	-0.051593
50	85	-0.051621
26	77	-0.051636
16	85	-0.051661
43	102	-0.05168
55	64	-0.051756
24	86	-0.05178
54	97	-0.051786
9	59	-0.051788
9	88	-0.051797
12	52	-0.051812
50	105	-0.051812
37	84	-0.051825
29	83	-0.051876
42	101	-0.051881
14	69	-0.051887
25	39	-0.051905
73	105	-0.051905
48	102	-0.05191
43	78	-0.05192
9	101	-0.051927
40	94	-0.051952
17	67	-0.051967
29	90	-0.051983
32	93	-0.05202
45	71	-0.052046
5	47	-0.052063
18	97	-0.052073
27	87	-0.052082
36	76	-0.052084
53	69	-0.052099
18	72	-0.052109
13	77	-0.052138
52	72	-0.052146
28	68	-0.052222
46	72	-0.052266
41	80	-0.052278
29	49	-0.05236
28	44	-0.052411
3	98	-0.052435
51	91	-0.052449
12	68	-0.052511
55	85	-0.052529
11	54	-0.05253
36	85	-0.052535
92	105	-0.052575
30	92	-0.052576
17	83	-0.052589
44	105	-0.052611
39	91	-0.052658
7	33	-0.052665
6	99	-0.052683
34	93	-0.052701
29	102	-0.052821
5	87	-0.05283
33	59	-0.052956
28	99	-0.052975
46	99	-0.052991
41	98	-0.053004
7	32	-0.053014
13	45	-0.053021
51	75	-0.053035
17	96	-0.053037
26	97	-0.053092
42	88	-0.053095
18	77	-0.053114
37	98	-0.053131
52	97	-0.053132
35	77	-0.053162
18	59	-0.053165
28	69	-0.053186
45	78	-0.053195
57	77	-0.053209
16	69	-0.053217
21	67	-0.053226
32	91	-0.053276
12	67	-0.053311
19	97	-0.053317
56	86	-0.053374
6	103	-0.053407
36	104	-0.053414
44	71	-0.053439
66	88	-0.053469
52	71	-0.053545
7	18	-0.053549
30	71	-0.053564
9	83	-0.053582
8	93	-0.05367
21	58	-0.053684
76	96	-0.053685
28	61	-0.053715
32	101	-0.053722
48	97	-0.053723
37	64	-0.053747
58	73	-0.053756
17	66	-0.053757
12	72	-0.053796
6	71	-0.053881
17	72	-0.053936
18	52	-0.053938
33	57	-0.053982
48	70	-0.054029
47	77	-0.054045
5	67	-0.054092
42	102	-0.0541
48	74	-0.054114
11	38	-0.054117
38	90	-0.054137
32	99	-0.054206
26	76	-0.05423
33	46	-0.05424
7	87	-0.054283
62	76	-0.054308
11	55	-0.054312
24	95	-0.054324
59	105	-0.054339
17	71	-0.054374
24	81	-0.054407
50	59	-0.054474
25	92	-0.054511
14	78	-0.054549
50	77	-0.05455
38	87	-0.054563
50	104	-0.054563
29	72	-0.054668
30	94	-0.054694
25	72	-0.054715
43	95	-0.054724
93	101	-0.054729
20	57	-0.054741
30	68	-0.054751
13	91	-0.0548
6	47	-0.054805
43	66	-0.05485
17	73	-0.054854
41	96	-0.054864
6	88	-0.0549
45	72	-0.054906
12	89	-0.05497
46	71	-0.05499
44	87	-0.055038
31	51	-0.055083
27	55	-0.055152
54	59	-0.055184
29	51	-0.055188
79	105	-0.055196
47	71	-0.055244
28	37	-0.055306
55	73	-0.055354
27	51	-0.055401
10	37	-0.055415
38	69	-0.055439
34	100	-0.055497
3	53	-0.05552
9	37	-0.055564
24	75	-0.055591
36	83	-0.055657
58	83	-0.055706
11	87	-0.055726
23	95	-0.055731
29	77	-0.055737
3	75	-0.05574
48	60	-0.055765
24	50	-0.055771
3	42	-0.055894
12	70	-0.055895
48	101	-0.055908
28	45	-0.055911
9	69	-0.055937
37	59	-0.055971
45	93	-0.056031
23	58	-0.056071
53	81	-0.056077
51	80	-0.056087
72	86	-0.056087
34	87	-0.056131
7	45	-0.056174
3	46	-0.056229
6	51	-0.056261
39	94	-0.056454
52	91	-0.05652
60	93	-0.05657
20	56	-0.056602
8	94	-0.056642
61	81	-0.056648
38	46	-0.056735
73	96	-0.056742
8	83	-0.056781
13	87	-0.056788
41	95	-0.05679
86	104	-0.056799
54	74	-0.056815
19	102	-0.056821
30	95	-0.056845
18	105	-0.05691
14	103	-0.056925
10	69	-0.05693
40	88	-0.056985
20	101	-0.056987
32	94	-0.056988
56	104	-0.057004
20	44	-0.057005
20	104	-0.057047
78	104	-0.057079
49	72	-0.057106
11	47	-0.057135
57	91	-0.057143
15	92	-0.057158
15	85	-0.057184
40	103	-0.057256
3	47	-0.057282
4	101	-0.05744
17	92	-0.057447
52	96	-0.057455
13	69	-0.057503
25	69	-0.057515
40	61	-0.057545
3	18	-0.057596
34	68	-0.057634
20	43	-0.057648
41	67	-0.057693
3	45	-0.057726
55	93	-0.057733
31	49	-0.058028
22	90	-0.058062
11	80	-0.058081
38	96	-0.058114
45	95	-0.058364
48	83	-0.058564
33	104	-0.058611
11	105	-0.058669
5	83	-0.058856
37	95	-0.058915
13	53	-0.058926
11	86	-0.058931
22	101	-0.058937
81	98	-0.05898
67	73	-0.05902
7	57	-0.059022
13	103	-0.059058
12	85	-0.059073
63	86	-0.059089
9	42	-0.059173
21	94	-0.05929
11	83	-0.059325
22	77	-0.059365
65	78	-0.059372
58	103	-0.059381
27	73	-0.059405
38	58	-0.059419
22	99	-0.059442
15	54	-0.059443
6	66	-0.059487
80	101	-0.059503
24	79	-0.059521
49	59	-0.059521
51	77	-0.059537
61	94	-0.059548
10	95	-0.059619
8	96	-0.059694
34	101	-0.059727
67	80	-0.05973
3	56	-0.059737
14	94	-0.05979
35	101	-0.059855
16	78	-0.060036
45	64	-0.06005
24	87	-0.060128
35	81	-0.060189
31	64	-0.060239
28	62	-0.060251
20	97	-0.060276
18	56	-0.060318
96	104	-0.060378
41	69	-0.060389
5	40	-0.060442
11	43	-0.060449
24	77	-0.060462
20	47	-0.060464
44	93	-0.060533
48	98	-0.060557
36	59	-0.060603
56	94	-0.060619
14	96	-0.060628
52	70	-0.060647
69	102	-0.060673
19	104	-0.060737
26	92	-0.060751
4	42	-0.060775
59	81	-0.06078
28	90	-0.060849
8	50	-0.061068
51	89	-0.061211
59	69	-0.061215
6	97	-0.061221
47	69	-0.06126
37	81	-0.061326
10	40	-0.061433
30	97	-0.06145
35	100	-0.06145
46	98	-0.061548
7	93	-0.061693
88	99	-0.061718
10	89	-0.061749
18	57	-0.061767
29	86	-0.06191
28	74	-0.061953
36	88	-0.061972
16	99	-0.062026
58	67	-0.062093
19	89	-0.062116
19	68	-0.062216
24	80	-0.062236
37	65	-0.062282
41	81	-0.062371
5	66	-0.062382
54	73	-0.062382
71	100	-0.062438
45	85	-0.06253
6	81	-0.06254
29	50	-0.062599
31	94	-0.062655
38	104	-0.062658
30	100	-0.062797
30	64	-0.062882
46	95	-0.062896
6	68	-0.063078
36	103	-0.063127
58	96	-0.063404
19	88	-0.06361
12	46	-0.06364
83	98	-0.063646
46	65	-0.063672
52	68	-0.063682
20	49	-0.063731
53	98	-0.063836
44	104	-0.06387
11	50	-0.063872
9	28	-0.063885
31	68	-0.064012
44	85	-0.064122
12	50	-0.064147
36	95	-0.064151
12	45	-0.064296
37	94	-0.064318
4	49	-0.064445
4	79	-0.064568
28	36	-0.064576
11	67	-0.064626
31	50	-0.064823
40	56	-0.064955
43	90	-0.065125
17	69	-0.065468
28	56	-0.065527
30	79	-0.065646
51	104	-0.06565
12	54	-0.06577
46	85	-0.065982
38	92	-0.065991
35	67	-0.065995
37	60	-0.065995
50	89	-0.066011
53	77	-0.066078
35	90	-0.066114
55	90	-0.066162
26	71	-0.066181
4	50	-0.066201
67	84	-0.066279
3	22	-0.066289
18	70	-0.066292
12	24	-0.066459
60	95	-0.066505
29	73	-0.066734
38	88	-0.06674
40	105	-0.066901
6	87	-0.067153
5	94	-0.067261
22	75	-0.067278
35	96	-0.067301
17	80	-0.067314
16	94	-0.067341
7	63	-0.067397
6	90	-0.067483
3	92	-0.067493
59	75	-0.067493
19	59	-0.067549
7	50	-0.067667
10	39	-0.067678
4	86	-0.067694
39	85	-0.067839
10	76	-0.067871
52	92	-0.067933
70	84	-0.067967
6	69	-0.067989
48	96	-0.068064
27	36	-0.068244
48	75	-0.068311
16	50	-0.068445
3	44	-0.068566
31	96	-0.068638
3	87	-0.068792
38	93	-0.068928
54	103	-0.068969
5	96	-0.068991
22	96	-0.069004
49	81	-0.069044
20	93	-0.069124
40	91	-0.069155
54	95	-0.069386
38	91	-0.069438
53	89	-0.069488
49	97	-0.069551
31	61	-0.069618
18	64	-0.070145
68	99	-0.07031
12	49	-0.0704
14	95	-0.070547
30	99	-0.07056
12	96	-0.070621
61	87	-0.070641
53	85	-0.070705
78	95	-0.070868
36	90	-0.070894
39	92	-0.070911
30	80	-0.070922
39	98	-0.070984
53	92	-0.071156
19	66	-0.071178
29	93	-0.071219
37	70	-0.071227
16	80	-0.071482
28	60	-0.071612
50	97	-0.071693
58	100	-0.071708
18	51	-0.071916
26	84	-0.072086
4	96	-0.072255
48	90	-0.072627
9	96	-0.072638
46	78	-0.072728
11	28	-0.072747
76	105	-0.072774
34	104	-0.072904
6	93	-0.07299
21	64	-0.073004
10	78	-0.073168
18	99	-0.073226
49	80	-0.073255
12	103	-0.073518
19	73	-0.073798
17	84	-0.07385
3	76	-0.074
7	69	-0.074135
69	83	-0.07441
63	80	-0.074454
42	69	-0.074493
39	90	-0.074779
7	77	-0.074787
51	92	-0.075049
19	80	-0.075228
10	49	-0.075446
3	83	-0.075623
22	97	-0.075644
9	34	-0.075742
70	76	-0.0758
12	100	-0.075924
8	58	-0.076002
53	91	-0.076115
53	86	-0.076124
24	90	-0.076189
22	64	-0.076288
46	60	-0.076697
64	87	-0.076826
20	100	-0.076948
20	77	-0.077202
38	73	-0.077376
51	61	-0.077534
4	98	-0.077985
44	83	-0.078027
33	102	-0.078074
20	69	-0.078896
24	58	-0.079439
21	76	-0.079491
36	96	-0.079492
12	73	-0.07953
27	92	-0.079579
24	93	-0.080168
49	58	-0.080246
65	86	-0.080457
18	100	-0.080662
25	76	-0.080901
11	94	-0.081599
4	69	-0.082049
74	99	-0.082067
28	94	-0.082216
50	102	-0.08233
17	93	-0.083134
18	101	-0.08346
13	49	-0.08365
58	64	-0.084209
18	66	-0.084399
35	92	-0.084405
63	101	-0.08514
58	70	-0.086167
27	79	-0.087278
52	67	-0.087369
20	71	-0.087651
10	87	-0.087903
49	101	-0.088481
22	73	-0.088634
6	95	-0.089248
18	93	-0.089516
54	93	-0.089519
6	94	-0.089808
62	87	-0.091278
37	85	-0.091527
31	79	-0.093013
19	95	-0.093786
58	105	-0.095358
38	68	-0.095651
51	102	-0.095717
40	92	-0.095975
12	83	-0.097247
38	65	-0.097445
54	68	-0.098563
28	57	-0.101236
12	64	-0.103888
4	84	-0.107255
51	95	-0.107258
64	77	-0.123109