#==========================================================================
# The first and second rows contain site pairs (i, j) such that j > i
# The third row contains coevolutionary scores obtained 
# using EVCouplings algorithm.
# Note that in this data sites are counted/labelled starting from 1
#==========================================================================
8	43	0.057127
9	42	0.05606
26	36	0.050996
28	35	0.043495
11	20	0.039883
27	50	0.036336
9	49	0.034711
42	49	0.034711
1	27	0.033966
12	19	0.03224
9	48	0.031986
42	48	0.031986
28	59	0.031158
11	35	0.030073
20	35	0.030073
14	15	0.029562
13	18	0.029191
14	43	0.029094
48	49	0.028796
8	14	0.028482
17	43	0.028326
8	17	0.027637
1	50	0.027237
11	47	0.026828
20	47	0.026828
34	59	0.026097
41	50	0.025385
1	41	0.025089
33	41	0.024593
26	35	0.024536
35	36	0.024536
32	48	0.024388
26	34	0.02424
34	36	0.02424
2	14	0.023054
31	35	0.022785
15	43	0.022484
2	41	0.022288
26	47	0.022286
36	47	0.022286
2	12	0.022006
2	19	0.022006
2	15	0.021972
11	28	0.021902
20	28	0.021902
2	48	0.021829
9	27	0.02182
27	42	0.02182
11	31	0.02162
20	31	0.02162
8	15	0.020909
17	48	0.020852
11	18	0.02085
18	20	0.02085
14	27	0.020364
11	13	0.020321
13	20	0.020321
14	50	0.020032
35	59	0.019825
16	59	0.019704
1	33	0.019486
27	31	0.01926
49	50	0.019216
17	47	0.01913
27	41	0.018697
28	31	0.018579
13	32	0.018215
16	34	0.017881
27	49	0.017725
12	43	0.017589
19	43	0.017589
18	32	0.017501
8	12	0.01747
8	19	0.01747
11	16	0.017434
16	20	0.017434
28	34	0.017432
2	33	0.016943
2	28	0.016625
17	32	0.016617
15	27	0.01658
8	26	0.01611
8	36	0.01611
16	27	0.016105
9	34	0.016024
34	42	0.016024
31	47	0.015727
16	31	0.015646
17	18	0.015506
32	49	0.015451
33	50	0.015164
13	17	0.014982
11	27	0.014889
20	27	0.014889
16	26	0.01478
16	36	0.01478
9	12	0.014762
9	19	0.014762
12	42	0.014762
19	42	0.014762
12	18	0.014717
18	19	0.014717
1	9	0.014462
1	42	0.014462
17	26	0.01437
17	36	0.01437
31	50	0.014364
1	31	0.014223
31	59	0.014214
12	13	0.014144
13	19	0.014144
31	34	0.014054
9	50	0.013959
42	50	0.013959
8	13	0.013915
13	43	0.013911
25	51	0.013642
12	14	0.013593
14	19	0.013593
1	14	0.013335
13	16	0.013266
14	41	0.013138
16	18	0.013036
12	15	0.012808
15	19	0.012808
18	48	0.012693
14	17	0.012637
8	18	0.012412
16	41	0.012411
18	43	0.012407
26	59	0.01236
36	59	0.01236
17	49	0.012072
31	33	0.011936
15	50	0.01191
18	35	0.011775
11	59	0.011171
20	59	0.011171
13	48	0.011144
13	59	0.011126
1	16	0.011057
35	47	0.011034
14	33	0.010767
1	15	0.010765
13	35	0.0106
14	49	0.010488
2	50	0.010385
18	59	0.010353
11	17	0.010324
17	20	0.010324
34	47	0.010201
1	49	0.010189
15	32	0.010012
16	47	0.009932
47	48	0.009803
34	35	0.009768
41	49	0.009736
18	47	0.009672
32	47	0.009527
45	46	0.00936
11	32	0.009351
20	32	0.009351
26	31	0.00935
31	36	0.00935
12	17	0.009253
17	19	0.009253
1	11	0.009216
1	20	0.009216
16	50	0.009157
43	49	0.009033
28	49	0.00896
44	45	0.00888
8	47	0.008757
26	48	0.008558
36	48	0.008558
23	39	0.008507
8	49	0.008483
13	47	0.008462
44	46	0.008344
16	35	0.008249
13	15	0.008187
37	68	0.008184
15	17	0.008142
27	33	0.008037
9	32	0.007921
32	42	0.007921
26	43	0.007839
36	43	0.007839
25	37	0.007702
23	68	0.00754
39	68	0.00754
11	50	0.007479
20	50	0.007479
15	34	0.007463
33	51	0.00741
14	48	0.007232
41	68	0.007162
2	18	0.007054
11	12	0.006962
11	19	0.006962
12	20	0.006962
19	20	0.006962
17	35	0.006813
9	16	0.006757
16	42	0.006757
2	43	0.006733
2	8	0.006636
14	31	0.006583
1	25	0.006516
48	50	0.006507
25	41	0.006485
2	13	0.006328
25	68	0.00632
11	26	0.006239
11	36	0.006239
20	26	0.006239
20	36	0.006239
16	33	0.006236
1	2	0.006229
15	48	0.005957
2	49	0.005747
16	28	0.005691
1	47	0.005445
15	18	0.005393
14	28	0.005392
41	47	0.005273
17	31	0.005197
25	33	0.005162
13	26	0.005125
13	36	0.005125
12	48	0.005096
19	48	0.005096
31	41	0.004931
9	41	0.004754
41	42	0.004754
31	49	0.004689
33	47	0.004563
15	49	0.004536
26	28	0.004485
28	36	0.004485
14	18	0.004442
18	26	0.004371
18	36	0.004371
9	31	0.004364
31	42	0.004364
9	17	0.004182
17	42	0.004182
18	31	0.004125
2	9	0.004096
2	42	0.004096
15	28	0.003953
13	14	0.003917
12	35	0.003816
19	35	0.003816
32	43	0.003815
8	32	0.003789
18	28	0.003781
32	35	0.003727
18	49	0.00372
41	51	0.003663
9	14	0.003655
14	42	0.003655
13	31	0.0036
28	50	0.003554
35	49	0.003487
9	59	0.003468
42	59	0.003468
28	33	0.003409
2	59	0.003259
3	4	0.003083
3	5	0.003083
3	6	0.003083
3	7	0.003083
3	10	0.003083
3	21	0.003083
3	22	0.003083
3	24	0.003083
3	29	0.003083
3	30	0.003083
3	38	0.003083
3	40	0.003083
3	52	0.003083
3	53	0.003083
3	54	0.003083
3	55	0.003083
3	56	0.003083
3	57	0.003083
3	58	0.003083
3	60	0.003083
3	61	0.003083
3	62	0.003083
3	63	0.003083
3	64	0.003083
3	65	0.003083
3	66	0.003083
3	67	0.003083
4	5	0.003083
4	6	0.003083
4	7	0.003083
4	10	0.003083
4	21	0.003083
4	22	0.003083
4	24	0.003083
4	29	0.003083
4	30	0.003083
4	38	0.003083
4	40	0.003083
4	52	0.003083
4	53	0.003083
4	54	0.003083
4	55	0.003083
4	56	0.003083
4	57	0.003083
4	58	0.003083
4	60	0.003083
4	61	0.003083
4	62	0.003083
4	63	0.003083
4	64	0.003083
4	65	0.003083
4	66	0.003083
4	67	0.003083
5	6	0.003083
5	7	0.003083
5	10	0.003083
5	21	0.003083
5	22	0.003083
5	24	0.003083
5	29	0.003083
5	30	0.003083
5	38	0.003083
5	40	0.003083
5	52	0.003083
5	53	0.003083
5	54	0.003083
5	55	0.003083
5	56	0.003083
5	57	0.003083
5	58	0.003083
5	60	0.003083
5	61	0.003083
5	62	0.003083
5	63	0.003083
5	64	0.003083
5	65	0.003083
5	66	0.003083
5	67	0.003083
6	7	0.003083
6	10	0.003083
6	21	0.003083
6	22	0.003083
6	24	0.003083
6	29	0.003083
6	30	0.003083
6	38	0.003083
6	40	0.003083
6	52	0.003083
6	53	0.003083
6	54	0.003083
6	55	0.003083
6	56	0.003083
6	57	0.003083
6	58	0.003083
6	60	0.003083
6	61	0.003083
6	62	0.003083
6	63	0.003083
6	64	0.003083
6	65	0.003083
6	66	0.003083
6	67	0.003083
7	10	0.003083
7	21	0.003083
7	22	0.003083
7	24	0.003083
7	29	0.003083
7	30	0.003083
7	38	0.003083
7	40	0.003083
7	52	0.003083
7	53	0.003083
7	54	0.003083
7	55	0.003083
7	56	0.003083
7	57	0.003083
7	58	0.003083
7	60	0.003083
7	61	0.003083
7	62	0.003083
7	63	0.003083
7	64	0.003083
7	65	0.003083
7	66	0.003083
7	67	0.003083
10	21	0.003083
10	22	0.003083
10	24	0.003083
10	29	0.003083
10	30	0.003083
10	38	0.003083
10	40	0.003083
10	52	0.003083
10	53	0.003083
10	54	0.003083
10	55	0.003083
10	56	0.003083
10	57	0.003083
10	58	0.003083
10	60	0.003083
10	61	0.003083
10	62	0.003083
10	63	0.003083
10	64	0.003083
10	65	0.003083
10	66	0.003083
10	67	0.003083
21	22	0.003083
21	24	0.003083
21	29	0.003083
21	30	0.003083
21	38	0.003083
21	40	0.003083
21	52	0.003083
21	53	0.003083
21	54	0.003083
21	55	0.003083
21	56	0.003083
21	57	0.003083
21	58	0.003083
21	60	0.003083
21	61	0.003083
21	62	0.003083
21	63	0.003083
21	64	0.003083
21	65	0.003083
21	66	0.003083
21	67	0.003083
22	24	0.003083
22	29	0.003083
22	30	0.003083
22	38	0.003083
22	40	0.003083
22	52	0.003083
22	53	0.003083
22	54	0.003083
22	55	0.003083
22	56	0.003083
22	57	0.003083
22	58	0.003083
22	60	0.003083
22	61	0.003083
22	62	0.003083
22	63	0.003083
22	64	0.003083
22	65	0.003083
22	66	0.003083
22	67	0.003083
24	29	0.003083
24	30	0.003083
24	38	0.003083
24	40	0.003083
24	52	0.003083
24	53	0.003083
24	54	0.003083
24	55	0.003083
24	56	0.003083
24	57	0.003083
24	58	0.003083
24	60	0.003083
24	61	0.003083
24	62	0.003083
24	63	0.003083
24	64	0.003083
24	65	0.003083
24	66	0.003083
24	67	0.003083
29	30	0.003083
29	38	0.003083
29	40	0.003083
29	52	0.003083
29	53	0.003083
29	54	0.003083
29	55	0.003083
29	56	0.003083
29	57	0.003083
29	58	0.003083
29	60	0.003083
29	61	0.003083
29	62	0.003083
29	63	0.003083
29	64	0.003083
29	65	0.003083
29	66	0.003083
29	67	0.003083
30	38	0.003083
30	40	0.003083
30	52	0.003083
30	53	0.003083
30	54	0.003083
30	55	0.003083
30	56	0.003083
30	57	0.003083
30	58	0.003083
30	60	0.003083
30	61	0.003083
30	62	0.003083
30	63	0.003083
30	64	0.003083
30	65	0.003083
30	66	0.003083
30	67	0.003083
38	40	0.003083
38	52	0.003083
38	53	0.003083
38	54	0.003083
38	55	0.003083
38	56	0.003083
38	57	0.003083
38	58	0.003083
38	60	0.003083
38	61	0.003083
38	62	0.003083
38	63	0.003083
38	64	0.003083
38	65	0.003083
38	66	0.003083
38	67	0.003083
40	52	0.003083
40	53	0.003083
40	54	0.003083
40	55	0.003083
40	56	0.003083
40	57	0.003083
40	58	0.003083
40	60	0.003083
40	61	0.003083
40	62	0.003083
40	63	0.003083
40	64	0.003083
40	65	0.003083
40	66	0.003083
40	67	0.003083
52	53	0.003083
52	54	0.003083
52	55	0.003083
52	56	0.003083
52	57	0.003083
52	58	0.003083
52	60	0.003083
52	61	0.003083
52	62	0.003083
52	63	0.003083
52	64	0.003083
52	65	0.003083
52	66	0.003083
52	67	0.003083
53	54	0.003083
53	55	0.003083
53	56	0.003083
53	57	0.003083
53	58	0.003083
53	60	0.003083
53	61	0.003083
53	62	0.003083
53	63	0.003083
53	64	0.003083
53	65	0.003083
53	66	0.003083
53	67	0.003083
54	55	0.003083
54	56	0.003083
54	57	0.003083
54	58	0.003083
54	60	0.003083
54	61	0.003083
54	62	0.003083
54	63	0.003083
54	64	0.003083
54	65	0.003083
54	66	0.003083
54	67	0.003083
55	56	0.003083
55	57	0.003083
55	58	0.003083
55	60	0.003083
55	61	0.003083
55	62	0.003083
55	63	0.003083
55	64	0.003083
55	65	0.003083
55	66	0.003083
55	67	0.003083
56	57	0.003083
56	58	0.003083
56	60	0.003083
56	61	0.003083
56	62	0.003083
56	63	0.003083
56	64	0.003083
56	65	0.003083
56	66	0.003083
56	67	0.003083
57	58	0.003083
57	60	0.003083
57	61	0.003083
57	62	0.003083
57	63	0.003083
57	64	0.003083
57	65	0.003083
57	66	0.003083
57	67	0.003083
58	60	0.003083
58	61	0.003083
58	62	0.003083
58	63	0.003083
58	64	0.003083
58	65	0.003083
58	66	0.003083
58	67	0.003083
60	61	0.003083
60	62	0.003083
60	63	0.003083
60	64	0.003083
60	65	0.003083
60	66	0.003083
60	67	0.003083
61	62	0.003083
61	63	0.003083
61	64	0.003083
61	65	0.003083
61	66	0.003083
61	67	0.003083
62	63	0.003083
62	64	0.003083
62	65	0.003083
62	66	0.003083
62	67	0.003083
63	64	0.003083
63	65	0.003083
63	66	0.003083
63	67	0.003083
64	65	0.003083
64	66	0.003083
64	67	0.003083
65	66	0.003083
65	67	0.003083
66	67	0.003083
2	17	0.003063
33	48	0.003034
17	34	0.002999
13	49	0.002819
9	26	0.002749
9	36	0.002749
26	42	0.002749
36	42	0.002749
3	23	0.002552
3	39	0.002552
4	23	0.002552
4	39	0.002552
5	23	0.002552
5	39	0.002552
6	23	0.002552
6	39	0.002552
7	23	0.002552
7	39	0.002552
10	23	0.002552
10	39	0.002552
15	16	0.002552
21	23	0.002552
21	39	0.002552
22	23	0.002552
22	39	0.002552
23	24	0.002552
23	29	0.002552
23	30	0.002552
23	38	0.002552
23	40	0.002552
23	52	0.002552
23	53	0.002552
23	54	0.002552
23	55	0.002552
23	56	0.002552
23	57	0.002552
23	58	0.002552
23	60	0.002552
23	61	0.002552
23	62	0.002552
23	63	0.002552
23	64	0.002552
23	65	0.002552
23	66	0.002552
23	67	0.002552
24	39	0.002552
29	39	0.002552
30	39	0.002552
38	39	0.002552
39	40	0.002552
39	52	0.002552
39	53	0.002552
39	54	0.002552
39	55	0.002552
39	56	0.002552
39	57	0.002552
39	58	0.002552
39	60	0.002552
39	61	0.002552
39	62	0.002552
39	63	0.002552
39	64	0.002552
39	65	0.002552
39	66	0.002552
39	67	0.002552
3	37	0.002525
4	37	0.002525
5	37	0.002525
6	37	0.002525
7	37	0.002525
10	37	0.002525
21	37	0.002525
22	37	0.002525
24	37	0.002525
29	37	0.002525
30	37	0.002525
37	38	0.002525
37	40	0.002525
37	52	0.002525
37	53	0.002525
37	54	0.002525
37	55	0.002525
37	56	0.002525
37	57	0.002525
37	58	0.002525
37	60	0.002525
37	61	0.002525
37	62	0.002525
37	63	0.002525
37	64	0.002525
37	65	0.002525
37	66	0.002525
37	67	0.002525
15	59	0.002488
3	45	0.002465
4	45	0.002465
5	45	0.002465
6	45	0.002465
7	45	0.002465
10	45	0.002465
21	45	0.002465
22	45	0.002465
24	45	0.002465
29	45	0.002465
30	45	0.002465
38	45	0.002465
40	45	0.002465
45	52	0.002465
45	53	0.002465
45	54	0.002465
45	55	0.002465
45	56	0.002465
45	57	0.002465
45	58	0.002465
45	60	0.002465
45	61	0.002465
45	62	0.002465
45	63	0.002465
45	64	0.002465
45	65	0.002465
45	66	0.002465
45	67	0.002465
33	49	0.0024
33	43	0.002324
37	41	0.002174
41	48	0.002169
2	35	0.002095
3	46	0.002085
4	46	0.002085
5	46	0.002085
6	46	0.002085
7	46	0.002085
10	46	0.002085
21	46	0.002085
22	46	0.002085
24	46	0.002085
29	46	0.002085
30	46	0.002085
38	46	0.002085
40	46	0.002085
46	52	0.002085
46	53	0.002085
46	54	0.002085
46	55	0.002085
46	56	0.002085
46	57	0.002085
46	58	0.002085
46	60	0.002085
46	61	0.002085
46	62	0.002085
46	63	0.002085
46	64	0.002085
46	65	0.002085
46	66	0.002085
46	67	0.002085
15	44	0.002039
13	28	0.002038
3	51	0.002012
4	51	0.002012
5	51	0.002012
6	51	0.002012
7	51	0.002012
10	51	0.002012
21	51	0.002012
22	51	0.002012
24	51	0.002012
29	51	0.002012
30	51	0.002012
38	51	0.002012
40	51	0.002012
51	52	0.002012
51	53	0.002012
51	54	0.002012
51	55	0.002012
51	56	0.002012
51	57	0.002012
51	58	0.002012
51	60	0.002012
51	61	0.002012
51	62	0.002012
51	63	0.002012
51	64	0.002012
51	65	0.002012
51	66	0.002012
51	67	0.002012
1	68	0.002007
1	51	0.002005
3	68	0.001968
4	68	0.001968
5	68	0.001968
6	68	0.001968
7	68	0.001968
10	68	0.001968
21	68	0.001968
22	68	0.001968
24	68	0.001968
29	68	0.001968
30	68	0.001968
38	68	0.001968
40	68	0.001968
52	68	0.001968
53	68	0.001968
54	68	0.001968
55	68	0.001968
56	68	0.001968
57	68	0.001968
58	68	0.001968
60	68	0.001968
61	68	0.001968
62	68	0.001968
63	68	0.001968
64	68	0.001968
65	68	0.001968
66	68	0.001968
67	68	0.001968
3	44	0.001959
4	44	0.001959
5	44	0.001959
6	44	0.001959
7	44	0.001959
10	44	0.001959
21	44	0.001959
22	44	0.001959
24	44	0.001959
29	44	0.001959
30	44	0.001959
38	44	0.001959
40	44	0.001959
44	52	0.001959
44	53	0.001959
44	54	0.001959
44	55	0.001959
44	56	0.001959
44	57	0.001959
44	58	0.001959
44	60	0.001959
44	61	0.001959
44	62	0.001959
44	63	0.001959
44	64	0.001959
44	65	0.001959
44	66	0.001959
44	67	0.001959
9	18	0.001945
18	42	0.001945
8	33	0.001901
43	50	0.001901
14	16	0.001826
23	37	0.001811
37	39	0.001811
34	48	0.00175
3	25	0.00174
4	25	0.00174
5	25	0.00174
6	25	0.00174
7	25	0.00174
10	25	0.00174
21	25	0.00174
22	25	0.00174
24	25	0.00174
25	29	0.00174
25	30	0.00174
25	38	0.00174
25	40	0.00174
25	52	0.00174
25	53	0.00174
25	54	0.00174
25	55	0.00174
25	56	0.00174
25	57	0.00174
25	58	0.00174
25	60	0.00174
25	61	0.00174
25	62	0.00174
25	63	0.00174
25	64	0.00174
25	65	0.00174
25	66	0.00174
25	67	0.00174
15	46	0.001737
23	45	0.001736
39	45	0.001736
37	45	0.001699
23	41	0.001693
39	41	0.001693
34	43	0.001608
13	44	0.001572
12	47	0.001568
19	47	0.001568
15	25	0.001565
25	27	0.001551
43	68	0.00155
15	41	0.001539
1	23	0.001526
1	39	0.001526
28	41	0.001378
34	49	0.001324
23	46	0.00125
39	46	0.00125
37	46	0.001208
8	34	0.00118
23	51	0.001162
39	51	0.001162
15	31	0.001158
43	47	0.001118
37	51	0.001117
23	44	0.00108
39	44	0.00108
8	50	0.001056
37	44	0.001037
8	44	0.001031
45	51	0.00103
18	44	0.001028
14	32	0.001016
44	50	0.000976
8	46	0.000966
43	44	0.000962
45	68	0.000957
43	46	0.000941
15	51	0.000893
23	32	0.000891
32	39	0.000891
46	50	0.000859
23	25	0.000786
25	39	0.000786
9	13	0.000654
13	42	0.000654
25	45	0.000644
48	68	0.000606
25	47	0.000483
46	51	0.000476
46	48	0.000404
46	68	0.000382
44	48	0.000341
12	49	0.000334
19	49	0.000334
16	25	0.000318
16	17	0.000297
51	68	0.000274
44	51	0.000263
2	51	0.00022
44	68	0.000173
1	45	0.000135
26	37	0.000117
36	37	0.000117
25	46	4.3e-05
32	59	1.8e-05
25	50	-5.9e-05
50	51	-7.7e-05
28	44	-0.000151
25	44	-0.000167
14	34	-0.000195
28	46	-0.000226
15	68	-0.000284
8	25	-0.000299
17	28	-0.000301
15	33	-0.000303
17	59	-0.000307
1	37	-0.000347
28	68	-0.000356
12	28	-0.000588
19	28	-0.000588
44	47	-0.000621
2	27	-0.000627
3	33	-0.000636
4	33	-0.000636
5	33	-0.000636
6	33	-0.000636
7	33	-0.000636
10	33	-0.000636
21	33	-0.000636
22	33	-0.000636
24	33	-0.000636
29	33	-0.000636
30	33	-0.000636
33	38	-0.000636
33	40	-0.000636
33	52	-0.000636
33	53	-0.000636
33	54	-0.000636
33	55	-0.000636
33	56	-0.000636
33	57	-0.000636
33	58	-0.000636
33	60	-0.000636
33	61	-0.000636
33	62	-0.000636
33	63	-0.000636
33	64	-0.000636
33	65	-0.000636
33	66	-0.000636
33	67	-0.000636
27	46	-0.000638
35	50	-0.000689
27	34	-0.0007
27	44	-0.000749
37	43	-0.000784
11	41	-0.000875
20	41	-0.000875
35	51	-0.000951
8	45	-0.000955
43	45	-0.000983
27	68	-0.001086
28	47	-0.001095
15	23	-0.001121
15	39	-0.001121
16	49	-0.001159
9	33	-0.001164
33	42	-0.001164
15	45	-0.001272
8	23	-0.001305
8	39	-0.001305
23	43	-0.001325
39	43	-0.001325
35	46	-0.001326
31	43	-0.001329
37	48	-0.001344
27	51	-0.001371
35	44	-0.00139
31	48	-0.001391
45	48	-0.001421
2	32	-0.001432
49	51	-0.001455
2	47	-0.001468
13	41	-0.001591
17	68	-0.001609
15	37	-0.00162
1	46	-0.001623
28	32	-0.001669
17	44	-0.00171
45	50	-0.001731
11	34	-0.001741
20	34	-0.001741
2	16	-0.001755
14	35	-0.001806
13	45	-0.001815
35	68	-0.001823
25	59	-0.001864
23	48	-0.00187
39	48	-0.00187
28	45	-0.001894
46	49	-0.001917
3	32	-0.001929
4	32	-0.001929
5	32	-0.001929
6	32	-0.001929
7	32	-0.001929
10	32	-0.001929
21	32	-0.001929
22	32	-0.001929
24	32	-0.001929
29	32	-0.001929
30	32	-0.001929
32	38	-0.001929
32	40	-0.001929
32	52	-0.001929
32	53	-0.001929
32	54	-0.001929
32	55	-0.001929
32	56	-0.001929
32	57	-0.001929
32	58	-0.001929
32	60	-0.001929
32	61	-0.001929
32	62	-0.001929
32	63	-0.001929
32	64	-0.001929
32	65	-0.001929
32	66	-0.001929
32	67	-0.001929
16	23	-0.001957
16	39	-0.001957
44	49	-0.002014
37	50	-0.00202
49	68	-0.002028
8	31	-0.002032
16	32	-0.002114
47	51	-0.002151
3	43	-0.002167
4	43	-0.002167
5	43	-0.002167
6	43	-0.002167
7	43	-0.002167
10	43	-0.002167
21	43	-0.002167
22	43	-0.002167
24	43	-0.002167
29	43	-0.002167
30	43	-0.002167
38	43	-0.002167
40	43	-0.002167
43	52	-0.002167
43	53	-0.002167
43	54	-0.002167
43	55	-0.002167
43	56	-0.002167
43	57	-0.002167
43	58	-0.002167
43	60	-0.002167
43	61	-0.002167
43	62	-0.002167
43	63	-0.002167
43	64	-0.002167
43	65	-0.002167
43	66	-0.002167
43	67	-0.002167
3	26	-0.002177
3	36	-0.002177
4	26	-0.002177
4	36	-0.002177
5	26	-0.002177
5	36	-0.002177
6	26	-0.002177
6	36	-0.002177
7	26	-0.002177
7	36	-0.002177
10	26	-0.002177
10	36	-0.002177
21	26	-0.002177
21	36	-0.002177
22	26	-0.002177
22	36	-0.002177
24	26	-0.002177
24	36	-0.002177
26	29	-0.002177
26	30	-0.002177
26	38	-0.002177
26	40	-0.002177
26	52	-0.002177
26	53	-0.002177
26	54	-0.002177
26	55	-0.002177
26	56	-0.002177
26	57	-0.002177
26	58	-0.002177
26	60	-0.002177
26	61	-0.002177
26	62	-0.002177
26	63	-0.002177
26	64	-0.002177
26	65	-0.002177
26	66	-0.002177
26	67	-0.002177
29	36	-0.002177
30	36	-0.002177
36	38	-0.002177
36	40	-0.002177
36	52	-0.002177
36	53	-0.002177
36	54	-0.002177
36	55	-0.002177
36	56	-0.002177
36	57	-0.002177
36	58	-0.002177
36	60	-0.002177
36	61	-0.002177
36	62	-0.002177
36	63	-0.002177
36	64	-0.002177
36	65	-0.002177
36	66	-0.002177
36	67	-0.002177
3	8	-0.002179
4	8	-0.002179
5	8	-0.002179
6	8	-0.002179
7	8	-0.002179
8	10	-0.002179
8	21	-0.002179
8	22	-0.002179
8	24	-0.002179
8	29	-0.002179
8	30	-0.002179
8	38	-0.002179
8	40	-0.002179
8	52	-0.002179
8	53	-0.002179
8	54	-0.002179
8	55	-0.002179
8	56	-0.002179
8	57	-0.002179
8	58	-0.002179
8	60	-0.002179
8	61	-0.002179
8	62	-0.002179
8	63	-0.002179
8	64	-0.002179
8	65	-0.002179
8	66	-0.002179
8	67	-0.002179
9	25	-0.002184
25	42	-0.002184
18	45	-0.002201
3	41	-0.002203
4	41	-0.002203
5	41	-0.002203
6	41	-0.002203
7	41	-0.002203
10	41	-0.002203
21	41	-0.002203
22	41	-0.002203
24	41	-0.002203
29	41	-0.002203
30	41	-0.002203
38	41	-0.002203
40	41	-0.002203
41	52	-0.002203
41	53	-0.002203
41	54	-0.002203
41	55	-0.002203
41	56	-0.002203
41	57	-0.002203
41	58	-0.002203
41	60	-0.002203
41	61	-0.002203
41	62	-0.002203
41	63	-0.002203
41	64	-0.002203
41	65	-0.002203
41	66	-0.002203
41	67	-0.002203
3	12	-0.002217
3	19	-0.002217
4	12	-0.002217
4	19	-0.002217
5	12	-0.002217
5	19	-0.002217
6	12	-0.002217
6	19	-0.002217
7	12	-0.002217
7	19	-0.002217
10	12	-0.002217
10	19	-0.002217
12	21	-0.002217
12	22	-0.002217
12	24	-0.002217
12	29	-0.002217
12	30	-0.002217
12	38	-0.002217
12	40	-0.002217
12	52	-0.002217
12	53	-0.002217
12	54	-0.002217
12	55	-0.002217
12	56	-0.002217
12	57	-0.002217
12	58	-0.002217
12	60	-0.002217
12	61	-0.002217
12	62	-0.002217
12	63	-0.002217
12	64	-0.002217
12	65	-0.002217
12	66	-0.002217
12	67	-0.002217
19	21	-0.002217
19	22	-0.002217
19	24	-0.002217
19	29	-0.002217
19	30	-0.002217
19	38	-0.002217
19	40	-0.002217
19	52	-0.002217
19	53	-0.002217
19	54	-0.002217
19	55	-0.002217
19	56	-0.002217
19	57	-0.002217
19	58	-0.002217
19	60	-0.002217
19	61	-0.002217
19	62	-0.002217
19	63	-0.002217
19	64	-0.002217
19	65	-0.002217
19	66	-0.002217
19	67	-0.002217
23	33	-0.002225
33	39	-0.002225
18	27	-0.002238
31	51	-0.002242
3	34	-0.00225
4	34	-0.00225
5	34	-0.00225
6	34	-0.00225
7	34	-0.00225
10	34	-0.00225
21	34	-0.00225
22	34	-0.00225
24	34	-0.00225
29	34	-0.00225
30	34	-0.00225
34	38	-0.00225
34	40	-0.00225
34	52	-0.00225
34	53	-0.00225
34	54	-0.00225
34	55	-0.00225
34	56	-0.00225
34	57	-0.00225
34	58	-0.00225
34	60	-0.00225
34	61	-0.00225
34	62	-0.00225
34	63	-0.00225
34	64	-0.00225
34	65	-0.00225
34	66	-0.00225
34	67	-0.00225
49	59	-0.00226
25	49	-0.002263
3	59	-0.002264
4	59	-0.002264
5	59	-0.002264
6	59	-0.002264
7	59	-0.002264
10	59	-0.002264
21	59	-0.002264
22	59	-0.002264
24	59	-0.002264
29	59	-0.002264
30	59	-0.002264
38	59	-0.002264
40	59	-0.002264
52	59	-0.002264
53	59	-0.002264
54	59	-0.002264
55	59	-0.002264
56	59	-0.002264
57	59	-0.002264
58	59	-0.002264
59	60	-0.002264
59	61	-0.002264
59	62	-0.002264
59	63	-0.002264
59	64	-0.002264
59	65	-0.002264
59	66	-0.002264
59	67	-0.002264
33	37	-0.002267
14	46	-0.002268
23	28	-0.00228
28	39	-0.00228
28	37	-0.002288
18	41	-0.002302
14	68	-0.002324
23	50	-0.002326
39	50	-0.002326
45	47	-0.002328
3	48	-0.002338
4	48	-0.002338
5	48	-0.002338
6	48	-0.002338
7	48	-0.002338
10	48	-0.002338
21	48	-0.002338
22	48	-0.002338
24	48	-0.002338
29	48	-0.002338
30	48	-0.002338
38	48	-0.002338
40	48	-0.002338
48	52	-0.002338
48	53	-0.002338
48	54	-0.002338
48	55	-0.002338
48	56	-0.002338
48	57	-0.002338
48	58	-0.002338
48	60	-0.002338
48	61	-0.002338
48	62	-0.002338
48	63	-0.002338
48	64	-0.002338
48	65	-0.002338
48	66	-0.002338
48	67	-0.002338
27	45	-0.002351
17	50	-0.002388
14	44	-0.002396
33	45	-0.002417
14	51	-0.002421
46	59	-0.00246
2	31	-0.002473
27	35	-0.002487
35	45	-0.002513
48	51	-0.002526
50	68	-0.00258
1	3	-0.002583
1	4	-0.002583
1	5	-0.002583
1	6	-0.002583
1	7	-0.002583
1	10	-0.002583
1	21	-0.002583
1	22	-0.002583
1	24	-0.002583
1	29	-0.002583
1	30	-0.002583
1	38	-0.002583
1	40	-0.002583
1	52	-0.002583
1	53	-0.002583
1	54	-0.002583
1	55	-0.002583
1	56	-0.002583
1	57	-0.002583
1	58	-0.002583
1	60	-0.002583
1	61	-0.002583
1	62	-0.002583
1	63	-0.002583
1	64	-0.002583
1	65	-0.002583
1	66	-0.002583
1	67	-0.002583
32	68	-0.0026
27	37	-0.002643
8	37	-0.002646
43	51	-0.002646
3	35	-0.00265
4	35	-0.00265
5	35	-0.00265
6	35	-0.00265
7	35	-0.00265
10	35	-0.00265
21	35	-0.00265
22	35	-0.00265
24	35	-0.00265
29	35	-0.00265
30	35	-0.00265
35	38	-0.00265
35	40	-0.00265
35	52	-0.00265
35	53	-0.00265
35	54	-0.00265
35	55	-0.00265
35	56	-0.00265
35	57	-0.00265
35	58	-0.00265
35	60	-0.00265
35	61	-0.00265
35	62	-0.00265
35	63	-0.00265
35	64	-0.00265
35	65	-0.00265
35	66	-0.00265
35	67	-0.00265
8	51	-0.002721
23	27	-0.00273
27	39	-0.00273
3	9	-0.002739
3	42	-0.002739
4	9	-0.002739
4	42	-0.002739
5	9	-0.002739
5	42	-0.002739
6	9	-0.002739
6	42	-0.002739
7	9	-0.002739
7	42	-0.002739
9	10	-0.002739
9	21	-0.002739
9	22	-0.002739
9	24	-0.002739
9	29	-0.002739
9	30	-0.002739
9	38	-0.002739
9	40	-0.002739
9	52	-0.002739
9	53	-0.002739
9	54	-0.002739
9	55	-0.002739
9	56	-0.002739
9	57	-0.002739
9	58	-0.002739
9	60	-0.002739
9	61	-0.002739
9	62	-0.002739
9	63	-0.002739
9	64	-0.002739
9	65	-0.002739
9	66	-0.002739
9	67	-0.002739
10	42	-0.002739
21	42	-0.002739
22	42	-0.002739
24	42	-0.002739
29	42	-0.002739
30	42	-0.002739
38	42	-0.002739
40	42	-0.002739
42	52	-0.002739
42	53	-0.002739
42	54	-0.002739
42	55	-0.002739
42	56	-0.002739
42	57	-0.002739
42	58	-0.002739
42	60	-0.002739
42	61	-0.002739
42	62	-0.002739
42	63	-0.002739
42	64	-0.002739
42	65	-0.002739
42	66	-0.002739
42	67	-0.002739
23	35	-0.002802
35	39	-0.002802
3	28	-0.002823
4	28	-0.002823
5	28	-0.002823
6	28	-0.002823
7	28	-0.002823
10	28	-0.002823
21	28	-0.002823
22	28	-0.002823
24	28	-0.002823
28	29	-0.002823
28	30	-0.002823
28	38	-0.002823
28	40	-0.002823
28	52	-0.002823
28	53	-0.002823
28	54	-0.002823
28	55	-0.002823
28	56	-0.002823
28	57	-0.002823
28	58	-0.002823
28	60	-0.002823
28	61	-0.002823
28	62	-0.002823
28	63	-0.002823
28	64	-0.002823
28	65	-0.002823
28	66	-0.002823
28	67	-0.002823
31	32	-0.002859
3	47	-0.002888
4	47	-0.002888
5	47	-0.002888
6	47	-0.002888
7	47	-0.002888
10	47	-0.002888
21	47	-0.002888
22	47	-0.002888
24	47	-0.002888
29	47	-0.002888
30	47	-0.002888
38	47	-0.002888
40	47	-0.002888
47	52	-0.002888
47	53	-0.002888
47	54	-0.002888
47	55	-0.002888
47	56	-0.002888
47	57	-0.002888
47	58	-0.002888
47	60	-0.002888
47	61	-0.002888
47	62	-0.002888
47	63	-0.002888
47	64	-0.002888
47	65	-0.002888
47	66	-0.002888
47	67	-0.002888
37	47	-0.0029
35	37	-0.002947
26	32	-0.00295
32	36	-0.00295
13	46	-0.003036
28	51	-0.00306
3	27	-0.003079
4	27	-0.003079
5	27	-0.003079
6	27	-0.003079
7	27	-0.003079
10	27	-0.003079
21	27	-0.003079
22	27	-0.003079
24	27	-0.003079
27	29	-0.003079
27	30	-0.003079
27	38	-0.003079
27	40	-0.003079
27	52	-0.003079
27	53	-0.003079
27	54	-0.003079
27	55	-0.003079
27	56	-0.003079
27	57	-0.003079
27	58	-0.003079
27	60	-0.003079
27	61	-0.003079
27	62	-0.003079
27	63	-0.003079
27	64	-0.003079
27	65	-0.003079
27	66	-0.003079
27	67	-0.003079
23	47	-0.003083
39	47	-0.003083
33	46	-0.003098
2	25	-0.003103
9	46	-0.003112
42	46	-0.003112
59	68	-0.003122
11	14	-0.003132
14	20	-0.003132
33	59	-0.003147
31	68	-0.00316
16	51	-0.003181
16	68	-0.003185
2	11	-0.003283
2	20	-0.003283
37	59	-0.003292
14	25	-0.003331
3	11	-0.003403
3	20	-0.003403
4	11	-0.003403
4	20	-0.003403
5	11	-0.003403
5	20	-0.003403
6	11	-0.003403
6	20	-0.003403
7	11	-0.003403
7	20	-0.003403
10	11	-0.003403
10	20	-0.003403
11	21	-0.003403
11	22	-0.003403
11	24	-0.003403
11	29	-0.003403
11	30	-0.003403
11	38	-0.003403
11	40	-0.003403
11	52	-0.003403
11	53	-0.003403
11	54	-0.003403
11	55	-0.003403
11	56	-0.003403
11	57	-0.003403
11	58	-0.003403
11	60	-0.003403
11	61	-0.003403
11	62	-0.003403
11	63	-0.003403
11	64	-0.003403
11	65	-0.003403
11	66	-0.003403
11	67	-0.003403
20	21	-0.003403
20	22	-0.003403
20	24	-0.003403
20	29	-0.003403
20	30	-0.003403
20	38	-0.003403
20	40	-0.003403
20	52	-0.003403
20	53	-0.003403
20	54	-0.003403
20	55	-0.003403
20	56	-0.003403
20	57	-0.003403
20	58	-0.003403
20	60	-0.003403
20	61	-0.003403
20	62	-0.003403
20	63	-0.003403
20	64	-0.003403
20	65	-0.003403
20	66	-0.003403
20	67	-0.003403
33	68	-0.003417
1	32	-0.003449
44	59	-0.003452
8	41	-0.003494
18	46	-0.003511
33	44	-0.003515
9	44	-0.003519
42	44	-0.003519
23	59	-0.00353
39	59	-0.00353
45	59	-0.003535
41	59	-0.003554
26	51	-0.003589
36	51	-0.003589
1	59	-0.003607
25	31	-0.003621
23	26	-0.003629
23	36	-0.003629
26	39	-0.003629
36	39	-0.003629
41	43	-0.003636
9	68	-0.003638
42	68	-0.003638
26	46	-0.003645
36	46	-0.003645
1	34	-0.003654
51	59	-0.003664
32	37	-0.003675
9	37	-0.003686
37	42	-0.003686
46	47	-0.003694
26	45	-0.003705
36	45	-0.003705
9	45	-0.003712
42	45	-0.003712
11	25	-0.003718
20	25	-0.003718
31	45	-0.003718
26	68	-0.003739
36	68	-0.003739
9	51	-0.003762
42	51	-0.003762
32	45	-0.003777
13	27	-0.003821
9	23	-0.003827
9	39	-0.003827
23	42	-0.003827
39	42	-0.003827
31	46	-0.003845
33	35	-0.003918
1	17	-0.003928
11	46	-0.004031
20	46	-0.004031
17	45	-0.004065
34	37	-0.004068
3	50	-0.004075
4	50	-0.004075
5	50	-0.004075
6	50	-0.004075
7	50	-0.004075
10	50	-0.004075
21	50	-0.004075
22	50	-0.004075
24	50	-0.004075
29	50	-0.004075
30	50	-0.004075
38	50	-0.004075
40	50	-0.004075
50	52	-0.004075
50	53	-0.004075
50	54	-0.004075
50	55	-0.004075
50	56	-0.004075
50	57	-0.004075
50	58	-0.004075
50	60	-0.004075
50	61	-0.004075
50	62	-0.004075
50	63	-0.004075
50	64	-0.004075
50	65	-0.004075
50	66	-0.004075
50	67	-0.004075
26	44	-0.004078
36	44	-0.004078
1	44	-0.004079
18	50	-0.00409
45	49	-0.004094
12	23	-0.004105
12	39	-0.004105
19	23	-0.004105
19	39	-0.004105
23	34	-0.004105
34	39	-0.004105
41	45	-0.004108
17	46	-0.004121
12	37	-0.004164
19	37	-0.004164
32	46	-0.004181
17	37	-0.004211
2	3	-0.00424
2	4	-0.00424
2	5	-0.00424
2	6	-0.00424
2	7	-0.00424
2	10	-0.00424
2	21	-0.00424
2	22	-0.00424
2	24	-0.00424
2	29	-0.00424
2	30	-0.00424
2	38	-0.00424
2	40	-0.00424
2	52	-0.00424
2	53	-0.00424
2	54	-0.00424
2	55	-0.00424
2	56	-0.00424
2	57	-0.00424
2	58	-0.00424
2	60	-0.00424
2	61	-0.00424
2	62	-0.00424
2	63	-0.00424
2	64	-0.00424
2	65	-0.00424
2	66	-0.00424
2	67	-0.00424
34	45	-0.004284
37	49	-0.004292
12	45	-0.004298
19	45	-0.004298
26	49	-0.004308
36	49	-0.004308
25	32	-0.004375
11	44	-0.004388
20	44	-0.004388
41	46	-0.004434
16	37	-0.004448
14	45	-0.004466
11	33	-0.004477
20	33	-0.004477
11	45	-0.00449
20	45	-0.00449
1	18	-0.004515
11	23	-0.004552
11	39	-0.004552
20	23	-0.004552
20	39	-0.004552
12	59	-0.004582
19	59	-0.004582
32	44	-0.004596
14	37	-0.004616
16	44	-0.004626
11	49	-0.004634
20	49	-0.004634
23	49	-0.004653
39	49	-0.004653
32	51	-0.004673
17	23	-0.004677
17	39	-0.004677
17	33	-0.004689
11	37	-0.004732
20	37	-0.004732
41	44	-0.004763
34	46	-0.00478
25	34	-0.004788
15	26	-0.004789
15	36	-0.004789
11	51	-0.00481
20	51	-0.00481
17	51	-0.004841
11	68	-0.004842
20	68	-0.004842
3	15	-0.004874
4	15	-0.004874
5	15	-0.004874
6	15	-0.004874
7	15	-0.004874
10	15	-0.004874
15	21	-0.004874
15	22	-0.004874
15	24	-0.004874
15	29	-0.004874
15	30	-0.004874
15	38	-0.004874
15	40	-0.004874
15	52	-0.004874
15	53	-0.004874
15	54	-0.004874
15	55	-0.004874
15	56	-0.004874
15	57	-0.004874
15	58	-0.004874
15	60	-0.004874
15	61	-0.004874
15	62	-0.004874
15	63	-0.004874
15	64	-0.004874
15	65	-0.004874
15	66	-0.004874
15	67	-0.004874
12	46	-0.0049
19	46	-0.0049
9	15	-0.004935
15	42	-0.004935
14	23	-0.005005
14	39	-0.005005
27	32	-0.005039
12	31	-0.00505
19	31	-0.00505
25	35	-0.005113
31	37	-0.005119
34	68	-0.00514
13	25	-0.005209
34	51	-0.005233
34	44	-0.005299
14	59	-0.005352
23	31	-0.005354
31	39	-0.005354
3	16	-0.005376
4	16	-0.005376
5	16	-0.005376
6	16	-0.005376
7	16	-0.005376
10	16	-0.005376
16	21	-0.005376
16	22	-0.005376
16	24	-0.005376
16	29	-0.005376
16	30	-0.005376
16	38	-0.005376
16	40	-0.005376
16	52	-0.005376
16	53	-0.005376
16	54	-0.005376
16	55	-0.005376
16	56	-0.005376
16	57	-0.005376
16	58	-0.005376
16	60	-0.005376
16	61	-0.005376
16	62	-0.005376
16	63	-0.005376
16	64	-0.005376
16	65	-0.005376
16	66	-0.005376
16	67	-0.005376
43	59	-0.005398
2	34	-0.005454
12	44	-0.005473
19	44	-0.005473
12	51	-0.005476
19	51	-0.005476
12	27	-0.005483
19	27	-0.005483
3	13	-0.005484
4	13	-0.005484
5	13	-0.005484
6	13	-0.005484
7	13	-0.005484
10	13	-0.005484
13	21	-0.005484
13	22	-0.005484
13	24	-0.005484
13	29	-0.005484
13	30	-0.005484
13	38	-0.005484
13	40	-0.005484
13	52	-0.005484
13	53	-0.005484
13	54	-0.005484
13	55	-0.005484
13	56	-0.005484
13	57	-0.005484
13	58	-0.005484
13	60	-0.005484
13	61	-0.005484
13	62	-0.005484
13	63	-0.005484
13	64	-0.005484
13	65	-0.005484
13	66	-0.005484
13	67	-0.005484
18	25	-0.005487
17	27	-0.005491
12	68	-0.00559
19	68	-0.00559
3	18	-0.00564
4	18	-0.00564
5	18	-0.00564
6	18	-0.00564
7	18	-0.00564
10	18	-0.00564
12	25	-0.00564
18	21	-0.00564
18	22	-0.00564
18	24	-0.00564
18	29	-0.00564
18	30	-0.00564
18	38	-0.00564
18	40	-0.00564
18	52	-0.00564
18	53	-0.00564
18	54	-0.00564
18	55	-0.00564
18	56	-0.00564
18	57	-0.00564
18	58	-0.00564
18	60	-0.00564
18	61	-0.00564
18	62	-0.00564
18	63	-0.00564
18	64	-0.00564
18	65	-0.00564
18	66	-0.00564
18	67	-0.00564
19	25	-0.00564
16	45	-0.005652
16	48	-0.005717
31	44	-0.005729
8	68	-0.005747
2	46	-0.005759
34	50	-0.005808
3	49	-0.00581
4	49	-0.00581
5	49	-0.00581
6	49	-0.00581
7	49	-0.00581
10	49	-0.00581
21	49	-0.00581
22	49	-0.00581
24	49	-0.00581
29	49	-0.00581
30	49	-0.00581
38	49	-0.00581
40	49	-0.00581
49	52	-0.00581
49	53	-0.00581
49	54	-0.00581
49	55	-0.00581
49	56	-0.00581
49	57	-0.00581
49	58	-0.00581
49	60	-0.00581
49	61	-0.00581
49	62	-0.00581
49	63	-0.00581
49	64	-0.00581
49	65	-0.00581
49	66	-0.00581
49	67	-0.00581
13	50	-0.005883
2	37	-0.00589
34	41	-0.005936
2	45	-0.005939
2	23	-0.005951
2	39	-0.005951
12	16	-0.005986
16	19	-0.005986
16	43	-0.006021
16	46	-0.006079
3	31	-0.006179
4	31	-0.006179
5	31	-0.006179
6	31	-0.006179
7	31	-0.006179
10	31	-0.006179
21	31	-0.006179
22	31	-0.006179
24	31	-0.006179
29	31	-0.006179
30	31	-0.006179
31	38	-0.006179
31	40	-0.006179
31	52	-0.006179
31	53	-0.006179
31	54	-0.006179
31	55	-0.006179
31	56	-0.006179
31	57	-0.006179
31	58	-0.006179
31	60	-0.006179
31	61	-0.006179
31	62	-0.006179
31	63	-0.006179
31	64	-0.006179
31	65	-0.006179
31	66	-0.006179
31	67	-0.006179
2	68	-0.006183
47	50	-0.006186
8	16	-0.006194
2	44	-0.006208
12	32	-0.006208
19	32	-0.006208
3	14	-0.006347
4	14	-0.006347
5	14	-0.006347
6	14	-0.006347
7	14	-0.006347
10	14	-0.006347
14	21	-0.006347
14	22	-0.006347
14	24	-0.006347
14	29	-0.006347
14	30	-0.006347
14	38	-0.006347
14	40	-0.006347
14	52	-0.006347
14	53	-0.006347
14	54	-0.006347
14	55	-0.006347
14	56	-0.006347
14	57	-0.006347
14	58	-0.006347
14	60	-0.006347
14	61	-0.006347
14	62	-0.006347
14	63	-0.006347
14	64	-0.006347
14	65	-0.006347
14	66	-0.006347
14	67	-0.006347
1	12	-0.006376
1	19	-0.006376
13	33	-0.00641
25	26	-0.006449
25	36	-0.006449
13	68	-0.00647
3	17	-0.006482
4	17	-0.006482
5	17	-0.006482
6	17	-0.006482
7	17	-0.006482
10	17	-0.006482
17	21	-0.006482
17	22	-0.006482
17	24	-0.006482
17	29	-0.006482
17	30	-0.006482
17	38	-0.006482
17	40	-0.006482
17	52	-0.006482
17	53	-0.006482
17	54	-0.006482
17	55	-0.006482
17	56	-0.006482
17	57	-0.006482
17	58	-0.006482
17	60	-0.006482
17	61	-0.006482
17	62	-0.006482
17	63	-0.006482
17	64	-0.006482
17	65	-0.006482
17	66	-0.006482
17	67	-0.006482
13	34	-0.006497
17	25	-0.006533
13	23	-0.006702
13	39	-0.006702
18	68	-0.006725
25	43	-0.006782
13	37	-0.00681
13	51	-0.006832
18	23	-0.006915
18	39	-0.006915
27	47	-0.006917
1	13	-0.006924
25	48	-0.006928
18	33	-0.006957
47	59	-0.006967
18	37	-0.007021
47	68	-0.007076
18	51	-0.007083
12	26	-0.007321
12	36	-0.007321
19	26	-0.007321
19	36	-0.007321
18	34	-0.007335
25	28	-0.007487
32	33	-0.007568
14	47	-0.00759
17	41	-0.007937
33	34	-0.008032
14	26	-0.008192
14	36	-0.008192
32	34	-0.00837
11	15	-0.009032
15	20	-0.009032
32	50	-0.009297
12	50	-0.010065
19	50	-0.010065
32	41	-0.010374
15	35	-0.010599
12	33	-0.010741
19	33	-0.010741
47	49	-0.01086
50	59	-0.011004
12	41	-0.011125
19	41	-0.011125
27	43	-0.011224
1	35	-0.011303
8	27	-0.01136
12	34	-0.011497
19	34	-0.011497
28	48	-0.011515
48	59	-0.011678
28	43	-0.011916
8	28	-0.012336
8	9	-0.013115
8	42	-0.013115
8	59	-0.013192
9	43	-0.013331
42	43	-0.013331
27	48	-0.014299
2	26	-0.014694
2	36	-0.014694
1	43	-0.014746
1	26	-0.014852
1	36	-0.014852
26	33	-0.015128
33	36	-0.015128
9	28	-0.015182
28	42	-0.015182
35	41	-0.016857
27	59	-0.016946
43	48	-0.017259
1	48	-0.017538
27	28	-0.017786
8	48	-0.018229
26	27	-0.018266
27	36	-0.018266
26	41	-0.018325
36	41	-0.018325
11	48	-0.018538
20	48	-0.018538
26	50	-0.018808
36	50	-0.018808
1	28	-0.019018
15	47	-0.020371
1	8	-0.020377
35	43	-0.020423
8	35	-0.020432
11	43	-0.021071
20	43	-0.021071
8	11	-0.021323
8	20	-0.021323
35	48	-0.022871
9	11	-0.023543
9	20	-0.023543
11	42	-0.023543
20	42	-0.023543
9	47	-0.024932
42	47	-0.024932
9	35	-0.025775
35	42	-0.025775