#==========================================================================
# The first and second rows contain site pairs (i, j) such that j > i
# The third row contains coevolutionary scores obtained 
# using EVCouplings algorithm.
# Note that in this data sites are counted/labelled starting from 1
#==========================================================================
27	44	0.153043
28	43	0.134446
60	65	0.119896
2	19	0.105073
6	9	0.10385
29	42	0.102791
57	68	0.098823
8	9	0.094416
6	8	0.085803
25	46	0.084286
5	16	0.077697
23	48	0.07589
26	45	0.073798
34	42	0.07216
58	67	0.070052
34	37	0.067775
12	14	0.063804
36	37	0.060499
35	36	0.05658
47	49	0.056576
41	74	0.056168
41	75	0.056168
74	75	0.056168
25	50	0.054515
35	64	0.053781
9	20	0.052972
29	34	0.05215
8	15	0.051996
9	15	0.051441
6	15	0.051218
11	12	0.050442
24	47	0.047676
24	49	0.047676
5	14	0.04733
21	47	0.047133
21	49	0.047133
6	20	0.04704
26	46	0.047011
45	46	0.047011
13	14	0.046874
8	69	0.046533
4	17	0.045796
35	37	0.045734
7	8	0.045425
47	50	0.045239
49	50	0.045239
57	60	0.043774
60	68	0.043774
62	63	0.043536
57	65	0.04284
65	68	0.04284
11	14	0.04197
7	9	0.041811
50	54	0.041065
26	33	0.040265
33	45	0.040265
2	57	0.040238
2	68	0.040238
21	24	0.039922
55	77	0.039478
6	7	0.039292
33	42	0.038764
26	54	0.038521
45	54	0.038521
47	58	0.038189
49	58	0.038189
63	64	0.038173
47	67	0.038082
49	67	0.038082
56	61	0.037294
21	50	0.037249
17	60	0.037043
18	69	0.036904
33	34	0.036734
1	23	0.036264
1	48	0.036264
17	65	0.036218
8	43	0.036177
23	24	0.036164
24	48	0.036164
15	43	0.03599
28	62	0.035976
34	36	0.035805
55	56	0.035801
24	50	0.035783
8	28	0.035616
3	69	0.035458
3	24	0.035238
3	18	0.035087
6	43	0.035022
24	77	0.034899
43	62	0.034886
55	58	0.034817
55	67	0.034806
14	64	0.034745
7	42	0.034362
6	28	0.033668
6	53	0.033549
2	23	0.033006
2	48	0.033006
23	47	0.032602
23	49	0.032602
47	48	0.032602
48	49	0.032602
7	18	0.032461
21	77	0.031965
34	35	0.031819
46	50	0.031813
15	28	0.031808
41	67	0.03175
67	74	0.03175
67	75	0.03175
9	62	0.031616
41	58	0.031568
58	74	0.031568
58	75	0.031568
17	18	0.03143
29	46	0.031353
33	46	0.031281
5	61	0.03119
7	61	0.030956
3	23	0.030953
3	48	0.030953
28	63	0.03059
27	33	0.030547
33	44	0.030547
29	57	0.030363
29	68	0.030363
25	47	0.030165
25	49	0.030165
21	58	0.030058
9	43	0.03001
21	67	0.029969
15	62	0.029905
9	10	0.029874
10	20	0.029774
9	28	0.029722
19	57	0.029497
19	68	0.029497
6	69	0.029368
17	54	0.029368
9	69	0.028967
3	4	0.028874
18	58	0.028691
18	67	0.028656
13	61	0.028651
42	57	0.028556
42	68	0.028556
1	10	0.028285
10	61	0.028206
25	26	0.028195
25	45	0.028195
8	20	0.028043
24	58	0.027672
5	12	0.027614
24	67	0.027577
2	4	0.027567
36	63	0.027176
17	69	0.026716
43	63	0.026713
37	57	0.026683
37	68	0.026683
8	62	0.026667
9	53	0.026422
35	41	0.026244
35	74	0.026244
35	75	0.026244
14	37	0.026076
9	13	0.025628
6	10	0.025588
36	64	0.025582
4	16	0.025461
3	47	0.025152
3	49	0.025152
47	77	0.024946
49	77	0.024946
19	23	0.024814
19	48	0.024814
23	27	0.024781
23	44	0.024781
27	48	0.024781
44	48	0.024781
4	19	0.024742
21	23	0.024639
21	48	0.024639
21	25	0.024589
20	26	0.024575
20	45	0.024575
25	54	0.024574
16	64	0.02434
25	56	0.024292
6	62	0.023995
56	77	0.023984
29	33	0.023904
10	35	0.023822
43	46	0.023787
7	29	0.023651
16	17	0.023643
5	63	0.023591
8	53	0.02357
16	57	0.023485
16	68	0.023485
8	10	0.023188
4	26	0.023148
4	45	0.023148
55	69	0.02291
1	16	0.022897
2	27	0.022632
2	44	0.022632
7	69	0.022569
50	58	0.022542
11	56	0.022481
50	67	0.022446
24	25	0.02238
23	77	0.022248
48	77	0.022248
5	37	0.022183
42	60	0.022129
29	69	0.022119
15	53	0.022009
5	34	0.021861
11	63	0.021735
55	63	0.021702
10	25	0.021581
4	63	0.021536
12	15	0.021511
33	36	0.021072
5	54	0.020913
24	55	0.020856
15	20	0.020779
25	29	0.020563
15	65	0.020511
4	54	0.020497
14	15	0.020469
12	43	0.020451
7	13	0.020201
19	77	0.020055
6	13	0.020032
28	46	0.019962
16	42	0.019953
11	61	0.019934
33	37	0.019905
61	63	0.019862
1	15	0.019807
7	15	0.019771
42	65	0.019729
42	61	0.019697
12	64	0.019644
15	60	0.019416
42	69	0.019414
18	24	0.019387
14	63	0.019364
46	47	0.01931
46	49	0.01931
4	46	0.019093
12	28	0.019013
11	77	0.01892
10	64	0.018841
29	60	0.018741
16	34	0.018737
17	64	0.018698
23	50	0.018619
48	50	0.018619
18	55	0.018605
5	25	0.018336
8	18	0.018314
37	69	0.018227
19	56	0.018201
8	13	0.018136
10	41	0.018133
10	74	0.018133
10	75	0.018133
20	25	0.018084
12	17	0.017993
1	19	0.017922
9	17	0.017774
29	65	0.01771
13	46	0.017662
13	41	0.017549
13	74	0.017549
13	75	0.017549
35	69	0.017403
50	77	0.017306
9	18	0.017282
13	37	0.016934
7	55	0.016884
20	36	0.016873
23	61	0.016781
48	61	0.016781
10	69	0.016756
1	2	0.016677
7	53	0.016634
10	26	0.016605
10	45	0.016605
42	46	0.01659
3	50	0.016524
17	26	0.016179
17	45	0.016179
33	41	0.016096
33	74	0.016096
33	75	0.016096
10	60	0.016003
16	63	0.015993
19	27	0.015869
19	44	0.015869
37	41	0.015754
37	74	0.015754
37	75	0.015754
6	18	0.015667
11	62	0.015399
26	63	0.015329
45	63	0.015329
21	55	0.015325
12	16	0.015304
21	46	0.015177
3	53	0.015157
41	62	0.015099
62	74	0.015099
62	75	0.015099
54	62	0.015094
26	36	0.01505
36	45	0.01505
42	55	0.015029
17	57	0.014956
17	68	0.014956
41	60	0.01485
60	74	0.01485
60	75	0.01485
1	5	0.014786
13	65	0.014499
41	65	0.014461
65	74	0.014461
65	75	0.014461
5	46	0.014409
13	64	0.014397
18	23	0.014395
18	48	0.014395
10	65	0.014294
27	35	0.013975
35	44	0.013975
36	47	0.013891
36	49	0.013891
41	64	0.013889
64	74	0.013889
64	75	0.013889
7	14	0.013853
4	11	0.01374
35	63	0.013547
16	29	0.013422
2	26	0.01329
2	45	0.01329
33	67	0.013287
10	55	0.013283
33	58	0.013266
41	61	0.013161
61	74	0.013161
61	75	0.013161
14	16	0.012961
14	77	0.012855
3	64	0.012846
12	37	0.012747
35	62	0.012614
11	65	0.012607
2	54	0.012415
28	36	0.012405
20	37	0.012381
10	29	0.012354
15	16	0.012351
7	67	0.012247
27	63	0.012243
44	63	0.012243
7	58	0.012235
16	19	0.012235
60	62	0.012033
13	26	0.011993
13	45	0.011993
24	46	0.01191
2	29	0.011866
4	27	0.011859
4	44	0.011859
11	13	0.011855
4	60	0.011745
18	53	0.011543
26	27	0.011483
26	44	0.011483
27	45	0.011483
44	45	0.011483
58	77	0.011441
5	26	0.011436
5	45	0.011436
29	56	0.011401
67	77	0.011383
26	50	0.011381
45	50	0.011381
27	28	0.011364
28	44	0.011364
4	65	0.011341
20	65	0.011336
11	60	0.011325
18	42	0.011312
28	33	0.011296
18	47	0.011231
18	49	0.011231
19	24	0.01113
13	60	0.011083
21	53	0.011079
11	21	0.011009
11	46	0.01091
5	15	0.010793
62	64	0.010787
3	17	0.010721
13	33	0.010664
62	65	0.010656
20	60	0.010641
23	64	0.010639
48	64	0.010639
29	61	0.010509
27	47	0.010479
27	49	0.010479
44	47	0.010479
44	49	0.010479
62	69	0.010471
26	56	0.010461
45	56	0.010461
55	61	0.010443
2	47	0.010442
2	49	0.010442
7	17	0.010356
16	27	0.010267
16	44	0.010267
37	54	0.010253
5	7	0.010216
16	56	0.01021
16	62	0.010183
36	43	0.01012
1	33	0.010034
3	58	0.009952
1	37	0.009951
3	67	0.009906
13	69	0.009789
20	46	0.009789
9	11	0.009784
12	63	0.009758
6	17	0.009658
21	36	0.009606
13	18	0.009602
25	77	0.009482
7	10	0.009453
23	58	0.009421
48	58	0.009421
34	60	0.009415
19	55	0.009397
17	62	0.009389
55	57	0.009387
55	68	0.009387
23	67	0.00936
48	67	0.00936
35	57	0.009333
35	68	0.009333
13	20	0.009321
5	10	0.009307
33	43	0.009302
36	57	0.009288
36	68	0.009288
12	77	0.009227
1	3	0.009176
18	57	0.009155
18	68	0.009155
3	21	0.009095
54	63	0.00905
41	56	0.008981
56	74	0.008981
56	75	0.008981
12	54	0.00898
50	62	0.008951
34	41	0.008893
34	74	0.008893
34	75	0.008893
13	53	0.008872
12	41	0.008869
12	74	0.008869
12	75	0.008869
19	29	0.008865
3	14	0.008863
46	54	0.008853
16	37	0.008851
4	57	0.008741
4	68	0.008741
20	35	0.008725
4	14	0.008716
2	50	0.008679
19	54	0.008658
2	16	0.008628
1	20	0.008443
23	57	0.008429
23	68	0.008429
48	57	0.008429
48	68	0.008429
7	57	0.008401
7	68	0.008401
16	60	0.008337
56	57	0.008325
56	68	0.008325
26	62	0.008322
45	62	0.008322
4	12	0.008282
3	13	0.008277
15	63	0.008243
34	57	0.008214
34	68	0.008214
14	56	0.008203
23	63	0.008199
48	63	0.008199
20	34	0.008184
11	17	0.008173
62	77	0.008148
1	12	0.008139
11	34	0.00813
14	61	0.008127
8	27	0.008126
8	44	0.008126
36	61	0.008094
18	21	0.008047
16	65	0.007997
55	60	0.007898
14	54	0.007794
46	56	0.007646
61	77	0.007622
55	65	0.007583
2	21	0.007538
4	24	0.00752
36	56	0.007509
6	36	0.007474
4	50	0.007449
3	25	0.007351
12	36	0.00735
24	53	0.007285
12	26	0.007248
12	45	0.007248
56	63	0.007235
11	64	0.007077
15	55	0.007061
36	58	0.007047
2	56	0.007039
47	55	0.007018
49	55	0.007018
5	33	0.007002
5	41	0.006933
5	74	0.006933
5	75	0.006933
7	34	0.006764
33	54	0.006738
36	67	0.00671
13	29	0.006656
46	60	0.006635
25	62	0.00662
34	53	0.006611
46	65	0.006561
26	37	0.006356
37	45	0.006356
19	21	0.00631
1	56	0.006264
17	50	0.006258
11	28	0.006255
41	63	0.006221
63	74	0.006221
63	75	0.006221
25	42	0.006216
4	23	0.006188
4	48	0.006188
2	7	0.006089
1	61	0.006068
1	27	0.006031
1	44	0.006031
4	18	0.006013
20	27	0.005909
20	44	0.005909
37	63	0.00574
14	34	0.005687
14	17	0.005686
5	27	0.005641
5	44	0.005641
27	53	0.005592
44	53	0.005592
4	64	0.005586
24	56	0.005452
25	43	0.005396
11	43	0.005272
13	56	0.005266
19	47	0.00511
19	49	0.00511
13	15	0.005069
1	65	0.005049
10	54	0.005045
19	26	0.005011
19	45	0.005011
19	28	0.004992
25	58	0.004962
34	54	0.004958
27	29	0.004954
29	44	0.004954
21	27	0.004948
21	44	0.004948
16	54	0.004944
58	69	0.004935
25	67	0.004904
12	21	0.004883
65	67	0.004859
31	32	0.004842
31	39	0.004842
31	40	0.004842
31	51	0.004842
31	52	0.004842
31	59	0.004842
31	66	0.004842
31	70	0.004842
31	71	0.004842
31	72	0.004842
31	73	0.004842
31	76	0.004842
32	39	0.004842
32	40	0.004842
32	51	0.004842
32	52	0.004842
32	59	0.004842
32	66	0.004842
32	70	0.004842
32	71	0.004842
32	72	0.004842
32	73	0.004842
32	76	0.004842
39	40	0.004842
39	51	0.004842
39	52	0.004842
39	59	0.004842
39	66	0.004842
39	70	0.004842
39	71	0.004842
39	72	0.004842
39	73	0.004842
39	76	0.004842
40	51	0.004842
40	52	0.004842
40	59	0.004842
40	66	0.004842
40	70	0.004842
40	71	0.004842
40	72	0.004842
40	73	0.004842
40	76	0.004842
51	52	0.004842
51	59	0.004842
51	66	0.004842
51	70	0.004842
51	71	0.004842
51	72	0.004842
51	73	0.004842
51	76	0.004842
52	59	0.004842
52	66	0.004842
52	70	0.004842
52	71	0.004842
52	72	0.004842
52	73	0.004842
52	76	0.004842
59	66	0.004842
59	70	0.004842
59	71	0.004842
59	72	0.004842
59	73	0.004842
59	76	0.004842
66	70	0.004842
66	71	0.004842
66	72	0.004842
66	73	0.004842
66	76	0.004842
70	71	0.004842
70	72	0.004842
70	73	0.004842
70	76	0.004842
71	72	0.004842
71	73	0.004842
71	76	0.004842
72	73	0.004842
72	76	0.004842
73	76	0.004842
58	61	0.00484
9	26	0.004817
9	45	0.004817
60	67	0.004769
30	31	0.004761
30	32	0.004761
30	39	0.004761
30	40	0.004761
30	51	0.004761
30	52	0.004761
30	59	0.004761
30	66	0.004761
30	70	0.004761
30	71	0.004761
30	72	0.004761
30	73	0.004761
30	76	0.004761
24	36	0.004757
4	36	0.004745
11	15	0.004734
31	38	0.004728
32	38	0.004728
38	39	0.004728
38	40	0.004728
38	51	0.004728
38	52	0.004728
38	59	0.004728
38	66	0.004728
38	70	0.004728
38	71	0.004728
38	72	0.004728
38	73	0.004728
38	76	0.004728
57	69	0.004709
68	69	0.004709
22	31	0.004697
22	32	0.004697
22	39	0.004697
22	40	0.004697
22	51	0.004697
22	52	0.004697
22	59	0.004697
22	66	0.004697
22	70	0.004697
22	71	0.004697
22	72	0.004697
22	73	0.004697
22	76	0.004697
24	69	0.004685
67	69	0.004681
55	64	0.004647
30	38	0.004632
22	30	0.004597
47	53	0.004564
49	53	0.004564
22	38	0.004558
1	28	0.004544
1	60	0.004504
5	62	0.00446
33	35	0.004417
11	19	0.00441
16	18	0.004408
4	34	0.004399
61	67	0.004386
54	61	0.004381
43	50	0.004377
2	11	0.004367
56	62	0.004353
17	36	0.004291
11	24	0.004287
8	17	0.004258
63	77	0.004215
17	34	0.00421
54	64	0.004208
11	47	0.004197
11	49	0.004197
1	34	0.004157
57	61	0.004154
61	68	0.004154
5	56	0.004144
56	67	0.004137
16	61	0.004056
27	43	0.004004
43	44	0.004004
20	64	0.003972
4	62	0.003968
38	55	0.003931
23	53	0.003887
48	53	0.003887
11	57	0.003843
11	68	0.003843
33	69	0.00383
19	50	0.003784
9	64	0.003757
58	65	0.003757
23	55	0.003678
48	55	0.003678
28	58	0.003618
8	63	0.003607
58	60	0.003556
26	64	0.003525
45	64	0.003525
12	55	0.003424
5	53	0.003413
27	42	0.003402
42	44	0.003402
10	21	0.003396
5	28	0.003368
19	34	0.003344
25	33	0.00333
2	53	0.003266
9	29	0.003264
28	50	0.003263
23	69	0.00326
48	69	0.00326
7	56	0.003242
17	63	0.003234
28	67	0.003193
4	37	0.003167
34	65	0.003162
1	43	0.00308
5	50	0.003074
13	42	0.003045
24	27	0.00303
24	44	0.00303
7	33	0.003015
27	64	0.002968
44	64	0.002968
46	77	0.002918
53	64	0.00289
15	23	0.00286
15	48	0.00286
13	63	0.002846
43	58	0.002844
36	54	0.002828
7	20	0.002823
12	25	0.002781
25	28	0.002718
16	53	0.002693
19	64	0.002657
17	42	0.002639
4	56	0.002622
11	26	0.002587
11	45	0.002587
53	56	0.00256
64	69	0.002525
10	36	0.002487
13	55	0.00243
5	29	0.002417
7	16	0.002414
34	77	0.002382
43	67	0.002371
16	55	0.002338
10	50	0.002308
14	62	0.002308
31	54	0.002252
32	54	0.002252
39	54	0.002252
40	54	0.002252
51	54	0.002252
52	54	0.002252
54	59	0.002252
54	66	0.002252
54	70	0.002252
54	71	0.002252
54	72	0.002252
54	73	0.002252
54	76	0.002252
2	24	0.002233
31	41	0.002172
31	74	0.002172
31	75	0.002172
32	41	0.002172
32	74	0.002172
32	75	0.002172
39	41	0.002172
39	74	0.002172
39	75	0.002172
40	41	0.002172
40	74	0.002172
40	75	0.002172
41	51	0.002172
41	52	0.002172
41	59	0.002172
41	66	0.002172
41	70	0.002172
41	71	0.002172
41	72	0.002172
41	73	0.002172
41	76	0.002172
51	74	0.002172
51	75	0.002172
52	74	0.002172
52	75	0.002172
59	74	0.002172
59	75	0.002172
66	74	0.002172
66	75	0.002172
70	74	0.002172
70	75	0.002172
71	74	0.002172
71	75	0.002172
72	74	0.002172
72	75	0.002172
73	74	0.002172
73	75	0.002172
74	76	0.002172
75	76	0.002172
36	53	0.002068
22	63	0.002041
4	29	0.002034
21	56	0.002015
26	35	0.002008
35	45	0.002008
10	63	0.002
31	77	0.001997
32	77	0.001997
39	77	0.001997
40	77	0.001997
51	77	0.001997
52	77	0.001997
59	77	0.001997
66	77	0.001997
70	77	0.001997
71	77	0.001997
72	77	0.001997
73	77	0.001997
76	77	0.001997
31	53	0.001992
32	53	0.001992
39	53	0.001992
40	53	0.001992
51	53	0.001992
52	53	0.001992
53	59	0.001992
53	66	0.001992
53	70	0.001992
53	71	0.001992
53	72	0.001992
53	73	0.001992
53	76	0.001992
7	43	0.00197
16	35	0.001912
30	54	0.001902
19	53	0.001838
3	15	0.001821
30	41	0.001799
30	74	0.001799
30	75	0.001799
14	41	0.001758
14	74	0.001758
14	75	0.001758
19	43	0.001756
38	54	0.001749
61	69	0.001743
26	61	0.001691
45	61	0.001691
53	61	0.001688
56	58	0.001669
3	56	0.001662
38	41	0.001644
38	74	0.001644
38	75	0.001644
30	77	0.001643
22	54	0.001631
11	22	0.001627
30	53	0.001624
14	25	0.001571
14	19	0.001554
3	12	0.001508
22	41	0.001507
22	74	0.001507
22	75	0.001507
3	19	0.00149
15	34	0.001489
38	77	0.001473
38	53	0.001451
14	26	0.001448
14	45	0.001448
25	61	0.001447
15	64	0.001422
24	64	0.001421
7	12	0.001403
16	23	0.001394
16	48	0.001394
11	35	0.001361
22	53	0.001346
23	25	0.001343
25	48	0.001343
5	42	0.00133
22	77	0.001324
22	69	0.001309
1	63	0.001303
20	28	0.001298
36	41	0.001297
36	74	0.001297
36	75	0.001297
9	57	0.001292
9	68	0.001292
6	63	0.00129
9	63	0.001258
1	31	0.001254
1	32	0.001254
1	39	0.001254
1	40	0.001254
1	51	0.001254
1	52	0.001254
1	59	0.001254
1	66	0.001254
1	70	0.001254
1	71	0.001254
1	72	0.001254
1	73	0.001254
1	76	0.001254
2	65	0.001246
3	31	0.001231
3	32	0.001231
3	39	0.001231
3	40	0.001231
3	51	0.001231
3	52	0.001231
3	59	0.001231
3	66	0.001231
3	70	0.001231
3	71	0.001231
3	72	0.001231
3	73	0.001231
3	76	0.001231
31	55	0.001187
32	55	0.001187
39	55	0.001187
40	55	0.001187
51	55	0.001187
52	55	0.001187
55	59	0.001187
55	66	0.001187
55	70	0.001187
55	71	0.001187
55	72	0.001187
55	73	0.001187
55	76	0.001187
22	42	0.001177
20	31	0.001148
20	32	0.001148
20	39	0.001148
20	40	0.001148
20	51	0.001148
20	52	0.001148
20	59	0.001148
20	66	0.001148
20	70	0.001148
20	71	0.001148
20	72	0.001148
20	73	0.001148
20	76	0.001148
7	28	0.001141
3	8	0.001124
18	61	0.001066
5	77	0.00106
22	34	0.001054
21	31	0.00103
21	32	0.00103
21	39	0.00103
21	40	0.00103
21	51	0.00103
21	52	0.00103
21	59	0.00103
21	66	0.00103
21	70	0.00103
21	71	0.00103
21	72	0.00103
21	73	0.00103
21	76	0.00103
35	53	0.001027
23	56	0.001018
48	56	0.001018
15	19	0.000996
30	69	0.000964
29	41	0.000819
29	74	0.000819
29	75	0.000819
1	64	0.000818
3	30	0.000811
38	63	0.000804
1	30	0.000798
42	67	0.000757
60	61	0.000757
30	55	0.000745
26	34	0.000708
34	45	0.000708
2	60	0.000704
12	65	0.000694
7	19	0.000686
20	30	0.000663
31	47	0.000647
31	49	0.000647
32	47	0.000647
32	49	0.000647
39	47	0.000647
39	49	0.000647
40	47	0.000647
40	49	0.000647
47	51	0.000647
47	52	0.000647
47	59	0.000647
47	66	0.000647
47	70	0.000647
47	71	0.000647
47	72	0.000647
47	73	0.000647
47	76	0.000647
49	51	0.000647
49	52	0.000647
49	59	0.000647
49	66	0.000647
49	70	0.000647
49	71	0.000647
49	72	0.000647
49	73	0.000647
49	76	0.000647
33	56	0.000637
3	38	0.000613
21	30	0.0006
1	38	0.000599
33	63	0.000596
2	33	0.000581
42	58	0.00055
18	50	0.000509
38	42	0.000498
30	42	0.000495
35	38	0.000493
1	22	0.000477
20	38	0.000465
36	50	0.000462
3	22	0.000446
33	60	0.000439
7	31	0.000413
7	32	0.000413
7	39	0.000413
7	40	0.000413
7	51	0.000413
7	52	0.000413
7	59	0.000413
7	66	0.000413
7	70	0.000413
7	71	0.000413
7	72	0.000413
7	73	0.000413
7	76	0.000413
4	33	0.000395
3	20	0.000391
22	55	0.000385
21	38	0.000384
20	22	0.000317
46	57	0.000273
46	68	0.000273
30	35	0.000257
41	43	0.00025
43	74	0.00025
43	75	0.00025
21	22	0.000209
56	60	0.000207
30	47	0.000195
30	49	0.000195
22	65	0.000157
50	60	0.000145
1	11	0.000143
12	56	0.000127
12	60	0.00012
22	62	6.1e-05
4	5	4.2e-05
50	65	1.5e-05
37	53	3e-06
38	47	-3.6e-05
38	49	-3.6e-05
3	46	-4.2e-05
24	31	-8.5e-05
24	32	-8.5e-05
24	39	-8.5e-05
24	40	-8.5e-05
24	51	-8.5e-05
24	52	-8.5e-05
24	59	-8.5e-05
24	66	-8.5e-05
24	70	-8.5e-05
24	71	-8.5e-05
24	72	-8.5e-05
24	73	-8.5e-05
24	76	-8.5e-05
22	64	-9.9e-05
30	62	-0.000153
7	30	-0.000159
22	29	-0.000163
25	31	-0.000166
25	32	-0.000166
25	39	-0.000166
25	40	-0.000166
25	51	-0.000166
25	52	-0.000166
25	59	-0.000166
25	66	-0.000166
25	70	-0.000166
25	71	-0.000166
25	72	-0.000166
25	73	-0.000166
25	76	-0.000166
33	65	-0.000177
33	55	-0.000197
22	47	-0.000216
22	49	-0.000216
1	18	-0.000225
8	29	-0.000234
18	65	-0.000277
8	42	-0.000295
13	43	-0.000301
26	43	-0.000366
43	45	-0.000366
18	31	-0.00037
18	32	-0.00037
18	39	-0.00037
18	40	-0.00037
18	51	-0.00037
18	52	-0.00037
18	59	-0.00037
18	66	-0.00037
18	70	-0.00037
18	71	-0.00037
18	72	-0.00037
18	73	-0.00037
18	76	-0.00037
10	14	-0.000389
30	37	-0.0004
7	38	-0.000401
20	43	-0.000413
11	37	-0.000446
28	35	-0.000465
31	46	-0.000479
32	46	-0.000479
39	46	-0.000479
40	46	-0.000479
46	51	-0.000479
46	52	-0.000479
46	59	-0.000479
46	66	-0.000479
46	70	-0.000479
46	71	-0.000479
46	72	-0.000479
46	73	-0.000479
46	76	-0.000479
38	64	-0.000486
14	24	-0.000493
29	30	-0.00051
29	38	-0.000518
20	57	-0.000538
20	68	-0.000538
7	22	-0.000562
25	30	-0.000573
10	38	-0.000576
61	65	-0.000584
24	30	-0.000631
2	34	-0.000645
31	69	-0.000661
32	69	-0.000661
39	69	-0.000661
40	69	-0.000661
51	69	-0.000661
52	69	-0.000661
59	69	-0.000661
66	69	-0.000661
69	70	-0.000661
69	71	-0.000661
69	72	-0.000661
69	73	-0.000661
69	76	-0.000661
7	62	-0.000681
34	38	-0.000692
16	38	-0.000721
23	31	-0.000722
23	32	-0.000722
23	39	-0.000722
23	40	-0.000722
23	51	-0.000722
23	52	-0.000722
23	59	-0.000722
23	66	-0.000722
23	70	-0.000722
23	71	-0.000722
23	72	-0.000722
23	73	-0.000722
23	76	-0.000722
31	48	-0.000722
32	48	-0.000722
39	48	-0.000722
40	48	-0.000722
48	51	-0.000722
48	52	-0.000722
48	59	-0.000722
48	66	-0.000722
48	70	-0.000722
48	71	-0.000722
48	72	-0.000722
48	73	-0.000722
48	76	-0.000722
7	64	-0.000724
31	50	-0.000765
32	50	-0.000765
39	50	-0.000765
40	50	-0.000765
50	51	-0.000765
50	52	-0.000765
50	59	-0.000765
50	66	-0.000765
50	70	-0.000765
50	71	-0.000765
50	72	-0.000765
50	73	-0.000765
50	76	-0.000765
30	34	-0.000766
30	46	-0.000784
36	69	-0.000791
8	55	-0.000806
2	28	-0.00081
31	42	-0.00081
32	42	-0.00081
39	42	-0.00081
40	42	-0.00081
42	51	-0.00081
42	52	-0.00081
42	59	-0.00081
42	66	-0.00081
42	70	-0.00081
42	71	-0.00081
42	72	-0.00081
42	73	-0.00081
42	76	-0.00081
6	64	-0.000815
25	38	-0.000818
6	11	-0.000819
56	65	-0.000819
24	38	-0.000889
35	61	-0.000889
26	31	-0.000905
26	32	-0.000905
26	39	-0.000905
26	40	-0.000905
26	51	-0.000905
26	52	-0.000905
26	59	-0.000905
26	66	-0.000905
26	70	-0.000905
26	71	-0.000905
26	72	-0.000905
26	73	-0.000905
26	76	-0.000905
31	45	-0.000905
32	45	-0.000905
39	45	-0.000905
40	45	-0.000905
45	51	-0.000905
45	52	-0.000905
45	59	-0.000905
45	66	-0.000905
45	70	-0.000905
45	71	-0.000905
45	72	-0.000905
45	73	-0.000905
45	76	-0.000905
22	25	-0.00093
14	46	-0.000955
12	53	-0.00096
18	30	-0.00096
33	61	-0.00096
37	65	-0.00096
56	69	-0.000962
54	56	-0.000982
38	46	-0.001004
22	46	-0.001056
15	61	-0.001086
10	17	-0.00111
3	6	-0.001113
22	24	-0.001113
11	27	-0.001153
11	44	-0.001153
18	20	-0.001163
5	30	-0.001178
2	38	-0.001194
15	69	-0.001196
18	64	-0.001198
28	41	-0.001204
28	74	-0.001204
28	75	-0.001204
17	23	-0.001214
17	48	-0.001214
1	57	-0.001227
1	68	-0.001227
18	38	-0.00123
42	53	-0.001242
12	62	-0.001257
27	31	-0.001266
27	32	-0.001266
27	39	-0.001266
27	40	-0.001266
27	51	-0.001266
27	52	-0.001266
27	59	-0.001266
27	66	-0.001266
27	70	-0.001266
27	71	-0.001266
27	72	-0.001266
27	73	-0.001266
27	76	-0.001266
31	44	-0.001266
32	44	-0.001266
39	44	-0.001266
40	44	-0.001266
44	51	-0.001266
44	52	-0.001266
44	59	-0.001266
44	66	-0.001266
44	70	-0.001266
44	71	-0.001266
44	72	-0.001266
44	73	-0.001266
44	76	-0.001266
7	65	-0.001282
11	31	-0.001288
11	32	-0.001288
11	39	-0.001288
11	40	-0.001288
11	51	-0.001288
11	52	-0.001288
11	59	-0.001288
11	66	-0.001288
11	70	-0.001288
11	71	-0.001288
11	72	-0.001288
11	73	-0.001288
11	76	-0.001288
31	35	-0.001304
32	35	-0.001304
35	39	-0.001304
35	40	-0.001304
35	51	-0.001304
35	52	-0.001304
35	59	-0.001304
35	66	-0.001304
35	70	-0.001304
35	71	-0.001304
35	72	-0.001304
35	73	-0.001304
35	76	-0.001304
13	28	-0.001307
6	57	-0.001308
6	68	-0.001308
43	47	-0.001311
43	49	-0.001311
38	69	-0.001317
23	30	-0.001327
30	48	-0.001327
4	53	-0.00133
27	30	-0.001344
30	44	-0.001344
8	61	-0.001358
16	26	-0.001362
16	45	-0.001362
30	50	-0.00137
13	58	-0.001375
22	27	-0.00138
22	44	-0.00138
5	38	-0.001384
29	31	-0.001385
29	32	-0.001385
29	39	-0.001385
29	40	-0.001385
29	51	-0.001385
29	52	-0.001385
29	59	-0.001385
29	66	-0.001385
29	70	-0.001385
29	71	-0.001385
29	72	-0.001385
29	73	-0.001385
29	76	-0.001385
22	61	-0.00141
12	47	-0.001431
12	49	-0.001431
38	61	-0.001434
14	22	-0.001453
18	22	-0.001458
12	22	-0.001493
26	29	-0.001494
29	45	-0.001494
27	38	-0.001495
38	44	-0.001495
50	57	-0.001507
50	68	-0.001507
14	27	-0.001537
14	44	-0.001537
9	31	-0.00154
9	32	-0.00154
9	39	-0.00154
9	40	-0.00154
9	51	-0.00154
9	52	-0.00154
9	59	-0.00154
9	66	-0.00154
9	70	-0.00154
9	71	-0.00154
9	72	-0.00154
9	73	-0.00154
9	76	-0.00154
1	14	-0.001593
7	60	-0.001611
23	38	-0.001612
38	48	-0.001612
14	20	-0.001621
26	30	-0.001631
27	62	-0.001631
30	45	-0.001631
44	62	-0.001631
14	38	-0.001644
38	50	-0.001646
6	29	-0.00165
13	35	-0.001679
30	63	-0.00172
12	24	-0.001729
19	65	-0.00174
31	37	-0.001741
32	37	-0.001741
37	39	-0.001741
37	40	-0.001741
37	51	-0.001741
37	52	-0.001741
37	59	-0.001741
37	66	-0.001741
37	70	-0.001741
37	71	-0.001741
37	72	-0.001741
37	73	-0.001741
37	76	-0.001741
50	53	-0.001742
8	12	-0.00178
30	61	-0.001781
30	64	-0.001792
26	28	-0.001796
28	45	-0.001796
2	15	-0.001803
22	23	-0.001811
22	48	-0.001811
19	38	-0.001827
22	50	-0.001854
25	34	-0.001855
13	22	-0.001875
37	60	-0.001885
26	38	-0.00193
38	45	-0.00193
11	30	-0.001948
22	56	-0.001951
4	47	-0.001957
4	49	-0.001957
12	30	-0.001974
22	36	-0.00199
1	29	-0.001995
11	54	-0.002015
28	31	-0.002025
28	32	-0.002025
28	39	-0.002025
28	40	-0.002025
28	51	-0.002025
28	52	-0.002025
28	59	-0.002025
28	66	-0.002025
28	70	-0.002025
28	71	-0.002025
28	72	-0.002025
28	73	-0.002025
28	76	-0.002025
8	35	-0.002036
10	31	-0.002041
10	32	-0.002041
10	39	-0.002041
10	40	-0.002041
10	51	-0.002041
10	52	-0.002041
10	59	-0.002041
10	66	-0.002041
10	70	-0.002041
10	71	-0.002041
10	72	-0.002041
10	73	-0.002041
10	76	-0.002041
5	22	-0.002052
30	43	-0.002059
31	43	-0.002061
32	43	-0.002061
39	43	-0.002061
40	43	-0.002061
43	51	-0.002061
43	52	-0.002061
43	59	-0.002061
43	66	-0.002061
43	70	-0.002061
43	71	-0.002061
43	72	-0.002061
43	73	-0.002061
43	76	-0.002061
13	38	-0.002087
4	55	-0.002094
31	63	-0.002097
32	63	-0.002097
39	63	-0.002097
40	63	-0.002097
51	63	-0.002097
52	63	-0.002097
59	63	-0.002097
63	66	-0.002097
63	70	-0.002097
63	71	-0.002097
63	72	-0.002097
63	73	-0.002097
63	76	-0.002097
28	47	-0.002115
28	49	-0.002115
30	36	-0.002116
22	26	-0.002126
22	45	-0.002126
9	30	-0.002128
37	38	-0.002128
28	30	-0.002136
31	34	-0.002141
32	34	-0.002141
34	39	-0.002141
34	40	-0.002141
34	51	-0.002141
34	52	-0.002141
34	59	-0.002141
34	66	-0.002141
34	70	-0.002141
34	71	-0.002141
34	72	-0.002141
34	73	-0.002141
34	76	-0.002141
26	69	-0.002145
45	69	-0.002145
38	43	-0.002155
27	41	-0.002158
27	74	-0.002158
27	75	-0.002158
41	44	-0.002158
44	74	-0.002158
44	75	-0.002158
36	38	-0.00216
22	35	-0.00219
22	43	-0.002195
36	77	-0.002201
31	36	-0.002204
32	36	-0.002204
36	39	-0.002204
36	40	-0.002204
36	51	-0.002204
36	52	-0.002204
36	59	-0.002204
36	66	-0.002204
36	70	-0.002204
36	71	-0.002204
36	72	-0.002204
36	73	-0.002204
36	76	-0.002204
11	38	-0.002205
38	56	-0.002225
2	77	-0.00223
28	38	-0.002245
22	37	-0.002292
1	36	-0.002296
30	65	-0.002309
22	28	-0.002312
31	58	-0.002326
31	67	-0.002326
32	58	-0.002326
32	67	-0.002326
39	58	-0.002326
39	67	-0.002326
40	58	-0.002326
40	67	-0.002326
51	58	-0.002326
51	67	-0.002326
52	58	-0.002326
52	67	-0.002326
58	59	-0.002326
58	66	-0.002326
58	70	-0.002326
58	71	-0.002326
58	72	-0.002326
58	73	-0.002326
58	76	-0.002326
59	67	-0.002326
66	67	-0.002326
67	70	-0.002326
67	71	-0.002326
67	72	-0.002326
67	73	-0.002326
67	76	-0.002326
13	23	-0.002329
13	48	-0.002329
10	30	-0.002338
30	60	-0.002351
9	38	-0.002377
6	26	-0.002385
6	45	-0.002385
50	64	-0.002417
36	42	-0.002427
38	65	-0.002432
27	54	-0.002458
44	54	-0.002458
9	22	-0.002466
10	22	-0.00247
38	60	-0.002484
4	31	-0.002485
4	32	-0.002485
4	39	-0.002485
4	40	-0.002485
4	51	-0.002485
4	52	-0.002485
4	59	-0.002485
4	66	-0.002485
4	70	-0.002485
4	71	-0.002485
4	72	-0.002485
4	73	-0.002485
4	76	-0.002485
10	56	-0.002497
3	55	-0.002502
15	31	-0.002512
15	32	-0.002512
15	39	-0.002512
15	40	-0.002512
15	51	-0.002512
15	52	-0.002512
15	59	-0.002512
15	66	-0.002512
15	70	-0.002512
15	71	-0.002512
15	72	-0.002512
15	73	-0.002512
15	76	-0.002512
8	31	-0.002536
8	32	-0.002536
8	39	-0.002536
8	40	-0.002536
8	51	-0.002536
8	52	-0.002536
8	59	-0.002536
8	66	-0.002536
8	70	-0.002536
8	71	-0.002536
8	72	-0.002536
8	73	-0.002536
8	76	-0.002536
22	60	-0.002545
29	55	-0.002583
17	31	-0.002584
17	32	-0.002584
17	39	-0.002584
17	40	-0.002584
17	51	-0.002584
17	52	-0.002584
17	59	-0.002584
17	66	-0.002584
17	70	-0.002584
17	71	-0.002584
17	72	-0.002584
17	73	-0.002584
17	76	-0.002584
3	36	-0.002595
18	60	-0.002604
37	47	-0.002607
37	49	-0.002607
14	30	-0.002608
6	31	-0.002635
6	32	-0.002635
6	39	-0.002635
6	40	-0.002635
6	51	-0.002635
6	52	-0.002635
6	59	-0.002635
6	66	-0.002635
6	70	-0.002635
6	71	-0.002635
6	72	-0.002635
6	73	-0.002635
6	76	-0.002635
19	60	-0.002644
22	57	-0.002644
22	68	-0.002644
6	35	-0.002689
30	57	-0.002691
30	68	-0.002691
12	23	-0.002694
12	48	-0.002694
31	57	-0.002736
31	68	-0.002736
32	57	-0.002736
32	68	-0.002736
39	57	-0.002736
39	68	-0.002736
40	57	-0.002736
40	68	-0.002736
51	57	-0.002736
51	68	-0.002736
52	57	-0.002736
52	68	-0.002736
57	59	-0.002736
57	66	-0.002736
57	70	-0.002736
57	71	-0.002736
57	72	-0.002736
57	73	-0.002736
57	76	-0.002736
59	68	-0.002736
66	68	-0.002736
68	70	-0.002736
68	71	-0.002736
68	72	-0.002736
68	73	-0.002736
68	76	-0.002736
14	31	-0.002771
14	32	-0.002771
14	39	-0.002771
14	40	-0.002771
14	51	-0.002771
14	52	-0.002771
14	59	-0.002771
14	66	-0.002771
14	70	-0.002771
14	71	-0.002771
14	72	-0.002771
14	73	-0.002771
14	76	-0.002771
38	57	-0.002781
38	68	-0.002781
2	31	-0.002799
2	32	-0.002799
2	39	-0.002799
2	40	-0.002799
2	51	-0.002799
2	52	-0.002799
2	59	-0.002799
2	66	-0.002799
2	70	-0.002799
2	71	-0.002799
2	72	-0.002799
2	73	-0.002799
2	76	-0.002799
13	62	-0.002818
31	65	-0.00284
32	65	-0.00284
39	65	-0.00284
40	65	-0.00284
51	65	-0.00284
52	65	-0.00284
59	65	-0.00284
65	66	-0.00284
65	70	-0.00284
65	71	-0.00284
65	72	-0.00284
65	73	-0.00284
65	76	-0.00284
31	60	-0.002845
32	60	-0.002845
39	60	-0.002845
40	60	-0.002845
51	60	-0.002845
52	60	-0.002845
59	60	-0.002845
60	66	-0.002845
60	70	-0.002845
60	71	-0.002845
60	72	-0.002845
60	73	-0.002845
60	76	-0.002845
37	61	-0.002852
2	30	-0.002902
13	77	-0.002902
25	64	-0.002908
16	31	-0.002917
16	32	-0.002917
16	39	-0.002917
16	40	-0.002917
16	51	-0.002917
16	52	-0.002917
16	59	-0.002917
16	66	-0.002917
16	70	-0.002917
16	71	-0.002917
16	72	-0.002917
16	73	-0.002917
16	76	-0.002917
13	30	-0.002942
27	36	-0.002944
36	44	-0.002944
5	31	-0.002956
5	32	-0.002956
5	39	-0.002956
5	40	-0.002956
5	51	-0.002956
5	52	-0.002956
5	59	-0.002956
5	66	-0.002956
5	70	-0.002956
5	71	-0.002956
5	72	-0.002956
5	73	-0.002956
5	76	-0.002956
21	43	-0.002966
15	18	-0.002984
16	30	-0.002998
12	38	-0.003008
17	37	-0.003022
11	16	-0.003025
3	11	-0.003026
53	69	-0.00304
43	69	-0.003064
2	22	-0.003066
16	69	-0.003074
17	27	-0.003081
17	44	-0.003081
30	67	-0.003081
30	58	-0.003082
19	31	-0.003105
19	32	-0.003105
19	39	-0.003105
19	40	-0.003105
19	51	-0.003105
19	52	-0.003105
19	59	-0.003105
19	66	-0.003105
19	70	-0.003105
19	71	-0.003105
19	72	-0.003105
19	73	-0.003105
19	76	-0.003105
31	62	-0.003107
32	62	-0.003107
39	62	-0.003107
40	62	-0.003107
51	62	-0.003107
52	62	-0.003107
59	62	-0.003107
62	66	-0.003107
62	70	-0.003107
62	71	-0.003107
62	72	-0.003107
62	73	-0.003107
62	76	-0.003107
13	31	-0.003109
13	32	-0.003109
13	39	-0.003109
13	40	-0.003109
13	51	-0.003109
13	52	-0.003109
13	59	-0.003109
13	66	-0.003109
13	70	-0.003109
13	71	-0.003109
13	72	-0.003109
13	73	-0.003109
13	76	-0.003109
27	77	-0.00311
44	77	-0.00311
37	64	-0.003139
16	22	-0.003142
8	14	-0.003169
31	61	-0.003178
32	61	-0.003178
39	61	-0.003178
40	61	-0.003178
51	61	-0.003178
52	61	-0.003178
59	61	-0.003178
61	66	-0.003178
61	70	-0.003178
61	71	-0.003178
61	72	-0.003178
61	73	-0.003178
61	76	-0.003178
5	43	-0.003181
14	69	-0.00325
17	30	-0.003254
2	43	-0.003255
19	30	-0.003271
13	57	-0.003272
13	68	-0.003272
10	53	-0.003277
62	67	-0.003303
4	30	-0.00332
15	30	-0.003321
13	34	-0.003328
50	55	-0.003329
8	30	-0.003347
27	50	-0.003371
44	50	-0.003371
13	25	-0.003378
12	61	-0.003397
38	58	-0.003405
38	67	-0.003405
6	30	-0.003478
19	22	-0.003489
31	64	-0.003489
32	64	-0.003489
39	64	-0.003489
40	64	-0.003489
51	64	-0.003489
52	64	-0.003489
59	64	-0.003489
64	66	-0.003489
64	70	-0.003489
64	71	-0.003489
64	72	-0.003489
64	73	-0.003489
64	76	-0.003489
30	56	-0.003506
50	56	-0.003518
34	69	-0.003528
17	38	-0.003552
14	29	-0.003565
31	33	-0.003585
32	33	-0.003585
33	39	-0.003585
33	40	-0.003585
33	51	-0.003585
33	52	-0.003585
33	59	-0.003585
33	66	-0.003585
33	70	-0.003585
33	71	-0.003585
33	72	-0.003585
33	73	-0.003585
33	76	-0.003585
31	56	-0.003595
32	56	-0.003595
39	56	-0.003595
40	56	-0.003595
51	56	-0.003595
52	56	-0.003595
56	59	-0.003595
56	66	-0.003595
56	70	-0.003595
56	71	-0.003595
56	72	-0.003595
56	73	-0.003595
56	76	-0.003595
22	58	-0.003604
22	67	-0.003606
21	28	-0.00361
15	38	-0.003614
17	22	-0.003618
8	38	-0.003642
4	38	-0.003661
17	19	-0.003661
38	62	-0.003757
8	22	-0.003769
2	3	-0.003771
6	38	-0.003777
14	21	-0.003785
15	22	-0.0038
35	43	-0.003804
35	46	-0.003819
30	33	-0.003848
10	37	-0.003866
4	22	-0.00389
6	22	-0.003917
13	67	-0.003917
12	31	-0.003928
12	32	-0.003928
12	39	-0.003928
12	40	-0.003928
12	51	-0.003928
12	52	-0.003928
12	59	-0.003928
12	66	-0.003928
12	70	-0.003928
12	71	-0.003928
12	72	-0.003928
12	73	-0.003928
12	76	-0.003928
17	24	-0.003936
17	61	-0.003958
36	62	-0.003966
46	62	-0.003976
20	33	-0.003977
22	33	-0.004033
47	56	-0.004041
49	56	-0.004041
33	38	-0.004061
64	77	-0.004123
34	67	-0.004125
20	61	-0.004136
11	53	-0.004146
2	5	-0.004169
3	37	-0.004307
34	58	-0.004335
21	37	-0.004343
28	69	-0.004361
43	60	-0.004374
11	55	-0.004377
4	69	-0.004413
5	19	-0.004425
5	11	-0.004431
53	62	-0.004454
8	26	-0.004521
8	45	-0.004521
5	23	-0.004566
5	48	-0.004566
5	21	-0.004574
10	77	-0.004589
23	29	-0.004603
29	48	-0.004603
6	55	-0.004619
57	58	-0.004635
58	68	-0.004635
12	27	-0.004638
12	44	-0.004638
8	57	-0.004689
8	68	-0.004689
57	67	-0.004704
67	68	-0.004704
33	47	-0.004705
33	49	-0.004705
2	42	-0.00471
35	67	-0.004743
8	11	-0.004765
15	27	-0.004786
15	44	-0.004786
10	27	-0.004865
10	44	-0.004865
41	42	-0.004921
42	74	-0.004921
42	75	-0.004921
53	63	-0.00497
15	26	-0.00501
15	45	-0.00501
43	65	-0.00508
5	57	-0.005085
5	68	-0.005085
14	53	-0.005142
13	54	-0.005152
25	53	-0.00518
43	54	-0.005222
54	57	-0.005262
54	68	-0.005262
11	20	-0.005293
58	62	-0.005299
2	12	-0.00531
19	42	-0.005332
16	77	-0.005346
47	60	-0.005366
49	60	-0.005366
47	65	-0.005379
49	65	-0.005379
12	50	-0.005473
16	41	-0.005482
16	74	-0.005482
16	75	-0.005482
5	13	-0.005538
1	9	-0.005577
35	58	-0.005588
20	69	-0.005599
2	13	-0.005674
17	58	-0.005688
35	56	-0.005715
2	58	-0.005736
41	57	-0.005761
41	68	-0.005761
57	74	-0.005761
57	75	-0.005761
68	74	-0.005761
68	75	-0.005761
28	54	-0.005775
10	28	-0.005791
54	60	-0.005798
17	67	-0.005804
3	9	-0.005815
2	37	-0.005855
69	77	-0.005855
1	35	-0.005868
54	65	-0.005934
2	64	-0.00594
20	62	-0.005955
2	67	-0.005994
34	62	-0.006009
21	60	-0.006065
9	27	-0.006069
9	44	-0.006069
21	65	-0.006076
37	58	-0.006135
3	63	-0.006166
12	46	-0.006171
41	69	-0.00619
69	74	-0.00619
69	75	-0.00619
46	58	-0.006194
12	33	-0.006241
29	35	-0.006242
10	62	-0.006249
46	67	-0.006263
21	33	-0.006264
17	25	-0.006369
18	43	-0.006374
4	13	-0.006385
10	33	-0.006407
9	61	-0.006409
1	69	-0.006433
8	37	-0.006444
1	13	-0.006472
20	55	-0.0065
12	13	-0.006555
10	12	-0.00656
12	69	-0.006565
29	62	-0.006571
11	33	-0.006659
4	43	-0.006772
1	24	-0.006778
16	21	-0.006843
53	58	-0.006891
53	67	-0.006922
35	42	-0.006932
18	28	-0.006937
33	53	-0.006954
6	25	-0.006963
14	33	-0.006994
7	36	-0.007017
47	57	-0.007063
47	68	-0.007063
49	57	-0.007063
49	68	-0.007063
1	62	-0.007068
4	35	-0.007079
3	77	-0.007111
9	25	-0.007139
18	25	-0.007208
53	55	-0.00721
5	17	-0.007212
12	35	-0.007221
17	35	-0.007253
34	46	-0.007262
21	57	-0.007283
21	68	-0.007283
10	43	-0.007312
37	42	-0.007336
47	64	-0.007376
49	64	-0.007376
29	53	-0.007396
27	61	-0.007451
44	61	-0.007451
15	21	-0.007457
1	21	-0.007563
34	56	-0.00758
19	46	-0.007607
4	28	-0.007608
16	36	-0.007653
18	33	-0.007656
28	65	-0.007658
42	62	-0.007798
1	46	-0.007817
1	55	-0.007826
17	56	-0.007869
2	46	-0.007879
18	34	-0.007894
3	10	-0.00791
10	18	-0.007915
46	61	-0.008037
12	19	-0.008053
23	35	-0.008117
35	48	-0.008117
20	24	-0.008125
1	47	-0.008132
1	49	-0.008132
2	17	-0.008184
54	69	-0.008259
9	36	-0.00826
37	67	-0.008295
43	55	-0.008299
6	65	-0.008349
15	42	-0.008402
9	34	-0.008413
6	37	-0.00844
2	41	-0.008443
2	74	-0.008443
2	75	-0.008443
15	37	-0.008475
14	47	-0.008534
14	49	-0.008534
14	55	-0.008606
41	46	-0.008615
46	74	-0.008615
46	75	-0.008615
8	16	-0.008619
17	53	-0.008672
6	61	-0.008684
18	29	-0.008695
54	55	-0.008705
1	42	-0.008722
46	53	-0.008773
3	27	-0.008781
3	44	-0.008781
42	56	-0.008785
6	60	-0.008793
26	42	-0.008838
42	45	-0.008838
1	4	-0.008839
10	34	-0.008849
29	36	-0.008889
18	19	-0.008895
19	58	-0.00901
20	47	-0.009014
20	49	-0.009014
37	77	-0.009055
20	53	-0.009084
24	63	-0.009098
24	43	-0.009111
3	35	-0.009112
17	77	-0.009123
28	55	-0.009146
41	55	-0.009217
55	74	-0.009217
55	75	-0.009217
37	50	-0.009248
13	19	-0.009312
19	67	-0.009314
34	64	-0.009353
25	65	-0.009365
10	46	-0.009391
4	25	-0.009434
9	41	-0.009443
9	74	-0.009443
9	75	-0.009443
35	65	-0.009498
8	21	-0.009526
11	50	-0.009543
35	54	-0.009565
25	60	-0.009577
5	20	-0.009613
20	21	-0.009614
28	53	-0.009632
20	23	-0.009635
20	48	-0.009635
20	54	-0.009657
25	35	-0.009679
19	41	-0.009725
19	74	-0.009725
19	75	-0.009725
35	60	-0.009738
1	8	-0.009785
34	47	-0.009787
34	49	-0.009787
1	53	-0.009791
53	54	-0.009857
24	28	-0.009894
15	25	-0.009943
53	77	-0.010033
61	62	-0.010033
41	54	-0.010068
54	74	-0.010068
54	75	-0.010068
29	54	-0.010107
20	41	-0.010137
20	74	-0.010137
20	75	-0.010137
28	60	-0.010188
2	8	-0.010239
14	65	-0.010241
61	64	-0.010259
18	63	-0.010302
24	37	-0.010305
35	50	-0.010346
41	53	-0.010366
53	74	-0.010366
53	75	-0.010366
27	58	-0.01037
44	58	-0.01037
5	18	-0.010373
43	53	-0.010383
4	42	-0.010391
27	67	-0.010515
44	67	-0.010515
54	77	-0.010553
33	50	-0.010578
6	56	-0.010594
42	63	-0.010603
60	77	-0.010645
1	6	-0.010655
18	37	-0.010673
6	21	-0.010682
17	20	-0.010686
65	77	-0.010709
47	69	-0.010728
49	69	-0.010728
1	54	-0.010758
25	41	-0.010778
25	74	-0.010778
25	75	-0.010778
25	37	-0.010802
19	33	-0.010835
9	54	-0.010841
6	27	-0.010883
6	44	-0.010883
43	77	-0.010895
15	24	-0.010909
1	77	-0.010916
9	65	-0.010936
3	54	-0.010962
1	25	-0.011045
2	63	-0.011091
7	37	-0.011119
64	67	-0.011204
24	62	-0.011209
19	61	-0.011238
28	77	-0.011272
11	36	-0.011277
9	14	-0.011279
3	5	-0.011333
11	41	-0.011356
11	74	-0.011356
11	75	-0.011356
58	64	-0.011366
19	63	-0.011384
13	17	-0.011399
9	60	-0.011418
41	77	-0.01143
74	77	-0.01143
75	77	-0.01143
3	7	-0.011459
63	69	-0.011527
29	50	-0.01155
42	54	-0.011708
26	55	-0.011722
45	55	-0.011722
10	47	-0.01176
10	49	-0.01176
8	23	-0.011776
8	48	-0.011776
19	62	-0.011824
7	41	-0.011861
7	74	-0.011861
7	75	-0.011861
10	11	-0.011885
1	7	-0.011939
15	29	-0.011979
57	77	-0.011997
68	77	-0.011997
21	54	-0.012055
47	54	-0.012086
49	54	-0.012086
9	77	-0.012113
23	42	-0.012222
42	48	-0.012222
18	62	-0.012231
33	77	-0.012233
24	34	-0.012237
1	41	-0.012265
1	74	-0.012265
1	75	-0.012265
21	29	-0.012316
53	65	-0.012325
8	24	-0.012326
20	77	-0.012334
23	46	-0.012406
46	48	-0.012406
8	19	-0.012416
6	14	-0.012496
1	17	-0.012556
13	16	-0.012556
16	28	-0.0126
53	60	-0.012621
6	12	-0.012662
26	65	-0.012699
45	65	-0.012699
7	54	-0.012707
43	61	-0.012766
3	41	-0.012776
3	74	-0.012776
3	75	-0.012776
64	65	-0.012807
8	41	-0.012842
8	74	-0.012842
8	75	-0.012842
9	35	-0.01285
26	60	-0.012893
45	60	-0.012893
35	47	-0.012897
35	49	-0.012897
33	64	-0.012945
29	47	-0.012959
29	49	-0.012959
24	60	-0.01296
24	65	-0.012975
9	23	-0.012989
9	48	-0.012989
20	56	-0.01303
6	42	-0.01309
4	77	-0.013141
4	20	-0.013185
18	46	-0.013185
6	41	-0.013231
6	74	-0.013231
6	75	-0.013231
6	23	-0.013268
6	48	-0.013268
3	16	-0.013295
37	56	-0.013316
3	43	-0.013331
14	42	-0.01334
7	63	-0.013424
14	60	-0.013455
4	21	-0.013467
14	18	-0.01351
42	43	-0.013593
34	50	-0.013594
28	42	-0.013668
8	54	-0.013684
18	77	-0.013731
24	33	-0.013735
1	50	-0.013748
3	42	-0.013768
18	56	-0.013802
15	77	-0.013841
9	55	-0.013868
8	64	-0.013903
5	8	-0.01393
5	24	-0.013934
7	77	-0.013982
19	35	-0.01401
23	54	-0.014022
48	54	-0.014022
15	33	-0.014026
24	57	-0.014061
24	68	-0.014061
60	64	-0.014061
3	28	-0.014085
50	63	-0.014107
18	36	-0.014206
12	20	-0.014217
27	37	-0.014257
37	44	-0.014257
10	15	-0.014285
6	24	-0.014292
21	41	-0.014307
21	74	-0.014307
21	75	-0.014307
14	36	-0.014335
11	29	-0.014346
20	50	-0.014353
9	46	-0.01437
6	34	-0.014384
8	77	-0.014402
3	61	-0.014412
21	35	-0.014417
18	35	-0.014422
6	54	-0.014427
15	54	-0.014441
16	20	-0.014444
15	41	-0.014479
15	74	-0.014479
15	75	-0.014479
14	28	-0.014508
10	24	-0.014568
10	42	-0.014603
12	18	-0.014614
14	43	-0.014627
2	18	-0.014643
28	57	-0.014672
28	68	-0.014672
6	46	-0.014689
47	62	-0.014698
49	62	-0.014698
27	56	-0.014751
44	56	-0.014751
43	57	-0.014755
43	68	-0.014755
10	58	-0.014781
60	63	-0.014801
10	57	-0.014806
10	68	-0.014806
10	67	-0.014809
2	35	-0.01484
17	43	-0.014905
12	67	-0.015014
29	67	-0.015037
19	37	-0.015046
9	58	-0.015056
9	67	-0.015113
15	57	-0.015132
15	68	-0.015132
18	54	-0.015138
25	36	-0.015154
41	47	-0.015226
41	49	-0.015226
47	74	-0.015226
47	75	-0.015226
49	74	-0.015226
49	75	-0.015226
15	47	-0.015253
15	49	-0.015253
57	64	-0.015262
64	68	-0.015262
5	36	-0.015264
24	61	-0.015277
29	58	-0.015277
29	77	-0.015313
17	41	-0.015363
17	74	-0.015363
17	75	-0.015363
9	37	-0.015416
35	77	-0.015417
6	16	-0.015447
2	14	-0.015454
8	34	-0.015459
25	57	-0.015512
25	68	-0.015512
6	33	-0.01555
18	27	-0.015553
18	44	-0.015553
6	58	-0.015584
24	54	-0.015591
14	23	-0.015613
14	48	-0.015613
3	62	-0.015619
14	50	-0.015624
15	36	-0.015634
6	67	-0.015651
53	57	-0.015656
53	68	-0.015656
4	15	-0.015689
63	65	-0.015707
21	64	-0.01573
9	56	-0.015912
9	21	-0.015924
12	58	-0.015964
5	47	-0.015974
5	49	-0.015974
54	58	-0.015999
15	46	-0.016002
6	77	-0.016075
54	67	-0.016114
12	57	-0.016117
12	68	-0.016117
17	28	-0.016157
42	64	-0.016185
8	36	-0.016194
1	26	-0.016317
1	45	-0.016317
17	55	-0.016452
4	61	-0.016482
20	58	-0.016531
28	61	-0.016539
8	58	-0.016541
35	55	-0.016548
9	24	-0.016551
8	67	-0.016594
37	46	-0.016663
13	27	-0.0167
13	44	-0.0167
5	64	-0.016718
21	42	-0.016722
2	61	-0.016773
17	47	-0.016804
17	49	-0.016804
9	42	-0.016877
12	34	-0.016894
18	41	-0.016921
18	74	-0.016921
18	75	-0.016921
42	77	-0.016957
16	43	-0.016973
42	50	-0.017096
21	34	-0.017224
2	6	-0.017232
10	13	-0.017235
26	41	-0.017259
26	74	-0.017259
26	75	-0.017259
41	45	-0.017259
45	74	-0.017259
45	75	-0.017259
42	47	-0.017278
42	49	-0.017278
13	24	-0.017359
16	67	-0.017476
28	64	-0.017568
5	67	-0.017582
5	58	-0.01772
3	29	-0.017725
11	58	-0.017728
11	67	-0.017807
43	64	-0.017822
3	65	-0.017864
9	16	-0.017944
7	26	-0.017949
7	45	-0.017949
5	35	-0.017968
33	62	-0.018002
46	63	-0.018014
26	53	-0.018042
45	53	-0.018042
8	33	-0.018061
37	62	-0.018085
8	65	-0.018126
3	26	-0.018244
3	45	-0.018244
1	58	-0.018255
23	41	-0.018278
23	74	-0.018278
23	75	-0.018278
41	48	-0.018278
48	74	-0.018278
48	75	-0.018278
55	62	-0.018304
16	46	-0.018328
1	67	-0.01833
7	46	-0.018346
24	41	-0.018371
24	74	-0.018371
24	75	-0.018371
41	50	-0.018372
50	74	-0.018372
50	75	-0.018372
37	55	-0.018453
2	55	-0.018489
21	61	-0.018514
20	67	-0.01853
25	55	-0.018565
17	46	-0.018629
15	17	-0.018679
8	60	-0.018684
26	57	-0.018689
26	68	-0.018689
45	57	-0.018689
45	68	-0.018689
15	58	-0.018696
10	19	-0.01871
23	36	-0.018721
36	48	-0.018721
26	77	-0.018731
45	77	-0.018731
7	21	-0.018732
3	33	-0.018766
14	35	-0.01887
15	67	-0.018885
24	29	-0.018977
27	34	-0.018978
34	44	-0.018978
3	60	-0.019046
24	35	-0.019206
4	8	-0.019296
5	69	-0.01932
10	16	-0.019322
3	34	-0.019347
6	47	-0.019361
6	49	-0.019361
4	58	-0.019376
4	67	-0.019525
16	33	-0.019555
26	47	-0.019703
26	49	-0.019703
45	47	-0.019703
45	49	-0.019703
3	57	-0.019706
3	68	-0.019706
27	57	-0.01973
27	68	-0.01973
44	57	-0.01973
44	68	-0.01973
11	23	-0.019772
11	48	-0.019772
21	26	-0.019794
21	45	-0.019794
8	25	-0.019798
21	63	-0.019819
7	23	-0.019848
7	48	-0.019848
20	63	-0.019883
16	58	-0.01994
13	36	-0.020009
8	47	-0.020029
8	49	-0.020029
4	41	-0.020044
4	74	-0.020044
4	75	-0.020044
36	60	-0.020115
29	64	-0.020132
43	56	-0.02017
7	35	-0.020204
23	26	-0.02021
23	45	-0.02021
26	48	-0.02021
45	48	-0.02021
15	35	-0.020262
19	69	-0.020265
7	11	-0.020292
6	19	-0.020558
2	20	-0.020563
27	69	-0.02057
44	69	-0.02057
7	24	-0.020588
4	9	-0.020733
20	29	-0.02076
17	29	-0.020768
36	65	-0.020951
46	69	-0.021034
34	61	-0.021037
4	6	-0.021052
29	43	-0.021093
50	69	-0.021136
7	25	-0.021154
36	55	-0.021281
11	69	-0.021306
5	6	-0.021441
15	50	-0.021492
17	33	-0.021496
14	58	-0.021535
20	42	-0.021538
56	64	-0.021547
16	24	-0.021593
8	56	-0.021598
14	57	-0.021632
14	68	-0.021632
23	33	-0.02168
33	48	-0.02168
34	63	-0.021706
14	67	-0.021928
2	10	-0.021964
23	37	-0.022113
37	48	-0.022113
9	12	-0.022141
11	18	-0.02232
5	55	-0.022339
26	58	-0.022457
45	58	-0.022457
60	69	-0.022571
19	25	-0.022605
7	27	-0.022628
7	44	-0.022628
24	42	-0.022654
26	67	-0.02266
45	67	-0.02266
21	69	-0.022881
28	29	-0.023007
16	50	-0.023187
28	56	-0.023412
50	61	-0.023497
65	69	-0.023603
33	57	-0.023637
33	68	-0.023637
57	63	-0.023645
63	68	-0.023645
7	47	-0.023653
7	49	-0.023653
19	20	-0.023789
21	62	-0.023925
27	46	-0.023927
44	46	-0.023927
28	34	-0.024066
58	63	-0.024167
18	26	-0.024253
18	45	-0.024253
63	67	-0.024414
5	9	-0.024526
27	60	-0.024575
44	60	-0.024575
10	23	-0.024632
10	48	-0.024632
34	43	-0.024688
4	10	-0.024725
9	47	-0.024793
9	49	-0.024793
2	25	-0.024971
23	43	-0.025001
43	48	-0.025001
16	25	-0.025002
23	28	-0.025007
28	48	-0.025007
2	62	-0.025048
17	21	-0.0255
15	56	-0.025541
5	60	-0.025562
16	47	-0.025602
16	49	-0.025602
27	65	-0.025649
44	65	-0.025649
24	26	-0.025668
24	45	-0.025668
23	62	-0.025819
48	62	-0.025819
4	7	-0.026187
19	36	-0.0262
23	34	-0.026311
34	48	-0.026311
6	50	-0.026312
5	65	-0.026512
23	65	-0.026667
48	65	-0.026667
9	33	-0.026758
11	42	-0.02684
8	50	-0.026906
2	36	-0.026965
23	60	-0.027151
48	60	-0.027151
29	37	-0.027348
57	62	-0.027362
62	68	-0.027362
25	63	-0.027488
34	55	-0.027658
25	69	-0.02865
7	50	-0.029087
2	69	-0.029279
46	55	-0.029362
9	50	-0.02941
12	42	-0.02969
47	63	-0.029745
49	63	-0.029745
27	55	-0.02993
44	55	-0.02993
47	61	-0.030415
49	61	-0.030415
46	64	-0.030826
2	9	-0.031328
8	46	-0.031555
11	25	-0.031717
13	50	-0.032279
37	43	-0.032957
12	29	-0.033336
13	21	-0.034151
25	27	-0.034392
25	44	-0.034392
9	19	-0.034861
28	37	-0.035202
13	47	-0.03845
13	49	-0.03845
29	63	-0.040378
36	46	-0.04102