#==========================================================================
# The first and second rows contain site pairs (i, j) such that j > i
# The third row contains coevolutionary scores obtained 
# using EVCouplings algorithm.
# Note that in this data sites are counted/labelled starting from 1
#==========================================================================
4	42	1.054461
2	44	1.015572
5	41	0.990556
3	43	0.953534
21	32	0.90821
6	40	0.868598
1	45	0.826511
22	31	0.76925
13	56	0.749162
16	53	0.662341
23	30	0.630136
48	62	0.451599
47	63	0.334927
52	53	0.254944
16	52	0.250672
19	20	0.237316
33	34	0.235284
7	39	0.199549
48	49	0.181124
22	23	0.172687
22	30	0.17195
63	64	0.170989
23	31	0.166038
30	31	0.165547
25	26	0.153853
26	27	0.15044
46	64	0.149883
17	52	0.149802
15	54	0.148096
8	9	0.137017
20	34	0.132296
3	42	0.127022
62	63	0.123297
16	56	0.119652
33	35	0.118292
8	38	0.117851
47	64	0.116045
16	17	0.112251
7	35	0.105814
18	19	0.104023
27	46	0.100941
33	52	0.100917
13	26	0.100608
20	49	0.099713
4	5	0.098192
26	62	0.097672
33	41	0.095046
16	18	0.094504
25	37	0.093568
6	9	0.090015
8	18	0.08913
13	52	0.087888
25	27	0.087522
61	62	0.087252
21	33	0.086255
17	53	0.085751
32	33	0.085574
19	30	0.085562
19	39	0.085317
13	35	0.084999
9	35	0.084946
35	56	0.083613
13	53	0.083316
58	61	0.082181
9	38	0.08165
23	33	0.081504
3	26	0.081281
30	33	0.080132
3	18	0.079068
19	23	0.078062
4	45	0.077842
30	35	0.077571
33	49	0.076738
10	29	0.075844
16	33	0.07551
8	64	0.075457
17	19	0.073769
56	63	0.073308
53	56	0.072618
20	33	0.072454
9	40	0.071758
25	33	0.071252
3	49	0.07109
29	54	0.071056
17	20	0.070505
42	43	0.070422
23	35	0.069904
8	46	0.066656
49	63	0.06654
4	41	0.065913
35	39	0.064901
52	56	0.064811
13	16	0.064761
37	54	0.063193
10	54	0.062432
15	38	0.062069
2	25	0.062066
5	48	0.062015
46	47	0.061854
1	11	0.061452
18	43	0.061416
7	9	0.06051
27	28	0.060496
20	37	0.060135
28	64	0.060055
37	64	0.05963
9	37	0.059327
53	62	0.059155
9	13	0.058766
11	44	0.057942
19	40	0.05781
6	53	0.05515
35	38	0.054529
1	49	0.054426
16	20	0.054241
38	54	0.05328
25	49	0.052985
21	61	0.052968
7	47	0.052134
29	39	0.051851
46	53	0.051124
32	61	0.050779
26	56	0.050563
15	26	0.049965
17	39	0.049753
21	22	0.049214
36	59	0.049207
8	26	0.048448
13	32	0.048443
4	44	0.048369
2	11	0.048202
10	49	0.047964
21	31	0.047896
19	26	0.047684
9	10	0.047675
49	50	0.04688
40	53	0.046132
45	54	0.046007
5	49	0.045746
17	41	0.045566
18	41	0.04555
39	42	0.045534
22	32	0.045434
27	39	0.045206
31	32	0.044602
39	46	0.043671
49	62	0.043626
16	39	0.043348
1	8	0.042794
43	47	0.042736
7	41	0.042574
47	62	0.042253
14	30	0.041702
14	23	0.041565
26	35	0.041398
52	61	0.041204
28	59	0.041059
42	63	0.040837
15	45	0.040481
7	15	0.040263
58	62	0.040005
11	19	0.03982
22	47	0.039742
29	37	0.039665
2	47	0.039575
1	26	0.039537
1	19	0.039457
7	40	0.03932
39	47	0.039166
11	25	0.038997
5	43	0.038675
2	48	0.038652
39	44	0.038651
46	63	0.038292
29	31	0.03801
47	54	0.037626
13	21	0.037353
28	36	0.037094
3	4	0.03692
1	43	0.036875
28	32	0.036722
35	63	0.036249
18	38	0.036111
8	15	0.036081
17	50	0.036027
8	35	0.035993
6	7	0.035614
15	64	0.035528
34	52	0.035224
19	46	0.035141
26	54	0.03496
18	47	0.034757
13	63	0.034739
38	45	0.034588
47	61	0.034576
41	61	0.034334
8	49	0.034318
26	37	0.03428
47	48	0.034146
8	50	0.034084
37	43	0.03407
26	43	0.0333
24	29	0.032728
34	44	0.032523
15	47	0.032403
9	20	0.031938
35	50	0.03178
11	40	0.031653
35	60	0.031628
1	14	0.03113
34	35	0.03083
16	63	0.03082
40	50	0.030789
20	35	0.03061
20	45	0.030492
3	37	0.030422
19	27	0.030407
11	46	0.0303
15	20	0.030222
52	62	0.030099
1	46	0.030061
21	37	0.030001
34	45	0.029936
32	56	0.029628
43	44	0.029615
37	38	0.029429
7	63	0.02926
1	15	0.029209
30	49	0.028942
15	35	0.028575
27	43	0.028297
29	49	0.02811
25	44	0.028044
33	38	0.027858
19	38	0.027689
27	42	0.027544
37	50	0.026897
42	61	0.026869
19	45	0.026853
6	11	0.026517
25	36	0.026499
25	59	0.026405
23	49	0.026253
11	18	0.026219
7	10	0.026102
2	39	0.025921
44	52	0.025716
19	61	0.025574
45	49	0.025529
14	64	0.025479
10	39	0.025397
42	56	0.025348
7	49	0.02515
25	41	0.025087
14	41	0.025066
29	63	0.025038
18	30	0.024993
29	33	0.024944
33	53	0.024884
9	46	0.024832
10	37	0.024817
11	47	0.024709
22	64	0.024618
25	60	0.024361
4	48	0.024079
48	61	0.023582
5	14	0.023554
41	42	0.023417
17	33	0.023304
18	23	0.02318
28	33	0.023173
37	62	0.022961
15	37	0.022928
8	27	0.02289
32	37	0.022739
34	48	0.022683
11	17	0.022093
18	26	0.022086
25	64	0.022004
54	64	0.021877
5	25	0.021738
20	54	0.021686
5	28	0.021544
1	63	0.021535
6	39	0.021495
27	40	0.021484
14	44	0.02145
33	37	0.021449
10	63	0.021438
62	64	0.021347
15	27	0.021258
34	38	0.021208
5	22	0.021198
5	42	0.02115
5	61	0.021092
11	26	0.020903
8	20	0.020855
17	34	0.020817
18	33	0.020659
10	31	0.020556
1	6	0.020365
17	47	0.020191
17	44	0.019956
6	48	0.019606
1	28	0.019387
1	48	0.019336
39	40	0.019227
7	13	0.019202
20	38	0.019183
17	45	0.01917
17	27	0.019024
52	54	0.01902
1	20	0.018944
21	56	0.018859
29	46	0.018627
28	52	0.018263
1	18	0.018098
8	10	0.018089
14	20	0.018083
34	37	0.018074
15	52	0.018013
26	34	0.017988
33	42	0.017891
4	9	0.017819
11	49	0.01781
6	10	0.017686
2	14	0.017629
21	25	0.01762
43	48	0.017613
17	23	0.01753
25	32	0.017442
9	19	0.017391
2	8	0.017226
21	58	0.016865
14	38	0.016797
1	52	0.016689
21	28	0.016687
4	33	0.01666
11	28	0.016558
34	56	0.016551
37	40	0.016494
1	38	0.01629
17	58	0.016262
11	52	0.016233
28	37	0.016217
22	27	0.01617
9	64	0.016125
21	39	0.015907
32	58	0.015884
31	47	0.01588
16	28	0.015797
37	59	0.015796
36	37	0.015603
7	17	0.015127
46	58	0.015111
17	46	0.015052
14	45	0.014951
41	52	0.01479
34	60	0.014788
5	33	0.014598
3	48	0.01456
27	64	0.014442
1	10	0.014423
46	62	0.0144
7	58	0.014099
26	28	0.01403
18	52	0.013806
14	27	0.013482
56	62	0.013339
11	63	0.013295
33	64	0.013273
1	9	0.012974
39	54	0.012909
5	34	0.012791
4	27	0.012704
5	9	0.012684
9	56	0.01267
7	54	0.012635
5	6	0.012496
7	62	0.012455
8	28	0.012372
35	54	0.012282
17	60	0.012265
47	49	0.012071
41	58	0.012034
34	61	0.011874
2	60	0.011815
11	39	0.011804
27	58	0.01173
25	35	0.0117
7	50	0.011639
3	9	0.011618
37	42	0.011444
8	54	0.011443
28	53	0.011404
44	64	0.011389
58	64	0.011244
15	18	0.011143
6	16	0.011094
34	41	0.011075
6	19	0.011062
18	50	0.010919
17	30	0.010913
16	46	0.010775
2	34	0.010712
18	58	0.010664
8	47	0.010582
50	56	0.01055
41	60	0.010539
18	28	0.010493
35	52	0.010473
6	8	0.010418
10	48	0.010371
10	17	0.010317
34	46	0.010285
39	41	0.010246
41	63	0.010189
14	46	0.010175
21	59	0.010154
39	52	0.010145
7	33	0.010139
21	36	0.010127
13	34	0.010091
31	63	0.010065
17	29	0.010015
44	60	0.00996
1	54	0.009952
32	39	0.009915
40	46	0.009802
47	60	0.00971
2	10	0.009685
9	27	0.009653
19	60	0.009632
37	46	0.009494
3	34	0.009455
11	20	0.009453
14	47	0.009422
20	28	0.00939
1	2	0.009383
23	45	0.009343
21	29	0.009335
32	59	0.009268
43	63	0.009267
32	36	0.009254
5	50	0.009246
31	64	0.009182
45	58	0.009156
27	59	0.009074
6	37	0.009014
16	19	0.009014
27	31	0.008997
46	56	0.008902
13	50	0.008896
53	58	0.0088
10	13	0.008762
8	13	0.008728
27	53	0.008681
47	50	0.008662
42	48	0.008656
27	45	0.008635
25	54	0.008583
20	62	0.008571
28	34	0.008541
29	32	0.008525
11	45	0.008459
5	31	0.008402
11	42	0.008396
38	40	0.008363
31	54	0.008349
10	27	0.008334
10	43	0.008305
15	25	0.008157
50	64	0.008121
38	49	0.008031
33	39	0.00784
7	48	0.007803
18	64	0.007774
8	34	0.00769
36	46	0.007594
7	44	0.007546
49	52	0.007478
19	58	0.007398
8	48	0.007271
20	26	0.007143
27	36	0.007105
16	34	0.007051
26	60	0.007045
2	9	0.007012
17	21	0.006979
7	46	0.006943
46	60	0.006883
26	29	0.006792
46	59	0.006752
7	14	0.006719
3	27	0.006653
12	55	0.006625
12	57	0.006625
55	57	0.006625
3	60	0.006617
4	38	0.006584
12	51	0.006568
51	55	0.006568
51	57	0.006568
5	64	0.006558
53	64	0.006555
1	23	0.006543
15	44	0.006539
28	44	0.006539
9	48	0.006518
33	50	0.00638
21	46	0.00635
44	50	0.006221
8	60	0.006211
1	58	0.006199
4	62	0.006118
12	24	0.006112
24	55	0.006112
24	57	0.006112
24	51	0.006051
42	45	0.005987
48	63	0.005946
28	40	0.00586
32	46	0.005846
27	50	0.005797
17	28	0.005745
47	58	0.005658
7	59	0.005583
12	59	0.005546
55	59	0.005546
57	59	0.005546
7	45	0.005544
12	36	0.005541
36	55	0.005541
36	57	0.005541
20	29	0.005521
12	60	0.0055
55	60	0.0055
57	60	0.0055
26	58	0.005489
51	59	0.005479
36	51	0.005474
19	36	0.005459
51	60	0.005434
19	59	0.005423
14	26	0.0054
27	54	0.005338
36	47	0.005328
2	28	0.005241
1	50	0.005106
39	64	0.005105
12	50	0.005048
50	55	0.005048
50	57	0.005048
25	47	0.005043
12	14	0.005028
14	55	0.005028
14	57	0.005028
43	58	0.004993
50	51	0.004975
14	51	0.004954
14	34	0.00495
42	58	0.004931
18	37	0.004905
8	25	0.004903
12	58	0.004878
55	58	0.004878
57	58	0.004878
36	64	0.004868
19	50	0.00486
26	40	0.004851
51	58	0.004802
12	29	0.004782
29	55	0.004782
29	57	0.004782
10	47	0.004772
44	54	0.004752
27	61	0.004731
34	39	0.004728
29	51	0.004707
25	48	0.004693
26	59	0.004674
28	41	0.004586
12	61	0.004517
55	61	0.004517
57	61	0.004517
59	64	0.00444
24	59	0.004437
24	36	0.004436
51	61	0.004433
24	60	0.004364
2	54	0.004337
12	15	0.004268
15	55	0.004268
15	57	0.004268
36	45	0.004242
27	60	0.004181
15	51	0.00418
47	59	0.004111
24	34	0.004063
8	37	0.004048
11	12	0.00401
11	55	0.00401
11	57	0.00401
8	40	0.004005
25	46	0.003986
11	51	0.00392
24	42	0.003898
5	58	0.003893
3	58	0.003826
2	53	0.003815
46	50	0.003807
16	58	0.003683
5	24	0.003609
13	28	0.003599
7	56	0.003499
26	50	0.003477
12	38	0.003433
38	55	0.003433
38	57	0.003433
10	12	0.003428
10	55	0.003428
10	57	0.003428
19	63	0.003422
37	47	0.003402
9	34	0.0034
24	50	0.003385
10	51	0.003342
38	51	0.00334
7	8	0.003325
45	59	0.00331
34	50	0.003298
14	24	0.00329
19	52	0.003255
25	42	0.003237
45	50	0.003174
24	58	0.003166
45	60	0.003158
12	54	0.003115
54	55	0.003115
54	57	0.003115
27	37	0.003043
20	44	0.003036
35	64	0.003015
51	54	0.003011
13	22	0.00294
6	50	0.00289
48	52	0.00285
18	22	0.002801
4	58	0.002781
12	28	0.002686
28	55	0.002686
28	57	0.002686
1	36	0.002682
21	54	0.002666
3	10	0.002662
36	60	0.002609
59	60	0.0026
1	60	0.002594
24	33	0.002565
10	18	0.002549
26	36	0.002521
28	51	0.002499
24	61	0.00235
7	36	0.002268
19	24	0.002225
46	61	0.002223
28	39	0.002205
30	45	0.002186
1	30	0.002169
2	15	0.002134
1	61	0.002124
40	42	0.002109
18	29	0.002089
28	31	0.00205
16	64	0.002001
12	48	0.001993
48	55	0.001993
48	57	0.001993
45	61	0.001942
30	64	0.00194
3	25	0.001932
15	24	0.001929
4	14	0.00187
48	51	0.001867
24	47	0.001738
25	53	0.001657
11	24	0.001642
17	63	0.001558
22	44	0.001537
3	6	0.001516
24	63	0.00146
12	30	0.001434
30	55	0.001434
30	57	0.001434
20	50	0.001417
18	61	0.00139
9	12	0.001348
9	55	0.001348
9	57	0.001348
30	51	0.001295
12	49	0.001226
49	55	0.001226
49	57	0.001226
9	51	0.001225
17	37	0.001211
52	64	0.001206
32	54	0.001186
12	23	0.001141
23	55	0.001141
23	57	0.001141
10	46	0.00111
49	51	0.001091
14	33	0.001055
18	34	0.001049
18	59	0.001044
3	14	0.001028
23	51	0.000998
24	25	0.000986
12	62	0.000971
55	62	0.000971
57	62	0.000971
5	63	0.000952
1	59	0.000945
12	13	0.000894
13	55	0.000894
13	57	0.000894
12	56	0.000886
55	56	0.000886
56	57	0.000886
52	59	0.00088
22	49	0.000843
51	62	0.000799
10	24	0.000781
13	51	0.00077
51	56	0.000756
28	47	0.000755
26	47	0.000744
24	38	0.000704
36	50	0.000687
50	59	0.000676
16	29	0.000661
27	29	0.000642
24	64	0.00062
36	52	0.000618
34	64	0.000614
14	36	0.000563
14	59	0.000538
43	60	0.000528
6	14	0.000469
50	60	0.000451
5	60	0.000434
36	58	0.000358
32	51	0.000347
16	36	0.000345
58	59	0.000344
12	35	0.000317
35	55	0.000317
35	57	0.000317
14	60	0.000301
12	34	0.000291
34	55	0.000291
34	57	0.000291
37	45	0.000288
24	48	0.000284
24	39	0.000255
12	39	0.00019
39	55	0.00019
39	57	0.00019
6	27	0.000157
8	14	0.000157
13	24	0.000154
17	25	0.000142
41	43	0.000142
29	64	0.000129
35	51	0.000126
58	60	0.000121
21	51	0.000111
34	51	0.000108
24	56	7.1e-05
24	54	4.8e-05
25	29	9e-06
45	62	-4e-06
39	51	-3.2e-05
9	11	-3.5e-05
12	32	-4.8e-05
32	55	-4.8e-05
32	57	-4.8e-05
12	40	-0.000101
40	55	-0.000101
40	57	-0.000101
4	10	-0.000117
36	53	-0.000131
37	51	-0.00019
29	36	-0.000196
60	64	-0.000197
7	18	-0.000199
29	59	-0.000217
53	59	-0.000225
39	56	-0.000241
49	54	-0.000243
40	51	-0.000259
34	54	-0.000285
12	25	-0.000302
25	55	-0.000302
25	57	-0.000302
12	21	-0.000334
21	55	-0.000334
21	57	-0.000334
8	53	-0.000357
6	42	-0.000373
53	60	-0.000382
42	60	-0.0004
29	60	-0.000438
25	51	-0.000495
20	59	-0.000518
15	34	-0.000519
25	61	-0.000544
7	60	-0.000547
22	56	-0.000558
20	36	-0.000565
24	52	-0.000584
24	28	-0.000626
20	58	-0.000667
45	63	-0.000731
12	37	-0.000741
16	59	-0.000741
37	55	-0.000741
37	57	-0.000741
12	22	-0.000756
22	55	-0.000756
22	57	-0.000756
11	27	-0.000821
8	56	-0.000831
36	42	-0.000838
52	60	-0.000839
22	28	-0.000886
2	29	-0.000912
22	51	-0.00098
12	31	-0.001005
31	55	-0.001005
31	57	-0.001005
20	24	-0.001078
52	58	-0.001118
17	59	-0.001151
36	61	-0.001172
13	27	-0.001181
6	12	-0.001183
6	55	-0.001183
6	57	-0.001183
59	61	-0.001189
31	51	-0.001235
20	40	-0.001272
14	42	-0.001349
2	50	-0.001376
6	51	-0.00138
20	63	-0.001434
60	61	-0.001436
5	13	-0.001437
17	22	-0.00148
14	49	-0.001519
24	44	-0.001519
35	49	-0.001735
6	62	-0.001823
2	49	-0.001838
17	36	-0.001858
18	36	-0.001861
15	46	-0.001865
25	50	-0.001909
22	26	-0.001962
24	46	-0.001969
7	51	-0.001971
1	3	-0.001984
10	58	-0.00204
23	24	-0.002065
7	12	-0.002071
7	55	-0.002071
7	57	-0.002071
23	64	-0.002109
15	36	-0.002135
15	59	-0.002166
18	39	-0.002211
17	51	-0.002219
11	36	-0.002303
11	59	-0.002336
42	59	-0.002356
28	46	-0.002397
41	50	-0.002431
15	60	-0.002458
24	30	-0.002484
29	53	-0.002497
46	51	-0.002513
24	37	-0.00253
20	60	-0.002552
8	12	-0.002573
8	55	-0.002573
8	57	-0.002573
38	58	-0.002593
6	20	-0.002632
7	24	-0.002638
24	26	-0.002638
12	17	-0.002648
17	55	-0.002648
17	57	-0.002648
24	62	-0.002655
11	60	-0.002672
9	24	-0.002696
42	50	-0.002707
18	31	-0.002714
2	24	-0.002724
12	46	-0.002757
46	55	-0.002757
46	57	-0.002757
28	45	-0.002761
18	24	-0.002765
12	63	-0.00277
55	63	-0.00277
57	63	-0.00277
42	62	-0.002788
24	49	-0.00281
8	51	-0.002827
4	43	-0.002838
18	60	-0.002846
18	51	-0.002875
51	52	-0.002933
5	10	-0.002934
2	59	-0.002937
17	49	-0.002938
43	61	-0.002975
8	19	-0.00298
51	64	-0.003016
51	63	-0.003036
20	27	-0.00304
44	51	-0.00304
17	64	-0.003073
12	52	-0.003079
52	55	-0.003079
52	57	-0.003079
14	50	-0.0031
28	49	-0.003101
12	44	-0.003184
44	55	-0.003184
44	57	-0.003184
12	18	-0.003214
18	55	-0.003214
18	57	-0.003214
12	64	-0.003261
55	64	-0.003261
57	64	-0.003261
50	58	-0.003299
51	53	-0.003334
12	47	-0.00334
47	55	-0.00334
47	57	-0.00334
47	51	-0.003344
12	41	-0.003391
41	55	-0.003391
41	57	-0.003391
43	62	-0.003412
24	45	-0.00342
25	38	-0.003436
24	40	-0.003456
19	51	-0.00352
18	25	-0.003521
16	51	-0.003524
14	58	-0.003527
2	36	-0.003558
27	51	-0.003561
45	51	-0.003561
27	38	-0.003631
41	51	-0.003633
12	27	-0.003644
27	55	-0.003644
27	57	-0.003644
26	51	-0.003661
12	53	-0.003682
24	35	-0.003682
31	53	-0.003682
53	55	-0.003682
53	57	-0.003682
12	16	-0.0037
16	55	-0.0037
16	57	-0.0037
10	36	-0.003714
10	59	-0.003739
14	18	-0.003741
6	24	-0.003756
12	45	-0.003791
45	55	-0.003791
45	57	-0.003791
37	60	-0.003797
12	26	-0.003817
26	55	-0.003817
26	57	-0.003817
14	37	-0.003831
36	38	-0.00386
17	24	-0.003868
38	59	-0.003895
4	24	-0.003944
38	63	-0.003963
39	53	-0.003998
11	64	-0.004018
7	52	-0.004056
3	7	-0.004079
29	44	-0.004082
10	60	-0.004083
2	51	-0.004116
2	58	-0.004135
42	51	-0.004166
1	51	-0.004207
16	24	-0.004212
24	41	-0.004216
12	42	-0.004223
42	55	-0.004223
42	57	-0.004223
21	24	-0.004231
2	12	-0.004241
2	55	-0.004241
2	57	-0.004241
5	40	-0.004243
38	60	-0.004271
8	36	-0.004311
29	50	-0.00434
27	35	-0.004351
1	12	-0.004416
1	55	-0.004416
1	57	-0.004416
12	43	-0.004458
43	55	-0.004458
43	57	-0.004458
12	19	-0.004469
19	55	-0.004469
19	57	-0.004469
43	51	-0.004506
14	29	-0.004542
5	12	-0.004553
5	55	-0.004553
5	57	-0.004553
16	60	-0.004572
61	64	-0.004594
43	50	-0.004635
44	58	-0.004713
3	51	-0.004715
22	24	-0.004718
1	29	-0.004757
5	51	-0.004765
3	12	-0.00477
3	55	-0.00477
3	57	-0.00477
29	58	-0.004833
58	63	-0.004858
8	59	-0.004863
24	32	-0.004907
24	53	-0.005017
32	48	-0.005039
36	44	-0.005063
42	44	-0.005063
8	62	-0.005065
44	59	-0.005069
10	62	-0.005151
4	12	-0.005158
4	55	-0.005158
4	57	-0.005158
12	20	-0.005201
20	55	-0.005201
20	57	-0.005201
17	61	-0.005203
5	7	-0.005212
4	51	-0.00522
20	51	-0.005285
10	20	-0.005297
36	54	-0.005302
54	59	-0.005341
31	44	-0.005386
27	49	-0.005426
31	62	-0.005477
3	59	-0.005495
40	43	-0.005505
1	24	-0.005506
24	27	-0.005515
24	31	-0.005565
39	61	-0.005566
41	47	-0.005701
54	60	-0.005712
28	48	-0.005721
36	49	-0.005796
34	36	-0.005918
3	24	-0.005922
4	11	-0.005953
12	33	-0.005959
33	55	-0.005959
33	57	-0.005959
50	61	-0.005981
37	41	-0.005987
3	36	-0.006074
49	59	-0.006087
4	60	-0.006094
17	32	-0.006098
28	60	-0.006108
10	45	-0.006142
33	51	-0.006142
8	33	-0.006156
14	61	-0.006158
3	62	-0.006208
34	59	-0.006214
41	64	-0.006224
2	7	-0.006237
4	50	-0.006272
22	46	-0.006299
27	33	-0.006349
49	60	-0.006353
36	62	-0.006406
26	61	-0.006583
49	58	-0.00664
37	53	-0.006646
4	36	-0.006694
20	64	-0.006697
8	24	-0.006716
14	52	-0.006717
18	53	-0.006814
25	58	-0.006838
3	61	-0.006933
24	43	-0.006948
18	48	-0.006978
25	31	-0.007014
23	59	-0.00704
14	43	-0.007065
3	38	-0.007088
10	26	-0.0071
38	52	-0.00712
4	63	-0.007134
29	52	-0.007195
6	47	-0.00729
38	47	-0.007394
25	28	-0.007439
59	63	-0.007478
44	46	-0.007485
11	16	-0.007487
13	60	-0.007518
15	50	-0.007527
11	50	-0.007541
43	59	-0.007552
20	52	-0.007594
4	35	-0.007607
13	36	-0.007613
11	14	-0.007616
42	47	-0.007629
4	17	-0.007635
32	60	-0.007641
14	15	-0.007661
36	48	-0.007683
19	54	-0.007712
8	61	-0.00777
36	56	-0.007772
29	47	-0.00779
19	37	-0.007794
29	61	-0.007795
36	43	-0.007838
56	60	-0.00784
48	59	-0.007858
16	40	-0.008053
15	58	-0.00806
11	58	-0.008073
4	59	-0.008106
11	62	-0.008149
22	25	-0.008183
7	25	-0.008216
34	53	-0.008228
49	61	-0.008267
15	63	-0.008285
33	60	-0.008286
36	40	-0.0083
14	19	-0.008317
48	60	-0.008352
40	59	-0.008365
13	59	-0.008383
21	60	-0.008406
7	29	-0.008407
26	49	-0.008441
56	59	-0.008481
13	38	-0.008542
46	54	-0.008577
36	63	-0.008615
19	29	-0.008702
13	46	-0.00873
15	40	-0.008756
59	62	-0.008768
38	56	-0.008847
13	39	-0.008949
8	29	-0.009013
61	63	-0.009013
26	53	-0.009087
20	23	-0.009089
40	60	-0.00911
16	38	-0.009116
16	37	-0.009161
48	58	-0.009167
29	43	-0.009272
6	61	-0.009287
15	56	-0.009297
13	15	-0.009316
9	36	-0.009334
9	59	-0.009388
11	29	-0.009464
15	29	-0.009527
60	62	-0.009535
20	30	-0.009551
30	59	-0.009692
16	25	-0.009704
14	16	-0.009711
30	36	-0.009713
15	49	-0.009752
27	48	-0.00979
60	63	-0.009831
11	35	-0.009851
38	50	-0.009879
56	64	-0.009886
10	50	-0.009942
7	30	-0.009947
36	41	-0.009955
9	60	-0.009964
10	25	-0.009968
10	21	-0.009972
6	38	-0.009987
48	56	-0.010066
11	41	-0.010135
10	14	-0.01014
23	36	-0.010149
29	45	-0.010167
39	59	-0.010205
8	58	-0.010288
33	36	-0.010309
26	31	-0.010313
6	28	-0.010332
10	64	-0.010355
14	28	-0.01036
5	56	-0.010361
36	39	-0.010387
10	32	-0.0104
17	54	-0.010434
30	60	-0.010444
1	40	-0.010458
6	36	-0.010496
33	59	-0.010562
26	38	-0.010573
6	17	-0.010629
21	40	-0.010764
34	58	-0.010829
35	36	-0.010833
35	59	-0.010857
23	60	-0.010874
8	31	-0.010877
45	47	-0.010884
11	48	-0.010971
5	36	-0.010998
20	46	-0.011132
14	48	-0.011143
46	48	-0.011154
21	48	-0.011167
13	29	-0.011173
35	44	-0.011187
10	42	-0.011226
6	46	-0.011296
6	59	-0.011356
29	56	-0.01141
30	43	-0.011486
15	17	-0.011501
6	25	-0.011564
32	41	-0.011619
4	34	-0.011672
11	61	-0.011742
15	61	-0.011822
37	58	-0.011851
10	40	-0.011889
39	50	-0.01192
2	6	-0.011941
6	26	-0.012004
28	58	-0.012042
39	60	-0.012114
14	39	-0.012137
17	31	-0.01214
22	62	-0.012239
37	49	-0.012297
4	18	-0.012309
28	50	-0.012312
3	50	-0.012315
29	38	-0.01235
14	22	-0.012425
14	63	-0.012426
50	54	-0.01244
32	52	-0.012446
41	59	-0.01249
13	61	-0.012552
6	60	-0.012619
14	54	-0.012644
28	29	-0.01275
13	31	-0.012764
3	63	-0.013118
54	58	-0.013145
56	61	-0.013145
34	43	-0.013256
14	31	-0.013276
27	41	-0.013276
10	19	-0.013366
22	59	-0.013388
16	27	-0.013448
22	36	-0.013461
10	38	-0.013471
14	25	-0.013478
18	54	-0.013627
31	59	-0.013731
31	36	-0.013789
11	15	-0.013803
19	31	-0.013822
40	58	-0.013825
4	46	-0.013826
19	56	-0.013834
8	11	-0.013905
30	48	-0.013912
7	31	-0.013963
26	64	-0.013984
23	32	-0.014006
5	59	-0.014105
48	50	-0.014356
23	48	-0.014449
53	61	-0.014538
37	39	-0.014541
40	61	-0.014633
40	54	-0.014649
38	61	-0.014737
14	53	-0.014739
28	61	-0.014758
10	61	-0.014838
3	40	-0.014847
22	60	-0.014897
21	41	-0.014903
38	46	-0.014995
10	34	-0.01504
19	21	-0.015134
50	62	-0.015138
10	16	-0.015188
10	56	-0.015254
35	45	-0.01531
15	21	-0.015385
14	35	-0.015395
15	19	-0.015401
15	28	-0.015424
13	42	-0.015428
31	60	-0.015447
21	23	-0.015546
25	34	-0.015566
32	38	-0.015596
7	23	-0.015629
7	61	-0.015645
13	62	-0.015755
41	49	-0.015805
19	34	-0.015817
33	58	-0.015953
11	38	-0.015985
31	42	-0.016034
14	56	-0.016057
2	30	-0.016071
3	29	-0.016124
21	42	-0.016196
16	61	-0.01621
3	47	-0.016213
18	46	-0.016216
13	54	-0.016247
17	18	-0.016271
9	43	-0.016293
54	56	-0.016372
28	35	-0.016397
31	35	-0.016408
13	58	-0.016452
21	52	-0.016453
22	35	-0.016489
44	62	-0.016534
5	18	-0.016535
34	47	-0.016553
5	15	-0.016563
21	38	-0.016625
26	32	-0.016645
9	50	-0.016674
11	30	-0.01675
56	58	-0.016793
2	3	-0.016811
32	50	-0.016814
15	32	-0.016823
5	11	-0.016948
31	56	-0.016949
30	37	-0.017036
50	52	-0.017051
13	14	-0.017067
10	11	-0.01707
52	63	-0.017162
4	37	-0.017219
13	43	-0.017257
9	45	-0.017303
20	39	-0.017323
10	33	-0.017352
30	50	-0.017388
10	15	-0.017394
9	14	-0.017395
9	18	-0.017498
28	63	-0.017548
29	30	-0.017583
2	23	-0.017603
21	50	-0.017604
11	23	-0.017611
23	43	-0.017704
9	62	-0.017782
23	50	-0.017802
15	41	-0.017834
4	15	-0.017859
10	44	-0.017861
32	40	-0.017901
38	42	-0.017916
54	61	-0.017938
32	53	-0.01794
8	30	-0.017969
4	6	-0.017975
13	19	-0.018041
3	28	-0.018061
11	31	-0.018107
19	22	-0.018159
11	22	-0.018283
32	43	-0.018302
54	63	-0.018349
23	29	-0.018366
4	29	-0.018378
1	44	-0.018402
6	15	-0.018437
2	37	-0.018533
28	56	-0.018533
23	28	-0.018658
26	30	-0.018684
25	43	-0.018749
38	53	-0.018831
29	35	-0.018859
39	58	-0.019014
2	35	-0.019086
30	58	-0.019112
15	39	-0.019177
45	46	-0.0192
9	58	-0.019205
37	61	-0.019269
28	38	-0.019319
29	62	-0.019348
35	53	-0.019366
19	43	-0.019411
30	39	-0.019583
38	62	-0.019601
6	58	-0.019614
10	52	-0.01963
18	62	-0.019641
7	11	-0.019675
11	43	-0.01972
23	58	-0.019727
28	62	-0.01976
18	32	-0.019773
4	61	-0.019775
15	62	-0.019786
35	42	-0.019813
14	32	-0.019856
29	34	-0.019994
40	44	-0.019998
4	56	-0.020052
38	64	-0.02007
44	45	-0.020137
19	28	-0.020194
8	44	-0.020204
11	54	-0.020215
29	48	-0.020287
7	26	-0.020342
9	49	-0.020362
14	21	-0.020388
9	32	-0.020411
15	42	-0.0205
2	61	-0.020533
7	28	-0.020544
29	42	-0.020618
38	48	-0.02065
2	43	-0.020697
35	58	-0.020784
28	54	-0.02085
23	26	-0.020902
38	43	-0.020922
31	45	-0.020937
50	63	-0.020964
30	38	-0.020967
43	52	-0.021033
22	29	-0.021041
2	45	-0.021053
29	40	-0.021096
3	31	-0.021113
23	39	-0.021159
11	21	-0.021241
41	56	-0.021246
26	41	-0.021293
30	61	-0.021299
22	50	-0.021303
11	34	-0.021368
9	29	-0.021373
15	48	-0.021551
6	34	-0.021566
2	52	-0.021659
39	45	-0.02181
23	38	-0.021869
10	28	-0.022028
31	50	-0.022088
9	21	-0.022104
9	42	-0.022173
16	35	-0.022269
23	61	-0.02227
5	62	-0.022285
20	61	-0.022323
19	53	-0.022413
16	50	-0.022427
35	61	-0.022468
22	63	-0.022623
35	62	-0.022718
10	53	-0.02276
48	64	-0.02278
44	63	-0.022855
9	25	-0.022873
32	35	-0.022916
21	35	-0.022923
44	61	-0.023073
22	58	-0.023108
32	42	-0.023126
42	49	-0.023233
3	22	-0.023246
14	62	-0.023269
19	32	-0.023319
43	46	-0.023338
5	32	-0.023348
4	13	-0.023444
28	30	-0.023465
43	45	-0.023477
41	44	-0.023525
31	58	-0.023535
14	17	-0.023539
11	32	-0.023546
9	61	-0.023689
3	8	-0.023709
17	38	-0.023757
40	52	-0.023785
23	40	-0.0238
6	49	-0.02391
33	45	-0.023987
19	47	-0.024041
2	38	-0.0242
6	63	-0.024205
4	7	-0.024284
9	17	-0.024298
54	62	-0.024365
21	30	-0.024379
45	52	-0.024438
7	53	-0.024478
31	61	-0.024511
30	44	-0.024578
26	52	-0.024715
22	42	-0.024732
35	47	-0.024773
33	54	-0.024783
22	61	-0.024814
23	37	-0.024958
41	54	-0.025012
2	46	-0.025085
21	43	-0.025105
1	64	-0.025161
8	52	-0.025169
41	46	-0.02518
8	23	-0.025334
18	20	-0.025348
5	54	-0.025359
22	39	-0.025413
9	39	-0.025427
20	48	-0.025506
3	11	-0.025524
14	40	-0.025667
38	44	-0.025679
8	22	-0.025689
46	49	-0.025714
27	62	-0.025737
5	8	-0.025806
9	26	-0.02583
2	20	-0.02588
8	21	-0.025914
9	15	-0.025951
50	53	-0.025958
16	62	-0.025964
15	30	-0.025971
22	45	-0.026019
30	32	-0.02623
26	39	-0.026403
43	54	-0.026409
6	54	-0.026484
2	17	-0.026524
42	54	-0.026572
15	33	-0.026601
11	53	-0.026728
21	53	-0.026732
4	21	-0.026738
5	21	-0.02677
1	7	-0.02701
3	17	-0.027011
15	23	-0.027015
16	41	-0.027109
49	53	-0.027132
22	38	-0.027145
6	29	-0.0272
40	48	-0.027202
22	41	-0.027258
7	22	-0.027267
27	30	-0.027277
2	16	-0.027569
31	34	-0.027623
35	43	-0.027647
2	27	-0.027793
9	28	-0.027967
31	38	-0.0281
34	49	-0.028173
29	41	-0.028185
31	46	-0.028226
22	53	-0.028269
48	54	-0.028333
10	35	-0.028529
4	40	-0.028577
9	30	-0.028914
2	40	-0.028982
18	21	-0.029088
19	33	-0.029173
4	31	-0.029236
33	48	-0.029303
6	64	-0.029376
4	54	-0.029405
5	52	-0.029657
27	47	-0.029728
17	48	-0.029813
40	64	-0.029858
9	47	-0.030021
23	44	-0.03007
9	23	-0.030122
37	63	-0.030188
7	27	-0.030558
9	16	-0.030613
38	39	-0.03076
11	33	-0.030761
16	26	-0.030787
34	63	-0.030812
15	53	-0.030866
25	40	-0.030879
10	30	-0.030887
30	52	-0.030941
30	40	-0.03096
3	30	-0.031182
35	40	-0.03141
4	64	-0.031473
18	49	-0.031676
23	52	-0.031741
10	23	-0.03189
16	54	-0.031903
30	42	-0.031927
15	43	-0.031975
10	41	-0.032019
7	16	-0.032127
30	62	-0.032134
38	41	-0.032148
33	47	-0.032254
35	37	-0.032282
31	48	-0.032539
20	53	-0.032566
3	23	-0.032593
42	46	-0.032718
9	53	-0.032835
9	44	-0.032852
13	64	-0.032927
7	37	-0.032958
2	41	-0.033122
7	64	-0.033311
25	62	-0.033335
4	32	-0.033519
27	56	-0.033599
3	5	-0.033601
37	52	-0.033617
9	63	-0.033627
3	15	-0.033756
30	54	-0.033759
18	27	-0.033867
3	54	-0.033996
39	49	-0.034024
44	47	-0.034026
19	64	-0.03405
16	47	-0.034112
23	62	-0.034223
18	56	-0.034306
23	42	-0.034315
11	13	-0.034477
11	56	-0.034573
17	26	-0.034597
21	26	-0.034606
2	18	-0.034625
15	22	-0.03465
39	62	-0.034664
15	31	-0.034731
13	20	-0.03479
34	40	-0.034838
6	23	-0.034999
11	37	-0.035088
23	34	-0.03514
5	39	-0.035179
23	54	-0.035216
22	48	-0.035256
3	20	-0.035433
27	63	-0.035473
16	48	-0.035505
9	52	-0.035512
18	45	-0.035529
9	22	-0.03555
47	56	-0.035671
7	32	-0.035972
15	16	-0.036083
9	54	-0.036127
7	38	-0.036139
6	30	-0.036173
1	35	-0.03628
1	62	-0.036325
8	32	-0.036346
44	48	-0.036363
4	22	-0.036443
2	64	-0.036624
53	54	-0.036978
43	56	-0.037012
9	31	-0.037077
10	22	-0.037086
6	22	-0.037124
40	45	-0.037249
4	30	-0.037318
5	20	-0.037442
26	63	-0.037456
23	27	-0.037666
39	43	-0.037691
3	46	-0.037723
35	46	-0.038208
2	22	-0.038217
3	56	-0.038428
23	46	-0.038573
2	19	-0.038646
25	39	-0.038837
22	34	-0.038882
2	5	-0.038952
5	29	-0.038966
1	4	-0.038971
21	64	-0.039215
19	44	-0.03926
13	18	-0.0396
23	56	-0.039622
33	61	-0.039661
32	64	-0.039672
21	45	-0.039718
41	45	-0.039842
39	63	-0.039913
18	40	-0.039957
18	44	-0.040067
30	56	-0.04037
47	53	-0.040547
16	49	-0.040564
21	49	-0.040615
28	43	-0.040711
5	16	-0.040748
20	41	-0.04081
31	49	-0.040821
2	31	-0.040899
27	34	-0.040918
20	25	-0.040939
1	47	-0.04096
5	47	-0.040982
3	35	-0.04111
7	21	-0.041228
43	49	-0.041272
18	42	-0.041413
13	48	-0.041497
20	56	-0.041622
20	47	-0.041691
6	21	-0.041795
1	37	-0.041876
31	41	-0.04192
5	38	-0.041929
16	45	-0.041994
21	34	-0.042009
27	52	-0.042037
30	63	-0.042051
31	37	-0.042074
5	27	-0.042106
22	54	-0.042118
16	23	-0.042185
30	46	-0.042384
4	49	-0.04245
20	32	-0.042556
3	41	-0.042657
8	16	-0.042836
32	34	-0.042926
20	21	-0.042958
3	33	-0.043006
8	45	-0.043322
19	25	-0.043432
40	41	-0.043568
39	48	-0.043829
4	23	-0.043841
9	33	-0.04386
28	42	-0.043907
5	37	-0.044031
7	19	-0.044166
7	20	-0.044173
19	41	-0.044194
6	33	-0.044411
37	48	-0.044419
4	25	-0.044456
13	17	-0.044461
5	46	-0.044822
2	63	-0.044943
6	18	-0.045005
33	63	-0.045105
22	37	-0.045192
7	43	-0.045338
6	43	-0.045373
32	44	-0.045694
4	20	-0.045938
30	34	-0.046471
1	17	-0.046511
1	53	-0.046762
3	44	-0.046781
21	44	-0.046797
32	49	-0.046798
22	40	-0.046953
23	63	-0.046954
13	23	-0.047031
6	32	-0.047102
5	17	-0.047418
1	34	-0.047533
23	53	-0.047679
2	4	-0.047917
25	63	-0.048032
7	34	-0.048045
1	25	-0.048206
18	63	-0.048267
3	16	-0.048272
40	63	-0.048331
13	30	-0.048376
35	48	-0.048386
3	13	-0.048392
4	19	-0.048441
13	25	-0.048464
4	8	-0.048509
20	22	-0.048609
13	44	-0.048754
8	63	-0.048831
34	42	-0.048882
45	53	-0.048905
6	13	-0.04891
8	39	-0.048996
23	25	-0.049051
16	44	-0.049174
16	30	-0.049591
35	41	-0.049664
1	41	-0.049695
19	48	-0.049873
33	40	-0.050001
31	43	-0.050074
33	62	-0.050171
3	19	-0.050268
32	45	-0.050414
1	21	-0.050531
31	39	-0.050757
17	43	-0.050842
21	62	-0.050979
25	30	-0.051002
33	56	-0.051112
5	45	-0.051644
32	47	-0.051792
30	53	-0.051849
53	63	-0.051926
20	31	-0.051971
26	45	-0.052158
27	44	-0.05228
18	35	-0.05242
33	44	-0.052425
17	62	-0.052521
4	28	-0.052873
9	41	-0.052894
6	31	-0.052973
34	62	-0.052987
26	48	-0.053011
4	52	-0.05323
2	33	-0.053379
25	45	-0.053433
2	62	-0.053566
1	32	-0.053657
13	47	-0.054227
17	40	-0.054256
1	22	-0.054522
45	64	-0.055306
13	41	-0.055349
5	19	-0.055648
48	53	-0.056032
1	42	-0.056135
49	56	-0.056164
32	62	-0.056358
47	52	-0.056532
40	62	-0.057558
22	33	-0.057692
1	31	-0.057811
37	44	-0.058052
2	42	-0.058236
19	42	-0.058345
6	41	-0.058545
3	53	-0.058608
3	32	-0.059147
41	48	-0.059373
22	43	-0.059402
21	47	-0.059564
8	42	-0.059572
5	23	-0.059745
1	39	-0.060422
19	49	-0.06066
1	27	-0.060922
17	56	-0.060947
13	40	-0.061077
40	56	-0.061363
44	53	-0.061382
17	42	-0.061394
17	35	-0.062307
2	21	-0.062312
1	5	-0.062839
3	52	-0.063353
26	44	-0.063607
31	33	-0.063641
8	17	-0.063721
31	40	-0.063963
3	21	-0.064142
43	53	-0.06449
21	27	-0.06461
1	16	-0.064733
6	56	-0.064845
45	48	-0.064998
4	39	-0.065013
25	56	-0.065069
20	42	-0.065153
5	26	-0.065634
23	47	-0.065952
44	56	-0.066878
19	62	-0.066931
5	30	-0.066938
6	35	-0.067548
2	13	-0.06758
19	35	-0.067948
22	52	-0.067963
3	45	-0.067966
20	43	-0.068063
26	46	-0.068188
4	26	-0.068339
30	47	-0.068452
2	26	-0.068527
13	45	-0.069133
2	32	-0.069334
6	52	-0.069725
23	41	-0.070067
27	32	-0.070328
40	49	-0.070547
5	44	-0.071806
33	43	-0.072865
2	56	-0.072875
26	33	-0.073117
41	53	-0.073202
40	47	-0.073588
30	41	-0.073712
4	16	-0.074142
25	52	-0.07468
6	45	-0.075226
49	64	-0.076198
43	64	-0.076312
16	43	-0.076654
16	42	-0.077113
46	52	-0.077401
42	53	-0.077411
6	44	-0.077655
13	33	-0.077833
3	64	-0.078273
31	52	-0.078658
3	39	-0.080106
45	56	-0.080517
8	43	-0.080879
41	62	-0.081242
32	63	-0.082586
4	47	-0.083193
5	35	-0.084111
37	56	-0.084222
21	63	-0.085132
16	32	-0.085175
13	37	-0.085448
7	42	-0.086197
44	49	-0.086739
16	21	-0.087057
16	22	-0.088399
13	49	-0.089314
4	53	-0.090524
8	41	-0.090556
5	53	-0.091588
16	31	-0.092858
1	13	-0.095524
1	33	-0.096183
1	56	-0.098786
26	42	-0.099709
33	46	-0.107163
42	64	-0.111837
42	52	-0.112872