#==========================================================================
# The first and second rows contain site pairs (i, j) such that j > i
# The third row contains coevolutionary scores obtained 
# using EVCouplings algorithm.
# Note that in this data sites are counted/labelled starting from 1
#==========================================================================
27	34	1.703933
26	35	1.506525
9	46	1.407981
4	15	1.376304
12	43	1.242193
10	45	1.211425
24	37	1.072491
25	36	1.052925
28	33	1.047366
11	44	0.897534
5	14	0.870154
31	32	0.683758
30	31	0.544744
29	30	0.534264
1	18	0.411723
2	17	0.408564
13	42	0.396815
22	23	0.387273
49	50	0.380945
21	22	0.354849
28	29	0.300292
6	38	0.299223
30	32	0.264584
29	31	0.263072
51	52	0.23166
20	21	0.221044
27	28	0.213511
33	34	0.212962
27	33	0.205731
41	44	0.202713
19	20	0.192714
4	5	0.192601
29	32	0.192342
38	51	0.18221
6	39	0.169234
10	39	0.163674
28	34	0.162144
19	21	0.157952
13	19	0.146865
3	7	0.139556
41	45	0.134299
32	33	0.133329
2	16	0.131494
2	3	0.130304
13	14	0.128051
3	6	0.127663
4	51	0.126835
20	22	0.1253
6	7	0.122797
10	11	0.120041
33	38	0.120002
19	39	0.120001
11	19	0.119857
5	19	0.119158
1	42	0.11891
50	52	0.116743
19	22	0.115825
18	21	0.112597
29	33	0.111947
5	15	0.11109
1	2	0.105522
31	39	0.103838
28	30	0.099831
14	18	0.098753
2	7	0.098233
15	51	0.094719
41	49	0.092929
12	13	0.089692
10	41	0.085533
10	13	0.085189
13	23	0.084084
3	5	0.0833
1	3	0.082857
49	51	0.078861
10	43	0.077833
35	49	0.077793
21	42	0.07714
21	49	0.076629
6	51	0.076383
26	27	0.075966
22	42	0.075844
1	37	0.075279
28	32	0.074948
23	44	0.074757
21	51	0.073672
50	51	0.072774
26	37	0.072703
1	38	0.072139
23	37	0.072116
10	12	0.071558
2	6	0.07152
4	18	0.070898
5	7	0.070835
14	42	0.070197
27	50	0.07008
11	46	0.069995
3	8	0.068646
18	50	0.0683
44	52	0.068026
13	22	0.067891
21	40	0.067809
1	7	0.067503
14	23	0.066696
7	8	0.066508
5	12	0.065512
22	51	0.064846
4	45	0.064486
29	50	0.063324
2	12	0.06298
31	42	0.062759
20	32	0.062345
4	42	0.061578
9	36	0.061004
25	35	0.060852
4	21	0.060282
44	45	0.060176
32	51	0.059099
6	8	0.058813
9	11	0.058777
11	23	0.058201
3	4	0.05805
5	16	0.057758
25	39	0.057262
18	49	0.056193
13	36	0.055167
1	50	0.054938
35	37	0.054937
21	23	0.054927
4	7	0.054152
23	31	0.053938
17	39	0.053397
44	46	0.052585
6	49	0.052508
31	50	0.051584
23	29	0.051439
42	52	0.050761
2	43	0.050538
26	33	0.050536
8	9	0.050239
36	39	0.049707
24	32	0.049331
9	44	0.049324
36	49	0.048929
15	42	0.048804
24	52	0.047971
19	42	0.047419
1	49	0.047327
38	39	0.046416
29	39	0.04637
15	16	0.046121
18	25	0.045374
11	50	0.045306
32	50	0.045227
11	45	0.044902
9	25	0.044703
2	8	0.043901
1	6	0.043794
7	50	0.043698
36	51	0.043534
36	38	0.043395
22	40	0.043284
8	12	0.043141
19	51	0.042975
39	50	0.042932
19	41	0.042206
12	45	0.041864
8	11	0.041611
34	35	0.040287
37	52	0.039713
20	23	0.039667
1	16	0.039389
19	52	0.038526
28	43	0.038398
5	6	0.037944
28	31	0.037851
22	52	0.037439
17	18	0.037184
25	26	0.036999
6	30	0.03682
32	37	0.036707
37	42	0.036367
1	21	0.035209
9	10	0.035005
2	5	0.034922
11	15	0.034816
13	15	0.034658
43	52	0.034538
30	33	0.034451
15	45	0.034321
2	4	0.034282
31	38	0.03408
39	44	0.034043
10	42	0.034035
8	31	0.033984
6	46	0.033243
20	24	0.032774
11	40	0.032489
28	52	0.03155
35	51	0.031446
22	37	0.031354
35	36	0.031353
5	42	0.031071
6	9	0.030948
24	25	0.029583
14	45	0.029479
42	45	0.029315
30	38	0.029057
21	50	0.028884
3	9	0.028862
13	44	0.028814
40	44	0.028789
41	43	0.028551
13	37	0.02844
19	32	0.028437
1	33	0.027968
24	36	0.027968
9	12	0.027635
25	51	0.027398
5	23	0.02717
46	47	0.026827
25	46	0.026713
5	18	0.026592
33	35	0.026338
23	50	0.026167
17	19	0.026147
17	34	0.026102
22	24	0.02602
11	13	0.025966
36	46	0.025873
11	41	0.025756
18	28	0.025744
35	42	0.024953
2	15	0.024919
10	44	0.024862
37	38	0.024738
24	26	0.024657
16	23	0.024464
7	9	0.024338
19	23	0.024281
1	36	0.024273
38	43	0.024268
22	38	0.024069
45	46	0.024055
8	18	0.023685
16	32	0.023547
31	33	0.02341
8	17	0.023345
40	49	0.023247
23	25	0.023239
5	22	0.022503
18	39	0.022429
34	37	0.022389
14	51	0.021663
16	39	0.021523
5	8	0.021469
3	12	0.021456
21	31	0.021114
20	42	0.02107
3	11	0.020951
1	52	0.020929
23	27	0.020389
28	49	0.020082
26	36	0.020067
12	41	0.020039
4	40	0.019874
34	39	0.019586
13	41	0.0195
17	30	0.019081
23	24	0.018688
22	26	0.018366
24	38	0.018318
17	43	0.018274
3	50	0.018188
7	12	0.018097
16	30	0.017965
20	30	0.017893
39	41	0.017732
26	51	0.017527
1	8	0.017449
18	40	0.017377
19	43	0.016963
7	52	0.016712
39	52	0.016577
29	40	0.016545
30	50	0.0165
47	50	0.016204
33	49	0.016099
48	50	0.016021
32	40	0.01602
23	28	0.015903
19	49	0.015767
31	47	0.015679
1	24	0.015214
4	44	0.015042
13	20	0.014665
28	38	0.014633
42	48	0.014052
3	52	0.014014
8	10	0.01397
30	40	0.013713
16	31	0.013506
20	25	0.013493
33	40	0.013297
16	18	0.013264
34	40	0.013236
15	40	0.013073
2	32	0.012844
26	28	0.012765
14	30	0.0124
1	5	0.012394
28	40	0.012377
1	40	0.012365
20	49	0.012154
7	49	0.012129
14	15	0.012081
1	17	0.012077
19	40	0.011959
18	42	0.011516
1	20	0.011023
48	49	0.010785
26	48	0.010655
16	19	0.010587
10	46	0.010549
42	47	0.010428
15	47	0.010406
12	17	0.010299
25	50	0.01027
34	45	0.010147
7	43	0.010099
37	41	0.009963
27	35	0.009816
17	27	0.009676
4	6	0.009492
9	16	0.009425
16	27	0.009348
8	52	0.009294
30	41	0.009115
25	41	0.008657
4	8	0.008503
7	11	0.008444
8	47	0.008426
16	52	0.008386
48	51	0.008353
8	29	0.008206
20	51	0.008083
17	42	0.007896
1	48	0.007893
4	11	0.00787
3	51	0.007718
11	52	0.007281
2	14	0.007149
33	52	0.007075
16	29	0.007035
49	52	0.007002
4	39	0.006997
18	52	0.00699
18	38	0.006968
17	23	0.006756
1	25	0.006694
35	48	0.006548
31	40	0.006426
1	29	0.006314
2	13	0.006213
17	32	0.006172
3	46	0.006106
9	47	0.005972
4	17	0.005937
12	44	0.005891
34	47	0.005757
1	47	0.005728
12	52	0.005464
2	33	0.005348
28	48	0.005179
17	33	0.005113
12	14	0.005103
2	34	0.005011
47	48	0.004942
17	51	0.004837
2	39	0.004558
33	37	0.004501
19	47	0.0044
15	50	0.004183
21	39	0.00412
30	47	0.00411
24	43	0.004079
27	47	0.004016
47	52	0.003955
38	52	0.00391
20	36	0.003829
18	48	0.003666
46	49	0.003623
16	46	0.003608
30	48	0.003528
5	41	0.003482
40	48	0.003468
4	47	0.003425
22	44	0.003403
23	47	0.003322
3	43	0.003243
5	45	0.003136
23	33	0.003126
27	40	0.003097
31	48	0.002964
14	39	0.002949
16	34	0.002898
25	37	0.002855
19	38	0.002841
19	48	0.002828
3	18	0.002818
20	37	0.002789
38	46	0.002744
40	47	0.002567
7	10	0.002565
10	48	0.002557
40	52	0.002469
48	52	0.002349
17	52	0.002317
4	20	0.002285
4	49	0.002266
7	46	0.002249
1	22	0.001971
23	51	0.001953
19	30	0.001913
14	19	0.0019
8	48	0.001895
16	33	0.001867
40	45	0.00177
43	47	0.00174
46	48	0.001677
7	45	0.001559
13	43	0.001459
33	48	0.001331
5	17	0.00132
30	39	0.001271
16	48	0.001184
34	48	0.001184
18	51	0.001095
19	50	0.001074
18	47	0.000984
40	51	0.000968
32	48	0.000941
9	48	0.000837
3	48	0.000666
27	52	0.000583
4	16	0.000481
29	47	0.000422
12	15	1.1e-05
16	47	-9.7e-05
18	20	-0.000159
38	50	-0.000189
14	43	-0.000278
26	41	-0.000289
27	48	-0.000503
7	48	-0.000504
2	24	-0.000528
47	51	-0.000591
13	24	-0.000623
43	48	-0.000712
12	47	-0.000784
16	36	-0.000818
3	47	-0.000819
4	13	-0.000819
9	38	-0.000924
41	48	-0.000942
10	40	-0.000955
8	51	-0.001019
3	10	-0.00108
15	52	-0.001171
15	18	-0.001229
10	16	-0.001387
38	49	-0.001577
38	48	-0.001748
27	41	-0.001875
20	44	-0.001931
17	48	-0.001973
26	47	-0.002023
39	48	-0.002087
47	49	-0.002125
23	35	-0.002156
7	47	-0.002203
45	47	-0.00227
12	18	-0.002312
13	16	-0.002437
24	35	-0.002472
16	45	-0.002708
41	47	-0.002736
42	46	-0.002752
6	43	-0.002853
23	48	-0.002995
44	48	-0.003044
32	52	-0.003132
28	47	-0.003172
16	25	-0.00318
30	49	-0.003348
12	48	-0.003411
29	48	-0.00349
6	48	-0.003506
26	34	-0.003517
7	39	-0.003519
8	19	-0.003569
38	47	-0.003636
20	48	-0.003637
23	32	-0.003692
33	47	-0.003744
35	47	-0.003767
13	48	-0.00385
17	47	-0.003884
44	50	-0.003937
2	47	-0.004102
41	52	-0.004125
15	44	-0.00419
45	48	-0.004294
27	39	-0.004414
1	39	-0.004679
13	47	-0.004887
7	51	-0.004984
8	40	-0.005091
3	49	-0.005301
6	31	-0.005417
21	48	-0.005451
36	45	-0.005558
7	18	-0.005593
44	47	-0.005616
32	47	-0.005664
6	47	-0.005691
2	9	-0.005727
20	47	-0.005742
8	15	-0.005766
21	38	-0.005852
17	50	-0.006009
22	32	-0.006025
14	17	-0.006107
23	41	-0.006132
36	47	-0.006158
3	31	-0.006234
25	47	-0.006257
14	41	-0.006448
39	47	-0.006461
21	45	-0.006533
14	48	-0.006539
6	42	-0.006548
16	40	-0.006559
37	47	-0.006592
15	48	-0.006637
8	45	-0.00667
4	48	-0.00673
16	51	-0.006805
6	12	-0.006806
7	23	-0.006823
6	18	-0.006884
25	48	-0.006909
5	13	-0.006935
8	30	-0.006954
36	48	-0.006961
1	19	-0.007022
7	31	-0.007042
40	46	-0.007074
35	39	-0.007089
23	30	-0.007144
16	49	-0.007301
36	44	-0.007355
14	35	-0.007433
8	43	-0.007548
5	49	-0.00757
22	30	-0.007615
19	29	-0.007649
10	47	-0.007672
2	48	-0.0077
24	45	-0.007704
15	39	-0.007741
15	20	-0.007837
24	48	-0.007857
14	44	-0.007968
21	47	-0.007969
9	40	-0.007978
20	52	-0.008024
22	31	-0.008063
37	48	-0.008075
40	43	-0.008162
16	28	-0.008243
3	40	-0.008305
10	14	-0.00835
21	25	-0.008387
11	48	-0.008394
6	52	-0.008414
17	28	-0.008484
5	48	-0.008532
43	50	-0.008547
14	47	-0.008652
20	35	-0.008736
7	19	-0.008776
33	39	-0.008784
20	43	-0.008928
18	22	-0.009046
30	51	-0.0091
20	26	-0.009256
13	40	-0.009274
27	30	-0.009386
24	47	-0.009453
8	42	-0.009454
22	47	-0.009476
21	24	-0.009726
29	38	-0.009793
30	37	-0.009888
7	32	-0.009933
11	47	-0.010058
33	41	-0.010093
22	48	-0.010101
10	24	-0.010147
8	50	-0.010316
25	44	-0.010383
3	15	-0.010394
5	47	-0.010421
34	41	-0.01054
32	35	-0.010643
8	13	-0.010675
16	42	-0.010711
7	40	-0.010749
12	32	-0.01075
8	46	-0.010906
5	10	-0.011008
11	14	-0.011036
8	32	-0.011059
2	18	-0.011177
41	42	-0.01119
19	45	-0.011219
20	50	-0.011246
25	49	-0.011253
27	29	-0.011312
35	41	-0.01145
40	41	-0.011465
7	34	-0.011513
8	16	-0.011651
40	50	-0.011845
6	44	-0.011869
3	19	-0.011882
13	17	-0.011941
12	40	-0.011958
39	40	-0.012129
4	52	-0.012162
18	23	-0.012223
30	36	-0.012268
2	26	-0.012289
10	33	-0.012392
16	43	-0.012564
25	45	-0.012858
3	13	-0.012948
6	11	-0.013051
8	34	-0.013183
3	42	-0.013272
38	40	-0.013279
4	29	-0.013391
15	17	-0.013453
16	50	-0.013481
7	30	-0.013504
17	40	-0.013511
17	41	-0.013511
32	34	-0.013691
23	40	-0.013755
18	46	-0.013883
23	36	-0.014086
3	38	-0.014094
2	46	-0.014361
36	37	-0.014395
40	42	-0.014445
34	50	-0.014446
35	38	-0.014492
2	29	-0.01452
24	39	-0.014628
27	31	-0.014693
29	34	-0.014764
29	51	-0.014817
31	51	-0.014903
6	36	-0.014912
13	25	-0.014965
18	36	-0.01508
19	28	-0.015225
28	41	-0.015303
24	41	-0.015321
2	52	-0.015407
21	46	-0.015475
5	39	-0.015554
3	23	-0.015566
19	34	-0.015574
11	42	-0.015756
2	27	-0.015896
3	16	-0.016237
14	16	-0.016264
4	38	-0.016419
14	22	-0.016599
30	52	-0.016622
9	49	-0.016634
7	42	-0.016709
20	40	-0.016712
8	28	-0.016838
26	40	-0.016838
3	39	-0.016843
1	41	-0.016859
1	14	-0.016891
21	36	-0.017143
3	29	-0.017335
18	26	-0.017347
26	45	-0.017398
8	27	-0.017512
16	17	-0.017714
7	44	-0.017737
17	25	-0.017808
24	28	-0.017837
6	40	-0.017859
13	51	-0.018096
35	40	-0.018169
36	43	-0.018179
16	44	-0.018296
1	31	-0.018343
16	26	-0.018369
23	52	-0.018468
8	41	-0.0185
10	35	-0.018741
5	9	-0.018823
20	38	-0.018836
44	51	-0.018955
20	33	-0.018971
17	20	-0.018982
9	21	-0.019079
23	38	-0.019169
38	41	-0.019242
12	20	-0.019265
10	52	-0.019797
17	31	-0.01981
4	19	-0.019819
7	16	-0.019819
42	43	-0.019849
11	36	-0.019893
18	29	-0.020008
23	39	-0.020015
14	26	-0.020036
11	49	-0.020039
16	41	-0.020045
14	29	-0.020066
3	32	-0.020107
17	46	-0.020129
2	50	-0.020178
26	52	-0.020179
18	32	-0.020244
16	35	-0.02029
7	27	-0.020396
15	19	-0.020425
8	38	-0.020426
25	43	-0.020511
25	40	-0.020585
12	42	-0.020586
8	26	-0.020638
36	41	-0.020649
17	35	-0.020671
36	40	-0.020746
6	32	-0.020773
8	44	-0.020843
37	49	-0.020853
12	16	-0.020979
16	38	-0.021032
11	25	-0.02106
34	49	-0.021072
20	29	-0.021212
27	37	-0.02129
32	38	-0.021404
22	39	-0.021472
8	35	-0.021511
8	49	-0.021563
19	24	-0.021622
8	33	-0.021625
8	39	-0.021651
12	38	-0.021716
17	26	-0.021791
1	28	-0.021939
21	37	-0.022009
13	30	-0.022112
22	41	-0.022132
24	44	-0.022139
3	44	-0.022231
7	36	-0.0224
3	45	-0.022529
6	37	-0.022723
20	45	-0.022749
41	51	-0.022851
20	39	-0.022968
35	52	-0.022969
3	17	-0.023053
12	50	-0.023079
24	40	-0.023274
9	17	-0.023518
21	52	-0.023528
15	21	-0.023593
32	43	-0.023924
20	27	-0.023974
14	40	-0.023981
17	21	-0.024009
16	37	-0.024025
31	41	-0.024085
2	41	-0.024359
7	17	-0.024363
3	41	-0.024434
3	14	-0.02444
24	34	-0.024525
16	24	-0.024576
21	29	-0.024659
8	14	-0.024709
8	20	-0.02474
6	50	-0.024798
31	36	-0.024838
37	40	-0.024948
2	40	-0.02522
1	11	-0.025255
18	41	-0.025324
46	52	-0.025461
8	25	-0.025713
22	28	-0.02576
14	21	-0.02582
24	49	-0.025821
17	24	-0.025898
14	34	-0.025924
42	51	-0.026074
11	12	-0.02621
16	20	-0.026263
5	40	-0.026285
7	25	-0.02635
22	50	-0.026366
15	36	-0.026387
43	46	-0.026439
6	45	-0.026513
7	38	-0.026652
26	46	-0.026672
8	36	-0.026689
32	45	-0.02674
41	46	-0.026871
13	18	-0.026873
5	35	-0.026896
10	19	-0.02698
42	44	-0.027222
28	51	-0.027272
36	50	-0.027385
15	37	-0.027412
12	28	-0.02745
20	34	-0.027587
41	50	-0.027644
7	15	-0.027666
8	23	-0.027708
17	29	-0.027732
3	30	-0.027812
13	49	-0.028075
7	41	-0.028268
2	38	-0.02836
32	41	-0.028708
1	9	-0.028837
6	16	-0.028939
6	10	-0.029083
26	49	-0.029154
14	27	-0.029246
11	18	-0.029274
11	20	-0.029328
17	38	-0.02963
17	37	-0.02964
10	22	-0.029795
16	21	-0.029855
13	32	-0.029949
17	44	-0.02998
15	25	-0.030066
10	38	-0.030081
13	28	-0.030154
14	36	-0.030167
9	41	-0.030196
10	26	-0.030349
8	21	-0.030351
14	20	-0.03059
17	49	-0.030629
1	13	-0.03072
21	41	-0.030748
33	42	-0.030891
3	20	-0.030949
24	51	-0.030989
20	28	-0.03099
13	39	-0.031019
6	15	-0.031134
7	29	-0.031187
5	37	-0.031376
11	16	-0.031416
8	24	-0.031574
19	44	-0.031682
31	52	-0.03172
37	44	-0.031743
22	29	-0.031831
15	49	-0.031936
3	25	-0.031959
30	42	-0.031979
24	30	-0.032249
15	38	-0.032265
7	35	-0.0323
13	33	-0.03234
10	36	-0.032466
10	18	-0.032502
15	29	-0.032518
6	28	-0.032519
11	22	-0.032559
20	41	-0.032575
34	52	-0.032688
5	46	-0.032775
25	33	-0.032824
10	17	-0.032828
22	35	-0.032897
16	22	-0.033002
26	43	-0.033038
13	50	-0.033145
8	37	-0.033177
43	49	-0.033177
3	36	-0.033212
7	26	-0.033339
7	20	-0.0334
43	45	-0.033415
8	22	-0.033427
20	31	-0.033564
4	14	-0.033799
18	43	-0.033807
5	29	-0.033819
7	13	-0.033941
29	37	-0.034016
29	42	-0.034067
9	15	-0.034266
21	26	-0.034329
14	46	-0.034636
6	17	-0.034762
2	31	-0.034767
29	36	-0.034877
15	43	-0.035107
9	42	-0.035181
5	20	-0.035188
7	28	-0.035257
45	49	-0.035401
17	45	-0.036
11	24	-0.036089
18	35	-0.036094
4	25	-0.03643
5	21	-0.036432
12	37	-0.036501
14	49	-0.036536
5	38	-0.036662
6	41	-0.036879
6	14	-0.036934
18	30	-0.037038
2	11	-0.037045
42	49	-0.03706
14	38	-0.037103
13	35	-0.037128
12	24	-0.037274
26	31	-0.03728
11	26	-0.03733
3	28	-0.037398
22	33	-0.037752
6	27	-0.03803
27	45	-0.03813
3	21	-0.038271
9	22	-0.038296
15	41	-0.038339
2	36	-0.038605
13	21	-0.038623
3	24	-0.03879
17	22	-0.038819
22	45	-0.038821
24	46	-0.039022
9	45	-0.039059
30	35	-0.039305
29	49	-0.039419
10	25	-0.039438
32	46	-0.039444
26	42	-0.039701
2	21	-0.03976
2	20	-0.040081
13	46	-0.040109
2	44	-0.04015
19	35	-0.040181
9	20	-0.040371
45	50	-0.040375
7	14	-0.040576
6	24	-0.040612
20	46	-0.040652
35	45	-0.040956
7	21	-0.040958
10	49	-0.04172
21	30	-0.041803
25	52	-0.041826
3	22	-0.042002
31	35	-0.042164
9	14	-0.04239
37	46	-0.04255
39	45	-0.042802
9	27	-0.042885
6	20	-0.042932
3	34	-0.043176
28	39	-0.043302
5	43	-0.043343
22	46	-0.043382
21	35	-0.043497
3	37	-0.043714
37	51	-0.043806
6	22	-0.043855
17	36	-0.043958
4	50	-0.044205
25	31	-0.04429
7	22	-0.04439
25	29	-0.044425
9	31	-0.044565
4	12	-0.044577
11	43	-0.044757
23	26	-0.044853
6	29	-0.044922
18	31	-0.044955
18	45	-0.045092
29	41	-0.045143
27	51	-0.0453
26	30	-0.045313
5	24	-0.045828
9	24	-0.046085
13	38	-0.046091
15	46	-0.046295
9	13	-0.046525
31	49	-0.046621
37	39	-0.047155
11	17	-0.047168
5	11	-0.047401
3	27	-0.047435
27	43	-0.047542
21	32	-0.047684
6	13	-0.047986
3	35	-0.048055
3	33	-0.048219
12	25	-0.048401
11	21	-0.048888
23	42	-0.048944
4	41	-0.048957
2	51	-0.049222
29	35	-0.049323
2	23	-0.04939
24	42	-0.049435
3	26	-0.049446
22	25	-0.049835
7	37	-0.050172
33	46	-0.050372
22	34	-0.050397
39	46	-0.050433
7	24	-0.050751
24	29	-0.050866
26	38	-0.051084
1	12	-0.051218
7	33	-0.05157
34	38	-0.051604
10	37	-0.051657
14	24	-0.051663
39	51	-0.051666
39	49	-0.051869
21	27	-0.05198
12	26	-0.052032
4	10	-0.052051
32	36	-0.052697
12	46	-0.052767
1	30	-0.052863
22	36	-0.052872
23	34	-0.052992
46	50	-0.053065
18	33	-0.053172
25	38	-0.053203
1	32	-0.053233
5	44	-0.053256
37	50	-0.053384
10	50	-0.053735
12	49	-0.053789
4	31	-0.05392
30	43	-0.053931
1	44	-0.053975
24	50	-0.053988
33	44	-0.054073
18	37	-0.054128
36	52	-0.054444
9	26	-0.054468
1	15	-0.054669
13	29	-0.054694
6	21	-0.054798
37	43	-0.054995
9	33	-0.055029
2	49	-0.055083
30	46	-0.055215
6	19	-0.055933
6	23	-0.056182
38	42	-0.056189
11	31	-0.05651
27	46	-0.056594
6	25	-0.056694
43	51	-0.056883
43	44	-0.056969
29	44	-0.056976
2	19	-0.057155
25	27	-0.057643
2	35	-0.057666
33	51	-0.057707
11	51	-0.057925
2	42	-0.057971
1	26	-0.058102
13	52	-0.058185
22	43	-0.058564
18	19	-0.059114
42	50	-0.059211
14	37	-0.059242
13	45	-0.059265
19	25	-0.059335
24	33	-0.059361
1	23	-0.059476
18	27	-0.05961
36	42	-0.059619
1	46	-0.059621
9	37	-0.059716
5	51	-0.059718
12	19	-0.05983
32	39	-0.059859
44	49	-0.061049
21	34	-0.061447
12	34	-0.061555
6	34	-0.061601
38	44	-0.061635
22	49	-0.061847
34	43	-0.062004
12	36	-0.062071
19	26	-0.062081
27	49	-0.062234
31	43	-0.062435
28	36	-0.062541
29	52	-0.062772
2	30	-0.063464
23	43	-0.063812
9	19	-0.063835
10	20	-0.063846
2	37	-0.063882
26	44	-0.063912
9	43	-0.064371
9	50	-0.064389
2	28	-0.064826
21	43	-0.065007
24	27	-0.065269
25	42	-0.06557
9	29	-0.065662
9	18	-0.066043
4	22	-0.066159
25	34	-0.066533
21	44	-0.066614
32	49	-0.0668
6	33	-0.066912
2	10	-0.066921
38	45	-0.067073
10	23	-0.067252
1	51	-0.067283
4	37	-0.06746
5	50	-0.067772
39	43	-0.067823
19	37	-0.067824
5	32	-0.067947
26	32	-0.068017
11	30	-0.068232
30	34	-0.068449
27	32	-0.068578
2	22	-0.068744
14	25	-0.068778
23	46	-0.068902
11	29	-0.069033
25	30	-0.069176
23	49	-0.069259
21	28	-0.069512
31	34	-0.069516
5	27	-0.06954
27	44	-0.069551
15	24	-0.069654
35	44	-0.070097
9	52	-0.070225
26	29	-0.070226
9	28	-0.070329
23	45	-0.070565
9	32	-0.070576
10	51	-0.070591
14	52	-0.071208
29	46	-0.071416
9	23	-0.071769
9	39	-0.071776
28	35	-0.07182
39	42	-0.071835
1	4	-0.07192
4	36	-0.071936
10	15	-0.072039
34	46	-0.072143
15	31	-0.072167
28	45	-0.07243
1	34	-0.072464
34	44	-0.072581
11	38	-0.073137
15	30	-0.073156
45	52	-0.073384
15	22	-0.073408
25	32	-0.073581
14	32	-0.073923
45	51	-0.07453
21	33	-0.074808
12	29	-0.074968
28	42	-0.074993
13	34	-0.075539
24	31	-0.075614
1	27	-0.075792
6	26	-0.075874
12	23	-0.076236
27	38	-0.076385
27	42	-0.07706
26	50	-0.077553
11	28	-0.077678
5	34	-0.07817
2	45	-0.079061
11	39	-0.079149
18	44	-0.079349
9	34	-0.079445
4	43	-0.079604
19	31	-0.079866
12	21	-0.080023
26	39	-0.08035
18	24	-0.080809
35	46	-0.081195
12	51	-0.081364
11	33	-0.08158
35	50	-0.081582
4	34	-0.082238
11	37	-0.082339
9	51	-0.083024
4	9	-0.083054
13	31	-0.083157
28	50	-0.083201
12	27	-0.083367
6	35	-0.083631
15	32	-0.083663
15	34	-0.083785
10	29	-0.083948
19	36	-0.084098
29	43	-0.084108
33	45	-0.084353
11	35	-0.084807
1	35	-0.084844
14	50	-0.084921
5	25	-0.084926
12	39	-0.084946
30	44	-0.085319
2	25	-0.085357
31	46	-0.086798
15	23	-0.08709
5	52	-0.08735
37	45	-0.087909
12	22	-0.088065
11	32	-0.088106
35	43	-0.088131
12	31	-0.088322
14	28	-0.088391
13	26	-0.088638
12	35	-0.089513
33	43	-0.089721
4	23	-0.0912
1	10	-0.093033
5	30	-0.093509
19	46	-0.093733
29	45	-0.093765
30	45	-0.094696
11	34	-0.094776
14	33	-0.095112
10	31	-0.095138
10	30	-0.095986
9	30	-0.096496
28	37	-0.097346
28	46	-0.097696
28	44	-0.097735
25	28	-0.097858
34	36	-0.098824
1	43	-0.100064
9	35	-0.100157
15	28	-0.100425
33	50	-0.100442
4	46	-0.100491
1	45	-0.101222
14	31	-0.101381
32	42	-0.10169
10	34	-0.101756
10	21	-0.102305
5	33	-0.103386
4	32	-0.104302
12	30	-0.105673
34	51	-0.105948
10	27	-0.106212
33	36	-0.106473
27	36	-0.107036
4	24	-0.107721
15	27	-0.108184
31	44	-0.108876
4	33	-0.109688
11	27	-0.111476
19	27	-0.11159
4	26	-0.111693
5	28	-0.112218
31	45	-0.112508
22	27	-0.112923
31	37	-0.114804
32	44	-0.116489
18	34	-0.117375
19	33	-0.118226
10	32	-0.119524
46	51	-0.120034
34	42	-0.121102
15	26	-0.121237
15	35	-0.122173
12	33	-0.126839
5	31	-0.128671
4	27	-0.12931
5	26	-0.1329
4	35	-0.133118
13	27	-0.133382
10	28	-0.134955
5	36	-0.13515
4	28	-0.144643
4	30	-0.154952
15	33	-0.160396