#==========================================================================
# The first and second rows contain site pairs (i, j) such that j > i
# The third row contains coevolutionary scores obtained 
# using EVCouplings algorithm.
# Note that in this data sites are counted/labelled starting from 1
#==========================================================================
22	33	2.696455
23	32	2.677042
53	63	2.547825
25	30	2.491971
24	31	2.348468
20	35	2.093231
21	34	1.876109
50	68	1.813692
48	69	1.764106
55	56	1.602712
51	67	1.578384
45	71	1.482131
15	40	1.479431
57	61	1.300113
16	39	1.297129
18	37	1.101828
19	36	1.079517
58	59	1.07714
46	70	1.061322
57	60	0.93436
8	9	0.926855
52	64	0.830432
58	60	0.813163
60	61	0.797102
49	69	0.782984
27	28	0.764678
54	62	0.637232
27	56	0.598875
65	69	0.586848
28	29	0.558114
72	73	0.544845
59	60	0.535797
44	72	0.534372
11	12	0.533351
57	58	0.522817
12	13	0.516979
65	68	0.495696
8	76	0.479874
7	77	0.453283
13	14	0.430417
11	13	0.429614
58	61	0.414606
7	8	0.39999
28	56	0.39861
27	29	0.393099
48	65	0.385528
57	59	0.379611
49	70	0.375979
77	78	0.375127
78	79	0.361358
76	77	0.357251
26	27	0.34944
56	61	0.336366
59	61	0.335882
8	10	0.333647
26	29	0.328226
26	28	0.321907
65	66	0.314249
77	79	0.310644
9	10	0.309527
62	63	0.302559
10	11	0.295802
27	55	0.290317
74	75	0.289573
11	76	0.285908
69	70	0.278082
48	49	0.277964
50	65	0.277353
74	76	0.273981
46	49	0.268155
76	79	0.265855
12	76	0.26416
24	25	0.264001
75	76	0.262333
8	77	0.252472
47	68	0.252001
47	50	0.25033
5	79	0.249087
53	54	0.248717
8	11	0.248303
17	18	0.247193
8	12	0.245353
37	38	0.235568
9	11	0.234629
30	31	0.234081
72	75	0.232539
25	26	0.229707
25	31	0.229552
6	78	0.22859
55	61	0.227463
15	16	0.224282
5	7	0.220183
49	65	0.218686
26	30	0.217749
24	30	0.21762
23	33	0.217469
18	19	0.216123
4	5	0.213423
7	10	0.213061
53	62	0.212914
74	78	0.210635
17	19	0.209553
36	37	0.209191
50	51	0.208612
19	26	0.207853
75	79	0.203892
75	77	0.197895
9	12	0.19726
74	79	0.197131
62	66	0.196845
66	67	0.196093
48	68	0.194835
75	78	0.194549
73	74	0.188355
64	66	0.188229
9	14	0.187664
16	37	0.186246
47	67	0.18604
63	66	0.185373
29	30	0.184779
50	52	0.183291
32	33	0.179615
27	40	0.178977
46	72	0.177507
17	37	0.177499
64	65	0.176982
63	64	0.176035
76	78	0.175093
65	67	0.174655
74	77	0.173073
12	16	0.17179
73	75	0.170805
42	73	0.170256
5	6	0.167556
54	63	0.167352
67	69	0.166809
70	72	0.166316
4	6	0.166212
10	12	0.166095
67	68	0.165182
27	30	0.163669
24	26	0.160524
6	8	0.160503
64	67	0.160278
62	64	0.159591
6	77	0.159045
22	32	0.157012
70	71	0.156358
6	7	0.155656
5	10	0.155083
26	31	0.153777
19	20	0.152981
25	27	0.15279
52	62	0.152461
7	9	0.152188
6	11	0.150544
24	32	0.150032
5	12	0.149948
25	29	0.149174
13	37	0.148367
73	76	0.14815
7	78	0.145081
45	72	0.143441
14	42	0.142313
52	54	0.142205
72	74	0.141589
48	51	0.13991
71	73	0.139412
73	77	0.138353
8	14	0.135555
5	11	0.135387
29	31	0.135068
12	14	0.134058
66	68	0.133833
4	7	0.133821
23	24	0.132627
71	72	0.132417
11	14	0.132177
52	65	0.129527
47	69	0.129438
7	12	0.127468
28	30	0.127306
48	67	0.125526
18	47	0.123669
50	69	0.123371
13	18	0.123126
73	78	0.122559
4	11	0.122225
13	15	0.122187
15	27	0.122011
70	73	0.119888
33	34	0.119759
15	17	0.118378
16	17	0.117418
8	13	0.117366
21	22	0.117045
14	15	0.116754
44	52	0.116507
38	41	0.115752
62	74	0.113796
41	42	0.113604
17	21	0.113229
24	29	0.113002
22	37	0.112151
20	21	0.111534
73	79	0.111452
4	10	0.110015
6	12	0.108331
49	68	0.107006
6	10	0.106718
6	14	0.106464
12	64	0.106286
5	17	0.10622
4	9	0.105286
62	65	0.104415
49	50	0.104053
52	53	0.10369
50	66	0.103294
72	79	0.103136
18	36	0.102905
23	26	0.102561
12	74	0.102151
35	37	0.101826
13	79	0.101728
27	31	0.101074
5	59	0.100997
30	32	0.100185
8	49	0.100052
46	47	0.099689
25	28	0.099686
31	32	0.099037
21	44	0.098863
32	34	0.098574
19	37	0.097748
29	36	0.097607
4	12	0.096971
66	72	0.096734
64	70	0.09669
10	14	0.095473
7	58	0.095128
35	56	0.094833
36	38	0.093879
5	14	0.093863
44	64	0.092846
68	69	0.092078
46	52	0.091708
54	66	0.091077
24	28	0.090866
69	73	0.090512
51	64	0.089701
70	75	0.089647
14	40	0.089243
39	79	0.089209
7	75	0.089063
22	35	0.088482
51	55	0.088246
44	70	0.088157
39	47	0.087848
71	75	0.087705
4	42	0.087569
13	42	0.087449
6	9	0.087039
62	71	0.086318
20	38	0.08628
51	54	0.085983
15	18	0.085864
10	13	0.085647
17	78	0.085513
70	74	0.084796
13	77	0.084627
13	40	0.084446
71	74	0.084432
15	55	0.084357
4	19	0.084094
72	76	0.083977
9	13	0.083688
10	44	0.083647
20	36	0.082977
22	34	0.082204
6	74	0.081933
9	79	0.081881
67	71	0.081686
7	18	0.081159
40	55	0.081086
5	9	0.080678
51	69	0.080641
56	57	0.080602
22	24	0.080397
36	47	0.079257
34	36	0.079122
71	77	0.078919
69	72	0.078613
4	8	0.078313
7	38	0.07826
69	71	0.077683
21	32	0.077281
62	67	0.077144
56	58	0.076706
72	77	0.076159
28	40	0.076139
37	39	0.076055
5	46	0.075714
22	23	0.075529
67	72	0.075393
4	56	0.075279
44	49	0.075221
41	54	0.074977
6	48	0.074333
71	79	0.074271
35	36	0.074192
5	19	0.073576
17	39	0.073564
6	18	0.073557
56	60	0.073177
43	72	0.07302
36	48	0.072957
23	30	0.07232
37	47	0.072152
23	25	0.071003
46	65	0.070456
13	47	0.070048
39	52	0.069899
4	14	0.069704
18	21	0.069686
14	16	0.069684
47	73	0.069072
71	78	0.069056
5	77	0.068708
26	34	0.068683
50	64	0.068427
21	47	0.068323
35	38	0.068285
56	62	0.068264
42	53	0.06824
49	71	0.068027
28	31	0.067595
54	57	0.067544
52	79	0.066487
62	68	0.066397
54	64	0.06627
9	16	0.066061
5	42	0.066014
33	36	0.065871
9	17	0.065753
48	50	0.065187
19	21	0.065027
23	28	0.064779
52	66	0.064715
64	68	0.063568
34	76	0.063499
39	48	0.06333
15	39	0.062915
45	65	0.062865
29	38	0.062732
4	16	0.062709
4	77	0.062533
29	46	0.062305
47	65	0.062093
14	19	0.061464
7	52	0.061138
44	73	0.060957
45	49	0.060954
52	68	0.060936
9	42	0.06078
23	31	0.060403
19	44	0.060289
22	36	0.060203
12	47	0.059825
25	32	0.05945
53	66	0.059441
31	66	0.059146
5	18	0.059124
43	65	0.058505
52	63	0.058068
7	59	0.058067
6	19	0.057408
9	70	0.057253
7	11	0.057238
20	40	0.057215
5	78	0.057012
72	78	0.056855
46	69	0.05664
7	51	0.056605
14	26	0.056571
5	52	0.056199
5	48	0.056168
66	71	0.055287
68	75	0.055197
26	32	0.054486
47	51	0.054486
37	73	0.05402
26	72	0.053876
34	54	0.053872
4	27	0.053827
10	73	0.053706
26	46	0.053531
54	65	0.05341
14	29	0.053152
10	78	0.052892
44	50	0.052611
11	17	0.052522
34	35	0.052506
33	37	0.052481
34	38	0.052302
40	77	0.052236
16	27	0.051899
13	58	0.051815
26	47	0.051626
18	76	0.051245
68	71	0.050911
52	55	0.050815
4	62	0.050803
20	37	0.050776
34	37	0.050601
34	44	0.050036
20	22	0.049925
5	61	0.049588
54	56	0.049293
46	64	0.048884
47	49	0.048869
29	32	0.048493
12	44	0.048305
12	19	0.048152
19	34	0.04777
44	75	0.047407
15	28	0.047393
48	58	0.047219
52	70	0.047056
23	29	0.046937
14	18	0.046754
33	38	0.046614
9	57	0.046547
15	22	0.046473
16	19	0.046409
56	65	0.046202
9	38	0.045947
52	67	0.045865
40	51	0.045616
10	15	0.045152
6	60	0.045047
28	66	0.044897
19	39	0.044456
6	16	0.044412
38	42	0.044393
46	59	0.044067
47	70	0.044048
4	17	0.043794
26	51	0.043538
70	76	0.043296
65	70	0.043146
41	46	0.04274
35	74	0.042571
6	13	0.042557
65	72	0.042387
12	46	0.042015
16	36	0.041938
7	42	0.041905
38	72	0.041839
26	62	0.041616
9	18	0.041598
46	50	0.041351
36	69	0.04121
11	18	0.041142
47	54	0.041041
4	73	0.040998
51	74	0.04097
28	39	0.040912
14	75	0.040705
33	35	0.040555
66	70	0.040545
71	76	0.039984
13	51	0.039883
6	75	0.039736
12	60	0.039584
55	62	0.039557
69	78	0.039547
16	18	0.039304
5	72	0.039176
10	55	0.039013
11	15	0.038796
44	46	0.038545
70	79	0.038477
20	78	0.038426
63	67	0.038365
64	71	0.038319
29	37	0.038155
42	77	0.038039
15	20	0.037965
9	77	0.037826
62	75	0.037706
13	70	0.037543
40	45	0.037161
8	15	0.037081
7	17	0.037038
13	41	0.036996
15	33	0.036743
12	36	0.03674
50	54	0.03666
41	47	0.036654
33	40	0.036638
53	59	0.036599
12	17	0.036411
16	60	0.0364
6	44	0.036353
17	44	0.036313
54	55	0.036173
63	68	0.036115
40	65	0.035804
13	19	0.03544
28	63	0.035348
10	42	0.035287
32	38	0.03525
28	67	0.034977
5	75	0.034966
7	14	0.034849
37	72	0.034798
43	73	0.034691
6	76	0.034607
36	72	0.03458
15	42	0.034566
54	60	0.034548
8	18	0.034488
20	52	0.034407
32	45	0.034386
21	33	0.034369
37	43	0.0341
17	20	0.034015
44	79	0.034006
31	74	0.033844
11	16	0.033823
10	16	0.033685
45	69	0.033309
43	56	0.033245
13	21	0.033105
35	40	0.03268
9	76	0.032674
34	55	0.032626
22	31	0.032499
46	55	0.032342
68	76	0.032326
35	49	0.032287
38	66	0.03224
49	73	0.032136
40	68	0.031855
25	38	0.031564
29	54	0.031359
4	71	0.030827
53	64	0.030743
18	44	0.030734
66	73	0.030609
30	34	0.030546
4	13	0.030502
20	34	0.030388
41	44	0.030387
7	45	0.030322
10	18	0.030321
63	70	0.030286
10	52	0.030173
41	75	0.030159
46	48	0.030074
27	61	0.02996
70	78	0.029843
10	19	0.029814
47	52	0.029798
26	38	0.029641
39	40	0.029507
37	42	0.02923
47	66	0.029229
10	17	0.02913
12	43	0.029107
16	21	0.029033
10	59	0.029019
56	59	0.028961
5	8	0.028714
11	57	0.028692
30	78	0.028619
45	47	0.028615
40	42	0.028396
66	75	0.02821
32	79	0.027986
28	57	0.027873
51	68	0.027713
41	62	0.02766
35	64	0.027491
41	78	0.0274
58	78	0.027379
5	27	0.027345
35	44	0.027167
20	24	0.027019
40	50	0.026968
59	70	0.026655
68	74	0.026583
40	48	0.026488
43	52	0.026439
42	74	0.026403
38	78	0.026181
14	17	0.025946
43	48	0.025873
43	74	0.025829
54	78	0.025789
45	53	0.025771
34	79	0.025711
43	79	0.025621
14	20	0.025565
53	58	0.025422
43	78	0.025281
64	73	0.025248
13	43	0.025023
10	75	0.024867
4	76	0.024752
49	77	0.024156
55	70	0.023977
14	35	0.023852
18	20	0.023719
58	79	0.02368
32	54	0.023637
31	78	0.023529
14	45	0.023103
5	21	0.023059
40	61	0.02301
27	60	0.022965
37	44	0.022879
10	36	0.022634
11	46	0.022374
48	53	0.022354
11	42	0.02223
62	72	0.022127
13	17	0.022071
7	57	0.02192
11	74	0.021899
14	59	0.021862
32	73	0.021835
4	57	0.021811
28	65	0.021722
19	35	0.021716
41	79	0.021709
9	43	0.021687
6	61	0.021653
14	47	0.021478
43	70	0.021365
35	52	0.021353
9	41	0.021332
41	74	0.02131
13	60	0.021222
20	44	0.020995
61	64	0.020976
27	64	0.020817
49	59	0.020804
28	43	0.020526
38	53	0.020406
8	39	0.020154
54	70	0.020028
37	53	0.019855
4	54	0.019853
63	65	0.019802
40	41	0.019616
10	43	0.019549
45	68	0.019473
48	75	0.01946
28	54	0.019456
41	70	0.019401
21	42	0.019041
30	44	0.018999
31	33	0.018942
19	38	0.018871
33	71	0.018689
55	64	0.018675
10	50	0.018589
47	62	0.018478
30	38	0.018302
66	77	0.018292
44	67	0.018159
22	38	0.017953
26	73	0.017745
27	57	0.017469
38	46	0.017462
27	45	0.017327
52	59	0.017104
51	60	0.017065
15	56	0.017055
30	57	0.016947
6	49	0.016837
42	46	0.016659
52	56	0.016634
33	45	0.016496
47	77	0.016423
33	62	0.01629
51	52	0.016249
47	76	0.016156
45	59	0.016089
67	70	0.016066
11	63	0.016062
58	76	0.015922
36	43	0.015798
41	66	0.015754
43	76	0.015703
6	73	0.015686
11	43	0.015625
10	74	0.015579
49	55	0.015521
40	56	0.015494
48	72	0.015379
26	41	0.015286
50	67	0.015196
5	36	0.01514
7	54	0.014897
35	41	0.014739
18	78	0.014735
46	76	0.014697
60	64	0.014552
10	24	0.014548
65	71	0.014457
44	47	0.014442
21	35	0.014441
8	35	0.014273
64	74	0.014186
24	27	0.014185
8	29	0.01413
43	57	0.014025
48	52	0.013891
4	79	0.013861
42	65	0.013844
42	44	0.013747
51	65	0.013732
14	41	0.013563
59	72	0.013378
12	39	0.013246
24	37	0.013232
36	67	0.013226
55	59	0.013137
61	65	0.013026
6	33	0.013014
21	36	0.013005
42	75	0.012938
42	63	0.012896
25	33	0.012741
39	44	0.012574
19	47	0.01256
13	71	0.012475
31	58	0.012385
33	43	0.012166
39	74	0.011897
36	79	0.011865
45	64	0.011794
47	53	0.011704
16	43	0.011632
45	73	0.011597
11	36	0.011556
4	15	0.011519
8	42	0.011272
42	66	0.011227
26	63	0.011066
10	34	0.011034
21	50	0.010965
4	32	0.01092
39	60	0.01089
29	55	0.01073
21	43	0.010709
23	35	0.010644
5	43	0.010636
28	42	0.010604
4	48	0.010484
21	74	0.010453
11	73	0.010423
7	60	0.01022
66	74	0.010194
20	33	0.010042
11	79	0.009952
19	22	0.009894
6	32	0.009721
41	53	0.00969
14	71	0.009504
51	78	0.009395
28	53	0.009384
41	55	0.009054
18	23	0.009021
59	64	0.008901
13	54	0.008804
24	33	0.008746
20	23	0.008724
1	2	0.008695
1	3	0.008695
1	80	0.008695
1	81	0.008695
1	82	0.008695
1	83	0.008695
1	84	0.008695
2	3	0.008695
2	80	0.008695
2	81	0.008695
2	82	0.008695
2	83	0.008695
2	84	0.008695
3	80	0.008695
3	81	0.008695
3	82	0.008695
3	83	0.008695
3	84	0.008695
80	81	0.008695
80	82	0.008695
80	83	0.008695
80	84	0.008695
81	82	0.008695
81	83	0.008695
81	84	0.008695
82	83	0.008695
82	84	0.008695
83	84	0.008695
28	51	0.008663
4	75	0.008658
15	66	0.008635
22	41	0.008609
15	77	0.008564
55	60	0.008492
43	53	0.008413
4	35	0.008409
53	68	0.0084
15	25	0.008339
22	47	0.008299
66	78	0.008173
30	41	0.00814
55	58	0.008131
64	72	0.008073
44	77	0.007929
45	46	0.007895
6	24	0.00782
45	52	0.007814
62	70	0.007753
22	39	0.007715
31	42	0.007676
50	72	0.007675
17	76	0.007664
47	48	0.007558
31	41	0.007302
52	78	0.007278
9	23	0.007244
63	69	0.007235
17	22	0.00717
16	24	0.007089
13	45	0.007069
13	61	0.007029
54	68	0.006904
5	63	0.006887
13	38	0.006821
45	78	0.006788
12	77	0.006761
44	66	0.006752
39	49	0.006703
16	49	0.006632
22	26	0.00656
5	47	0.006494
59	78	0.006465
25	41	0.006458
40	53	0.006448
8	25	0.006336
56	79	0.006322
8	73	0.006103
69	75	0.006051
54	58	0.006013
39	66	0.005878
4	51	0.005748
1	43	0.005708
2	43	0.005708
3	43	0.005708
43	80	0.005708
43	81	0.005708
43	82	0.005708
43	83	0.005708
43	84	0.005708
49	67	0.005574
28	74	0.005537
38	70	0.00553
63	77	0.00551
23	27	0.00548
38	45	0.005463
9	21	0.005424
5	16	0.005381
39	72	0.005288
11	41	0.005266
61	71	0.005261
62	73	0.005228
69	74	0.005144
4	38	0.005108
10	76	0.005098
67	73	0.00499
5	49	0.004961
42	47	0.004793
25	39	0.004774
20	30	0.004738
37	41	0.004724
41	63	0.004633
4	23	0.004628
51	61	0.004609
24	74	0.004507
7	62	0.004471
1	42	0.004459
2	42	0.004459
3	42	0.004459
42	80	0.004459
42	81	0.004459
42	82	0.004459
42	83	0.004459
42	84	0.004459
1	41	0.004394
2	41	0.004394
3	41	0.004394
41	80	0.004394
41	81	0.004394
41	82	0.004394
41	83	0.004394
41	84	0.004394
38	74	0.004252
42	43	0.004248
39	46	0.004178
4	41	0.004064
61	79	0.004047
64	78	0.003985
63	78	0.003948
43	67	0.003937
56	76	0.003858
27	42	0.003852
36	45	0.003688
31	36	0.003571
6	58	0.003505
38	68	0.003434
15	41	0.0034
21	38	0.003317
58	65	0.00331
10	47	0.003302
43	77	0.003225
43	47	0.00295
41	76	0.00292
31	38	0.002911
1	38	0.002881
2	38	0.002881
3	38	0.002881
38	80	0.002881
38	81	0.002881
38	82	0.002881
38	83	0.002881
38	84	0.002881
1	39	0.002874
2	39	0.002874
3	39	0.002874
39	80	0.002874
39	81	0.002874
39	82	0.002874
39	83	0.002874
39	84	0.002874
4	43	0.002857
17	38	0.002743
21	23	0.002731
67	76	0.002664
28	38	0.002597
4	44	0.002591
1	66	0.002477
2	66	0.002477
3	66	0.002477
66	80	0.002477
66	81	0.002477
66	82	0.002477
66	83	0.002477
66	84	0.002477
17	27	0.002462
1	29	0.002457
2	29	0.002457
3	29	0.002457
29	80	0.002457
29	81	0.002457
29	82	0.002457
29	83	0.002457
29	84	0.002457
34	42	0.002419
7	66	0.002401
1	44	0.002383
2	44	0.002383
3	44	0.002383
44	80	0.002383
44	81	0.002383
44	82	0.002383
44	83	0.002383
44	84	0.002383
17	47	0.002261
44	51	0.002247
14	43	0.002238
1	17	0.002235
2	17	0.002235
3	17	0.002235
17	80	0.002235
17	81	0.002235
17	82	0.002235
17	83	0.002235
17	84	0.002235
43	63	0.002191
31	34	0.002186
4	36	0.002176
1	16	0.002172
2	16	0.002172
3	16	0.002172
16	80	0.002172
16	81	0.002172
16	82	0.002172
16	83	0.002172
16	84	0.002172
19	33	0.002139
43	71	0.002107
1	49	0.002064
2	49	0.002064
3	49	0.002064
49	80	0.002064
49	81	0.002064
49	82	0.002064
49	83	0.002064
49	84	0.002064
30	43	0.001904
1	45	0.001819
2	45	0.001819
3	45	0.001819
45	80	0.001819
45	81	0.001819
45	82	0.001819
45	83	0.001819
45	84	0.001819
28	76	0.001801
1	40	0.001794
2	40	0.001794
3	40	0.001794
40	80	0.001794
40	81	0.001794
40	82	0.001794
40	83	0.001794
40	84	0.001794
41	64	0.001772
19	58	0.001709
43	51	0.001702
1	54	0.001677
2	54	0.001677
3	54	0.001677
54	80	0.001677
54	81	0.001677
54	82	0.001677
54	83	0.001677
54	84	0.001677
10	20	0.00161
1	14	0.001552
2	14	0.001552
3	14	0.001552
14	80	0.001552
14	81	0.001552
14	82	0.001552
14	83	0.001552
14	84	0.001552
1	73	0.001489
2	73	0.001489
3	73	0.001489
73	80	0.001489
73	81	0.001489
73	82	0.001489
73	83	0.001489
73	84	0.001489
17	31	0.001469
1	62	0.001429
2	62	0.001429
3	62	0.001429
62	80	0.001429
62	81	0.001429
62	82	0.001429
62	83	0.001429
62	84	0.001429
1	75	0.001355
2	75	0.001355
3	75	0.001355
75	80	0.001355
75	81	0.001355
75	82	0.001355
75	83	0.001355
75	84	0.001355
38	77	0.001321
5	33	0.001298
50	61	0.001211
66	79	0.001152
50	53	0.001121
41	52	0.001115
16	28	0.00109
15	37	0.000999
41	77	0.000987
44	45	0.000986
54	59	0.000873
8	41	0.000773
30	79	0.000698
1	71	0.000525
2	71	0.000525
3	71	0.000525
71	80	0.000525
71	81	0.000525
71	82	0.000525
71	83	0.000525
71	84	0.000525
41	56	0.00049
49	51	0.000462
11	58	0.000423
1	18	0.000329
2	18	0.000329
3	18	0.000329
18	80	0.000329
18	81	0.000329
18	82	0.000329
18	83	0.000329
18	84	0.000329
1	26	0.000305
2	26	0.000305
3	26	0.000305
26	80	0.000305
26	81	0.000305
26	82	0.000305
26	83	0.000305
26	84	0.000305
45	60	0.000134
33	41	4.8e-05
1	74	3.9e-05
2	74	3.9e-05
3	74	3.9e-05
74	80	3.9e-05
74	81	3.9e-05
74	82	3.9e-05
74	83	3.9e-05
74	84	3.9e-05
1	15	-5.9e-05
2	15	-5.9e-05
3	15	-5.9e-05
15	80	-5.9e-05
15	81	-5.9e-05
15	82	-5.9e-05
15	83	-5.9e-05
15	84	-5.9e-05
1	28	-6.6e-05
2	28	-6.6e-05
3	28	-6.6e-05
28	80	-6.6e-05
28	81	-6.6e-05
28	82	-6.6e-05
28	83	-6.6e-05
28	84	-6.6e-05
7	41	-9e-05
41	68	-0.000127
37	76	-0.000131
8	74	-0.000156
6	29	-0.000226
1	59	-0.000298
2	59	-0.000298
3	59	-0.000298
59	80	-0.000298
59	81	-0.000298
59	82	-0.000298
59	83	-0.000298
59	84	-0.000298
1	36	-0.000316
2	36	-0.000316
3	36	-0.000316
36	80	-0.000316
36	81	-0.000316
36	82	-0.000316
36	83	-0.000316
36	84	-0.000316
68	79	-0.000326
1	34	-0.000382
2	34	-0.000382
3	34	-0.000382
34	80	-0.000382
34	81	-0.000382
34	82	-0.000382
34	83	-0.000382
34	84	-0.000382
1	51	-0.000494
2	51	-0.000494
3	51	-0.000494
51	80	-0.000494
51	81	-0.000494
51	82	-0.000494
51	83	-0.000494
51	84	-0.000494
32	37	-0.00053
19	62	-0.000626
1	46	-0.000682
2	46	-0.000682
3	46	-0.000682
46	80	-0.000682
46	81	-0.000682
46	82	-0.000682
46	83	-0.000682
46	84	-0.000682
45	50	-0.000793
33	46	-0.000836
1	47	-0.000849
2	47	-0.000849
3	47	-0.000849
47	80	-0.000849
47	81	-0.000849
47	82	-0.000849
47	83	-0.000849
47	84	-0.000849
23	61	-0.000856
11	40	-0.000871
34	78	-0.0009
68	70	-0.000906
43	61	-0.001118
1	52	-0.001121
2	52	-0.001121
3	52	-0.001121
52	80	-0.001121
52	81	-0.001121
52	82	-0.001121
52	83	-0.001121
52	84	-0.001121
1	72	-0.001194
2	72	-0.001194
3	72	-0.001194
72	80	-0.001194
72	81	-0.001194
72	82	-0.001194
72	83	-0.001194
72	84	-0.001194
1	12	-0.001206
2	12	-0.001206
3	12	-0.001206
12	80	-0.001206
12	81	-0.001206
12	82	-0.001206
12	83	-0.001206
12	84	-0.001206
5	41	-0.001221
1	58	-0.001223
2	58	-0.001223
3	58	-0.001223
21	64	-0.001223
58	80	-0.001223
58	81	-0.001223
58	82	-0.001223
58	83	-0.001223
58	84	-0.001223
44	56	-0.001246
36	77	-0.001259
70	77	-0.001263
15	72	-0.001269
1	19	-0.001317
2	19	-0.001317
3	19	-0.001317
19	80	-0.001317
19	81	-0.001317
19	82	-0.001317
19	83	-0.001317
19	84	-0.001317
1	21	-0.001345
2	21	-0.001345
3	21	-0.001345
21	80	-0.001345
21	81	-0.001345
21	82	-0.001345
21	83	-0.001345
21	84	-0.001345
1	50	-0.001376
2	50	-0.001376
3	50	-0.001376
50	80	-0.001376
50	81	-0.001376
50	82	-0.001376
50	83	-0.001376
50	84	-0.001376
1	37	-0.0014
2	37	-0.0014
3	37	-0.0014
37	80	-0.0014
37	81	-0.0014
37	82	-0.0014
37	83	-0.0014
37	84	-0.0014
1	67	-0.001406
2	67	-0.001406
3	67	-0.001406
67	80	-0.001406
67	81	-0.001406
67	82	-0.001406
67	83	-0.001406
67	84	-0.001406
13	16	-0.001428
63	72	-0.001494
28	61	-0.001518
36	41	-0.001526
35	66	-0.001536
1	70	-0.001563
2	70	-0.001563
3	70	-0.001563
70	80	-0.001563
70	81	-0.001563
70	82	-0.001563
70	83	-0.001563
70	84	-0.001563
38	59	-0.001599
1	35	-0.001619
2	35	-0.001619
3	35	-0.001619
35	80	-0.001619
35	81	-0.001619
35	82	-0.001619
35	83	-0.001619
35	84	-0.001619
1	11	-0.001646
2	11	-0.001646
3	11	-0.001646
11	80	-0.001646
11	81	-0.001646
11	82	-0.001646
11	83	-0.001646
11	84	-0.001646
7	16	-0.001688
1	76	-0.001699
2	76	-0.001699
3	76	-0.001699
76	80	-0.001699
76	81	-0.001699
76	82	-0.001699
76	83	-0.001699
76	84	-0.001699
9	55	-0.001704
60	77	-0.001716
1	55	-0.001776
2	55	-0.001776
3	55	-0.001776
55	80	-0.001776
55	81	-0.001776
55	82	-0.001776
55	83	-0.001776
55	84	-0.001776
1	60	-0.001812
2	60	-0.001812
3	60	-0.001812
60	80	-0.001812
60	81	-0.001812
60	82	-0.001812
60	83	-0.001812
60	84	-0.001812
1	48	-0.00183
2	48	-0.00183
3	48	-0.00183
48	80	-0.00183
48	81	-0.00183
48	82	-0.00183
48	83	-0.00183
48	84	-0.00183
1	10	-0.0019
2	10	-0.0019
3	10	-0.0019
10	80	-0.0019
10	81	-0.0019
10	82	-0.0019
10	83	-0.0019
10	84	-0.0019
1	20	-0.001942
2	20	-0.001942
3	20	-0.001942
20	80	-0.001942
20	81	-0.001942
20	82	-0.001942
20	83	-0.001942
20	84	-0.001942
1	64	-0.002087
2	64	-0.002087
3	64	-0.002087
64	80	-0.002087
64	81	-0.002087
64	82	-0.002087
64	83	-0.002087
64	84	-0.002087
38	55	-0.002122
18	61	-0.002133
1	68	-0.002182
2	68	-0.002182
3	68	-0.002182
68	80	-0.002182
68	81	-0.002182
68	82	-0.002182
68	83	-0.002182
68	84	-0.002182
19	52	-0.002187
18	45	-0.00222
1	27	-0.002246
2	27	-0.002246
3	27	-0.002246
27	80	-0.002246
27	81	-0.002246
27	82	-0.002246
27	83	-0.002246
27	84	-0.002246
9	45	-0.002252
1	57	-0.002255
2	57	-0.002255
3	57	-0.002255
57	80	-0.002255
57	81	-0.002255
57	82	-0.002255
57	83	-0.002255
57	84	-0.002255
1	53	-0.002332
2	53	-0.002332
3	53	-0.002332
53	80	-0.002332
53	81	-0.002332
53	82	-0.002332
53	83	-0.002332
53	84	-0.002332
1	61	-0.002474
2	61	-0.002474
3	61	-0.002474
61	80	-0.002474
61	81	-0.002474
61	82	-0.002474
61	83	-0.002474
61	84	-0.002474
6	59	-0.002522
1	33	-0.002552
2	33	-0.002552
3	33	-0.002552
33	80	-0.002552
33	81	-0.002552
33	82	-0.002552
33	83	-0.002552
33	84	-0.002552
14	69	-0.002555
12	72	-0.002556
6	46	-0.002734
27	41	-0.002738
1	13	-0.002755
2	13	-0.002755
3	13	-0.002755
13	80	-0.002755
13	81	-0.002755
13	82	-0.002755
13	83	-0.002755
13	84	-0.002755
1	9	-0.002803
2	9	-0.002803
3	9	-0.002803
9	80	-0.002803
9	81	-0.002803
9	82	-0.002803
9	83	-0.002803
9	84	-0.002803
18	32	-0.002809
1	4	-0.002823
2	4	-0.002823
3	4	-0.002823
4	80	-0.002823
4	81	-0.002823
4	82	-0.002823
4	83	-0.002823
4	84	-0.002823
1	24	-0.002826
2	24	-0.002826
3	24	-0.002826
24	80	-0.002826
24	81	-0.002826
24	82	-0.002826
24	83	-0.002826
24	84	-0.002826
1	5	-0.002852
2	5	-0.002852
3	5	-0.002852
5	80	-0.002852
5	81	-0.002852
5	82	-0.002852
5	83	-0.002852
5	84	-0.002852
1	30	-0.002853
2	30	-0.002853
3	30	-0.002853
30	80	-0.002853
30	81	-0.002853
30	82	-0.002853
30	83	-0.002853
30	84	-0.002853
1	22	-0.002868
1	78	-0.002868
2	22	-0.002868
2	78	-0.002868
3	22	-0.002868
3	78	-0.002868
22	80	-0.002868
22	81	-0.002868
22	82	-0.002868
22	83	-0.002868
22	84	-0.002868
78	80	-0.002868
78	81	-0.002868
78	82	-0.002868
78	83	-0.002868
78	84	-0.002868
20	55	-0.002912
1	6	-0.002937
2	6	-0.002937
3	6	-0.002937
6	80	-0.002937
6	81	-0.002937
6	82	-0.002937
6	83	-0.002937
6	84	-0.002937
1	63	-0.002968
2	63	-0.002968
3	63	-0.002968
63	80	-0.002968
63	81	-0.002968
63	82	-0.002968
63	83	-0.002968
63	84	-0.002968
1	79	-0.002977
2	79	-0.002977
3	79	-0.002977
79	80	-0.002977
79	81	-0.002977
79	82	-0.002977
79	83	-0.002977
79	84	-0.002977
1	31	-0.002992
2	31	-0.002992
3	31	-0.002992
31	80	-0.002992
31	81	-0.002992
31	82	-0.002992
31	83	-0.002992
31	84	-0.002992
1	32	-0.003004
2	32	-0.003004
3	32	-0.003004
32	80	-0.003004
32	81	-0.003004
32	82	-0.003004
32	83	-0.003004
32	84	-0.003004
1	23	-0.003028
2	23	-0.003028
3	23	-0.003028
23	80	-0.003028
23	81	-0.003028
23	82	-0.003028
23	83	-0.003028
23	84	-0.003028
6	52	-0.003163
40	66	-0.003201
1	7	-0.003355
2	7	-0.003355
3	7	-0.003355
7	80	-0.003355
7	81	-0.003355
7	82	-0.003355
7	83	-0.003355
7	84	-0.003355
1	56	-0.003375
2	56	-0.003375
3	56	-0.003375
56	80	-0.003375
56	81	-0.003375
56	82	-0.003375
56	83	-0.003375
56	84	-0.003375
1	77	-0.003391
2	77	-0.003391
3	77	-0.003391
77	80	-0.003391
77	81	-0.003391
77	82	-0.003391
77	83	-0.003391
77	84	-0.003391
1	25	-0.003422
2	25	-0.003422
3	25	-0.003422
25	80	-0.003422
25	81	-0.003422
25	82	-0.003422
25	83	-0.003422
25	84	-0.003422
1	8	-0.003426
2	8	-0.003426
3	8	-0.003426
8	80	-0.003426
8	81	-0.003426
8	82	-0.003426
8	83	-0.003426
8	84	-0.003426
28	32	-0.003433
49	64	-0.003498
17	74	-0.003499
29	74	-0.003546
8	58	-0.003559
49	60	-0.003572
54	72	-0.003573
1	65	-0.003595
2	65	-0.003595
3	65	-0.003595
65	80	-0.003595
65	81	-0.003595
65	82	-0.003595
65	83	-0.003595
65	84	-0.003595
17	79	-0.003663
42	78	-0.003796
31	64	-0.003799
1	69	-0.003881
2	69	-0.003881
3	69	-0.003881
69	80	-0.003881
69	81	-0.003881
69	82	-0.003881
69	83	-0.003881
69	84	-0.003881
10	26	-0.003911
43	44	-0.003953
9	78	-0.003958
44	69	-0.00407
43	68	-0.004292
18	38	-0.004293
16	29	-0.004301
23	76	-0.004338
24	36	-0.004339
43	64	-0.004351
41	49	-0.004514
28	44	-0.004705
22	46	-0.004725
10	31	-0.004839
50	70	-0.004943
26	61	-0.00517
22	59	-0.005235
51	77	-0.005412
49	63	-0.005523
49	53	-0.005545
56	63	-0.005576
55	67	-0.005598
27	52	-0.005657
40	78	-0.005764
16	62	-0.005903
25	49	-0.00594
5	66	-0.005966
19	61	-0.005977
13	44	-0.00605
8	78	-0.006133
10	23	-0.006139
44	74	-0.006162
5	54	-0.006169
9	20	-0.006242
50	75	-0.006308
10	41	-0.006361
48	74	-0.006371
11	19	-0.006405
25	34	-0.006415
53	72	-0.006439
54	73	-0.006453
32	43	-0.006478
13	33	-0.006487
7	19	-0.00663
9	63	-0.006644
6	41	-0.006654
23	34	-0.006687
18	79	-0.006692
55	73	-0.006779
39	43	-0.006821
7	15	-0.006872
7	43	-0.006952
6	15	-0.006981
6	30	-0.006988
55	78	-0.007019
5	44	-0.007043
21	63	-0.00714
51	66	-0.007215
30	49	-0.007224
12	23	-0.007245
21	26	-0.007304
6	54	-0.007328
41	45	-0.007371
27	63	-0.007516
40	69	-0.007565
18	40	-0.007756
4	67	-0.007807
5	38	-0.007826
44	61	-0.007888
49	52	-0.00793
6	31	-0.008123
26	79	-0.008289
48	59	-0.008298
13	26	-0.008319
39	64	-0.008328
8	19	-0.00835
14	28	-0.008438
7	13	-0.008565
6	55	-0.00857
40	46	-0.008594
4	58	-0.008609
11	59	-0.008609
14	76	-0.008628
43	59	-0.008645
23	53	-0.008718
50	62	-0.008719
9	60	-0.008731
17	77	-0.008736
50	74	-0.008755
20	29	-0.00876
30	42	-0.008897
25	43	-0.008962
11	34	-0.009015
25	37	-0.009091
37	46	-0.009105
43	69	-0.009386
57	78	-0.009388
20	76	-0.009502
5	56	-0.009693
63	71	-0.009711
10	64	-0.009818
6	17	-0.009864
19	67	-0.009981
52	61	-0.009991
47	74	-0.010014
14	38	-0.010026
53	67	-0.010212
35	54	-0.010276
36	42	-0.01031
29	66	-0.010343
52	60	-0.010363
52	72	-0.010374
44	59	-0.010442
6	38	-0.010445
21	77	-0.010459
25	56	-0.01056
14	56	-0.01058
24	39	-0.010611
29	43	-0.010707
16	26	-0.010737
31	35	-0.010774
29	34	-0.010873
17	49	-0.010952
29	75	-0.011039
11	44	-0.011057
15	51	-0.011076
29	35	-0.011126
46	75	-0.011141
29	44	-0.011192
18	74	-0.011247
35	59	-0.011313
6	43	-0.011351
17	33	-0.011358
13	57	-0.011361
35	45	-0.011418
49	78	-0.011664
16	42	-0.011832
27	43	-0.011902
26	54	-0.01203
29	40	-0.012053
9	74	-0.012141
26	36	-0.012287
26	48	-0.012365
29	73	-0.012366
12	57	-0.012386
42	52	-0.012401
38	47	-0.01243
31	51	-0.012531
4	70	-0.012556
28	62	-0.01273
45	51	-0.012765
32	36	-0.01277
57	62	-0.012956
16	20	-0.012984
39	53	-0.013103
6	42	-0.013405
5	15	-0.013419
36	51	-0.01351
4	74	-0.013553
50	60	-0.013561
12	45	-0.013639
27	79	-0.013789
24	41	-0.014023
15	75	-0.01406
28	41	-0.014193
34	41	-0.014208
59	65	-0.014264
23	58	-0.014287
32	62	-0.014321
8	17	-0.014398
22	43	-0.014416
38	49	-0.014438
34	66	-0.014511
14	65	-0.014611
20	43	-0.014688
43	58	-0.014826
25	40	-0.014835
39	42	-0.014903
26	43	-0.014913
7	35	-0.015043
53	77	-0.015052
59	75	-0.015118
29	42	-0.015189
42	70	-0.015191
36	39	-0.015215
17	58	-0.015228
24	35	-0.015228
34	62	-0.015257
37	54	-0.015511
42	72	-0.015542
7	39	-0.015546
20	66	-0.01555
34	46	-0.015618
18	27	-0.015619
24	66	-0.015646
18	59	-0.015694
22	45	-0.015746
4	28	-0.015753
4	53	-0.015774
31	59	-0.015897
15	57	-0.015918
34	51	-0.015978
56	75	-0.015982
30	65	-0.01618
31	37	-0.0163
34	72	-0.01633
38	54	-0.016468
18	41	-0.016612
19	45	-0.016681
4	60	-0.016697
17	35	-0.016704
18	22	-0.016704
4	37	-0.016721
67	75	-0.016736
41	73	-0.016805
9	29	-0.016831
59	77	-0.016933
49	58	-0.016992
15	26	-0.01704
28	45	-0.017078
10	57	-0.017139
17	66	-0.017148
24	42	-0.017186
33	48	-0.017207
53	55	-0.01721
58	68	-0.017255
8	40	-0.017259
22	40	-0.017478
41	50	-0.017526
41	43	-0.017546
23	43	-0.01761
19	74	-0.01763
40	59	-0.017653
46	79	-0.017751
35	73	-0.017768
6	79	-0.017774
47	71	-0.017881
19	42	-0.017913
31	46	-0.017973
10	38	-0.017994
43	60	-0.017999
5	34	-0.018035
39	55	-0.018097
67	74	-0.01812
30	77	-0.018153
19	77	-0.018155
29	61	-0.018163
15	29	-0.018209
16	48	-0.018261
43	54	-0.018261
54	67	-0.018283
57	74	-0.018343
14	66	-0.01835
41	71	-0.018362
17	55	-0.018379
34	64	-0.018402
31	57	-0.018464
38	56	-0.018635
8	43	-0.018831
39	54	-0.018882
27	54	-0.019096
41	65	-0.019097
62	76	-0.019153
38	73	-0.019177
27	66	-0.019179
32	35	-0.019209
20	25	-0.01928
40	64	-0.019356
29	71	-0.019499
11	70	-0.019511
19	43	-0.01956
60	67	-0.019594
35	65	-0.019617
17	24	-0.019647
25	45	-0.019699
15	19	-0.0197
48	79	-0.019723
18	43	-0.019819
42	48	-0.019827
4	18	-0.019917
27	38	-0.019972
38	48	-0.020029
20	60	-0.020043
37	40	-0.020071
68	73	-0.020169
44	78	-0.020246
12	18	-0.020248
35	55	-0.020329
47	72	-0.020362
14	21	-0.020371
20	28	-0.020388
21	66	-0.020458
49	54	-0.02047
65	75	-0.020523
11	38	-0.020575
15	48	-0.020619
14	60	-0.020685
17	46	-0.02073
17	26	-0.020784
4	66	-0.020812
30	61	-0.020845
16	35	-0.020896
25	55	-0.020908
39	51	-0.02092
29	33	-0.02095
37	78	-0.02111
31	79	-0.021123
16	22	-0.021149
22	75	-0.021154
18	31	-0.021377
39	68	-0.021419
5	39	-0.021439
27	44	-0.021504
65	78	-0.021532
61	73	-0.021534
29	79	-0.02156
16	40	-0.021642
37	75	-0.02169
15	30	-0.021707
42	68	-0.021727
7	27	-0.021739
21	45	-0.021752
25	57	-0.021801
48	73	-0.021821
14	52	-0.02186
19	46	-0.022014
50	71	-0.022015
15	61	-0.022142
25	42	-0.022203
18	51	-0.022317
14	77	-0.022349
12	75	-0.022459
54	74	-0.022491
17	43	-0.022502
38	44	-0.022534
16	59	-0.022556
16	57	-0.02256
24	43	-0.022563
41	48	-0.022653
9	51	-0.022685
47	64	-0.022687
20	45	-0.02277
38	67	-0.022823
17	69	-0.022946
14	24	-0.022954
22	27	-0.023038
7	22	-0.02309
47	59	-0.023193
4	39	-0.023235
50	79	-0.023263
20	69	-0.023288
21	41	-0.023353
5	37	-0.023465
47	57	-0.023528
42	55	-0.023532
34	53	-0.023655
17	52	-0.023697
41	67	-0.023699
38	43	-0.023701
4	59	-0.023727
17	65	-0.023772
43	50	-0.023817
29	76	-0.023879
43	62	-0.023958
15	45	-0.024061
8	16	-0.024074
36	55	-0.024178
53	57	-0.024204
34	70	-0.024374
5	13	-0.024644
12	15	-0.024661
6	27	-0.024678
28	36	-0.02471
15	21	-0.024732
17	36	-0.024919
16	67	-0.025046
21	46	-0.025157
34	43	-0.025255
24	38	-0.025295
45	70	-0.02531
22	28	-0.025313
19	29	-0.025432
8	22	-0.025527
10	79	-0.025609
34	40	-0.025619
55	75	-0.025625
4	64	-0.025636
36	65	-0.025773
14	22	-0.025819
25	60	-0.025859
23	37	-0.025867
26	67	-0.025885
10	53	-0.025895
9	68	-0.025902
8	20	-0.025903
22	62	-0.025988
29	69	-0.025993
32	48	-0.026017
8	38	-0.026049
35	43	-0.026106
9	15	-0.026132
36	75	-0.026143
36	70	-0.026147
16	75	-0.026193
59	79	-0.02624
5	22	-0.026272
58	77	-0.026327
12	38	-0.026364
28	77	-0.026379
9	53	-0.02643
8	56	-0.026479
14	34	-0.026515
11	26	-0.026549
40	43	-0.026559
9	61	-0.026568
22	73	-0.026686
10	51	-0.026698
31	44	-0.026704
44	54	-0.026752
33	39	-0.026771
16	47	-0.026801
8	67	-0.026968
6	36	-0.026972
18	42	-0.027091
35	69	-0.027151
60	62	-0.02716
45	54	-0.027169
21	25	-0.027215
6	39	-0.027231
35	42	-0.027251
55	63	-0.027281
43	66	-0.027309
27	35	-0.027379
16	70	-0.027403
59	63	-0.027405
6	37	-0.027418
60	71	-0.027514
10	28	-0.02752
12	21	-0.027566
7	30	-0.027677
53	75	-0.027718
34	63	-0.027761
14	54	-0.027781
45	58	-0.02783
18	65	-0.027887
17	56	-0.027922
49	75	-0.027944
31	48	-0.028041
35	75	-0.028041
20	41	-0.028044
33	42	-0.02816
17	57	-0.028172
29	49	-0.028178
13	55	-0.028196
41	60	-0.028206
42	79	-0.028234
7	71	-0.028275
6	34	-0.028329
14	79	-0.028346
29	72	-0.028411
42	49	-0.028426
26	65	-0.028532
5	20	-0.028572
31	52	-0.02859
9	22	-0.028643
18	64	-0.028701
19	48	-0.028799
11	25	-0.028961
29	39	-0.028972
14	74	-0.029065
17	45	-0.029145
60	65	-0.029168
49	72	-0.029201
26	39	-0.029253
26	42	-0.029386
20	74	-0.029428
24	34	-0.029441
10	71	-0.029443
11	47	-0.029467
52	71	-0.029469
4	21	-0.029522
43	75	-0.029531
41	57	-0.029569
51	53	-0.029777
43	46	-0.029851
17	64	-0.029859
5	53	-0.029872
26	35	-0.029982
9	67	-0.030132
7	33	-0.030274
33	55	-0.030339
18	66	-0.030376
42	50	-0.030405
16	41	-0.030467
36	60	-0.030482
16	61	-0.030625
10	46	-0.030643
19	63	-0.030722
27	36	-0.030749
5	28	-0.030804
31	43	-0.030856
34	39	-0.03088
18	35	-0.030952
17	63	-0.031039
42	56	-0.031051
27	39	-0.031053
14	36	-0.031104
4	69	-0.031164
9	54	-0.031236
20	56	-0.031245
21	73	-0.031314
7	32	-0.031356
10	40	-0.031373
60	75	-0.031376
25	51	-0.031396
43	45	-0.031526
42	45	-0.031548
60	68	-0.031574
45	48	-0.031648
56	72	-0.031657
41	72	-0.031689
31	62	-0.03169
17	73	-0.031697
19	51	-0.031778
46	78	-0.031787
41	58	-0.031817
17	54	-0.031855
43	49	-0.031882
11	75	-0.031896
7	48	-0.0319
20	73	-0.032008
64	69	-0.032066
13	75	-0.032077
43	55	-0.032189
37	50	-0.03219
21	29	-0.032203
38	62	-0.032228
48	57	-0.032244
51	71	-0.032295
17	70	-0.032351
17	32	-0.032419
19	55	-0.032476
15	43	-0.032478
32	41	-0.032532
18	63	-0.03256
64	75	-0.032573
39	41	-0.032624
39	78	-0.032673
57	65	-0.032689
17	50	-0.032772
41	51	-0.032796
15	68	-0.032832
18	39	-0.032863
17	25	-0.032939
59	73	-0.032999
21	39	-0.033
38	65	-0.033197
48	70	-0.033205
62	79	-0.033379
39	70	-0.033384
19	23	-0.033461
45	66	-0.033601
40	63	-0.033725
34	77	-0.033779
32	76	-0.033812
37	64	-0.033823
25	58	-0.033825
8	57	-0.033858
9	75	-0.033868
51	63	-0.033893
42	61	-0.034033
66	69	-0.034086
23	42	-0.034195
21	79	-0.034278
41	61	-0.03428
50	76	-0.034311
24	46	-0.034391
58	75	-0.034522
14	50	-0.034543
23	38	-0.034551
6	50	-0.034601
23	41	-0.034602
32	74	-0.034673
11	21	-0.034743
19	57	-0.034757
53	56	-0.034807
44	63	-0.034833
45	56	-0.035071
29	41	-0.035146
27	73	-0.035299
5	29	-0.035308
28	59	-0.035331
27	67	-0.035399
39	56	-0.035435
42	57	-0.03562
29	45	-0.035676
17	23	-0.035692
46	57	-0.035725
7	72	-0.035769
6	21	-0.035776
17	53	-0.035835
66	76	-0.035888
44	48	-0.036014
45	75	-0.036133
5	50	-0.036179
11	53	-0.036275
42	64	-0.036276
26	56	-0.03631
30	60	-0.036312
6	64	-0.03637
65	77	-0.036381
31	39	-0.036384
32	66	-0.036411
7	24	-0.036486
4	50	-0.036591
68	77	-0.036595
23	44	-0.036757
12	20	-0.03678
61	62	-0.036797
4	78	-0.036853
42	69	-0.036876
23	74	-0.036915
12	41	-0.036921
40	49	-0.036981
22	42	-0.03702
11	51	-0.037165
6	51	-0.037242
11	67	-0.037244
25	47	-0.037444
25	44	-0.037564
28	71	-0.037572
36	68	-0.037582
38	76	-0.037627
22	54	-0.037653
17	30	-0.037665
63	73	-0.037683
26	76	-0.037807
63	79	-0.037879
16	46	-0.038015
23	52	-0.03802
24	58	-0.038054
39	63	-0.038057
41	59	-0.038058
13	62	-0.038072
30	58	-0.038097
44	62	-0.038172
7	65	-0.038276
39	67	-0.038337
13	28	-0.038373
38	57	-0.038471
32	70	-0.038503
11	45	-0.038505
7	37	-0.038554
12	35	-0.038608
27	53	-0.038632
38	39	-0.038721
26	55	-0.038772
54	79	-0.038813
16	78	-0.038989
8	75	-0.039034
27	62	-0.039038
11	78	-0.039079
19	54	-0.039098
26	37	-0.0391
42	76	-0.039122
7	21	-0.039126
5	57	-0.039154
47	75	-0.039184
30	47	-0.03925
69	76	-0.039254
47	56	-0.03929
17	41	-0.039295
38	69	-0.039428
15	50	-0.039433
25	78	-0.039483
46	77	-0.039525
15	35	-0.039548
18	28	-0.039609
10	77	-0.039629
39	65	-0.039637
9	24	-0.039694
34	47	-0.039746
18	55	-0.039779
65	74	-0.039793
60	79	-0.039936
24	59	-0.039983
38	58	-0.040034
13	56	-0.040056
13	52	-0.040208
4	72	-0.040337
21	28	-0.040378
11	29	-0.040383
58	64	-0.040385
16	63	-0.040476
36	58	-0.040478
12	53	-0.040505
24	51	-0.040538
45	57	-0.040555
11	64	-0.040647
56	73	-0.040695
23	49	-0.040726
56	64	-0.040823
22	60	-0.040894
12	52	-0.040936
24	65	-0.040962
26	58	-0.040991
67	79	-0.041032
29	48	-0.041064
37	66	-0.04109
17	48	-0.041127
24	48	-0.041192
4	46	-0.041249
14	55	-0.041404
32	42	-0.041408
38	63	-0.041416
44	53	-0.041417
30	39	-0.041604
35	71	-0.041648
45	62	-0.04171
42	60	-0.041846
15	59	-0.041891
30	45	-0.041925
12	42	-0.041934
11	48	-0.041971
23	36	-0.042018
63	75	-0.042144
6	68	-0.04223
19	40	-0.042299
13	76	-0.04231
6	20	-0.042549
38	50	-0.042566
40	75	-0.042592
46	56	-0.04262
23	78	-0.042629
8	47	-0.042656
30	67	-0.042694
23	66	-0.042725
18	46	-0.042751
58	62	-0.042757
30	71	-0.04279
14	39	-0.042812
39	77	-0.042857
24	47	-0.042958
6	62	-0.043077
45	77	-0.043086
46	68	-0.043151
34	59	-0.043157
44	58	-0.043206
16	52	-0.043273
58	63	-0.043285
29	78	-0.04331
17	60	-0.043313
23	46	-0.043413
11	62	-0.043457
21	56	-0.043529
42	54	-0.043539
12	26	-0.043615
37	74	-0.043624
63	74	-0.043629
21	31	-0.043638
27	37	-0.043647
10	66	-0.043661
10	22	-0.043733
62	78	-0.043736
10	58	-0.043741
46	71	-0.04376
17	42	-0.043825
23	62	-0.04383
34	56	-0.043931
25	35	-0.044067
20	26	-0.044083
55	79	-0.044117
33	44	-0.044129
24	76	-0.044159
13	73	-0.044242
39	71	-0.044277
33	77	-0.044317
6	72	-0.044337
55	71	-0.044347
48	64	-0.044401
24	54	-0.044405
11	39	-0.044409
40	74	-0.044413
37	51	-0.044436
11	68	-0.044501
37	71	-0.044554
29	56	-0.044623
26	70	-0.044647
9	39	-0.044741
30	51	-0.044743
10	63	-0.044751
29	50	-0.044795
49	79	-0.044811
25	66	-0.044812
46	54	-0.044813
50	57	-0.044843
16	54	-0.044925
42	62	-0.045094
23	72	-0.045118
8	33	-0.045234
45	74	-0.045271
39	62	-0.045331
18	58	-0.045347
40	76	-0.045359
5	26	-0.045439
33	68	-0.045581
23	71	-0.0456
19	75	-0.045783
17	29	-0.045821
44	76	-0.045881
51	70	-0.045883
9	58	-0.045905
23	54	-0.046001
36	61	-0.046055
26	52	-0.046088
31	40	-0.046222
16	38	-0.046265
7	29	-0.046325
64	79	-0.046327
7	79	-0.046339
13	20	-0.046407
28	52	-0.046482
19	30	-0.046503
8	64	-0.046513
10	39	-0.04652
33	60	-0.046535
40	57	-0.046607
15	79	-0.046622
27	75	-0.046635
20	77	-0.046652
20	79	-0.046679
67	77	-0.046713
15	38	-0.046726
28	35	-0.046726
61	66	-0.046828
4	52	-0.04688
20	42	-0.046883
56	78	-0.046901
26	44	-0.046921
21	37	-0.046937
35	39	-0.046993
18	70	-0.04709
22	29	-0.047117
37	77	-0.047141
8	21	-0.047144
51	62	-0.047173
7	68	-0.047184
38	71	-0.047271
12	78	-0.047358
19	24	-0.047405
21	49	-0.047416
16	56	-0.047513
48	62	-0.047548
4	61	-0.047569
39	50	-0.047662
9	66	-0.047672
5	55	-0.047705
8	37	-0.047821
31	75	-0.047827
16	34	-0.047842
24	62	-0.047881
69	79	-0.047891
14	25	-0.047969
26	49	-0.04797
19	76	-0.047991
30	54	-0.048017
7	73	-0.048053
35	70	-0.048212
40	72	-0.048279
21	40	-0.04828
27	32	-0.048399
9	19	-0.048405
44	71	-0.048518
32	64	-0.048546
17	61	-0.048601
38	51	-0.048697
39	45	-0.048716
24	67	-0.048941
12	71	-0.048976
65	73	-0.049049
47	79	-0.049087
30	40	-0.049196
31	71	-0.04923
4	20	-0.049285
58	73	-0.049322
13	74	-0.049419
42	58	-0.049517
5	69	-0.049566
4	29	-0.049573
14	61	-0.049594
14	31	-0.049646
42	51	-0.049684
18	33	-0.049695
24	57	-0.049783
51	75	-0.049909
46	66	-0.050045
32	71	-0.050425
26	33	-0.050446
13	29	-0.05054
30	59	-0.050548
17	59	-0.050633
59	62	-0.050649
10	48	-0.050668
28	34	-0.05076
35	53	-0.050767
25	36	-0.050795
68	78	-0.050865
47	63	-0.050978
45	55	-0.050984
38	75	-0.050986
12	37	-0.050994
33	73	-0.051304
42	71	-0.051314
12	66	-0.051316
14	68	-0.05135
17	40	-0.051376
14	49	-0.051452
48	78	-0.051562
6	26	-0.05158
42	67	-0.051587
9	72	-0.05161
27	34	-0.051677
24	44	-0.051678
38	79	-0.05182
27	33	-0.051918
38	60	-0.052022
19	41	-0.052038
11	55	-0.052046
52	77	-0.052055
36	49	-0.052316
6	57	-0.052323
11	24	-0.052357
14	78	-0.052424
28	64	-0.052435
19	65	-0.052492
39	73	-0.052513
16	58	-0.052561
16	65	-0.052593
32	59	-0.052614
27	59	-0.052765
9	26	-0.052819
50	63	-0.052821
60	76	-0.052885
35	58	-0.053036
23	60	-0.053077
54	77	-0.053102
63	76	-0.053171
21	78	-0.053229
40	79	-0.053276
36	46	-0.053354
21	53	-0.053387
56	68	-0.053446
34	61	-0.053492
40	52	-0.053525
20	61	-0.053658
39	76	-0.053721
36	64	-0.053882
47	58	-0.053883
13	66	-0.054025
22	53	-0.054035
38	40	-0.054043
36	52	-0.054058
14	37	-0.054121
17	75	-0.054194
16	23	-0.054211
4	65	-0.054225
22	71	-0.054286
46	58	-0.054298
29	62	-0.054319
36	44	-0.054321
8	26	-0.054339
12	73	-0.054349
61	72	-0.054487
28	72	-0.05454
25	54	-0.054598
51	57	-0.054622
32	78	-0.054656
32	50	-0.054692
12	29	-0.054741
6	25	-0.054753
30	62	-0.054816
20	49	-0.054832
22	55	-0.054859
25	73	-0.054862
18	49	-0.054935
50	58	-0.054939
35	51	-0.055095
4	33	-0.055282
22	64	-0.055323
61	75	-0.055351
9	40	-0.055375
24	45	-0.055396
7	76	-0.055435
15	54	-0.055444
46	67	-0.055457
15	69	-0.055533
23	70	-0.055615
20	32	-0.055735
16	31	-0.055739
12	24	-0.055745
24	64	-0.055777
29	68	-0.05579
49	61	-0.055793
59	66	-0.055826
9	34	-0.055891
57	73	-0.055941
10	65	-0.05596
12	49	-0.05601
42	59	-0.056075
34	71	-0.056174
25	52	-0.056219
16	33	-0.056225
9	71	-0.056307
5	40	-0.056375
15	65	-0.056385
18	29	-0.056514
52	58	-0.056534
28	55	-0.056623
13	49	-0.056929
11	61	-0.056993
20	62	-0.056993
35	72	-0.057011
9	47	-0.057023
37	55	-0.057046
32	75	-0.057055
30	33	-0.057092
44	57	-0.05716
14	44	-0.057166
12	32	-0.057239
12	50	-0.05726
9	32	-0.057288
11	65	-0.057413
39	75	-0.057435
46	60	-0.057451
27	51	-0.057556
33	59	-0.05759
11	54	-0.057603
29	57	-0.057648
7	36	-0.057749
36	56	-0.057757
30	37	-0.057772
28	75	-0.057846
46	63	-0.057906
54	71	-0.05797
31	45	-0.057973
37	60	-0.057991
57	72	-0.057999
8	46	-0.058036
36	74	-0.058095
18	62	-0.058156
51	56	-0.058205
7	74	-0.05821
11	37	-0.058288
34	73	-0.058357
20	75	-0.058378
48	55	-0.058441
21	72	-0.05847
14	23	-0.058504
18	26	-0.058511
24	40	-0.058555
29	52	-0.058584
10	29	-0.058594
14	51	-0.058637
17	34	-0.058803
45	61	-0.058853
19	56	-0.058885
20	71	-0.058944
35	67	-0.058983
40	71	-0.059033
32	40	-0.059056
21	27	-0.059066
13	39	-0.059101
27	74	-0.05913
9	56	-0.059173
50	59	-0.059174
35	77	-0.05918
26	66	-0.0592
21	30	-0.059275
20	39	-0.059291
56	70	-0.059329
7	50	-0.059334
55	74	-0.059518
13	27	-0.05958
41	69	-0.059651
7	55	-0.059734
5	62	-0.059766
24	75	-0.059833
24	71	-0.059845
31	68	-0.059961
36	59	-0.059966
49	76	-0.060004
19	53	-0.060039
8	66	-0.06007
21	24	-0.060132
16	79	-0.060214
46	51	-0.060218
16	71	-0.06029
37	79	-0.060361
31	47	-0.060392
18	25	-0.060477
16	44	-0.060486
33	76	-0.060492
17	28	-0.060513
14	72	-0.060586
61	68	-0.060681
14	73	-0.060682
20	68	-0.060859
19	27	-0.060923
55	77	-0.06098
5	70	-0.061026
12	25	-0.0611
32	46	-0.061125
6	63	-0.06124
7	25	-0.061276
37	45	-0.061276
4	55	-0.061309
26	45	-0.061401
22	67	-0.061433
31	73	-0.061492
49	62	-0.06154
21	76	-0.061553
17	71	-0.061587
34	57	-0.061594
36	40	-0.061764
59	67	-0.061862
15	44	-0.061884
47	78	-0.061957
16	30	-0.062026
19	32	-0.062048
20	46	-0.062103
23	45	-0.062153
40	73	-0.062173
62	77	-0.062234
24	73	-0.062252
49	74	-0.062413
23	56	-0.062446
10	49	-0.062517
31	54	-0.062533
26	64	-0.062558
22	49	-0.062596
8	62	-0.062607
51	79	-0.062607
30	75	-0.062668
57	66	-0.062677
38	52	-0.062707
58	72	-0.062808
64	77	-0.062942
19	66	-0.063055
4	40	-0.063098
36	76	-0.063108
30	48	-0.063146
28	47	-0.063285
32	51	-0.063291
32	44	-0.063377
24	56	-0.063407
21	67	-0.063459
9	25	-0.063481
4	22	-0.06351
60	70	-0.063511
10	37	-0.063519
5	74	-0.063711
33	53	-0.063761
17	67	-0.063782
8	79	-0.06387
12	62	-0.063962
49	56	-0.064057
61	67	-0.064095
7	40	-0.064368
22	79	-0.064389
36	66	-0.064413
21	54	-0.064515
28	73	-0.06453
8	50	-0.064615
7	64	-0.064657
56	66	-0.064686
20	67	-0.064776
33	52	-0.064835
6	47	-0.06492
18	53	-0.064933
33	75	-0.065018
31	76	-0.065046
27	46	-0.065412
5	58	-0.065443
35	79	-0.065503
26	75	-0.06553
49	66	-0.065544
30	55	-0.065583
21	57	-0.06567
55	66	-0.06567
31	55	-0.065715
14	63	-0.065716
8	44	-0.065717
28	49	-0.06572
25	46	-0.065743
25	62	-0.06576
23	47	-0.065947
54	76	-0.065995
9	46	-0.066104
54	61	-0.066145
52	75	-0.066161
23	51	-0.066167
37	70	-0.066197
25	65	-0.066216
33	63	-0.066225
10	21	-0.066393
57	68	-0.066422
19	59	-0.066476
14	46	-0.066496
33	67	-0.066522
67	78	-0.066572
12	67	-0.066688
18	60	-0.066721
35	46	-0.066804
53	60	-0.066806
35	61	-0.066807
18	24	-0.066859
15	24	-0.066878
27	71	-0.066889
16	66	-0.06691
5	67	-0.066915
13	35	-0.066925
27	48	-0.066962
20	59	-0.067031
60	78	-0.067058
38	61	-0.067071
6	71	-0.067092
15	71	-0.067149
9	31	-0.067216
35	57	-0.067267
14	70	-0.067289
44	60	-0.067291
5	51	-0.067362
8	70	-0.067528
21	51	-0.067578
30	36	-0.067582
23	73	-0.067627
16	45	-0.067638
57	79	-0.067724
8	34	-0.067841
18	34	-0.067856
40	70	-0.067879
5	60	-0.067888
34	75	-0.068029
57	77	-0.068047
4	45	-0.068051
6	45	-0.06813
19	28	-0.068216
46	62	-0.068249
8	51	-0.068412
49	57	-0.068643
13	32	-0.06865
37	59	-0.068664
54	75	-0.06888
4	47	-0.068902
21	62	-0.068913
28	46	-0.069007
4	24	-0.069022
14	57	-0.069129
62	69	-0.06913
10	62	-0.069222
15	36	-0.069274
22	30	-0.069314
34	58	-0.069323
36	54	-0.069348
47	60	-0.069366
39	69	-0.069382
46	73	-0.069388
13	69	-0.069393
17	72	-0.069402
35	62	-0.069473
34	48	-0.069489
5	32	-0.069501
61	74	-0.069591
60	66	-0.069614
36	78	-0.069658
50	73	-0.069712
58	71	-0.069738
25	50	-0.069777
11	49	-0.069853
20	31	-0.06993
21	52	-0.069993
12	54	-0.070001
36	53	-0.070018
13	36	-0.070079
33	50	-0.070105
13	59	-0.070138
10	27	-0.070191
39	58	-0.070248
6	67	-0.07025
20	54	-0.070262
57	67	-0.070277
32	55	-0.070327
22	66	-0.07048
11	30	-0.070492
11	71	-0.07056
11	60	-0.07059
69	77	-0.070686
14	58	-0.070707
8	36	-0.070828
17	62	-0.070971
16	64	-0.070985
39	59	-0.071074
22	58	-0.071105
26	57	-0.071171
36	57	-0.07123
12	48	-0.071445
20	50	-0.071551
45	67	-0.071554
37	62	-0.071563
7	47	-0.071577
15	32	-0.071621
24	72	-0.071686
55	65	-0.071691
64	76	-0.071725
50	55	-0.071815
22	25	-0.071916
14	48	-0.072008
44	55	-0.072103
58	66	-0.072108
7	44	-0.072175
15	34	-0.072202
30	74	-0.072271
16	55	-0.072315
15	47	-0.072374
5	31	-0.072406
17	68	-0.072555
10	54	-0.072595
13	48	-0.072664
10	35	-0.072709
48	54	-0.072751
53	74	-0.072848
4	31	-0.072863
68	72	-0.073013
16	74	-0.073084
17	51	-0.073186
55	69	-0.073414
34	50	-0.073428
57	63	-0.073451
65	76	-0.073486
13	68	-0.073638
25	75	-0.073665
18	77	-0.073881
10	61	-0.073885
6	23	-0.073985
4	68	-0.073988
36	71	-0.074043
23	55	-0.074054
16	51	-0.074096
13	72	-0.074143
29	51	-0.074285
21	61	-0.074304
30	52	-0.074332
8	71	-0.074361
6	28	-0.0745
45	76	-0.074523
18	57	-0.074527
26	59	-0.074543
15	49	-0.074623
28	58	-0.074771
4	49	-0.074813
33	69	-0.074858
14	62	-0.07502
20	64	-0.075032
8	55	-0.075077
38	64	-0.075122
19	79	-0.075173
59	69	-0.075441
13	23	-0.075491
11	66	-0.075667
40	47	-0.075698
32	53	-0.075743
9	36	-0.075764
6	69	-0.075779
12	30	-0.075791
46	53	-0.075888
30	73	-0.075946
7	67	-0.076014
30	53	-0.076023
40	54	-0.076122
26	71	-0.07615
12	27	-0.076153
39	57	-0.076175
13	67	-0.076193
28	33	-0.076247
25	79	-0.076302
32	72	-0.076357
29	47	-0.076483
29	70	-0.076563
12	51	-0.07657
9	33	-0.076599
21	70	-0.076613
32	39	-0.076938
8	61	-0.076971
29	58	-0.076973
12	40	-0.077035
4	25	-0.077045
15	74	-0.077096
60	74	-0.077136
20	70	-0.077386
16	53	-0.077392
32	58	-0.077495
32	47	-0.077499
22	48	-0.077702
54	69	-0.077746
22	57	-0.077766
61	76	-0.077902
50	78	-0.078027
4	63	-0.078029
26	74	-0.078125
9	69	-0.078401
13	25	-0.078471
24	55	-0.078505
11	28	-0.078602
29	60	-0.078759
33	72	-0.078815
18	67	-0.078857
52	57	-0.078925
53	76	-0.078989
30	64	-0.079113
57	71	-0.07927
58	74	-0.079273
57	75	-0.079334
35	60	-0.079366
58	67	-0.07944
18	54	-0.079485
15	52	-0.079539
53	73	-0.079543
34	45	-0.079566
60	73	-0.07986
5	73	-0.079953
9	48	-0.079958
23	77	-0.080071
40	60	-0.080081
29	67	-0.080142
7	69	-0.080281
50	77	-0.080306
47	55	-0.080327
12	34	-0.080511
34	68	-0.080527
32	49	-0.080574
10	69	-0.080615
22	68	-0.080652
25	76	-0.080667
12	56	-0.080699
29	65	-0.080745
24	49	-0.080783
15	53	-0.080844
13	64	-0.080845
22	77	-0.080861
26	53	-0.080936
55	76	-0.080972
23	65	-0.081008
37	58	-0.08108
18	73	-0.081238
28	78	-0.081335
10	68	-0.08134
30	46	-0.081421
7	61	-0.08143
52	73	-0.081516
9	65	-0.081552
28	37	-0.081588
26	40	-0.081635
9	30	-0.081661
15	46	-0.081669
9	44	-0.08185
9	73	-0.082126
9	52	-0.082247
37	52	-0.082286
26	69	-0.082339
15	60	-0.082353
6	22	-0.082469
21	48	-0.082582
48	60	-0.082612
51	73	-0.082733
9	62	-0.082843
22	63	-0.082855
31	50	-0.082861
23	57	-0.082874
19	25	-0.082891
55	68	-0.082976
25	77	-0.083178
46	74	-0.083282
59	76	-0.083283
15	58	-0.083288
13	46	-0.083315
47	61	-0.083406
14	32	-0.083479
13	53	-0.083485
20	27	-0.083502
5	45	-0.083593
16	25	-0.083664
34	74	-0.083664
7	23	-0.08377
29	59	-0.08379
10	67	-0.083825
14	27	-0.084082
12	58	-0.084139
20	65	-0.08418
65	79	-0.084213
37	63	-0.084335
48	66	-0.084461
33	57	-0.084482
34	52	-0.084513
33	74	-0.084526
12	65	-0.084574
57	70	-0.084706
33	49	-0.084737
19	78	-0.084802
19	71	-0.084832
7	34	-0.084913
24	60	-0.084928
11	20	-0.084992
16	72	-0.085009
35	63	-0.085011
12	70	-0.085403
29	64	-0.085413
22	70	-0.085448
52	69	-0.085507
25	72	-0.085553
7	70	-0.085621
12	69	-0.085683
14	67	-0.085743
53	71	-0.085777
31	60	-0.085909
32	61	-0.085919
11	35	-0.085943
18	75	-0.085963
40	44	-0.085966
7	31	-0.086121
8	31	-0.086138
59	68	-0.086275
20	51	-0.086634
59	71	-0.086647
8	45	-0.086711
23	75	-0.086739
11	23	-0.086888
21	69	-0.086946
21	68	-0.087262
8	24	-0.087346
61	78	-0.087455
33	54	-0.087611
26	68	-0.087679
30	35	-0.087711
7	20	-0.087759
29	53	-0.087775
18	50	-0.087884
4	26	-0.0879
29	77	-0.087984
45	63	-0.088016
53	78	-0.088102
6	66	-0.088324
13	34	-0.088387
27	78	-0.088439
52	74	-0.088619
15	78	-0.088998
36	73	-0.089034
6	70	-0.089048
7	46	-0.089064
10	60	-0.089161
37	57	-0.08928
23	48	-0.089293
50	56	-0.089351
55	72	-0.089412
51	59	-0.089701
23	59	-0.089733
61	70	-0.089787
25	67	-0.090152
23	39	-0.090274
40	67	-0.090357
37	68	-0.090536
24	50	-0.090636
30	66	-0.090728
39	61	-0.090788
18	69	-0.09113
36	62	-0.091174
10	56	-0.091225
23	64	-0.091407
6	53	-0.091437
8	68	-0.091465
18	52	-0.091584
57	76	-0.09164
11	33	-0.091758
30	72	-0.092034
21	65	-0.092087
15	70	-0.09213
51	76	-0.092164
35	68	-0.092165
21	71	-0.092236
9	64	-0.092313
30	69	-0.092393
9	37	-0.092494
30	70	-0.092531
34	65	-0.092566
27	58	-0.09257
27	76	-0.09257
4	30	-0.092689
60	69	-0.092706
25	59	-0.092796
14	64	-0.092826
8	53	-0.092846
33	79	-0.092851
19	70	-0.09298
16	32	-0.09302
7	49	-0.093055
33	47	-0.093093
23	40	-0.093107
12	55	-0.093109
15	64	-0.093231
61	63	-0.093335
10	70	-0.093647
28	69	-0.093773
21	58	-0.094006
53	70	-0.094109
5	30	-0.094176
40	62	-0.094383
53	79	-0.094422
16	50	-0.094606
9	28	-0.094633
23	79	-0.094663
11	72	-0.094688
20	47	-0.094719
8	59	-0.094723
60	63	-0.094726
28	50	-0.094951
48	61	-0.095165
35	48	-0.095589
11	32	-0.095948
8	54	-0.096048
5	24	-0.096102
16	73	-0.096146
19	72	-0.0962
5	76	-0.096537
55	57	-0.096715
21	55	-0.096894
22	50	-0.096961
27	49	-0.096969
32	52	-0.097022
13	31	-0.09703
22	61	-0.097092
48	71	-0.097361
25	61	-0.097443
12	59	-0.097574
15	62	-0.097765
21	59	-0.097917
19	50	-0.098187
33	58	-0.098444
26	78	-0.098555
19	73	-0.098653
23	50	-0.098747
19	64	-0.098758
15	73	-0.098806
19	60	-0.098857
5	23	-0.098982
5	35	-0.099098
16	77	-0.09911
32	60	-0.099155
61	69	-0.099254
10	45	-0.099542
8	52	-0.099568
11	69	-0.09976
18	71	-0.099774
10	32	-0.099857
15	67	-0.100124
51	58	-0.10014
15	31	-0.100251
44	68	-0.10028
11	27	-0.100316
9	50	-0.100493
10	33	-0.100519
20	48	-0.100548
8	60	-0.100586
26	60	-0.100756
20	72	-0.100952
46	61	-0.101087
13	24	-0.101343
56	74	-0.101502
53	65	-0.101541
31	77	-0.101653
12	79	-0.101742
31	56	-0.101827
21	60	-0.101941
22	74	-0.101979
25	71	-0.102203
27	69	-0.102479
16	68	-0.102713
57	64	-0.102781
36	63	-0.102802
25	74	-0.102842
34	49	-0.102935
56	69	-0.102937
5	71	-0.102969
34	60	-0.103019
53	69	-0.103056
22	52	-0.103108
20	58	-0.103263
12	28	-0.10348
45	79	-0.103602
5	64	-0.103683
36	50	-0.103729
14	30	-0.103746
18	30	-0.10375
31	67	-0.103868
15	23	-0.103901
19	69	-0.104014
33	65	-0.104222
27	47	-0.104342
52	76	-0.104371
9	49	-0.10444
12	68	-0.104485
20	57	-0.104852
24	69	-0.104875
11	56	-0.104893
29	63	-0.105045
7	63	-0.105338
24	53	-0.105347
58	70	-0.105671
6	40	-0.106218
35	47	-0.106405
7	26	-0.106438
13	50	-0.106667
19	31	-0.106748
40	58	-0.106751
53	61	-0.10685
24	61	-0.106898
26	77	-0.107092
18	56	-0.10713
33	70	-0.107213
59	74	-0.107437
12	22	-0.107839
23	68	-0.108146
31	53	-0.108455
22	78	-0.108547
18	72	-0.108763
5	65	-0.108811
8	27	-0.10884
12	61	-0.109022
7	56	-0.109098
5	25	-0.109336
27	50	-0.109391
33	51	-0.109412
11	77	-0.109472
35	50	-0.1095
25	64	-0.109537
31	61	-0.109577
37	49	-0.109797
37	61	-0.109892
22	51	-0.110168
35	76	-0.110299
25	69	-0.110385
21	75	-0.11068
13	63	-0.110874
28	48	-0.110895
24	52	-0.110928
14	53	-0.111201
8	30	-0.111628
23	63	-0.111878
15	63	-0.111904
8	28	-0.112245
26	50	-0.112425
24	63	-0.112529
16	76	-0.112966
37	56	-0.113328
56	71	-0.113622
30	68	-0.113655
31	70	-0.113867
56	67	-0.113969
7	53	-0.113975
10	72	-0.114342
25	63	-0.114598
22	44	-0.114913
44	65	-0.114962
32	57	-0.115272
25	68	-0.115366
22	76	-0.116004
25	70	-0.116067
11	52	-0.116325
37	48	-0.11689
37	65	-0.117021
8	69	-0.117023
28	79	-0.117449
10	25	-0.117479
4	34	-0.117635
48	76	-0.11765
32	56	-0.118023
33	56	-0.118075
11	22	-0.118092
31	65	-0.118217
33	64	-0.118348
30	63	-0.118604
33	66	-0.119026
24	78	-0.119268
14	33	-0.119426
58	69	-0.119454
13	78	-0.119482
16	69	-0.119533
48	63	-0.119783
8	32	-0.119845
23	67	-0.119912
15	76	-0.119975
13	22	-0.120008
28	60	-0.12019
6	35	-0.120665
8	48	-0.120776
27	68	-0.120847
51	72	-0.121181
33	61	-0.121345
24	70	-0.121605
31	63	-0.122278
28	70	-0.122456
6	56	-0.12289
30	56	-0.123168
28	68	-0.123532
24	79	-0.124073
23	69	-0.124603
22	69	-0.12475
19	49	-0.125152
22	56	-0.125195
30	76	-0.125557
32	77	-0.125566
22	65	-0.126018
18	68	-0.126138
37	67	-0.126185
34	67	-0.126544
18	48	-0.126655
60	72	-0.12718
5	68	-0.127964
12	33	-0.128351
32	65	-0.128398
20	53	-0.129073
31	69	-0.129187
56	77	-0.129194
8	72	-0.129294
37	69	-0.129627
12	31	-0.130127
9	59	-0.131452
8	23	-0.132487
48	56	-0.132661
32	67	-0.132931
25	53	-0.13312
11	31	-0.133154
35	78	-0.133289
11	50	-0.133657
13	30	-0.134055
33	78	-0.134632
7	28	-0.134765
27	70	-0.134796
32	63	-0.13503
9	27	-0.135119
19	68	-0.13758
22	72	-0.137809
9	35	-0.138105
32	68	-0.138655
12	63	-0.13899
57	69	-0.14062
20	63	-0.140714
27	65	-0.141397
25	48	-0.14159
24	77	-0.143674
30	50	-0.143848
31	72	-0.144099
8	65	-0.145063
34	69	-0.147116
27	72	-0.147557
10	30	-0.147838
31	49	-0.148456
48	77	-0.14979
61	77	-0.150806
32	69	-0.151464
13	65	-0.152087
8	63	-0.156949
6	65	-0.156993
24	68	-0.15915
27	77	-0.16848