#==========================================================================
# The first and second rows contain site pairs (i, j) such that j > i
# The third row contains coevolutionary scores obtained 
# using EVCouplings algorithm.
# Note that in this data sites are counted/labelled starting from 1
#==========================================================================
44	53	0.066143
45	52	0.064902
10	38	0.063183
17	27	0.058947
41	56	0.053868
43	54	0.052564
10	35	0.050978
35	38	0.050978
40	57	0.048497
42	55	0.046809
15	29	0.044136
49	54	0.040304
20	46	0.039249
20	48	0.039249
20	51	0.039249
46	48	0.039249
46	51	0.039249
48	51	0.039249
22	41	0.038424
22	56	0.038424
41	64	0.038229
56	64	0.038229
33	35	0.038172
7	12	0.036932
29	37	0.033966
12	37	0.03345
29	55	0.033237
1	20	0.032152
1	46	0.032152
1	48	0.032152
1	51	0.032152
29	42	0.031802
42	49	0.031479
43	49	0.030732
10	17	0.030511
10	27	0.030511
17	38	0.030511
27	38	0.030511
23	40	0.029925
23	57	0.029925
14	29	0.029849
14	15	0.02836
14	37	0.027423
17	37	0.026796
27	37	0.026796
7	15	0.026408
14	30	0.026203
22	30	0.026166
14	33	0.025996
23	30	0.025616
7	49	0.025301
30	37	0.024819
12	31	0.024386
31	35	0.023888
40	63	0.023795
57	63	0.023795
40	41	0.023347
40	56	0.023347
41	57	0.023347
56	57	0.023347
22	34	0.023154
43	53	0.022996
44	45	0.022918
44	52	0.022918
10	33	0.022805
33	38	0.022805
23	29	0.02259
12	14	0.022489
34	64	0.022339
12	29	0.022143
45	64	0.022065
52	64	0.022065
34	45	0.021899
34	52	0.021899
13	33	0.021621
55	64	0.021578
15	37	0.02154
7	33	0.021523
23	42	0.021421
49	64	0.021271
13	53	0.02096
29	30	0.020959
12	30	0.020922
30	33	0.020917
13	44	0.020569
2	3	0.020386
2	66	0.020386
2	67	0.020386
3	66	0.020386
3	67	0.020386
66	67	0.020386
12	33	0.020258
34	44	0.020209
23	31	0.019547
17	29	0.019496
27	29	0.019496
22	45	0.019448
22	52	0.019448
43	44	0.019065
7	14	0.018867
14	31	0.018419
15	42	0.017759
10	34	0.0173
34	38	0.0173
14	23	0.016998
23	41	0.016929
23	56	0.016929
15	55	0.016916
53	64	0.016814
13	63	0.016665
30	31	0.01652
15	30	0.016309
7	64	0.015993
22	58	0.015989
34	53	0.015867
15	53	0.01583
12	17	0.015634
12	27	0.015634
43	64	0.015596
15	33	0.015061
31	34	0.014932
20	42	0.014893
42	46	0.014893
42	48	0.014893
42	51	0.014893
7	29	0.014728
54	64	0.014565
14	42	0.014549
7	58	0.014538
13	49	0.014277
7	42	0.014006
45	55	0.013802
52	55	0.013802
45	63	0.013606
52	63	0.013606
44	64	0.013536
49	55	0.013273
42	43	0.013106
10	31	0.013057
31	38	0.013057
17	35	0.012745
27	35	0.012745
15	23	0.012695
45	54	0.012654
52	54	0.012654
13	34	0.01245
54	58	0.012387
53	54	0.01211
14	35	0.012021
41	42	0.012014
42	56	0.012014
45	53	0.011917
52	53	0.011917
33	37	0.011893
17	43	0.011883
27	43	0.011883
35	49	0.011852
1	43	0.01177
1	54	0.011551
14	17	0.011541
14	27	0.011541
12	23	0.011481
13	40	0.01138
13	57	0.01138
7	10	0.011268
7	38	0.011268
10	14	0.01105
14	38	0.01105
44	58	0.011032
14	55	0.010949
37	53	0.010792
12	55	0.010667
37	55	0.010524
43	45	0.01047
43	52	0.01047
30	41	0.010314
30	56	0.010314
12	15	0.010145
33	34	0.010034
53	58	0.009951
20	41	0.009858
20	56	0.009858
41	46	0.009858
41	48	0.009858
41	51	0.009858
46	56	0.009858
48	56	0.009858
51	56	0.009858
15	17	0.009831
15	27	0.009831
22	64	0.00965
44	63	0.009491
34	41	0.009474
34	56	0.009474
17	30	0.00942
27	30	0.00942
34	40	0.009316
34	57	0.009316
49	58	0.009179
1	2	0.008893
1	3	0.008893
1	66	0.008893
1	67	0.008893
22	44	0.008819
31	55	0.008773
29	49	0.008743
45	49	0.008724
49	52	0.008724
22	23	0.008614
23	37	0.008534
53	63	0.008378
42	54	0.008374
42	64	0.008292
10	13	0.00828
13	38	0.00828
15	44	0.008269
31	33	0.008266
23	33	0.008259
23	63	0.008214
7	35	0.008191
13	45	0.008065
13	52	0.008065
1	44	0.007851
40	45	0.007798
40	52	0.007798
45	57	0.007798
52	57	0.007798
34	43	0.007535
30	35	0.007521
30	53	0.007419
7	54	0.00736
15	40	0.007323
15	57	0.007323
2	17	0.007287
2	27	0.007287
3	17	0.007287
3	27	0.007287
17	66	0.007287
17	67	0.007287
27	66	0.007287
27	67	0.007287
30	58	0.007266
33	53	0.007258
17	54	0.007199
27	54	0.007199
41	49	0.007179
49	56	0.007179
44	54	0.007143
20	54	0.007129
46	54	0.007129
48	54	0.007129
51	54	0.007129
20	37	0.007094
37	46	0.007094
37	48	0.007094
37	51	0.007094
13	54	0.007087
13	31	0.00708
41	45	0.006745
41	52	0.006745
45	56	0.006745
52	56	0.006745
29	31	0.006288
53	55	0.006177
22	31	0.006042
1	42	0.006023
10	30	0.005969
30	38	0.005969
22	53	0.005957
23	35	0.005711
13	37	0.005709
45	58	0.005623
52	58	0.005623
14	22	0.005524
31	45	0.005509
31	52	0.005509
40	44	0.005446
44	57	0.005446
30	34	0.005435
34	54	0.005424
40	43	0.005296
43	57	0.005296
13	30	0.005193
13	35	0.00515
34	35	0.005121
13	14	0.005119
10	45	0.005066
10	52	0.005066
38	45	0.005066
38	52	0.005066
37	42	0.004814
33	44	0.004697
22	43	0.004489
34	58	0.004464
10	12	0.004406
12	38	0.004406
20	33	0.00437
33	46	0.00437
33	48	0.00437
33	51	0.00437
30	40	0.004096
30	57	0.004096
12	63	0.004018
12	35	0.003884
54	63	0.003821
1	45	0.00378
1	52	0.00378
4	5	0.003629
4	6	0.003629
4	8	0.003629
4	9	0.003629
4	11	0.003629
4	16	0.003629
4	18	0.003629
4	19	0.003629
4	21	0.003629
4	24	0.003629
4	25	0.003629
4	26	0.003629
4	28	0.003629
4	32	0.003629
4	36	0.003629
4	39	0.003629
4	47	0.003629
4	50	0.003629
4	59	0.003629
4	60	0.003629
4	61	0.003629
4	62	0.003629
4	65	0.003629
5	6	0.003629
5	8	0.003629
5	9	0.003629
5	11	0.003629
5	16	0.003629
5	18	0.003629
5	19	0.003629
5	21	0.003629
5	24	0.003629
5	25	0.003629
5	26	0.003629
5	28	0.003629
5	32	0.003629
5	36	0.003629
5	39	0.003629
5	47	0.003629
5	50	0.003629
5	59	0.003629
5	60	0.003629
5	61	0.003629
5	62	0.003629
5	65	0.003629
6	8	0.003629
6	9	0.003629
6	11	0.003629
6	16	0.003629
6	18	0.003629
6	19	0.003629
6	21	0.003629
6	24	0.003629
6	25	0.003629
6	26	0.003629
6	28	0.003629
6	32	0.003629
6	36	0.003629
6	39	0.003629
6	47	0.003629
6	50	0.003629
6	59	0.003629
6	60	0.003629
6	61	0.003629
6	62	0.003629
6	65	0.003629
8	9	0.003629
8	11	0.003629
8	16	0.003629
8	18	0.003629
8	19	0.003629
8	21	0.003629
8	24	0.003629
8	25	0.003629
8	26	0.003629
8	28	0.003629
8	32	0.003629
8	36	0.003629
8	39	0.003629
8	47	0.003629
8	50	0.003629
8	59	0.003629
8	60	0.003629
8	61	0.003629
8	62	0.003629
8	65	0.003629
9	11	0.003629
9	16	0.003629
9	18	0.003629
9	19	0.003629
9	21	0.003629
9	24	0.003629
9	25	0.003629
9	26	0.003629
9	28	0.003629
9	32	0.003629
9	36	0.003629
9	39	0.003629
9	47	0.003629
9	50	0.003629
9	59	0.003629
9	60	0.003629
9	61	0.003629
9	62	0.003629
9	65	0.003629
11	16	0.003629
11	18	0.003629
11	19	0.003629
11	21	0.003629
11	24	0.003629
11	25	0.003629
11	26	0.003629
11	28	0.003629
11	32	0.003629
11	36	0.003629
11	39	0.003629
11	47	0.003629
11	50	0.003629
11	59	0.003629
11	60	0.003629
11	61	0.003629
11	62	0.003629
11	65	0.003629
16	18	0.003629
16	19	0.003629
16	21	0.003629
16	24	0.003629
16	25	0.003629
16	26	0.003629
16	28	0.003629
16	32	0.003629
16	36	0.003629
16	39	0.003629
16	47	0.003629
16	50	0.003629
16	59	0.003629
16	60	0.003629
16	61	0.003629
16	62	0.003629
16	65	0.003629
18	19	0.003629
18	21	0.003629
18	24	0.003629
18	25	0.003629
18	26	0.003629
18	28	0.003629
18	32	0.003629
18	36	0.003629
18	39	0.003629
18	47	0.003629
18	50	0.003629
18	59	0.003629
18	60	0.003629
18	61	0.003629
18	62	0.003629
18	65	0.003629
19	21	0.003629
19	24	0.003629
19	25	0.003629
19	26	0.003629
19	28	0.003629
19	32	0.003629
19	36	0.003629
19	39	0.003629
19	47	0.003629
19	50	0.003629
19	59	0.003629
19	60	0.003629
19	61	0.003629
19	62	0.003629
19	65	0.003629
21	24	0.003629
21	25	0.003629
21	26	0.003629
21	28	0.003629
21	32	0.003629
21	36	0.003629
21	39	0.003629
21	47	0.003629
21	50	0.003629
21	59	0.003629
21	60	0.003629
21	61	0.003629
21	62	0.003629
21	65	0.003629
24	25	0.003629
24	26	0.003629
24	28	0.003629
24	32	0.003629
24	36	0.003629
24	39	0.003629
24	47	0.003629
24	50	0.003629
24	59	0.003629
24	60	0.003629
24	61	0.003629
24	62	0.003629
24	65	0.003629
25	26	0.003629
25	28	0.003629
25	32	0.003629
25	36	0.003629
25	39	0.003629
25	47	0.003629
25	50	0.003629
25	59	0.003629
25	60	0.003629
25	61	0.003629
25	62	0.003629
25	65	0.003629
26	28	0.003629
26	32	0.003629
26	36	0.003629
26	39	0.003629
26	47	0.003629
26	50	0.003629
26	59	0.003629
26	60	0.003629
26	61	0.003629
26	62	0.003629
26	65	0.003629
28	32	0.003629
28	36	0.003629
28	39	0.003629
28	47	0.003629
28	50	0.003629
28	59	0.003629
28	60	0.003629
28	61	0.003629
28	62	0.003629
28	65	0.003629
32	36	0.003629
32	39	0.003629
32	47	0.003629
32	50	0.003629
32	59	0.003629
32	60	0.003629
32	61	0.003629
32	62	0.003629
32	65	0.003629
36	39	0.003629
36	47	0.003629
36	50	0.003629
36	59	0.003629
36	60	0.003629
36	61	0.003629
36	62	0.003629
36	65	0.003629
39	47	0.003629
39	50	0.003629
39	59	0.003629
39	60	0.003629
39	61	0.003629
39	62	0.003629
39	65	0.003629
47	50	0.003629
47	59	0.003629
47	60	0.003629
47	61	0.003629
47	62	0.003629
47	65	0.003629
50	59	0.003629
50	60	0.003629
50	61	0.003629
50	62	0.003629
50	65	0.003629
59	60	0.003629
59	61	0.003629
59	62	0.003629
59	65	0.003629
60	61	0.003629
60	62	0.003629
60	65	0.003629
61	62	0.003629
61	65	0.003629
62	65	0.003629
2	43	0.003599
3	43	0.003599
43	66	0.003599
43	67	0.003599
2	35	0.003562
3	35	0.003562
35	66	0.003562
35	67	0.003562
1	37	0.003549
41	63	0.003475
56	63	0.003475
33	40	0.003473
33	57	0.003473
40	54	0.003468
54	57	0.003468
23	55	0.003456
14	34	0.003395
30	44	0.003394
29	45	0.003387
29	52	0.003387
12	53	0.003271
30	42	0.00324
41	54	0.003233
54	56	0.003233
41	55	0.00314
55	56	0.00314
20	43	0.00312
43	46	0.00312
43	48	0.00312
43	51	0.00312
22	40	0.003111
22	57	0.003111
7	31	0.003014
12	34	0.00294
1	22	0.002872
1	41	0.002862
1	56	0.002862
20	55	0.002802
46	55	0.002802
48	55	0.002802
51	55	0.002802
7	45	0.002725
7	52	0.002725
55	58	0.002658
43	58	0.002651
7	30	0.002645
22	42	0.0026
49	53	0.002429
43	55	0.002295
1	13	0.002257
2	4	0.002146
2	5	0.002146
2	6	0.002146
2	8	0.002146
2	9	0.002146
2	11	0.002146
2	16	0.002146
2	18	0.002146
2	19	0.002146
2	21	0.002146
2	24	0.002146
2	25	0.002146
2	26	0.002146
2	28	0.002146
2	32	0.002146
2	36	0.002146
2	39	0.002146
2	47	0.002146
2	50	0.002146
2	59	0.002146
2	60	0.002146
2	61	0.002146
2	62	0.002146
2	65	0.002146
3	4	0.002146
3	5	0.002146
3	6	0.002146
3	8	0.002146
3	9	0.002146
3	11	0.002146
3	16	0.002146
3	18	0.002146
3	19	0.002146
3	21	0.002146
3	24	0.002146
3	25	0.002146
3	26	0.002146
3	28	0.002146
3	32	0.002146
3	36	0.002146
3	39	0.002146
3	47	0.002146
3	50	0.002146
3	59	0.002146
3	60	0.002146
3	61	0.002146
3	62	0.002146
3	65	0.002146
4	66	0.002146
4	67	0.002146
5	66	0.002146
5	67	0.002146
6	66	0.002146
6	67	0.002146
8	66	0.002146
8	67	0.002146
9	66	0.002146
9	67	0.002146
11	66	0.002146
11	67	0.002146
16	66	0.002146
16	67	0.002146
18	66	0.002146
18	67	0.002146
19	66	0.002146
19	67	0.002146
21	66	0.002146
21	67	0.002146
24	66	0.002146
24	67	0.002146
25	66	0.002146
25	67	0.002146
26	66	0.002146
26	67	0.002146
28	66	0.002146
28	67	0.002146
32	66	0.002146
32	67	0.002146
36	66	0.002146
36	67	0.002146
39	66	0.002146
39	67	0.002146
47	66	0.002146
47	67	0.002146
50	66	0.002146
50	67	0.002146
59	66	0.002146
59	67	0.002146
60	66	0.002146
60	67	0.002146
61	66	0.002146
61	67	0.002146
62	66	0.002146
62	67	0.002146
65	66	0.002146
65	67	0.002146
22	54	0.002128
23	43	0.002062
10	43	0.002051
38	43	0.002051
2	54	0.001948
3	54	0.001948
54	66	0.001948
54	67	0.001948
37	44	0.001891
31	43	0.001619
10	23	0.00145
23	38	0.00145
7	37	0.001419
34	63	0.001398
4	58	0.001349
5	58	0.001349
6	58	0.001349
8	58	0.001349
9	58	0.001349
11	58	0.001349
16	58	0.001349
18	58	0.001349
19	58	0.001349
21	58	0.001349
24	58	0.001349
25	58	0.001349
26	58	0.001349
28	58	0.001349
32	58	0.001349
36	58	0.001349
39	58	0.001349
47	58	0.001349
50	58	0.001349
58	59	0.001349
58	60	0.001349
58	61	0.001349
58	62	0.001349
58	65	0.001349
17	53	0.001348
27	53	0.001348
4	63	0.00113
5	63	0.00113
6	63	0.00113
8	63	0.00113
9	63	0.00113
11	63	0.00113
16	63	0.00113
18	63	0.00113
19	63	0.00113
21	63	0.00113
24	63	0.00113
25	63	0.00113
26	63	0.00113
28	63	0.00113
32	63	0.00113
36	63	0.00113
39	63	0.00113
47	63	0.00113
50	63	0.00113
59	63	0.00113
60	63	0.00113
61	63	0.00113
62	63	0.00113
63	65	0.00113
17	23	0.00112
23	27	0.00112
54	55	0.001018
40	53	0.001016
53	57	0.001016
49	63	0.00101
15	58	0.000928
12	13	0.00091
40	42	0.000847
42	57	0.000847
43	63	0.000552
23	34	0.00055
29	40	0.000525
29	57	0.000525
2	49	0.000457
3	49	0.000457
49	66	0.000457
49	67	0.000457
55	63	0.000411
14	53	0.000244
41	43	0.000138
43	56	0.000138
20	49	9.9e-05
46	49	9.9e-05
48	49	9.9e-05
49	51	9.9e-05
2	10	9.2e-05
2	38	9.2e-05
3	10	9.2e-05
3	38	9.2e-05
10	66	9.2e-05
10	67	9.2e-05
30	55	9.2e-05
38	66	9.2e-05
38	67	9.2e-05
13	43	5.7e-05
20	29	-1.7e-05
29	46	-1.7e-05
29	48	-1.7e-05
29	51	-1.7e-05
44	49	-0.000345
12	58	-0.000401
13	58	-0.000405
4	64	-0.000422
5	64	-0.000422
6	64	-0.000422
8	64	-0.000422
9	64	-0.000422
11	64	-0.000422
16	64	-0.000422
18	64	-0.000422
19	64	-0.000422
21	64	-0.000422
24	64	-0.000422
25	64	-0.000422
26	64	-0.000422
28	64	-0.000422
32	64	-0.000422
36	64	-0.000422
39	64	-0.000422
47	64	-0.000422
50	64	-0.000422
59	64	-0.000422
60	64	-0.000422
61	64	-0.000422
62	64	-0.000422
64	65	-0.000422
14	41	-0.000506
14	56	-0.000506
31	54	-0.000677
1	53	-0.000788
22	37	-0.000835
4	17	-0.000844
4	27	-0.000844
5	17	-0.000844
5	27	-0.000844
6	17	-0.000844
6	27	-0.000844
8	17	-0.000844
8	27	-0.000844
9	17	-0.000844
9	27	-0.000844
11	17	-0.000844
11	27	-0.000844
16	17	-0.000844
16	27	-0.000844
17	18	-0.000844
17	19	-0.000844
17	21	-0.000844
17	24	-0.000844
17	25	-0.000844
17	26	-0.000844
17	28	-0.000844
17	32	-0.000844
17	36	-0.000844
17	39	-0.000844
17	47	-0.000844
17	50	-0.000844
17	59	-0.000844
17	60	-0.000844
17	61	-0.000844
17	62	-0.000844
17	65	-0.000844
18	27	-0.000844
19	27	-0.000844
21	27	-0.000844
24	27	-0.000844
25	27	-0.000844
26	27	-0.000844
27	28	-0.000844
27	32	-0.000844
27	36	-0.000844
27	39	-0.000844
27	47	-0.000844
27	50	-0.000844
27	59	-0.000844
27	60	-0.000844
27	61	-0.000844
27	62	-0.000844
27	65	-0.000844
4	20	-0.000902
4	46	-0.000902
4	48	-0.000902
4	51	-0.000902
5	20	-0.000902
5	46	-0.000902
5	48	-0.000902
5	51	-0.000902
6	20	-0.000902
6	46	-0.000902
6	48	-0.000902
6	51	-0.000902
8	20	-0.000902
8	46	-0.000902
8	48	-0.000902
8	51	-0.000902
9	20	-0.000902
9	46	-0.000902
9	48	-0.000902
9	51	-0.000902
11	20	-0.000902
11	46	-0.000902
11	48	-0.000902
11	51	-0.000902
16	20	-0.000902
16	46	-0.000902
16	48	-0.000902
16	51	-0.000902
18	20	-0.000902
18	46	-0.000902
18	48	-0.000902
18	51	-0.000902
19	20	-0.000902
19	46	-0.000902
19	48	-0.000902
19	51	-0.000902
20	21	-0.000902
20	24	-0.000902
20	25	-0.000902
20	26	-0.000902
20	28	-0.000902
20	32	-0.000902
20	36	-0.000902
20	39	-0.000902
20	47	-0.000902
20	50	-0.000902
20	59	-0.000902
20	60	-0.000902
20	61	-0.000902
20	62	-0.000902
20	65	-0.000902
21	46	-0.000902
21	48	-0.000902
21	51	-0.000902
24	46	-0.000902
24	48	-0.000902
24	51	-0.000902
25	46	-0.000902
25	48	-0.000902
25	51	-0.000902
26	46	-0.000902
26	48	-0.000902
26	51	-0.000902
28	46	-0.000902
28	48	-0.000902
28	51	-0.000902
32	46	-0.000902
32	48	-0.000902
32	51	-0.000902
36	46	-0.000902
36	48	-0.000902
36	51	-0.000902
39	46	-0.000902
39	48	-0.000902
39	51	-0.000902
46	47	-0.000902
46	50	-0.000902
46	59	-0.000902
46	60	-0.000902
46	61	-0.000902
46	62	-0.000902
46	65	-0.000902
47	48	-0.000902
47	51	-0.000902
48	50	-0.000902
48	59	-0.000902
48	60	-0.000902
48	61	-0.000902
48	62	-0.000902
48	65	-0.000902
50	51	-0.000902
51	59	-0.000902
51	60	-0.000902
51	61	-0.000902
51	62	-0.000902
51	65	-0.000902
4	22	-0.000907
5	22	-0.000907
6	22	-0.000907
8	22	-0.000907
9	22	-0.000907
11	22	-0.000907
16	22	-0.000907
18	22	-0.000907
19	22	-0.000907
21	22	-0.000907
22	24	-0.000907
22	25	-0.000907
22	26	-0.000907
22	28	-0.000907
22	32	-0.000907
22	36	-0.000907
22	39	-0.000907
22	47	-0.000907
22	50	-0.000907
22	59	-0.000907
22	60	-0.000907
22	61	-0.000907
22	62	-0.000907
22	65	-0.000907
23	58	-0.00095
1	49	-0.001
2	55	-0.001048
3	55	-0.001048
55	66	-0.001048
55	67	-0.001048
12	64	-0.001069
20	34	-0.00112
34	46	-0.00112
34	48	-0.00112
34	51	-0.00112
4	13	-0.001191
5	13	-0.001191
6	13	-0.001191
8	13	-0.001191
9	13	-0.001191
11	13	-0.001191
13	16	-0.001191
13	18	-0.001191
13	19	-0.001191
13	21	-0.001191
13	24	-0.001191
13	25	-0.001191
13	26	-0.001191
13	28	-0.001191
13	32	-0.001191
13	36	-0.001191
13	39	-0.001191
13	47	-0.001191
13	50	-0.001191
13	59	-0.001191
13	60	-0.001191
13	61	-0.001191
13	62	-0.001191
13	65	-0.001191
1	12	-0.001222
4	31	-0.001222
5	31	-0.001222
6	31	-0.001222
8	31	-0.001222
9	31	-0.001222
11	31	-0.001222
16	31	-0.001222
18	31	-0.001222
19	31	-0.001222
21	31	-0.001222
24	31	-0.001222
25	31	-0.001222
26	31	-0.001222
28	31	-0.001222
31	32	-0.001222
31	36	-0.001222
31	39	-0.001222
31	47	-0.001222
31	50	-0.001222
31	59	-0.001222
31	60	-0.001222
31	61	-0.001222
31	62	-0.001222
31	65	-0.001222
2	37	-0.00128
3	37	-0.00128
37	66	-0.00128
37	67	-0.00128
1	33	-0.001374
42	58	-0.001397
4	40	-0.001409
4	57	-0.001409
5	40	-0.001409
5	57	-0.001409
6	40	-0.001409
6	57	-0.001409
8	40	-0.001409
8	57	-0.001409
9	40	-0.001409
9	57	-0.001409
11	40	-0.001409
11	57	-0.001409
16	40	-0.001409
16	57	-0.001409
18	40	-0.001409
18	57	-0.001409
19	40	-0.001409
19	57	-0.001409
21	40	-0.001409
21	57	-0.001409
24	40	-0.001409
24	57	-0.001409
25	40	-0.001409
25	57	-0.001409
26	40	-0.001409
26	57	-0.001409
28	40	-0.001409
28	57	-0.001409
32	40	-0.001409
32	57	-0.001409
36	40	-0.001409
36	57	-0.001409
39	40	-0.001409
39	57	-0.001409
40	47	-0.001409
40	50	-0.001409
40	59	-0.001409
40	60	-0.001409
40	61	-0.001409
40	62	-0.001409
40	65	-0.001409
47	57	-0.001409
50	57	-0.001409
57	59	-0.001409
57	60	-0.001409
57	61	-0.001409
57	62	-0.001409
57	65	-0.001409
31	37	-0.001432
35	43	-0.001435
12	20	-0.001478
12	46	-0.001478
12	48	-0.001478
12	51	-0.001478
4	42	-0.001501
5	42	-0.001501
6	42	-0.001501
8	42	-0.001501
9	42	-0.001501
11	42	-0.001501
16	42	-0.001501
18	42	-0.001501
19	42	-0.001501
21	42	-0.001501
24	42	-0.001501
25	42	-0.001501
26	42	-0.001501
28	42	-0.001501
32	42	-0.001501
36	42	-0.001501
39	42	-0.001501
42	47	-0.001501
42	50	-0.001501
42	59	-0.001501
42	60	-0.001501
42	61	-0.001501
42	62	-0.001501
42	65	-0.001501
31	49	-0.001532
14	40	-0.001549
14	57	-0.001549
33	58	-0.001553
40	64	-0.001556
57	64	-0.001556
34	37	-0.001567
31	41	-0.001622
31	56	-0.001622
7	63	-0.001623
4	7	-0.001626
5	7	-0.001626
6	7	-0.001626
7	8	-0.001626
7	9	-0.001626
7	11	-0.001626
7	16	-0.001626
7	18	-0.001626
7	19	-0.001626
7	21	-0.001626
7	24	-0.001626
7	25	-0.001626
7	26	-0.001626
7	28	-0.001626
7	32	-0.001626
7	36	-0.001626
7	39	-0.001626
7	47	-0.001626
7	50	-0.001626
7	59	-0.001626
7	60	-0.001626
7	61	-0.001626
7	62	-0.001626
7	65	-0.001626
10	15	-0.001654
15	38	-0.001654
20	44	-0.001679
44	46	-0.001679
44	48	-0.001679
44	51	-0.001679
15	41	-0.001687
15	56	-0.001687
22	63	-0.001863
31	40	-0.001944
31	57	-0.001944
2	42	-0.001964
3	42	-0.001964
42	66	-0.001964
42	67	-0.001964
1	31	-0.002012
35	42	-0.002012
31	64	-0.002065
1	4	-0.002143
1	5	-0.002143
1	6	-0.002143
1	8	-0.002143
1	9	-0.002143
1	11	-0.002143
1	16	-0.002143
1	18	-0.002143
1	19	-0.002143
1	21	-0.002143
1	24	-0.002143
1	25	-0.002143
1	26	-0.002143
1	28	-0.002143
1	32	-0.002143
1	36	-0.002143
1	39	-0.002143
1	47	-0.002143
1	50	-0.002143
1	59	-0.002143
1	60	-0.002143
1	61	-0.002143
1	62	-0.002143
1	65	-0.002143
4	35	-0.002148
5	35	-0.002148
6	35	-0.002148
8	35	-0.002148
9	35	-0.002148
11	35	-0.002148
16	35	-0.002148
18	35	-0.002148
19	35	-0.002148
21	35	-0.002148
24	35	-0.002148
25	35	-0.002148
26	35	-0.002148
28	35	-0.002148
32	35	-0.002148
35	36	-0.002148
35	39	-0.002148
35	47	-0.002148
35	50	-0.002148
35	59	-0.002148
35	60	-0.002148
35	61	-0.002148
35	62	-0.002148
35	65	-0.002148
41	58	-0.002184
56	58	-0.002184
7	53	-0.002217
41	53	-0.002228
53	56	-0.002228
4	55	-0.002253
5	55	-0.002253
6	55	-0.002253
8	55	-0.002253
9	55	-0.002253
11	55	-0.002253
16	55	-0.002253
18	55	-0.002253
19	55	-0.002253
21	55	-0.002253
24	55	-0.002253
25	55	-0.002253
26	55	-0.002253
28	55	-0.002253
32	55	-0.002253
36	55	-0.002253
39	55	-0.002253
47	55	-0.002253
50	55	-0.002253
55	59	-0.002253
55	60	-0.002253
55	61	-0.002253
55	62	-0.002253
55	65	-0.002253
4	10	-0.002315
4	38	-0.002315
5	10	-0.002315
5	38	-0.002315
6	10	-0.002315
6	38	-0.002315
8	10	-0.002315
8	38	-0.002315
9	10	-0.002315
9	38	-0.002315
10	11	-0.002315
10	16	-0.002315
10	18	-0.002315
10	19	-0.002315
10	21	-0.002315
10	24	-0.002315
10	25	-0.002315
10	26	-0.002315
10	28	-0.002315
10	32	-0.002315
10	36	-0.002315
10	39	-0.002315
10	47	-0.002315
10	50	-0.002315
10	59	-0.002315
10	60	-0.002315
10	61	-0.002315
10	62	-0.002315
10	65	-0.002315
11	38	-0.002315
16	38	-0.002315
18	38	-0.002315
19	38	-0.002315
21	38	-0.002315
24	38	-0.002315
25	38	-0.002315
26	38	-0.002315
28	38	-0.002315
32	38	-0.002315
36	38	-0.002315
38	39	-0.002315
38	47	-0.002315
38	50	-0.002315
38	59	-0.002315
38	60	-0.002315
38	61	-0.002315
38	62	-0.002315
38	65	-0.002315
34	49	-0.002337
30	45	-0.002383
30	52	-0.002383
4	33	-0.002445
5	33	-0.002445
6	33	-0.002445
8	33	-0.002445
9	33	-0.002445
11	33	-0.002445
16	33	-0.002445
18	33	-0.002445
19	33	-0.002445
21	33	-0.002445
24	33	-0.002445
25	33	-0.002445
26	33	-0.002445
28	33	-0.002445
32	33	-0.002445
33	36	-0.002445
33	39	-0.002445
33	47	-0.002445
33	50	-0.002445
33	59	-0.002445
33	60	-0.002445
33	61	-0.002445
33	62	-0.002445
33	65	-0.002445
4	15	-0.002502
5	15	-0.002502
6	15	-0.002502
8	15	-0.002502
9	15	-0.002502
11	15	-0.002502
15	16	-0.002502
15	18	-0.002502
15	19	-0.002502
15	21	-0.002502
15	24	-0.002502
15	25	-0.002502
15	26	-0.002502
15	28	-0.002502
15	32	-0.002502
15	36	-0.002502
15	39	-0.002502
15	47	-0.002502
15	50	-0.002502
15	59	-0.002502
15	60	-0.002502
15	61	-0.002502
15	62	-0.002502
15	65	-0.002502
33	41	-0.002516
33	56	-0.002516
13	17	-0.002525
13	27	-0.002525
15	63	-0.002607
2	58	-0.002621
3	58	-0.002621
58	66	-0.002621
58	67	-0.002621
4	29	-0.002623
5	29	-0.002623
6	29	-0.002623
8	29	-0.002623
9	29	-0.002623
11	29	-0.002623
16	29	-0.002623
18	29	-0.002623
19	29	-0.002623
21	29	-0.002623
24	29	-0.002623
25	29	-0.002623
26	29	-0.002623
28	29	-0.002623
29	32	-0.002623
29	36	-0.002623
29	39	-0.002623
29	47	-0.002623
29	50	-0.002623
29	59	-0.002623
29	60	-0.002623
29	61	-0.002623
29	62	-0.002623
29	65	-0.002623
23	45	-0.002681
23	52	-0.002681
4	23	-0.002685
5	23	-0.002685
6	23	-0.002685
8	23	-0.002685
9	23	-0.002685
11	23	-0.002685
16	23	-0.002685
18	23	-0.002685
19	23	-0.002685
21	23	-0.002685
23	24	-0.002685
23	25	-0.002685
23	26	-0.002685
23	28	-0.002685
23	32	-0.002685
23	36	-0.002685
23	39	-0.002685
23	47	-0.002685
23	50	-0.002685
23	59	-0.002685
23	60	-0.002685
23	61	-0.002685
23	62	-0.002685
23	65	-0.002685
2	29	-0.002686
3	29	-0.002686
29	66	-0.002686
29	67	-0.002686
35	41	-0.002713
35	56	-0.002713
4	37	-0.002733
5	37	-0.002733
6	37	-0.002733
8	37	-0.002733
9	37	-0.002733
11	37	-0.002733
16	37	-0.002733
18	37	-0.002733
19	37	-0.002733
21	37	-0.002733
24	37	-0.002733
25	37	-0.002733
26	37	-0.002733
28	37	-0.002733
32	37	-0.002733
36	37	-0.002733
37	39	-0.002733
37	47	-0.002733
37	50	-0.002733
37	59	-0.002733
37	60	-0.002733
37	61	-0.002733
37	62	-0.002733
37	65	-0.002733
7	17	-0.002767
7	27	-0.002767
17	31	-0.002901
27	31	-0.002901
1	55	-0.003036
4	44	-0.003053
5	44	-0.003053
6	44	-0.003053
8	44	-0.003053
9	44	-0.003053
11	44	-0.003053
16	44	-0.003053
18	44	-0.003053
19	44	-0.003053
21	44	-0.003053
24	44	-0.003053
25	44	-0.003053
26	44	-0.003053
28	44	-0.003053
32	44	-0.003053
36	44	-0.003053
39	44	-0.003053
44	47	-0.003053
44	50	-0.003053
44	59	-0.003053
44	60	-0.003053
44	61	-0.003053
44	62	-0.003053
44	65	-0.003053
2	33	-0.003073
3	33	-0.003073
33	66	-0.003073
33	67	-0.003073
2	63	-0.003081
3	63	-0.003081
63	66	-0.003081
63	67	-0.003081
10	20	-0.003103
10	46	-0.003103
10	48	-0.003103
10	51	-0.003103
20	38	-0.003103
38	46	-0.003103
38	48	-0.003103
38	51	-0.003103
15	20	-0.003124
15	46	-0.003124
15	48	-0.003124
15	51	-0.003124
12	44	-0.003142
2	22	-0.003145
3	22	-0.003145
22	66	-0.003145
22	67	-0.003145
29	58	-0.003174
20	22	-0.003229
22	46	-0.003229
22	48	-0.003229
22	51	-0.003229
35	44	-0.003288
4	53	-0.003398
5	53	-0.003398
6	53	-0.003398
8	53	-0.003398
9	53	-0.003398
11	53	-0.003398
16	53	-0.003398
18	53	-0.003398
19	53	-0.003398
21	53	-0.003398
24	53	-0.003398
25	53	-0.003398
26	53	-0.003398
28	53	-0.003398
32	53	-0.003398
36	53	-0.003398
39	53	-0.003398
47	53	-0.003398
50	53	-0.003398
53	59	-0.003398
53	60	-0.003398
53	61	-0.003398
53	62	-0.003398
53	65	-0.003398
29	53	-0.003529
4	49	-0.003603
5	49	-0.003603
6	49	-0.003603
8	49	-0.003603
9	49	-0.003603
11	49	-0.003603
16	49	-0.003603
18	49	-0.003603
19	49	-0.003603
21	49	-0.003603
24	49	-0.003603
25	49	-0.003603
26	49	-0.003603
28	49	-0.003603
32	49	-0.003603
36	49	-0.003603
39	49	-0.003603
47	49	-0.003603
49	50	-0.003603
49	59	-0.003603
49	60	-0.003603
49	61	-0.003603
49	62	-0.003603
49	65	-0.003603
42	63	-0.003613
12	42	-0.0037
29	54	-0.003759
1	34	-0.003772
58	64	-0.003852
44	55	-0.003945
4	43	-0.004043
5	43	-0.004043
6	43	-0.004043
8	43	-0.004043
9	43	-0.004043
11	43	-0.004043
16	43	-0.004043
18	43	-0.004043
19	43	-0.004043
21	43	-0.004043
24	43	-0.004043
25	43	-0.004043
26	43	-0.004043
28	43	-0.004043
32	43	-0.004043
36	43	-0.004043
39	43	-0.004043
43	47	-0.004043
43	50	-0.004043
43	59	-0.004043
43	60	-0.004043
43	61	-0.004043
43	62	-0.004043
43	65	-0.004043
4	54	-0.00411
5	54	-0.00411
6	54	-0.00411
8	54	-0.00411
9	54	-0.00411
11	54	-0.00411
16	54	-0.00411
18	54	-0.00411
19	54	-0.00411
21	54	-0.00411
24	54	-0.00411
25	54	-0.00411
26	54	-0.00411
28	54	-0.00411
32	54	-0.00411
36	54	-0.00411
39	54	-0.00411
47	54	-0.00411
50	54	-0.00411
54	59	-0.00411
54	60	-0.00411
54	61	-0.00411
54	62	-0.00411
54	65	-0.00411
1	7	-0.004172
10	58	-0.004205
38	58	-0.004205
2	15	-0.004282
3	15	-0.004282
15	66	-0.004282
15	67	-0.004282
23	49	-0.004401
4	12	-0.004445
5	12	-0.004445
6	12	-0.004445
8	12	-0.004445
9	12	-0.004445
11	12	-0.004445
12	16	-0.004445
12	18	-0.004445
12	19	-0.004445
12	21	-0.004445
12	24	-0.004445
12	25	-0.004445
12	26	-0.004445
12	28	-0.004445
12	32	-0.004445
12	36	-0.004445
12	39	-0.004445
12	47	-0.004445
12	50	-0.004445
12	59	-0.004445
12	60	-0.004445
12	61	-0.004445
12	62	-0.004445
12	65	-0.004445
4	45	-0.004446
4	52	-0.004446
5	45	-0.004446
5	52	-0.004446
6	45	-0.004446
6	52	-0.004446
8	45	-0.004446
8	52	-0.004446
9	45	-0.004446
9	52	-0.004446
11	45	-0.004446
11	52	-0.004446
16	45	-0.004446
16	52	-0.004446
18	45	-0.004446
18	52	-0.004446
19	45	-0.004446
19	52	-0.004446
21	45	-0.004446
21	52	-0.004446
24	45	-0.004446
24	52	-0.004446
25	45	-0.004446
25	52	-0.004446
26	45	-0.004446
26	52	-0.004446
28	45	-0.004446
28	52	-0.004446
32	45	-0.004446
32	52	-0.004446
36	45	-0.004446
36	52	-0.004446
39	45	-0.004446
39	52	-0.004446
45	47	-0.004446
45	50	-0.004446
45	59	-0.004446
45	60	-0.004446
45	61	-0.004446
45	62	-0.004446
45	65	-0.004446
47	52	-0.004446
50	52	-0.004446
52	59	-0.004446
52	60	-0.004446
52	61	-0.004446
52	62	-0.004446
52	65	-0.004446
37	41	-0.004461
37	56	-0.004461
14	58	-0.004465
12	40	-0.004471
12	57	-0.004471
33	63	-0.004503
2	64	-0.004517
3	64	-0.004517
64	66	-0.004517
64	67	-0.004517
15	45	-0.004559
15	52	-0.004559
17	20	-0.004602
17	46	-0.004602
17	48	-0.004602
17	51	-0.004602
20	27	-0.004602
27	46	-0.004602
27	48	-0.004602
27	51	-0.004602
58	63	-0.004676
4	34	-0.004754
5	34	-0.004754
6	34	-0.004754
8	34	-0.004754
9	34	-0.004754
11	34	-0.004754
16	34	-0.004754
18	34	-0.004754
19	34	-0.004754
21	34	-0.004754
24	34	-0.004754
25	34	-0.004754
26	34	-0.004754
28	34	-0.004754
32	34	-0.004754
34	36	-0.004754
34	39	-0.004754
34	47	-0.004754
34	50	-0.004754
34	59	-0.004754
34	60	-0.004754
34	61	-0.004754
34	62	-0.004754
34	65	-0.004754
14	20	-0.004841
14	46	-0.004841
14	48	-0.004841
14	51	-0.004841
2	34	-0.00493
3	34	-0.00493
34	66	-0.00493
34	67	-0.00493
63	64	-0.004977
2	44	-0.005015
3	44	-0.005015
44	66	-0.005015
44	67	-0.005015
40	49	-0.005025
49	57	-0.005025
35	58	-0.005126
2	12	-0.005151
3	12	-0.005151
12	66	-0.005151
12	67	-0.005151
7	34	-0.005197
1	29	-0.005237
41	44	-0.005248
44	56	-0.005248
2	13	-0.005342
3	13	-0.005342
13	66	-0.005342
13	67	-0.005342
14	44	-0.005359
4	14	-0.00538
5	14	-0.00538
6	14	-0.00538
8	14	-0.00538
9	14	-0.00538
11	14	-0.00538
14	16	-0.00538
14	18	-0.00538
14	19	-0.00538
14	21	-0.00538
14	24	-0.00538
14	25	-0.00538
14	26	-0.00538
14	28	-0.00538
14	32	-0.00538
14	36	-0.00538
14	39	-0.00538
14	47	-0.00538
14	50	-0.00538
14	59	-0.00538
14	60	-0.00538
14	61	-0.00538
14	62	-0.00538
14	65	-0.00538
4	41	-0.005392
4	56	-0.005392
5	41	-0.005392
5	56	-0.005392
6	41	-0.005392
6	56	-0.005392
8	41	-0.005392
8	56	-0.005392
9	41	-0.005392
9	56	-0.005392
11	41	-0.005392
11	56	-0.005392
16	41	-0.005392
16	56	-0.005392
18	41	-0.005392
18	56	-0.005392
19	41	-0.005392
19	56	-0.005392
21	41	-0.005392
21	56	-0.005392
24	41	-0.005392
24	56	-0.005392
25	41	-0.005392
25	56	-0.005392
26	41	-0.005392
26	56	-0.005392
28	41	-0.005392
28	56	-0.005392
32	41	-0.005392
32	56	-0.005392
36	41	-0.005392
36	56	-0.005392
39	41	-0.005392
39	56	-0.005392
41	47	-0.005392
41	50	-0.005392
41	59	-0.005392
41	60	-0.005392
41	61	-0.005392
41	62	-0.005392
41	65	-0.005392
47	56	-0.005392
50	56	-0.005392
56	59	-0.005392
56	60	-0.005392
56	61	-0.005392
56	62	-0.005392
56	65	-0.005392
1	64	-0.005472
13	20	-0.005477
13	46	-0.005477
13	48	-0.005477
13	51	-0.005477
2	45	-0.005643
2	52	-0.005643
3	45	-0.005643
3	52	-0.005643
45	66	-0.005643
45	67	-0.005643
52	66	-0.005643
52	67	-0.005643
10	40	-0.005684
10	57	-0.005684
38	40	-0.005684
38	57	-0.005684
29	63	-0.005726
30	63	-0.00578
4	30	-0.005841
5	30	-0.005841
6	30	-0.005841
8	30	-0.005841
9	30	-0.005841
11	30	-0.005841
16	30	-0.005841
18	30	-0.005841
19	30	-0.005841
21	30	-0.005841
24	30	-0.005841
25	30	-0.005841
26	30	-0.005841
28	30	-0.005841
30	32	-0.005841
30	36	-0.005841
30	39	-0.005841
30	47	-0.005841
30	50	-0.005841
30	59	-0.005841
30	60	-0.005841
30	61	-0.005841
30	62	-0.005841
30	65	-0.005841
2	41	-0.005865
2	56	-0.005865
3	41	-0.005865
3	56	-0.005865
41	66	-0.005865
41	67	-0.005865
56	66	-0.005865
56	67	-0.005865
7	44	-0.005914
10	54	-0.00592
38	54	-0.00592
15	49	-0.005945
14	45	-0.005953
14	52	-0.005953
17	55	-0.005953
27	55	-0.005953
17	49	-0.006039
27	49	-0.006039
29	33	-0.006048
2	31	-0.006078
3	31	-0.006078
31	66	-0.006078
31	67	-0.006078
2	7	-0.006114
3	7	-0.006114
7	66	-0.006114
7	67	-0.006114
31	58	-0.00613
35	45	-0.006149
35	52	-0.006149
2	20	-0.006161
2	46	-0.006161
2	48	-0.006161
2	51	-0.006161
3	20	-0.006161
3	46	-0.006161
3	48	-0.006161
3	51	-0.006161
20	66	-0.006161
20	67	-0.006161
46	66	-0.006161
46	67	-0.006161
48	66	-0.006161
48	67	-0.006161
51	66	-0.006161
51	67	-0.006161
12	49	-0.006183
35	55	-0.006229
20	45	-0.006292
20	52	-0.006292
45	46	-0.006292
45	48	-0.006292
45	51	-0.006292
46	52	-0.006292
48	52	-0.006292
51	52	-0.006292
20	35	-0.006298
35	46	-0.006298
35	48	-0.006298
35	51	-0.006298
2	23	-0.006431
3	23	-0.006431
23	66	-0.006431
23	67	-0.006431
10	53	-0.006513
38	53	-0.006513
35	40	-0.006529
35	57	-0.006529
30	64	-0.006543
13	41	-0.006563
13	56	-0.006563
2	14	-0.006603
3	14	-0.006603
14	66	-0.006603
14	67	-0.006603
20	30	-0.006659
30	46	-0.006659
30	48	-0.006659
30	51	-0.006659
7	41	-0.00667
7	56	-0.00667
40	58	-0.00671
57	58	-0.00671
7	43	-0.006902
15	22	-0.006942
2	40	-0.006987
2	57	-0.006987
3	40	-0.006987
3	57	-0.006987
40	66	-0.006987
40	67	-0.006987
57	66	-0.006987
57	67	-0.006987
17	58	-0.007012
27	58	-0.007012
12	45	-0.007189
12	52	-0.007189
2	53	-0.007242
3	53	-0.007242
53	66	-0.007242
53	67	-0.007242
29	41	-0.007303
29	56	-0.007303
10	44	-0.007477
38	44	-0.007477
2	30	-0.00753
3	30	-0.00753
30	66	-0.00753
30	67	-0.00753
31	63	-0.007565
10	41	-0.007709
10	56	-0.007709
38	41	-0.007709
38	56	-0.007709
13	55	-0.007728
13	64	-0.007751
12	41	-0.007783
12	56	-0.007783
31	44	-0.0078
37	49	-0.0079
15	35	-0.007915
37	40	-0.007993
37	57	-0.007993
17	33	-0.00814
27	33	-0.00814
37	58	-0.0082
10	63	-0.00821
38	63	-0.00821
14	63	-0.008248
12	22	-0.008289
35	54	-0.008304
35	63	-0.008319
20	53	-0.008589
46	53	-0.008589
48	53	-0.008589
51	53	-0.008589
20	64	-0.008615
46	64	-0.008615
48	64	-0.008615
51	64	-0.008615
13	23	-0.008676
31	53	-0.008795
17	63	-0.008875
27	63	-0.008875
1	40	-0.008988
1	57	-0.008988
20	23	-0.00908
23	46	-0.00908
23	48	-0.00908
23	51	-0.00908
1	10	-0.009156
1	38	-0.009156
20	58	-0.009237
46	58	-0.009237
48	58	-0.009237
51	58	-0.009237
1	58	-0.009637
1	14	-0.009721
1	15	-0.009725
1	63	-0.009762
14	49	-0.00984
30	43	-0.00986
20	63	-0.009876
46	63	-0.009876
48	63	-0.009876
51	63	-0.009876
17	40	-0.010062
17	57	-0.010062
27	40	-0.010062
27	57	-0.010062
37	63	-0.01009
35	53	-0.010118
1	17	-0.01034
1	27	-0.01034
15	64	-0.010496
7	20	-0.010558
7	46	-0.010558
7	48	-0.010558
7	51	-0.010558
10	37	-0.010722
37	38	-0.010722
7	40	-0.010808
7	57	-0.010808
1	30	-0.010894
10	49	-0.011338
38	49	-0.011338
7	23	-0.011489
30	49	-0.011493
10	22	-0.01158
22	38	-0.01158
29	43	-0.011586
17	64	-0.011753
27	64	-0.011753
17	22	-0.011793
22	27	-0.011793
17	44	-0.011822
27	44	-0.011822
33	64	-0.012129
33	42	-0.012166
17	34	-0.01221
27	34	-0.01221
1	35	-0.01236
33	45	-0.012446
33	52	-0.012446
40	55	-0.012484
55	57	-0.012484
7	13	-0.01261
7	55	-0.012689
14	64	-0.012921
20	40	-0.013146
20	57	-0.013146
40	46	-0.013146
40	48	-0.013146
40	51	-0.013146
46	57	-0.013146
48	57	-0.013146
51	57	-0.013146
20	31	-0.013324
31	46	-0.013324
31	48	-0.013324
31	51	-0.013324
42	45	-0.013472
42	52	-0.013472
34	55	-0.013489
22	33	-0.01362
13	15	-0.013712
14	54	-0.013745
29	44	-0.0139
1	23	-0.014322
22	55	-0.014616
31	42	-0.014654
23	64	-0.015708
22	35	-0.0159
13	22	-0.015966
30	54	-0.016003
37	45	-0.016701
37	52	-0.016701
13	42	-0.018302
15	34	-0.018353
15	31	-0.018458
33	55	-0.018684
34	42	-0.018703
29	64	-0.018883
29	34	-0.019139
22	49	-0.019157
35	37	-0.01933
15	54	-0.019438
37	54	-0.019481
37	43	-0.019603
35	64	-0.020342
17	45	-0.020616
17	52	-0.020616
27	45	-0.020616
27	52	-0.020616
10	64	-0.020621
38	64	-0.020621
7	22	-0.020638
23	54	-0.020683
12	54	-0.021056
13	29	-0.021215
17	42	-0.02179
27	42	-0.02179
12	43	-0.022086
14	43	-0.022234
10	29	-0.022816
29	38	-0.022816
17	41	-0.023788
17	56	-0.023788
27	41	-0.023788
27	56	-0.023788
10	55	-0.023856
38	55	-0.023856
33	54	-0.024103
23	44	-0.024306
29	35	-0.024649
37	64	-0.02521
42	53	-0.025875
42	44	-0.02659
33	49	-0.02664
22	29	-0.027618
23	53	-0.028771
10	42	-0.030055
38	42	-0.030055
33	43	-0.030882
15	43	-0.034034