#==========================================================================
# The first and second rows contain site pairs (i, j) such that j > i
# The third row contains coevolutionary scores obtained 
# using EVCouplings algorithm.
# Note that in this data sites are counted/labelled starting from 1
#==========================================================================
15	26	0.127935
16	25	0.11963
17	24	0.115857
18	23	0.105576
14	27	0.101555
34	48	0.060651
6	34	0.049842
6	48	0.049842
2	45	0.046093
22	44	0.043917
2	52	0.043554
42	53	0.043193
14	29	0.039177
27	29	0.039177
20	22	0.038219
29	42	0.037084
13	45	0.036722
21	22	0.035951
25	26	0.035455
13	30	0.034328
15	25	0.0342
20	44	0.033855
1	6	0.032652
1	53	0.032591
16	26	0.032514
30	31	0.031139
10	29	0.030215
13	20	0.029033
14	23	0.028677
23	27	0.028677
6	52	0.028364
16	17	0.028147
30	34	0.027391
30	48	0.027391
17	28	0.026584
14	15	0.026241
15	27	0.026241
15	16	0.026172
19	21	0.025834
13	28	0.025135
19	22	0.025125
22	23	0.024548
20	21	0.024473
13	44	0.024417
1	2	0.024161
14	43	0.024051
27	43	0.024051
18	19	0.023736
13	53	0.023493
10	34	0.023227
10	48	0.023227
45	52	0.023027
28	29	0.022837
9	45	0.022831
29	53	0.021831
14	26	0.021267
26	27	0.021267
21	29	0.020919
13	25	0.020753
9	52	0.020735
6	53	0.020096
13	22	0.019923
29	30	0.019906
17	25	0.019672
1	14	0.019561
1	27	0.019561
15	43	0.018947
18	44	0.018388
17	34	0.01798
17	48	0.01798
10	17	0.017698
28	31	0.017403
20	24	0.01699
13	16	0.016687
19	28	0.016541
14	24	0.016481
24	27	0.016481
10	42	0.016426
2	53	0.01634
19	42	0.016291
16	43	0.016272
28	53	0.016248
16	24	0.016215
1	29	0.016155
45	53	0.016106
24	30	0.016104
19	20	0.016069
1	31	0.015992
24	28	0.015799
23	44	0.015717
14	21	0.015684
21	27	0.015684
26	43	0.015465
24	25	0.015334
2	42	0.015315
21	28	0.01512
29	43	0.014772
15	53	0.014189
19	30	0.014102
19	31	0.013992
29	31	0.013992
15	21	0.013738
21	45	0.013668
17	44	0.012999
17	20	0.012753
9	13	0.012751
21	26	0.012703
10	43	0.012659
22	31	0.012395
28	45	0.012363
25	43	0.012352
1	18	0.012327
19	26	0.011691
18	24	0.011681
24	44	0.011564
19	23	0.011474
1	13	0.011261
10	14	0.011186
10	27	0.011186
2	19	0.011081
9	10	0.010893
24	34	0.01065
24	48	0.01065
42	44	0.010539
15	19	0.010268
1	30	0.010186
14	22	0.010022
22	27	0.010022
25	42	0.009974
2	21	0.009885
18	29	0.009861
10	45	0.009806
20	25	0.009706
10	31	0.009662
42	45	0.009621
16	20	0.009346
21	24	0.009126
2	9	0.009118
28	42	0.009089
17	22	0.008969
18	20	0.0089
20	23	0.008722
2	6	0.008644
28	30	0.008582
1	52	0.008529
6	30	0.008303
9	29	0.008301
17	19	0.00813
18	43	0.008078
21	25	0.007926
1	9	0.007911
10	15	0.007695
1	45	0.007677
16	19	0.00764
19	45	0.007597
1	34	0.007529
1	48	0.007529
23	34	0.007371
23	48	0.007371
31	53	0.007148
17	43	0.006992
21	23	0.006848
22	28	0.00684
23	43	0.006827
10	21	0.006775
2	28	0.006658
24	31	0.006625
43	53	0.006575
10	23	0.006505
18	34	0.006308
18	48	0.006308
1	10	0.006256
6	17	0.006061
15	28	0.006049
21	30	0.005987
18	30	0.005972
17	26	0.005945
26	53	0.005923
18	22	0.005867
20	45	0.005763
21	42	0.005676
21	31	0.005595
22	45	0.005336
22	30	0.005277
24	43	0.005269
20	31	0.004905
28	43	0.004845
16	42	0.004821
18	31	0.004799
20	28	0.004671
3	4	0.004559
3	5	0.004559
3	7	0.004559
3	8	0.004559
3	11	0.004559
3	12	0.004559
3	32	0.004559
3	33	0.004559
3	35	0.004559
3	36	0.004559
3	37	0.004559
3	38	0.004559
3	39	0.004559
3	40	0.004559
3	41	0.004559
3	46	0.004559
3	47	0.004559
3	49	0.004559
3	50	0.004559
3	51	0.004559
4	5	0.004559
4	7	0.004559
4	8	0.004559
4	11	0.004559
4	12	0.004559
4	32	0.004559
4	33	0.004559
4	35	0.004559
4	36	0.004559
4	37	0.004559
4	38	0.004559
4	39	0.004559
4	40	0.004559
4	41	0.004559
4	46	0.004559
4	47	0.004559
4	49	0.004559
4	50	0.004559
4	51	0.004559
5	7	0.004559
5	8	0.004559
5	11	0.004559
5	12	0.004559
5	32	0.004559
5	33	0.004559
5	35	0.004559
5	36	0.004559
5	37	0.004559
5	38	0.004559
5	39	0.004559
5	40	0.004559
5	41	0.004559
5	46	0.004559
5	47	0.004559
5	49	0.004559
5	50	0.004559
5	51	0.004559
7	8	0.004559
7	11	0.004559
7	12	0.004559
7	32	0.004559
7	33	0.004559
7	35	0.004559
7	36	0.004559
7	37	0.004559
7	38	0.004559
7	39	0.004559
7	40	0.004559
7	41	0.004559
7	46	0.004559
7	47	0.004559
7	49	0.004559
7	50	0.004559
7	51	0.004559
8	11	0.004559
8	12	0.004559
8	32	0.004559
8	33	0.004559
8	35	0.004559
8	36	0.004559
8	37	0.004559
8	38	0.004559
8	39	0.004559
8	40	0.004559
8	41	0.004559
8	46	0.004559
8	47	0.004559
8	49	0.004559
8	50	0.004559
8	51	0.004559
11	12	0.004559
11	32	0.004559
11	33	0.004559
11	35	0.004559
11	36	0.004559
11	37	0.004559
11	38	0.004559
11	39	0.004559
11	40	0.004559
11	41	0.004559
11	46	0.004559
11	47	0.004559
11	49	0.004559
11	50	0.004559
11	51	0.004559
12	32	0.004559
12	33	0.004559
12	35	0.004559
12	36	0.004559
12	37	0.004559
12	38	0.004559
12	39	0.004559
12	40	0.004559
12	41	0.004559
12	46	0.004559
12	47	0.004559
12	49	0.004559
12	50	0.004559
12	51	0.004559
32	33	0.004559
32	35	0.004559
32	36	0.004559
32	37	0.004559
32	38	0.004559
32	39	0.004559
32	40	0.004559
32	41	0.004559
32	46	0.004559
32	47	0.004559
32	49	0.004559
32	50	0.004559
32	51	0.004559
33	35	0.004559
33	36	0.004559
33	37	0.004559
33	38	0.004559
33	39	0.004559
33	40	0.004559
33	41	0.004559
33	46	0.004559
33	47	0.004559
33	49	0.004559
33	50	0.004559
33	51	0.004559
35	36	0.004559
35	37	0.004559
35	38	0.004559
35	39	0.004559
35	40	0.004559
35	41	0.004559
35	46	0.004559
35	47	0.004559
35	49	0.004559
35	50	0.004559
35	51	0.004559
36	37	0.004559
36	38	0.004559
36	39	0.004559
36	40	0.004559
36	41	0.004559
36	46	0.004559
36	47	0.004559
36	49	0.004559
36	50	0.004559
36	51	0.004559
37	38	0.004559
37	39	0.004559
37	40	0.004559
37	41	0.004559
37	46	0.004559
37	47	0.004559
37	49	0.004559
37	50	0.004559
37	51	0.004559
38	39	0.004559
38	40	0.004559
38	41	0.004559
38	46	0.004559
38	47	0.004559
38	49	0.004559
38	50	0.004559
38	51	0.004559
39	40	0.004559
39	41	0.004559
39	46	0.004559
39	47	0.004559
39	49	0.004559
39	50	0.004559
39	51	0.004559
40	41	0.004559
40	46	0.004559
40	47	0.004559
40	49	0.004559
40	50	0.004559
40	51	0.004559
41	46	0.004559
41	47	0.004559
41	49	0.004559
41	50	0.004559
41	51	0.004559
46	47	0.004559
46	49	0.004559
46	50	0.004559
46	51	0.004559
47	49	0.004559
47	50	0.004559
47	51	0.004559
49	50	0.004559
49	51	0.004559
50	51	0.004559
26	28	0.004401
19	25	0.00386
2	20	0.003789
6	10	0.003342
14	25	0.00331
25	27	0.00331
16	21	0.003257
9	28	0.003245
14	17	0.003192
17	27	0.003192
18	25	0.003034
9	14	0.002803
9	27	0.002803
16	18	0.00278
23	45	0.002739
3	52	0.002584
4	52	0.002584
5	52	0.002584
7	52	0.002584
8	52	0.002584
11	52	0.002584
12	52	0.002584
32	52	0.002584
33	52	0.002584
35	52	0.002584
36	52	0.002584
37	52	0.002584
38	52	0.002584
39	52	0.002584
40	52	0.002584
41	52	0.002584
46	52	0.002584
47	52	0.002584
49	52	0.002584
50	52	0.002584
51	52	0.002584
34	53	0.00254
48	53	0.00254
13	42	0.002533
29	45	0.002418
44	53	0.002321
22	42	0.002305
18	42	0.002092
1	20	0.001964
31	43	0.0018
3	9	0.001771
4	9	0.001771
5	9	0.001771
7	9	0.001771
8	9	0.001771
9	11	0.001771
9	12	0.001771
9	32	0.001771
9	33	0.001771
9	35	0.001771
9	36	0.001771
9	37	0.001771
9	38	0.001771
9	39	0.001771
9	40	0.001771
9	41	0.001771
9	46	0.001771
9	47	0.001771
9	49	0.001771
9	50	0.001771
9	51	0.001771
1	42	0.001314
19	24	0.001191
3	34	0.001156
3	48	0.001156
4	34	0.001156
4	48	0.001156
5	34	0.001156
5	48	0.001156
7	34	0.001156
7	48	0.001156
8	34	0.001156
8	48	0.001156
11	34	0.001156
11	48	0.001156
12	34	0.001156
12	48	0.001156
32	34	0.001156
32	48	0.001156
33	34	0.001156
33	48	0.001156
34	35	0.001156
34	36	0.001156
34	37	0.001156
34	38	0.001156
34	39	0.001156
34	40	0.001156
34	41	0.001156
34	46	0.001156
34	47	0.001156
34	49	0.001156
34	50	0.001156
34	51	0.001156
35	48	0.001156
36	48	0.001156
37	48	0.001156
38	48	0.001156
39	48	0.001156
40	48	0.001156
41	48	0.001156
46	48	0.001156
47	48	0.001156
48	49	0.001156
48	50	0.001156
48	51	0.001156
2	13	0.001006
23	25	0.000879
10	24	0.000738
10	26	0.000733
15	34	0.000698
15	48	0.000698
2	22	0.000697
16	23	0.000669
31	44	0.000561
14	16	0.00041
16	27	0.00041
3	6	0.000402
4	6	0.000402
5	6	0.000402
6	7	0.000402
6	8	0.000402
6	11	0.000402
6	12	0.000402
6	32	0.000402
6	33	0.000402
6	35	0.000402
6	36	0.000402
6	37	0.000402
6	38	0.000402
6	39	0.000402
6	40	0.000402
6	41	0.000402
6	46	0.000402
6	47	0.000402
6	49	0.000402
6	50	0.000402
6	51	0.000402
6	18	0.000347
1	15	0.000249
43	44	0.000141
2	3	-8e-06
2	4	-8e-06
2	5	-8e-06
2	7	-8e-06
2	8	-8e-06
2	11	-8e-06
2	12	-8e-06
2	32	-8e-06
2	33	-8e-06
2	35	-8e-06
2	36	-8e-06
2	37	-8e-06
2	38	-8e-06
2	39	-8e-06
2	40	-8e-06
2	41	-8e-06
2	46	-8e-06
2	47	-8e-06
2	49	-8e-06
2	50	-8e-06
2	51	-8e-06
52	53	-6.8e-05
9	53	-0.000103
3	44	-0.000244
4	44	-0.000244
5	44	-0.000244
7	44	-0.000244
8	44	-0.000244
11	44	-0.000244
12	44	-0.000244
32	44	-0.000244
33	44	-0.000244
35	44	-0.000244
36	44	-0.000244
37	44	-0.000244
38	44	-0.000244
39	44	-0.000244
40	44	-0.000244
41	44	-0.000244
44	46	-0.000244
44	47	-0.000244
44	49	-0.000244
44	50	-0.000244
44	51	-0.000244
26	34	-0.000368
26	48	-0.000368
26	31	-0.000385
9	42	-0.000457
3	31	-0.000481
4	31	-0.000481
5	31	-0.000481
7	31	-0.000481
8	31	-0.000481
11	31	-0.000481
12	31	-0.000481
31	32	-0.000481
31	33	-0.000481
31	35	-0.000481
31	36	-0.000481
31	37	-0.000481
31	38	-0.000481
31	39	-0.000481
31	40	-0.000481
31	41	-0.000481
31	46	-0.000481
31	47	-0.000481
31	49	-0.000481
31	50	-0.000481
31	51	-0.000481
2	23	-0.000485
10	22	-0.000607
14	19	-0.000779
19	27	-0.000779
1	43	-0.000834
14	53	-0.000885
27	53	-0.000885
6	23	-0.001003
9	31	-0.00103
3	43	-0.00104
4	43	-0.00104
5	43	-0.00104
7	43	-0.00104
8	43	-0.00104
11	43	-0.00104
12	43	-0.00104
32	43	-0.00104
33	43	-0.00104
35	43	-0.00104
36	43	-0.00104
37	43	-0.00104
38	43	-0.00104
39	43	-0.00104
40	43	-0.00104
41	43	-0.00104
43	46	-0.00104
43	47	-0.00104
43	49	-0.00104
43	50	-0.00104
43	51	-0.00104
23	53	-0.001109
3	42	-0.0012
4	42	-0.0012
5	42	-0.0012
7	42	-0.0012
8	42	-0.0012
11	42	-0.0012
12	42	-0.0012
32	42	-0.0012
33	42	-0.0012
35	42	-0.0012
36	42	-0.0012
37	42	-0.0012
38	42	-0.0012
39	42	-0.0012
40	42	-0.0012
41	42	-0.0012
42	46	-0.0012
42	47	-0.0012
42	49	-0.0012
42	50	-0.0012
42	51	-0.0012
23	26	-0.001237
21	52	-0.001279
18	26	-0.001301
3	10	-0.001374
4	10	-0.001374
5	10	-0.001374
7	10	-0.001374
8	10	-0.001374
10	11	-0.001374
10	12	-0.001374
10	32	-0.001374
10	33	-0.001374
10	35	-0.001374
10	36	-0.001374
10	37	-0.001374
10	38	-0.001374
10	39	-0.001374
10	40	-0.001374
10	41	-0.001374
10	46	-0.001374
10	47	-0.001374
10	49	-0.001374
10	50	-0.001374
10	51	-0.001374
23	29	-0.001381
10	18	-0.0015
24	26	-0.001603
13	52	-0.001627
9	30	-0.001646
2	18	-0.001767
3	13	-0.001837
4	13	-0.001837
5	13	-0.001837
7	13	-0.001837
8	13	-0.001837
11	13	-0.001837
12	13	-0.001837
13	32	-0.001837
13	33	-0.001837
13	35	-0.001837
13	36	-0.001837
13	37	-0.001837
13	38	-0.001837
13	39	-0.001837
13	40	-0.001837
13	41	-0.001837
13	46	-0.001837
13	47	-0.001837
13	49	-0.001837
13	50	-0.001837
13	51	-0.001837
23	31	-0.001972
3	45	-0.002079
4	45	-0.002079
5	45	-0.002079
7	45	-0.002079
8	45	-0.002079
11	45	-0.002079
12	45	-0.002079
32	45	-0.002079
33	45	-0.002079
35	45	-0.002079
36	45	-0.002079
37	45	-0.002079
38	45	-0.002079
39	45	-0.002079
40	45	-0.002079
41	45	-0.002079
45	46	-0.002079
45	47	-0.002079
45	49	-0.002079
45	50	-0.002079
45	51	-0.002079
16	22	-0.002088
3	30	-0.002167
4	30	-0.002167
5	30	-0.002167
7	30	-0.002167
8	30	-0.002167
11	30	-0.002167
12	30	-0.002167
30	32	-0.002167
30	33	-0.002167
30	35	-0.002167
30	36	-0.002167
30	37	-0.002167
30	38	-0.002167
30	39	-0.002167
30	40	-0.002167
30	41	-0.002167
30	46	-0.002167
30	47	-0.002167
30	49	-0.002167
30	50	-0.002167
30	51	-0.002167
42	52	-0.002174
15	18	-0.002264
30	42	-0.002309
30	43	-0.00233
15	17	-0.00247
14	31	-0.00249
27	31	-0.00249
20	53	-0.002504
10	16	-0.002506
1	44	-0.002639
17	21	-0.002664
26	42	-0.002717
13	23	-0.002743
1	28	-0.002831
16	52	-0.002894
6	42	-0.002961
14	20	-0.003002
20	27	-0.003002
2	29	-0.003089
10	52	-0.003099
21	44	-0.003134
3	53	-0.003178
4	53	-0.003178
5	53	-0.003178
7	53	-0.003178
8	53	-0.003178
11	53	-0.003178
12	53	-0.003178
29	52	-0.003178
32	53	-0.003178
33	53	-0.003178
35	53	-0.003178
36	53	-0.003178
37	53	-0.003178
38	53	-0.003178
39	53	-0.003178
40	53	-0.003178
41	53	-0.003178
46	53	-0.003178
47	53	-0.003178
49	53	-0.003178
50	53	-0.003178
51	53	-0.003178
2	24	-0.003224
19	43	-0.003226
15	52	-0.003338
25	52	-0.003443
19	29	-0.003513
6	13	-0.00354
18	21	-0.003647
15	44	-0.003675
9	19	-0.00372
2	10	-0.003876
30	52	-0.00394
16	45	-0.003946
43	45	-0.003976
23	28	-0.004003
14	18	-0.004025
18	27	-0.004025
6	9	-0.004093
20	42	-0.004155
3	20	-0.004157
4	20	-0.004157
5	20	-0.004157
7	20	-0.004157
8	20	-0.004157
11	20	-0.004157
12	20	-0.004157
20	32	-0.004157
20	33	-0.004157
20	35	-0.004157
20	36	-0.004157
20	37	-0.004157
20	38	-0.004157
20	39	-0.004157
20	40	-0.004157
20	41	-0.004157
20	46	-0.004157
20	47	-0.004157
20	49	-0.004157
20	50	-0.004157
20	51	-0.004157
15	31	-0.004162
22	24	-0.004234
19	44	-0.004236
3	28	-0.004317
4	28	-0.004317
5	28	-0.004317
7	28	-0.004317
8	28	-0.004317
11	28	-0.004317
12	28	-0.004317
28	32	-0.004317
28	33	-0.004317
28	35	-0.004317
28	36	-0.004317
28	37	-0.004317
28	38	-0.004317
28	39	-0.004317
28	40	-0.004317
28	41	-0.004317
28	46	-0.004317
28	47	-0.004317
28	49	-0.004317
28	50	-0.004317
28	51	-0.004317
9	15	-0.004341
1	17	-0.004355
6	29	-0.00447
3	19	-0.004572
4	19	-0.004572
5	19	-0.004572
7	19	-0.004572
8	19	-0.004572
11	19	-0.004572
12	19	-0.004572
19	32	-0.004572
19	33	-0.004572
19	35	-0.004572
19	36	-0.004572
19	37	-0.004572
19	38	-0.004572
19	39	-0.004572
19	40	-0.004572
19	41	-0.004572
19	46	-0.004572
19	47	-0.004572
19	49	-0.004572
19	50	-0.004572
19	51	-0.004572
15	23	-0.004602
26	44	-0.004689
16	44	-0.004707
25	44	-0.004807
3	21	-0.004826
4	21	-0.004826
5	21	-0.004826
7	21	-0.004826
8	21	-0.004826
11	21	-0.004826
12	21	-0.004826
21	32	-0.004826
21	33	-0.004826
21	35	-0.004826
21	36	-0.004826
21	37	-0.004826
21	38	-0.004826
21	39	-0.004826
21	40	-0.004826
21	41	-0.004826
21	46	-0.004826
21	47	-0.004826
21	49	-0.004826
21	50	-0.004826
21	51	-0.004826
15	42	-0.004866
19	53	-0.004909
1	3	-0.004927
1	4	-0.004927
1	5	-0.004927
1	7	-0.004927
1	8	-0.004927
1	11	-0.004927
1	12	-0.004927
1	32	-0.004927
1	33	-0.004927
1	35	-0.004927
1	36	-0.004927
1	37	-0.004927
1	38	-0.004927
1	39	-0.004927
1	40	-0.004927
1	41	-0.004927
1	46	-0.004927
1	47	-0.004927
1	49	-0.004927
1	50	-0.004927
1	51	-0.004927
28	52	-0.004958
14	30	-0.004978
27	30	-0.004978
25	30	-0.004981
3	22	-0.00501
4	22	-0.00501
5	22	-0.00501
7	22	-0.00501
8	22	-0.00501
11	22	-0.00501
12	22	-0.00501
22	32	-0.00501
22	33	-0.00501
22	35	-0.00501
22	36	-0.00501
22	37	-0.00501
22	38	-0.00501
22	39	-0.00501
22	40	-0.00501
22	41	-0.00501
22	46	-0.00501
22	47	-0.00501
22	49	-0.00501
22	50	-0.00501
22	51	-0.00501
24	53	-0.005035
3	29	-0.005083
4	29	-0.005083
5	29	-0.005083
7	29	-0.005083
8	29	-0.005083
11	29	-0.005083
12	29	-0.005083
29	32	-0.005083
29	33	-0.005083
29	35	-0.005083
29	36	-0.005083
29	37	-0.005083
29	38	-0.005083
29	39	-0.005083
29	40	-0.005083
29	41	-0.005083
29	46	-0.005083
29	47	-0.005083
29	49	-0.005083
29	50	-0.005083
29	51	-0.005083
3	16	-0.005156
4	16	-0.005156
5	16	-0.005156
7	16	-0.005156
8	16	-0.005156
11	16	-0.005156
12	16	-0.005156
16	32	-0.005156
16	33	-0.005156
16	35	-0.005156
16	36	-0.005156
16	37	-0.005156
16	38	-0.005156
16	39	-0.005156
16	40	-0.005156
16	41	-0.005156
16	46	-0.005156
16	47	-0.005156
16	49	-0.005156
16	50	-0.005156
16	51	-0.005156
20	30	-0.005192
3	25	-0.005212
4	25	-0.005212
5	25	-0.005212
7	25	-0.005212
8	25	-0.005212
11	25	-0.005212
12	25	-0.005212
25	32	-0.005212
25	33	-0.005212
25	35	-0.005212
25	36	-0.005212
25	37	-0.005212
25	38	-0.005212
25	39	-0.005212
25	40	-0.005212
25	41	-0.005212
25	46	-0.005212
25	47	-0.005212
25	49	-0.005212
25	50	-0.005212
25	51	-0.005212
3	18	-0.005356
4	18	-0.005356
5	18	-0.005356
7	18	-0.005356
8	18	-0.005356
11	18	-0.005356
12	18	-0.005356
18	32	-0.005356
18	33	-0.005356
18	35	-0.005356
18	36	-0.005356
18	37	-0.005356
18	38	-0.005356
18	39	-0.005356
18	40	-0.005356
18	41	-0.005356
18	46	-0.005356
18	47	-0.005356
18	49	-0.005356
18	50	-0.005356
18	51	-0.005356
3	14	-0.005429
3	27	-0.005429
4	14	-0.005429
4	27	-0.005429
5	14	-0.005429
5	27	-0.005429
7	14	-0.005429
7	27	-0.005429
8	14	-0.005429
8	27	-0.005429
11	14	-0.005429
11	27	-0.005429
12	14	-0.005429
12	27	-0.005429
14	32	-0.005429
14	33	-0.005429
14	35	-0.005429
14	36	-0.005429
14	37	-0.005429
14	38	-0.005429
14	39	-0.005429
14	40	-0.005429
14	41	-0.005429
14	46	-0.005429
14	47	-0.005429
14	49	-0.005429
14	50	-0.005429
14	51	-0.005429
27	32	-0.005429
27	33	-0.005429
27	35	-0.005429
27	36	-0.005429
27	37	-0.005429
27	38	-0.005429
27	39	-0.005429
27	40	-0.005429
27	41	-0.005429
27	46	-0.005429
27	47	-0.005429
27	49	-0.005429
27	50	-0.005429
27	51	-0.005429
3	15	-0.005479
4	15	-0.005479
5	15	-0.005479
7	15	-0.005479
8	15	-0.005479
11	15	-0.005479
12	15	-0.005479
15	32	-0.005479
15	33	-0.005479
15	35	-0.005479
15	36	-0.005479
15	37	-0.005479
15	38	-0.005479
15	39	-0.005479
15	40	-0.005479
15	41	-0.005479
15	46	-0.005479
15	47	-0.005479
15	49	-0.005479
15	50	-0.005479
15	51	-0.005479
3	23	-0.00548
4	23	-0.00548
5	23	-0.00548
7	23	-0.00548
8	23	-0.00548
11	23	-0.00548
12	23	-0.00548
23	32	-0.00548
23	33	-0.00548
23	35	-0.00548
23	36	-0.00548
23	37	-0.00548
23	38	-0.00548
23	39	-0.00548
23	40	-0.00548
23	41	-0.00548
23	46	-0.00548
23	47	-0.00548
23	49	-0.00548
23	50	-0.00548
23	51	-0.00548
3	26	-0.005543
4	26	-0.005543
5	26	-0.005543
7	26	-0.005543
8	26	-0.005543
11	26	-0.005543
12	26	-0.005543
26	32	-0.005543
26	33	-0.005543
26	35	-0.005543
26	36	-0.005543
26	37	-0.005543
26	38	-0.005543
26	39	-0.005543
26	40	-0.005543
26	41	-0.005543
26	46	-0.005543
26	47	-0.005543
26	49	-0.005543
26	50	-0.005543
26	51	-0.005543
16	31	-0.005545
9	43	-0.00557
3	17	-0.005633
4	17	-0.005633
5	17	-0.005633
7	17	-0.005633
8	17	-0.005633
11	17	-0.005633
12	17	-0.005633
17	32	-0.005633
17	33	-0.005633
17	35	-0.005633
17	36	-0.005633
17	37	-0.005633
17	38	-0.005633
17	39	-0.005633
17	40	-0.005633
17	41	-0.005633
17	46	-0.005633
17	47	-0.005633
17	49	-0.005633
17	50	-0.005633
17	51	-0.005633
6	16	-0.005926
9	24	-0.005965
17	30	-0.006054
9	22	-0.00607
16	28	-0.006112
1	19	-0.006195
3	24	-0.006197
4	24	-0.006197
5	24	-0.006197
6	28	-0.006197
7	24	-0.006197
8	24	-0.006197
11	24	-0.006197
12	24	-0.006197
24	32	-0.006197
24	33	-0.006197
24	35	-0.006197
24	36	-0.006197
24	37	-0.006197
24	38	-0.006197
24	39	-0.006197
24	40	-0.006197
24	41	-0.006197
24	46	-0.006197
24	47	-0.006197
24	49	-0.006197
24	50	-0.006197
24	51	-0.006197
20	26	-0.006207
13	31	-0.006254
14	28	-0.006396
27	28	-0.006396
23	24	-0.00643
6	20	-0.006506
14	45	-0.006534
27	45	-0.006534
9	34	-0.006662
9	48	-0.006662
22	26	-0.006723
18	28	-0.006849
6	25	-0.006902
34	52	-0.006937
48	52	-0.006937
29	44	-0.006961
17	29	-0.006969
18	45	-0.007028
31	52	-0.007029
6	24	-0.007047
2	16	-0.007099
28	44	-0.007109
25	31	-0.007156
17	31	-0.007186
10	13	-0.007218
25	28	-0.007226
17	23	-0.007315
24	52	-0.007521
44	52	-0.007535
19	34	-0.007782
19	48	-0.007782
13	18	-0.007813
1	22	-0.007831
25	45	-0.007975
22	53	-0.008147
2	25	-0.008283
6	45	-0.008355
1	26	-0.008385
9	23	-0.00844
26	52	-0.008565
9	18	-0.008572
25	53	-0.008612
17	18	-0.008737
1	23	-0.008793
20	52	-0.008917
43	52	-0.008953
9	25	-0.009034
26	30	-0.00909
15	29	-0.009096
30	53	-0.009138
13	29	-0.00914
20	43	-0.009168
19	52	-0.009205
14	44	-0.009284
27	44	-0.009284
22	25	-0.00933
44	45	-0.009397
6	44	-0.009446
13	34	-0.009623
13	48	-0.009623
10	25	-0.009775
15	22	-0.009834
2	17	-0.009932
14	52	-0.010065
27	52	-0.010065
18	53	-0.010108
9	44	-0.01011
22	43	-0.010117
22	29	-0.010127
10	20	-0.010229
34	45	-0.010267
45	48	-0.010267
1	24	-0.01028
22	34	-0.010295
22	48	-0.010295
34	44	-0.010414
44	48	-0.010414
22	52	-0.010418
9	26	-0.01043
24	42	-0.010458
30	44	-0.010507
9	17	-0.0107
20	29	-0.010809
2	30	-0.010843
34	42	-0.010858
42	48	-0.010858
16	30	-0.011055
24	29	-0.011072
13	43	-0.011158
1	21	-0.01132
15	20	-0.011375
10	28	-0.011392
15	30	-0.011426
20	34	-0.011625
20	48	-0.011625
25	29	-0.011641
21	53	-0.01174
16	53	-0.011929
26	45	-0.011945
2	26	-0.012133
9	21	-0.012336
9	16	-0.01257
16	29	-0.012762
29	34	-0.012894
29	48	-0.012894
6	31	-0.013083
42	43	-0.013158
34	43	-0.013241
43	48	-0.013241
6	19	-0.013444
24	45	-0.013512
13	17	-0.013517
13	21	-0.01355
16	34	-0.013568
16	48	-0.013568
15	24	-0.013693
31	45	-0.013775
28	34	-0.013834
28	48	-0.013834
26	29	-0.013836
31	42	-0.013877
25	34	-0.014235
25	48	-0.014235
14	42	-0.014404
27	42	-0.014404
13	24	-0.014633
13	15	-0.014729
2	44	-0.014775
2	31	-0.014848
2	15	-0.014856
17	52	-0.014872
30	45	-0.0149
31	34	-0.014922
31	48	-0.014922
2	34	-0.014975
2	48	-0.014975
9	20	-0.015089
6	22	-0.015095
21	34	-0.015524
21	48	-0.015524
17	53	-0.015809
6	26	-0.016386
23	30	-0.016701
13	26	-0.01687
6	15	-0.016938
6	14	-0.017415
6	27	-0.017415
10	19	-0.017738
6	21	-0.017882
18	52	-0.018148
21	43	-0.018279
2	43	-0.018403
15	45	-0.018514
6	43	-0.018666
17	42	-0.018735
1	16	-0.019026
23	52	-0.019104
13	14	-0.019269
13	27	-0.019269
2	14	-0.019288
2	27	-0.019288
1	25	-0.019682
17	45	-0.019766
14	34	-0.020797
14	48	-0.020797
27	34	-0.020797
27	48	-0.020797
13	19	-0.021012
23	42	-0.021787
10	30	-0.024258
10	44	-0.024425
10	53	-0.045039