#==========================================================================
# The first and second rows contain site pairs (i, j) such that j > i
# The third row contains coevolutionary scores obtained 
# using EVCouplings algorithm.
# Note that in this data sites are counted/labelled starting from 1
#==========================================================================
15	28	0.027309
1	28	0.023946
11	17	0.023294
29	30	0.023151
5	6	0.021325
5	23	0.021325
6	23	0.021325
1	15	0.020964
24	33	0.020455
24	37	0.020455
24	44	0.020455
33	37	0.020455
33	44	0.020455
37	44	0.020455
34	35	0.019873
4	25	0.01691
18	48	0.016283
4	16	0.014996
24	40	0.014441
33	40	0.014441
37	40	0.014441
40	44	0.014441
11	18	0.013817
8	24	0.01366
8	33	0.01366
8	37	0.01366
8	44	0.01366
24	32	0.013275
32	33	0.013275
32	37	0.013275
32	44	0.013275
8	36	0.013176
24	36	0.013021
33	36	0.013021
36	37	0.013021
36	44	0.013021
24	47	0.012827
33	47	0.012827
37	47	0.012827
44	47	0.012827
35	40	0.012693
11	48	0.01248
17	18	0.012239
16	47	0.012005
16	36	0.011816
32	40	0.011736
16	32	0.010917
36	47	0.010625
17	48	0.01061
32	36	0.01057
5	35	0.010354
6	35	0.010354
23	35	0.010354
30	34	0.010146
32	47	0.010014
35	36	0.009997
35	47	0.009833
11	29	0.009508
34	47	0.009412
24	34	0.009341
33	34	0.009341
34	37	0.009341
34	44	0.009341
34	36	0.00917
1	29	0.008848
8	16	0.008753
24	35	0.008734
33	35	0.008734
35	37	0.008734
35	44	0.008734
17	47	0.008632
5	40	0.008596
6	40	0.008596
23	40	0.008596
4	28	0.008395
11	47	0.008132
8	32	0.008033
1	32	0.007978
8	30	0.007812
36	40	0.007811
11	30	0.007663
16	25	0.007559
8	40	0.007262
5	16	0.007136
6	16	0.007136
16	23	0.007136
17	29	0.007091
40	47	0.006987
32	35	0.006903
17	32	0.006424
1	40	0.006316
1	36	0.005853
8	29	0.005558
8	47	0.005442
8	17	0.005423
16	35	0.004964
18	47	0.004922
1	30	0.004775
4	15	0.004724
17	30	0.004487
15	36	0.004451
32	34	0.004327
28	34	0.00358
29	34	0.003451
34	40	0.003286
47	48	0.003245
11	32	0.003177
34	48	0.003164
25	35	0.003131
5	34	0.002949
6	34	0.002949
23	34	0.002949
28	36	0.002945
1	11	0.002921
8	11	0.002744
16	24	0.002594
16	33	0.002594
16	37	0.002594
16	44	0.002594
5	32	0.002589
6	32	0.002589
23	32	0.002589
29	36	0.002541
16	17	0.00252
2	3	0.00244
2	7	0.00244
2	9	0.00244
2	10	0.00244
2	12	0.00244
2	13	0.00244
2	14	0.00244
2	19	0.00244
2	20	0.00244
2	21	0.00244
2	22	0.00244
2	26	0.00244
2	27	0.00244
2	31	0.00244
2	38	0.00244
2	39	0.00244
2	41	0.00244
2	42	0.00244
2	43	0.00244
2	45	0.00244
2	46	0.00244
3	7	0.00244
3	9	0.00244
3	10	0.00244
3	12	0.00244
3	13	0.00244
3	14	0.00244
3	19	0.00244
3	20	0.00244
3	21	0.00244
3	22	0.00244
3	26	0.00244
3	27	0.00244
3	31	0.00244
3	38	0.00244
3	39	0.00244
3	41	0.00244
3	42	0.00244
3	43	0.00244
3	45	0.00244
3	46	0.00244
7	9	0.00244
7	10	0.00244
7	12	0.00244
7	13	0.00244
7	14	0.00244
7	19	0.00244
7	20	0.00244
7	21	0.00244
7	22	0.00244
7	26	0.00244
7	27	0.00244
7	31	0.00244
7	38	0.00244
7	39	0.00244
7	41	0.00244
7	42	0.00244
7	43	0.00244
7	45	0.00244
7	46	0.00244
9	10	0.00244
9	12	0.00244
9	13	0.00244
9	14	0.00244
9	19	0.00244
9	20	0.00244
9	21	0.00244
9	22	0.00244
9	26	0.00244
9	27	0.00244
9	31	0.00244
9	38	0.00244
9	39	0.00244
9	41	0.00244
9	42	0.00244
9	43	0.00244
9	45	0.00244
9	46	0.00244
10	12	0.00244
10	13	0.00244
10	14	0.00244
10	19	0.00244
10	20	0.00244
10	21	0.00244
10	22	0.00244
10	26	0.00244
10	27	0.00244
10	31	0.00244
10	38	0.00244
10	39	0.00244
10	41	0.00244
10	42	0.00244
10	43	0.00244
10	45	0.00244
10	46	0.00244
12	13	0.00244
12	14	0.00244
12	19	0.00244
12	20	0.00244
12	21	0.00244
12	22	0.00244
12	26	0.00244
12	27	0.00244
12	31	0.00244
12	38	0.00244
12	39	0.00244
12	41	0.00244
12	42	0.00244
12	43	0.00244
12	45	0.00244
12	46	0.00244
13	14	0.00244
13	19	0.00244
13	20	0.00244
13	21	0.00244
13	22	0.00244
13	26	0.00244
13	27	0.00244
13	31	0.00244
13	38	0.00244
13	39	0.00244
13	41	0.00244
13	42	0.00244
13	43	0.00244
13	45	0.00244
13	46	0.00244
14	19	0.00244
14	20	0.00244
14	21	0.00244
14	22	0.00244
14	26	0.00244
14	27	0.00244
14	31	0.00244
14	38	0.00244
14	39	0.00244
14	41	0.00244
14	42	0.00244
14	43	0.00244
14	45	0.00244
14	46	0.00244
19	20	0.00244
19	21	0.00244
19	22	0.00244
19	26	0.00244
19	27	0.00244
19	31	0.00244
19	38	0.00244
19	39	0.00244
19	41	0.00244
19	42	0.00244
19	43	0.00244
19	45	0.00244
19	46	0.00244
20	21	0.00244
20	22	0.00244
20	26	0.00244
20	27	0.00244
20	31	0.00244
20	38	0.00244
20	39	0.00244
20	41	0.00244
20	42	0.00244
20	43	0.00244
20	45	0.00244
20	46	0.00244
21	22	0.00244
21	26	0.00244
21	27	0.00244
21	31	0.00244
21	38	0.00244
21	39	0.00244
21	41	0.00244
21	42	0.00244
21	43	0.00244
21	45	0.00244
21	46	0.00244
22	26	0.00244
22	27	0.00244
22	31	0.00244
22	38	0.00244
22	39	0.00244
22	41	0.00244
22	42	0.00244
22	43	0.00244
22	45	0.00244
22	46	0.00244
26	27	0.00244
26	31	0.00244
26	38	0.00244
26	39	0.00244
26	41	0.00244
26	42	0.00244
26	43	0.00244
26	45	0.00244
26	46	0.00244
27	31	0.00244
27	38	0.00244
27	39	0.00244
27	41	0.00244
27	42	0.00244
27	43	0.00244
27	45	0.00244
27	46	0.00244
31	38	0.00244
31	39	0.00244
31	41	0.00244
31	42	0.00244
31	43	0.00244
31	45	0.00244
31	46	0.00244
38	39	0.00244
38	41	0.00244
38	42	0.00244
38	43	0.00244
38	45	0.00244
38	46	0.00244
39	41	0.00244
39	42	0.00244
39	43	0.00244
39	45	0.00244
39	46	0.00244
41	42	0.00244
41	43	0.00244
41	45	0.00244
41	46	0.00244
42	43	0.00244
42	45	0.00244
42	46	0.00244
43	45	0.00244
43	46	0.00244
45	46	0.00244
28	47	0.002397
28	35	0.002247
1	4	0.00217
15	34	0.002021
35	48	0.001848
15	32	0.001713
1	24	0.001706
1	33	0.001706
1	37	0.001706
1	44	0.001706
30	40	0.001621
29	47	0.001588
4	47	0.001533
15	47	0.001517
30	36	0.001358
11	36	0.001348
18	34	0.001254
4	35	0.001117
8	48	0.001069
2	25	0.000971
3	25	0.000971
7	25	0.000971
9	25	0.000971
10	25	0.000971
12	25	0.000971
13	25	0.000971
14	25	0.000971
19	25	0.000971
20	25	0.000971
21	25	0.000971
22	25	0.000971
25	26	0.000971
25	27	0.000971
25	31	0.000971
25	38	0.000971
25	39	0.000971
25	41	0.000971
25	42	0.000971
25	43	0.000971
25	45	0.000971
25	46	0.000971
25	29	0.000934
28	40	0.000775
1	47	0.000756
15	35	0.000734
5	8	0.000664
6	8	0.000664
8	23	0.000664
25	36	0.00062
2	18	0.00045
3	18	0.00045
7	18	0.00045
9	18	0.00045
10	18	0.00045
12	18	0.00045
13	18	0.00045
14	18	0.00045
18	19	0.00045
18	20	0.00045
18	21	0.00045
18	22	0.00045
18	26	0.00045
18	27	0.00045
18	31	0.00045
18	38	0.00045
18	39	0.00045
18	41	0.00045
18	42	0.00045
18	43	0.00045
18	45	0.00045
18	46	0.00045
4	40	0.000371
2	48	0.000246
3	48	0.000246
7	48	0.000246
9	48	0.000246
10	48	0.000246
12	48	0.000246
13	48	0.000246
14	48	0.000246
19	48	0.000246
20	48	0.000246
21	48	0.000246
22	48	0.000246
26	48	0.000246
27	48	0.000246
31	48	0.000246
38	48	0.000246
39	48	0.000246
41	48	0.000246
42	48	0.000246
43	48	0.000246
45	48	0.000246
46	48	0.000246
30	47	0.000194
11	16	8.9e-05
15	40	1.8e-05
18	35	-4.6e-05
2	4	-0.00027
3	4	-0.00027
4	7	-0.00027
4	9	-0.00027
4	10	-0.00027
4	12	-0.00027
4	13	-0.00027
4	14	-0.00027
4	19	-0.00027
4	20	-0.00027
4	21	-0.00027
4	22	-0.00027
4	26	-0.00027
4	27	-0.00027
4	31	-0.00027
4	38	-0.00027
4	39	-0.00027
4	41	-0.00027
4	42	-0.00027
4	43	-0.00027
4	45	-0.00027
4	46	-0.00027
2	15	-0.000272
3	15	-0.000272
7	15	-0.000272
9	15	-0.000272
10	15	-0.000272
12	15	-0.000272
13	15	-0.000272
14	15	-0.000272
15	19	-0.000272
15	20	-0.000272
15	21	-0.000272
15	22	-0.000272
15	26	-0.000272
15	27	-0.000272
15	31	-0.000272
15	38	-0.000272
15	39	-0.000272
15	41	-0.000272
15	42	-0.000272
15	43	-0.000272
15	45	-0.000272
15	46	-0.000272
29	40	-0.000324
4	36	-0.000376
2	5	-0.000423
2	6	-0.000423
2	23	-0.000423
3	5	-0.000423
3	6	-0.000423
3	23	-0.000423
5	7	-0.000423
5	9	-0.000423
5	10	-0.000423
5	12	-0.000423
5	13	-0.000423
5	14	-0.000423
5	19	-0.000423
5	20	-0.000423
5	21	-0.000423
5	22	-0.000423
5	26	-0.000423
5	27	-0.000423
5	31	-0.000423
5	38	-0.000423
5	39	-0.000423
5	41	-0.000423
5	42	-0.000423
5	43	-0.000423
5	45	-0.000423
5	46	-0.000423
6	7	-0.000423
6	9	-0.000423
6	10	-0.000423
6	12	-0.000423
6	13	-0.000423
6	14	-0.000423
6	19	-0.000423
6	20	-0.000423
6	21	-0.000423
6	22	-0.000423
6	26	-0.000423
6	27	-0.000423
6	31	-0.000423
6	38	-0.000423
6	39	-0.000423
6	41	-0.000423
6	42	-0.000423
6	43	-0.000423
6	45	-0.000423
6	46	-0.000423
7	23	-0.000423
9	23	-0.000423
10	23	-0.000423
12	23	-0.000423
13	23	-0.000423
14	23	-0.000423
19	23	-0.000423
20	23	-0.000423
21	23	-0.000423
22	23	-0.000423
23	26	-0.000423
23	27	-0.000423
23	31	-0.000423
23	38	-0.000423
23	39	-0.000423
23	41	-0.000423
23	42	-0.000423
23	43	-0.000423
23	45	-0.000423
23	46	-0.000423
16	48	-0.000453
17	36	-0.000508
2	30	-0.000554
3	30	-0.000554
7	30	-0.000554
9	30	-0.000554
10	30	-0.000554
12	30	-0.000554
13	30	-0.000554
14	30	-0.000554
19	30	-0.000554
20	30	-0.000554
21	30	-0.000554
22	30	-0.000554
26	30	-0.000554
27	30	-0.000554
30	31	-0.000554
30	38	-0.000554
30	39	-0.000554
30	41	-0.000554
30	42	-0.000554
30	43	-0.000554
30	45	-0.000554
30	46	-0.000554
8	18	-0.000562
2	28	-0.000583
3	28	-0.000583
7	28	-0.000583
9	28	-0.000583
10	28	-0.000583
12	28	-0.000583
13	28	-0.000583
14	28	-0.000583
19	28	-0.000583
20	28	-0.000583
21	28	-0.000583
22	28	-0.000583
26	28	-0.000583
27	28	-0.000583
28	31	-0.000583
28	38	-0.000583
28	39	-0.000583
28	41	-0.000583
28	42	-0.000583
28	43	-0.000583
28	45	-0.000583
28	46	-0.000583
28	32	-0.000622
2	29	-0.000702
3	29	-0.000702
7	29	-0.000702
9	29	-0.000702
10	29	-0.000702
12	29	-0.000702
13	29	-0.000702
14	29	-0.000702
19	29	-0.000702
20	29	-0.000702
21	29	-0.000702
22	29	-0.000702
26	29	-0.000702
27	29	-0.000702
29	31	-0.000702
29	38	-0.000702
29	39	-0.000702
29	41	-0.000702
29	42	-0.000702
29	43	-0.000702
29	45	-0.000702
29	46	-0.000702
1	48	-0.000724
18	32	-0.000812
2	17	-0.000883
3	17	-0.000883
7	17	-0.000883
9	17	-0.000883
10	17	-0.000883
12	17	-0.000883
13	17	-0.000883
14	17	-0.000883
17	19	-0.000883
17	20	-0.000883
17	21	-0.000883
17	22	-0.000883
17	26	-0.000883
17	27	-0.000883
17	31	-0.000883
17	38	-0.000883
17	39	-0.000883
17	41	-0.000883
17	42	-0.000883
17	43	-0.000883
17	45	-0.000883
17	46	-0.000883
25	47	-0.000894
17	28	-0.000946
17	40	-0.001025
2	11	-0.001124
3	11	-0.001124
7	11	-0.001124
9	11	-0.001124
10	11	-0.001124
11	12	-0.001124
11	13	-0.001124
11	14	-0.001124
11	19	-0.001124
11	20	-0.001124
11	21	-0.001124
11	22	-0.001124
11	26	-0.001124
11	27	-0.001124
11	31	-0.001124
11	38	-0.001124
11	39	-0.001124
11	41	-0.001124
11	42	-0.001124
11	43	-0.001124
11	45	-0.001124
11	46	-0.001124
4	17	-0.001163
25	30	-0.001199
15	17	-0.001242
16	34	-0.0013
16	40	-0.001302
24	30	-0.001305
30	33	-0.001305
30	37	-0.001305
30	44	-0.001305
29	35	-0.001338
4	30	-0.001429
1	2	-0.001434
1	3	-0.001434
1	7	-0.001434
1	9	-0.001434
1	10	-0.001434
1	12	-0.001434
1	13	-0.001434
1	14	-0.001434
1	19	-0.001434
1	20	-0.001434
1	21	-0.001434
1	22	-0.001434
1	26	-0.001434
1	27	-0.001434
1	31	-0.001434
1	38	-0.001434
1	39	-0.001434
1	41	-0.001434
1	42	-0.001434
1	43	-0.001434
1	45	-0.001434
1	46	-0.001434
25	48	-0.00144
18	25	-0.001445
25	40	-0.001485
17	25	-0.001533
4	29	-0.001568
1	18	-0.001642
1	5	-0.001718
1	6	-0.001718
1	23	-0.001718
8	35	-0.001751
16	18	-0.001792
30	48	-0.001842
15	25	-0.001863
4	48	-0.001998
5	36	-0.002011
6	36	-0.002011
23	36	-0.002011
28	48	-0.002021
5	25	-0.002027
6	25	-0.002027
23	25	-0.002027
15	48	-0.002077
1	17	-0.002095
24	28	-0.002196
28	33	-0.002196
28	37	-0.002196
28	44	-0.002196
18	30	-0.002266
16	29	-0.002331
4	18	-0.002343
15	18	-0.002414
4	5	-0.002437
4	6	-0.002437
4	23	-0.002437
11	28	-0.002441
18	28	-0.002467
15	24	-0.002496
15	33	-0.002496
15	37	-0.002496
15	44	-0.002496
11	25	-0.002508
4	24	-0.002514
4	33	-0.002514
4	37	-0.002514
4	44	-0.002514
2	16	-0.002523
3	16	-0.002523
7	16	-0.002523
9	16	-0.002523
10	16	-0.002523
12	16	-0.002523
13	16	-0.002523
14	16	-0.002523
16	19	-0.002523
16	20	-0.002523
16	21	-0.002523
16	22	-0.002523
16	26	-0.002523
16	27	-0.002523
16	31	-0.002523
16	38	-0.002523
16	39	-0.002523
16	41	-0.002523
16	42	-0.002523
16	43	-0.002523
16	45	-0.002523
16	46	-0.002523
4	11	-0.002549
18	36	-0.00258
11	15	-0.002633
5	30	-0.002668
6	30	-0.002668
23	30	-0.002668
29	48	-0.002698
5	28	-0.002738
6	28	-0.002738
23	28	-0.002738
25	28	-0.00276
24	29	-0.002764
29	33	-0.002764
29	37	-0.002764
29	44	-0.002764
30	32	-0.002764
24	25	-0.00284
25	33	-0.00284
25	37	-0.00284
25	44	-0.00284
5	15	-0.002843
6	15	-0.002843
15	23	-0.002843
2	34	-0.002847
3	34	-0.002847
7	34	-0.002847
9	34	-0.002847
10	34	-0.002847
12	34	-0.002847
13	34	-0.002847
14	34	-0.002847
19	34	-0.002847
20	34	-0.002847
21	34	-0.002847
22	34	-0.002847
26	34	-0.002847
27	34	-0.002847
31	34	-0.002847
34	38	-0.002847
34	39	-0.002847
34	41	-0.002847
34	42	-0.002847
34	43	-0.002847
34	45	-0.002847
34	46	-0.002847
2	8	-0.002922
3	8	-0.002922
7	8	-0.002922
8	9	-0.002922
8	10	-0.002922
8	12	-0.002922
8	13	-0.002922
8	14	-0.002922
8	19	-0.002922
8	20	-0.002922
8	21	-0.002922
8	22	-0.002922
8	26	-0.002922
8	27	-0.002922
8	31	-0.002922
8	38	-0.002922
8	39	-0.002922
8	41	-0.002922
8	42	-0.002922
8	43	-0.002922
8	45	-0.002922
8	46	-0.002922
18	29	-0.003011
32	48	-0.00318
29	32	-0.003319
11	40	-0.003429
17	24	-0.003487
17	33	-0.003487
17	37	-0.003487
17	44	-0.003487
5	48	-0.003526
6	48	-0.003526
23	48	-0.003526
5	29	-0.003556
6	29	-0.003556
23	29	-0.003556
5	18	-0.003574
6	18	-0.003574
18	23	-0.003574
40	48	-0.003605
11	34	-0.003724
2	24	-0.003802
2	33	-0.003802
2	37	-0.003802
2	44	-0.003802
3	24	-0.003802
3	33	-0.003802
3	37	-0.003802
3	44	-0.003802
7	24	-0.003802
7	33	-0.003802
7	37	-0.003802
7	44	-0.003802
9	24	-0.003802
9	33	-0.003802
9	37	-0.003802
9	44	-0.003802
10	24	-0.003802
10	33	-0.003802
10	37	-0.003802
10	44	-0.003802
12	24	-0.003802
12	33	-0.003802
12	37	-0.003802
12	44	-0.003802
13	24	-0.003802
13	33	-0.003802
13	37	-0.003802
13	44	-0.003802
14	24	-0.003802
14	33	-0.003802
14	37	-0.003802
14	44	-0.003802
19	24	-0.003802
19	33	-0.003802
19	37	-0.003802
19	44	-0.003802
20	24	-0.003802
20	33	-0.003802
20	37	-0.003802
20	44	-0.003802
21	24	-0.003802
21	33	-0.003802
21	37	-0.003802
21	44	-0.003802
22	24	-0.003802
22	33	-0.003802
22	37	-0.003802
22	44	-0.003802
24	26	-0.003802
24	27	-0.003802
24	31	-0.003802
24	38	-0.003802
24	39	-0.003802
24	41	-0.003802
24	42	-0.003802
24	43	-0.003802
24	45	-0.003802
24	46	-0.003802
26	33	-0.003802
26	37	-0.003802
26	44	-0.003802
27	33	-0.003802
27	37	-0.003802
27	44	-0.003802
31	33	-0.003802
31	37	-0.003802
31	44	-0.003802
33	38	-0.003802
33	39	-0.003802
33	41	-0.003802
33	42	-0.003802
33	43	-0.003802
33	45	-0.003802
33	46	-0.003802
37	38	-0.003802
37	39	-0.003802
37	41	-0.003802
37	42	-0.003802
37	43	-0.003802
37	45	-0.003802
37	46	-0.003802
38	44	-0.003802
39	44	-0.003802
41	44	-0.003802
42	44	-0.003802
43	44	-0.003802
44	45	-0.003802
44	46	-0.003802
5	47	-0.003806
6	47	-0.003806
23	47	-0.003806
25	32	-0.003925
5	17	-0.003946
6	17	-0.003946
17	23	-0.003946
2	35	-0.004035
3	35	-0.004035
7	35	-0.004035
9	35	-0.004035
10	35	-0.004035
12	35	-0.004035
13	35	-0.004035
14	35	-0.004035
19	35	-0.004035
20	35	-0.004035
21	35	-0.004035
22	35	-0.004035
26	35	-0.004035
27	35	-0.004035
31	35	-0.004035
35	38	-0.004035
35	39	-0.004035
35	41	-0.004035
35	42	-0.004035
35	43	-0.004035
35	45	-0.004035
35	46	-0.004035
25	34	-0.004237
36	48	-0.004331
4	8	-0.004378
4	32	-0.004488
1	25	-0.004571
11	35	-0.004689
18	40	-0.004769
8	34	-0.0048
2	32	-0.004828
3	32	-0.004828
7	32	-0.004828
9	32	-0.004828
10	32	-0.004828
12	32	-0.004828
13	32	-0.004828
14	32	-0.004828
19	32	-0.004828
20	32	-0.004828
21	32	-0.004828
22	32	-0.004828
26	32	-0.004828
27	32	-0.004828
31	32	-0.004828
32	38	-0.004828
32	39	-0.004828
32	41	-0.004828
32	42	-0.004828
32	43	-0.004828
32	45	-0.004828
32	46	-0.004828
2	40	-0.0049
3	40	-0.0049
7	40	-0.0049
9	40	-0.0049
10	40	-0.0049
12	40	-0.0049
13	40	-0.0049
14	40	-0.0049
19	40	-0.0049
20	40	-0.0049
21	40	-0.0049
22	40	-0.0049
26	40	-0.0049
27	40	-0.0049
31	40	-0.0049
38	40	-0.0049
39	40	-0.0049
40	41	-0.0049
40	42	-0.0049
40	43	-0.0049
40	45	-0.0049
40	46	-0.0049
24	48	-0.004934
33	48	-0.004934
37	48	-0.004934
44	48	-0.004934
15	29	-0.005025
5	11	-0.005039
6	11	-0.005039
11	23	-0.005039
2	36	-0.00517
3	36	-0.00517
7	36	-0.00517
9	36	-0.00517
10	36	-0.00517
12	36	-0.00517
13	36	-0.00517
14	36	-0.00517
19	36	-0.00517
20	36	-0.00517
21	36	-0.00517
22	36	-0.00517
26	36	-0.00517
27	36	-0.00517
31	36	-0.00517
36	38	-0.00517
36	39	-0.00517
36	41	-0.00517
36	42	-0.00517
36	43	-0.00517
36	45	-0.00517
36	46	-0.00517
28	29	-0.00528
2	47	-0.00535
3	47	-0.00535
7	47	-0.00535
9	47	-0.00535
10	47	-0.00535
12	47	-0.00535
13	47	-0.00535
14	47	-0.00535
19	47	-0.00535
20	47	-0.00535
21	47	-0.00535
22	47	-0.00535
26	47	-0.00535
27	47	-0.00535
31	47	-0.00535
38	47	-0.00535
39	47	-0.00535
41	47	-0.00535
42	47	-0.00535
43	47	-0.00535
45	47	-0.00535
46	47	-0.00535
11	24	-0.005388
11	33	-0.005388
11	37	-0.005388
11	44	-0.005388
18	24	-0.005619
18	33	-0.005619
18	37	-0.005619
18	44	-0.005619
28	30	-0.005654
15	30	-0.005709
16	30	-0.005797
5	24	-0.00622
5	33	-0.00622
5	37	-0.00622
5	44	-0.00622
6	24	-0.00622
6	33	-0.00622
6	37	-0.00622
6	44	-0.00622
23	24	-0.00622
23	33	-0.00622
23	37	-0.00622
23	44	-0.00622
4	34	-0.006343
8	25	-0.006808
16	28	-0.006893
30	35	-0.008281
15	16	-0.008703
1	8	-0.008906
8	15	-0.008992
1	35	-0.009409
1	34	-0.010475
8	28	-0.011723
17	35	-0.01208
17	34	-0.013076
1	16	-0.013461