#==========================================================================
# The first and second rows contain site pairs (i, j) such that j > i
# The third row contains coevolutionary scores obtained 
# using EVCouplings algorithm.
# Note that in this data sites are counted/labelled starting from 1
#==========================================================================
18	38	0.202355
4	5	0.200584
16	40	0.198667
17	39	0.186878
22	34	0.182717
28	29	0.17426
23	33	0.168504
25	31	0.156093
24	32	0.140321
19	37	0.134429
10	11	0.124896
43	48	0.118401
49	50	0.116379
52	54	0.091037
46	48	0.090043
46	51	0.087514
45	46	0.087364
45	49	0.086668
45	48	0.085627
25	28	0.085525
45	51	0.084616
33	34	0.083867
27	28	0.083321
53	54	0.082552
45	50	0.081448
44	53	0.080719
1	7	0.080693
26	28	0.077269
46	49	0.076577
43	46	0.074516
48	49	0.073665
52	53	0.073579
46	50	0.073486
54	55	0.072891
9	10	0.072664
4	8	0.072468
44	55	0.068451
48	50	0.068258
12	19	0.067738
25	29	0.067644
42	43	0.066698
35	51	0.064971
48	51	0.064903
5	8	0.064546
49	51	0.064158
3	9	0.064148
49	53	0.063724
35	38	0.063117
37	38	0.062727
46	55	0.062441
20	37	0.062357
28	30	0.062125
27	29	0.060839
19	20	0.06071
50	51	0.059794
41	54	0.059789
20	30	0.059663
12	16	0.059199
21	26	0.05829
1	50	0.058102
12	40	0.05804
35	36	0.057339
34	35	0.057023
31	32	0.056265
9	26	0.056017
14	16	0.055959
3	49	0.055886
13	44	0.055779
20	21	0.055345
24	25	0.055199
3	10	0.054734
53	55	0.053496
25	32	0.053468
20	36	0.053402
11	53	0.051638
3	21	0.051175
39	40	0.051158
52	55	0.050984
41	45	0.050964
33	47	0.050654
27	31	0.050595
11	44	0.050414
34	55	0.050397
41	53	0.050366
50	55	0.049845
1	32	0.049819
10	24	0.049723
50	53	0.049059
29	32	0.049021
29	31	0.048371
20	27	0.048228
28	31	0.048213
14	15	0.048167
17	18	0.048165
6	12	0.047438
26	29	0.047371
9	35	0.047193
10	49	0.046972
44	52	0.046946
4	20	0.046251
13	28	0.045768
10	23	0.045161
18	37	0.044643
26	30	0.044503
1	6	0.044457
25	42	0.044364
30	38	0.044277
51	53	0.044116
26	35	0.044081
7	8	0.04292
27	30	0.042889
15	41	0.042859
27	37	0.042739
42	46	0.042295
11	52	0.042261
13	31	0.041969
8	9	0.041789
6	40	0.041712
5	19	0.041265
36	48	0.040878
4	14	0.040859
22	33	0.040744
29	35	0.040518
9	25	0.040037
25	26	0.039749
6	16	0.039662
3	19	0.039411
6	7	0.039174
30	32	0.038443
15	19	0.038399
23	24	0.038192
23	32	0.037725
13	50	0.037445
19	21	0.037421
34	36	0.037023
5	17	0.036925
29	30	0.036831
11	20	0.036699
17	30	0.036673
42	54	0.036507
41	52	0.036275
50	54	0.036107
18	36	0.036106
23	47	0.036058
49	55	0.035801
21	24	0.035794
5	39	0.035585
27	32	0.035542
5	7	0.035532
31	33	0.035268
23	44	0.035213
15	54	0.034716
3	7	0.034402
21	45	0.033915
14	36	0.03372
9	11	0.033643
7	12	0.033543
8	55	0.033338
8	17	0.03293
15	51	0.032414
43	49	0.032414
24	28	0.032293
19	27	0.031988
22	32	0.031957
27	42	0.031884
10	36	0.031786
8	18	0.031752
19	36	0.031604
24	30	0.031396
12	26	0.031388
51	54	0.031245
36	42	0.031194
14	22	0.031121
1	47	0.031038
49	52	0.030989
25	27	0.030922
10	18	0.030836
51	52	0.030792
27	33	0.030565
45	53	0.030535
32	40	0.030359
13	30	0.030311
17	42	0.030135
45	54	0.030055
36	38	0.029933
26	45	0.029915
28	32	0.029801
21	38	0.029776
15	22	0.029558
21	37	0.029481
18	30	0.029398
2	13	0.029343
19	51	0.029331
24	31	0.029324
44	49	0.029271
1	40	0.029203
25	34	0.028882
5	52	0.028825
44	54	0.028812
41	50	0.028774
2	11	0.028737
2	46	0.028558
43	44	0.028415
3	31	0.028375
14	25	0.028194
4	11	0.027851
4	6	0.02776
21	51	0.027684
1	16	0.027468
22	23	0.027267
7	50	0.027137
4	43	0.02696
24	29	0.026803
36	40	0.026758
35	47	0.026623
33	35	0.026551
22	37	0.026417
16	19	0.026312
24	26	0.026256
8	28	0.02615
25	30	0.026027
30	31	0.025729
7	47	0.025558
12	13	0.025188
2	9	0.024991
12	34	0.024638
8	43	0.024437
9	17	0.02434
5	26	0.024296
26	31	0.024166
1	5	0.024114
25	33	0.024003
19	22	0.023889
37	45	0.023844
14	42	0.023791
30	34	0.023398
11	49	0.023381
14	20	0.023294
33	46	0.023234
3	28	0.023179
43	55	0.023144
16	52	0.023084
2	44	0.022838
18	22	0.022741
17	47	0.022683
27	48	0.022662
8	37	0.022639
9	30	0.022593
38	39	0.022591
49	54	0.022557
3	25	0.022504
3	5	0.02248
40	52	0.022473
41	49	0.022357
9	28	0.02221
16	36	0.022194
2	28	0.021788
40	42	0.021706
21	39	0.021624
23	35	0.021559
2	52	0.021512
41	46	0.021499
46	54	0.021498
20	42	0.021246
22	25	0.0212
13	25	0.020964
31	34	0.020958
37	39	0.020917
22	38	0.020631
40	41	0.020545
23	30	0.020519
21	35	0.02049
1	4	0.02048
18	21	0.020315
21	36	0.020309
44	50	0.020215
37	40	0.020196
19	26	0.020156
48	52	0.02009
2	10	0.020053
7	28	0.02
29	47	0.019868
5	33	0.019481
35	41	0.0193
41	42	0.019185
3	8	0.01916
14	18	0.019155
20	38	0.019136
4	27	0.018843
48	54	0.018748
17	43	0.018703
48	53	0.018662
41	48	0.018639
20	48	0.01849
8	42	0.018444
48	55	0.018386
10	53	0.018292
17	20	0.018278
3	46	0.018164
7	33	0.018024
3	51	0.017908
46	53	0.017875
7	32	0.017863
29	55	0.017768
34	38	0.017768
5	14	0.017754
18	20	0.017695
28	35	0.017629
16	42	0.017627
8	38	0.017504
4	16	0.017401
23	31	0.017384
19	30	0.017328
26	54	0.017171
1	25	0.017044
2	26	0.016973
4	30	0.016954
5	37	0.01694
2	42	0.016914
15	52	0.016825
20	39	0.016825
9	19	0.016768
13	17	0.016677
6	32	0.016386
15	47	0.016339
14	21	0.016317
15	33	0.016288
12	31	0.01627
15	53	0.016095
6	26	0.016062
18	35	0.016051
41	55	0.01602
10	44	0.015972
7	26	0.015962
42	44	0.015937
36	43	0.015908
1	28	0.015849
7	36	0.015726
6	22	0.015615
43	53	0.015504
42	50	0.015499
14	51	0.015345
21	28	0.015316
14	26	0.015263
20	33	0.015225
13	26	0.015183
42	52	0.015181
28	55	0.015058
29	37	0.014869
27	47	0.014786
39	42	0.014693
35	45	0.014685
4	52	0.014669
2	35	0.014553
14	55	0.014505
6	34	0.014487
11	18	0.014403
47	51	0.014334
22	29	0.014253
40	47	0.014147
10	43	0.014078
21	31	0.013827
10	48	0.013765
50	52	0.0137
15	27	0.013646
38	41	0.013563
41	43	0.013557
35	43	0.013533
5	27	0.013515
11	51	0.013509
29	33	0.013465
11	14	0.013456
6	24	0.013264
6	13	0.013252
10	55	0.013226
13	32	0.013201
34	47	0.013127
17	38	0.013025
5	16	0.013008
22	39	0.012956
6	43	0.012736
44	51	0.012734
39	47	0.012697
30	33	0.012554
46	52	0.012381
26	27	0.012341
11	54	0.012295
16	18	0.012282
22	36	0.01225
1	8	0.012242
11	13	0.012209
15	42	0.012081
8	52	0.012072
13	14	0.012054
4	7	0.012006
15	21	0.011981
17	50	0.01198
43	50	0.011909
6	39	0.011905
12	14	0.011795
42	55	0.011791
42	53	0.011701
9	18	0.011499
3	55	0.011383
22	27	0.011371
13	27	0.011209
24	35	0.011195
8	30	0.011181
27	41	0.011156
14	19	0.011154
6	31	0.011042
16	32	0.010913
31	49	0.010913
6	14	0.010845
21	33	0.01079
41	44	0.010574
39	45	0.010535
23	53	0.010521
9	45	0.010503
14	43	0.010463
23	36	0.010331
8	19	0.010274
14	54	0.010241
7	40	0.01022
5	20	0.010208
2	29	0.010193
43	45	0.010137
6	17	0.010111
37	47	0.009928
38	40	0.009918
8	41	0.009743
22	28	0.009733
10	46	0.009727
39	43	0.009671
5	45	0.009645
24	33	0.009561
16	17	0.009493
8	47	0.00949
24	39	0.009483
6	36	0.009481
1	44	0.009433
12	29	0.009418
3	11	0.009386
2	27	0.009353
15	50	0.009315
19	47	0.009284
9	21	0.009211
15	18	0.009126
11	36	0.009107
18	39	0.00909
23	46	0.009086
7	16	0.009003
15	39	0.008985
28	47	0.008913
15	23	0.008794
43	47	0.008706
1	37	0.008671
7	23	0.008669
9	39	0.008663
23	38	0.008535
39	41	0.008458
22	35	0.008455
8	10	0.008434
42	51	0.008366
31	38	0.008363
17	19	0.00816
41	51	0.008079
32	36	0.008054
13	22	0.008032
24	27	0.008003
34	43	0.007953
2	12	0.007898
32	50	0.007889
2	21	0.007886
1	18	0.007802
39	48	0.007759
5	50	0.007739
42	47	0.007723
18	24	0.007709
15	16	0.007673
15	46	0.007622
24	51	0.007584
15	40	0.007508
7	14	0.007498
26	37	0.007477
2	20	0.007388
32	34	0.00736
28	44	0.007319
10	52	0.00729
14	45	0.007213
13	15	0.007155
13	29	0.007071
18	25	0.007052
26	32	0.007044
18	23	0.007
19	40	0.006984
11	15	0.006875
32	41	0.006859
31	42	0.006841
1	9	0.006816
2	5	0.006801
22	41	0.006796
6	50	0.006682
51	55	0.00666
17	24	0.006451
6	25	0.006377
31	46	0.006362
2	43	0.006358
11	23	0.006287
37	42	0.00626
23	41	0.006209
45	52	0.006185
6	10	0.006166
4	19	0.006128
23	34	0.006051
12	39	0.006045
21	41	0.006032
5	12	0.006026
32	44	0.005921
13	40	0.005899
21	48	0.005788
1	12	0.005647
30	47	0.005623
37	43	0.00558
16	47	0.005529
12	51	0.005524
5	40	0.005459
9	37	0.005459
12	18	0.005452
2	4	0.005368
2	39	0.005362
12	24	0.005329
39	54	0.005307
10	37	0.005197
4	12	0.005184
21	27	0.005118
14	30	0.00502
3	12	0.004929
6	19	0.004879
4	26	0.004835
18	29	0.00477
44	47	0.004712
12	28	0.004662
22	31	0.004589
8	26	0.004585
29	43	0.004451
32	33	0.004428
4	9	0.0044
11	45	0.004387
8	21	0.004328
18	33	0.004296
29	38	0.00425
14	47	0.004244
18	19	0.00419
35	48	0.004175
38	46	0.004114
24	48	0.004058
39	49	0.003994
24	43	0.003906
2	37	0.003899
37	52	0.003847
17	33	0.003736
2	17	0.003616
2	38	0.003606
7	17	0.003512
6	20	0.003509
1	38	0.003437
17	37	0.003343
2	34	0.003321
14	52	0.003239
13	24	0.003183
9	47	0.00314
37	41	0.003122
7	27	0.003109
29	52	0.00309
1	26	0.003057
19	39	0.003037
24	38	0.002905
15	45	0.002851
19	52	0.002795
2	32	0.002751
35	44	0.002738
10	14	0.002675
4	32	0.002671
2	8	0.002614
13	39	0.002421
10	50	0.002326
18	34	0.002262
34	41	0.002176
12	52	0.002029
21	47	0.002016
1	13	0.00199
3	27	0.001975
16	23	0.00195
3	20	0.001899
7	44	0.001845
15	48	0.001809
34	39	0.001792
4	34	0.00179
30	41	0.00179
40	53	0.001782
42	45	0.001743
11	43	0.001677
40	49	0.001662
11	40	0.001594
40	54	0.001543
6	27	0.001496
11	46	0.00148
12	21	0.001453
7	39	0.001431
24	46	0.001369
33	39	0.001301
21	40	0.001299
9	41	0.001269
32	47	0.001134
3	17	0.001106
15	17	0.001017
23	27	0.000962
25	44	0.000787
4	35	0.000744
13	52	0.000706
20	54	0.000679
17	55	0.000617
26	36	0.000601
15	29	0.000578
3	18	0.000557
8	44	0.00049
40	44	0.000483
33	38	0.000262
11	41	0.000238
14	38	0.000157
4	45	4.1e-05
8	16	1.1e-05
40	51	-3.4e-05
30	39	-4.1e-05
15	37	-0.000156
17	21	-0.000195
23	39	-0.000233
12	15	-0.000332
2	14	-0.000371
3	43	-0.000389
23	54	-0.000414
7	9	-0.000464
17	27	-0.000468
8	14	-0.000476
12	17	-0.000488
7	34	-0.000527
17	48	-0.000692
9	44	-0.000699
10	12	-0.000776
9	24	-0.000812
35	53	-0.000829
23	42	-0.000893
29	36	-0.000897
6	48	-0.000901
22	43	-0.000978
21	23	-0.000994
12	32	-0.001047
6	21	-0.001078
1	34	-0.001163
13	51	-0.00119
12	30	-0.001229
24	42	-0.001267
4	50	-0.001271
17	34	-0.001306
11	55	-0.001389
15	49	-0.001397
21	29	-0.001472
14	37	-0.001476
22	30	-0.001561
7	25	-0.001705
2	40	-0.001709
23	48	-0.001824
2	18	-0.001834
13	53	-0.001854
4	40	-0.001916
16	49	-0.001927
9	31	-0.002031
2	36	-0.002106
36	47	-0.002188
4	49	-0.002216
2	22	-0.002223
14	40	-0.002234
9	42	-0.002259
1	51	-0.002278
5	38	-0.002282
5	23	-0.002285
4	47	-0.002294
10	54	-0.002309
34	44	-0.002418
1	14	-0.002433
1	36	-0.00264
39	50	-0.002696
12	42	-0.002702
20	28	-0.002729
11	25	-0.002741
8	33	-0.002758
22	48	-0.002869
17	35	-0.002935
31	36	-0.002988
34	54	-0.003016
7	13	-0.003128
34	40	-0.00318
1	17	-0.003244
22	47	-0.003264
30	36	-0.003324
2	16	-0.003415
5	6	-0.003443
22	24	-0.00349
47	55	-0.00349
2	24	-0.003611
44	46	-0.003625
25	36	-0.003687
5	43	-0.0037
10	38	-0.003742
16	43	-0.003783
44	45	-0.003902
31	41	-0.003963
40	50	-0.003976
32	52	-0.003995
46	47	-0.004016
12	20	-0.004024
11	38	-0.004058
9	13	-0.004075
15	34	-0.00411
4	37	-0.004135
42	48	-0.004215
40	43	-0.004217
3	22	-0.004224
20	40	-0.004224
9	52	-0.004261
28	33	-0.004278
10	45	-0.004282
43	52	-0.004305
13	46	-0.004329
28	34	-0.004361
27	46	-0.004451
2	30	-0.004478
2	25	-0.004498
2	51	-0.004536
11	34	-0.004623
4	33	-0.004677
9	32	-0.004747
19	34	-0.004775
40	55	-0.004868
1	42	-0.004933
15	20	-0.004942
8	39	-0.004952
24	41	-0.004963
15	38	-0.005072
1	19	-0.005153
9	33	-0.005186
1	55	-0.005208
8	53	-0.005278
35	50	-0.005396
7	10	-0.005415
21	32	-0.005418
14	53	-0.005429
19	33	-0.00548
29	48	-0.005508
20	43	-0.005537
13	37	-0.005566
34	42	-0.00557
25	35	-0.005588
10	13	-0.005599
6	51	-0.0056
38	54	-0.005604
33	36	-0.005719
5	54	-0.005806
1	49	-0.005812
8	12	-0.005851
3	39	-0.005884
36	44	-0.005907
15	32	-0.005915
6	37	-0.005981
37	55	-0.006021
12	37	-0.006146
44	48	-0.006203
17	22	-0.006216
45	55	-0.006294
5	47	-0.006297
24	34	-0.006315
12	22	-0.006336
11	12	-0.006438
8	20	-0.006449
3	4	-0.006481
8	27	-0.006507
3	53	-0.006558
8	23	-0.006616
3	54	-0.006647
5	35	-0.006648
10	29	-0.006665
47	49	-0.006669
16	21	-0.00667
31	44	-0.00675
9	51	-0.006797
11	19	-0.006859
26	33	-0.006859
1	21	-0.006877
20	24	-0.006901
30	37	-0.006904
10	19	-0.007002
17	51	-0.007008
5	49	-0.007019
3	47	-0.007031
13	43	-0.007055
27	44	-0.007111
10	20	-0.007126
19	44	-0.007236
35	49	-0.007236
7	43	-0.0073
21	54	-0.007332
9	43	-0.007403
35	54	-0.007515
35	55	-0.007524
8	48	-0.007629
16	50	-0.007712
13	54	-0.007864
14	48	-0.007932
16	45	-0.007971
14	24	-0.007987
3	24	-0.008045
5	51	-0.008054
33	42	-0.008058
13	49	-0.008077
29	46	-0.008097
27	40	-0.008128
36	52	-0.008209
18	47	-0.008235
8	46	-0.00825
6	46	-0.00827
6	30	-0.008273
16	37	-0.008295
25	47	-0.008363
3	48	-0.008379
25	38	-0.008398
34	53	-0.008422
16	39	-0.008433
42	49	-0.008479
22	26	-0.00849
4	10	-0.008522
3	36	-0.008591
6	35	-0.008659
3	6	-0.008671
3	14	-0.008704
18	46	-0.00875
7	21	-0.008773
19	29	-0.008787
12	48	-0.008805
18	41	-0.008864
19	24	-0.008912
7	35	-0.008915
31	53	-0.008969
1	27	-0.008998
38	47	-0.009016
5	28	-0.009037
16	38	-0.009046
2	19	-0.009086
11	50	-0.009094
13	18	-0.0091
38	55	-0.00913
4	48	-0.009189
19	42	-0.009197
5	30	-0.009204
6	33	-0.009251
15	36	-0.009252
6	23	-0.009353
3	45	-0.009383
47	50	-0.009496
38	43	-0.009502
36	39	-0.009512
16	30	-0.009574
30	55	-0.009636
9	38	-0.009709
2	31	-0.009757
36	53	-0.009758
32	38	-0.009779
7	49	-0.00983
13	16	-0.009891
26	47	-0.009892
37	46	-0.009897
3	13	-0.009907
24	36	-0.009916
7	55	-0.009943
16	33	-0.010081
9	14	-0.01011
29	40	-0.010127
10	15	-0.010165
5	22	-0.010196
1	11	-0.01022
29	34	-0.01026
7	42	-0.010276
18	40	-0.010344
4	15	-0.010426
7	20	-0.010468
15	26	-0.010487
7	31	-0.010504
14	27	-0.010621
5	41	-0.010857
47	48	-0.01093
31	45	-0.010937
1	31	-0.011036
14	41	-0.011039
32	55	-0.011058
19	38	-0.011098
43	54	-0.011227
22	55	-0.011284
7	30	-0.011393
9	36	-0.011415
16	22	-0.011447
1	39	-0.011539
16	26	-0.011593
13	36	-0.011649
13	48	-0.011651
21	49	-0.011656
4	51	-0.011711
22	44	-0.011722
43	51	-0.011799
11	29	-0.011828
3	37	-0.011841
11	48	-0.012051
2	33	-0.012071
38	42	-0.012077
23	26	-0.012134
1	20	-0.012188
26	34	-0.012206
1	46	-0.012222
21	22	-0.012226
17	41	-0.012246
39	52	-0.012283
9	22	-0.012291
13	34	-0.012291
4	46	-0.012328
31	50	-0.012343
8	11	-0.012446
1	33	-0.012486
15	24	-0.012492
20	25	-0.012493
34	52	-0.0125
2	55	-0.012515
7	37	-0.012554
2	23	-0.012605
11	47	-0.012619
4	22	-0.012621
31	35	-0.012626
23	29	-0.012663
10	47	-0.012773
4	25	-0.012787
20	23	-0.012794
7	11	-0.012804
11	16	-0.012804
30	35	-0.012805
36	45	-0.01283
2	3	-0.012857
6	11	-0.012962
17	40	-0.01298
28	48	-0.012992
7	19	-0.013037
13	33	-0.013076
17	53	-0.013084
10	21	-0.013121
4	31	-0.013157
20	34	-0.013157
15	44	-0.013161
11	24	-0.013225
19	41	-0.013267
6	42	-0.013297
2	48	-0.013337
12	38	-0.013367
3	16	-0.013395
10	35	-0.013455
23	28	-0.013539
3	41	-0.01366
27	38	-0.013681
1	24	-0.013687
13	42	-0.013756
15	25	-0.013805
6	18	-0.013875
20	32	-0.013886
13	55	-0.013912
9	53	-0.013929
13	45	-0.013957
11	26	-0.013965
4	18	-0.01402
17	26	-0.014046
14	49	-0.014078
7	29	-0.014079
27	36	-0.014119
29	53	-0.014159
1	3	-0.014162
6	29	-0.014252
11	31	-0.01427
10	30	-0.014324
12	27	-0.014563
16	51	-0.014605
10	32	-0.014619
26	53	-0.01466
11	32	-0.014662
14	33	-0.014679
23	45	-0.014681
3	40	-0.014755
20	47	-0.014779
12	23	-0.014786
18	54	-0.014855
29	42	-0.014906
13	23	-0.014972
32	54	-0.01499
6	28	-0.015228
17	25	-0.015269
15	28	-0.015277
6	38	-0.015281
18	50	-0.015325
8	35	-0.015358
1	22	-0.015363
38	49	-0.015385
28	51	-0.01546
12	41	-0.015495
26	52	-0.015525
33	37	-0.01559
21	53	-0.015597
20	55	-0.0161
21	30	-0.016202
23	25	-0.016296
8	31	-0.016309
1	23	-0.016321
12	55	-0.016322
9	12	-0.016329
4	41	-0.016373
14	50	-0.016403
10	42	-0.016422
23	55	-0.01648
33	55	-0.016573
20	22	-0.016575
6	45	-0.016604
3	32	-0.016625
29	44	-0.016638
20	49	-0.016654
1	2	-0.016686
9	20	-0.016695
32	35	-0.016721
31	47	-0.016789
17	45	-0.016802
8	54	-0.016807
4	13	-0.016843
2	45	-0.016858
10	34	-0.016881
7	46	-0.016904
3	50	-0.016952
12	36	-0.016971
5	11	-0.017032
8	29	-0.017032
11	33	-0.017092
18	49	-0.017234
16	20	-0.017245
32	37	-0.017248
11	22	-0.017259
9	46	-0.017338
37	51	-0.017373
5	53	-0.01742
15	31	-0.017472
5	15	-0.01758
1	45	-0.017652
8	25	-0.017673
7	51	-0.017686
40	45	-0.017706
27	54	-0.017727
28	36	-0.017795
36	37	-0.017806
16	34	-0.017827
11	39	-0.01783
10	25	-0.017955
19	25	-0.017974
20	41	-0.017986
3	23	-0.017989
1	30	-0.018057
10	26	-0.018074
2	6	-0.018107
39	51	-0.018133
29	41	-0.018137
18	55	-0.018161
12	33	-0.018169
37	50	-0.018173
34	48	-0.018193
26	41	-0.018239
20	31	-0.018247
33	41	-0.018321
5	9	-0.018351
29	54	-0.018365
11	27	-0.018366
35	37	-0.018399
16	31	-0.018438
17	31	-0.018457
20	26	-0.018572
30	45	-0.018612
22	54	-0.018643
14	34	-0.018661
31	54	-0.018664
20	53	-0.0187
10	22	-0.018761
39	46	-0.018856
38	50	-0.019051
17	54	-0.019201
25	50	-0.019216
38	53	-0.019283
26	44	-0.019301
7	22	-0.019347
18	27	-0.019367
34	50	-0.019418
24	54	-0.019424
25	45	-0.019448
18	31	-0.019465
5	29	-0.019507
16	44	-0.019537
5	46	-0.01954
3	33	-0.019548
7	24	-0.019585
6	8	-0.019602
5	48	-0.019603
12	54	-0.019688
18	32	-0.01969
21	46	-0.019691
12	25	-0.019708
4	21	-0.019771
10	39	-0.019782
11	35	-0.019787
39	53	-0.019954
12	49	-0.019964
16	41	-0.01998
29	39	-0.019985
7	18	-0.020014
30	44	-0.020167
9	34	-0.02024
18	43	-0.020342
37	54	-0.020348
3	38	-0.020365
22	40	-0.020409
4	36	-0.02042
38	52	-0.020451
16	29	-0.020455
3	34	-0.020466
4	23	-0.020497
16	53	-0.020518
6	49	-0.020557
24	52	-0.020638
12	44	-0.020652
23	51	-0.02069
21	25	-0.020691
35	42	-0.020698
30	51	-0.0207
1	52	-0.020729
26	42	-0.02077
7	48	-0.020805
14	23	-0.020808
19	31	-0.020845
6	47	-0.020902
9	54	-0.020952
3	44	-0.020995
1	53	-0.020997
32	45	-0.021017
5	13	-0.021046
15	43	-0.021097
22	46	-0.021098
32	53	-0.021108
9	55	-0.021144
4	24	-0.02116
6	55	-0.02119
16	27	-0.021208
32	39	-0.021252
31	39	-0.021272
13	19	-0.021277
24	44	-0.021281
7	45	-0.02131
23	50	-0.021414
15	55	-0.021447
9	23	-0.021533
2	49	-0.021614
1	15	-0.021722
24	47	-0.021738
18	52	-0.021813
10	16	-0.021815
39	55	-0.02203
16	35	-0.022077
16	28	-0.022089
12	35	-0.022143
37	44	-0.022146
3	35	-0.022226
3	29	-0.022259
28	37	-0.022272
19	55	-0.022342
9	15	-0.022378
27	55	-0.022418
28	39	-0.022426
2	47	-0.022434
26	55	-0.022485
36	55	-0.022486
7	38	-0.022509
16	54	-0.022582
17	52	-0.022593
35	39	-0.02265
16	55	-0.022725
12	47	-0.022749
28	42	-0.022754
35	40	-0.022866
1	54	-0.022969
16	46	-0.023038
12	53	-0.023074
8	34	-0.023228
25	49	-0.023231
1	43	-0.023264
26	39	-0.023297
2	7	-0.023305
28	54	-0.023317
23	49	-0.02341
11	17	-0.023429
1	29	-0.023611
14	44	-0.023629
30	43	-0.023659
3	52	-0.023665
4	54	-0.023667
30	53	-0.023757
23	40	-0.02377
45	47	-0.023837
18	53	-0.023855
6	9	-0.023861
26	40	-0.023869
16	48	-0.023884
13	35	-0.024058
13	47	-0.02407
15	35	-0.024223
3	15	-0.024226
2	50	-0.024304
17	36	-0.024363
26	46	-0.024385
15	30	-0.024477
2	54	-0.024504
25	39	-0.024602
34	37	-0.024728
36	51	-0.024747
1	41	-0.024805
13	38	-0.02494
2	41	-0.024949
6	52	-0.024981
19	54	-0.025008
37	48	-0.025143
33	53	-0.025177
5	44	-0.025223
31	40	-0.025418
6	54	-0.025419
6	53	-0.025438
19	53	-0.025474
24	49	-0.025533
9	29	-0.025661
22	53	-0.025672
10	51	-0.025695
10	33	-0.02571
35	52	-0.025717
1	35	-0.025924
6	15	-0.025962
13	20	-0.02604
23	52	-0.02617
36	41	-0.026246
14	28	-0.026266
34	51	-0.026304
8	15	-0.026318
6	41	-0.026366
17	23	-0.026444
10	31	-0.026465
4	53	-0.026516
6	44	-0.0268
4	44	-0.026858
17	44	-0.026858
14	29	-0.026875
4	28	-0.026935
2	53	-0.02694
36	49	-0.026969
20	45	-0.026995
33	44	-0.02709
8	40	-0.027114
25	54	-0.027264
22	50	-0.02734
32	49	-0.027403
8	45	-0.027436
24	50	-0.027469
13	21	-0.02747
3	30	-0.027495
4	39	-0.027551
2	15	-0.027639
36	54	-0.027682
24	37	-0.027727
22	52	-0.027779
27	39	-0.02784
8	13	-0.028303
30	40	-0.028352
4	38	-0.028415
28	50	-0.028463
32	42	-0.028497
24	53	-0.028585
30	52	-0.028745
11	42	-0.028821
20	29	-0.02896
47	52	-0.029047
27	43	-0.029248
9	48	-0.029293
7	15	-0.029376
21	42	-0.029415
29	51	-0.02942
10	41	-0.02945
33	48	-0.029494
28	43	-0.029498
25	43	-0.029508
20	52	-0.029571
24	45	-0.029588
47	54	-0.029598
8	32	-0.029643
16	25	-0.029649
3	26	-0.029679
14	31	-0.02982
17	28	-0.029825
8	51	-0.029891
28	49	-0.029933
28	53	-0.030043
47	53	-0.030135
20	35	-0.030136
38	45	-0.030208
41	47	-0.030251
21	50	-0.030263
35	46	-0.030306
10	17	-0.030383
33	49	-0.030455
20	44	-0.030463
12	46	-0.030466
31	48	-0.030525
8	49	-0.030612
9	27	-0.030621
12	45	-0.030656
7	53	-0.030771
7	52	-0.030794
22	45	-0.03082
16	24	-0.030826
9	16	-0.030841
4	17	-0.030889
5	21	-0.031261
14	32	-0.031277
5	18	-0.031384
38	44	-0.031395
33	45	-0.031438
19	23	-0.031498
33	40	-0.031564
5	42	-0.031575
24	55	-0.031669
27	53	-0.031867
5	10	-0.03187
7	41	-0.031886
7	54	-0.032132
40	48	-0.032161
14	17	-0.032414
25	40	-0.032523
21	43	-0.032626
11	21	-0.032714
27	45	-0.032906
17	46	-0.032931
19	49	-0.032995
33	52	-0.033004
27	35	-0.03306
33	43	-0.033078
22	51	-0.033218
30	54	-0.033296
28	41	-0.03335
1	48	-0.033458
5	32	-0.033525
34	45	-0.033543
5	36	-0.033605
31	43	-0.033728
12	50	-0.03378
18	45	-0.034109
19	28	-0.034396
26	50	-0.034463
25	37	-0.034591
17	29	-0.034619
21	44	-0.034819
8	50	-0.034858
31	52	-0.034891
19	45	-0.034941
20	50	-0.034988
26	48	-0.035021
30	49	-0.035113
1	10	-0.035178
37	49	-0.035323
26	43	-0.035344
25	55	-0.035447
8	36	-0.035542
31	55	-0.035585
38	51	-0.035594
23	43	-0.035661
27	52	-0.035747
37	53	-0.035763
22	49	-0.035809
25	51	-0.036104
18	44	-0.03616
17	32	-0.036166
3	42	-0.036213
13	41	-0.036495
33	51	-0.036695
18	42	-0.036786
25	53	-0.036898
12	43	-0.037126
31	37	-0.037149
5	31	-0.03746
11	28	-0.037556
26	49	-0.037572
5	55	-0.037573
36	46	-0.037808
40	46	-0.037837
5	25	-0.037844
17	49	-0.038108
24	40	-0.038151
10	27	-0.03837
28	46	-0.038481
30	46	-0.038888
34	49	-0.038965
8	22	-0.039021
28	45	-0.039179
20	51	-0.039236
5	24	-0.039586
32	48	-0.039685
8	24	-0.039783
19	35	-0.039968
33	54	-0.039976
27	50	-0.040235
25	52	-0.0403
23	37	-0.040606
34	46	-0.040929
28	40	-0.041047
18	48	-0.041098
4	29	-0.04114
9	49	-0.041388
25	46	-0.041918
19	43	-0.042039
28	52	-0.042059
14	46	-0.042172
36	50	-0.042289
26	51	-0.042318
25	48	-0.042926
21	52	-0.043467
11	30	-0.043614
39	44	-0.043639
18	28	-0.043853
27	34	-0.044038
30	50	-0.044218
25	41	-0.044349
10	28	-0.044468
9	50	-0.044656
27	51	-0.044801
19	50	-0.044812
9	40	-0.045619
30	42	-0.04579
21	55	-0.046073
33	50	-0.046312
18	51	-0.046384
20	46	-0.046432
19	32	-0.046698
5	34	-0.046927
32	46	-0.047025
32	51	-0.04709
27	49	-0.047316
29	45	-0.047732
22	42	-0.04855
29	49	-0.048608
31	51	-0.049124
26	38	-0.049236
4	55	-0.049453
14	35	-0.049574
30	48	-0.049941
38	48	-0.050028
32	43	-0.051549
21	34	-0.051625
11	37	-0.052742
10	40	-0.053189
18	26	-0.05372
19	48	-0.057323
19	46	-0.05735
29	50	-0.057908
4	42	-0.060895
14	39	-0.061805
28	38	-0.062166