#==========================================================================
# The first and second rows contain site pairs (i, j) such that j > i
# The third row contains coevolutionary scores obtained 
# using EVCouplings algorithm.
# Note that in this data sites are counted/labelled starting from 1
#==========================================================================
11	73	0.015556
14	76	0.004887
14	75	0.003913
2	7	0.003307
2	8	0.003307
2	9	0.003307
2	13	0.003307
2	15	0.003307
2	16	0.003307
7	8	0.003307
7	9	0.003307
7	13	0.003307
7	15	0.003307
7	16	0.003307
8	9	0.003307
8	13	0.003307
8	15	0.003307
8	16	0.003307
9	13	0.003307
9	15	0.003307
9	16	0.003307
13	15	0.003307
13	16	0.003307
15	16	0.003307
2	75	0.00327
7	75	0.00327
8	75	0.00327
9	75	0.00327
13	75	0.00327
15	75	0.00327
16	75	0.00327
2	76	0.003153
7	76	0.003153
8	76	0.003153
9	76	0.003153
13	76	0.003153
15	76	0.003153
16	76	0.003153
75	76	0.003088
2	14	0.002761
7	14	0.002761
8	14	0.002761
9	14	0.002761
13	14	0.002761
14	15	0.002761
14	16	0.002761
2	3	0.002524
3	7	0.002524
3	8	0.002524
3	9	0.002524
3	13	0.002524
3	15	0.002524
3	16	0.002524
11	14	0.002521
3	75	0.002423
3	76	0.002183
3	14	0.001666
11	12	0.001561
2	11	0.001538
7	11	0.001538
8	11	0.001538
9	11	0.001538
11	13	0.001538
11	15	0.001538
11	16	0.001538
11	75	0.001356
10	73	0.001324
2	73	0.001175
7	73	0.001175
8	73	0.001175
9	73	0.001175
13	73	0.001175
15	73	0.001175
16	73	0.001175
14	73	0.001168
11	76	0.001057
73	75	0.001005
73	76	0.000881
10	11	0.000691
4	11	0.000625
3	11	0.000193
1	6	0.000171
5	6	0.000171
6	17	0.000171
6	18	0.000171
6	19	0.000171
6	20	0.000171
6	21	0.000171
6	22	0.000171
6	23	0.000171
6	24	0.000171
6	25	0.000171
6	26	0.000171
6	27	0.000171
6	28	0.000171
6	29	0.000171
6	30	0.000171
6	31	0.000171
6	32	0.000171
6	33	0.000171
6	34	0.000171
6	35	0.000171
6	36	0.000171
6	37	0.000171
6	38	0.000171
6	39	0.000171
6	40	0.000171
6	41	0.000171
6	42	0.000171
6	43	0.000171
6	44	0.000171
6	45	0.000171
6	46	0.000171
6	47	0.000171
6	48	0.000171
6	49	0.000171
6	50	0.000171
6	51	0.000171
6	52	0.000171
6	53	0.000171
6	54	0.000171
6	55	0.000171
6	56	0.000171
6	57	0.000171
6	58	0.000171
6	59	0.000171
6	60	0.000171
6	61	0.000171
6	62	0.000171
6	63	0.000171
6	64	0.000171
6	65	0.000171
6	66	0.000171
6	67	0.000171
6	68	0.000171
6	69	0.000171
6	70	0.000171
6	71	0.000171
6	72	0.000171
6	74	0.000171
1	5	0.000168
1	17	0.000168
1	18	0.000168
1	19	0.000168
1	20	0.000168
1	21	0.000168
1	22	0.000168
1	23	0.000168
1	24	0.000168
1	25	0.000168
1	26	0.000168
1	27	0.000168
1	28	0.000168
1	29	0.000168
1	30	0.000168
1	31	0.000168
1	32	0.000168
1	33	0.000168
1	34	0.000168
1	35	0.000168
1	36	0.000168
1	37	0.000168
1	38	0.000168
1	39	0.000168
1	40	0.000168
1	41	0.000168
1	42	0.000168
1	43	0.000168
1	44	0.000168
1	45	0.000168
1	46	0.000168
1	47	0.000168
1	48	0.000168
1	49	0.000168
1	50	0.000168
1	51	0.000168
1	52	0.000168
1	53	0.000168
1	54	0.000168
1	55	0.000168
1	56	0.000168
1	57	0.000168
1	58	0.000168
1	59	0.000168
1	60	0.000168
1	61	0.000168
1	62	0.000168
1	63	0.000168
1	64	0.000168
1	65	0.000168
1	66	0.000168
1	67	0.000168
1	68	0.000168
1	69	0.000168
1	70	0.000168
1	71	0.000168
1	72	0.000168
1	74	0.000168
5	17	0.000168
5	18	0.000168
5	19	0.000168
5	20	0.000168
5	21	0.000168
5	22	0.000168
5	23	0.000168
5	24	0.000168
5	25	0.000168
5	26	0.000168
5	27	0.000168
5	28	0.000168
5	29	0.000168
5	30	0.000168
5	31	0.000168
5	32	0.000168
5	33	0.000168
5	34	0.000168
5	35	0.000168
5	36	0.000168
5	37	0.000168
5	38	0.000168
5	39	0.000168
5	40	0.000168
5	41	0.000168
5	42	0.000168
5	43	0.000168
5	44	0.000168
5	45	0.000168
5	46	0.000168
5	47	0.000168
5	48	0.000168
5	49	0.000168
5	50	0.000168
5	51	0.000168
5	52	0.000168
5	53	0.000168
5	54	0.000168
5	55	0.000168
5	56	0.000168
5	57	0.000168
5	58	0.000168
5	59	0.000168
5	60	0.000168
5	61	0.000168
5	62	0.000168
5	63	0.000168
5	64	0.000168
5	65	0.000168
5	66	0.000168
5	67	0.000168
5	68	0.000168
5	69	0.000168
5	70	0.000168
5	71	0.000168
5	72	0.000168
5	74	0.000168
17	18	0.000168
17	19	0.000168
17	20	0.000168
17	21	0.000168
17	22	0.000168
17	23	0.000168
17	24	0.000168
17	25	0.000168
17	26	0.000168
17	27	0.000168
17	28	0.000168
17	29	0.000168
17	30	0.000168
17	31	0.000168
17	32	0.000168
17	33	0.000168
17	34	0.000168
17	35	0.000168
17	36	0.000168
17	37	0.000168
17	38	0.000168
17	39	0.000168
17	40	0.000168
17	41	0.000168
17	42	0.000168
17	43	0.000168
17	44	0.000168
17	45	0.000168
17	46	0.000168
17	47	0.000168
17	48	0.000168
17	49	0.000168
17	50	0.000168
17	51	0.000168
17	52	0.000168
17	53	0.000168
17	54	0.000168
17	55	0.000168
17	56	0.000168
17	57	0.000168
17	58	0.000168
17	59	0.000168
17	60	0.000168
17	61	0.000168
17	62	0.000168
17	63	0.000168
17	64	0.000168
17	65	0.000168
17	66	0.000168
17	67	0.000168
17	68	0.000168
17	69	0.000168
17	70	0.000168
17	71	0.000168
17	72	0.000168
17	74	0.000168
18	19	0.000168
18	20	0.000168
18	21	0.000168
18	22	0.000168
18	23	0.000168
18	24	0.000168
18	25	0.000168
18	26	0.000168
18	27	0.000168
18	28	0.000168
18	29	0.000168
18	30	0.000168
18	31	0.000168
18	32	0.000168
18	33	0.000168
18	34	0.000168
18	35	0.000168
18	36	0.000168
18	37	0.000168
18	38	0.000168
18	39	0.000168
18	40	0.000168
18	41	0.000168
18	42	0.000168
18	43	0.000168
18	44	0.000168
18	45	0.000168
18	46	0.000168
18	47	0.000168
18	48	0.000168
18	49	0.000168
18	50	0.000168
18	51	0.000168
18	52	0.000168
18	53	0.000168
18	54	0.000168
18	55	0.000168
18	56	0.000168
18	57	0.000168
18	58	0.000168
18	59	0.000168
18	60	0.000168
18	61	0.000168
18	62	0.000168
18	63	0.000168
18	64	0.000168
18	65	0.000168
18	66	0.000168
18	67	0.000168
18	68	0.000168
18	69	0.000168
18	70	0.000168
18	71	0.000168
18	72	0.000168
18	74	0.000168
19	20	0.000168
19	21	0.000168
19	22	0.000168
19	23	0.000168
19	24	0.000168
19	25	0.000168
19	26	0.000168
19	27	0.000168
19	28	0.000168
19	29	0.000168
19	30	0.000168
19	31	0.000168
19	32	0.000168
19	33	0.000168
19	34	0.000168
19	35	0.000168
19	36	0.000168
19	37	0.000168
19	38	0.000168
19	39	0.000168
19	40	0.000168
19	41	0.000168
19	42	0.000168
19	43	0.000168
19	44	0.000168
19	45	0.000168
19	46	0.000168
19	47	0.000168
19	48	0.000168
19	49	0.000168
19	50	0.000168
19	51	0.000168
19	52	0.000168
19	53	0.000168
19	54	0.000168
19	55	0.000168
19	56	0.000168
19	57	0.000168
19	58	0.000168
19	59	0.000168
19	60	0.000168
19	61	0.000168
19	62	0.000168
19	63	0.000168
19	64	0.000168
19	65	0.000168
19	66	0.000168
19	67	0.000168
19	68	0.000168
19	69	0.000168
19	70	0.000168
19	71	0.000168
19	72	0.000168
19	74	0.000168
20	21	0.000168
20	22	0.000168
20	23	0.000168
20	24	0.000168
20	25	0.000168
20	26	0.000168
20	27	0.000168
20	28	0.000168
20	29	0.000168
20	30	0.000168
20	31	0.000168
20	32	0.000168
20	33	0.000168
20	34	0.000168
20	35	0.000168
20	36	0.000168
20	37	0.000168
20	38	0.000168
20	39	0.000168
20	40	0.000168
20	41	0.000168
20	42	0.000168
20	43	0.000168
20	44	0.000168
20	45	0.000168
20	46	0.000168
20	47	0.000168
20	48	0.000168
20	49	0.000168
20	50	0.000168
20	51	0.000168
20	52	0.000168
20	53	0.000168
20	54	0.000168
20	55	0.000168
20	56	0.000168
20	57	0.000168
20	58	0.000168
20	59	0.000168
20	60	0.000168
20	61	0.000168
20	62	0.000168
20	63	0.000168
20	64	0.000168
20	65	0.000168
20	66	0.000168
20	67	0.000168
20	68	0.000168
20	69	0.000168
20	70	0.000168
20	71	0.000168
20	72	0.000168
20	74	0.000168
21	22	0.000168
21	23	0.000168
21	24	0.000168
21	25	0.000168
21	26	0.000168
21	27	0.000168
21	28	0.000168
21	29	0.000168
21	30	0.000168
21	31	0.000168
21	32	0.000168
21	33	0.000168
21	34	0.000168
21	35	0.000168
21	36	0.000168
21	37	0.000168
21	38	0.000168
21	39	0.000168
21	40	0.000168
21	41	0.000168
21	42	0.000168
21	43	0.000168
21	44	0.000168
21	45	0.000168
21	46	0.000168
21	47	0.000168
21	48	0.000168
21	49	0.000168
21	50	0.000168
21	51	0.000168
21	52	0.000168
21	53	0.000168
21	54	0.000168
21	55	0.000168
21	56	0.000168
21	57	0.000168
21	58	0.000168
21	59	0.000168
21	60	0.000168
21	61	0.000168
21	62	0.000168
21	63	0.000168
21	64	0.000168
21	65	0.000168
21	66	0.000168
21	67	0.000168
21	68	0.000168
21	69	0.000168
21	70	0.000168
21	71	0.000168
21	72	0.000168
21	74	0.000168
22	23	0.000168
22	24	0.000168
22	25	0.000168
22	26	0.000168
22	27	0.000168
22	28	0.000168
22	29	0.000168
22	30	0.000168
22	31	0.000168
22	32	0.000168
22	33	0.000168
22	34	0.000168
22	35	0.000168
22	36	0.000168
22	37	0.000168
22	38	0.000168
22	39	0.000168
22	40	0.000168
22	41	0.000168
22	42	0.000168
22	43	0.000168
22	44	0.000168
22	45	0.000168
22	46	0.000168
22	47	0.000168
22	48	0.000168
22	49	0.000168
22	50	0.000168
22	51	0.000168
22	52	0.000168
22	53	0.000168
22	54	0.000168
22	55	0.000168
22	56	0.000168
22	57	0.000168
22	58	0.000168
22	59	0.000168
22	60	0.000168
22	61	0.000168
22	62	0.000168
22	63	0.000168
22	64	0.000168
22	65	0.000168
22	66	0.000168
22	67	0.000168
22	68	0.000168
22	69	0.000168
22	70	0.000168
22	71	0.000168
22	72	0.000168
22	74	0.000168
23	24	0.000168
23	25	0.000168
23	26	0.000168
23	27	0.000168
23	28	0.000168
23	29	0.000168
23	30	0.000168
23	31	0.000168
23	32	0.000168
23	33	0.000168
23	34	0.000168
23	35	0.000168
23	36	0.000168
23	37	0.000168
23	38	0.000168
23	39	0.000168
23	40	0.000168
23	41	0.000168
23	42	0.000168
23	43	0.000168
23	44	0.000168
23	45	0.000168
23	46	0.000168
23	47	0.000168
23	48	0.000168
23	49	0.000168
23	50	0.000168
23	51	0.000168
23	52	0.000168
23	53	0.000168
23	54	0.000168
23	55	0.000168
23	56	0.000168
23	57	0.000168
23	58	0.000168
23	59	0.000168
23	60	0.000168
23	61	0.000168
23	62	0.000168
23	63	0.000168
23	64	0.000168
23	65	0.000168
23	66	0.000168
23	67	0.000168
23	68	0.000168
23	69	0.000168
23	70	0.000168
23	71	0.000168
23	72	0.000168
23	74	0.000168
24	25	0.000168
24	26	0.000168
24	27	0.000168
24	28	0.000168
24	29	0.000168
24	30	0.000168
24	31	0.000168
24	32	0.000168
24	33	0.000168
24	34	0.000168
24	35	0.000168
24	36	0.000168
24	37	0.000168
24	38	0.000168
24	39	0.000168
24	40	0.000168
24	41	0.000168
24	42	0.000168
24	43	0.000168
24	44	0.000168
24	45	0.000168
24	46	0.000168
24	47	0.000168
24	48	0.000168
24	49	0.000168
24	50	0.000168
24	51	0.000168
24	52	0.000168
24	53	0.000168
24	54	0.000168
24	55	0.000168
24	56	0.000168
24	57	0.000168
24	58	0.000168
24	59	0.000168
24	60	0.000168
24	61	0.000168
24	62	0.000168
24	63	0.000168
24	64	0.000168
24	65	0.000168
24	66	0.000168
24	67	0.000168
24	68	0.000168
24	69	0.000168
24	70	0.000168
24	71	0.000168
24	72	0.000168
24	74	0.000168
25	26	0.000168
25	27	0.000168
25	28	0.000168
25	29	0.000168
25	30	0.000168
25	31	0.000168
25	32	0.000168
25	33	0.000168
25	34	0.000168
25	35	0.000168
25	36	0.000168
25	37	0.000168
25	38	0.000168
25	39	0.000168
25	40	0.000168
25	41	0.000168
25	42	0.000168
25	43	0.000168
25	44	0.000168
25	45	0.000168
25	46	0.000168
25	47	0.000168
25	48	0.000168
25	49	0.000168
25	50	0.000168
25	51	0.000168
25	52	0.000168
25	53	0.000168
25	54	0.000168
25	55	0.000168
25	56	0.000168
25	57	0.000168
25	58	0.000168
25	59	0.000168
25	60	0.000168
25	61	0.000168
25	62	0.000168
25	63	0.000168
25	64	0.000168
25	65	0.000168
25	66	0.000168
25	67	0.000168
25	68	0.000168
25	69	0.000168
25	70	0.000168
25	71	0.000168
25	72	0.000168
25	74	0.000168
26	27	0.000168
26	28	0.000168
26	29	0.000168
26	30	0.000168
26	31	0.000168
26	32	0.000168
26	33	0.000168
26	34	0.000168
26	35	0.000168
26	36	0.000168
26	37	0.000168
26	38	0.000168
26	39	0.000168
26	40	0.000168
26	41	0.000168
26	42	0.000168
26	43	0.000168
26	44	0.000168
26	45	0.000168
26	46	0.000168
26	47	0.000168
26	48	0.000168
26	49	0.000168
26	50	0.000168
26	51	0.000168
26	52	0.000168
26	53	0.000168
26	54	0.000168
26	55	0.000168
26	56	0.000168
26	57	0.000168
26	58	0.000168
26	59	0.000168
26	60	0.000168
26	61	0.000168
26	62	0.000168
26	63	0.000168
26	64	0.000168
26	65	0.000168
26	66	0.000168
26	67	0.000168
26	68	0.000168
26	69	0.000168
26	70	0.000168
26	71	0.000168
26	72	0.000168
26	74	0.000168
27	28	0.000168
27	29	0.000168
27	30	0.000168
27	31	0.000168
27	32	0.000168
27	33	0.000168
27	34	0.000168
27	35	0.000168
27	36	0.000168
27	37	0.000168
27	38	0.000168
27	39	0.000168
27	40	0.000168
27	41	0.000168
27	42	0.000168
27	43	0.000168
27	44	0.000168
27	45	0.000168
27	46	0.000168
27	47	0.000168
27	48	0.000168
27	49	0.000168
27	50	0.000168
27	51	0.000168
27	52	0.000168
27	53	0.000168
27	54	0.000168
27	55	0.000168
27	56	0.000168
27	57	0.000168
27	58	0.000168
27	59	0.000168
27	60	0.000168
27	61	0.000168
27	62	0.000168
27	63	0.000168
27	64	0.000168
27	65	0.000168
27	66	0.000168
27	67	0.000168
27	68	0.000168
27	69	0.000168
27	70	0.000168
27	71	0.000168
27	72	0.000168
27	74	0.000168
28	29	0.000168
28	30	0.000168
28	31	0.000168
28	32	0.000168
28	33	0.000168
28	34	0.000168
28	35	0.000168
28	36	0.000168
28	37	0.000168
28	38	0.000168
28	39	0.000168
28	40	0.000168
28	41	0.000168
28	42	0.000168
28	43	0.000168
28	44	0.000168
28	45	0.000168
28	46	0.000168
28	47	0.000168
28	48	0.000168
28	49	0.000168
28	50	0.000168
28	51	0.000168
28	52	0.000168
28	53	0.000168
28	54	0.000168
28	55	0.000168
28	56	0.000168
28	57	0.000168
28	58	0.000168
28	59	0.000168
28	60	0.000168
28	61	0.000168
28	62	0.000168
28	63	0.000168
28	64	0.000168
28	65	0.000168
28	66	0.000168
28	67	0.000168
28	68	0.000168
28	69	0.000168
28	70	0.000168
28	71	0.000168
28	72	0.000168
28	74	0.000168
29	30	0.000168
29	31	0.000168
29	32	0.000168
29	33	0.000168
29	34	0.000168
29	35	0.000168
29	36	0.000168
29	37	0.000168
29	38	0.000168
29	39	0.000168
29	40	0.000168
29	41	0.000168
29	42	0.000168
29	43	0.000168
29	44	0.000168
29	45	0.000168
29	46	0.000168
29	47	0.000168
29	48	0.000168
29	49	0.000168
29	50	0.000168
29	51	0.000168
29	52	0.000168
29	53	0.000168
29	54	0.000168
29	55	0.000168
29	56	0.000168
29	57	0.000168
29	58	0.000168
29	59	0.000168
29	60	0.000168
29	61	0.000168
29	62	0.000168
29	63	0.000168
29	64	0.000168
29	65	0.000168
29	66	0.000168
29	67	0.000168
29	68	0.000168
29	69	0.000168
29	70	0.000168
29	71	0.000168
29	72	0.000168
29	74	0.000168
30	31	0.000168
30	32	0.000168
30	33	0.000168
30	34	0.000168
30	35	0.000168
30	36	0.000168
30	37	0.000168
30	38	0.000168
30	39	0.000168
30	40	0.000168
30	41	0.000168
30	42	0.000168
30	43	0.000168
30	44	0.000168
30	45	0.000168
30	46	0.000168
30	47	0.000168
30	48	0.000168
30	49	0.000168
30	50	0.000168
30	51	0.000168
30	52	0.000168
30	53	0.000168
30	54	0.000168
30	55	0.000168
30	56	0.000168
30	57	0.000168
30	58	0.000168
30	59	0.000168
30	60	0.000168
30	61	0.000168
30	62	0.000168
30	63	0.000168
30	64	0.000168
30	65	0.000168
30	66	0.000168
30	67	0.000168
30	68	0.000168
30	69	0.000168
30	70	0.000168
30	71	0.000168
30	72	0.000168
30	74	0.000168
31	32	0.000168
31	33	0.000168
31	34	0.000168
31	35	0.000168
31	36	0.000168
31	37	0.000168
31	38	0.000168
31	39	0.000168
31	40	0.000168
31	41	0.000168
31	42	0.000168
31	43	0.000168
31	44	0.000168
31	45	0.000168
31	46	0.000168
31	47	0.000168
31	48	0.000168
31	49	0.000168
31	50	0.000168
31	51	0.000168
31	52	0.000168
31	53	0.000168
31	54	0.000168
31	55	0.000168
31	56	0.000168
31	57	0.000168
31	58	0.000168
31	59	0.000168
31	60	0.000168
31	61	0.000168
31	62	0.000168
31	63	0.000168
31	64	0.000168
31	65	0.000168
31	66	0.000168
31	67	0.000168
31	68	0.000168
31	69	0.000168
31	70	0.000168
31	71	0.000168
31	72	0.000168
31	74	0.000168
32	33	0.000168
32	34	0.000168
32	35	0.000168
32	36	0.000168
32	37	0.000168
32	38	0.000168
32	39	0.000168
32	40	0.000168
32	41	0.000168
32	42	0.000168
32	43	0.000168
32	44	0.000168
32	45	0.000168
32	46	0.000168
32	47	0.000168
32	48	0.000168
32	49	0.000168
32	50	0.000168
32	51	0.000168
32	52	0.000168
32	53	0.000168
32	54	0.000168
32	55	0.000168
32	56	0.000168
32	57	0.000168
32	58	0.000168
32	59	0.000168
32	60	0.000168
32	61	0.000168
32	62	0.000168
32	63	0.000168
32	64	0.000168
32	65	0.000168
32	66	0.000168
32	67	0.000168
32	68	0.000168
32	69	0.000168
32	70	0.000168
32	71	0.000168
32	72	0.000168
32	74	0.000168
33	34	0.000168
33	35	0.000168
33	36	0.000168
33	37	0.000168
33	38	0.000168
33	39	0.000168
33	40	0.000168
33	41	0.000168
33	42	0.000168
33	43	0.000168
33	44	0.000168
33	45	0.000168
33	46	0.000168
33	47	0.000168
33	48	0.000168
33	49	0.000168
33	50	0.000168
33	51	0.000168
33	52	0.000168
33	53	0.000168
33	54	0.000168
33	55	0.000168
33	56	0.000168
33	57	0.000168
33	58	0.000168
33	59	0.000168
33	60	0.000168
33	61	0.000168
33	62	0.000168
33	63	0.000168
33	64	0.000168
33	65	0.000168
33	66	0.000168
33	67	0.000168
33	68	0.000168
33	69	0.000168
33	70	0.000168
33	71	0.000168
33	72	0.000168
33	74	0.000168
34	35	0.000168
34	36	0.000168
34	37	0.000168
34	38	0.000168
34	39	0.000168
34	40	0.000168
34	41	0.000168
34	42	0.000168
34	43	0.000168
34	44	0.000168
34	45	0.000168
34	46	0.000168
34	47	0.000168
34	48	0.000168
34	49	0.000168
34	50	0.000168
34	51	0.000168
34	52	0.000168
34	53	0.000168
34	54	0.000168
34	55	0.000168
34	56	0.000168
34	57	0.000168
34	58	0.000168
34	59	0.000168
34	60	0.000168
34	61	0.000168
34	62	0.000168
34	63	0.000168
34	64	0.000168
34	65	0.000168
34	66	0.000168
34	67	0.000168
34	68	0.000168
34	69	0.000168
34	70	0.000168
34	71	0.000168
34	72	0.000168
34	74	0.000168
35	36	0.000168
35	37	0.000168
35	38	0.000168
35	39	0.000168
35	40	0.000168
35	41	0.000168
35	42	0.000168
35	43	0.000168
35	44	0.000168
35	45	0.000168
35	46	0.000168
35	47	0.000168
35	48	0.000168
35	49	0.000168
35	50	0.000168
35	51	0.000168
35	52	0.000168
35	53	0.000168
35	54	0.000168
35	55	0.000168
35	56	0.000168
35	57	0.000168
35	58	0.000168
35	59	0.000168
35	60	0.000168
35	61	0.000168
35	62	0.000168
35	63	0.000168
35	64	0.000168
35	65	0.000168
35	66	0.000168
35	67	0.000168
35	68	0.000168
35	69	0.000168
35	70	0.000168
35	71	0.000168
35	72	0.000168
35	74	0.000168
36	37	0.000168
36	38	0.000168
36	39	0.000168
36	40	0.000168
36	41	0.000168
36	42	0.000168
36	43	0.000168
36	44	0.000168
36	45	0.000168
36	46	0.000168
36	47	0.000168
36	48	0.000168
36	49	0.000168
36	50	0.000168
36	51	0.000168
36	52	0.000168
36	53	0.000168
36	54	0.000168
36	55	0.000168
36	56	0.000168
36	57	0.000168
36	58	0.000168
36	59	0.000168
36	60	0.000168
36	61	0.000168
36	62	0.000168
36	63	0.000168
36	64	0.000168
36	65	0.000168
36	66	0.000168
36	67	0.000168
36	68	0.000168
36	69	0.000168
36	70	0.000168
36	71	0.000168
36	72	0.000168
36	74	0.000168
37	38	0.000168
37	39	0.000168
37	40	0.000168
37	41	0.000168
37	42	0.000168
37	43	0.000168
37	44	0.000168
37	45	0.000168
37	46	0.000168
37	47	0.000168
37	48	0.000168
37	49	0.000168
37	50	0.000168
37	51	0.000168
37	52	0.000168
37	53	0.000168
37	54	0.000168
37	55	0.000168
37	56	0.000168
37	57	0.000168
37	58	0.000168
37	59	0.000168
37	60	0.000168
37	61	0.000168
37	62	0.000168
37	63	0.000168
37	64	0.000168
37	65	0.000168
37	66	0.000168
37	67	0.000168
37	68	0.000168
37	69	0.000168
37	70	0.000168
37	71	0.000168
37	72	0.000168
37	74	0.000168
38	39	0.000168
38	40	0.000168
38	41	0.000168
38	42	0.000168
38	43	0.000168
38	44	0.000168
38	45	0.000168
38	46	0.000168
38	47	0.000168
38	48	0.000168
38	49	0.000168
38	50	0.000168
38	51	0.000168
38	52	0.000168
38	53	0.000168
38	54	0.000168
38	55	0.000168
38	56	0.000168
38	57	0.000168
38	58	0.000168
38	59	0.000168
38	60	0.000168
38	61	0.000168
38	62	0.000168
38	63	0.000168
38	64	0.000168
38	65	0.000168
38	66	0.000168
38	67	0.000168
38	68	0.000168
38	69	0.000168
38	70	0.000168
38	71	0.000168
38	72	0.000168
38	74	0.000168
39	40	0.000168
39	41	0.000168
39	42	0.000168
39	43	0.000168
39	44	0.000168
39	45	0.000168
39	46	0.000168
39	47	0.000168
39	48	0.000168
39	49	0.000168
39	50	0.000168
39	51	0.000168
39	52	0.000168
39	53	0.000168
39	54	0.000168
39	55	0.000168
39	56	0.000168
39	57	0.000168
39	58	0.000168
39	59	0.000168
39	60	0.000168
39	61	0.000168
39	62	0.000168
39	63	0.000168
39	64	0.000168
39	65	0.000168
39	66	0.000168
39	67	0.000168
39	68	0.000168
39	69	0.000168
39	70	0.000168
39	71	0.000168
39	72	0.000168
39	74	0.000168
40	41	0.000168
40	42	0.000168
40	43	0.000168
40	44	0.000168
40	45	0.000168
40	46	0.000168
40	47	0.000168
40	48	0.000168
40	49	0.000168
40	50	0.000168
40	51	0.000168
40	52	0.000168
40	53	0.000168
40	54	0.000168
40	55	0.000168
40	56	0.000168
40	57	0.000168
40	58	0.000168
40	59	0.000168
40	60	0.000168
40	61	0.000168
40	62	0.000168
40	63	0.000168
40	64	0.000168
40	65	0.000168
40	66	0.000168
40	67	0.000168
40	68	0.000168
40	69	0.000168
40	70	0.000168
40	71	0.000168
40	72	0.000168
40	74	0.000168
41	42	0.000168
41	43	0.000168
41	44	0.000168
41	45	0.000168
41	46	0.000168
41	47	0.000168
41	48	0.000168
41	49	0.000168
41	50	0.000168
41	51	0.000168
41	52	0.000168
41	53	0.000168
41	54	0.000168
41	55	0.000168
41	56	0.000168
41	57	0.000168
41	58	0.000168
41	59	0.000168
41	60	0.000168
41	61	0.000168
41	62	0.000168
41	63	0.000168
41	64	0.000168
41	65	0.000168
41	66	0.000168
41	67	0.000168
41	68	0.000168
41	69	0.000168
41	70	0.000168
41	71	0.000168
41	72	0.000168
41	74	0.000168
42	43	0.000168
42	44	0.000168
42	45	0.000168
42	46	0.000168
42	47	0.000168
42	48	0.000168
42	49	0.000168
42	50	0.000168
42	51	0.000168
42	52	0.000168
42	53	0.000168
42	54	0.000168
42	55	0.000168
42	56	0.000168
42	57	0.000168
42	58	0.000168
42	59	0.000168
42	60	0.000168
42	61	0.000168
42	62	0.000168
42	63	0.000168
42	64	0.000168
42	65	0.000168
42	66	0.000168
42	67	0.000168
42	68	0.000168
42	69	0.000168
42	70	0.000168
42	71	0.000168
42	72	0.000168
42	74	0.000168
43	44	0.000168
43	45	0.000168
43	46	0.000168
43	47	0.000168
43	48	0.000168
43	49	0.000168
43	50	0.000168
43	51	0.000168
43	52	0.000168
43	53	0.000168
43	54	0.000168
43	55	0.000168
43	56	0.000168
43	57	0.000168
43	58	0.000168
43	59	0.000168
43	60	0.000168
43	61	0.000168
43	62	0.000168
43	63	0.000168
43	64	0.000168
43	65	0.000168
43	66	0.000168
43	67	0.000168
43	68	0.000168
43	69	0.000168
43	70	0.000168
43	71	0.000168
43	72	0.000168
43	74	0.000168
44	45	0.000168
44	46	0.000168
44	47	0.000168
44	48	0.000168
44	49	0.000168
44	50	0.000168
44	51	0.000168
44	52	0.000168
44	53	0.000168
44	54	0.000168
44	55	0.000168
44	56	0.000168
44	57	0.000168
44	58	0.000168
44	59	0.000168
44	60	0.000168
44	61	0.000168
44	62	0.000168
44	63	0.000168
44	64	0.000168
44	65	0.000168
44	66	0.000168
44	67	0.000168
44	68	0.000168
44	69	0.000168
44	70	0.000168
44	71	0.000168
44	72	0.000168
44	74	0.000168
45	46	0.000168
45	47	0.000168
45	48	0.000168
45	49	0.000168
45	50	0.000168
45	51	0.000168
45	52	0.000168
45	53	0.000168
45	54	0.000168
45	55	0.000168
45	56	0.000168
45	57	0.000168
45	58	0.000168
45	59	0.000168
45	60	0.000168
45	61	0.000168
45	62	0.000168
45	63	0.000168
45	64	0.000168
45	65	0.000168
45	66	0.000168
45	67	0.000168
45	68	0.000168
45	69	0.000168
45	70	0.000168
45	71	0.000168
45	72	0.000168
45	74	0.000168
46	47	0.000168
46	48	0.000168
46	49	0.000168
46	50	0.000168
46	51	0.000168
46	52	0.000168
46	53	0.000168
46	54	0.000168
46	55	0.000168
46	56	0.000168
46	57	0.000168
46	58	0.000168
46	59	0.000168
46	60	0.000168
46	61	0.000168
46	62	0.000168
46	63	0.000168
46	64	0.000168
46	65	0.000168
46	66	0.000168
46	67	0.000168
46	68	0.000168
46	69	0.000168
46	70	0.000168
46	71	0.000168
46	72	0.000168
46	74	0.000168
47	48	0.000168
47	49	0.000168
47	50	0.000168
47	51	0.000168
47	52	0.000168
47	53	0.000168
47	54	0.000168
47	55	0.000168
47	56	0.000168
47	57	0.000168
47	58	0.000168
47	59	0.000168
47	60	0.000168
47	61	0.000168
47	62	0.000168
47	63	0.000168
47	64	0.000168
47	65	0.000168
47	66	0.000168
47	67	0.000168
47	68	0.000168
47	69	0.000168
47	70	0.000168
47	71	0.000168
47	72	0.000168
47	74	0.000168
48	49	0.000168
48	50	0.000168
48	51	0.000168
48	52	0.000168
48	53	0.000168
48	54	0.000168
48	55	0.000168
48	56	0.000168
48	57	0.000168
48	58	0.000168
48	59	0.000168
48	60	0.000168
48	61	0.000168
48	62	0.000168
48	63	0.000168
48	64	0.000168
48	65	0.000168
48	66	0.000168
48	67	0.000168
48	68	0.000168
48	69	0.000168
48	70	0.000168
48	71	0.000168
48	72	0.000168
48	74	0.000168
49	50	0.000168
49	51	0.000168
49	52	0.000168
49	53	0.000168
49	54	0.000168
49	55	0.000168
49	56	0.000168
49	57	0.000168
49	58	0.000168
49	59	0.000168
49	60	0.000168
49	61	0.000168
49	62	0.000168
49	63	0.000168
49	64	0.000168
49	65	0.000168
49	66	0.000168
49	67	0.000168
49	68	0.000168
49	69	0.000168
49	70	0.000168
49	71	0.000168
49	72	0.000168
49	74	0.000168
50	51	0.000168
50	52	0.000168
50	53	0.000168
50	54	0.000168
50	55	0.000168
50	56	0.000168
50	57	0.000168
50	58	0.000168
50	59	0.000168
50	60	0.000168
50	61	0.000168
50	62	0.000168
50	63	0.000168
50	64	0.000168
50	65	0.000168
50	66	0.000168
50	67	0.000168
50	68	0.000168
50	69	0.000168
50	70	0.000168
50	71	0.000168
50	72	0.000168
50	74	0.000168
51	52	0.000168
51	53	0.000168
51	54	0.000168
51	55	0.000168
51	56	0.000168
51	57	0.000168
51	58	0.000168
51	59	0.000168
51	60	0.000168
51	61	0.000168
51	62	0.000168
51	63	0.000168
51	64	0.000168
51	65	0.000168
51	66	0.000168
51	67	0.000168
51	68	0.000168
51	69	0.000168
51	70	0.000168
51	71	0.000168
51	72	0.000168
51	74	0.000168
52	53	0.000168
52	54	0.000168
52	55	0.000168
52	56	0.000168
52	57	0.000168
52	58	0.000168
52	59	0.000168
52	60	0.000168
52	61	0.000168
52	62	0.000168
52	63	0.000168
52	64	0.000168
52	65	0.000168
52	66	0.000168
52	67	0.000168
52	68	0.000168
52	69	0.000168
52	70	0.000168
52	71	0.000168
52	72	0.000168
52	74	0.000168
53	54	0.000168
53	55	0.000168
53	56	0.000168
53	57	0.000168
53	58	0.000168
53	59	0.000168
53	60	0.000168
53	61	0.000168
53	62	0.000168
53	63	0.000168
53	64	0.000168
53	65	0.000168
53	66	0.000168
53	67	0.000168
53	68	0.000168
53	69	0.000168
53	70	0.000168
53	71	0.000168
53	72	0.000168
53	74	0.000168
54	55	0.000168
54	56	0.000168
54	57	0.000168
54	58	0.000168
54	59	0.000168
54	60	0.000168
54	61	0.000168
54	62	0.000168
54	63	0.000168
54	64	0.000168
54	65	0.000168
54	66	0.000168
54	67	0.000168
54	68	0.000168
54	69	0.000168
54	70	0.000168
54	71	0.000168
54	72	0.000168
54	74	0.000168
55	56	0.000168
55	57	0.000168
55	58	0.000168
55	59	0.000168
55	60	0.000168
55	61	0.000168
55	62	0.000168
55	63	0.000168
55	64	0.000168
55	65	0.000168
55	66	0.000168
55	67	0.000168
55	68	0.000168
55	69	0.000168
55	70	0.000168
55	71	0.000168
55	72	0.000168
55	74	0.000168
56	57	0.000168
56	58	0.000168
56	59	0.000168
56	60	0.000168
56	61	0.000168
56	62	0.000168
56	63	0.000168
56	64	0.000168
56	65	0.000168
56	66	0.000168
56	67	0.000168
56	68	0.000168
56	69	0.000168
56	70	0.000168
56	71	0.000168
56	72	0.000168
56	74	0.000168
57	58	0.000168
57	59	0.000168
57	60	0.000168
57	61	0.000168
57	62	0.000168
57	63	0.000168
57	64	0.000168
57	65	0.000168
57	66	0.000168
57	67	0.000168
57	68	0.000168
57	69	0.000168
57	70	0.000168
57	71	0.000168
57	72	0.000168
57	74	0.000168
58	59	0.000168
58	60	0.000168
58	61	0.000168
58	62	0.000168
58	63	0.000168
58	64	0.000168
58	65	0.000168
58	66	0.000168
58	67	0.000168
58	68	0.000168
58	69	0.000168
58	70	0.000168
58	71	0.000168
58	72	0.000168
58	74	0.000168
59	60	0.000168
59	61	0.000168
59	62	0.000168
59	63	0.000168
59	64	0.000168
59	65	0.000168
59	66	0.000168
59	67	0.000168
59	68	0.000168
59	69	0.000168
59	70	0.000168
59	71	0.000168
59	72	0.000168
59	74	0.000168
60	61	0.000168
60	62	0.000168
60	63	0.000168
60	64	0.000168
60	65	0.000168
60	66	0.000168
60	67	0.000168
60	68	0.000168
60	69	0.000168
60	70	0.000168
60	71	0.000168
60	72	0.000168
60	74	0.000168
61	62	0.000168
61	63	0.000168
61	64	0.000168
61	65	0.000168
61	66	0.000168
61	67	0.000168
61	68	0.000168
61	69	0.000168
61	70	0.000168
61	71	0.000168
61	72	0.000168
61	74	0.000168
62	63	0.000168
62	64	0.000168
62	65	0.000168
62	66	0.000168
62	67	0.000168
62	68	0.000168
62	69	0.000168
62	70	0.000168
62	71	0.000168
62	72	0.000168
62	74	0.000168
63	64	0.000168
63	65	0.000168
63	66	0.000168
63	67	0.000168
63	68	0.000168
63	69	0.000168
63	70	0.000168
63	71	0.000168
63	72	0.000168
63	74	0.000168
64	65	0.000168
64	66	0.000168
64	67	0.000168
64	68	0.000168
64	69	0.000168
64	70	0.000168
64	71	0.000168
64	72	0.000168
64	74	0.000168
65	66	0.000168
65	67	0.000168
65	68	0.000168
65	69	0.000168
65	70	0.000168
65	71	0.000168
65	72	0.000168
65	74	0.000168
66	67	0.000168
66	68	0.000168
66	69	0.000168
66	70	0.000168
66	71	0.000168
66	72	0.000168
66	74	0.000168
67	68	0.000168
67	69	0.000168
67	70	0.000168
67	71	0.000168
67	72	0.000168
67	74	0.000168
68	69	0.000168
68	70	0.000168
68	71	0.000168
68	72	0.000168
68	74	0.000168
69	70	0.000168
69	71	0.000168
69	72	0.000168
69	74	0.000168
70	71	0.000168
70	72	0.000168
70	74	0.000168
71	72	0.000168
71	74	0.000168
72	74	0.000168
1	4	0.000161
4	5	0.000161
4	17	0.000161
4	18	0.000161
4	19	0.000161
4	20	0.000161
4	21	0.000161
4	22	0.000161
4	23	0.000161
4	24	0.000161
4	25	0.000161
4	26	0.000161
4	27	0.000161
4	28	0.000161
4	29	0.000161
4	30	0.000161
4	31	0.000161
4	32	0.000161
4	33	0.000161
4	34	0.000161
4	35	0.000161
4	36	0.000161
4	37	0.000161
4	38	0.000161
4	39	0.000161
4	40	0.000161
4	41	0.000161
4	42	0.000161
4	43	0.000161
4	44	0.000161
4	45	0.000161
4	46	0.000161
4	47	0.000161
4	48	0.000161
4	49	0.000161
4	50	0.000161
4	51	0.000161
4	52	0.000161
4	53	0.000161
4	54	0.000161
4	55	0.000161
4	56	0.000161
4	57	0.000161
4	58	0.000161
4	59	0.000161
4	60	0.000161
4	61	0.000161
4	62	0.000161
4	63	0.000161
4	64	0.000161
4	65	0.000161
4	66	0.000161
4	67	0.000161
4	68	0.000161
4	69	0.000161
4	70	0.000161
4	71	0.000161
4	72	0.000161
4	74	0.000161
12	14	0.000156
3	10	0.000136
1	12	0.000117
5	12	0.000117
12	17	0.000117
12	18	0.000117
12	19	0.000117
12	20	0.000117
12	21	0.000117
12	22	0.000117
12	23	0.000117
12	24	0.000117
12	25	0.000117
12	26	0.000117
12	27	0.000117
12	28	0.000117
12	29	0.000117
12	30	0.000117
12	31	0.000117
12	32	0.000117
12	33	0.000117
12	34	0.000117
12	35	0.000117
12	36	0.000117
12	37	0.000117
12	38	0.000117
12	39	0.000117
12	40	0.000117
12	41	0.000117
12	42	0.000117
12	43	0.000117
12	44	0.000117
12	45	0.000117
12	46	0.000117
12	47	0.000117
12	48	0.000117
12	49	0.000117
12	50	0.000117
12	51	0.000117
12	52	0.000117
12	53	0.000117
12	54	0.000117
12	55	0.000117
12	56	0.000117
12	57	0.000117
12	58	0.000117
12	59	0.000117
12	60	0.000117
12	61	0.000117
12	62	0.000117
12	63	0.000117
12	64	0.000117
12	65	0.000117
12	66	0.000117
12	67	0.000117
12	68	0.000117
12	69	0.000117
12	70	0.000117
12	71	0.000117
12	72	0.000117
12	74	0.000117
1	10	9.9e-05
5	10	9.9e-05
10	17	9.9e-05
10	18	9.9e-05
10	19	9.9e-05
10	20	9.9e-05
10	21	9.9e-05
10	22	9.9e-05
10	23	9.9e-05
10	24	9.9e-05
10	25	9.9e-05
10	26	9.9e-05
10	27	9.9e-05
10	28	9.9e-05
10	29	9.9e-05
10	30	9.9e-05
10	31	9.9e-05
10	32	9.9e-05
10	33	9.9e-05
10	34	9.9e-05
10	35	9.9e-05
10	36	9.9e-05
10	37	9.9e-05
10	38	9.9e-05
10	39	9.9e-05
10	40	9.9e-05
10	41	9.9e-05
10	42	9.9e-05
10	43	9.9e-05
10	44	9.9e-05
10	45	9.9e-05
10	46	9.9e-05
10	47	9.9e-05
10	48	9.9e-05
10	49	9.9e-05
10	50	9.9e-05
10	51	9.9e-05
10	52	9.9e-05
10	53	9.9e-05
10	54	9.9e-05
10	55	9.9e-05
10	56	9.9e-05
10	57	9.9e-05
10	58	9.9e-05
10	59	9.9e-05
10	60	9.9e-05
10	61	9.9e-05
10	62	9.9e-05
10	63	9.9e-05
10	64	9.9e-05
10	65	9.9e-05
10	66	9.9e-05
10	67	9.9e-05
10	68	9.9e-05
10	69	9.9e-05
10	70	9.9e-05
10	71	9.9e-05
10	72	9.9e-05
10	74	9.9e-05
4	6	7.8e-05
6	10	2e-06
4	10	-8e-06
3	6	-6.1e-05
3	4	-6.3e-05
6	12	-9.9e-05
4	12	-0.000111
10	12	-0.000225
12	76	-0.00025
3	73	-0.000284
12	73	-0.00037
6	14	-0.000409
4	14	-0.000411
6	73	-0.000414
1	3	-0.000423
3	5	-0.000423
3	17	-0.000423
3	18	-0.000423
3	19	-0.000423
3	20	-0.000423
3	21	-0.000423
3	22	-0.000423
3	23	-0.000423
3	24	-0.000423
3	25	-0.000423
3	26	-0.000423
3	27	-0.000423
3	28	-0.000423
3	29	-0.000423
3	30	-0.000423
3	31	-0.000423
3	32	-0.000423
3	33	-0.000423
3	34	-0.000423
3	35	-0.000423
3	36	-0.000423
3	37	-0.000423
3	38	-0.000423
3	39	-0.000423
3	40	-0.000423
3	41	-0.000423
3	42	-0.000423
3	43	-0.000423
3	44	-0.000423
3	45	-0.000423
3	46	-0.000423
3	47	-0.000423
3	48	-0.000423
3	49	-0.000423
3	50	-0.000423
3	51	-0.000423
3	52	-0.000423
3	53	-0.000423
3	54	-0.000423
3	55	-0.000423
3	56	-0.000423
3	57	-0.000423
3	58	-0.000423
3	59	-0.000423
3	60	-0.000423
3	61	-0.000423
3	62	-0.000423
3	63	-0.000423
3	64	-0.000423
3	65	-0.000423
3	66	-0.000423
3	67	-0.000423
3	68	-0.000423
3	69	-0.000423
3	70	-0.000423
3	71	-0.000423
3	72	-0.000423
3	74	-0.000423
10	75	-0.000427
2	10	-0.000444
7	10	-0.000444
8	10	-0.000444
9	10	-0.000444
10	13	-0.000444
10	15	-0.000444
10	16	-0.000444
12	75	-0.00048
10	76	-0.000492
1	73	-0.000504
5	73	-0.000504
17	73	-0.000504
18	73	-0.000504
19	73	-0.000504
20	73	-0.000504
21	73	-0.000504
22	73	-0.000504
23	73	-0.000504
24	73	-0.000504
25	73	-0.000504
26	73	-0.000504
27	73	-0.000504
28	73	-0.000504
29	73	-0.000504
30	73	-0.000504
31	73	-0.000504
32	73	-0.000504
33	73	-0.000504
34	73	-0.000504
35	73	-0.000504
36	73	-0.000504
37	73	-0.000504
38	73	-0.000504
39	73	-0.000504
40	73	-0.000504
41	73	-0.000504
42	73	-0.000504
43	73	-0.000504
44	73	-0.000504
45	73	-0.000504
46	73	-0.000504
47	73	-0.000504
48	73	-0.000504
49	73	-0.000504
50	73	-0.000504
51	73	-0.000504
52	73	-0.000504
53	73	-0.000504
54	73	-0.000504
55	73	-0.000504
56	73	-0.000504
57	73	-0.000504
58	73	-0.000504
59	73	-0.000504
60	73	-0.000504
61	73	-0.000504
62	73	-0.000504
63	73	-0.000504
64	73	-0.000504
65	73	-0.000504
66	73	-0.000504
67	73	-0.000504
68	73	-0.000504
69	73	-0.000504
70	73	-0.000504
71	73	-0.000504
72	73	-0.000504
73	74	-0.000504
2	12	-0.00052
7	12	-0.00052
8	12	-0.00052
9	12	-0.00052
12	13	-0.00052
12	15	-0.00052
12	16	-0.00052
6	11	-0.000556
1	14	-0.000579
5	14	-0.000579
14	17	-0.000579
14	18	-0.000579
14	19	-0.000579
14	20	-0.000579
14	21	-0.000579
14	22	-0.000579
14	23	-0.000579
14	24	-0.000579
14	25	-0.000579
14	26	-0.000579
14	27	-0.000579
14	28	-0.000579
14	29	-0.000579
14	30	-0.000579
14	31	-0.000579
14	32	-0.000579
14	33	-0.000579
14	34	-0.000579
14	35	-0.000579
14	36	-0.000579
14	37	-0.000579
14	38	-0.000579
14	39	-0.000579
14	40	-0.000579
14	41	-0.000579
14	42	-0.000579
14	43	-0.000579
14	44	-0.000579
14	45	-0.000579
14	46	-0.000579
14	47	-0.000579
14	48	-0.000579
14	49	-0.000579
14	50	-0.000579
14	51	-0.000579
14	52	-0.000579
14	53	-0.000579
14	54	-0.000579
14	55	-0.000579
14	56	-0.000579
14	57	-0.000579
14	58	-0.000579
14	59	-0.000579
14	60	-0.000579
14	61	-0.000579
14	62	-0.000579
14	63	-0.000579
14	64	-0.000579
14	65	-0.000579
14	66	-0.000579
14	67	-0.000579
14	68	-0.000579
14	69	-0.000579
14	70	-0.000579
14	71	-0.000579
14	72	-0.000579
14	74	-0.000579
1	2	-0.000583
1	7	-0.000583
1	8	-0.000583
1	9	-0.000583
1	13	-0.000583
1	15	-0.000583
1	16	-0.000583
2	5	-0.000583
2	17	-0.000583
2	18	-0.000583
2	19	-0.000583
2	20	-0.000583
2	21	-0.000583
2	22	-0.000583
2	23	-0.000583
2	24	-0.000583
2	25	-0.000583
2	26	-0.000583
2	27	-0.000583
2	28	-0.000583
2	29	-0.000583
2	30	-0.000583
2	31	-0.000583
2	32	-0.000583
2	33	-0.000583
2	34	-0.000583
2	35	-0.000583
2	36	-0.000583
2	37	-0.000583
2	38	-0.000583
2	39	-0.000583
2	40	-0.000583
2	41	-0.000583
2	42	-0.000583
2	43	-0.000583
2	44	-0.000583
2	45	-0.000583
2	46	-0.000583
2	47	-0.000583
2	48	-0.000583
2	49	-0.000583
2	50	-0.000583
2	51	-0.000583
2	52	-0.000583
2	53	-0.000583
2	54	-0.000583
2	55	-0.000583
2	56	-0.000583
2	57	-0.000583
2	58	-0.000583
2	59	-0.000583
2	60	-0.000583
2	61	-0.000583
2	62	-0.000583
2	63	-0.000583
2	64	-0.000583
2	65	-0.000583
2	66	-0.000583
2	67	-0.000583
2	68	-0.000583
2	69	-0.000583
2	70	-0.000583
2	71	-0.000583
2	72	-0.000583
2	74	-0.000583
5	7	-0.000583
5	8	-0.000583
5	9	-0.000583
5	13	-0.000583
5	15	-0.000583
5	16	-0.000583
7	17	-0.000583
7	18	-0.000583
7	19	-0.000583
7	20	-0.000583
7	21	-0.000583
7	22	-0.000583
7	23	-0.000583
7	24	-0.000583
7	25	-0.000583
7	26	-0.000583
7	27	-0.000583
7	28	-0.000583
7	29	-0.000583
7	30	-0.000583
7	31	-0.000583
7	32	-0.000583
7	33	-0.000583
7	34	-0.000583
7	35	-0.000583
7	36	-0.000583
7	37	-0.000583
7	38	-0.000583
7	39	-0.000583
7	40	-0.000583
7	41	-0.000583
7	42	-0.000583
7	43	-0.000583
7	44	-0.000583
7	45	-0.000583
7	46	-0.000583
7	47	-0.000583
7	48	-0.000583
7	49	-0.000583
7	50	-0.000583
7	51	-0.000583
7	52	-0.000583
7	53	-0.000583
7	54	-0.000583
7	55	-0.000583
7	56	-0.000583
7	57	-0.000583
7	58	-0.000583
7	59	-0.000583
7	60	-0.000583
7	61	-0.000583
7	62	-0.000583
7	63	-0.000583
7	64	-0.000583
7	65	-0.000583
7	66	-0.000583
7	67	-0.000583
7	68	-0.000583
7	69	-0.000583
7	70	-0.000583
7	71	-0.000583
7	72	-0.000583
7	74	-0.000583
8	17	-0.000583
8	18	-0.000583
8	19	-0.000583
8	20	-0.000583
8	21	-0.000583
8	22	-0.000583
8	23	-0.000583
8	24	-0.000583
8	25	-0.000583
8	26	-0.000583
8	27	-0.000583
8	28	-0.000583
8	29	-0.000583
8	30	-0.000583
8	31	-0.000583
8	32	-0.000583
8	33	-0.000583
8	34	-0.000583
8	35	-0.000583
8	36	-0.000583
8	37	-0.000583
8	38	-0.000583
8	39	-0.000583
8	40	-0.000583
8	41	-0.000583
8	42	-0.000583
8	43	-0.000583
8	44	-0.000583
8	45	-0.000583
8	46	-0.000583
8	47	-0.000583
8	48	-0.000583
8	49	-0.000583
8	50	-0.000583
8	51	-0.000583
8	52	-0.000583
8	53	-0.000583
8	54	-0.000583
8	55	-0.000583
8	56	-0.000583
8	57	-0.000583
8	58	-0.000583
8	59	-0.000583
8	60	-0.000583
8	61	-0.000583
8	62	-0.000583
8	63	-0.000583
8	64	-0.000583
8	65	-0.000583
8	66	-0.000583
8	67	-0.000583
8	68	-0.000583
8	69	-0.000583
8	70	-0.000583
8	71	-0.000583
8	72	-0.000583
8	74	-0.000583
9	17	-0.000583
9	18	-0.000583
9	19	-0.000583
9	20	-0.000583
9	21	-0.000583
9	22	-0.000583
9	23	-0.000583
9	24	-0.000583
9	25	-0.000583
9	26	-0.000583
9	27	-0.000583
9	28	-0.000583
9	29	-0.000583
9	30	-0.000583
9	31	-0.000583
9	32	-0.000583
9	33	-0.000583
9	34	-0.000583
9	35	-0.000583
9	36	-0.000583
9	37	-0.000583
9	38	-0.000583
9	39	-0.000583
9	40	-0.000583
9	41	-0.000583
9	42	-0.000583
9	43	-0.000583
9	44	-0.000583
9	45	-0.000583
9	46	-0.000583
9	47	-0.000583
9	48	-0.000583
9	49	-0.000583
9	50	-0.000583
9	51	-0.000583
9	52	-0.000583
9	53	-0.000583
9	54	-0.000583
9	55	-0.000583
9	56	-0.000583
9	57	-0.000583
9	58	-0.000583
9	59	-0.000583
9	60	-0.000583
9	61	-0.000583
9	62	-0.000583
9	63	-0.000583
9	64	-0.000583
9	65	-0.000583
9	66	-0.000583
9	67	-0.000583
9	68	-0.000583
9	69	-0.000583
9	70	-0.000583
9	71	-0.000583
9	72	-0.000583
9	74	-0.000583
13	17	-0.000583
13	18	-0.000583
13	19	-0.000583
13	20	-0.000583
13	21	-0.000583
13	22	-0.000583
13	23	-0.000583
13	24	-0.000583
13	25	-0.000583
13	26	-0.000583
13	27	-0.000583
13	28	-0.000583
13	29	-0.000583
13	30	-0.000583
13	31	-0.000583
13	32	-0.000583
13	33	-0.000583
13	34	-0.000583
13	35	-0.000583
13	36	-0.000583
13	37	-0.000583
13	38	-0.000583
13	39	-0.000583
13	40	-0.000583
13	41	-0.000583
13	42	-0.000583
13	43	-0.000583
13	44	-0.000583
13	45	-0.000583
13	46	-0.000583
13	47	-0.000583
13	48	-0.000583
13	49	-0.000583
13	50	-0.000583
13	51	-0.000583
13	52	-0.000583
13	53	-0.000583
13	54	-0.000583
13	55	-0.000583
13	56	-0.000583
13	57	-0.000583
13	58	-0.000583
13	59	-0.000583
13	60	-0.000583
13	61	-0.000583
13	62	-0.000583
13	63	-0.000583
13	64	-0.000583
13	65	-0.000583
13	66	-0.000583
13	67	-0.000583
13	68	-0.000583
13	69	-0.000583
13	70	-0.000583
13	71	-0.000583
13	72	-0.000583
13	74	-0.000583
15	17	-0.000583
15	18	-0.000583
15	19	-0.000583
15	20	-0.000583
15	21	-0.000583
15	22	-0.000583
15	23	-0.000583
15	24	-0.000583
15	25	-0.000583
15	26	-0.000583
15	27	-0.000583
15	28	-0.000583
15	29	-0.000583
15	30	-0.000583
15	31	-0.000583
15	32	-0.000583
15	33	-0.000583
15	34	-0.000583
15	35	-0.000583
15	36	-0.000583
15	37	-0.000583
15	38	-0.000583
15	39	-0.000583
15	40	-0.000583
15	41	-0.000583
15	42	-0.000583
15	43	-0.000583
15	44	-0.000583
15	45	-0.000583
15	46	-0.000583
15	47	-0.000583
15	48	-0.000583
15	49	-0.000583
15	50	-0.000583
15	51	-0.000583
15	52	-0.000583
15	53	-0.000583
15	54	-0.000583
15	55	-0.000583
15	56	-0.000583
15	57	-0.000583
15	58	-0.000583
15	59	-0.000583
15	60	-0.000583
15	61	-0.000583
15	62	-0.000583
15	63	-0.000583
15	64	-0.000583
15	65	-0.000583
15	66	-0.000583
15	67	-0.000583
15	68	-0.000583
15	69	-0.000583
15	70	-0.000583
15	71	-0.000583
15	72	-0.000583
15	74	-0.000583
16	17	-0.000583
16	18	-0.000583
16	19	-0.000583
16	20	-0.000583
16	21	-0.000583
16	22	-0.000583
16	23	-0.000583
16	24	-0.000583
16	25	-0.000583
16	26	-0.000583
16	27	-0.000583
16	28	-0.000583
16	29	-0.000583
16	30	-0.000583
16	31	-0.000583
16	32	-0.000583
16	33	-0.000583
16	34	-0.000583
16	35	-0.000583
16	36	-0.000583
16	37	-0.000583
16	38	-0.000583
16	39	-0.000583
16	40	-0.000583
16	41	-0.000583
16	42	-0.000583
16	43	-0.000583
16	44	-0.000583
16	45	-0.000583
16	46	-0.000583
16	47	-0.000583
16	48	-0.000583
16	49	-0.000583
16	50	-0.000583
16	51	-0.000583
16	52	-0.000583
16	53	-0.000583
16	54	-0.000583
16	55	-0.000583
16	56	-0.000583
16	57	-0.000583
16	58	-0.000583
16	59	-0.000583
16	60	-0.000583
16	61	-0.000583
16	62	-0.000583
16	63	-0.000583
16	64	-0.000583
16	65	-0.000583
16	66	-0.000583
16	67	-0.000583
16	68	-0.000583
16	69	-0.000583
16	70	-0.000583
16	71	-0.000583
16	72	-0.000583
16	74	-0.000583
1	75	-0.000591
5	75	-0.000591
17	75	-0.000591
18	75	-0.000591
19	75	-0.000591
20	75	-0.000591
21	75	-0.000591
22	75	-0.000591
23	75	-0.000591
24	75	-0.000591
25	75	-0.000591
26	75	-0.000591
27	75	-0.000591
28	75	-0.000591
29	75	-0.000591
30	75	-0.000591
31	75	-0.000591
32	75	-0.000591
33	75	-0.000591
34	75	-0.000591
35	75	-0.000591
36	75	-0.000591
37	75	-0.000591
38	75	-0.000591
39	75	-0.000591
40	75	-0.000591
41	75	-0.000591
42	75	-0.000591
43	75	-0.000591
44	75	-0.000591
45	75	-0.000591
46	75	-0.000591
47	75	-0.000591
48	75	-0.000591
49	75	-0.000591
50	75	-0.000591
51	75	-0.000591
52	75	-0.000591
53	75	-0.000591
54	75	-0.000591
55	75	-0.000591
56	75	-0.000591
57	75	-0.000591
58	75	-0.000591
59	75	-0.000591
60	75	-0.000591
61	75	-0.000591
62	75	-0.000591
63	75	-0.000591
64	75	-0.000591
65	75	-0.000591
66	75	-0.000591
67	75	-0.000591
68	75	-0.000591
69	75	-0.000591
70	75	-0.000591
71	75	-0.000591
72	75	-0.000591
74	75	-0.000591
1	76	-0.000592
5	76	-0.000592
17	76	-0.000592
18	76	-0.000592
19	76	-0.000592
20	76	-0.000592
21	76	-0.000592
22	76	-0.000592
23	76	-0.000592
24	76	-0.000592
25	76	-0.000592
26	76	-0.000592
27	76	-0.000592
28	76	-0.000592
29	76	-0.000592
30	76	-0.000592
31	76	-0.000592
32	76	-0.000592
33	76	-0.000592
34	76	-0.000592
35	76	-0.000592
36	76	-0.000592
37	76	-0.000592
38	76	-0.000592
39	76	-0.000592
40	76	-0.000592
41	76	-0.000592
42	76	-0.000592
43	76	-0.000592
44	76	-0.000592
45	76	-0.000592
46	76	-0.000592
47	76	-0.000592
48	76	-0.000592
49	76	-0.000592
50	76	-0.000592
51	76	-0.000592
52	76	-0.000592
53	76	-0.000592
54	76	-0.000592
55	76	-0.000592
56	76	-0.000592
57	76	-0.000592
58	76	-0.000592
59	76	-0.000592
60	76	-0.000592
61	76	-0.000592
62	76	-0.000592
63	76	-0.000592
64	76	-0.000592
65	76	-0.000592
66	76	-0.000592
67	76	-0.000592
68	76	-0.000592
69	76	-0.000592
70	76	-0.000592
71	76	-0.000592
72	76	-0.000592
74	76	-0.000592
6	76	-0.000613
4	76	-0.000614
1	11	-0.000641
5	11	-0.000641
11	17	-0.000641
11	18	-0.000641
11	19	-0.000641
11	20	-0.000641
11	21	-0.000641
11	22	-0.000641
11	23	-0.000641
11	24	-0.000641
11	25	-0.000641
11	26	-0.000641
11	27	-0.000641
11	28	-0.000641
11	29	-0.000641
11	30	-0.000641
11	31	-0.000641
11	32	-0.000641
11	33	-0.000641
11	34	-0.000641
11	35	-0.000641
11	36	-0.000641
11	37	-0.000641
11	38	-0.000641
11	39	-0.000641
11	40	-0.000641
11	41	-0.000641
11	42	-0.000641
11	43	-0.000641
11	44	-0.000641
11	45	-0.000641
11	46	-0.000641
11	47	-0.000641
11	48	-0.000641
11	49	-0.000641
11	50	-0.000641
11	51	-0.000641
11	52	-0.000641
11	53	-0.000641
11	54	-0.000641
11	55	-0.000641
11	56	-0.000641
11	57	-0.000641
11	58	-0.000641
11	59	-0.000641
11	60	-0.000641
11	61	-0.000641
11	62	-0.000641
11	63	-0.000641
11	64	-0.000641
11	65	-0.000641
11	66	-0.000641
11	67	-0.000641
11	68	-0.000641
11	69	-0.000641
11	70	-0.000641
11	71	-0.000641
11	72	-0.000641
11	74	-0.000641
2	4	-0.000704
2	6	-0.000704
4	7	-0.000704
4	8	-0.000704
4	9	-0.000704
4	13	-0.000704
4	15	-0.000704
4	16	-0.000704
6	7	-0.000704
6	8	-0.000704
6	9	-0.000704
6	13	-0.000704
6	15	-0.000704
6	16	-0.000704
6	75	-0.000706
4	75	-0.000707
4	73	-0.000985
10	14	-0.001747
3	12	-0.00225