#==========================================================================
# The first and second rows contain site pairs (i, j) such that j > i
# The third row contains coevolutionary scores obtained 
# using plmDCA-pydca algorithm.
# Note that in this data sites are counted/labelled starting from 1
#==========================================================================
1	64	0.03009604518631078
1	66	0.03009604302895481
64	66	0.0300960426037523
3	65	0.023055182324923713
3	12	0.023055180949944097
12	65	0.02305517883534419
2	65	0.02305517769607544
2	12	0.023055176321095775
2	3	0.023055176085384977
13	48	0.01914702161926174
13	49	0.01914702161926174
17	45	0.01914701888977339
17	46	0.01914701879672264
17	56	0.01914701879672264
17	58	0.01914701879672264
17	43	0.01914701873468881
17	44	0.0191470187036719
6	42	0.019147017521768492
42	54	0.01914701714956553
6	19	0.019147017087531706
19	42	0.01914701677736258
19	54	0.019147016715328743
5	6	0.019147016653294935
6	7	0.019147016622278017
46	54	0.01914701656024418
44	54	0.01914701646719344
5	42	0.0191470163431258
7	42	0.019147016312108883
19	45	0.019147016281091972
5	54	0.019147016281091965
7	54	0.019147016250075047
19	46	0.019147016188041224
19	56	0.019147016188041224
19	58	0.019147016188041224
46	61	0.019147016157024313
19	43	0.019147016126007395
19	44	0.019147016094990484
46	60	0.019147016094990477
44	61	0.019147016063973572
44	45	0.01914701603295666
44	60	0.019147016001939736
43	56	0.019147015970922825
43	58	0.019147015970922825
44	46	0.019147015939905913
5	19	0.01914701590888901
5	61	0.019147015877872098
7	19	0.01914701587787209
5	45	0.019147015846855187
7	61	0.01914701584685518
7	45	0.01914701581583827
5	60	0.01914701581583826
7	60	0.019147015784821343
5	46	0.01914701575380444
5	56	0.01914701575380444
5	58	0.01914701575380444
7	46	0.01914701572278752
7	56	0.01914701572278752
7	58	0.01914701572278752
17	42	0.01914701566075372
5	44	0.019147015660753698
7	44	0.01914701562973678
5	7	0.0191470154436353
5	17	0.019147014792280113
7	17	0.019147014761263195
6	13	0.019147014602917914
13	42	0.019147014292748794
13	54	0.019147014230714965
13	19	0.019147013858512023
13	61	0.01914701382749511
13	60	0.019147013765461275
13	56	0.01914701370342746
13	58	0.01914701370342746
6	48	0.019147013672410534
6	49	0.019147013672410534
13	43	0.01914701364139363
5	13	0.019147013424275258
7	13	0.01914701339325834
6	45	0.019147013300207592
48	54	0.01914701330020758
49	54	0.01914701330020758
48	49	0.019147013238173756
6	46	0.019147013207156845
6	56	0.019147013207156845
6	58	0.019147013207156845
6	43	0.019147013145123015
6	44	0.01914701311410611
42	61	0.01914701302105537
42	45	0.01914701299003846
42	60	0.019147012959021534
19	48	0.019147012928004623
19	49	0.019147012928004623
45	54	0.019147012928004623
42	46	0.019147012896987718
42	56	0.019147012896987718
42	58	0.019147012896987718
48	61	0.019147012896987718
49	61	0.019147012896987718
42	43	0.01914701283495389
48	60	0.019147012834953882
49	60	0.019147012834953882
54	56	0.019147012834953882
54	58	0.019147012834953882
42	44	0.019147012803936977
43	54	0.019147012772920052
13	17	0.019147012741903176
43	48	0.01914701271088623
43	49	0.01914701271088623
19	61	0.019147012586818578
45	61	0.019147012524784755
19	60	0.01914701252478475
60	61	0.019147012493767837
45	60	0.01914701246275092
56	61	0.019147012431734015
58	61	0.019147012431734015
45	46	0.019147012400717103
45	56	0.019147012400717103
45	58	0.019147012400717103
43	61	0.019147012369700185
56	60	0.019147012369700178
58	60	0.019147012369700178
43	45	0.019147012338683274
46	56	0.019147012307666356
46	58	0.019147012307666356
56	58	0.019147012307666356
43	60	0.01914701230766635
6	17	0.019147012245632554
43	46	0.019147012245632526
44	56	0.019147012214615615
44	58	0.019147012214615615
43	44	0.019147012152581785
5	43	0.01914701196648031
7	43	0.019147011935463393
17	54	0.019147011873429584
17	48	0.01914701181139576
17	49	0.01914701181139576
17	19	0.019147011501226614
17	61	0.019147011470209703
17	60	0.019147011408175867
13	45	0.019147010071187902
6	54	0.01914701000915406
13	46	0.01914700997813716
13	44	0.019147009885086427
42	48	0.01914700963695111
42	49	0.01914700963695111
6	61	0.019147009605934198
6	60	0.01914700954390037
54	61	0.019147009233731242
54	60	0.019147009171697406
45	48	0.0191470091406805
45	49	0.0191470091406805
46	48	0.01914700904762976
46	49	0.01914700904762976
48	56	0.01914700904762976
48	58	0.01914700904762976
49	56	0.01914700904762976
49	58	0.01914700904762976
44	48	0.01914700895457902
44	49	0.01914700895457902
5	48	0.019147008768477553
5	49	0.019147008768477553
7	48	0.019147008737460627
7	49	0.019147008737460627
6	66	0.018081340872278633
42	64	0.018081338776529204
61	64	0.018081338377901823
60	64	0.018081338324751506
54	66	0.01808133682808645
1	42	0.018081335547509514
6	64	0.018081335316990486
54	64	0.018081334998088585
56	64	0.018081334546310893
58	64	0.018081334546310893
48	66	0.01808133304964584
49	66	0.01808133304964584
61	66	0.018081332757319116
45	66	0.01808133273074396
60	66	0.018081332704168798
56	66	0.018081332651018488
58	66	0.018081332651018488
1	13	0.018081332513173322
1	6	0.018081332087970792
13	64	0.018081332016902724
17	66	0.018081331827188622
1	54	0.01808133176906889
1	48	0.01808133171591858
1	49	0.01808133171591858
1	19	0.018081331450167
1	61	0.01808133142359184
1	45	0.018081331397016686
1	60	0.01808133137044152
1	46	0.018081331317291206
1	56	0.018081331317291206
1	58	0.018081331317291206
1	43	0.01808133126414089
1	44	0.018081331237565734
48	64	0.018081331219647973
49	64	0.018081331219647973
1	5	0.018081331078114788
1	7	0.018081331051539626
19	64	0.018081330953896385
45	64	0.01808133090074607
46	64	0.018081330821020595
43	64	0.018081330767870274
44	64	0.018081330741295115
5	64	0.01808133058184417
7	64	0.018081330555269004
1	17	0.018081330493461303
13	66	0.018081330121610246
17	64	0.018081329997190677
42	66	0.01808132943065617
19	66	0.018081329058603973
46	66	0.01808132892572819
43	66	0.018081328872577872
44	66	0.018081328846002716
5	66	0.018081328686551778
7	66	0.018081328659976616
1	65	0.012113069035116688
1	3	0.01211306740074447
12	64	0.012113067220879487
1	2	0.012113066483901518
65	66	0.012113066436000103
12	66	0.012113065040804366
64	65	0.012113064890785012
3	66	0.012113064801627955
1	12	0.012113063914630594
2	66	0.012113063884785044
3	64	0.012113063256412763
2	64	0.012113062339569797
42	57	0.008705261251341224
56	57	0.00870526082599796
57	58	0.008705260825997957
43	57	0.008705260781224983
5	57	0.008705260624519574
7	57	0.008705260602133082
17	57	0.008705260132016848
13	57	0.008705258108099596
6	57	0.008705257749915797
54	57	0.008705257481277946
48	57	0.008705257436504975
49	57	0.008705257436504975
19	57	0.008705257212640097
45	57	0.008705257167867127
46	57	0.008705257100707662
44	57	0.0087052570335482
57	61	0.008705253464963314
57	60	0.00870525342019033
11	12	0.008592138581122642
3	11	0.008592138337459625
2	11	0.008592137403418059
11	65	0.008592136277199947
11	66	0.00840701695350212
1	11	0.008407015789334366
11	64	0.008407015356155668
6	11	0.006126471043767297
11	42	0.006126470773030617
11	13	0.0061264677516556995
11	54	0.006126466993592972
11	48	0.00612646693944564
11	49	0.00612646693944564
11	19	0.006126466668708953
11	61	0.006126466641635287
11	45	0.006126466614561621
11	60	0.006126466587487941
11	46	0.006126466533340608
11	56	0.006126466533340608
11	58	0.006126466533340608
11	43	0.006126466479193269
11	44	0.006126466452119603
5	11	0.0061264662896775915
7	11	0.006126466262603918
11	17	0.006126465694056879
51	53	0.005667954750475799
50	53	0.005667954694114224
47	50	0.00566795469411422
47	53	0.005667954637752649
9	20	0.005667953290500936
9	21	0.005667953290500936
9	36	0.005667953290500936
9	37	0.005667953290500936
9	59	0.005667953285074835
9	18	0.005667953262320145
9	35	0.005667953262320145
9	51	0.005667953256894044
9	24	0.005667953234139357
9	28	0.005667953234139357
9	38	0.005667953234139357
9	39	0.005667953234139357
9	40	0.005667953234139357
20	52	0.005667953234139354
21	52	0.005667953234139354
36	52	0.005667953234139354
37	52	0.005667953234139354
52	59	0.00566795322871326
9	63	0.0056679532287132565
9	16	0.005667953205958563
18	52	0.005667953205958563
35	52	0.005667953205958563
51	52	0.005667953200532469
10	50	0.005667953200532462
9	32	0.005667953177777775
9	33	0.005667953177777775
24	52	0.005667953177777775
28	52	0.005667953177777775
38	52	0.005667953177777775
39	52	0.005667953177777775
40	52	0.005667953177777775
20	55	0.005667953177777768
21	55	0.005667953177777768
36	55	0.005667953177777768
37	55	0.005667953177777768
52	63	0.005667953172351681
55	59	0.005667953172351681
16	52	0.005667953149596984
18	55	0.005667953149596977
35	55	0.005667953149596977
50	52	0.00566795314417089
51	55	0.00566795314417089
10	47	0.005667953144170887
10	53	0.005667953144170887
32	52	0.005667953121416196
33	52	0.005667953121416196
24	55	0.0056679531214161895
28	55	0.0056679531214161895
38	55	0.0056679531214161895
39	55	0.0056679531214161895
40	55	0.0056679531214161895
55	63	0.005667953115990106
16	55	0.0056679530932353984
47	52	0.005667953087809312
50	55	0.005667953087809312
32	55	0.005667953065054611
33	55	0.005667953065054611
20	22	0.005667953065054604
20	41	0.005667953065054604
20	62	0.005667953065054604
21	22	0.005667953065054604
21	41	0.005667953065054604
21	62	0.005667953065054604
22	36	0.005667953065054604
22	37	0.005667953065054604
36	41	0.005667953065054604
36	62	0.005667953065054604
37	41	0.005667953065054604
37	62	0.005667953065054604
22	59	0.005667953059628531
41	59	0.005667953059628531
59	62	0.005667953059628531
18	22	0.005667953036873813
18	41	0.005667953036873813
18	62	0.005667953036873813
20	26	0.005667953036873813
21	26	0.005667953036873813
22	35	0.005667953036873813
26	36	0.005667953036873813
26	37	0.005667953036873813
35	41	0.005667953036873813
35	62	0.005667953036873813
26	59	0.005667953031447747
22	51	0.00566795303144774
41	51	0.00566795303144774
51	62	0.00566795303144774
47	55	0.005667953031447733
53	55	0.005667953031447733
22	24	0.005667953008693025
22	28	0.005667953008693025
22	38	0.005667953008693025
22	39	0.005667953008693025
22	40	0.005667953008693025
24	41	0.005667953008693025
24	62	0.005667953008693025
28	41	0.005667953008693025
28	62	0.005667953008693025
38	41	0.005667953008693025
38	62	0.005667953008693025
39	41	0.005667953008693025
39	62	0.005667953008693025
40	41	0.005667953008693025
40	62	0.005667953008693025
18	26	0.005667953008693022
20	25	0.005667953008693022
21	25	0.005667953008693022
25	36	0.005667953008693022
25	37	0.005667953008693022
26	35	0.005667953008693022
25	59	0.005667953003266956
26	51	0.005667953003266956
22	63	0.0056679530032669526
41	63	0.0056679530032669526
62	63	0.0056679530032669526
24	26	0.005667952980512234
26	28	0.005667952980512234
26	38	0.005667952980512234
26	39	0.005667952980512234
26	40	0.005667952980512234
16	22	0.005667952980512231
16	41	0.005667952980512231
16	62	0.005667952980512231
18	25	0.005667952980512231
20	30	0.005667952980512231
20	31	0.005667952980512231
21	30	0.005667952980512231
21	31	0.005667952980512231
25	35	0.005667952980512231
30	36	0.005667952980512231
30	37	0.005667952980512231
31	36	0.005667952980512231
31	37	0.005667952980512231
26	63	0.0056679529750861685
30	59	0.0056679529750861685
31	59	0.0056679529750861685
25	51	0.005667952975086165
50	62	0.0056679529750861615
16	26	0.005667952952331443
22	32	0.005667952952331443
22	33	0.005667952952331443
24	25	0.005667952952331443
25	28	0.005667952952331443
25	38	0.005667952952331443
25	39	0.005667952952331443
25	40	0.005667952952331443
32	41	0.005667952952331443
32	62	0.005667952952331443
33	41	0.005667952952331443
33	62	0.005667952952331443
18	30	0.00566795295233144
18	31	0.00566795295233144
30	35	0.00566795295233144
31	35	0.00566795295233144
20	27	0.005667952952331436
21	27	0.005667952952331436
27	36	0.005667952952331436
27	37	0.005667952952331436
27	59	0.005667952946905381
30	51	0.005667952946905381
31	51	0.005667952946905381
25	63	0.005667952946905377
26	32	0.005667952924150656
26	33	0.005667952924150656
16	25	0.005667952924150652
30	38	0.005667952924150652
30	39	0.005667952924150652
30	40	0.005667952924150652
31	38	0.005667952924150652
31	39	0.005667952924150652
31	40	0.005667952924150652
4	20	0.005667952924150649
4	21	0.005667952924150649
4	36	0.005667952924150649
4	37	0.005667952924150649
20	29	0.005667952924150649
21	29	0.005667952924150649
24	30	0.005667952924150649
24	31	0.005667952924150649
28	30	0.005667952924150649
28	31	0.005667952924150649
29	36	0.005667952924150649
29	37	0.005667952924150649
18	27	0.005667952924150645
27	35	0.005667952924150645
4	59	0.005667952918724593
29	59	0.005667952918724593
30	63	0.005667952918724593
31	63	0.005667952918724593
27	51	0.00566795291872459
47	62	0.005667952918724583
53	62	0.005667952918724583
25	32	0.005667952895969861
25	33	0.005667952895969861
27	28	0.005667952895969861
27	38	0.005667952895969861
27	39	0.005667952895969861
27	40	0.005667952895969861
4	18	0.005667952895969858
4	35	0.005667952895969858
16	30	0.005667952895969858
16	31	0.005667952895969858
18	29	0.005667952895969858
20	23	0.005667952895969858
20	34	0.005667952895969858
21	23	0.005667952895969858
21	34	0.005667952895969858
24	27	0.005667952895969858
29	35	0.005667952895969858
14	20	0.005667952895969854
14	21	0.005667952895969854
14	36	0.005667952895969854
14	37	0.005667952895969854
15	20	0.005667952895969854
15	21	0.005667952895969854
15	36	0.005667952895969854
15	37	0.005667952895969854
23	36	0.005667952895969854
23	37	0.005667952895969854
34	36	0.005667952895969854
34	37	0.005667952895969854
14	59	0.005667952890543806
15	59	0.005667952890543806
23	59	0.005667952890543806
34	59	0.005667952890543806
4	51	0.005667952890543802
27	63	0.005667952890543802
29	51	0.005667952890543802
4	24	0.00566795286778907
4	28	0.00566795286778907
4	38	0.00566795286778907
4	39	0.00566795286778907
4	40	0.00566795286778907
24	29	0.00566795286778907
28	29	0.00566795286778907
29	38	0.00566795286778907
29	39	0.00566795286778907
29	40	0.00566795286778907
30	32	0.00566795286778907
30	33	0.00566795286778907
31	32	0.00566795286778907
31	33	0.00566795286778907
16	27	0.005667952867789067
14	18	0.005667952867789063
14	35	0.005667952867789063
15	18	0.005667952867789063
15	35	0.005667952867789063
18	23	0.005667952867789063
18	34	0.005667952867789063
23	35	0.005667952867789063
34	35	0.005667952867789063
4	63	0.005667952862363015
14	51	0.005667952862363015
15	51	0.005667952862363015
23	51	0.005667952862363015
29	63	0.005667952862363015
34	51	0.005667952862363015
27	32	0.005667952839608279
27	33	0.005667952839608279
4	16	0.005667952839608276
14	24	0.005667952839608276
14	28	0.005667952839608276
14	38	0.005667952839608276
14	39	0.005667952839608276
14	40	0.005667952839608276
15	24	0.005667952839608276
15	28	0.005667952839608276
15	38	0.005667952839608276
15	39	0.005667952839608276
15	40	0.005667952839608276
16	29	0.005667952839608276
23	24	0.005667952839608276
23	28	0.005667952839608276
23	38	0.005667952839608276
23	39	0.005667952839608276
23	40	0.005667952839608276
24	34	0.005667952839608276
28	34	0.005667952839608276
34	38	0.005667952839608276
34	39	0.005667952839608276
34	40	0.005667952839608276
14	63	0.005667952834182227
15	63	0.005667952834182227
23	63	0.005667952834182227
34	63	0.005667952834182227
4	32	0.005667952811427488
4	33	0.005667952811427488
29	32	0.005667952811427488
29	33	0.005667952811427488
16	23	0.005667952811427485
16	34	0.005667952811427485
14	16	0.005667952811427481
15	16	0.005667952811427481
32	34	0.005667952783246697
33	34	0.005667952783246697
14	32	0.005667952783246694
14	33	0.005667952783246694
15	32	0.005667952783246694
15	33	0.005667952783246694
23	32	0.005667952783246694
23	33	0.005667952783246694
8	20	0.005667952473257985
8	21	0.005667952473257985
8	36	0.005667952473257985
8	37	0.005667952473257985
8	59	0.005667952467831989
8	18	0.005667952445077194
8	35	0.005667952445077194
8	51	0.005667952439651198
8	24	0.005667952416896407
8	28	0.005667952416896407
8	38	0.005667952416896407
8	39	0.005667952416896407
8	40	0.005667952416896407
8	63	0.00566795241147041
8	16	0.005667952388715612
8	32	0.005667952360534825
8	33	0.005667952360534825
10	52	0.00566795159422747
10	55	0.005667951537865892
10	22	0.0056679514251427345
10	41	0.0056679514251427345
10	62	0.0056679514251427345
10	26	0.005667951396961947
10	25	0.005667951368781156
10	30	0.005667951340600365
10	31	0.005667951340600365
10	27	0.005667951312419577
10	29	0.00566795128423879
10	14	0.005667951256057999
10	15	0.005667951256057999
10	23	0.005667951256057999
10	34	0.005667951256057999
20	21	0.005667951205122371
20	36	0.005667951205122371
20	37	0.005667951205122371
21	36	0.005667951205122371
21	37	0.005667951205122371
36	37	0.005667951205122371
18	20	0.00566795117694158
18	21	0.00566795117694158
18	36	0.00566795117694158
18	37	0.00566795117694158
20	35	0.00566795117694158
21	35	0.00566795117694158
35	36	0.00566795117694158
35	37	0.00566795117694158
20	24	0.005667951148760793
20	28	0.005667951148760793
20	38	0.005667951148760793
20	39	0.005667951148760793
20	40	0.005667951148760793
21	24	0.005667951148760793
21	28	0.005667951148760793
21	38	0.005667951148760793
21	39	0.005667951148760793
21	40	0.005667951148760793
36	38	0.005667951148760793
36	39	0.005667951148760793
36	40	0.005667951148760793
37	38	0.005667951148760793
37	39	0.005667951148760793
37	40	0.005667951148760793
24	36	0.005667951148760789
24	37	0.005667951148760789
28	36	0.005667951148760789
28	37	0.005667951148760789
18	35	0.005667951148760786
16	20	0.005667951120579998
16	21	0.005667951120579998
16	36	0.005667951120579998
16	37	0.005667951120579998
18	24	0.005667951120579998
18	28	0.005667951120579998
18	38	0.005667951120579998
18	39	0.005667951120579998
18	40	0.005667951120579998
24	35	0.005667951120579998
28	35	0.005667951120579998
35	38	0.005667951120579998
35	39	0.005667951120579998
35	40	0.005667951120579998
50	59	0.005667951109727867
20	32	0.005667951092399207
20	33	0.005667951092399207
21	32	0.005667951092399207
21	33	0.005667951092399207
24	28	0.005667951092399207
24	38	0.005667951092399207
24	39	0.005667951092399207
24	40	0.005667951092399207
28	38	0.005667951092399207
28	39	0.005667951092399207
28	40	0.005667951092399207
32	36	0.005667951092399207
32	37	0.005667951092399207
33	36	0.005667951092399207
33	37	0.005667951092399207
38	39	0.005667951092399207
38	40	0.005667951092399207
39	40	0.005667951092399207
16	18	0.005667951092399204
16	35	0.005667951092399204
50	51	0.005667951081547076
16	24	0.005667951064218416
16	28	0.005667951064218416
16	38	0.005667951064218416
16	39	0.005667951064218416
16	40	0.005667951064218416
32	35	0.005667951064218416
33	35	0.005667951064218416
18	32	0.005667951064218413
18	33	0.005667951064218413
50	63	0.0056679510533662915
47	59	0.005667951053366288
53	59	0.005667951053366288
24	32	0.005667951036037625
24	33	0.005667951036037625
28	32	0.005667951036037625
28	33	0.005667951036037625
32	38	0.005667951036037625
32	39	0.005667951036037625
32	40	0.005667951036037625
33	38	0.005667951036037625
33	39	0.005667951036037625
33	40	0.005667951036037625
47	51	0.0056679510251855005
16	32	0.005667951007856831
16	33	0.005667951007856831
47	63	0.005667950997004716
53	63	0.005667950997004716
32	33	0.00566795097967604
8	9	0.005667950833346157
8	62	0.005667950607899836
8	26	0.0056679505797190485
8	25	0.0056679505515382575
8	30	0.0056679505233574665
8	31	0.0056679505233574665
8	27	0.005667950495176675
8	29	0.005667950466995888
8	14	0.005667950438815097
8	15	0.005667950438815097
8	23	0.005667950438815097
8	34	0.005667950438815097
10	20	0.005667949565210637
10	21	0.005667949565210637
10	36	0.005667949565210637
10	37	0.005667949565210637
10	59	0.005667949559784537
10	18	0.005667949537029846
10	35	0.005667949537029846
10	51	0.005667949531603746
10	24	0.005667949508849059
10	28	0.005667949508849059
10	38	0.005667949508849059
10	39	0.005667949508849059
10	40	0.005667949508849059
10	63	0.005667949503422958
10	16	0.005667949480668264
9	50	0.005667949475242164
10	32	0.0056679494524874766
10	33	0.0056679494524874766
9	47	0.0056679494188805885
9	53	0.0056679494188805885
52	53	0.005667949362519013
22	50	0.005667949249795863
41	50	0.005667949249795863
26	50	0.0056679492216150755
22	47	0.0056679491934342845
22	53	0.0056679491934342845
25	50	0.0056679491934342845
41	47	0.0056679491934342845
41	53	0.0056679491934342845
30	50	0.0056679491652535
31	50	0.0056679491652535
26	47	0.005667949165253497
26	53	0.005667949165253497
25	47	0.005667949137072709
25	53	0.005667949137072709
27	50	0.005667949137072709
4	50	0.005667949108891925
29	50	0.005667949108891925
30	47	0.005667949108891922
30	53	0.005667949108891922
31	47	0.005667949108891922
31	53	0.005667949108891922
14	50	0.005667949080711134
15	50	0.005667949080711134
23	50	0.005667949080711134
34	50	0.005667949080711134
27	47	0.005667949080711131
27	53	0.005667949080711131
4	47	0.005667949052530347
4	53	0.005667949052530347
29	47	0.005667949052530347
29	53	0.005667949052530347
14	47	0.005667949024349556
14	53	0.005667949024349556
15	47	0.005667949024349556
15	53	0.005667949024349556
23	47	0.005667949024349556
23	53	0.005667949024349556
34	47	0.005667949024349556
34	53	0.005667949024349556
8	50	0.005667948657999317
8	47	0.005667948601637739
8	53	0.005667948601637739
9	10	0.00566794792529875
9	52	0.005667947868937172
9	55	0.005667947812575593
52	55	0.005667947756214015
9	22	0.005667947699852436
9	41	0.005667947699852436
9	62	0.005667947699852436
9	26	0.005667947671671648
9	25	0.005667947643490857
22	52	0.005667947643490857
41	52	0.005667947643490857
52	62	0.005667947643490857
26	52	0.00566794761531007
9	30	0.005667947615310066
9	31	0.005667947615310066
9	27	0.005667947587129279
25	52	0.005667947587129279
22	55	0.005667947587129275
41	55	0.005667947587129275
55	62	0.005667947587129275
4	9	0.005667947558948491
4	10	0.005667947558948491
9	29	0.005667947558948491
30	52	0.005667947558948491
31	52	0.005667947558948491
26	55	0.005667947558948488
9	14	0.0056679475307677
9	15	0.0056679475307677
9	23	0.0056679475307677
9	34	0.0056679475307677
27	52	0.0056679475307677
25	55	0.005667947530767697
4	52	0.005667947502586913
29	52	0.005667947502586913
30	55	0.005667947502586909
31	55	0.005667947502586909
20	59	0.0056679474744062396
21	59	0.0056679474744062396
36	59	0.0056679474744062396
37	59	0.0056679474744062396
14	52	0.005667947474406122
15	52	0.005667947474406122
23	52	0.005667947474406122
34	52	0.005667947474406122
22	41	0.005667947474406118
22	62	0.005667947474406118
27	55	0.005667947474406118
41	62	0.005667947474406118
18	59	0.0056679474462254485
20	51	0.0056679474462254485
21	51	0.0056679474462254485
35	59	0.0056679474462254485
36	51	0.0056679474462254485
37	51	0.0056679474462254485
4	55	0.0056679474462253306
22	26	0.0056679474462253306
26	41	0.0056679474462253306
26	62	0.0056679474462253306
29	55	0.0056679474462253306
51	59	0.005667947440799143
24	59	0.005667947418044664
28	59	0.005667947418044664
38	59	0.005667947418044664
39	59	0.005667947418044664
40	59	0.005667947418044664
18	51	0.0056679474180446575
20	63	0.0056679474180446575
21	63	0.0056679474180446575
35	51	0.0056679474180446575
36	63	0.0056679474180446575
37	63	0.0056679474180446575
14	55	0.0056679474180445395
15	55	0.0056679474180445395
22	25	0.0056679474180445395
23	55	0.0056679474180445395
25	41	0.0056679474180445395
25	62	0.0056679474180445395
34	55	0.0056679474180445395
59	63	0.005667947412618359
16	59	0.005667947389863873
24	51	0.005667947389863873
28	51	0.005667947389863873
38	51	0.005667947389863873
39	51	0.005667947389863873
40	51	0.005667947389863873
18	63	0.00566794738986387
35	63	0.00566794738986387
20	50	0.005667947389863863
21	50	0.005667947389863863
36	50	0.005667947389863863
37	50	0.005667947389863863
25	26	0.005667947389863752
30	41	0.005667947389863752
30	62	0.005667947389863752
31	41	0.005667947389863752
31	62	0.005667947389863752
22	30	0.0056679473898637485
22	31	0.0056679473898637485
51	63	0.005667947384437568
32	59	0.005667947361683089
33	59	0.005667947361683089
16	51	0.005667947361683082
24	63	0.005667947361683082
28	63	0.005667947361683082
38	63	0.005667947361683082
39	63	0.005667947361683082
40	63	0.005667947361683082
18	50	0.005667947361683072
35	50	0.005667947361683072
22	27	0.005667947361682961
26	30	0.005667947361682961
26	31	0.005667947361682961
27	41	0.005667947361682961
27	62	0.005667947361682961
16	63	0.005667947333502295
32	51	0.005667947333502295
33	51	0.005667947333502295
24	50	0.005667947333502288
28	50	0.005667947333502288
38	50	0.005667947333502288
39	50	0.005667947333502288
40	50	0.005667947333502288
20	47	0.005667947333502281
20	53	0.005667947333502281
21	47	0.005667947333502281
21	53	0.005667947333502281
36	47	0.005667947333502281
36	53	0.005667947333502281
37	47	0.005667947333502281
37	53	0.005667947333502281
22	29	0.005667947333502173
4	22	0.00566794733350217
4	41	0.00566794733350217
4	62	0.00566794733350217
25	30	0.00566794733350217
25	31	0.00566794733350217
26	27	0.00566794733350217
29	41	0.00566794733350217
29	62	0.00566794733350217
32	63	0.005667947305321507
33	63	0.005667947305321507
16	50	0.005667947305321497
18	47	0.005667947305321493
18	53	0.005667947305321493
35	47	0.005667947305321493
35	53	0.005667947305321493
4	26	0.005667947305321386
26	29	0.005667947305321386
22	23	0.005667947305321382
22	34	0.005667947305321382
30	31	0.005667947305321382
14	22	0.005667947305321379
14	41	0.005667947305321379
14	62	0.005667947305321379
15	22	0.005667947305321379
15	41	0.005667947305321379
15	62	0.005667947305321379
23	41	0.005667947305321379
23	62	0.005667947305321379
25	27	0.005667947305321379
34	41	0.005667947305321379
34	62	0.005667947305321379
32	50	0.005667947277140713
33	50	0.005667947277140713
24	47	0.005667947277140706
24	53	0.005667947277140706
28	47	0.005667947277140706
28	53	0.005667947277140706
38	47	0.005667947277140706
38	53	0.005667947277140706
39	47	0.005667947277140706
39	53	0.005667947277140706
40	47	0.005667947277140706
40	53	0.005667947277140706
4	25	0.005667947277140595
26	34	0.005667947277140595
14	26	0.005667947277140591
15	26	0.005667947277140591
23	26	0.005667947277140591
25	29	0.005667947277140591
27	30	0.005667947277140591
27	31	0.005667947277140591
16	47	0.005667947248959915
16	53	0.005667947248959915
4	30	0.005667947248959804
4	31	0.005667947248959804
14	25	0.005667947248959804
15	25	0.005667947248959804
23	25	0.005667947248959804
25	34	0.005667947248959804
29	30	0.005667947248959804
29	31	0.005667947248959804
32	47	0.005667947220779131
32	53	0.005667947220779131
33	47	0.005667947220779131
33	53	0.005667947220779131
4	27	0.005667947220779013
14	30	0.005667947220779013
14	31	0.005667947220779013
15	30	0.005667947220779013
15	31	0.005667947220779013
23	30	0.005667947220779013
23	31	0.005667947220779013
27	29	0.005667947220779013
30	34	0.005667947220779013
31	34	0.005667947220779013
4	29	0.005667947192598225
14	27	0.005667947192598222
15	27	0.005667947192598222
23	27	0.005667947192598222
27	34	0.005667947192598222
4	14	0.005667947164417434
4	15	0.005667947164417434
4	23	0.005667947164417434
4	34	0.005667947164417434
14	29	0.005667947164417434
15	29	0.005667947164417434
23	29	0.005667947164417434
29	34	0.005667947164417434
14	15	0.005667947136236643
14	23	0.005667947136236643
14	34	0.005667947136236643
15	23	0.005667947136236643
15	34	0.005667947136236643
23	34	0.005667947136236643
8	10	0.005667947108055859
8	52	0.00566794705169428
8	55	0.005667946995332698
8	22	0.005667946882609538
8	41	0.005667946882609538
4	8	0.005667946741705589
1	57	0.004490319132321327
57	66	0.004490318232295138
57	64	0.004490316911492376
2	27	-0.0004528642613317903
2	4	-0.0004528642875218751
2	29	-0.0004528642875218751
2	14	-0.00045286431371196686
2	15	-0.00045286431371196686
2	23	-0.00045286431371196686
2	34	-0.00045286431371196686
2	8	-0.0004528647065632982
12	22	-0.00045286479335223534
12	41	-0.00045286479335223534
12	26	-0.00045286481954232363
12	25	-0.0004528648457324119
12	30	-0.0004528648719225002
12	31	-0.0004528648719225002
12	27	-0.0004528648981125885
4	12	-0.00045286492430267333
12	29	-0.00045286492430267333
12	14	-0.0004528649504927616
12	15	-0.0004528649504927616
12	34	-0.0004528649504927616
32	65	-0.00045286514716681714
33	65	-0.00045286514716681714
3	27	-0.00045286515173969394
3	4	-0.00045286517792977876
3	29	-0.00045286517792977876
3	14	-0.00045286520411986705
3	15	-0.00045286520411986705
3	23	-0.00045286520411986705
3	34	-0.00045286520411986705
3	50	-0.0004528652596489553
27	65	-0.00045286528126627437
4	65	-0.0004528653074563592
29	65	-0.0004528653074563592
3	47	-0.00045286531202912844
3	53	-0.00045286531202912844
14	65	-0.0004528653336464475
15	65	-0.0004528653336464475
23	65	-0.0004528653336464475
34	65	-0.0004528653336464475
8	12	-0.0004528653433440756
50	65	-0.0004528653891756468
47	65	-0.0004528654415558199
53	65	-0.0004528654415558199
3	8	-0.00045286559697118797
2	20	-0.00045286588511729564
2	21	-0.00045286588511729564
2	36	-0.00045286588511729564
2	37	-0.00045286588511729564
2	18	-0.00045286591130738393
2	35	-0.00045286591130738393
2	24	-0.0004528659374974722
2	28	-0.0004528659374974722
2	38	-0.0004528659374974722
2	39	-0.0004528659374974722
2	40	-0.0004528659374974722
2	16	-0.000452865963687564
2	32	-0.0004528659898776523
2	33	-0.0004528659898776523
2	59	-0.00045286615331586663
2	63	-0.0004528662056960432
2	50	-0.00045286623188613845
2	47	-0.00045286628426631156
2	53	-0.00045286628426631156
12	20	-0.000452866521898021
12	21	-0.000452866521898021
12	36	-0.000452866521898021
12	37	-0.000452866521898021
12	18	-0.0004528665480881093
12	35	-0.0004528665480881093
12	24	-0.00045286657427819413
12	28	-0.00045286657427819413
12	38	-0.00045286657427819413
12	39	-0.00045286657427819413
12	40	-0.00045286657427819413
12	16	-0.0004528666004682859
12	32	-0.0004528666266583707
12	33	-0.0004528666266583707
3	10	-0.00045286670010378713
12	59	-0.00045286679009674813
12	23	-0.00045286681313791086
12	51	-0.0004528668162868364
3	24	-0.0004528668279053169
3	28	-0.0004528668279053169
3	38	-0.0004528668279053169
3	39	-0.0004528668279053169
3	40	-0.0004528668279053169
10	65	-0.00045286682963039185
12	63	-0.00045286684247692124
3	16	-0.00045286685409540867
12	50	-0.000452866868667013
3	32	-0.0004528668802854935
3	33	-0.0004528668802854935
12	47	-0.0004528669210471896
12	53	-0.0004528669210471896
22	65	-0.00045286703915108084
41	65	-0.00045286703915108084
3	59	-0.0004528670437238362
26	65	-0.00045286706534116566
3	51	-0.00045286706991392797
25	65	-0.00045286709153125396
3	63	-0.0004528670961040128
30	65	-0.0004528671177213388
31	65	-0.0004528671177213388
8	65	-0.0004528675891428899
2	10	-0.0004528676723410223
2	51	-0.0004528680421511076
9	12	-0.0004528683091218344
10	12	-0.0004528683091218344
12	52	-0.0004528683615020075
12	55	-0.0004528684138821841
12	62	-0.0004528685186425338
3	9	-0.00045286856274893636
3	52	-0.0004528686151291095
3	55	-0.00045286866750928953
20	65	-0.00045286876769676937
21	65	-0.00045286876769676937
36	65	-0.00045286876769676937
37	65	-0.00045286876769676937
3	22	-0.00045286877226963923
3	41	-0.00045286877226963923
3	62	-0.00045286877226963923
18	65	-0.00045286879388685766
35	65	-0.00045286879388685766
3	26	-0.0004528687984597275
24	65	-0.0004528688200769425
28	65	-0.0004528688200769425
38	65	-0.0004528688200769425
39	65	-0.0004528688200769425
40	65	-0.0004528688200769425
3	25	-0.0004528688246498158
16	65	-0.0004528688462670308
3	30	-0.0004528688508399041
3	31	-0.0004528688508399041
59	65	-0.0004528690358956873
51	65	-0.0004528690620857756
63	65	-0.0004528690882758604
2	9	-0.0004528695349861715
2	52	-0.0004528695873663481
2	55	-0.0004528696397465247
2	22	-0.00045286974450688133
2	41	-0.00045286974450688133
2	62	-0.00045286974450688133
2	26	-0.0004528697706969696
2	25	-0.0004528697968870579
2	30	-0.0004528698230771462
2	31	-0.0004528698230771462
3	20	-0.0004528705008154388
3	21	-0.0004528705008154388
3	36	-0.0004528705008154388
3	37	-0.0004528705008154388
3	18	-0.0004528705270055271
3	35	-0.0004528705270055271
9	65	-0.00045287241756583954
52	65	-0.0004528724699460092
55	65	-0.0004528725223261823
62	65	-0.00045287262708652853
11	57	-0.002004789862832739
50	57	-0.003508534143395456
47	57	-0.0035085341881684294
53	57	-0.0035085341881684294
9	57	-0.003508535374652264
10	57	-0.003508535374652264
52	57	-0.0035085354194252377
55	57	-0.0035085354641982112
22	57	-0.0035085355537441618
41	57	-0.0035085355537441618
57	62	-0.0035085355537441652
26	57	-0.0035085355761306503
25	57	-0.0035085355985171388
30	57	-0.0035085356209036238
31	57	-0.0035085356209036238
27	57	-0.0035085356432901123
4	57	-0.0035085356656765973
29	57	-0.0035085356656765973
14	57	-0.003508535688063086
15	57	-0.003508535688063086
23	57	-0.003508535688063086
34	57	-0.003508535688063086
57	59	-0.003508535938881143
51	57	-0.0035085359612676316
57	63	-0.0035085359836541166
8	57	-0.003508537886505545
20	57	-0.003508538893897479
21	57	-0.003508538893897479
36	57	-0.003508538893897479
37	57	-0.003508538893897479
18	57	-0.0035085389162839674
35	57	-0.0035085389162839674
24	57	-0.003508538938670456
28	57	-0.003508538938670456
38	57	-0.003508538938670456
39	57	-0.003508538938670456
40	57	-0.003508538938670456
16	57	-0.0035085389610569444
32	57	-0.0035085389834434294
33	57	-0.0035085389834434294
11	22	-0.00434455928800901
11	41	-0.00434455928800901
11	25	-0.004344559342156346
11	50	-0.004344559445013042
11	47	-0.004344559499160374
11	53	-0.004344559499160374
9	11	-0.004344560934064812
10	11	-0.004344560934064812
11	52	-0.004344560988212148
11	55	-0.004344561042359488
11	62	-0.0043445611506541595
11	26	-0.004344561177727826
11	59	-0.004344561226437182
11	30	-0.004344561231875165
11	31	-0.004344561231875165
11	51	-0.0043445612535108515
11	27	-0.004344561258948835
11	63	-0.004344561280584518
11	29	-0.004344561286022501
4	11	-0.0043445612860225045
11	14	-0.004344561313096171
11	15	-0.004344561313096171
11	23	-0.004344561313096171
11	34	-0.004344561313096171
8	11	-0.004344561719201202
11	20	-0.0043445629375162866
11	21	-0.0043445629375162866
11	36	-0.0043445629375162866
11	37	-0.0043445629375162866
11	18	-0.004344562964589956
11	35	-0.004344562964589956
11	24	-0.0043445629916636225
11	28	-0.0043445629916636225
11	38	-0.0043445629916636225
11	39	-0.0043445629916636225
11	40	-0.0043445629916636225
11	16	-0.004344563018737296
11	32	-0.004344563045810962
11	33	-0.004344563045810962
5	65	-0.004982696699494683
7	65	-0.004982696725684774
2	61	-0.004982697474002082
2	60	-0.004982697526382269
12	42	-0.0049826975945601905
3	42	-0.004982697873712402
3	48	-0.004982697978472759
3	49	-0.004982697978472759
12	61	-0.004982697987411508
12	60	-0.0049826980397916915
3	19	-0.004982698240373638
3	61	-0.004982698266563723
3	60	-0.004982698318943907
3	43	-0.004982698423704256
3	5	-0.0049826986070348675
3	7	-0.004982698633224959
2	54	-0.00498269899617608
13	65	-0.004982699010520328
6	65	-0.004982699429561706
3	6	-0.004982699474456679
2	5	-0.004982699677118386
42	65	-0.0049826996914625644
2	7	-0.004982699703308481
54	65	-0.004982699743842741
3	54	-0.004982699788737735
48	65	-0.004982699796222911
49	65	-0.004982699796222911
19	65	-0.004982700058123776
61	65	-0.004982700084313861
45	65	-0.004982700110503946
60	65	-0.004982700136694038
46	65	-0.004982700189074207
56	65	-0.004982700189074207
58	65	-0.004982700189074207
43	65	-0.00498270024145438
44	65	-0.004982700267644465
2	42	-0.0049827008064410455
3	13	-0.004982700918060419
17	65	-0.004982701000966882
6	12	-0.004982701057949616
2	19	-0.0049827011731022955
2	45	-0.004982701225482469
2	46	-0.00498270130405274
2	56	-0.00498270130405274
2	58	-0.00498270130405274
12	54	-0.004982701372230669
2	44	-0.004982701382623005
12	56	-0.0049827018174621596
12	58	-0.0049827018174621596
2	13	-0.004982701988143889
3	45	-0.00498270201804411
3	46	-0.004982702096614378
2	17	-0.004982702115945495
3	44	-0.00498270217518464
2	6	-0.004982702407185308
12	13	-0.00498270250155336
2	48	-0.004982702773846551
2	49	-0.004982702773846551
3	17	-0.004982702908507105
2	43	-0.004982703219078066
12	19	-0.004982703549156871
12	45	-0.0049827036015370404
12	43	-0.004982703732487485
12	44	-0.00498270375867757
5	12	-0.0049827039158180965
7	12	-0.004982703942008188
3	56	-0.0049827039592595275
3	58	-0.0049827039592595275
12	17	-0.0049827044920000285
12	48	-0.004982705149901141
12	49	-0.004982705149901141
12	46	-0.004982705542752458
57	65	-0.0091233191222263
12	57	-0.009123319366194312
2	57	-0.009123319408683942
3	57	-0.009123319567672698
47	48	-0.009537156684626895
47	49	-0.009537156684626895
5	53	-0.009537157360965803
7	53	-0.009537157389146594
10	13	-0.009537157483099593
13	50	-0.00953715763981458
13	47	-0.009537157701848403
13	53	-0.009537157701848403
17	50	-0.009537157918909314
17	47	-0.009537157980943144
17	53	-0.009537157980943144
6	50	-0.009537158090707189
6	47	-0.009537158152741011
6	53	-0.009537158152741011
9	54	-0.0095371582721617
9	48	-0.009537158328523275
9	49	-0.009537158328523275
10	48	-0.009537158328523275
10	49	-0.009537158328523275
52	54	-0.00953715833419553
42	50	-0.009537158372515064
8	13	-0.009537158382590047
48	52	-0.009537158390557098
49	52	-0.009537158390557098
48	59	-0.009537158392187474
49	59	-0.009537158392187474
54	55	-0.009537158396229352
48	51	-0.009537158423204385
49	51	-0.009537158423204385
50	54	-0.009537158428876646
42	47	-0.009537158434548887
42	53	-0.009537158434548887
48	55	-0.009537158452590927
49	55	-0.009537158452590927
48	63	-0.009537158454221296
49	63	-0.009537158454221296
48	50	-0.009537158485238215
49	50	-0.009537158485238215
47	54	-0.009537158490910469
53	54	-0.009537158490910469
22	54	-0.009537158520297004
41	54	-0.009537158520297004
54	62	-0.009537158520297004
48	53	-0.009537158547272037
49	53	-0.009537158547272037
26	54	-0.009537158551313915
22	48	-0.009537158576658579
22	49	-0.009537158576658579
41	48	-0.009537158576658579
41	49	-0.009537158576658579
48	62	-0.009537158576658579
49	62	-0.009537158576658579
25	54	-0.009537158582330833
26	48	-0.00953715860767549
26	49	-0.00953715860767549
30	54	-0.009537158613347745
31	54	-0.009537158613347745
9	61	-0.009537158638511962
25	48	-0.009537158638692408
25	49	-0.009537158638692408
9	45	-0.009537158666692747
30	48	-0.00953715866970932
30	49	-0.00953715866970932
31	48	-0.00953715866970932
31	49	-0.00953715866970932
19	59	-0.009537158673995356
9	60	-0.009537158694873545
27	48	-0.009537158700726231
27	49	-0.009537158700726231
19	51	-0.009537158705012268
45	52	-0.009537158728726576
4	48	-0.009537158731743142
4	49	-0.009537158731743142
29	48	-0.009537158731743142
29	49	-0.009537158731743142
19	63	-0.009537158736029179
9	46	-0.00953715875123512
14	48	-0.00953715876276006
14	49	-0.00953715876276006
15	48	-0.00953715876276006
15	49	-0.00953715876276006
23	48	-0.00953715876276006
23	49	-0.00953715876276006
34	48	-0.00953715876276006
34	49	-0.00953715876276006
61	63	-0.00953715876420997
19	50	-0.009537158767046097
45	55	-0.009537158790760406
50	61	-0.009537158795226881
9	43	-0.009537158807596702
46	52	-0.009537158813268942
60	63	-0.009537158820571545
45	50	-0.009537158823407672
19	47	-0.00953715882907992
19	53	-0.00953715882907992
9	44	-0.009537158835777486
50	60	-0.009537158851588463
47	61	-0.00953715885726071
53	61	-0.00953715885726071
43	52	-0.009537158869630524
46	55	-0.009537158875302772
45	47	-0.009537158885441495
45	53	-0.009537158885441495
44	52	-0.009537158897811315
46	50	-0.009537158907950039
50	56	-0.009537158907950039
50	58	-0.009537158907950039
47	60	-0.009537158913622293
53	60	-0.009537158913622293
22	45	-0.00953715891482805
41	45	-0.00953715891482805
45	62	-0.009537158914828057
43	55	-0.009537158931664354
26	45	-0.009537158945844962
44	55	-0.009537158959845145
43	50	-0.009537158964311614
46	47	-0.009537158969983861
46	53	-0.009537158969983861
47	56	-0.009537158969983861
47	58	-0.009537158969983861
53	56	-0.009537158969983861
53	58	-0.009537158969983861
25	45	-0.00953715897686188
30	61	-0.009537158979698007
31	61	-0.009537158979698007
19	27	-0.009537158982534134
44	50	-0.009537158992492405
46	62	-0.009537158999370424
56	62	-0.009537158999370424
58	62	-0.009537158999370424
22	46	-0.00953715899937043
22	56	-0.00953715899937043
22	58	-0.00953715899937043
41	46	-0.00953715899937043
41	56	-0.00953715899937043
41	58	-0.00953715899937043
30	45	-0.009537159007878791
31	45	-0.009537159007878791
4	19	-0.009537159013551046
19	29	-0.009537159013551046
43	47	-0.009537159026345443
43	53	-0.009537159026345443
26	46	-0.009537159030387342
26	56	-0.009537159030387342
26	58	-0.009537159030387342
30	60	-0.00953715903605959
31	60	-0.00953715903605959
27	45	-0.00953715903889571
4	61	-0.00953715904173183
14	19	-0.009537159044567957
15	19	-0.009537159044567957
19	23	-0.009537159044567957
19	34	-0.009537159044567957
44	47	-0.009537159054526227
44	53	-0.009537159054526227
22	43	-0.009537159055732006
41	43	-0.009537159055732006
43	62	-0.009537159055732013
25	46	-0.009537159061404253
25	56	-0.009537159061404253
25	58	-0.009537159061404253
4	45	-0.00953715906991262
29	45	-0.00953715906991262
14	61	-0.009537159072748748
15	61	-0.009537159072748748
23	61	-0.009537159072748748
34	61	-0.009537159072748748
22	44	-0.009537159083912797
41	44	-0.009537159083912797
44	62	-0.009537159083912797
26	43	-0.009537159086748917
30	46	-0.009537159092421164
30	56	-0.009537159092421164
30	58	-0.009537159092421164
31	46	-0.009537159092421164
31	56	-0.009537159092421164
31	58	-0.009537159092421164
4	60	-0.009537159098093419
29	60	-0.009537159098093419
14	45	-0.009537159100929532
15	45	-0.009537159100929532
23	45	-0.009537159100929532
34	45	-0.009537159100929532
26	44	-0.009537159114929708
25	43	-0.009537159117765835
27	46	-0.009537159123438083
27	56	-0.009537159123438083
27	58	-0.009537159123438083
14	60	-0.00953715912911033
15	60	-0.00953715912911033
23	60	-0.00953715912911033
34	60	-0.00953715912911033
25	44	-0.009537159145946626
30	43	-0.009537159148782746
31	43	-0.009537159148782746
4	46	-0.009537159154454994
4	56	-0.009537159154454994
4	58	-0.009537159154454994
29	46	-0.009537159154454994
29	56	-0.009537159154454994
29	58	-0.009537159154454994
5	50	-0.009537159161577123
30	44	-0.009537159176963537
31	44	-0.009537159176963537
27	43	-0.009537159179799665
14	46	-0.009537159185471905
14	56	-0.009537159185471905
14	58	-0.009537159185471905
15	46	-0.009537159185471905
15	56	-0.009537159185471905
15	58	-0.009537159185471905
23	46	-0.009537159185471905
23	56	-0.009537159185471905
23	58	-0.009537159185471905
34	46	-0.009537159185471905
34	56	-0.009537159185471905
34	58	-0.009537159185471905
7	50	-0.009537159189757921
27	44	-0.009537159207980449
4	43	-0.009537159210816576
29	43	-0.009537159210816576
5	47	-0.009537159223610953
8	48	-0.00953715922801375
8	49	-0.00953715922801375
4	44	-0.00953715923899736
29	44	-0.00953715923899736
14	43	-0.009537159241833487
15	43	-0.009537159241833487
23	43	-0.009537159241833487
34	43	-0.009537159241833487
7	47	-0.009537159251791744
5	22	-0.009537159252997529
5	41	-0.009537159252997529
14	44	-0.009537159270014278
15	44	-0.009537159270014278
23	44	-0.009537159270014278
34	44	-0.009537159270014278
7	22	-0.009537159281178327
7	41	-0.009537159281178327
5	26	-0.00953715928401444
7	26	-0.009537159312195238
5	25	-0.009537159315031359
7	25	-0.00953715934321215
9	13	-0.009537159345744742
5	30	-0.00953715934604827
5	31	-0.00953715934604827
7	30	-0.009537159374229068
7	31	-0.009537159374229068
13	52	-0.009537159407778571
4	5	-0.0095371594080821
13	59	-0.00953715940940899
4	7	-0.00953715943626289
13	51	-0.009537159440425907
7	23	-0.009537159467279809
13	55	-0.009537159469812394
13	63	-0.009537159471442812
13	22	-0.009537159593880046
13	41	-0.009537159593880046
13	62	-0.009537159593880046
8	60	-0.009537159594364034
9	17	-0.009537159624839593
10	17	-0.009537159624839593
13	26	-0.009537159624896957
13	25	-0.009537159655913868
17	52	-0.009537159686873423
13	30	-0.00953715968693078
13	31	-0.00953715968693078
17	59	-0.009537159688503716
17	51	-0.009537159719520634
17	55	-0.009537159748907252
4	13	-0.009537159748964602
17	63	-0.009537159750537545
6	9	-0.009537159796637378
6	10	-0.009537159796637378
6	52	-0.0095371598586712
6	59	-0.009537159860301597
17	22	-0.009537159872974904
17	41	-0.009537159872974904
17	62	-0.009537159872974904
6	51	-0.009537159891318508
17	26	-0.009537159903991815
6	55	-0.00953715992070503
6	63	-0.00953715992233542
17	25	-0.009537159935008734
17	30	-0.009537159966025652
17	31	-0.009537159966025652
17	27	-0.009537159997042563
17	29	-0.009537160028059474
4	17	-0.009537160028059481
6	22	-0.009537160044772681
6	41	-0.009537160044772681
6	62	-0.009537160044772681
14	17	-0.009537160059076392
15	17	-0.009537160059076392
17	23	-0.009537160059076392
17	34	-0.009537160059076392
6	26	-0.009537160075789586
9	42	-0.009537160078445267
10	42	-0.009537160078445267
6	25	-0.009537160106806504
10	54	-0.009537160134806849
6	30	-0.009537160137823415
6	31	-0.009537160137823415
42	52	-0.00953716014047909
42	59	-0.009537160142109473
6	27	-0.009537160168840327
42	51	-0.009537160173126384
54	59	-0.009537160198471048
4	6	-0.009537160199857238
6	29	-0.009537160199857238
42	55	-0.009537160202512919
42	63	-0.009537160204143295
51	54	-0.009537160229487966
6	14	-0.009537160230874149
6	15	-0.009537160230874149
6	23	-0.009537160230874149
6	34	-0.009537160230874149
54	63	-0.009537160260504877
22	42	-0.009537160326580571
41	42	-0.009537160326580571
42	62	-0.009537160326580571
26	42	-0.009537160357597482
25	42	-0.009537160388614394
30	42	-0.009537160419631305
31	42	-0.009537160419631305
27	42	-0.009537160450648216
9	19	-0.00953716047297632
10	19	-0.00953716047297632
4	42	-0.009537160481665127
29	42	-0.009537160481665127
10	61	-0.009537160501157112
27	54	-0.009537160507009805
14	42	-0.009537160512682046
15	42	-0.009537160512682046
23	42	-0.009537160512682046
34	42	-0.009537160512682046
8	17	-0.009537160524330103
10	45	-0.009537160529337896
19	52	-0.00953716053501015
4	54	-0.009537160538026716
29	54	-0.009537160538026716
10	60	-0.009537160557518694
52	61	-0.009537160563190934
59	61	-0.00953716056482129
14	54	-0.009537160569043635
15	54	-0.009537160569043635
23	54	-0.009537160569043635
34	54	-0.009537160569043635
45	59	-0.009537160593002074
51	61	-0.009537160595838201
19	55	-0.00953716059704398
9	56	-0.009537160613880269
9	58	-0.009537160613880269
10	46	-0.009537160613880269
10	56	-0.009537160613880269
10	58	-0.009537160613880269
52	60	-0.009537160619552523
59	60	-0.009537160621182872
20	48	-0.009537160623774833
20	49	-0.009537160623774833
21	48	-0.009537160623774833
21	49	-0.009537160623774833
36	48	-0.009537160623774833
36	49	-0.009537160623774833
37	48	-0.009537160623774833
37	49	-0.009537160623774833
45	51	-0.009537160624018992
55	61	-0.009537160625224764
51	60	-0.00953716065219979
18	48	-0.009537160654791745
18	49	-0.009537160654791745
35	48	-0.009537160654791745
35	49	-0.009537160654791745
45	63	-0.009537160655035903
10	43	-0.009537160670241851
52	56	-0.009537160675914098
52	58	-0.009537160675914098
46	59	-0.00953716067754444
56	59	-0.00953716067754444
58	59	-0.00953716067754444
55	60	-0.009537160681586353
24	48	-0.009537160685808656
24	49	-0.009537160685808656
28	48	-0.009537160685808656
28	49	-0.009537160685808656
38	48	-0.009537160685808656
38	49	-0.009537160685808656
39	48	-0.009537160685808656
39	49	-0.009537160685808656
40	48	-0.009537160685808656
40	49	-0.009537160685808656
6	8	-0.009537160696127839
10	44	-0.009537160698422635
46	51	-0.009537160708561358
51	56	-0.009537160708561358
51	58	-0.009537160708561358
16	48	-0.009537160716825574
16	49	-0.009537160716825574
19	22	-0.009537160721111632
19	41	-0.009537160721111632
19	62	-0.009537160721111632
43	59	-0.009537160733906022
55	56	-0.009537160737947921
55	58	-0.009537160737947921
46	63	-0.00953716073957827
56	63	-0.00953716073957827
58	63	-0.00953716073957827
32	48	-0.009537160747842485
32	49	-0.009537160747842485
33	48	-0.009537160747842485
33	49	-0.009537160747842485
22	61	-0.009537160749292416
41	61	-0.009537160749292416
61	62	-0.009537160749292416
19	26	-0.009537160752128543
44	59	-0.009537160762086806
43	51	-0.009537160764922933
26	61	-0.009537160780309327
19	25	-0.009537160783145454
44	51	-0.009537160793103724
43	63	-0.009537160795939845
60	62	-0.009537160805653998
22	60	-0.009537160805654005
41	60	-0.009537160805654005
25	61	-0.009537160811326245
19	30	-0.009537160814162365
19	31	-0.009537160814162365
44	63	-0.009537160824120636
26	60	-0.009537160836670916
5	9	-0.009537160867507374
5	10	-0.009537160867507374
25	60	-0.009537160867687827
27	61	-0.009537160873360068
7	9	-0.009537160895688165
7	10	-0.009537160895688165
29	61	-0.009537160904376979
5	52	-0.009537160929541197
27	60	-0.009537160929721657
5	59	-0.009537160931171532
20	61	-0.009537160933763535
21	61	-0.009537160933763535
36	61	-0.009537160933763535
37	61	-0.009537160933763535
18	19	-0.009537160936599662
19	35	-0.009537160936599662
7	52	-0.009537160957721995
7	59	-0.009537160959352323
20	45	-0.009537160961944326
21	45	-0.009537160961944326
36	45	-0.009537160961944326
37	45	-0.009537160961944326
5	51	-0.009537160962188443
18	61	-0.009537160964780453
35	61	-0.009537160964780453
8	42	-0.009537160977935735
20	60	-0.00953716099012513
21	60	-0.00953716099012513
36	60	-0.00953716099012513
37	60	-0.00953716099012513
7	51	-0.00953716099036924
5	55	-0.009537160991575026
18	45	-0.009537160992961244
35	45	-0.009537160992961244
5	63	-0.009537160993205354
24	61	-0.009537160995797364
28	61	-0.009537160995797364
38	61	-0.009537160995797364
39	61	-0.009537160995797364
40	61	-0.009537160995797364
16	19	-0.009537160998633491
7	55	-0.009537161019755824
18	60	-0.009537161021142042
35	60	-0.009537161021142042
7	63	-0.009537161021386152
24	45	-0.009537161023978155
28	45	-0.009537161023978155
38	45	-0.009537161023978155
39	45	-0.009537161023978155
40	45	-0.009537161023978155
16	61	-0.009537161026814282
8	54	-0.009537161034297324
20	46	-0.009537161046486706
20	56	-0.009537161046486706
20	58	-0.009537161046486706
21	46	-0.009537161046486706
21	56	-0.009537161046486706
21	58	-0.009537161046486706
36	46	-0.009537161046486706
36	56	-0.009537161046486706
36	58	-0.009537161046486706
37	46	-0.009537161046486706
37	56	-0.009537161046486706
37	58	-0.009537161046486706
24	60	-0.009537161052158953
28	60	-0.009537161052158953
38	60	-0.009537161052158953
39	60	-0.009537161052158953
40	60	-0.009537161052158953
16	45	-0.009537161054995066
32	61	-0.009537161057831194
33	61	-0.009537161057831194
18	46	-0.009537161077503624
18	56	-0.009537161077503624
18	58	-0.009537161077503624
35	46	-0.009537161077503624
35	56	-0.009537161077503624
35	58	-0.009537161077503624
16	60	-0.009537161083175871
32	45	-0.009537161086011978
33	45	-0.009537161086011978
20	43	-0.009537161102848295
21	43	-0.009537161102848295
36	43	-0.009537161102848295
37	43	-0.009537161102848295
24	46	-0.009537161108520535
24	56	-0.009537161108520535
24	58	-0.009537161108520535
28	46	-0.009537161108520535
28	56	-0.009537161108520535
28	58	-0.009537161108520535
38	46	-0.009537161108520535
38	56	-0.009537161108520535
38	58	-0.009537161108520535
39	46	-0.009537161108520535
39	56	-0.009537161108520535
39	58	-0.009537161108520535
40	46	-0.009537161108520535
40	56	-0.009537161108520535
40	58	-0.009537161108520535
32	60	-0.009537161114192783
33	60	-0.009537161114192783
5	62	-0.009537161115642678
20	44	-0.009537161131029079
21	44	-0.009537161131029079
36	44	-0.009537161131029079
37	44	-0.009537161131029079
18	43	-0.009537161133865206
35	43	-0.009537161133865206
16	46	-0.009537161139537446
16	56	-0.009537161139537446
16	58	-0.009537161139537446
7	62	-0.009537161143823476
18	44	-0.009537161162045997
35	44	-0.009537161162045997
24	43	-0.009537161164882117
28	43	-0.009537161164882117
38	43	-0.009537161164882117
39	43	-0.009537161164882117
40	43	-0.009537161164882117
32	46	-0.009537161170554358
32	56	-0.009537161170554358
32	58	-0.009537161170554358
33	46	-0.009537161170554358
33	56	-0.009537161170554358
33	58	-0.009537161170554358
24	44	-0.009537161193062908
28	44	-0.009537161193062908
38	44	-0.009537161193062908
39	44	-0.009537161193062908
40	44	-0.009537161193062908
16	43	-0.009537161195899035
16	44	-0.00953716122407982
32	43	-0.009537161226915947
33	43	-0.009537161226915947
5	27	-0.009537161239710337
32	44	-0.00953716125509673
33	44	-0.00953716125509673
7	27	-0.009537161267891128
5	29	-0.009537161270727249
7	29	-0.00953716129890804
5	20	-0.009537161300113825
5	21	-0.009537161300113825
5	36	-0.009537161300113825
5	37	-0.009537161300113825
5	14	-0.00953716130174416
5	15	-0.00953716130174416
5	23	-0.00953716130174416
5	34	-0.00953716130174416
7	20	-0.009537161328294623
7	21	-0.009537161328294623
7	36	-0.009537161328294623
7	37	-0.009537161328294623
7	14	-0.009537161329924958
7	15	-0.009537161329924958
7	34	-0.009537161329924958
5	18	-0.009537161331130743
5	35	-0.009537161331130743
7	18	-0.009537161359311541
7	35	-0.009537161359311541
5	24	-0.009537161362147654
5	28	-0.009537161362147654
5	38	-0.009537161362147654
5	39	-0.009537161362147654
5	40	-0.009537161362147654
8	19	-0.009537161372466803
7	24	-0.009537161390328446
7	28	-0.009537161390328446
7	38	-0.009537161390328446
7	39	-0.009537161390328446
7	40	-0.009537161390328446
5	16	-0.009537161393164573
8	61	-0.009537161400647594
7	16	-0.009537161421345364
5	32	-0.009537161424181484
5	33	-0.009537161424181484
8	45	-0.009537161428828378
7	32	-0.009537161452362275
7	33	-0.009537161452362275
8	46	-0.009537161513370758
8	56	-0.009537161513370758
8	58	-0.009537161513370758
8	43	-0.00953716156973234
13	27	-0.00953716158059284
8	44	-0.009537161597913124
13	29	-0.009537161611609751
13	20	-0.009537161640996245
13	21	-0.009537161640996245
13	36	-0.009537161640996245
13	37	-0.009537161640996245
13	14	-0.009537161642626663
13	15	-0.009537161642626663
13	23	-0.009537161642626663
13	34	-0.009537161642626663
13	18	-0.009537161672013156
13	35	-0.009537161672013156
13	24	-0.009537161703030067
13	28	-0.009537161703030067
13	38	-0.009537161703030067
13	39	-0.009537161703030067
13	40	-0.009537161703030067
13	16	-0.009537161734046985
13	32	-0.00953716176506389
13	33	-0.00953716176506389
5	8	-0.009537161766997863
7	8	-0.009537161795178661
17	20	-0.009537161920091242
17	21	-0.009537161920091242
17	36	-0.009537161920091242
17	37	-0.009537161920091242
17	18	-0.00953716195110816
17	35	-0.00953716195110816
17	24	-0.009537161982125071
17	28	-0.009537161982125071
17	38	-0.009537161982125071
17	39	-0.009537161982125071
17	40	-0.009537161982125071
16	17	-0.00953716201314199
17	32	-0.0095371620441589
17	33	-0.0095371620441589
6	20	-0.009537162091888908
6	21	-0.009537162091888908
6	36	-0.009537162091888908
6	37	-0.009537162091888908
6	18	-0.00953716212290582
6	35	-0.00953716212290582
6	24	-0.00953716215392273
6	28	-0.00953716215392273
6	38	-0.00953716215392273
6	39	-0.00953716215392273
6	40	-0.00953716215392273
6	16	-0.009537162184939649
6	32	-0.009537162215956553
6	33	-0.009537162215956553
20	42	-0.009537162373696811
21	42	-0.009537162373696811
36	42	-0.009537162373696811
37	42	-0.009537162373696811
18	42	-0.00953716240471373
35	42	-0.00953716240471373
20	54	-0.009537162430058407
21	54	-0.009537162430058407
36	54	-0.009537162430058407
37	54	-0.009537162430058407
24	42	-0.009537162435730641
28	42	-0.009537162435730641
38	42	-0.009537162435730641
39	42	-0.009537162435730641
40	42	-0.009537162435730641
18	54	-0.009537162461075319
35	54	-0.009537162461075319
16	42	-0.009537162466747552
24	54	-0.00953716249209223
28	54	-0.00953716249209223
38	54	-0.00953716249209223
39	54	-0.00953716249209223
40	54	-0.00953716249209223
32	42	-0.009537162497764463
33	42	-0.009537162497764463
16	54	-0.009537162523109148
32	54	-0.009537162554126052
33	54	-0.009537162554126052
19	20	-0.0095371627682279
19	21	-0.0095371627682279
19	36	-0.0095371627682279
19	37	-0.0095371627682279
19	24	-0.009537162830261722
19	28	-0.009537162830261722
19	38	-0.009537162830261722
19	39	-0.009537162830261722
19	40	-0.009537162830261722
19	32	-0.009537162892295552
19	33	-0.009537162892295552
1	8	-0.011513865745463283
50	64	-0.011513865826687765
47	64	-0.011513865879838082
53	64	-0.011513865879838082
50	66	-0.011513866026666424
47	66	-0.011513866079816738
53	66	-0.011513866079816738
1	59	-0.011513867158714833
1	51	-0.011513867185289992
1	63	-0.011513867211865147
1	50	-0.01151386723844031
10	64	-0.011513867288321482
1	47	-0.011513867291590624
1	53	-0.011513867291590624
9	66	-0.011513867488300054
10	66	-0.011513867488300054
52	66	-0.011513867541450368
55	66	-0.011513867594600682
59	64	-0.011513867609607438
51	64	-0.0115138676361826
63	64	-0.011513867662757755
22	66	-0.011513867700901306
41	66	-0.011513867700901306
62	66	-0.011513867700901306
26	66	-0.011513867727476462
25	66	-0.01151386775405162
30	66	-0.011513867780626776
31	66	-0.011513867780626776
27	66	-0.011513867807201934
4	66	-0.01151386783377709
29	66	-0.01151386783377709
14	66	-0.011513867860352248
15	66	-0.011513867860352248
23	66	-0.011513867860352248
34	66	-0.011513867860352248
8	64	-0.011513868059001078
8	66	-0.011513868258979602
1	9	-0.011513868700073999
1	10	-0.011513868700073999
1	52	-0.011513868753224316
1	20	-0.011513868803990544
1	21	-0.011513868803990544
1	36	-0.011513868803990544
1	37	-0.011513868803990544
1	55	-0.011513868806374634
1	18	-0.011513868830565703
1	35	-0.011513868830565703
1	24	-0.011513868857140858
1	28	-0.011513868857140858
1	38	-0.011513868857140858
1	39	-0.011513868857140858
1	40	-0.011513868857140858
1	16	-0.01151386888371602
1	32	-0.011513868910291176
1	33	-0.011513868910291176
1	22	-0.011513868912675265
1	41	-0.011513868912675265
1	62	-0.011513868912675265
1	26	-0.01151386893925042
1	25	-0.01151386896582558
1	30	-0.011513868992400738
1	31	-0.011513868992400738
1	27	-0.011513869018975897
1	4	-0.011513869045551052
1	29	-0.011513869045551052
1	14	-0.01151386907212621
1	15	-0.01151386907212621
1	23	-0.01151386907212621
1	34	-0.01151386907212621
9	64	-0.011513869150966631
52	64	-0.011513869204116949
20	64	-0.011513869254883208
21	64	-0.011513869254883208
36	64	-0.011513869254883208
37	64	-0.011513869254883208
55	64	-0.011513869257267266
18	64	-0.011513869281458367
35	64	-0.011513869281458367
24	64	-0.011513869308033525
28	64	-0.011513869308033525
38	64	-0.011513869308033525
39	64	-0.011513869308033525
40	64	-0.011513869308033525
16	64	-0.011513869334608684
32	64	-0.011513869361183843
33	64	-0.011513869361183843
22	64	-0.011513869363567901
41	64	-0.011513869363567901
62	64	-0.011513869363567901
26	64	-0.011513869390143056
25	64	-0.011513869416718215
30	64	-0.011513869443293374
31	64	-0.011513869443293374
20	66	-0.011513869454861658
21	66	-0.011513869454861658
36	66	-0.011513869454861658
37	66	-0.011513869454861658
27	64	-0.011513869469868532
18	66	-0.011513869481436817
35	66	-0.011513869481436817
4	64	-0.011513869496443691
29	64	-0.011513869496443691
24	66	-0.011513869508011972
28	66	-0.011513869508011972
38	66	-0.011513869508011972
39	66	-0.011513869508011972
40	66	-0.011513869508011972
14	64	-0.01151386952301885
15	64	-0.01151386952301885
23	64	-0.01151386952301885
34	64	-0.01151386952301885
16	66	-0.011513869534587131
32	66	-0.011513869561162286
33	66	-0.011513869561162286
59	66	-0.011513869672231253
51	66	-0.011513869698806408
63	66	-0.011513869725381563