#==========================================================================
# The first and second rows contain site pairs (i, j) such that j > i
# The third row contains coevolutionary scores obtained 
# using plmDCA-pydca algorithm.
# Note that in this data sites are counted/labelled starting from 1
#==========================================================================
44	55	0.5051994810048668
45	54	0.5029880791363408
5	36	0.42747928029945154
42	57	0.4257538245407087
2	39	0.42176203826980774
46	53	0.41861264380814134
4	37	0.38994279517628805
47	52	0.383431554460803
3	38	0.35278011601614645
1	40	0.29282258747789786
43	56	0.2817596700521861
66	78	0.21877925730007292
41	58	0.19421999425559094
6	35	0.16548720896378474
16	24	0.14193268646899182
59	85	0.13042649619306423
69	75	0.1250523751826996
3	40	0.12259328233554888
19	21	0.11921241821518025
1	3	0.112750594865071
4	36	0.1073997796024434
39	65	0.09355491929368413
1	20	0.08963998751174793
1	2	0.08828368397108693
2	78	0.08401478563643067
24	25	0.08312584356701513
16	25	0.08259773095300586
48	53	0.0820350297184655
2	38	0.08183493139210321
39	78	0.08086981052756144
37	53	0.08003707630629592
2	65	0.07994014892239917
2	40	0.0798276343148611
17	22	0.07901566804076623
19	23	0.07839823423222866
5	46	0.07794959443414262
45	57	0.0769487792143738
38	40	0.07461415400221723
4	53	0.07431154416598056
23	70	0.07397314576325721
2	56	0.07355881835216999
38	39	0.07350568207782669
65	85	0.07232591590048947
46	57	0.07177643235779126
54	57	0.07120929575588175
18	21	0.07092248622011955
42	59	0.07068377922804225
2	85	0.07019722105717757
51	52	0.07015545649540902
2	3	0.06974395294173066
22	23	0.06813746117341211
43	65	0.06740496826805956
21	50	0.06681548918607824
17	85	0.06674240171744264
49	50	0.0662237723515395
42	48	0.06613707649690495
5	53	0.0660192746518701
48	49	0.06600717257411684
53	55	0.06577252416731408
39	40	0.06573064043745339
70	85	0.06566316345001309
4	19	0.0653414893486927
4	5	0.06534142703054129
39	85	0.06494201935202308
42	44	0.06472730677933299
39	56	0.06455151730660645
41	57	0.06280957526376453
36	85	0.06269419644540868
42	45	0.062121829103893744
34	50	0.06209083339977542
39	43	0.06205213535501193
18	49	0.06104480246339454
50	58	0.06042769679684413
48	51	0.06025885386612266
40	70	0.0600243131371308
51	53	0.05999631015052484
21	23	0.059763131835332446
3	78	0.05960112254771999
17	23	0.05956937094764427
4	65	0.058519112679433966
1	39	0.05829891446732495
42	56	0.05823254138357818
3	39	0.05822363078513994
40	52	0.05791920863666995
3	58	0.057730072357327786
28	70	0.05754719797759815
1	4	0.057421738021867647
43	57	0.0573661317946083
20	21	0.05686593917157518
4	41	0.05638865916002542
4	48	0.056159008122811084
42	46	0.055970207966053356
65	78	0.0559175104540969
17	70	0.05580997236679219
40	47	0.055451124495148635
56	57	0.055380069816871866
42	54	0.05499388461505095
48	54	0.054571023334969576
36	37	0.0542150381896571
19	50	0.0539659540605418
49	58	0.053921240782703134
2	66	0.05355171217162183
50	57	0.05316236547877533
39	66	0.053056079589967414
36	46	0.05301904354229875
47	51	0.05298952938475839
42	49	0.05277537442735439
51	54	0.05217509008938077
20	22	0.051649059235091076
18	22	0.051266373679025215
69	70	0.05124836085067508
37	69	0.05124056543681757
70	75	0.05086371539040403
20	46	0.050834353703449464
38	66	0.050793500180039905
18	51	0.05056101283149585
17	40	0.05012176984727329
4	75	0.0499575019091813
45	51	0.049926931342656806
51	57	0.049679147992519934
78	84	0.04960612997978431
5	85	0.04937078346165476
54	55	0.04920675118421995
41	65	0.04883161014811335
17	57	0.04877657263727704
1	17	0.04867317494908025
2	43	0.04859422502275318
5	22	0.04856514829775477
46	50	0.04850808070571805
49	84	0.04847179301213606
3	66	0.048150472777540754
42	43	0.048147773637323324
51	55	0.04802388173934971
36	54	0.04801766884911725
59	65	0.04775956097162731
58	84	0.04768238156509823
65	70	0.04766602997214747
41	42	0.04762100744840218
38	58	0.04747922873942144
22	47	0.04716352444810208
19	20	0.04691726726717671
36	53	0.046765281112575954
36	45	0.04654753227778061
18	45	0.04618265308463295
56	78	0.04616912275144014
17	21	0.04612969318306185
22	70	0.04600107079091261
78	85	0.045812604229940185
18	20	0.045654062604091196
20	48	0.04558587017083618
3	43	0.04521937720260895
18	54	0.04515499160612125
42	84	0.04500860013118754
21	47	0.044962191388976884
44	57	0.044850086924666896
39	45	0.044771258182940976
50	51	0.044549488595360204
36	40	0.04449616951678555
2	45	0.044315129221396576
21	37	0.04413487953593541
46	48	0.04403009478626789
49	65	0.04390197172950308
52	53	0.04388709126308825
4	69	0.04379590602221535
50	53	0.04374756863281163
21	70	0.04352484328274817
5	54	0.04296555806198389
41	45	0.04292717212219234
22	85	0.04271663268512274
18	47	0.042675882101057445
19	37	0.04265517404140612
17	84	0.04235453419001557
36	48	0.042122513079042447
37	41	0.04203897802426873
41	54	0.04194799619359579
5	45	0.0417993034464503
77	79	0.041736679498201944
40	85	0.0417075047101786
17	37	0.041618662769473756
44	50	0.041286883918012454
41	43	0.041166762400453596
4	17	0.04113299911348835
58	59	0.04087798029826603
17	59	0.040592859398016774
37	48	0.040540328969507926
23	48	0.040513718407252
54	85	0.040370400072519005
17	18	0.04034214068928726
45	55	0.04033870572537815
18	50	0.040296980263867486
57	85	0.04020825995856375
41	59	0.04011557976890209
17	51	0.039914724337831706
3	4	0.03987288119142221
22	53	0.039847505332975465
18	19	0.03978449580897976
37	46	0.03976366857925297
4	52	0.039715707976066605
45	48	0.03963490553401365
1	52	0.039500380422565
50	59	0.03948979602748735
23	47	0.03937710885648279
17	52	0.039294724792076116
42	85	0.038805749452241384
54	59	0.03855765797328063
4	46	0.038529601128608676
19	22	0.038038518643421115
1	38	0.03786733031106232
29	77	0.03777578960933791
20	41	0.037685337037487956
4	23	0.03762146021074465
1	41	0.037437898515080975
53	59	0.03730517162512728
42	50	0.037220678753926276
17	19	0.037154593019590974
42	51	0.037126827398754614
40	45	0.03710524282128058
38	85	0.03700690831276976
38	78	0.036771859898487774
17	48	0.0367197957077956
84	85	0.03669315257609111
31	45	0.03621252495601136
66	84	0.03612646682327869
2	53	0.03607493501024844
41	51	0.036046969755462246
21	58	0.035927557902978725
45	53	0.03590253687498211
18	70	0.0358141689745494
17	20	0.03570637442570094
29	79	0.035561586082470974
47	70	0.035521702320618714
57	84	0.035430983406539496
49	75	0.03534599892354294
48	84	0.03532755339584804
37	75	0.03502419102110939
6	69	0.03498905167004666
35	69	0.034989051416339095
53	85	0.0349417074009388
20	57	0.03489543468275563
18	58	0.03481055574659184
3	56	0.03473084563374794
4	50	0.034667966604696815
22	36	0.03459526782803426
20	55	0.034590004094228514
53	54	0.034552809452059324
48	55	0.03450170935997817
38	56	0.03448569437816136
43	78	0.03441031803135661
1	58	0.03429415133363997
56	65	0.03426752000638614
55	57	0.034224992223041595
19	75	0.03408177626489255
21	22	0.03404526456945363
46	84	0.03401909628305491
1	55	0.033984209619949454
36	51	0.03386865470288805
1	37	0.03381761663727337
38	41	0.033640825557332873
39	53	0.03343091907368839
31	51	0.03342483126560588
5	55	0.03334404395895903
40	59	0.033280486891443056
50	52	0.03326589817634851
23	37	0.03315606963019515
1	19	0.03299861976018104
17	46	0.03289288197637612
40	44	0.032891922471256135
47	57	0.03273571345897486
41	47	0.032717649200252094
37	50	0.03267363043843907
29	31	0.032657628027354654
22	57	0.03265501767895726
39	50	0.032647744740492896
4	38	0.032635282435016774
19	44	0.0325960664605423
46	55	0.0325743458827677
3	57	0.03248908421947681
35	75	0.03231624574981965
6	75	0.03231624515351147
48	69	0.032305219044951386
21	48	0.03229398717714622
42	55	0.03222616700023198
18	55	0.03222098201332033
31	55	0.0322165772789751
48	57	0.032139118582439244
17	36	0.03212045246903518
17	42	0.03199571467878383
47	59	0.031954880353702905
40	54	0.03190530090194024
44	48	0.031814213556868906
19	70	0.03180580934286617
1	59	0.03167267997393834
20	51	0.031667321185953945
1	48	0.031623735108788804
4	55	0.03156229092319776
81	83	0.03153999176584016
5	48	0.031509847411599894
21	57	0.031464655630582955
47	49	0.03145498750849279
14	15	0.03140333989411837
2	36	0.031401743889927156
37	52	0.031228174637349504
46	52	0.031125457511082734
4	70	0.03111828967994154
40	55	0.03096921977790605
66	85	0.030944364076066044
42	53	0.03090808499583031
1	85	0.030851564884970484
37	65	0.03085022675879706
56	66	0.030761883927411027
20	50	0.03073770299268199
20	45	0.03071283668994619
37	49	0.03068393723427526
2	47	0.03067635036731957
38	43	0.03065557418610035
67	68	0.030653898431305178
8	9	0.03065388881274601
8	11	0.030653888797440458
8	10	0.03065388878869443
8	68	0.030653888513194533
8	67	0.030653888469464385
9	11	0.03065388788296193
9	10	0.0306538878742159
10	11	0.030653887858910347
32	33	0.030653881189431274
60	68	0.03065388101013776
62	68	0.030653881005246294
60	67	0.03065388096640761
62	67	0.030653880961516142
9	13	0.03065387843224542
11	13	0.030653878416939867
10	13	0.03065387840819384
33	76	0.030653878170382877
13	68	0.03065387813269391
13	67	0.03065387808896376
8	33	0.03065387797797022
33	60	0.030653877925494045
9	60	0.030653877584398935
11	60	0.030653877569093387
10	60	0.03065387756034736
68	76	0.030653877529736293
67	76	0.030653877486006148
27	60	0.030653877219770097
9	33	0.030653877063491746
11	33	0.030653877048186194
10	33	0.030653877039440162
33	68	0.030653876763940227
27	32	0.030653876758417076
33	67	0.030653876720210076
9	68	0.030653876422845065
11	68	0.03065387640753951
10	68	0.03065387639879348
9	67	0.03065387637911491
11	67	0.030653876363809358
10	67	0.030653876355063326
76	82	0.03065387587995907
8	13	0.030653875621433388
13	74	0.030653875577703243
13	60	0.030653875568957212
13	73	0.030653875560211184
33	71	0.03065387525628684
33	82	0.030653875114163856
13	32	0.030653875107604162
9	71	0.030653874915191743
11	71	0.03065387489988619
10	71	0.030653874891140166
9	82	0.03065387477306876
11	82	0.030653874757763207
10	82	0.03065387474901718
68	71	0.030653874615640276
67	71	0.03065387457191013
68	82	0.03065387447351729
67	82	0.030653874429787144
32	62	0.030653874254866372
33	62	0.030653874195312365
9	76	0.03065387410399747
11	76	0.03065387408869192
10	76	0.03065387407994589
9	74	0.030653873867854668
11	74	0.030653873852549116
9	73	0.030653873850362612
10	74	0.03065387384380309
11	73	0.03065387383505706
10	73	0.03065387382631103
68	74	0.03065387356830319
68	73	0.03065387355081113
67	74	0.030653873524573046
67	73	0.030653873507080986
27	62	0.030653873489588784
9	27	0.030653872632477954
11	27	0.030653872617172402
10	27	0.030653872608426374
27	68	0.030653872332926463
27	67	0.030653872289196315
13	33	0.03065387132275996
8	74	0.0306538710570422
8	73	0.030653871039550144
60	74	0.030653871004566034
73	74	0.030653870995820006
60	73	0.030653870987073978
27	82	0.030653870683149523
13	27	0.0306538706170363
9	62	0.030653870128926914
11	62	0.030653870113621362
10	62	0.03065387010487533
9	32	0.030653869672465264
11	32	0.030653869657159712
10	32	0.030653869648413684
27	33	0.030653869248282777
13	71	0.030653869174459662
62	76	0.03065386751052766
8	62	0.03065386731811501
60	62	0.03065386726563884
27	71	0.030653867099982194
33	74	0.030653866758369182
33	73	0.030653866740877122
27	76	0.03065386628878801
8	27	0.030653866096375375
32	68	0.030653865647623485
32	67	0.030653865603893337
13	82	0.030653865307046384
13	76	0.030653864637975134
32	76	0.030653863328775198
32	74	0.03065386309263243
32	73	0.030653863075140373
8	71	0.03065386092850822
8	82	0.030653860786385257
13	62	0.030653860662904802
8	60	0.030653859872425276
8	32	0.030653859411072272
32	60	0.0306538593585961
27	74	0.030653858602064637
27	73	0.03065385858457258
71	82	0.030653858064701705
71	76	0.030653857395630542
71	74	0.030653857159487784
60	71	0.030653857150741756
71	73	0.030653857141995727
74	82	0.03065385701736482
60	82	0.030653857008618793
73	82	0.030653856999872765
32	71	0.030653856689388765
32	82	0.0306538565472658
8	76	0.03065385639202377
74	76	0.030653856348293634
60	76	0.030653856339547605
73	76	0.030653856330801577
62	74	0.03065385609851397
62	73	0.03065385608102191
62	82	0.030653853278437736
62	71	0.030653849695270418
32	64	0.03058278364945265
62	64	0.030582780385912285
64	76	0.03058277690397141
60	64	0.030582776659478755
9	64	0.03058277580489769
11	64	0.0305827757896169
10	64	0.03058277578088502
64	71	0.03058277398856304
8	64	0.03058277298657974
33	64	0.03058277242015073
64	68	0.03058277178054048
64	67	0.030582771736881075
27	64	0.030582771709542208
13	64	0.030582770061399745
64	82	0.030582766396089384
64	74	0.030582765492339743
64	73	0.030582765474875984
42	47	0.030575015623407836
39	54	0.030548693040264294
33	61	0.03054490703344416
9	61	0.030544899242326767
11	61	0.030544899227046268
10	61	0.030544899218314554
61	68	0.0305448952179753
61	67	0.03054489517431673
13	61	0.030544893498796025
61	74	0.03054488892968067
61	73	0.030544888912217245
61	71	0.030544886250012986
61	82	0.03054488610812265
61	76	0.030544885440146614
61	62	0.030544885196873428
60	61	0.03054488519565866
32	61	0.030544884735060805
27	61	0.030544883971035934
8	61	0.030544877797468336
62	80	0.030539893131626503
13	80	0.03053989025614091
32	80	0.03053988521334032
27	80	0.03053988445069507
76	80	0.030539882191862638
74	80	0.030539881956532105
60	80	0.03053988194781616
73	80	0.030539881939100216
33	80	0.03053988144151481
9	80	0.03053988110159293
11	80	0.030539881086340023
10	80	0.03053988107762408
68	80	0.030539880803071788
67	80	0.030539880759492058
80	82	0.030539879133342187
8	80	0.030539874549531235
71	80	0.03053987182439571
14	33	0.030535129185047687
15	33	0.03053512917630166
14	62	0.030535125975070677
15	62	0.030535125966324645
14	27	0.030535121024632916
15	27	0.030535121015886887
13	14	0.030535119376067107
13	15	0.030535119367321083
14	68	0.030535117369402252
15	68	0.03053511736065622
14	67	0.03053511732573163
15	67	0.0305351173169856
9	14	0.03053511394325568
9	15	0.030535113934509653
11	14	0.030535113927970963
10	14	0.03053511391923684
11	15	0.030535113919224935
10	15	0.030535113910490814
8	14	0.030535111126127567
8	15	0.030535111117381542
14	60	0.03053511107372283
15	60	0.030535111064976802
14	32	0.03053511061299782
15	32	0.03053511060425179
14	71	0.03053510840307794
15	71	0.030535108394331913
14	82	0.030535108261148435
15	82	0.030535108252402406
14	76	0.030535103867697685
15	76	0.030535103858951657
14	74	0.030535103631876358
15	74	0.03053510362313033
14	73	0.030535103614408112
15	73	0.030535103605662084
61	64	0.03047335218316618
64	80	0.03046811810867775
14	64	0.030463271333896595
15	64	0.030463271325164715
76	81	0.030459916340632793
74	81	0.03045991610544749
73	81	0.030459916088026357
9	81	0.030459915253334895
11	81	0.0304599152380914
10	81	0.030459915229380834
13	81	0.030459913230960416
62	81	0.030459912381680148
81	82	0.030459909556410567
33	81	0.0304599081424664
27	81	0.030459903699209024
68	81	0.030459900053836784
67	81	0.030459900010283945
32	81	0.030459889560222428
8	81	0.030459886346677935
60	81	0.030459886294414536
71	81	0.03045987617034459
61	80	0.030429736612580176
14	61	0.03042573297355004
15	61	0.03042573296481833
14	80	0.03042045717092208
15	80	0.030420457162206135
68	83	0.03040060129592088
67	83	0.030400601252406175
9	83	0.030400597868706285
11	83	0.03040059785347614
10	83	0.0304005978447732
33	83	0.030400594482830653
82	83	0.030400592166984795
76	83	0.030400591501209863
74	83	0.03040059126623048
60	83	0.030400591257527542
73	83	0.0304005912488246
27	83	0.03040059003694017
13	83	0.030400588394260204
62	83	0.030400587545723532
71	83	0.03040058113253668
32	83	0.030400579622576546
8	83	0.030400572683293686
64	81	0.030387354395482794
61	81	0.030350097576011502
80	81	0.030344509231866795
14	81	0.03033980631872969
15	81	0.030339806310019122
47	50	0.030328779519119012
64	83	0.030327915597465373
61	83	0.03028964498710934
80	83	0.030283177783343825
14	83	0.030280229079414876
15	83	0.030280229070711935
5	70	0.030228737362140032
27	72	0.030131070733009777
68	72	0.0301310670886717
67	72	0.03013106704513122
72	82	0.03013106168844532
13	72	0.030131061638776102
72	76	0.030131061022275987
72	74	0.030131060787157406
72	73	0.030131060769741216
33	72	0.030131060275959114
71	72	0.030131058104661577
8	72	0.030131057105407585
60	72	0.030131057053159015
32	72	0.03013105659380696
9	72	0.030131052485762786
11	72	0.03013105247052362
10	72	0.030131052461815522
62	72	0.03013104961386587
52	70	0.030076946259302864
64	72	0.03005838077883534
23	84	0.030024416085786834
61	72	0.030019201543701295
50	85	0.030017285206076383
72	80	0.030014227182256586
14	72	0.030010931777491527
15	72	0.03001093176878343
62	63	0.02995162031829756
32	63	0.02995161984282614
9	63	0.02995161946617114
11	63	0.029951619450954592
10	63	0.029951619442259426
63	82	0.029951617484850947
8	63	0.029951616628376938
60	63	0.029951616576205934
27	63	0.02995161535670868
63	76	0.029951613094380325
63	74	0.029951612859610805
63	73	0.02995161284222047
63	68	0.02995160799249075
63	67	0.02995160794901491
63	71	0.029951606450276527
13	63	0.029951602539624905
33	63	0.029951601178831177
72	81	0.029934313794405393
63	64	0.02987824498545544
21	51	0.029871346669437616
72	83	0.029871304359610953
61	63	0.02983846511080484
63	80	0.029833014298986188
14	63	0.029831206193399847
15	63	0.02983120618470468
63	81	0.029752987402582434
63	83	0.029689383443846664
20	49	0.029672066034850696
7	33	0.029664958913786923
7	9	0.02966495857852096
7	11	0.02966495856347697
7	10	0.029664958554880407
7	68	0.029664958284088664
7	67	0.029664958241105842
7	71	0.029664952949582556
7	82	0.029664952809888404
7	76	0.029664952152251303
7	74	0.029664951920144098
7	73	0.029664951902950973
7	13	0.029664949083278193
7	62	0.02966494824511327
7	27	0.02966494698058923
7	8	0.029664944512546313
7	60	0.029664944460966937
7	32	0.029664932831627324
20	54	0.029661265496618253
13	26	0.029624942507239193
9	26	0.029624940794789018
11	26	0.02962494077946018
10	26	0.029624940770700842
26	60	0.02962493793848013
26	32	0.02962493747642516
26	33	0.029624937411112818
26	68	0.02962493676949146
26	67	0.029624936725694776
26	62	0.029624934202623344
26	71	0.029624927820299057
26	82	0.029624927677959847
26	76	0.02962492700787064
8	26	0.02962492681516525
26	74	0.029624919320787976
26	73	0.029624919303269305
26	27	0.029624918083531772
7	64	0.02958811634622202
7	61	0.02955147772326133
26	64	0.02955132241488252
7	80	0.029541783791746636
7	14	0.029540756270918022
7	15	0.02954075626232146
36	70	0.029530274145749977
26	61	0.029512265828434022
26	80	0.02950753280757486
14	26	0.029504192503190436
15	26	0.0295041924944311
52	57	0.029499670422309263
23	39	0.02947174833811713
7	81	0.02945694392413876
26	81	0.029427137388973457
65	75	0.029422527464975423
63	72	0.029416538077463875
7	83	0.029389980570560227
26	83	0.029364071993241123
7	72	0.029124621573171007
20	36	0.02911319053768449
26	72	0.02909003626118542
7	63	0.028924548330810033
26	63	0.02890901805057608
23	69	0.028726247811102334
7	26	0.028612853713119984
1	21	0.028577279785405786
36	55	0.028482427906273144
65	66	0.02844825500625406
3	20	0.028382136968865934
12	62	0.02837551262853437
12	68	0.028375511461144504
12	67	0.028375511417008774
9	12	0.028375508038183908
11	12	0.028375508022736404
10	12	0.02837550801390926
12	76	0.02837550546460067
12	74	0.02837550522626777
12	73	0.028375505208613483
12	33	0.02837550465715224
12	71	0.028375502558028034
12	13	0.02837550231331007
12	32	0.02837550102651845
12	27	0.028375496528853007
12	82	0.028375494964006338
12	60	0.028375490316279433
8	12	0.028375486643952
20	31	0.028367485607739266
23	52	0.028338149257504074
12	64	0.02830228104293177
12	61	0.028262249256650843
12	14	0.02825619295800818
12	15	0.02825619294918104
12	80	0.02825604417197664
36	52	0.028230174107599162
12	81	0.028175004944365763
44	47	0.02817229510924127
25	70	0.028147969587137417
12	83	0.028108316896093468
23	58	0.02799433191162732
5	52	0.02797068009578102
53	57	0.027896263523231685
12	72	0.027834927307098738
20	42	0.02778220949257991
52	75	0.027709942639739388
20	40	0.02769011852444824
12	63	0.02764775926571437
39	48	0.027397813463283828
7	12	0.02735244884550314
12	26	0.02731573065953135
18	52	0.027251003734654472
2	5	0.02724775466163079
17	47	0.027160093291155644
50	75	0.027109495044710663
33	77	0.027093540535829803
62	77	0.02709353361543078
68	77	0.02709352497643471
67	77	0.02709352493150407
27	77	0.027093521286548822
9	77	0.02709351783362901
11	77	0.027093517817903284
10	77	0.02709351780891716
71	77	0.027093516181347713
77	82	0.02709351603532313
76	77	0.02709351534788431
8	77	0.027093515150189484
74	77	0.02709351510525885
60	77	0.027093515096272718
73	77	0.027093515087286593
32	77	0.02709351462225445
13	77	0.027093512139836497
59	84	0.027092999124438286
44	45	0.02707316792510482
64	77	0.027018024512010887
61	77	0.026977828308553393
14	77	0.02696949150752518
15	77	0.02696949149853905
77	80	0.026969474726832664
77	81	0.026885238673200945
41	69	0.026839613768054424
77	83	0.026818130583935368
4	57	0.026738904135831867
31	44	0.026667303958185035
21	49	0.02664912596901918
72	77	0.026552504332416224
63	77	0.026366996967577584
44	70	0.026359899742587206
43	45	0.026310950756820148
21	36	0.026180421953008043
20	23	0.02613906838468135
18	44	0.026124150907812317
19	49	0.02610095209130426
26	77	0.026036354718968542
7	77	0.026030767734535918
8	30	0.025973449266741347
27	30	0.025973447934064017
30	71	0.025973446587090193
30	62	0.025973445325661378
30	32	0.02597344500610204
30	68	0.025973444120556577
30	67	0.025973444074994953
30	74	0.025973441770599133
30	60	0.02597344176148681
30	73	0.02597344175237449
30	33	0.025973441062743984
30	82	0.025973438988434336
13	30	0.02597343876353233
30	76	0.025973434566051272
9	30	0.025973433256782766
11	30	0.025973433240836195
10	30	0.025973433231723873
43	66	0.025953138510514395
2	54	0.02593964012707227
30	64	0.025894012744729543
30	61	0.02585880945029948
21	75	0.025855144714412
30	80	0.02585275710762313
14	30	0.025847363233782505
15	30	0.025847363224670176
30	81	0.02575768758886699
30	83	0.025691143450592868
48	85	0.025566900042475457
29	72	0.02555198296227732
79	81	0.025504512483572356
30	72	0.02543166062459168
44	51	0.02541888341432967
39	47	0.025365332432631296
58	70	0.025256681834675734
30	63	0.025238014433172133
12	28	0.0251609526325803
26	79	0.02514052264908115
45	59	0.025091720225029188
32	79	0.025065721824556388
27	79	0.025065721038416713
8	79	0.025065718627102725
60	79	0.025065718573196012
33	79	0.025065717936534157
9	79	0.025065717586140478
11	79	0.02506571757041768
10	79	0.025065717561433228
13	79	0.025065715617310823
62	79	0.025065714741326614
68	79	0.025065713553132647
67	79	0.025065713508210373
71	79	0.02506571220748817
79	82	0.025065712061490796
76	79	0.025065711374180108
74	79	0.025065711131599867
73	79	0.025065711113630963
64	79	0.02498063333469639
61	79	0.024942564159576797
79	80	0.02493493389253175
14	79	0.02493216143807777
15	79	0.024932161429093318
7	30	0.024893167291875677
26	30	0.024888932570052397
79	83	0.02476995392112554
19	47	0.02472760998492929
4	44	0.024701937046408842
12	77	0.024689487556765484
19	58	0.024580601305999192
2	50	0.024561086730037
72	79	0.02449973784203268
3	42	0.024460091407066634
4	21	0.024416752889144362
50	54	0.024393895038883576
17	49	0.024387961545409134
36	57	0.02435832952863827
63	79	0.024313122851770223
23	44	0.024174300405205067
23	40	0.0241092076936857
7	79	0.02393166583746392
36	58	0.023913986109948757
47	85	0.02384350131066712
1	44	0.02384277000390235
21	52	0.023807888479897295
22	46	0.023752838727322555
23	85	0.023744717114802555
49	57	0.023709954766196223
25	45	0.023668218371689358
12	30	0.0236162836519034
57	70	0.02359028277590927
20	44	0.023572538342329828
34	48	0.023382026668701324
34	47	0.023365720446214655
18	84	0.023360714579051103
43	54	0.02319059046212965
45	85	0.02314831721305742
55	70	0.023144308233539843
28	39	0.023096244693572465
47	48	0.023025749043431083
5	58	0.022862466316423594
5	47	0.022823193883931142
46	49	0.02276386997943599
46	59	0.022743870111830475
2	52	0.022692714280587042
36	47	0.022671077806580495
12	79	0.022617190927667827
40	57	0.022541605329372646
3	28	0.02250913145775818
23	41	0.022496665648959947
48	50	0.022459225628982095
42	52	0.022432623597609905
50	55	0.022425796594985774
30	77	0.022304317978308466
17	31	0.022275819281566966
29	81	0.02224164508711903
18	23	0.022083872407221476
48	75	0.02207656411378134
3	41	0.02206031143751848
40	41	0.0220362090986123
31	58	0.02192131807059243
22	37	0.021871067901947615
13	29	0.021833009426433667
29	33	0.021833007946553545
29	82	0.021833002349783436
29	32	0.02183300086281123
27	29	0.02183300003540222
29	71	0.02183299877815481
29	76	0.02183299790110125
8	29	0.021832997693066986
29	60	0.02183299763633037
29	62	0.02183299732859273
9	29	0.021832996401894636
11	29	0.02183299638534645
10	29	0.021832996375890347
29	68	0.021832996078023102
29	67	0.021832996030742582
29	74	0.021832993920496174
29	73	0.02183299390158397
23	51	0.021829719137930012
29	64	0.021757548935918712
29	61	0.021714690893687112
14	29	0.02171209217015179
15	29	0.021712092160695688
29	80	0.021707819923588743
29	83	0.02155062918884921
66	79	0.021369488784206615
44	53	0.02127869422872458
29	63	0.021078128773470976
45	50	0.021078015517178174
46	85	0.0210721514080095
23	38	0.02104071039958106
22	41	0.021003103101338808
41	48	0.02099456216220981
48	52	0.02076029585519247
26	29	0.02073450959283564
31	54	0.020731300619895005
25	50	0.020725173950378283
7	29	0.020689547752591894
23	35	0.020683648172236425
6	23	0.02068364191719
41	85	0.020512038115847273
28	36	0.020493466042851766
44	52	0.020425913729197873
21	55	0.02032992057332496
17	65	0.020188199059428397
37	38	0.020187290889991355
39	84	0.020143314845538357
30	79	0.020105791031650125
4	49	0.020087117777919758
17	41	0.019965501005259463
22	31	0.019941988375314204
17	44	0.01992557514088772
28	72	0.01980011927066745
4	54	0.019777862164311807
24	26	0.019749840164746416
21	53	0.019682919748276816
52	85	0.019592923143045005
57	69	0.01957720177474355
18	40	0.019536611971947428
19	31	0.019359966382300017
20	85	0.019322520977620293
42	70	0.019319523873311276
70	84	0.019313023743832106
12	29	0.019274642304528834
23	55	0.01921927346057064
1	18	0.019136826316704818
42	69	0.019135431483158466
58	85	0.019003219101817473
26	28	0.01884045996282925
37	54	0.018713977845970287
23	49	0.01862789582712414
3	23	0.01835555931026698
5	17	0.018310793545346087
2	84	0.01828625285377629
16	72	0.018077848840999063
25	51	0.018071233804252393
21	59	0.018052023918978394
49	70	0.01802740947803587
46	47	0.018012774947271312
21	31	0.01796963414148943
25	44	0.017782458559552468
23	31	0.01754958080449543
66	77	0.017504949728916634
47	53	0.017456730275500654
43	46	0.017428679656659563
18	43	0.017366982214740957
17	54	0.017316933816689396
22	54	0.01720370936205331
22	51	0.017020757121248724
40	78	0.01701791056185778
29	30	0.01679507034988427
3	51	0.01677355448331773
38	55	0.01671653113025623
1	70	0.01670775156901022
16	32	0.016691211201200706
16	33	0.016691210625665136
16	27	0.01669121033159409
9	16	0.01669121023806905
11	16	0.016691210220676912
10	16	0.016691210210738557
16	68	0.016691209897680172
16	67	0.016691209847988366
16	71	0.0166912092002161
16	82	0.01669120531342743
16	76	0.016691204553142783
8	16	0.016691204334498833
16	74	0.016691204284807033
16	60	0.01669120427486867
16	73	0.016691204264930308
16	62	0.016691203761447865
13	16	0.016691201005147788
19	41	0.016688314049604316
16	64	0.016592133177476917
4	22	0.016586702215163528
14	16	0.01655928209417555
15	16	0.016559282084237188
16	61	0.01655194873669104
16	80	0.016534344422899742
1	31	0.016491354298015168
25	77	0.01649084406200548
16	81	0.01643553945412856
21	42	0.016418993145884797
13	24	0.016364019659544107
24	68	0.016364013608626354
24	67	0.016364013558014215
24	62	0.016364011222026943
24	33	0.016364010624803783
24	27	0.016364010394281196
9	24	0.01636401023002916
11	24	0.016364010212314914
10	24	0.016364010202192483
8	24	0.016364008149395752
24	71	0.016364005585653887
24	76	0.01636400464679883
24	74	0.016364004373493328
24	60	0.016364004363370897
24	73	0.016364004353248474
24	32	0.01636400382941291
24	82	0.01636400169587416
16	83	0.016340752863314233
30	84	0.016306160235111646
24	64	0.016265744382769683
14	24	0.016233543937076746
15	24	0.016233543926954315
24	61	0.01622554621995064
20	34	0.016214281041600206
24	80	0.01621051513862537
24	81	0.01611254593933066
28	51	0.01611099548522984
28	81	0.016076072199513562
19	54	0.016047301967938667
24	83	0.01601733017174989
28	64	0.01597521888879619
45	52	0.01591463964355938
28	83	0.015910175643980957
57	75	0.015824098144751206
44	75	0.015753119139222838
16	63	0.01573622312856416
51	85	0.01571919000027079
56	84	0.015713226719880763
7	28	0.015678462664928942
24	72	0.01566551083511627
39	52	0.015596455961535818
28	32	0.015461215972515228
28	62	0.01546121573946696
28	68	0.01546121433882408
28	67	0.01546121428586971
28	71	0.015461214084741298
28	60	0.015461212805893451
28	33	0.01546121138931518
9	28	0.015461210976271164
11	28	0.015461210957737136
10	28	0.01546121094714626
28	82	0.015461210187349327
28	76	0.01546120937714758
13	28	0.015461209321496423
28	74	0.015461209091194028
28	73	0.015461209070012284
8	28	0.015461205418858086
27	28	0.015461200144652701
24	63	0.015415727324922433
20	35	0.015415400218006609
6	20	0.015415397966734669
16	26	0.015341447748179735
14	28	0.015316704532589973
15	28	0.015316704521999097
7	16	0.015305591144973811
3	36	0.015276894948762526
28	80	0.015273915666410329
28	61	0.01526706664077386
37	85	0.015250692056009374
2	48	0.01524217162256749
23	59	0.01517976818115134
7	24	0.014987850559639616
51	59	0.014981629606143174
25	49	0.014923679802827682
37	56	0.014833874014288415
25	42	0.014722506478541994
34	49	0.014635980247274472
39	42	0.014541442373594088
28	63	0.014471228557706592
48	70	0.014461393914477455
5	44	0.014459355113275882
25	79	0.01443941720019274
22	49	0.014436271615574196
25	54	0.014428021213860234
12	25	0.01435397259831487
4	20	0.014301521594286368
17	45	0.014224602714806668
5	57	0.014157620841212484
39	70	0.014128370234756646
23	53	0.014097583895508477
37	44	0.014066741047804615
39	41	0.013987978191027109
30	31	0.013982866285302105
5	18	0.013923343468082286
23	57	0.013893750645203158
20	37	0.01389131523142613
1	45	0.01388888993831329
48	58	0.013886129510245607
19	57	0.013620880934101492
46	56	0.013607808472581036
12	16	0.013595464334018897
20	84	0.013573037205608394
51	58	0.013555567929053242
6	14	0.013521672398853268
6	15	0.013521672388411822
15	35	0.013521666601495091
14	35	0.01352166288664624
38	54	0.013509128135175838
34	85	0.013463990871743395
23	46	0.013429430638077292
58	78	0.013312251094108885
12	24	0.013248871223567257
34	62	0.013189058526898646
34	76	0.013189056171304864
8	34	0.013189055924682842
34	60	0.013189055857422291
34	71	0.013189053485750606
34	74	0.013189052143342088
34	73	0.013189052120921904
32	34	0.013189051540799641
27	34	0.013189050559916593
34	68	0.013189049593783378
34	82	0.013189049578296315
34	67	0.013189049537732915
13	34	0.013189048444011718
33	34	0.01318904668963232
9	34	0.01318904625243874
11	34	0.01318904623282107
10	34	0.013189046221610982
2	70	0.013160407686020142
6	81	0.013152228296936914
35	81	0.013152218770195477
40	46	0.013121690140487752
34	64	0.01310318238389771
34	80	0.01306007431227748
34	61	0.013059704467190306
20	53	0.013054073914820198
14	34	0.013049378810689696
15	34	0.013049378799479601
6	64	0.01304099298262737
35	64	0.01304097974374619
40	49	0.013033245004636679
19	48	0.013006373154647553
34	81	0.012986030557688953
2	58	0.012985141231134353
34	83	0.012862193611428832
24	70	0.012743871224118512
49	59	0.012739145980827232
19	85	0.012714259976007156
6	27	0.012665514400529737
6	68	0.012665510030783325
6	67	0.012665509978576073
6	8	0.012665508477011048
6	32	0.012665507863575926
6	71	0.012665505949877032
6	76	0.01266550498143263
6	13	0.012665504979125636
6	62	0.01266550396108436
35	71	0.012665503895595842
35	82	0.012665503725922324
6	33	0.01266550334503886
6	9	0.012665502937822357
6	11	0.01266550291954982
6	10	0.012665502909108367
32	35	0.012665502084004708
6	82	0.012665502054913187
35	62	0.012665501906804016
27	35	0.012665501170378055
6	74	0.012665500974223212
6	60	0.012665500963781759
6	73	0.01266550095334032
9	35	0.012665500883542166
11	35	0.01266550086526963
10	35	0.012665500854828184
13	35	0.012665499199554842
33	35	0.012665497565468316
35	68	0.012665496800632288
35	67	0.012665496748425042
8	35	0.01266549524685915
35	60	0.012665495184210465
35	76	0.012665491751280691
35	74	0.012665487744071315
35	73	0.012665487723188422
46	51	0.012590339378812238
36	42	0.012566373447650284
21	40	0.012554813452513844
34	72	0.012550218685127436
6	80	0.012537496090961296
35	80	0.012537482842248308
6	61	0.01251996321241932
35	61	0.012519953698724946
3	46	0.012518797535316137
5	50	0.012488335259599033
22	48	0.012481191866271939
5	25	0.01247693604164743
47	55	0.012441227083007197
57	58	0.012435878984204424
38	65	0.012355146468922676
54	56	0.01234474723963655
6	83	0.012336796033751964
35	83	0.012336782777014589
16	77	0.012304837585568142
34	63	0.012293455719227665
22	50	0.012293197016170952
53	84	0.012245178195901499
21	29	0.01210590682223147
7	34	0.012047911213309427
4	45	0.012027262920973489
6	72	0.012012217233340748
35	72	0.012012203979784336
24	77	0.011983921338552438
31	48	0.011975401782312385
26	34	0.011972560823009973
36	39	0.011949550523420505
52	59	0.011942409122003422
20	75	0.0118772300641216
47	58	0.011789880223462737
6	63	0.011755676173809064
35	63	0.011755666637566262
5	39	0.011725808151541686
1	36	0.011661475709005498
18	53	0.011609443423656968
36	50	0.011586517946077582
37	47	0.01155627421157722
38	42	0.011493783208757546
44	85	0.011475217571665614
6	7	0.011443212832380839
7	35	0.011443203235299224
6	26	0.011428303544509459
26	35	0.011428301498439153
5	41	0.011399796427990577
45	70	0.011397842184226986
31	77	0.011352634907445015
59	78	0.011345219859192943
45	56	0.011332508294755628
16	30	0.011239261946234043
49	69	0.011134819007892732
57	59	0.011127756402355402
41	52	0.011119314574675757
28	77	0.011110206631861679
41	50	0.0110629654946834
65	69	0.01101071931009176
43	84	0.01094189709810997
5	59	0.010883720964214638
24	30	0.010881338189618561
36	59	0.010864154926338798
51	70	0.010854390875736239
40	58	0.010843613765848567
25	40	0.010790400819698232
18	29	0.010734008398757273
1	47	0.010697859474385008
3	50	0.010663014741112163
42	58	0.010645601460905388
53	75	0.010606341359328322
7	31	0.010601454074547573
12	34	0.010522011046915754
52	54	0.010488260012567377
52	66	0.01044216879087563
30	56	0.010386085329537664
38	49	0.010379169719894506
28	50	0.010350007641186487
19	53	0.010149935465514189
6	12	0.01007042299152329
12	35	0.010070417262000579
19	52	0.010033292413458406
48	59	0.00995571057067917
21	44	0.00990923915885663
34	58	0.009899883900535582
16	79	0.009813434328667062
19	55	0.009756315431757666
28	30	0.009745105604190805
23	75	0.00968178144535433
56	85	0.009659022771709574
18	75	0.009567423783297287
51	69	0.00952852604108654
24	79	0.009505124894353324
16	59	0.009445681919727042
1	51	0.009385795370382519
4	39	0.009385586072682667
28	29	0.009353898885896363
22	42	0.009319308048231549
38	45	0.009317649609116643
17	53	0.009259493038031856
28	79	0.009217056664537718
19	35	0.009176647103608153
6	19	0.00917664487440397
34	77	0.00910821385036397
49	51	0.009063703831857298
6	66	0.009046026623723162
35	66	0.009046012548294909
58	69	0.009031903035930669
4	59	0.00893149129335162
17	35	0.00891859861629106
6	17	0.008918592328129124
21	35	0.008903796162193271
6	21	0.008903786307038121
25	26	0.008850171771940571
21	34	0.00884782776243298
1	57	0.008846522811938415
18	85	0.008840755865398196
49	78	0.008839956245937308
37	57	0.00881678567050248
18	48	0.008801532510949457
43	85	0.008799752420430046
39	44	0.00873067075483247
50	70	0.008710200702376221
29	66	0.008642865934783438
31	79	0.00853452565379241
20	70	0.008499795817051709
17	43	0.00847130425508738
1	46	0.008471166674343653
2	42	0.008466424163827355
30	66	0.008455794140023551
5	51	0.008343465108148276
36	41	0.008267891841587341
6	77	0.008265208437274345
35	77	0.008265206531134918
25	48	0.008250524779326002
53	56	0.0081765074004011
47	65	0.008054138232008942
37	70	0.00803665638588058
30	34	0.007806331204673375
37	78	0.007790324521144601
45	58	0.007755709599691088
20	52	0.007712361658474519
23	50	0.007658450585168557
31	81	0.007616055092366805
17	55	0.007597148291053915
25	52	0.007557681182328246
18	46	0.007457458919429984
28	31	0.00745143595675047
20	59	0.007447569316952583
16	29	0.007316096522991686
31	83	0.007263228500937538
36	69	0.007260547522747629
22	29	0.0072028062660923695
31	71	0.007157218868107738
31	82	0.007157218664381446
31	76	0.007157217705300749
31	74	0.007157217366801687
31	73	0.007157217341727681
31	32	0.007157216692937798
31	62	0.0071572157325234045
27	31	0.0071572155959500824
31	33	0.0071572149928402565
11	31	0.0071572144819574066
10	31	0.007157214469420407
31	68	0.007157214074504821
31	67	0.007157214011819804
9	31	0.007157210778606864
8	31	0.0071572099789061
31	60	0.007157209903684084
13	31	0.007157209504300557
31	75	0.007150259457152988
23	36	0.007127012100173115
34	79	0.007088368268901288
31	64	0.007073368835243683
31	80	0.00703125268497385
14	31	0.00702513201788655
15	31	0.007025132005349544
31	61	0.00702510357974908
4	40	0.007002233635509003
3	55	0.006966496837087874
6	30	0.006859112589036841
30	35	0.006859110760759929
16	70	0.006851165949948446
19	34	0.006719285539369638
38	44	0.006688686264131896
25	84	0.006681484133021477
12	75	0.006673907804370688
20	47	0.006633578951468808
31	72	0.006557636268803534
75	77	0.006541300553538645
54	70	0.0064742211726076665
20	38	0.006470458565373767
6	79	0.00642419061798679
35	79	0.006424181260233371
31	63	0.0063522290804018805
34	84	0.00628220698309407
4	51	0.006256877078680445
31	57	0.006228380708156178
49	54	0.006208396814939232
16	44	0.006127609900234483
40	48	0.006089367138941988
26	31	0.0059289736185653835
22	52	0.005895595502398938
28	47	0.005871716737309657
46	54	0.005830813240240061
18	31	0.00577657197052589
37	55	0.00572384254893149
24	29	0.005667906589576582
36	44	0.005638461357644481
49	85	0.005589005318944615
1	54	0.00552037674919921
2	23	0.005510476976055376
25	29	0.005497699164810854
4	42	0.0054174812871224665
37	45	0.005360415955359535
30	78	0.005331827370432363
5	40	0.005309659300427927
18	59	0.005242461427808043
16	28	0.005211056612858131
50	65	0.005029162999663814
39	55	0.004900808745975066
24	59	0.004893967274294898
40	42	0.004875800979853559
30	43	0.00487160525910052
5	38	0.004837823601553021
34	51	0.004831611565260525
38	51	0.004830620030433205
44	46	0.004806075044846855
3	44	0.004778483500333372
23	45	0.004700413363665147
23	34	0.0046960820370835
37	40	0.004671247237992143
69	74	0.004666434489649533
69	73	0.00466643446632093
62	69	0.004666433228451616
69	71	0.004666432161159147
9	69	0.004666432085350225
11	69	0.004666432064937699
10	69	0.004666432053273398
68	69	0.0046664316858479535
67	69	0.004666431627526446
69	76	0.004666431079295326
60	69	0.004666430752694933
32	69	0.004666430137403109
27	69	0.004666429116776866
8	69	0.00466642709739043
13	69	0.0046664269151402565
33	69	0.004666425089677323
69	82	0.004666420795743378
12	31	0.004576737755664161
19	36	0.00456645127838929
64	69	0.00455848598299359
22	34	0.004545210465238071
42	75	0.004518243277881806
61	69	0.004510527227531452
55	66	0.0045094593749649
19	45	0.0045087027116440595
53	58	0.004482546854259389
14	69	0.004479747440513521
15	69	0.004479747428849226
69	80	0.004472959765456759
2	46	0.004451084847118564
69	81	0.004417491928173929
47	54	0.004397242777291692
1	23	0.00431213426470313
69	83	0.004260962229023654
53	70	0.004183260642908304
22	59	0.00410837067777655
24	28	0.004088450727071001
1	66	0.003947648160983308
35	78	0.003915647594764739
6	78	0.0039156388169571885
69	72	0.0039058427054955366
4	47	0.00387339013937546
25	64	0.0038469313856400247
22	45	0.003839346474178551
24	44	0.0037371181836142464
44	84	0.0036441613996460592
25	71	0.003615662539702913
25	82	0.0036156623569550267
25	76	0.0036156614966341774
25	74	0.0036156611929915317
25	73	0.0036156611704994818
25	67	0.00361565856708973
13	25	0.0036156574818035844
25	60	0.0036156574564552083
25	32	0.003615656863227436
25	62	0.003615656385316246
25	27	0.003615655879200333
25	33	0.003615655721800816
9	25	0.0036156552832058847
11	25	0.003615655263525336
10	25	0.003615655252279318
25	68	0.0036156548980295564
8	25	0.0036156537986410456
19	46	0.0035836578199023236
63	69	0.0035677744186552243
16	42	0.0035369767334393967
2	44	0.003481422460334449
14	25	0.003435799245095822
15	25	0.003435799233849797
25	61	0.003418368897357492
26	69	0.003395523111632097
25	80	0.0033785870320306305
49	55	0.003273289421151529
25	81	0.0032588703281377362
44	56	0.003197484631901004
2	22	0.003189661093139784
7	69	0.003097758535962891
29	34	0.00309126326495493
25	83	0.0030389225202396355
46	58	0.003013456831601924
24	42	0.002972160142020938
39	46	0.002895857634362592
75	79	0.002850396194034141
6	29	0.002845358842461787
29	35	0.0028453535010064535
23	54	0.0028231651743785835
18	41	0.0028227316826273316
44	54	0.0027718919224575117
17	34	0.002744216424702836
3	48	0.0027418035091961723
51	56	0.002732329216999667
3	45	0.002611106426616591
17	29	0.002600566985410939
25	72	0.0025814493065764027
39	49	0.002410214699070573
25	63	0.0023391810715049643
18	36	0.0022916023375691985
40	66	0.0022138215102656678
37	58	0.0021071162646336405
6	28	0.0017539746576284918
28	35	0.0017539700163258787
51	84	0.0016206134625507684
38	57	0.001597182281313475
7	25	0.0015593799755388854
49	53	0.001544568998250992
40	50	0.0015266766670892218
16	55	0.001481624816589304
45	49	0.0014453984677804677
3	54	0.0014257677304420346
12	69	0.0014085226035699047
23	28	0.0013250684652650613
56	59	0.0012463633509523508
66	81	0.0011746663832898144
55	85	0.001092519970486136
5	69	0.0010484672580048648
56	70	0.0010278892614381252
41	44	0.0009447002764159662
14	66	0.0008003553453586401
15	66	0.0008003553319448423
6	18	0.000797686915668186
18	35	0.0007976853814610635
19	42	0.0007856182348978877
66	83	0.000752464856187976
39	58	0.0006088948358662083
64	66	0.0005876662798624047
21	85	0.0005648769320048264
22	43	0.0005318562726622511
62	66	0.0005092633400172256
66	71	0.000509263230137745
66	82	0.0005092630121635161
8	66	0.0005092616909043862
66	74	0.000509261623835397
60	66	0.0005092616104215991
66	73	0.0005092615970078013
32	66	0.0005092609028437348
66	76	0.0005092545354273489
13	66	0.0005092534719916553
27	66	0.0005092522785557912
33	66	0.0005092513727322223
9	66	0.0005092471243038008
11	66	0.0005092471008296476
10	66	0.0005092470874158497
66	68	0.0005092466648812036
66	67	0.0005092465978122074
78	81	0.00047084549138216164
66	80	0.0003993764716299572
45	47	0.00038728999361071353
61	66	0.0003819993071953187
19	65	0.00033134819527407683
31	50	0.0003150545277294317
3	65	0.00030621132721794786
43	51	0.0003006066300902596
5	65	0.0002793834504636328
36	38	0.0002121963789122605
14	78	0.00014758322702158877
15	78	0.00014758321279499664
78	83	8.975580140625078e-05
3	37	7.803682656748467e-05
34	56	3.592403761024793e-05
22	30	-1.1110373115755245e-06
64	78	-1.653616630230975e-05
22	40	-2.5170842860328113e-05
71	78	-6.798382006998477e-05
78	82	-6.798405125210683e-05
76	78	-6.79851395864392e-05
8	78	-6.798545257147293e-05
74	78	-6.798552370443356e-05
60	78	-6.798553793102569e-05
73	78	-6.798555215761087e-05
32	78	-6.798628838378118e-05
27	78	-6.798753321062001e-05
62	78	-6.798788028241493e-05
13	78	-6.799021847995329e-05
33	78	-6.799617023197507e-05
9	78	-6.799672506907495e-05
11	78	-6.799674996561117e-05
10	78	-6.79967641922033e-05
68	78	-6.799721232986916e-05
67	78	-6.799728346283673e-05
66	72	-0.0001397628111084112
78	80	-0.0001551855267909255
61	78	-0.00018708242420594628
2	18	-0.00021806149506095607
22	35	-0.00025207247837664287
6	22	-0.00025208234907711513
63	66	-0.0002683894316742874
34	59	-0.00029389962594617014
43	44	-0.0002982953970103036
43	58	-0.00034242110013447957
21	46	-0.0003892662310786485
7	84	-0.0004172265986107093
39	57	-0.0004668924883712844
49	52	-0.00047604511162395446
25	75	-0.0005101347793014382
5	35	-0.0005412077487453107
5	6	-0.0005412162387055733
5	49	-0.0005420602299529287
44	49	-0.0005465149409383183
3	85	-0.000670065121768551
72	78	-0.0006818511538517202
25	53	-0.0006843577329491007
63	78	-0.0007897176769303613
3	53	-0.0008045379692609017
7	66	-0.0008450026039004202
26	66	-0.0008753375738855887
36	75	-0.0009487522669678478
24	55	-0.0009544245807611568
31	84	-0.0011055957061723437
47	84	-0.0011095331409262527
30	69	-0.001174089695780707
2	20	-0.0011976159277492932
28	52	-0.0012022728769245858
24	31	-0.0012097491701772711
55	84	-0.0012150932846906881
28	48	-0.0012342647012927796
37	43	-0.0012939415823106648
69	77	-0.00129581519447685
49	66	-0.0013332074083191522
7	78	-0.0013385624126848253
5	42	-0.0013786268458472056
52	55	-0.0014336639962295311
26	78	-0.0014369156234007238
29	59	-0.0015893303962809247
17	56	-0.001649201048545261
35	55	-0.0016896064967869065
6	55	-0.0016896111357185967
55	56	-0.0016931842653494789
38	48	-0.0017470154903988303
3	47	-0.0017529960213613222
2	17	-0.0017988093926998572
25	36	-0.0019045344627951488
42	65	-0.0019201585496518708
2	57	-0.0019410886156708967
23	65	-0.0019779140529591066
55	75	-0.001985363995657616
3	5	-0.0020547139928368957
31	34	-0.0021040343467989206
16	31	-0.002123976336516613
12	66	-0.0021245634872393004
19	40	-0.00214145330557914
41	46	-0.002263876772370041
37	66	-0.00234066331259164
2	28	-0.0023529496722368842
21	38	-0.0023583383123469623
28	43	-0.002365062327625414
25	47	-0.002371803504487638
34	43	-0.002373251710374745
12	78	-0.0026073043251663847
50	84	-0.0026252818839616957
34	52	-0.0026385747773091245
1	16	-0.002642234302024031
2	55	-0.0026911922123823984
5	75	-0.002702036069313088
26	84	-0.0027188882193296543
52	78	-0.002722447396191721
6	44	-0.00275789584852236
35	44	-0.0027578988142748714
28	34	-0.0027625347314495508
21	54	-0.0027991276683715927
25	30	-0.0028263639643315505
6	24	-0.002856402663300568
24	35	-0.0028564113189246884
52	65	-0.002897741353782096
6	16	-0.002934597139555517
16	35	-0.00293460963403807
83	84	-0.0029401185849217554
38	50	-0.0029494890062646065
21	41	-0.00297184521414684
18	42	-0.002995268419175058
16	34	-0.003063316435325064
59	70	-0.003097752219142186
29	75	-0.003130356321332406
37	51	-0.00313252966451974
4	78	-0.0031521705356498952
24	34	-0.0032164497189230423
20	58	-0.003292291319587491
37	39	-0.0033037824586901327
14	75	-0.003322497285001086
15	75	-0.0033224972980430423
2	41	-0.003382628689105896
64	84	-0.003419361466218379
25	46	-0.0035110643938892766
75	81	-0.00356782087528084
80	84	-0.0035724356010644748
69	79	-0.003771752845013965
17	69	-0.003800955288304847
60	75	-0.003874430196797403
32	75	-0.003874430884760749
27	75	-0.00387443202593217
62	75	-0.0038744320339026764
75	82	-0.0038744325592029727
33	75	-0.0038744328033782707
9	75	-0.0038744333120146676
11	75	-0.003874433334838105
10	75	-0.0038744333478800616
68	75	-0.0038744337587017716
67	75	-0.0038744338239115744
8	75	-0.003874433843835949
74	75	-0.003874433909045738
73	75	-0.0038744339351296578
13	75	-0.003874434487601962
71	75	-0.003874436072561431
75	76	-0.003874437282203151
74	84	-0.0038779293911370624
73	84	-0.0038779294182651053
32	84	-0.0038779301202031893
71	84	-0.003877931492135861
82	84	-0.0038779317125511997
76	84	-0.0038779327501988065
60	84	-0.003877933129991386
27	84	-0.003877935032345313
62	84	-0.0038779351897559947
8	84	-0.0038779367738975626
13	84	-0.0038779375925542606
33	84	-0.0038779397153235265
9	84	-0.003877940244320338
11	84	-0.0038779402680573713
10	84	-0.003877940281621396
68	84	-0.003877940708888049
67	84	-0.0038779407767081595
17	39	-0.003914635488020082
64	75	-0.003987770323574613
14	84	-0.003994288893209998
15	84	-0.003994288906774016
22	39	-0.00399971466430845
61	84	-0.004049954769259588
61	75	-0.004057943644723602
81	84	-0.004067135163279702
58	66	-0.0040848885206209995
75	80	-0.0041172656461705495
17	58	-0.004118950624021192
29	37	-0.004174827287825644
29	84	-0.004195504589054121
43	55	-0.004304664046665949
75	83	-0.004330337454030789
19	29	-0.004344644530836321
22	44	-0.004408581797757147
44	59	-0.004422583147203812
78	79	-0.004433310649266747
72	84	-0.004493626977507756
45	46	-0.004518009503280636
43	53	-0.0045184007719815955
1	49	-0.004521518481700779
4	18	-0.004582332682522672
72	75	-0.00464516776012943
63	84	-0.004699200893695243
52	69	-0.004739865282043967
59	66	-0.004744472511861636
42	78	-0.004776776533408605
46	75	-0.004783741725127334
77	78	-0.004788567500953002
58	65	-0.00504733282136019
63	75	-0.00507709403757646
34	36	-0.005125545058500117
23	56	-0.00512880765888208
55	78	-0.005292875509833442
26	75	-0.005303909704608242
24	37	-0.005330151214686926
28	53	-0.005494763200637756
35	84	-0.005543438729517333
6	84	-0.005543454549098811
4	24	-0.005577800787826492
7	75	-0.005714792591446999
45	75	-0.005732954720773398
79	84	-0.005921295041120413
56	79	-0.00602330611424972
2	4	-0.006051334683459128
18	34	-0.006173575700125042
1	24	-0.006194418244684426
19	51	-0.006208377887015261
64	65	-0.006225067768785869
6	34	-0.006254442951773145
34	35	-0.006254443485726971
12	84	-0.006272300073206505
44	78	-0.00635029008779657
20	25	-0.006353685937828764
26	65	-0.006365690135004869
65	80	-0.006516129399149084
65	83	-0.006530527784632929
61	65	-0.006593030837311158
59	75	-0.006649508872960674
7	65	-0.006653959006858931
32	65	-0.006657888622288298
27	65	-0.006657890019252287
13	65	-0.006657893032703199
65	71	-0.006657893302888851
65	82	-0.006657893562325018
65	76	-0.006657894783670695
8	65	-0.006657895134907353
65	74	-0.00665789521473386
60	65	-0.006657895230699165
65	73	-0.006657895246664464
33	65	-0.006657895531273092
9	65	-0.006657896153919894
11	65	-0.006657896181859177
10	65	-0.0066578961978244824
65	68	-0.006657896700731518
65	67	-0.006657896780558038
62	65	-0.0066578983146105206
65	81	-0.006663332293900599
12	65	-0.006673244090579594
14	65	-0.006703266274251919
15	65	-0.006703266290217218
65	79	-0.006714018542555114
47	69	-0.006754430281791263
17	75	-0.006877317451555759
22	84	-0.006930608414249223
65	72	-0.006936210258944642
31	49	-0.0069438325290824
16	37	-0.006975733740478482
63	65	-0.00698324805307389
2	25	-0.006989527404490131
54	65	-0.00699292010244984
3	21	-0.006994840514115322
57	78	-0.007006939391651812
52	56	-0.007051404379985596
29	69	-0.007082506235953856
37	59	-0.00719783355881444
5	19	-0.007198614897325643
23	42	-0.0072067052740210705
44	58	-0.007222540809655537
25	28	-0.007245076779535557
65	77	-0.007314685653639338
19	43	-0.00734902940707504
49	79	-0.0073526359361060015
22	28	-0.007380408141646762
55	58	-0.007398517711263278
41	78	-0.0074115001824477805
35	57	-0.007452926910014951
6	57	-0.0074529362431117185
36	56	-0.007483497219031493
39	51	-0.007507694335355891
25	66	-0.007530087905648741
29	41	-0.0075414148627578476
31	35	-0.007547234392187345
6	31	-0.007547242127517888
77	84	-0.007597926500661552
21	28	-0.007722884591908022
5	37	-0.007746670536103284
34	78	-0.007780767807944372
35	36	-0.007788256573695557
6	36	-0.007788265672064004
75	85	-0.007806728798041965
41	55	-0.007924604904259946
36	65	-0.00794401693362494
41	49	-0.007976582640454422
3	18	-0.008002285378311567
28	38	-0.008041244942865518
56	81	-0.008049578170375743
43	63	-0.008143752502259669
12	59	-0.008229810095218698
16	51	-0.008249382644470171
22	65	-0.008343044072191524
31	56	-0.00842802408142039
56	64	-0.00856081911908399
47	75	-0.008561502168046596
14	56	-0.008594525624570332
15	56	-0.00859452936275272
43	59	-0.008617903775527305
54	58	-0.008683871819132633
22	55	-0.008758076491549915
56	83	-0.008848713532037797
39	59	-0.00900469100748208
8	56	-0.009019632227804573
13	56	-0.009019636546654448
56	71	-0.00901963819901793
56	82	-0.009019638408514379
56	76	-0.009019639394759207
56	60	-0.009019639755737704
56	62	-0.009019641528923442
27	56	-0.009019641563853209
9	56	-0.009019642792348181
11	56	-0.009019642814909336
10	56	-0.009019642827801426
56	74	-0.009019643468135913
56	73	-0.009019643493920086
32	56	-0.009019644161085708
33	56	-0.009019649740137303
56	68	-0.009019650684482836
56	67	-0.009019650748943286
29	47	-0.009101759363433277
25	43	-0.009242112158232667
56	61	-0.009266745641128199
34	42	-0.009280446916209481
1	22	-0.009293459864239226
43	70	-0.009294575257971519
56	80	-0.009337786777598688
7	56	-0.009378440065266051
17	30	-0.009383222376385024
3	19	-0.009454340659839133
41	70	-0.009459382667326877
35	37	-0.009486888874787942
6	37	-0.009486893727488045
17	50	-0.009532215646269646
20	28	-0.009548897093377626
51	75	-0.00969125720120683
19	69	-0.009699912387027637
23	30	-0.009708555337323808
25	38	-0.009740992142379848
29	78	-0.009741663204058185
16	75	-0.00976368376295142
37	42	-0.009775880909367901
38	59	-0.009787924234943818
28	69	-0.00982360686310084
34	37	-0.009835856267568409
24	40	-0.009900665979121981
30	75	-0.009932103291425999
59	69	-0.009935617602066446
24	51	-0.009966241307244807
5	20	-0.010009575192585024
44	66	-0.010038935779473596
56	72	-0.010073237385667233
2	49	-0.01007940687058509
41	56	-0.010121754557135793
25	57	-0.01014760046650326
23	29	-0.010161543316477957
4	16	-0.01018771251236194
58	75	-0.010189045611186942
26	56	-0.010191823769071205
50	69	-0.01027461419051097
18	56	-0.01030018602709825
2	51	-0.01036983328940691
34	57	-0.010378162635731783
4	34	-0.01052504497989784
35	48	-0.010550759349789801
6	48	-0.010550765748384372
20	39	-0.010565769044094842
43	49	-0.010566763455026218
40	65	-0.010574384191734329
30	65	-0.010595096551567686
43	52	-0.010617873220004653
24	85	-0.01068275445676875
22	75	-0.010694270011201788
66	70	-0.010741750762710986
5	30	-0.01078210249199369
23	66	-0.010803470018539277
56	63	-0.010835656993694098
45	65	-0.010840757823673372
5	56	-0.010891333670899589
16	40	-0.01096198274869499
43	48	-0.011020015110591003
47	66	-0.011133838269920995
24	38	-0.011178739176161183
16	65	-0.011219302609344672
43	79	-0.011428415743624597
2	19	-0.011448863838385899
25	39	-0.011484516956693655
7	59	-0.011511995430431562
16	57	-0.011521041051893263
4	58	-0.011597421826076315
24	75	-0.01160684933919598
34	39	-0.011647425467143119
55	59	-0.011651371399562585
25	65	-0.011716089947437835
24	84	-0.011738371800397614
25	41	-0.011789226442812481
41	66	-0.011850749533220198
4	28	-0.011867089091227252
22	66	-0.01187655186440912
28	37	-0.011940154571810108
43	81	-0.011972432687332092
21	43	-0.011976023758859984
24	57	-0.011994901392463161
21	25	-0.012004710139370683
19	59	-0.012010888594435151
19	38	-0.012041139500512513
28	41	-0.012108862033692672
38	79	-0.012261941305815482
23	43	-0.012461847043274202
54	75	-0.012561956539489924
43	64	-0.012579957568745033
14	43	-0.012592801625221875
15	43	-0.012592801638287375
30	50	-0.012657616885824202
29	85	-0.012670660923328254
12	56	-0.012681172493527446
34	66	-0.012736959559930136
16	84	-0.012833315935930699
4	43	-0.0129075789530302
21	45	-0.012928202552311037
3	22	-0.012974966231823197
43	83	-0.012976570529958133
24	50	-0.013010402705755174
25	55	-0.013015255872302164
65	84	-0.01303304819120632
31	69	-0.013050197340749255
38	63	-0.013066934453022185
22	69	-0.013074618549980363
43	47	-0.013092832914722505
23	78	-0.01309840189356605
43	71	-0.013116059790784444
43	82	-0.013116060003098826
43	74	-0.0131160613553781
43	73	-0.0131160613815091
43	62	-0.013116063215589155
43	76	-0.013116064727899897
32	43	-0.013116065782939043
33	43	-0.013116067711743978
8	43	-0.013116068740631197
43	60	-0.013116068819024197
27	43	-0.013116070651460608
9	43	-0.01311607194658878
11	43	-0.013116071969453406
10	43	-0.013116071982518906
13	43	-0.013116073117573783
43	68	-0.01311607611937246
43	67	-0.013116076184699968
16	69	-0.013242049864190648
56	58	-0.013253933806703824
3	59	-0.013257058344435677
1	84	-0.013297508138409117
22	78	-0.013363072860300362
1	53	-0.013373802380829553
22	56	-0.013381649246201749
24	69	-0.013390063022426187
1	69	-0.01340768846363613
43	61	-0.013451640418619591
43	80	-0.013543473508912857
25	34	-0.01359639851943855
59	63	-0.013605443243816913
34	38	-0.013644216252944208
1	75	-0.013697693655903828
29	49	-0.01379769592226477
20	29	-0.013880146517835139
25	31	-0.013882432996446002
29	55	-0.014001607055220487
53	79	-0.014026652648210354
7	43	-0.014102501696342237
35	39	-0.01412902587945454
6	39	-0.014129031209696115
35	43	-0.014157170788245077
6	43	-0.014157175124368426
29	65	-0.014169634568128538
40	56	-0.014180995225434812
28	49	-0.014203548902779362
34	69	-0.01424699337602238
16	85	-0.014271764204550744
45	79	-0.014308820701204539
31	46	-0.014330975540494506
3	25	-0.014356286800243173
43	72	-0.014446609770261236
26	43	-0.014519913304592735
5	23	-0.014541415122133992
49	77	-0.014574193058313263
16	78	-0.014629759138796779
31	40	-0.01470061011640407
24	78	-0.014726138007465486
22	58	-0.014739052866970616
46	79	-0.014797723118673806
3	69	-0.014804875997116662
26	38	-0.014817356753478304
2	35	-0.014878852331833635
2	6	-0.014878865174240155
31	70	-0.01493472130393246
49	56	-0.015129476621341342
19	84	-0.015185700176058942
35	58	-0.015194959381071863
6	58	-0.015194963994016313
18	57	-0.01526480490576837
25	35	-0.015375356612486214
6	25	-0.015375359825992758
54	79	-0.015458709845868668
34	70	-0.015491625084863854
19	28	-0.015497850255137217
16	66	-0.015557423736382636
54	69	-0.01556364870133091
46	77	-0.015653099304177055
40	43	-0.015657337047940256
41	53	-0.015787595296679724
24	66	-0.015797760757459776
31	43	-0.01580333608076466
16	38	-0.01589296160062606
18	38	-0.015900242244313592
1	65	-0.015917314450613035
59	81	-0.01597305227574635
24	45	-0.016050314124049343
7	38	-0.016050386360958666
50	78	-0.016111196957550575
56	77	-0.01613212140353114
43	69	-0.01615979778201595
5	28	-0.01619563542770864
24	46	-0.01621827288843001
25	58	-0.016407983540399816
24	65	-0.01647825470259083
38	77	-0.01649628905479892
36	49	-0.01656170521242374
20	43	-0.016575727568383318
40	51	-0.016706527331635482
17	38	-0.01671521572215437
21	69	-0.01672521191210346
38	83	-0.016739862728548174
5	12	-0.016838145898056302
69	85	-0.01686173890563994
7	41	-0.016891588077376125
3	63	-0.016955332713675643
19	56	-0.016978204593889712
28	54	-0.01702431049588507
28	78	-0.017160307616891433
1	5	-0.017180691843559914
28	66	-0.01720380785765052
30	46	-0.017205378581234818
12	43	-0.01728676861055682
2	59	-0.01730159174460577
66	69	-0.017310473587917055
31	47	-0.017314038670081133
17	25	-0.01732557933854223
4	66	-0.017345143645088504
59	83	-0.01739979710955123
16	50	-0.017413555435944292
35	56	-0.01746116334879371
6	56	-0.017461171303212737
1	35	-0.017477309323018504
1	6	-0.01747732169488373
3	24	-0.017550670456819392
45	69	-0.017582885839381827
7	18	-0.017597906177521994
55	77	-0.017627302436814242
47	78	-0.017669553243280775
59	71	-0.017748674404255683
59	74	-0.017748676053599685
59	73	-0.017748676081146143
59	76	-0.0177486775443677
59	82	-0.017748678353360935
32	59	-0.01774867865655582
8	59	-0.01774867971002385
59	60	-0.017748679792663216
27	59	-0.017748679861713232
9	59	-0.017748683291430777
11	59	-0.017748683315533927
10	59	-0.017748683329307152
59	62	-0.017748683804299628
13	59	-0.01774868432405509
59	68	-0.017748685625808974
59	67	-0.017748685694675116
33	59	-0.017748686479565207
58	72	-0.017773365702278367
25	59	-0.01779614174287157
7	49	-0.017796413365607285
40	53	-0.01781725799482295
16	18	-0.017819069852552376
16	46	-0.017869877337947197
19	39	-0.017874683861241747
4	84	-0.017883043823521017
35	50	-0.01791063095284702
6	50	-0.017910639724669677
59	64	-0.017990082943483546
55	69	-0.017997350561322942
4	85	-0.018016502723840713
34	75	-0.018020095074878888
48	77	-0.01805845127818266
14	59	-0.018064971743070042
15	59	-0.018064971756843268
46	70	-0.018085866362736888
59	61	-0.01812705378881703
18	63	-0.018178489054360814
28	75	-0.018190774941628345
12	49	-0.018224366627700328
3	17	-0.018228762071681545
18	79	-0.018233536781671215
19	25	-0.01824190460296144
18	24	-0.018248079806812534
59	80	-0.018253885378777528
35	41	-0.018267922834082503
6	41	-0.018267932146477872
18	72	-0.018277397854763205
18	83	-0.018342671132657244
14	58	-0.018352108330251617
15	58	-0.01835210834376578
12	18	-0.018356054459824356
30	38	-0.018421415011017482
18	80	-0.018432781265735082
18	81	-0.0184388344893237
18	28	-0.018446828090930276
18	26	-0.018462644586775608
38	80	-0.018462678585528455
5	21	-0.018496446227236056
18	61	-0.01852699037103936
18	64	-0.018543368704085246
14	18	-0.01854686660402346
15	18	-0.018546866613612392
38	81	-0.018572509713219144
37	84	-0.018613732231694977
38	64	-0.018626547891493365
18	82	-0.018632453423571088
8	18	-0.01863245436808128
9	18	-0.018632454798398923
11	18	-0.018632454815179562
10	18	-0.018632454824768496
18	27	-0.018632454839140583
18	76	-0.018632455088447263
18	71	-0.018632455130396026
18	74	-0.01863245534734853
18	60	-0.018632455356937472
18	73	-0.0186324553665264
18	32	-0.018632456794076414
18	68	-0.018632456989465133
18	67	-0.018632457037409816
18	33	-0.018632457218398152
13	18	-0.018632457580374823
18	62	-0.018632460377941223
14	38	-0.018650612616565594
15	38	-0.018650612630067016
27	38	-0.018662132884869183
38	76	-0.018662136201189665
38	74	-0.01866213656572817
38	73	-0.01866213659273102
38	82	-0.018662137030975696
8	38	-0.018662138360866193
38	62	-0.018662138612297596
38	71	-0.018662138674222672
32	38	-0.018662139154074983
33	38	-0.01866213940888175
38	60	-0.018662140304519896
13	38	-0.01866214102119884
9	38	-0.018662143660727666
11	38	-0.018662143684355162
10	38	-0.01866214369785659
38	68	-0.018662149711086963
38	67	-0.018662149778594102
22	25	-0.018671345424732852
5	63	-0.018677292415632207
35	49	-0.018778363885936337
6	49	-0.01877837091110135
7	22	-0.018795286804991276
30	36	-0.018846282296576172
18	77	-0.018873849605434187
31	37	-0.018906957832330457
38	61	-0.01897222029288586
28	56	-0.018991261414418766
49	72	-0.019000240590891608
3	16	-0.019016429202311114
18	30	-0.019047098264561448
35	51	-0.019047610602194932
6	51	-0.019047616065357736
58	64	-0.019090638218969926
22	38	-0.019126131878255556
16	22	-0.019147494550865195
58	71	-0.01916307900271149
58	60	-0.01916308063454593
58	76	-0.019163082118794694
58	74	-0.019163082483676923
58	73	-0.019163082510705233
58	62	-0.019163082673043515
58	82	-0.019163082947606838
9	58	-0.019163085860076028
11	58	-0.019163085883725804
10	58	-0.01916308589723996
58	68	-0.019163086322935903
58	67	-0.019163086390506692
32	58	-0.019163086935353152
8	58	-0.019163088004041588
13	58	-0.019163088805993822
27	58	-0.01916308998048702
33	58	-0.019163092783604514
24	43	-0.019173402087093463
7	19	-0.019192872452362
31	66	-0.019197482012122985
31	78	-0.019205430197377305
29	48	-0.019253921878577343
30	49	-0.019278951884402172
48	79	-0.01939760084100145
20	66	-0.019398231441539113
59	72	-0.0194168707859399
21	84	-0.01942929369110872
58	61	-0.01945910481718556
22	79	-0.019489473480354007
22	63	-0.019540501698664378
58	80	-0.01954433341671334
28	84	-0.01955866527717994
22	24	-0.019589528307578985
77	85	-0.01960737702796095
41	72	-0.01964061312887789
26	49	-0.019655543740093345
52	84	-0.019663425593698547
21	39	-0.019666806300855426
58	81	-0.019667795919785104
17	66	-0.019691379522602942
22	72	-0.019703466896531373
22	83	-0.01972164942932196
5	26	-0.01974061383578942
3	26	-0.019746158401685594
45	66	-0.019777989299212068
19	63	-0.0197966868528094
30	51	-0.01980025361689664
49	64	-0.019804414840673842
22	81	-0.019814018990624557
22	26	-0.01981757060783524
22	80	-0.019819816772106452
12	22	-0.019824556577976736
38	72	-0.019826318151778925
7	50	-0.01982729541442413
4	56	-0.019847997161999364
53	69	-0.019881321906662835
18	39	-0.019887509937959923
19	72	-0.01988790870858402
36	66	-0.019913449248995477
22	61	-0.019921670956647992
19	83	-0.019931594055353004
22	64	-0.01993758991869747
14	22	-0.019946237785344906
15	22	-0.019946237795305057
49	83	-0.01997756099421355
19	80	-0.020015516721774283
19	81	-0.020020480491012543
19	26	-0.020029133945676625
22	32	-0.020034136603206264
22	71	-0.02003413673776605
22	82	-0.02003413689961843
8	22	-0.020034136949370257
22	76	-0.020034137661569612
22	60	-0.0200341379404537
22	74	-0.020034138861816125
22	73	-0.02003413888173642
22	27	-0.0200341393373642
13	22	-0.020034140286019214
22	62	-0.020034140325810884
9	22	-0.020034142233227782
11	22	-0.02003414225065804
10	22	-0.020034142260618185
22	68	-0.020034143505685366
22	67	-0.0200341435554861
22	33	-0.02003414370742724
49	81	-0.02004380368901955
58	83	-0.020055811508837
12	19	-0.020081299041801108
49	80	-0.020085695215131275
29	44	-0.020089461275696982
19	61	-0.020102411752054523
18	37	-0.020104790036000873
19	64	-0.020121538839885787
35	59	-0.02012386627507893
6	59	-0.020123874773160334
14	19	-0.020132704822962456
15	19	-0.020132704832613174
55	79	-0.02015646558543089
26	59	-0.020183022161645407
14	49	-0.02019415347655027
15	49	-0.020194153487936274
49	61	-0.02019859467944022
19	71	-0.02020175682074027
19	76	-0.020201757715844593
19	82	-0.02020175790888705
8	19	-0.020201757928160438
19	74	-0.02020175797641404
19	73	-0.020201757995715476
19	32	-0.020201758495140262
19	60	-0.020201758917387333
19	27	-0.020201759339578296
13	19	-0.020201760229829203
19	62	-0.020201761170774435
19	68	-0.020201763378404784
19	67	-0.020201763426658394
19	33	-0.020201763602812096
9	19	-0.020201763979190185
11	19	-0.020201763996078946
10	19	-0.02020176400572967
8	49	-0.020207345368106575
32	49	-0.020207346037034363
49	60	-0.020207347299067757
49	71	-0.020207347786852813
49	82	-0.020207347971875393
49	62	-0.02020734842990854
49	76	-0.020207348842904774
49	74	-0.020207349150326896
49	73	-0.02020734917309891
13	49	-0.02020735104506336
27	49	-0.020207352621245234
33	49	-0.020207352826973127
9	49	-0.020207353271027316
11	49	-0.02020735329095282
10	49	-0.020207353302338825
49	68	-0.020207353660997983
49	67	-0.020207353717928013
19	79	-0.020209475796950607
38	47	-0.02024977640290518
22	77	-0.02027001381257635
19	66	-0.020284053059299853
16	53	-0.02033088857843396
1	50	-0.0203328506665391
24	54	-0.020334637144526824
52	79	-0.02034600603182013
24	58	-0.020377402419883173
16	19	-0.020395017633705506
26	58	-0.02046699173971784
20	78	-0.020657498821447254
19	77	-0.020708588442470734
14	41	-0.020740344207188927
15	41	-0.02074034422228195
43	77	-0.020797530681004796
58	63	-0.020814938851708015
44	79	-0.020826104582072485
19	24	-0.020833791943729092
69	84	-0.020855566942373796
19	30	-0.020858950894393685
1	12	-0.020940611248851257
24	56	-0.020967227417778567
44	69	-0.02097052160626512
41	64	-0.02097873566506498
41	74	-0.02103934460343604
41	73	-0.021039344633622087
41	82	-0.021039346766598424
41	76	-0.021039347921214716
41	60	-0.02103934834381936
32	41	-0.02103934913997635
41	71	-0.021039350246627092
41	62	-0.021039351055703502
8	41	-0.02103935197855153
27	41	-0.021039354185906183
33	41	-0.021039355671482185
9	41	-0.02103935626011009
11	41	-0.021039356286522884
10	41	-0.0210393563016159
41	68	-0.021039356777046138
41	67	-0.021039356852511258
13	41	-0.021039357034714337
16	58	-0.021135676834426888
41	61	-0.021268928518692436
53	77	-0.02129705914553439
24	53	-0.021329914965052175
41	80	-0.021361342866063997
51	65	-0.021412160371912972
41	81	-0.02142149127959491
40	69	-0.021575016540180306
45	77	-0.02159250807811932
16	49	-0.021607151561319225
7	21	-0.02164679248648857
12	38	-0.02167696958901047
41	83	-0.021709415869525656
31	85	-0.021725965184426002
20	65	-0.021748182197222167
52	77	-0.021788914486103393
3	83	-0.021805969856636166
34	41	-0.02183613530728612
44	77	-0.02191685841149614
49	63	-0.02202276973672041
3	49	-0.022032707952440223
30	53	-0.022043857308546556
16	45	-0.022066464784069525
21	65	-0.022073225241022565
5	80	-0.022124038312549575
18	69	-0.022203335586442954
21	63	-0.022207629304225707
7	58	-0.022219458724847096
26	41	-0.02224418136548837
19	78	-0.022291709987871042
16	43	-0.022299714337074707
21	72	-0.022304860864851513
3	7	-0.022310491611074117
21	83	-0.022320032256495953
29	56	-0.0223277433693803
24	49	-0.02234929474383658
12	53	-0.02239244358145521
21	80	-0.022403686061603145
54	77	-0.022404263300343195
21	81	-0.022418606695621394
53	65	-0.022422528811307074
3	79	-0.02243216615182376
56	69	-0.022457922735110436
28	65	-0.022463830462631826
69	78	-0.022464542443223823
21	26	-0.022473320560051725
21	61	-0.02248966707398692
21	64	-0.02251092641116024
14	21	-0.022519829199067476
15	21	-0.02251982920900243
12	21	-0.022525795053766028
41	63	-0.022575104266339616
5	61	-0.022577896433350272
21	71	-0.022592188217961058
21	82	-0.02259218837940402
21	60	-0.022592189417606413
21	32	-0.02259218994167509
21	76	-0.022592190070750362
21	74	-0.02259219033899404
21	73	-0.022592190358863937
8	21	-0.022592191220641863
21	27	-0.022592193604951037
21	62	-0.022592193654863077
21	33	-0.022592194241025203
9	21	-0.022592194628488292
11	21	-0.02259219464587446
10	21	-0.02259219465580941
13	21	-0.02259219548017307
21	68	-0.022592196831405523
21	67	-0.02259219688108028
16	56	-0.022613711590154975
37	79	-0.022621833663465173
31	53	-0.02263608605242122
79	85	-0.022654670303589655
51	79	-0.022657968713729125
21	79	-0.022668946130252852
3	71	-0.022765888831482478
3	82	-0.022765889054467983
3	13	-0.02276588941509968
3	76	-0.022765890104215133
3	8	-0.022765890406103204
3	60	-0.02276589048843631
3	27	-0.022765890550327586
3	32	-0.022765891212281557
3	9	-0.022765892097786823
3	11	-0.02276589212180065
3	10	-0.02276589213552284
3	74	-0.02276589233735927
3	73	-0.022765892364803635
3	68	-0.022765894430416808
3	67	-0.022765894499027745
3	33	-0.022765895287911925
3	62	-0.022765896340948152
6	65	-0.02277812204445187
35	65	-0.022778127095021236
3	64	-0.02280332681316464
3	81	-0.022807571089408125
3	14	-0.022823916535958957
3	15	-0.022823916549681134
3	80	-0.02282579514373767
17	78	-0.022891508625930895
25	56	-0.022929769293014143
70	80	-0.022943854442708717
36	43	-0.02301381147882002
3	61	-0.02302109331798461
24	52	-0.023042828115761346
21	77	-0.023105431566523713
25	78	-0.02314132145659699
1	29	-0.023215137076932804
5	83	-0.023338674109705602
7	70	-0.023353422894225866
35	85	-0.023354050279065036
6	85	-0.023354066726612485
21	30	-0.023410710931027236
38	84	-0.02342740236757497
12	55	-0.023437828222446923
1	78	-0.023452550255330468
5	13	-0.023473834257901782
5	33	-0.023473834548706857
5	9	-0.023473835085349393
5	11	-0.023473835109429506
5	10	-0.023473835123189575
5	74	-0.02347383530501569
5	60	-0.02347383531877576
5	73	-0.023473835332535824
5	71	-0.023473835519893023
5	68	-0.023473835556631628
5	62	-0.023473835599508143
5	67	-0.02347383562543196
5	76	-0.023473836796139083
5	32	-0.02347383790726435
5	27	-0.02347383911127006
5	8	-0.02347384268679597
5	82	-0.02347384505671983
12	40	-0.023500707005387096
12	58	-0.023510891154275994
2	21	-0.023511006029392677
38	52	-0.023551359801814817
31	65	-0.023623933241690792
3	72	-0.023662428508444307
70	79	-0.023719577309638328
5	64	-0.023739218175859812
5	14	-0.023770881794631805
5	15	-0.023770881808391868
29	46	-0.02379447658285193
34	53	-0.02387912562573557
70	77	-0.023906221595654496
3	77	-0.023925831675616946
29	53	-0.023929415965875292
28	58	-0.02394191254996652
58	79	-0.02398891559452085
5	81	-0.024016087665818482
12	44	-0.02401626262595223
26	51	-0.024059503900271048
48	65	-0.02409203195695038
7	20	-0.024100483353883984
63	70	-0.024144129065095804
26	46	-0.02416576870464552
16	21	-0.024222695125972166
2	34	-0.024261132418586268
70	76	-0.024277935907624934
70	74	-0.024277936283700348
70	73	-0.024277936311557786
27	70	-0.024277936388486812
70	71	-0.02427793647838135
70	82	-0.024277936704723044
32	70	-0.024277937032369017
8	70	-0.024277938076701908
60	70	-0.024277940022919366
62	70	-0.02427794037558273
13	70	-0.02427794088017774
33	70	-0.024277941197377174
9	70	-0.024277941740597227
11	70	-0.024277941764972485
10	70	-0.024277941778901205
68	70	-0.024277942217655862
67	70	-0.024277942287299466
61	70	-0.024311515640358113
53	78	-0.024330166445333312
14	70	-0.024351315677860294
15	70	-0.024351315691789013
51	66	-0.024376865654166163
64	70	-0.024394967620543988
21	56	-0.024396711653665817
25	37	-0.024426209895736184
12	52	-0.024449912917139938
70	81	-0.024482133666872664
37	77	-0.024499846640915014
70	83	-0.02451488833668533
5	84	-0.024537941943864175
25	69	-0.024560777671538157
51	72	-0.024640205595656252
3	12	-0.02465237980384364
20	63	-0.024721434395262677
7	52	-0.024727621833069154
70	72	-0.02476301205406581
21	24	-0.024771214799424318
29	57	-0.02479120541849448
17	28	-0.024800351149144556
20	72	-0.024821420627407664
18	65	-0.024837990083961585
20	83	-0.02484505904240758
12	20	-0.02490511002329681
20	81	-0.0249096437374023
20	80	-0.02491535447162494
59	77	-0.024919123361236133
3	30	-0.024922429151950753
66	75	-0.02496032175093224
20	61	-0.024991636434527585
39	75	-0.024992235312911726
28	46	-0.02500148951924277
20	64	-0.025006903728377126
20	26	-0.025013489975098155
7	48	-0.02502109025102365
14	20	-0.025022999637546443
15	20	-0.025022999647232924
12	70	-0.025036404380331542
12	41	-0.025065836583167717
20	82	-0.025083063552017525
20	27	-0.02508306406013997
20	71	-0.02508306432593469
20	74	-0.025083064554568886
20	73	-0.02508306457394186
20	76	-0.025083065224356327
20	62	-0.025083065901574192
20	32	-0.025083066006540117
8	20	-0.025083066368781604
20	60	-0.025083066426900523
13	20	-0.0250830668197869
9	20	-0.025083067782172452
11	20	-0.025083067799123802
10	20	-0.02508306780881029
20	68	-0.02508306811393462
20	67	-0.025083068162367057
20	33	-0.025083068335722054
51	61	-0.02516008614980035
30	39	-0.025175681169381826
30	55	-0.025213059227386862
58	77	-0.02522240339145735
51	64	-0.025230408212182844
18	25	-0.025234939877857278
54	66	-0.02524701177993134
24	41	-0.025364104508088216
51	81	-0.02536856383987828
51	71	-0.025377424910493024
51	82	-0.025377426966078823
51	76	-0.02537742787438403
8	51	-0.025377428135595986
51	74	-0.02537742819496233
51	73	-0.02537742821870887
32	51	-0.025377428833150632
51	62	-0.02537742954549521
51	60	-0.025377430069480754
13	51	-0.025377430250496484
27	51	-0.025377431734706954
9	51	-0.025377432571720884
11	51	-0.02537743259249911
10	51	-0.025377432604372377
51	68	-0.025377432978380396
51	67	-0.025377433037746755
33	51	-0.025377433971308483
20	79	-0.025380368804976336
26	70	-0.025381794103451476
16	54	-0.025413527820819577
2	30	-0.025433819745977082
50	63	-0.025451477075636275
1	25	-0.025493126073070346
14	51	-0.025514078126227878
15	51	-0.02551407813810115
51	80	-0.025566405462118656
1	76	-0.025575045531905885
1	74	-0.02557504591028112
1	73	-0.025575045938308914
1	71	-0.025575047957407157
1	32	-0.02557504852617328
1	13	-0.025575050534867395
1	8	-0.02557505142814709
1	27	-0.025575051615034483
1	62	-0.025575051901222424
1	82	-0.025575051910423294
1	9	-0.02557505327458441
1	11	-0.02557505329910873
1	10	-0.025575053313122632
1	60	-0.025575053374875617
1	33	-0.025575054590687554
1	68	-0.025575055617205564
1	67	-0.025575055687275056
7	51	-0.02559795293558633
5	72	-0.025612817816128883
47	77	-0.025631091602255678
59	79	-0.02566668120551486
12	36	-0.02567833209043382
28	45	-0.025686734283815092
30	70	-0.025695338135145795
4	25	-0.025708583034461774
1	64	-0.025734156450990427
31	59	-0.025738587319169046
20	77	-0.025741488072940452
35	42	-0.025767453943715893
6	42	-0.025767470695153977
1	14	-0.02577172336777374
1	15	-0.025771723381787633
51	83	-0.025837682843687128
56	75	-0.025845172548113554
43	50	-0.025857293128207413
1	61	-0.025862097801939786
52	72	-0.025865489808745742
20	30	-0.02589513468643158
1	81	-0.025945909189707586
52	58	-0.025960455064890114
1	80	-0.025966249386065073
51	77	-0.02598927657228789
41	79	-0.026091219606241417
23	25	-0.026106989734525327
35	40	-0.02612831537052246
6	40	-0.02612832465784129
16	20	-0.026203701244268206
43	75	-0.026221450443005848
4	35	-0.02624426069559109
4	6	-0.026244269352187072
31	38	-0.02624606976507453
1	56	-0.026276573861352917
41	77	-0.02628032806850005
29	51	-0.02631008999814767
12	42	-0.02632967758682838
1	83	-0.026335795215131456
30	58	-0.026359524544757554
21	66	-0.026409054026443855
29	43	-0.02646791265077416
48	66	-0.026589835231862986
16	39	-0.02663445255413769
20	24	-0.026719464891201007
46	69	-0.026769518004225126
48	63	-0.026776307186653983
12	37	-0.02678655948646262
1	72	-0.026793757724006016
51	63	-0.0268151932853331
47	79	-0.02684090357409088
26	52	-0.02684448465253099
50	83	-0.026874543573301338
25	85	-0.026928922854329004
12	51	-0.02693037746822364
30	44	-0.026941514612554243
16	41	-0.0270001792355593
4	31	-0.02702615548691338
1	63	-0.027033929325543687
52	63	-0.027069851009868612
24	39	-0.02709910900261494
30	59	-0.02713162548537562
16	52	-0.027134814647211812
26	47	-0.027167388002641228
75	84	-0.02721053328413915
54	84	-0.027266550349051316
2	37	-0.027290501718032767
29	58	-0.02729773650775999
7	23	-0.027300337194061337
46	80	-0.027394629085432
46	72	-0.027394720024121647
46	78	-0.027450892389311907
30	41	-0.02749217897278225
52	81	-0.02749590395398306
2	7	-0.02752585779490331
26	50	-0.027551532546268985
6	38	-0.02757755467492648
35	38	-0.02757755565777223
38	70	-0.027664689896699013
50	56	-0.027668626896739268
1	26	-0.027671856610811077
5	7	-0.027681035182693714
23	63	-0.027771422784158915
46	61	-0.02779202313169636
50	80	-0.02781580871314101
52	83	-0.02785366372555259
23	72	-0.027863465498020025
14	46	-0.027863572897643962
15	46	-0.027863572909309645
31	41	-0.027872575946039493
34	65	-0.02789791942021952
23	83	-0.02791413896669369
52	61	-0.027929935843615063
5	43	-0.02793963992424009
23	80	-0.027964286353457962
24	48	-0.027995004679503922
1	7	-0.028017853845804616
23	81	-0.028018420415833106
38	53	-0.028022042431739433
50	81	-0.028066277469542295
23	61	-0.028072957181131994
23	64	-0.02809878430411046
12	50	-0.02810418513515544
14	23	-0.028106391643092844
15	23	-0.02810639165323068
23	26	-0.02811164862158201
52	74	-0.028117569564201327
52	73	-0.028117569588594238
32	52	-0.0281175702197608
8	52	-0.028117570434541633
52	71	-0.02811757089764353
52	82	-0.02811757109583593
52	76	-0.028117572028864765
52	60	-0.02811757237036551
27	52	-0.028117573149595787
52	62	-0.02811757384686337
13	52	-0.028117577314321865
33	52	-0.02811757736042196
52	68	-0.028117578253812302
52	67	-0.028117578314794583
9	52	-0.028117581561374012
11	52	-0.028117581582717807
10	52	-0.028117581594914266
12	23	-0.02814493669086042
50	61	-0.028150732171120352
48	56	-0.02815894307402545
23	27	-0.028165732768924222
23	71	-0.02816573338257735
23	82	-0.02816573354731723
8	23	-0.028165734080233047
13	23	-0.028165734216779974
23	60	-0.028165734606721365
23	76	-0.028165734788523175
23	74	-0.02816573506224481
23	73	-0.028165735082520488
23	32	-0.02816573514149235
23	33	-0.028165737665996865
23	68	-0.028165737942932256
23	67	-0.028165737993621452
9	23	-0.02816573806137257
11	23	-0.028165738079113788
10	23	-0.02816573808925163
23	62	-0.028165741724477257
30	52	-0.02818635286951885
51	78	-0.0281973029790739
14	50	-0.028235111471608433
15	50	-0.028235111482806455
52	64	-0.0282416830670741
50	64	-0.02825653048288545
20	69	-0.028288809578860347
36	63	-0.028322657910963007
23	79	-0.02838255549350996
29	40	-0.02840865209115883
2	16	-0.02842379915192398
27	46	-0.02846377597447123
8	46	-0.02846377706233296
46	74	-0.028463777120661372
46	73	-0.028463777143992737
46	76	-0.02846377773701054
46	71	-0.02846377851766367
32	46	-0.028463778679014354
46	82	-0.028463778707231005
46	62	-0.02846377931377271
46	60	-0.02846377992629478
13	46	-0.028463780039013863
33	46	-0.02846378093337052
9	46	-0.028463781388332117
46	67	-0.028463781846210144
11	46	-0.02846378234006964
10	46	-0.028463782351735314
46	68	-0.028463782719204307
12	47	-0.028494809465820135
14	52	-0.028507682488016613
15	52	-0.028507682500213065
50	71	-0.028566665756344214
50	82	-0.028566665938312016
50	76	-0.0285666686576056
50	74	-0.0285666689599521
50	73	-0.028566668982348137
8	50	-0.02856666983528458
50	60	-0.02856666990247269
32	50	-0.028566670493168175
50	62	-0.028566673747105073
27	50	-0.028566674266962536
33	50	-0.02856667440778818
13	50	-0.02856667451794341
50	68	-0.02856667709068819
50	67	-0.028566677146678293
9	50	-0.02856667763847863
11	50	-0.028566677658075162
10	50	-0.028566677669273177
2	75	-0.02862859136977404
23	77	-0.02867653740704728
16	47	-0.028698519357035365
52	80	-0.02873980795433599
5	66	-0.02879966887498786
46	83	-0.028801196161766317
21	78	-0.028804785207638614
24	47	-0.028922201978858204
5	16	-0.02892364373393303
46	64	-0.02892862017091645
7	39	-0.028938908005417277
18	66	-0.0290037136704304
2	24	-0.029130271604213324
40	71	-0.029253290744946897
40	82	-0.029253290989548084
40	74	-0.029253292547469473
40	73	-0.02925329257757424
40	76	-0.02925329400370036
8	40	-0.029253294334852728
40	68	-0.029253295385104072
40	67	-0.029253295460365987
40	60	-0.02925329628781216
32	40	-0.02925329708182524
40	62	-0.02925329898236219
13	40	-0.029253299377400233
33	40	-0.02925329987045265
9	40	-0.029253300457495482
11	40	-0.029253300483837154
10	40	-0.029253300498889537
27	40	-0.029253302124198834
3	34	-0.029407713795144348
46	81	-0.029415680043901778
40	64	-0.029422153171600886
14	40	-0.029450275345124677
15	40	-0.029450275360177053
40	84	-0.02946802915807449
40	61	-0.02954570534236707
50	72	-0.02954746244210208
40	81	-0.029608616453040408
40	80	-0.029653392767596896
4	77	-0.029729743054610624
31	39	-0.029745642444392276
38	46	-0.029774269406733875
7	47	-0.02988800402887854
29	38	-0.029945981421855804
7	17	-0.02998050406960817
40	83	-0.030030728965545456
47	63	-0.030106187886952317
37	63	-0.030182487465457014
2	31	-0.030190221963111025
28	42	-0.03026179895515564
7	55	-0.030315792674071626
46	66	-0.030333766053985467
7	85	-0.030382547907180306
3	29	-0.030391076915934172
16	23	-0.030446038006094432
17	63	-0.030463804836175085
36	72	-0.030479393527212344
29	52	-0.030503951040387646
12	57	-0.030506154003885178
17	83	-0.030542293985079273
17	72	-0.030562704544041155
17	81	-0.030601395468075596
7	44	-0.030610152393439956
40	72	-0.030610257420523007
17	80	-0.030611229802679066
26	36	-0.030618075785310242
37	72	-0.030647586453022485
17	61	-0.03068945533312068
17	64	-0.030693702192384945
14	17	-0.03069829085734195
15	17	-0.030698290867533458
17	26	-0.03072669393472348
17	71	-0.030767344931717303
17	82	-0.030767345097329347
8	17	-0.030767345635531844
17	60	-0.03076734569668091
17	76	-0.030767345876979907
17	74	-0.030767346152150682
17	73	-0.030767346172533704
17	32	-0.030767346699944367
17	27	-0.030767348523024103
17	62	-0.030767350043360106
13	17	-0.030767350446671705
17	33	-0.030767351110320515
9	17	-0.0307673519734507
11	17	-0.03076735199128585
10	17	-0.030767352001477358
17	68	-0.03076735232250994
17	67	-0.030767352373467498
5	29	-0.03079199757229987
75	78	-0.030799802990877992
16	48	-0.03088173248925665
2	63	-0.030890992419277175
40	63	-0.030922801483536155
30	47	-0.030929064735281772
12	17	-0.030960068982239665
26	37	-0.030988469313601837
5	77	-0.030990224355891896
47	61	-0.03104471193878324
16	36	-0.03107237155078342
23	24	-0.031097361652049904
46	63	-0.031111585933895736
1	77	-0.031111683902648027
12	46	-0.031153079481191344
47	81	-0.031171294072290433
48	80	-0.031201611923800665
32	47	-0.03121418295083385
8	47	-0.031214183191238032
47	74	-0.031214183250039593
47	73	-0.031214183273560216
47	60	-0.031214184193122482
47	71	-0.03121418463570983
47	76	-0.031214184795156294
47	82	-0.03121418575813749
47	62	-0.03121418641492827
27	47	-0.031214186773828957
13	47	-0.0312141871309429
33	47	-0.03121419083407704
9	47	-0.031214191292729246
11	47	-0.031214191313309797
10	47	-0.031214191325070105
47	68	-0.03121419169551997
47	67	-0.031214191754321538
47	64	-0.03126487063343572
17	79	-0.03126927319972678
50	77	-0.03127076052700387
47	72	-0.031380475851847195
14	47	-0.03145049290264084
15	47	-0.03145049291440115
26	40	-0.0314853796098739
47	80	-0.031543047089964554
17	77	-0.031546256729884044
35	54	-0.0315788843632432
6	54	-0.031578884916352336
47	83	-0.03161692899328997
28	59	-0.03161777153701408
50	79	-0.03163902630427518
4	12	-0.031663312532052734
2	26	-0.03169101149671864
26	48	-0.03170129215513092
26	53	-0.03172252122071192
37	80	-0.03175718536633745
31	42	-0.03181839474792432
36	80	-0.031833331174585845
1	30	-0.03189213209327518
2	72	-0.03191167355275492
37	61	-0.03191333558854304
48	61	-0.03191409705374234
5	79	-0.03195878455559992
44	81	-0.032004698646306756
37	83	-0.032061213735810466
29	45	-0.03206410918123091
2	83	-0.03209686437590139
48	64	-0.032110538065458646
48	72	-0.03216752400986276
7	40	-0.03218731858009897
32	37	-0.03222355302889731
37	74	-0.032223554144270194
37	60	-0.03222355415817294
37	73	-0.032223554172075675
37	71	-0.03222355434206226
37	82	-0.03222355456798178
37	76	-0.03222355563154138
8	37	-0.03222355593740165
37	68	-0.03222355633839331
37	67	-0.032223556407907014
13	37	-0.03222355686952916
9	37	-0.032223557724869616
11	37	-0.03222355774919941
10	37	-0.03222355776310215
37	62	-0.03222355822504627
27	37	-0.03222355983332248
33	37	-0.03222356277059822
26	45	-0.03222792779283612
36	61	-0.03230830644875079
7	42	-0.032320469831655776
26	54	-0.032321948464483205
55	81	-0.03232238311401733
44	61	-0.032329800085085736
38	75	-0.032342971479264834
44	74	-0.032345276997382245
44	73	-0.03234527702399527
44	71	-0.03234527726657249
44	82	-0.032345277482803324
44	76	-0.03234527756942898
32	44	-0.03234527957525246
8	44	-0.03234527972481741
44	60	-0.032345279804656485
13	44	-0.03234528138853147
27	44	-0.0323452816708949
44	62	-0.032345282685916465
44	68	-0.03234528537702536
44	67	-0.03234528544355793
33	44	-0.032345286264968444
11	44	-0.03234528773853142
10	44	-0.032345287751837926
9	44	-0.03234528864656759
31	52	-0.03239068575033033
39	63	-0.03239944468993951
1	79	-0.032432918573490434
37	64	-0.032443746154906486
14	37	-0.03246524484889685
15	37	-0.03246524486279959
34	46	-0.032469870323646455
44	83	-0.03247857979481805
26	44	-0.0325082730006042
4	79	-0.03251396098331778
7	46	-0.032516437287525984
26	55	-0.03252135698301387
12	48	-0.03253053322570325
48	82	-0.032534298204364286
48	71	-0.032534298268674405
32	48	-0.03253429867097119
48	76	-0.03253429899770705
48	60	-0.032534299288080874
8	48	-0.0325342996915192
48	74	-0.03253430020903295
48	73	-0.03253430022977394
48	62	-0.03253430231411255
27	48	-0.03253430237235711
13	48	-0.03253430502827972
48	68	-0.032534305781086126
48	67	-0.0325343058329386
9	48	-0.03253430612438865
33	48	-0.03253430618560069
11	48	-0.03253430637536766
10	48	-0.03253430638573815
14	48	-0.03254534745525936
15	48	-0.03254534746562985
34	45	-0.03260237558729064
26	39	-0.03260342293068335
44	64	-0.03262454229424107
14	44	-0.032630957676278244
15	44	-0.03263095768958475
20	56	-0.03263424629285097
37	81	-0.03269181672763932
29	50	-0.032735601909360236
44	80	-0.03276050440297282
55	83	-0.03279290361853902
36	83	-0.03280709129017484
41	75	-0.032825749190880896
36	71	-0.03291310039168103
32	36	-0.032913101087491195
36	76	-0.032913101759385534
36	74	-0.03291310215753131
36	73	-0.03291310218702359
36	82	-0.032913104356596105
8	36	-0.03291310580909091
36	60	-0.03291310589756775
13	36	-0.032913107023757555
36	62	-0.03291311032415136
27	36	-0.0329131116910042
36	68	-0.032913114136973544
36	67	-0.03291311421070425
33	36	-0.03291311678210908
9	36	-0.03291311735720854
11	36	-0.032913117383014286
10	36	-0.03291311739776043
45	72	-0.03293469671073123
48	81	-0.033016159205388654
54	72	-0.03305148855126327
55	82	-0.03306455344711849
55	74	-0.033064553918870435
55	73	-0.03306455394598298
55	71	-0.033064554158151585
32	55	-0.03306455464752024
13	55	-0.03306455466715106
55	60	-0.03306455486374928
27	55	-0.03306455490237178
8	55	-0.033064555713734206
55	76	-0.033064557278141296
55	68	-0.033064557781705355
55	67	-0.03306455784948674
55	62	-0.03306455785153307
9	55	-0.03306455918004807
11	55	-0.033064559203771555
10	55	-0.03306455921732783
33	55	-0.0330645595826759
48	83	-0.03307263297085867
63	85	-0.03311802064071791
29	70	-0.033136877083314614
14	36	-0.033247712554675644
15	36	-0.03324771256942178
36	64	-0.033251429620975645
47	56	-0.03326770898425798
35	52	-0.03332508615156177
6	52	-0.0333250955394198
55	64	-0.033382962419121906
39	83	-0.033387221999662556
39	72	-0.033421628560686624
14	55	-0.033425301423638656
15	55	-0.03342530143719493
55	61	-0.03350125152624264
36	81	-0.033522897067705226
55	80	-0.03353029032235575
29	54	-0.03356649502111212
2	81	-0.03359037439589779
44	72	-0.03359747586263497
2	61	-0.0336154729156784
18	78	-0.03362329889749677
45	78	-0.03370172285176384
28	40	-0.033705719194093736
30	48	-0.033732487299432526
44	63	-0.03376745968707044
42	79	-0.03377142987834976
54	78	-0.033775921993193875
53	80	-0.033777644000749174
35	45	-0.03379899255592421
6	45	-0.03379899497213688
2	64	-0.03384937922308464
83	85	-0.03387207603022374
2	14	-0.03389127021752938
2	15	-0.0338912702323059
45	84	-0.03389588490563471
53	72	-0.03390342772933272
16	17	-0.03403197118200519
2	74	-0.03408854133725508
2	73	-0.034088541366808126
2	13	-0.034088542488218194
2	76	-0.03408854280093404
2	33	-0.034088542938099285
2	60	-0.034088543214676754
2	71	-0.034088543293056446
2	9	-0.03408854351438377
2	82	-0.03408854353317498
2	11	-0.0340885435402427
2	10	-0.034088543555019224
2	62	-0.034088543928929425
2	8	-0.034088544988662754
2	32	-0.03408854585678362
2	68	-0.034088545883124925
2	67	-0.03408854595700756
2	27	-0.0340885471497296
1	28	-0.034098970476830706
57	65	-0.034116292090830155
3	31	-0.03422556096496654
30	42	-0.034247679599107794
53	61	-0.03428045705753381
46	65	-0.034338566648539376
50	66	-0.03441486212194367
80	85	-0.034472021602378264
55	72	-0.03453941636086404
7	37	-0.03461679122685369
61	85	-0.03465209973216054
14	53	-0.0346890815084223
15	53	-0.03468908152091942
81	85	-0.0347338139486197
54	61	-0.03473825289646926
14	45	-0.034742406585393015
15	45	-0.0347424065983657
2	80	-0.034744311621213234
14	54	-0.03474652114577541
15	54	-0.03474652115874735
17	24	-0.034748277196467586
54	64	-0.03475035070593516
45	64	-0.03475399153317765
39	81	-0.0348103435140603
54	83	-0.034822331026084945
39	61	-0.03484649973644615
45	61	-0.03486396398634508
55	63	-0.03487763857430417
29	39	-0.03495692239893968
76	85	-0.0350838693722299
8	85	-0.035083869693029374
74	85	-0.03508386976593834
73	85	-0.035083869795101925
71	85	-0.03508386988241366
82	85	-0.03508387011936781
62	85	-0.03508387041171979
32	85	-0.03508387054970976
60	85	-0.03508387164316528
27	85	-0.03508387182561673
9	85	-0.0350838755660259
11	85	-0.035083875591544036
10	85	-0.03508387560612583
68	85	-0.035083876065452345
67	85	-0.035083876138361315
33	85	-0.035083876859981086
13	85	-0.035083878303220635
39	64	-0.03511574117319512
53	73	-0.03511784145786858
53	60	-0.03511784237669403
53	71	-0.03511784273031105
32	53	-0.0351178430359175
53	74	-0.03511784329551947
53	82	-0.035117843864711944
53	76	-0.03511784388941962
53	62	-0.03511784491275111
27	53	-0.035117845060738714
53	68	-0.03511784749681878
53	67	-0.03511784755930442
8	53	-0.03511784788964672
13	53	-0.03511784928221665
9	53	-0.03511784986275989
10	53	-0.03511785082844957
33	53	-0.035117851238017084
11	53	-0.03511785174727502
14	39	-0.03515405012481091
15	39	-0.03515405013948762
45	83	-0.035156217685247404
5	78	-0.0351806102378899
54	71	-0.03518878167189024
8	54	-0.03518878409174345
27	54	-0.035188784126245175
54	74	-0.03518878508792574
54	73	-0.03518878511386963
54	82	-0.03518878653929721
9	54	-0.03518878724806969
11	54	-0.03518878727077059
10	54	-0.035188787283742536
32	54	-0.03518878764781291
54	62	-0.03518878783946428
13	54	-0.035188788437344846
54	76	-0.03518878846297355
33	54	-0.03518878860480901
54	68	-0.03518878862368136
54	67	-0.03518878868854109
54	60	-0.035188788826187985
40	77	-0.03519525934241281
5	34	-0.03521379248732698
4	63	-0.035242735787801474
27	45	-0.03525527946355428
45	62	-0.03525528503963119
45	71	-0.035255285390908615
32	45	-0.03525528577902473
9	45	-0.03525528631095455
11	45	-0.03525528633365676
10	45	-0.035255286346629444
33	45	-0.035255286736342324
45	68	-0.035255287686591676
45	67	-0.03525528775145512
8	45	-0.035255287810847066
13	45	-0.035255288431407045
45	60	-0.03525528882000577
45	82	-0.035255289327005085
45	74	-0.03525528973835565
45	73	-0.03525528976430103
45	76	-0.035255290319415676
35	47	-0.0352766954385166
6	47	-0.03527670269462974
40	79	-0.035277587869870945
34	40	-0.03527876462414983
35	46	-0.035305797852188625
6	46	-0.035305801324624124
64	85	-0.035374126138310806
39	71	-0.035387109682245455
39	82	-0.03538710992074204
39	62	-0.03538711026349601
39	76	-0.03538711104351058
8	39	-0.03538711136639827
39	74	-0.03538711143978183
39	60	-0.035387111454458546
39	73	-0.03538711146913525
32	39	-0.035387112228655156
13	39	-0.035387114420451955
27	39	-0.03538711537551268
39	68	-0.035387117792426745
39	67	-0.035387117865810315
9	39	-0.035387119152394474
11	39	-0.03538711917807873
10	39	-0.03538711919275544
33	39	-0.03538712044264783
57	79	-0.035430507627967525
14	85	-0.03543787745056819
15	85	-0.03543787746514999
53	83	-0.035500699440815166
54	81	-0.03554241252513548
45	81	-0.03557289145796063
53	64	-0.03557681682624385
30	37	-0.035606787157105434
30	54	-0.03569899485153012
30	45	-0.03572428188917529
39	79	-0.03578111551498524
2	79	-0.03587671600631254
53	81	-0.036036209606957144
39	80	-0.03607650726926631
36	84	-0.03611293868914561
28	85	-0.03612883431048125
54	80	-0.03616878378269251
45	80	-0.0361867296440504
30	40	-0.036195638780121844
5	24	-0.036209968279593906
7	53	-0.03622544132244961
3	70	-0.03631177358530531
2	29	-0.036333755956697016
34	54	-0.03652702444241219
35	70	-0.03656698269648483
6	70	-0.036566995015794974
4	26	-0.036595861816670794
38	69	-0.036611402869256904
4	72	-0.03667994526611304
42	66	-0.03668530205954584
42	72	-0.036688992057800685
72	85	-0.036730984411180466
3	84	-0.03673467415795023
1	42	-0.03682968258997199
35	53	-0.037024775390498206
6	53	-0.037024784032548344
53	63	-0.037119869721521405
30	57	-0.03719503987606153
44	65	-0.03719917599644827
34	44	-0.03727510828836849
29	36	-0.03734662813108938
3	75	-0.03745920192929229
26	85	-0.0375668535062988
57	66	-0.0377985929431577
7	36	-0.03781760384452935
3	35	-0.03796483620114415
3	6	-0.037964840942441916
4	29	-0.03799712908756869
36	79	-0.038032014343862594
5	31	-0.03811246792153963
45	63	-0.03819296502063585
54	63	-0.038218600522652094
12	85	-0.03842340790443961
42	80	-0.038504652367923005
12	45	-0.03881923210182612
2	12	-0.03890049958395836
4	80	-0.03906100970092916
4	61	-0.03908388123252088
12	54	-0.03908876643101114
24	36	-0.03920564876113618
34	55	-0.03926510991182521
42	77	-0.039286020141522014
40	75	-0.03933932175801279
4	83	-0.039484194346159254
7	45	-0.03952418305986244
42	71	-0.03952646536207622
42	82	-0.039526465607033975
8	42	-0.03952646616053226
42	74	-0.03952646623590386
42	60	-0.03952646625097819
42	73	-0.03952646626605251
42	76	-0.03952646676021972
32	42	-0.03952646704614875
27	42	-0.039526470227797185
42	62	-0.03952647268017708
9	42	-0.03952647415746077
11	42	-0.03952647418384084
10	42	-0.03952647419891516
33	42	-0.03952647450088474
13	42	-0.03952647493572087
42	68	-0.03952647746772407
42	67	-0.03952647754309569
42	64	-0.03963095627484451
30	85	-0.039660752303396225
14	42	-0.0396861986978593
15	42	-0.03968619871293362
7	54	-0.039697941203615424
1	34	-0.03970969710310522
42	81	-0.03972286521607197
42	61	-0.039810646166225205
28	57	-0.039818635494138443
4	27	-0.039832851228059935
4	13	-0.03983285201360359
4	74	-0.039832852971593044
4	73	-0.03983285299965333
4	71	-0.039832853154129
4	9	-0.03983285382517326
4	11	-0.039832853849726006
4	10	-0.03983285386375615
4	68	-0.03983285430570554
4	67	-0.03983285437585624
4	76	-0.03983285445542444
4	32	-0.039832854657035614
4	8	-0.03983285569541008
4	33	-0.03983285607196556
4	82	-0.03983285617608649
4	60	-0.03983285764223606
4	62	-0.03983285896947763
12	39	-0.040188035558210634
4	14	-0.040189053804033134
4	15	-0.040189053818063265
4	30	-0.04019394150088683
4	64	-0.04021235193558814
42	63	-0.040350712831816536
36	77	-0.040415916110719624
42	83	-0.040421680272738084
4	81	-0.04054771656861362
2	77	-0.04066085850997395
26	42	-0.041006080481446334
1	43	-0.04106623761202506
28	44	-0.04142703134460849
7	57	-0.04145667965129006
39	77	-0.04161165031236789
3	52	-0.042369461786251436
57	63	-0.04242630802923209
28	55	-0.04250387642213949
29	42	-0.042512502417343306
57	77	-0.042661574386337636
4	7	-0.04311082949877048
53	66	-0.04324409629950264
57	72	-0.043582692629116807
57	80	-0.04410793868078842
57	61	-0.04436448280228039
57	82	-0.04439411641140575
57	71	-0.04439411709692148
57	76	-0.04439411756858874
57	74	-0.04439411797700626
57	73	-0.04439411800725941
8	57	-0.044394118832695964
57	60	-0.04439411892345541
32	57	-0.04439411972138224
57	62	-0.04439412444361707
27	57	-0.044394126632893
9	57	-0.044394128719989136
11	57	-0.04439412874646064
10	57	-0.044394128761587215
13	57	-0.04439412948803403
33	57	-0.044394129992697866
57	68	-0.04439413203204206
57	67	-0.04439413210767494
57	83	-0.04448692648037805
26	57	-0.04451592981574224
57	64	-0.04454791909003047
15	57	-0.04457616188587909
14	57	-0.04457616280207509
57	81	-0.04467904647489169
2	69	-0.045750752997212055
39	69	-0.045944600133803484
55	65	-0.04699048478804084
31	36	-0.04734159044276784
41	84	-0.0494083658719682
48	78	-0.05041121224745277
70	78	-0.05154807001803513
36	78	-0.0558913644322912