#==========================================================================
# The first and second rows contain site pairs (i, j) such that j > i
# The third row contains coevolutionary scores obtained 
# using plmDCA-pydca algorithm.
# Note that in this data sites are counted/labelled starting from 1
#==========================================================================
22	23	1.3618438467889216
50	51	1.257379962967153
9	49	1.1827588240541917
10	48	1.0748478774697463
8	50	1.064846993991469
13	43	1.028202647903267
14	40	1.0259355489135211
30	31	1.0222505633020083
12	44	0.9756007074987814
28	29	0.896815637427424
25	26	0.8843961206832713
18	19	0.8618047834422224
7	8	0.8504755591448091
6	52	0.845847520560663
2	56	0.8431958418847886
15	16	0.8413512328702699
23	32	0.8119617640730572
54	55	0.8079454392567678
24	25	0.8071656718661243
3	55	0.794573701486762
3	4	0.7625199359218702
47	48	0.7553054021887966
45	46	0.7406995612377383
42	43	0.7357896995006442
51	52	0.724821157689445
38	39	0.7121642838788096
4	54	0.706459741676865
24	31	0.7056990560440879
33	34	0.7053042898827857
16	38	0.6985651382705109
17	18	0.67453791461676
22	34	0.6403048640190716
10	11	0.6336514912327562
48	49	0.6290964378737256
41	42	0.6258515292660629
43	44	0.6079944494289538
6	7	0.6017976151015123
12	13	0.5679045042333732
20	36	0.5653317382579325
32	33	0.5543043430238346
52	53	0.5409414069476168
15	39	0.5347254390964984
5	53	0.5131695972610397
46	47	0.4981215024838194
26	27	0.4953486495138922
21	35	0.4815301904112782
13	14	0.4779817343893992
7	51	0.4648292475778279
5	6	0.46326834286310264
27	28	0.4601761982696344
25	30	0.42717902779071004
19	37	0.3942637873226464
14	15	0.3777685418709035
37	38	0.37650843787288507
53	54	0.3263281860469383
17	27	0.3213149969475348
8	9	0.29851490357537763
4	7	0.29597125073918856
55	56	0.29158805392050496
39	40	0.2786273333675681
1	2	0.26829482858671616
2	3	0.2664471705915404
6	38	0.2631212154901669
1	35	0.2594519526214749
33	47	0.25072867330489423
8	11	0.250091574261949
7	16	0.2477234764987254
12	15	0.24461101357462534
34	47	0.2429159105025574
19	20	0.23577914468081618
16	17	0.23566221360187206
51	56	0.23524240629347287
9	10	0.2318557642438574
2	34	0.22418442537506494
37	42	0.22416863279141291
36	37	0.2239113626223791
37	41	0.2210882267549642
1	44	0.2200696163973736
16	26	0.21309958572216192
40	46	0.20837513167424743
18	27	0.2040552951147227
22	35	0.2018950180076719
15	34	0.20178673128394953
31	47	0.1950428114339321
21	22	0.18958424166688642
3	50	0.18712415133571192
1	23	0.1866458986789128
22	42	0.18546552832738633
1	13	0.18323850334897174
36	45	0.1821582993690275
14	32	0.1802603411070392
1	4	0.17747551102225595
11	19	0.1773290913711303
26	35	0.17616657004676484
11	36	0.17512953687741312
21	46	0.1746779801726614
20	45	0.17394952616333198
46	50	0.17272007022292674
25	28	0.17047641207070546
45	55	0.16715236289935154
6	9	0.16658529050962717
28	34	0.16619451023054227
27	47	0.16619409130934215
5	40	0.16374215497509187
54	56	0.1636157029684399
9	11	0.16295448902157156
46	53	0.16259833310802463
41	44	0.1617105764177042
24	47	0.1614219786359643
25	52	0.16006598499518548
42	51	0.15956622573758555
42	44	0.15754713408771465
36	39	0.15716168930247648
26	32	0.15557442002948696
34	36	0.15533061394651954
15	47	0.1543474688159195
24	30	0.15290658692258596
32	36	0.15153324395774642
3	54	0.15131741269678728
15	53	0.15070931037418683
1	41	0.15010201042631532
11	13	0.14968305026406453
19	29	0.1491445120164156
23	24	0.1472144513702719
2	21	0.14606250082459965
21	40	0.1432955865614402
20	46	0.14310869932000908
13	47	0.14140178272325143
41	54	0.14082245954371025
28	42	0.1403050211329394
3	5	0.13931734058652606
7	40	0.13917680975201335
8	38	0.13855973285425055
9	51	0.13805998799673308
11	32	0.13785913602161154
23	31	0.13767612797279016
20	53	0.13761107888849072
1	36	0.13718529520197015
5	35	0.13410901032891787
1	30	0.13300415102499608
14	26	0.13284615655129278
23	51	0.13224688813109986
21	29	0.13178694432254962
8	22	0.13118821455364155
5	15	0.12942361508573413
10	27	0.12809320049774386
9	42	0.12649041835932834
34	55	0.12523705840917504
4	49	0.12522056332229442
53	55	0.12511927198496953
31	40	0.1250092047419621
9	34	0.12336540195729834
12	27	0.12243456764856347
49	51	0.12173127118533311
41	45	0.12171320038860794
2	24	0.12056796274684117
15	21	0.12022015513174117
17	48	0.12003758482719801
12	45	0.11959403012430186
9	27	0.11911781813004879
2	11	0.11908078113415205
17	31	0.11875617819329776
2	39	0.11870284178506046
21	24	0.11803581794340484
12	29	0.11695954440551454
35	54	0.11694243225776352
40	54	0.11678823766767221
5	48	0.11597534326881892
21	45	0.11517881988888401
13	20	0.11506560631624424
29	54	0.11463913555148658
7	32	0.11424157096664289
26	30	0.1135949206143066
5	54	0.11311317536782645
3	36	0.11292131167588954
38	41	0.11281313150421163
16	46	0.11145639938734442
18	20	0.11135208667062424
42	47	0.11043980830969358
14	24	0.11036606518041542
5	21	0.10992999574935464
27	34	0.10891482969443816
49	50	0.1089031242994617
36	46	0.10759922885403811
2	35	0.10696440260210077
17	23	0.10634032305669794
10	15	0.10576189144718118
45	47	0.10508828536691789
44	45	0.1042614607715448
1	14	0.10386889504949914
14	29	0.10368727095184621
4	25	0.10337744230875556
13	53	0.10305857721109651
37	43	0.10215037569391244
27	39	0.10089896449736085
18	23	0.10081878942017036
35	49	0.10041068514026619
10	13	0.10016105291912963
3	11	0.09966358429078553
22	49	0.09796394499365246
31	41	0.09756310625468334
21	50	0.09612297213939625
18	42	0.09581687976560815
41	52	0.09563588116170646
10	39	0.0949914821612699
5	7	0.09445947848321279
6	8	0.09371109051054927
1	10	0.09365720333526711
20	22	0.09347267534320408
5	20	0.09335494749586554
28	53	0.09331477000017613
30	56	0.093135273463886
23	35	0.09304463460465645
17	19	0.09281204903259355
11	12	0.09250935451221004
1	39	0.09237575775213247
37	39	0.0922969171372075
4	5	0.08994902534017063
15	52	0.08986765555506798
6	51	0.08962200113524382
35	40	0.08874964648780564
18	35	0.08837026949448978
37	53	0.08791299746207631
3	33	0.08770686976795283
32	34	0.087377921349936
52	55	0.08705047004505484
6	11	0.08678724897849521
42	54	0.08672957676131415
9	30	0.08619034943493942
11	45	0.08481304682318119
14	20	0.08457873295250029
5	14	0.08432994899639062
12	17	0.08429683550377981
32	42	0.08392016603304986
13	39	0.08332849555331706
3	44	0.08315681382293899
29	34	0.08261211346243769
6	44	0.08256353502274949
19	53	0.08241693067696343
35	36	0.08214027342937169
28	37	0.08166548727090756
22	24	0.08147841115796017
5	43	0.08136640780308668
29	51	0.08121631065293711
45	52	0.08097997452248068
35	50	0.08032451659288609
17	26	0.07891031031388601
4	42	0.07889798441208729
20	40	0.07860931407140198
49	53	0.07838692892801546
6	24	0.07799604255194309
53	56	0.07720692737272483
8	44	0.07660020333394574
29	52	0.0765144325763813
21	41	0.07645732679377049
11	49	0.07603568544697886
14	38	0.07593810871252055
37	44	0.07592625953456067
40	52	0.07571587797144308
3	46	0.07557657240403154
17	56	0.0752737846814251
38	45	0.07488371368686547
19	36	0.07470332006578301
17	20	0.07432871509338962
20	28	0.07398602732529458
7	33	0.07396021223072424
41	48	0.07381892945386737
27	37	0.07347636295834103
27	42	0.07324425557654696
7	39	0.07289858154214401
19	39	0.07251567712210022
4	32	0.0717352668082783
33	40	0.07162165001986204
13	21	0.0709023956952432
45	56	0.07025215123606798
10	43	0.07004152926052837
17	29	0.06934893712101431
14	45	0.06841701197809719
11	20	0.06815048322422995
11	55	0.06794646029501333
30	48	0.06740811030540683
12	56	0.0673013876721662
28	54	0.06679736181387574
44	53	0.0661080332899815
11	27	0.06585517018859555
33	46	0.06542624379151302
36	56	0.0654014573983896
15	19	0.06525601835865602
31	39	0.06465470095863557
2	27	0.06458209834748013
18	24	0.06454414425889193
13	52	0.06445113763669552
16	37	0.06433304314864485
39	48	0.06411302818884818
34	50	0.06331002930998975
8	33	0.06319836786353894
26	33	0.06311776464164048
11	28	0.06293229441996967
34	43	0.06265441999136079
7	19	0.062243151973924715
33	50	0.06224031881190989
4	53	0.06206526399262913
6	42	0.06177539206018706
18	26	0.0616602683449321
12	37	0.06151311952384303
16	41	0.06150672728589163
36	53	0.06122006671106195
14	41	0.06063645122217243
1	26	0.060016469277375584
44	52	0.05967535733146123
24	38	0.05926716080140332
33	42	0.058758640581332455
4	12	0.05868161989575321
8	37	0.05863249954029098
37	50	0.058464219318904054
1	28	0.057913956558172275
20	48	0.05733879665945568
30	41	0.055945287786257514
1	8	0.05513774018422929
3	56	0.05485414222766616
4	45	0.05477495967548518
1	48	0.0547452627408993
4	10	0.05472605794984503
5	24	0.05455642445790232
47	49	0.054430186046353135
17	22	0.054271041016017985
18	28	0.05402949165272358
5	49	0.05375667757976427
35	38	0.05296212796262517
22	46	0.052805286837400656
1	22	0.05250451001793616
13	15	0.05232615591472228
22	29	0.05199597143214668
12	40	0.05084365729691359
3	18	0.05082221106512175
3	9	0.050648788660907385
34	40	0.05054322740915684
11	24	0.05028816154768634
22	28	0.0501431513076529
27	38	0.04999518342601017
7	34	0.04894267682252723
18	25	0.04880092940208014
29	43	0.04763129447473424
23	56	0.0475642261152438
24	45	0.04752518621197399
12	21	0.04742414324592725
14	46	0.04727920462811369
20	31	0.04723053591001636
13	27	0.04706427682215658
3	20	0.046921617982348174
19	46	0.046801467763341764
17	41	0.04673915321485522
36	41	0.046586829731413204
29	31	0.04639018333845085
2	20	0.04546427184577623
35	41	0.04544321103126997
43	54	0.04540790057716415
13	23	0.04495439674258772
7	47	0.04482239751886924
2	18	0.044631542711743966
43	45	0.044381288992796586
34	38	0.04405131376504129
1	42	0.044028559512708454
11	16	0.04378460667972517
11	22	0.043587186058895666
29	55	0.043274878225796676
2	41	0.04305670145887319
38	40	0.0429270863747368
44	51	0.04264260030524908
24	27	0.04224038042216671
38	43	0.04222435372967037
18	43	0.04209301361767015
9	52	0.0417757375100653
26	36	0.041762214266254705
18	48	0.04146629247449207
17	51	0.0414552462655669
17	46	0.041331687618211654
38	48	0.04107032705791708
6	36	0.041018834105816915
15	18	0.0410174651182208
35	55	0.04091509155022971
3	35	0.040708230390560485
35	56	0.04032275118330669
28	33	0.04032023937944562
41	55	0.04027228670802402
10	18	0.039976619278990155
38	50	0.03968542519309426
22	32	0.03954677926651867
2	15	0.03925371416371565
2	46	0.03905283253711628
21	38	0.03904791400369617
5	12	0.038839834654031014
29	50	0.03855449007715561
27	52	0.03852599758485925
13	37	0.03839165590466759
44	56	0.03815448452117348
19	43	0.038030758105346396
2	33	0.03798324144819931
9	53	0.03794453395034891
32	55	0.03784608676605444
16	39	0.037744977953380054
15	26	0.037512033953420565
17	35	0.037497450293874135
3	51	0.03713290081846837
19	28	0.036844642591374155
42	45	0.036711867838289
7	49	0.036675003168340214
31	38	0.03664859010053145
46	55	0.03658747808582358
8	21	0.03649985089324914
14	30	0.035767508412758164
8	10	0.035578937583996106
4	35	0.03531793106392844
30	39	0.034814003857796594
35	51	0.034087092000543384
35	42	0.033394766301835466
29	42	0.03329332702598975
2	45	0.03309318167109898
10	40	0.033091359080660465
6	37	0.03269626232409595
35	48	0.0318287203782624
15	55	0.0317722376813111
35	44	0.031640717802202234
26	50	0.0314835071432657
31	50	0.031193398109564174
27	54	0.030915498519905105
49	52	0.030740705528029988
10	33	0.03004872196484515
16	31	0.029867604102444212
1	40	0.0296025141786162
20	26	0.02957388550211343
46	49	0.02935395481315295
18	29	0.02921430652803153
4	37	0.028982940261356782
25	45	0.02886436082708066
2	55	0.028735755924574113
37	48	0.028608965276395504
19	41	0.02836571964376189
9	55	0.02828473756393901
10	44	0.028050347780944007
31	32	0.028023026986357058
24	37	0.027868805910981287
1	43	0.027763078016004472
1	29	0.027231054909725827
6	43	0.027193392420692797
31	46	0.027119521188243956
15	17	0.02711616801112665
2	5	0.026819201834226092
19	32	0.026814191868736015
22	53	0.02676964009282895
1	54	0.026530866681003407
19	27	0.02651451288463652
41	56	0.02643675576090776
2	10	0.02634751596079693
19	23	0.025779261555318844
1	20	0.025208935772397467
16	25	0.024875536357404637
12	16	0.024860487168841705
16	33	0.02478934945855521
48	56	0.02476298889311601
2	44	0.024713462975728184
30	49	0.024591281225815664
8	16	0.02455837368767394
19	47	0.02450421500056843
14	33	0.02448426249641178
3	26	0.024474226806114274
28	40	0.024388426523570816
36	40	0.023780718764091158
16	42	0.023691184147722477
28	46	0.02359369684568957
26	46	0.0235084537745896
41	53	0.022917772435133432
33	37	0.022864956333315034
25	53	0.022714704449797063
30	55	0.02270703765840304
45	48	0.022505116324956276
27	40	0.022447496614967866
1	21	0.022299239962051964
12	39	0.022056446889102688
42	46	0.021944192221697578
24	32	0.021886513632415117
40	48	0.021668966215821095
30	46	0.021641996317678547
25	33	0.021543119192015292
8	32	0.021540396341914292
30	53	0.02149541318393916
9	20	0.021375212788107334
19	45	0.021281460581774825
8	28	0.02104580924602878
5	51	0.02102971936311049
40	49	0.020325975154351028
16	20	0.02014379041229386
31	37	0.02009034037320634
16	54	0.019713749760756683
24	26	0.019619409545417854
6	28	0.01923017925730186
8	25	0.01868314622290418
4	28	0.018640895076949104
36	47	0.018633908278450184
7	38	0.018236365717711533
23	33	0.01819593943926351
13	42	0.018020826449029415
27	53	0.017954118538494546
15	38	0.0173492291430139
3	14	0.017299678848773425
20	41	0.017042290090007906
7	17	0.016685575724493307
9	46	0.016612573605602587
50	54	0.016464837841254076
7	21	0.016036042029464903
24	36	0.015585652836899777
23	55	0.01547478845545841
16	24	0.015388536628699101
21	23	0.015252527775995284
4	18	0.015073255717144851
17	39	0.01492023802936443
10	16	0.014888970091551934
23	41	0.01484395427324603
19	49	0.014777177923719909
8	56	0.014283000974230964
6	56	0.014261685734049734
6	10	0.014050068623080614
39	52	0.013944295712383814
24	42	0.013095599145206638
7	13	0.012881661634368935
18	56	0.012807447281698747
27	29	0.012649691576822664
10	20	0.012515866536181197
22	39	0.012386851721072067
20	51	0.012362882212541004
9	56	0.012130479215557988
16	47	0.012049159199258086
11	26	0.011837067712429539
15	49	0.011317031252526644
28	56	0.011264236986291087
1	49	0.01119729196780328
21	53	0.011017831620336538
9	33	0.010962167188364347
17	50	0.01077050862948803
22	26	0.01071148881629358
22	44	0.010618272475462043
12	50	0.010465717094219618
27	45	0.009903560512059983
2	50	0.00958771620597526
22	30	0.009512687989568558
4	56	0.009508272536190243
7	46	0.009159009004832352
10	26	0.00911873177634065
17	21	0.009035255005814313
21	55	0.00868851214530797
30	43	0.008537940290661072
3	32	0.008123145398660103
14	50	0.007615386054999007
51	53	0.007173773875712608
25	39	0.00682033820192951
23	54	0.006646422071394487
1	12	0.006343344864138567
10	22	0.006306289265221976
10	21	0.006269911681887452
15	37	0.006102435590837452
18	55	0.005444722201404184
27	33	0.005437239289173779
19	25	0.005299333182407384
1	45	0.0052683725842577744
8	52	0.004809666579215777
6	31	0.004741197658085727
12	31	0.004623257460043939
4	6	0.004261608981338205
9	41	0.004228757029071772
7	14	0.004188421281383636
32	52	0.003888959500570721
9	23	0.0038672574444006402
30	36	0.0035406038017261054
29	45	0.00348833187549924
4	46	0.003169169804435823
36	43	0.0029495793655632263
33	41	0.0028840544469854734
12	49	0.002591814752836763
32	37	0.002497812673166233
30	45	0.0021393998322764007
13	41	0.002070371281822525
29	38	0.0018186623426610926
8	20	0.0018015243558714422
4	17	0.001725365108034227
3	8	0.0015803560533030891
3	19	0.0015160761494339425
33	35	0.0013449766009090425
34	37	0.0011819793709780257
52	54	0.0010712534719448108
3	17	0.0010667049214224678
31	55	0.0009567358492623135
21	27	0.0009541138453286746
45	53	0.0009115770732282535
34	49	0.0008416208934984848
10	36	0.000748129895267291
36	55	0.00044377565529496454
5	27	-0.00011099166140926542
36	51	-0.00039548485000556743
29	36	-0.0004963615005293409
33	39	-0.0007086023374293093
5	38	-0.0008324540928965063
2	28	-0.0008510727407346486
4	14	-0.0011223985422320615
18	34	-0.001207720312539018
4	47	-0.0013690781140652808
29	46	-0.0013770537613246314
26	55	-0.0014176613707309604
29	44	-0.0015344245971475323
33	44	-0.0015537603046567594
51	55	-0.0018413343228019796
3	49	-0.0019076278823673687
5	8	-0.0019472854925463579
15	46	-0.001989107839747317
22	31	-0.0020467445227235204
11	42	-0.0022138356134389636
8	41	-0.0022150989704617374
1	56	-0.002592752771532758
2	37	-0.0026389937509952444
30	37	-0.0026540309874662493
9	32	-0.002706450736181809
9	50	-0.0027146639813823703
13	44	-0.002871508126369271
37	45	-0.0029156112526316225
36	50	-0.0032600755565002637
6	12	-0.0032986385483603775
1	37	-0.003393331422455348
35	47	-0.0034095081587168785
31	34	-0.0034302269964848198
31	56	-0.003649524074064825
24	34	-0.003656762792747903
38	47	-0.0036768497150477253
12	28	-0.0037886533332498473
15	30	-0.00483256231395357
12	33	-0.00582526117847898
29	41	-0.005979811251286826
3	23	-0.005983541741631793
9	47	-0.006065386426914676
4	31	-0.006491923624013796
8	26	-0.006546587607081156
14	21	-0.006646379989803941
6	13	-0.006815367840480424
22	52	-0.0068659629434763
6	54	-0.006963408584424291
6	29	-0.00699048226958493
6	50	-0.007005040379708116
10	12	-0.007177356991237394
37	56	-0.007405690616176408
20	35	-0.0077934429592474985
2	9	-0.008011829856811148
23	39	-0.008106643695892368
16	56	-0.008455268151671524
28	48	-0.008631122828026194
19	22	-0.008745054359566073
7	26	-0.008793572752398393
5	52	-0.00891232727692276
12	48	-0.009158346377394377
39	45	-0.00916923078148979
37	55	-0.009181625321089237
11	33	-0.009819485074028356
10	17	-0.009889646284262976
1	33	-0.009933595080537816
10	47	-0.00995033458822664
41	51	-0.010601756800206252
13	25	-0.011014618621767336
10	31	-0.011692511887088253
47	52	-0.011715015740820067
5	10	-0.011750702072320207
4	44	-0.011768354857957297
29	56	-0.012101758815221075
17	49	-0.012111207384157052
8	49	-0.01265726769750014
32	38	-0.012663872213067806
41	43	-0.012725981559614796
40	42	-0.012881118350093146
3	6	-0.013146087059720368
16	49	-0.013340510633080338
25	50	-0.013472311203213294
19	35	-0.013502564396869143
11	37	-0.013550805315741266
3	25	-0.01356720218520735
8	24	-0.013764801765983603
31	54	-0.014231167498481023
39	54	-0.014413645180698209
21	25	-0.014500548731278373
3	31	-0.014640664258604164
18	54	-0.015025890668428799
11	51	-0.015028769372951889
19	21	-0.015206458430129854
39	49	-0.01521967989426476
6	17	-0.015284847095514031
8	23	-0.01548444515187919
1	38	-0.015829225224867405
18	47	-0.015996982925202907
9	16	-0.016047747238091215
31	35	-0.016285972864795717
5	9	-0.016561274236185974
17	43	-0.016655293437605023
49	55	-0.01671791379613602
26	29	-0.016900999898962932
20	39	-0.016906961988142843
41	47	-0.017032897838069716
26	48	-0.01750815396884764
29	53	-0.017518514149604814
24	33	-0.017600150830331507
47	55	-0.018567315448205446
37	54	-0.018928594419061917
14	17	-0.019024449731176007
13	46	-0.019456842325822454
29	30	-0.019787920931458036
9	28	-0.019877372363049373
25	51	-0.01990141240308335
1	55	-0.020264739991992353
32	41	-0.020822496073037766
5	28	-0.020851486145522347
20	23	-0.020872857964952196
4	8	-0.020948209439239696
15	43	-0.02134399886205951
4	30	-0.02162007883883532
1	17	-0.02165482007087771
34	54	-0.021938005224233337
14	47	-0.021968708326145003
5	25	-0.02210363495705603
11	15	-0.02223733501604358
12	30	-0.02235299807259472
32	56	-0.022452879092998423
17	53	-0.022598470345372546
28	31	-0.02266101185238406
7	56	-0.02270233876215305
14	56	-0.023304527498476557
14	44	-0.023535302225618004
24	56	-0.023670379040690193
7	29	-0.02367628485746348
16	44	-0.023824614043135017
13	54	-0.023849453507018836
17	52	-0.023897913723859132
43	48	-0.023911803732681425
28	30	-0.024011007948580465
20	38	-0.024077142690038522
10	55	-0.024128976406250613
2	22	-0.024143498423616405
9	15	-0.024410527574279972
21	43	-0.02444396557899048
13	33	-0.024676180932998504
40	50	-0.024868734582110974
26	38	-0.025333162386314834
29	40	-0.025823982805162404
36	42	-0.025856115977501815
48	53	-0.026076322208823777
31	36	-0.02620713285482501
19	26	-0.02646802992810382
18	53	-0.026470857327135278
9	48	-0.026509147314507098
30	40	-0.026867742471689993
39	56	-0.027028899782352733
11	50	-0.027042738578677006
14	25	-0.02709411135813672
13	24	-0.027096268100541387
11	40	-0.02745863002336635
3	13	-0.02747577528567574
42	55	-0.027526159034893027
26	56	-0.027592924989235323
38	46	-0.027616902679638178
43	51	-0.027900179534737723
33	54	-0.027952098271696757
5	37	-0.028030926812855794
27	44	-0.028079973978942185
14	23	-0.02816131076361378
30	35	-0.028309473076216285
10	42	-0.028442076268288763
28	43	-0.028603835125941834
13	32	-0.028639337534943632
21	28	-0.028711789995229442
46	54	-0.028844596909722298
25	43	-0.02937186123990876
10	19	-0.029998292090013035
2	13	-0.030011428464572498
21	37	-0.030038767789036136
8	12	-0.03024033538344012
10	56	-0.030285856353626572
28	39	-0.030487495506539786
7	28	-0.030492728151548132
18	39	-0.030655631628204894
12	51	-0.031058757505352808
17	45	-0.031116885030228858
3	43	-0.031228537223703834
2	54	-0.03131885872036988
7	53	-0.03150560932348867
3	28	-0.0316298977565333
18	46	-0.031718929008515306
6	32	-0.031842234195333996
38	56	-0.031912152673698124
23	25	-0.03196455713396418
6	35	-0.03199087066081985
14	39	-0.032274660456052706
19	50	-0.032473505448058215
4	9	-0.032684309891781005
2	6	-0.0328883193041532
48	50	-0.03307449006985225
18	52	-0.03310678384811838
17	25	-0.033544030281541126
37	52	-0.033783407008022515
6	25	-0.03387447619499989
25	36	-0.033929431752907246
19	56	-0.03436754019029509
6	53	-0.03446222149640371
43	46	-0.03477313247290015
26	47	-0.0348987810317552
18	30	-0.034920224083212104
5	39	-0.03504821023973709
33	52	-0.03535896199954791
41	50	-0.03545887820147381
8	29	-0.035490489495151434
31	53	-0.03557032637388696
32	35	-0.035618834608721506
3	47	-0.035716315986486113
1	7	-0.035735088478385635
18	37	-0.03581880006800914
15	25	-0.03617152504228066
31	44	-0.03632655947968699
20	54	-0.036531333464676685
28	38	-0.036919249150534184
21	56	-0.0372807015796604
18	32	-0.037330014676835166
33	43	-0.03763888036161489
7	27	-0.03766938077324111
38	51	-0.0377002739782889
5	18	-0.03792675410290608
23	30	-0.03798156878460357
35	43	-0.03815121107911862
20	34	-0.03816210754155103
29	37	-0.03817791519550379
33	38	-0.03849079985504272
22	56	-0.038782400254946336
20	56	-0.038799290449679336
20	21	-0.03884294525261278
19	30	-0.03892776999589842
11	47	-0.038938300819931215
25	32	-0.03908886254260341
15	29	-0.039233416045551306
10	25	-0.03965955988849268
7	41	-0.03973714352590657
43	55	-0.039900194713506476
21	49	-0.03996800045491261
7	12	-0.04029919949221694
7	23	-0.040489325394205744
27	46	-0.04068977380651456
2	16	-0.04083792736532893
22	25	-0.04110847826472935
19	52	-0.04113360690184459
6	19	-0.04118003042066676
6	41	-0.041196631352260094
16	50	-0.0413304127164561
21	42	-0.041419684064530005
5	34	-0.041435624017746975
5	17	-0.041729915500017256
12	43	-0.04183656413517561
30	51	-0.0419027564854666
16	22	-0.042327905660559606
9	31	-0.04239170864654962
13	19	-0.042411254311383206
5	30	-0.04271835081199138
34	35	-0.0427185844033357
35	46	-0.04275742887818634
17	47	-0.042813539428286085
34	39	-0.0431104025008357
28	36	-0.043252336487144216
26	39	-0.04345366202826001
26	28	-0.04432397438129043
22	51	-0.04469363572273144
32	54	-0.04474529057162785
5	23	-0.0452108680335781
12	25	-0.045236770018547534
32	43	-0.04526707800644464
30	32	-0.045328995641544745
47	51	-0.0453509972122042
23	42	-0.045406036870811906
5	56	-0.04555469122090172
40	53	-0.045591197177173526
5	11	-0.045716030511169126
19	34	-0.04576182702810333
12	36	-0.0458197225451496
7	44	-0.04591508652716009
15	41	-0.04596607833247929
47	54	-0.04601758980286813
24	44	-0.046163404106554506
6	26	-0.04618775195341335
47	50	-0.04620267741576295
9	21	-0.046224209056790866
31	45	-0.04624567060224116
3	30	-0.04721570663019553
4	20	-0.047287380577375304
35	37	-0.04741804862470028
50	55	-0.047578607420942
20	25	-0.047727328264390356
4	40	-0.04777767480570777
3	10	-0.04785288875730992
43	47	-0.04791606450303748
23	44	-0.04798854072710601
29	33	-0.04811389158945739
2	32	-0.048146738899131514
2	29	-0.048207066572344914
16	32	-0.04843897858486074
10	32	-0.04844572043876805
9	19	-0.04853590827715565
21	30	-0.048710834292561345
28	35	-0.04873956041894545
38	52	-0.04883406208350183
43	49	-0.04886121687685574
25	47	-0.04896836937146065
17	28	-0.048973368133617134
33	55	-0.049105158451784925
1	6	-0.04916357729788906
7	10	-0.0493133893798714
12	46	-0.04944408269107986
40	41	-0.049586819791413994
47	56	-0.0500637937565408
2	49	-0.05024159561596625
46	48	-0.05039971335641674
27	36	-0.05048324020499029
21	48	-0.050841418994694465
25	37	-0.0510839179928001
13	18	-0.051116115767633974
30	34	-0.05134725728806666
7	42	-0.05152688356280821
24	41	-0.051787714845870025
25	44	-0.051800610557896476
39	50	-0.051814029252941485
23	29	-0.051816902572067336
15	23	-0.051895520662596006
39	44	-0.05199008071482181
26	34	-0.05207213933479288
24	29	-0.05216050261031924
10	53	-0.05298253259453772
12	20	-0.05300340628240857
17	32	-0.05313212322366262
33	49	-0.05320570878871461
15	32	-0.053222634269136204
15	35	-0.05328455980695884
31	48	-0.05336541373109788
30	54	-0.05363654113966937
1	25	-0.05406796245830664
4	22	-0.054098932966315016
11	53	-0.05412892687798543
9	40	-0.05429410104521326
33	36	-0.05436160021695002
4	38	-0.054369688706752406
1	5	-0.0544466296869347
14	16	-0.054796446978762126
14	42	-0.055125700702388925
4	26	-0.05514651806732829
32	47	-0.055239489019505206
45	50	-0.055239854826413026
16	28	-0.055298162916261606
10	30	-0.05532281760924984
10	34	-0.055394460365515596
12	23	-0.05544075830146067
3	21	-0.055475560927656875
9	24	-0.05573860969984129
32	51	-0.05582610051064657
34	45	-0.05587053979198342
8	39	-0.05602664918608069
2	30	-0.05616137150361039
14	54	-0.05617161361978007
2	8	-0.056319633282654935
10	29	-0.05687878020174525
7	9	-0.057337259664922535
32	44	-0.057856219100439865
21	51	-0.058024577548243084
24	48	-0.05810358001769256
11	52	-0.05815344592543503
14	43	-0.05832828018464287
31	52	-0.05850889768994838
28	32	-0.058514128189323555
9	17	-0.058579109773124693
23	53	-0.058601890871704754
26	53	-0.05860565526576178
1	47	-0.05875632660456398
2	31	-0.05882599937467725
25	27	-0.05893770543863103
25	41	-0.0591407174353033
27	51	-0.05919808721134995
17	30	-0.05935670110545527
18	41	-0.05978777784323158
5	29	-0.059831442179394956
14	27	-0.05990039961856841
21	34	-0.059945581364775236
16	30	-0.060412894634910896
2	26	-0.06064332319587323
2	43	-0.060685661065900454
20	44	-0.0607327486295095
23	48	-0.0608971879905309
7	25	-0.06095913826580557
4	16	-0.06143492720909133
20	49	-0.06162530248154746
14	18	-0.06169646597980116
9	14	-0.061711420858114596
28	44	-0.06196638502439883
37	40	-0.06206339960590068
21	52	-0.062080254164422755
27	32	-0.062210624353932986
44	50	-0.06229920386552951
44	55	-0.06246441809005526
27	48	-0.062470415459561834
34	56	-0.06260039010178237
13	48	-0.06264802486380722
8	51	-0.06282650648335902
32	39	-0.06299866746701366
36	54	-0.06300543878475301
48	51	-0.0634172626260307
4	19	-0.06362277364561858
44	48	-0.06392898305794709
47	53	-0.06429118664858086
10	14	-0.06539955849032336
26	54	-0.06543132953386177
25	34	-0.0654940585671196
20	30	-0.06571189192189048
12	38	-0.06576672334286698
7	45	-0.0659239452475725
30	52	-0.06600756154354986
13	16	-0.06604327238307123
36	38	-0.0662721778419556
3	52	-0.06648039564405384
22	37	-0.06677190391213567
4	27	-0.06709497452885255
16	45	-0.06717343456914349
5	50	-0.06734572530743937
16	55	-0.06756426206784011
11	46	-0.06760939586535025
24	53	-0.06788114869119971
12	19	-0.06794011001567252
16	19	-0.06811445909931652
38	54	-0.06830024164471826
8	30	-0.06853512024954761
30	33	-0.06858524558643392
18	31	-0.06859172455824125
2	14	-0.06890715238392114
24	49	-0.06894315656331612
11	41	-0.0690916250613226
33	53	-0.0691801107402999
13	40	-0.06929342264827176
34	48	-0.0693479165282479
35	52	-0.06967093680912217
30	50	-0.0698169892112801
2	36	-0.0698179817380486
46	51	-0.07042277665415453
18	49	-0.07055873602330826
11	30	-0.07072682363148741
40	45	-0.0708216400522032
16	35	-0.07086305969779916
14	53	-0.07121223676368443
36	49	-0.07129146852040874
40	43	-0.071440843408621
15	42	-0.07149619059996054
33	48	-0.07155810801353174
4	21	-0.0715645815161719
5	44	-0.07159534818171848
15	44	-0.07165087631004757
8	45	-0.07185362977514292
42	52	-0.07205793379944919
24	52	-0.07242191731187164
25	35	-0.07257378349268717
34	52	-0.07275365831300229
40	44	-0.07288337154046903
12	34	-0.07315139402031812
7	52	-0.07316331848468388
18	22	-0.07344753757832939
45	54	-0.07346226928686389
23	40	-0.07379286919509637
38	42	-0.07379414655809369
40	55	-0.07394813688714263
14	49	-0.07420059853372707
6	18	-0.0742171486286412
22	43	-0.07427377796339624
1	19	-0.07447121686893704
5	22	-0.07458371211534115
3	34	-0.07466172720973019
19	31	-0.07510715940553686
17	33	-0.07516747985144223
8	35	-0.07518475335662728
16	43	-0.07523409906583545
44	46	-0.07540324160899248
12	35	-0.07547271063491268
10	24	-0.07569401309091622
36	48	-0.07572838923559011
24	39	-0.07591903088896856
8	36	-0.07596646480542568
36	52	-0.07616383399266602
7	15	-0.07619515858552844
5	36	-0.07637021662560989
24	40	-0.07642461469179301
49	56	-0.07654224871031567
25	29	-0.07673032673956715
16	34	-0.07677662036770061
15	48	-0.07678720917196191
8	47	-0.07685719120473633
32	50	-0.07695377475434406
12	18	-0.0777812242971948
32	40	-0.07786947990718196
6	40	-0.07817967203580939
22	55	-0.07844172691996698
18	21	-0.07867586958394768
1	34	-0.07873147333432501
28	45	-0.07985245404535052
28	47	-0.07997736840401981
9	13	-0.08001152385004273
20	43	-0.0802326450447663
45	49	-0.08037971373719194
26	44	-0.08039236898391705
39	42	-0.08053210630900592
33	45	-0.08056419948195587
14	48	-0.08081546320304589
19	33	-0.08094731342090672
22	36	-0.08103748987642456
23	45	-0.08135430682246808
11	38	-0.08142032193100407
39	53	-0.08164344948574614
39	55	-0.0818775320938871
18	40	-0.08193740160395824
9	54	-0.08215491742355291
29	49	-0.08237413167919688
5	33	-0.08291175458552164
6	46	-0.08299882202201847
32	53	-0.08311160361855502
26	45	-0.08315750671162725
16	29	-0.08363209042353642
40	56	-0.08372927762619675
1	27	-0.0842655539386366
21	47	-0.08431113066513257
21	26	-0.08450263869252023
3	29	-0.08458319357706762
18	38	-0.08487606899628403
19	48	-0.08496499297865029
12	41	-0.08503077095254558
17	54	-0.08503158813838801
20	27	-0.0851607742337614
45	51	-0.08524090633283404
22	48	-0.0853283501849259
10	52	-0.08552901987219108
4	23	-0.08558199361213359
3	53	-0.08569415560761251
48	54	-0.08571349277537516
50	56	-0.0858383108658693
2	47	-0.08602311990423123
31	43	-0.08603404094017825
36	44	-0.08605650627006906
4	51	-0.08692921709130691
15	24	-0.08781647334003656
12	54	-0.08783208730686576
21	32	-0.08785555782404975
4	15	-0.08799169088803388
7	35	-0.08826412173342518
48	52	-0.08845938479027382
23	27	-0.08889966748395028
8	31	-0.08900783153517006
26	37	-0.08941733406694952
13	49	-0.08941992817928796
9	29	-0.08956791319685525
2	4	-0.08959692009477271
4	55	-0.0898456814043267
8	42	-0.09003337466622063
7	30	-0.09030026382068956
11	18	-0.0903245164059922
2	48	-0.09041550222932837
16	21	-0.09058095120661047
14	19	-0.09090260594093402
11	54	-0.0909634695663753
2	38	-0.09108637530223446
2	25	-0.0912090507015399
20	29	-0.09146107537111592
27	55	-0.09154282158759064
25	49	-0.0918720696156875
39	43	-0.09202556173620952
10	28	-0.09223615722155337
11	21	-0.09225605838191547
49	54	-0.09227018694245864
4	50	-0.09255845664873097
11	17	-0.09264342625272692
11	48	-0.09293330441931036
27	30	-0.09300340092929854
17	55	-0.09314327344593037
4	36	-0.09358763553747024
13	28	-0.09369104317950921
9	22	-0.09395847689916886
16	53	-0.09411091997470794
4	11	-0.09460198377831647
12	55	-0.09474872732996487
6	23	-0.09477454377586936
23	26	-0.09486684361206726
29	47	-0.09492334951411513
3	12	-0.095077615368868
15	27	-0.09513587726992773
8	46	-0.0951520274800125
6	22	-0.09515456084161605
1	32	-0.09533762277427699
44	47	-0.09545136070013449
14	36	-0.09554067503669472
11	44	-0.09561364504460806
27	50	-0.09562218586845739
8	15	-0.09597675523089855
12	24	-0.09632264379706013
19	44	-0.0963395873789672
13	29	-0.09641159842429492
13	51	-0.09664927318755451
4	52	-0.09674001517022707
17	24	-0.09741895016031893
32	49	-0.09822448164404957
5	42	-0.0987554148272059
20	52	-0.09909190738090129
6	34	-0.09955150016915482
6	55	-0.09957332821129133
9	39	-0.09960284513652906
23	49	-0.09970851004392223
28	49	-0.09990958497526353
27	43	-0.09998723284671196
21	33	-0.10037139976398124
34	51	-0.10037791803617291
21	31	-0.100450578595499
39	47	-0.1007593933195371
46	52	-0.10103317560851544
13	38	-0.10120153484464472
15	54	-0.10121851178995483
15	28	-0.10135255388315895
14	52	-0.10154115424194543
25	38	-0.1016145452861767
4	24	-0.10173270881560381
15	31	-0.1020261598706445
25	56	-0.10204808447536295
16	23	-0.10245536557034879
25	48	-0.1026125603419793
19	40	-0.10266441268247517
15	50	-0.10316415348810493
43	52	-0.10335838146587367
5	26	-0.10341061354099274
35	53	-0.10357989267932755
11	34	-0.1036546502216335
37	47	-0.1037558189260872
22	38	-0.10384339839066559
5	45	-0.10393468226299907
7	18	-0.10416136263432602
14	51	-0.10425217843916379
17	40	-0.10455672539190464
20	24	-0.10457064888348128
7	48	-0.10475046511962544
11	25	-0.10501148251995052
1	51	-0.10507295340423883
9	45	-0.10524221126051736
41	49	-0.10547988902058297
30	42	-0.10584898421358013
25	46	-0.10597012182789833
2	17	-0.10623841501719661
11	56	-0.10630416074180365
5	16	-0.10644592499236338
16	18	-0.1064593001402166
11	39	-0.10770129652299598
4	33	-0.10813228848167539
1	11	-0.10826507012333625
3	39	-0.10853536555970811
43	56	-0.1086942042177324
6	45	-0.10899398267186683
23	52	-0.109093712984277
39	51	-0.11001081140969143
23	34	-0.11007456580388114
26	40	-0.11010913547849782
3	37	-0.110351219905372
33	56	-0.11052531031154122
10	45	-0.11052617164506484
20	37	-0.11062973836564555
15	40	-0.11075849251362985
11	31	-0.1109960174162542
24	54	-0.1112438887301282
31	49	-0.1112674628949184
16	40	-0.11151003014901711
2	52	-0.11168450614560627
13	35	-0.11203111370881402
31	33	-0.1121894473587533
14	22	-0.11228606852796424
25	54	-0.1126304720927157
37	51	-0.1126778612416125
8	55	-0.11267871380470462
18	36	-0.11302112150157656
24	43	-0.11386835891605257
8	34	-0.114149322942382
12	22	-0.11422248055826617
17	34	-0.11459952706013915
8	19	-0.11525835960294922
26	51	-0.11539240413125845
38	44	-0.11551274243889503
3	24	-0.11579275667442213
2	7	-0.1160666895890613
38	55	-0.11639727756725254
17	38	-0.11673327247821907
14	35	-0.11679910853476877
22	40	-0.11696143438699036
5	31	-0.11715321655421151
11	23	-0.11716539372280355
9	35	-0.11729167040961569
35	45	-0.1174546716798251
23	47	-0.11769504141483933
13	30	-0.11770509721611205
3	41	-0.11780244376174248
48	55	-0.11781613444176203
27	49	-0.11809515462140419
4	39	-0.1182818499413919
1	16	-0.11843651594031557
4	29	-0.1190956414767183
7	11	-0.11937912931523331
11	29	-0.11968377900673144
12	52	-0.12004605366332671
18	51	-0.12043799428537444
20	33	-0.12099852099007458
9	43	-0.12104112675779455
19	38	-0.12132316971225315
19	42	-0.12132900837701155
6	49	-0.12145169052556104
24	55	-0.12170672512570935
3	7	-0.12275229952573824
15	36	-0.1231938919742161
1	9	-0.12336205693988866
40	51	-0.12350179073884715
15	20	-0.12360169219581124
26	49	-0.12430044217967062
32	46	-0.1244613920931591
19	24	-0.12475619200173926
5	19	-0.1251043516122966
18	45	-0.12515162922325856
16	27	-0.12529953965824359
1	52	-0.12581927422107825
25	55	-0.12621885595290566
5	41	-0.12644777230681659
22	50	-0.1268216132437608
44	49	-0.1273167097007165
30	44	-0.1275631664470494
33	51	-0.12782645552152805
6	27	-0.12808656324522172
6	48	-0.12816165166655624
31	42	-0.12848257346899067
23	38	-0.1285505120508479
3	22	-0.12884431704865795
16	52	-0.12895311107357776
16	51	-0.1292163137379675
8	48	-0.12989255289399926
28	50	-0.13000558883620378
6	15	-0.13015394885600445
13	56	-0.1303617967164018
1	50	-0.13042050204358202
26	42	-0.13048589272009442
10	50	-0.13060374487737253
27	35	-0.13095725864790048
24	35	-0.13152986388816978
17	42	-0.13178494869149332
11	35	-0.1322395320405046
34	42	-0.13230969419760008
11	14	-0.1325640259421908
23	36	-0.13280237276113382
7	31	-0.13308722541180257
18	50	-0.1334231343339573
7	22	-0.1336302276132203
20	55	-0.13372263110329513
6	20	-0.13407679719347432
1	31	-0.1341819808582329
17	44	-0.13424537590702307
22	45	-0.13446603041751815
12	32	-0.13462043944685276
6	16	-0.1348673551769765
12	53	-0.1351734427757918
3	27	-0.13517701395123982
26	52	-0.13518803964435894
10	41	-0.13539342636072915
30	38	-0.135512755461347
7	24	-0.13571580677323936
14	37	-0.13601284489578136
1	15	-0.13615393576956253
43	50	-0.1364422049437352
41	46	-0.13686815529369845
26	43	-0.1370007051692554
42	48	-0.13733060709122025
34	41	-0.1373636777370315
10	54	-0.1374794553692828
12	26	-0.13805785743673477
16	36	-0.13832489302613565
18	44	-0.1384502803126792
9	36	-0.14102019138939498
25	31	-0.14109635533599152
32	48	-0.14120004887729265
14	31	-0.14136184116660722
3	16	-0.1415896134964698
21	36	-0.14170153746285657
13	26	-0.14183239326628821
20	32	-0.1420100496565989
13	45	-0.14205067774952618
24	28	-0.1428943093632571
11	43	-0.1429524835184367
8	43	-0.14322922728554166
32	45	-0.14341619858589438
20	47	-0.14379144321539727
12	14	-0.14382724015666787
42	53	-0.14412948963903482
10	51	-0.1445279614598688
20	50	-0.1446160486344314
5	13	-0.1447038512736642
6	21	-0.144867909812257
9	18	-0.1449802790121868
7	20	-0.14509860123801693
7	36	-0.14538676804465767
6	33	-0.1454481003139969
29	32	-0.14610284191249379
25	40	-0.14621473502361365
13	36	-0.1469889746960571
40	47	-0.14719123569587006
10	23	-0.14757321704940135
2	12	-0.14816781557925707
21	39	-0.14822804936500722
21	54	-0.1482747946690557
5	55	-0.1482982079777938
46	56	-0.1484426278485555
42	49	-0.14930123746567958
28	41	-0.14932620840192357
24	51	-0.15044177428873207
5	46	-0.15108492103693738
2	19	-0.15135532909975158
18	33	-0.15173925511181957
13	22	-0.1518196649618751
50	53	-0.1525293393005775
4	13	-0.15264448224819188
14	55	-0.15284659473321027
29	39	-0.15349193777542025
31	51	-0.1536898729211647
23	50	-0.1555700107703193
5	47	-0.1560171974938796
24	46	-0.15630083077286389
10	49	-0.15630191533048288
19	55	-0.1568574671476634
26	31	-0.15743395003991406
13	50	-0.1581868306957675
9	12	-0.15879208382703425
1	18	-0.16050017757261287
2	42	-0.16114048089070843
8	13	-0.16200042425846084
2	23	-0.1621754951313955
34	44	-0.162494786132314
37	46	-0.16311236716224914
28	55	-0.16383554957427876
2	51	-0.16399379488792076
3	42	-0.16576427844313485
1	46	-0.16677435393191004
7	37	-0.16690113102620063
6	30	-0.16721749048678552
7	55	-0.1677719260270908
13	31	-0.16778430958070945
15	45	-0.16813347570280773
24	50	-0.16822587476476164
22	41	-0.16839868944413627
28	52	-0.16840262867735312
34	53	-0.16870429459808062
14	28	-0.16894513988311416
27	31	-0.16945517144341066
8	40	-0.1702548311443211
17	37	-0.17036831602328445
4	41	-0.17053355763398753
13	17	-0.17133544652119692
27	56	-0.17135342952757993
9	25	-0.1714375400332428
42	50	-0.1717160717603839
4	48	-0.1726086646302426
8	17	-0.17407527279260615
23	37	-0.17442868554819213
8	54	-0.17516648615358366
38	49	-0.1753236974786993
12	42	-0.17544607371267307
1	3	-0.17549212451127144
4	43	-0.1759478130752652
15	33	-0.17691297843898757
43	53	-0.1769828814656434
9	44	-0.17702923349416871
13	55	-0.17754591968893385
26	41	-0.177952451154685
29	35	-0.17853965550102802
12	47	-0.1787691502024411
17	36	-0.1792847200568909
9	38	-0.18087804269702634
44	54	-0.181212359414
4	34	-0.1819264986618918
35	39	-0.182385969224245
1	53	-0.18240071311739747
6	39	-0.1828872229581226
9	37	-0.18341031976668548
3	40	-0.18377493729698857
51	54	-0.18618079368898865
13	34	-0.18638785017126097
39	41	-0.18739779495819192
42	56	-0.18763529846501253
7	43	-0.18824358774187677
9	26	-0.18835029385806867
3	15	-0.18929531499744745
23	46	-0.1893356131754227
22	33	-0.18998425683062198
21	44	-0.19010030140414996
6	14	-0.19033470476224262
23	28	-0.19107723061124632
29	48	-0.191342144329598
1	24	-0.19312318263880207
22	27	-0.19338774218678506
20	42	-0.19340999083597815
2	53	-0.1944131903727484
27	41	-0.19554593195181996
19	51	-0.19631654699585138
14	34	-0.19654852498445324
23	43	-0.1970841507889885
2	40	-0.1974769444511501
8	14	-0.1983173381681318
3	38	-0.1984563424208866
37	49	-0.19852789318759062
8	27	-0.20295126339486302
7	54	-0.2055311386975498
52	56	-0.20740131371730713
22	54	-0.21340456487378995
16	48	-0.21492923173341366
25	42	-0.2155664869298779
3	48	-0.21619531436611994
5	32	-0.21636075879805305
8	18	-0.21887802853380128
6	47	-0.2202145622783076
3	45	-0.22060052017718484
10	38	-0.22241017583125677
10	46	-0.22429063524473075
15	56	-0.22759760722091238
38	53	-0.22906711463596502
15	51	-0.2313156155278106
7	50	-0.24060326125063286
34	46	-0.24152127439876675
22	47	-0.24413995287203533
10	37	-0.24429376122748786
19	54	-0.24669154467969695
15	22	-0.25113281988889335
39	46	-0.2520470836828102
8	53	-0.2530534861616056
50	52	-0.25501596665285214
30	47	-0.27081886472001165
10	35	-0.2714360364824149
28	51	-0.28308642534708833