#==========================================================================
# The first and second rows contain site pairs (i, j) such that j > i
# The third row contains coevolutionary scores obtained 
# using plmDCA-pydca algorithm.
# Note that in this data sites are counted/labelled starting from 1
#==========================================================================
64	68	0.025843095333605924
33	36	0.024771858577413663
1	2	0.02469781458004654
64	66	0.022340847602330193
12	14	0.022321243895180667
7	9	0.02150742572943796
8	15	0.021448565654889312
5	6	0.021412569829700297
3	10	0.021268347147988198
4	10	0.021268343089274677
3	4	0.021268340935836655
9	15	0.021254011053411386
14	15	0.021065804225233898
12	15	0.021065803789368353
64	75	0.020983597178628584
16	33	0.020492918679553697
68	75	0.019965219423767253
7	15	0.01984241598011021
8	14	0.01928514593867157
8	12	0.01928514549898717
3	7	0.018827498660162686
4	7	0.018827498335997655
7	10	0.018827497131956104
3	8	0.01839771360864787
4	8	0.01839770956768673
8	10	0.018397708395195014
16	36	0.017932798220204237
60	64	0.017694049165726748
55	57	0.017269922554653733
56	57	0.0172699197272968
55	56	0.017269919241934644
62	64	0.01722023381718326
70	73	0.016690885845683418
73	74	0.016494193422821258
70	72	0.01648940659759746
11	13	0.01638718326619283
55	63	0.01591841440234318
57	63	0.015918411187944514
56	63	0.0159184078777268
5	11	0.015851704210119305
5	13	0.01585170416340039
9	11	0.01581889566194604
9	13	0.01581889189013098
11	14	0.015667011138261792
13	14	0.015667011091599757
12	13	0.015667006896312424
11	12	0.015667003217684158
7	8	0.01562952579257567
61	64	0.015611580773318416
72	73	0.015590319886044243
6	11	0.015374401174461438
6	13	0.015374401128287241
57	65	0.015218351015025024
55	65	0.015218350584505928
56	65	0.01521834769693219
5	9	0.015079151846390533
67	70	0.015010773978211895
5	14	0.014931125258063224
5	12	0.014931124802553784
9	12	0.014875177429600261
9	14	0.014875174157926416
70	74	0.014868118475805783
4	11	0.014805523085071055
4	13	0.014805523037439174
10	11	0.01480552183174564
10	13	0.014805521784113755
3	11	0.014805519697214522
3	13	0.01480551964958264
7	11	0.014799437238135715
7	13	0.014799437191826425
11	15	0.014651143873233647
13	15	0.014651143828529493
60	66	0.014620132392667198
6	9	0.014525140025417948
60	62	0.014457972581114604
6	14	0.014376723175278414
6	12	0.01437671899978965
66	68	0.014372370489664024
67	73	0.014348721087554247
67	72	0.014168455466510545
4	5	0.014138162943773618
5	10	0.014138161729081795
3	5	0.01413815954551573
9	10	0.014095646822414373
3	9	0.014095644632441288
4	9	0.014095644306767942
63	65	0.013991855731733345
59	64	0.013949670257792063
5	7	0.01394059112981427
10	14	0.013939940388490231
3	14	0.013939938203047203
4	14	0.013939937876412935
3	12	0.013939937738636301
4	12	0.01393993741200203
10	12	0.013939936198789003
64	69	0.013920364208574315
7	12	0.013723323358142716
7	14	0.013723320084368006
72	74	0.013670430458195215
62	66	0.01366579292065635
5	15	0.013602438129694784
59	62	0.013588932516200945
37	38	0.013552131805332723
35	37	0.013552129251407842
35	38	0.013552129251407842
4	6	0.013541253521477538
6	10	0.013541248595658011
3	6	0.013541246394116344
60	61	0.013364846021859767
6	7	0.013282948221723736
71	74	0.013037869062494465
64	71	0.012910791004855676
61	62	0.012884185626979058
6	15	0.012870700020366926
61	66	0.01281527781241126
2	11	0.012802573585034612
2	13	0.012802573537035511
1	11	0.012802573440420139
1	13	0.012802573392421038
60	68	0.0127558925033407
8	11	0.012747091140776233
8	13	0.012747091095680403
68	69	0.012662010060600044
67	74	0.012637997742538955
10	15	0.012614974925686844
3	15	0.012614972675633773
4	15	0.012614968637414369
62	68	0.012569837054930696
41	42	0.012446949114615871
40	42	0.012224141242636707
40	41	0.012224140397091913
56	58	0.01215704413710746
57	58	0.012157043742415427
55	58	0.012157039714234971
2	5	0.012134906178086054
1	5	0.012134906037929303
55	59	0.012100030050238231
56	59	0.01210002710185758
57	59	0.012100026700086457
2	9	0.01209661060689994
1	9	0.012096610467325648
59	65	0.011991827494808434
2	14	0.011951678208882526
1	14	0.011951678068896406
2	12	0.011951677740891231
1	12	0.011951677600905111
34	35	0.011923867144037533
34	37	0.011923862305644566
34	38	0.011923862305644566
42	43	0.011888306858122574
41	43	0.011888306003066902
58	68	0.011772661131929502
59	60	0.01174111834320456
66	75	0.011694284557122344
44	50	0.011685785097404193
50	53	0.011685778233481502
44	53	0.011685777978412849
47	50	0.011685777978412849
50	51	0.011685777901892253
50	52	0.011685777901892253
48	50	0.011685777825371658
44	47	0.011685777723344188
46	50	0.011685777697837331
44	51	0.011685777646823596
44	52	0.011685777646823596
49	50	0.011685777646823596
47	53	0.011685774584711796
51	53	0.011685774508191204
52	53	0.011685774508191204
48	53	0.011685774431670608
46	53	0.011685774304136282
47	51	0.01168577425312255
47	52	0.01168577425312255
49	53	0.01168577425312255
51	52	0.011685774176601955
47	48	0.011685774176601948
48	51	0.01168577410008136
48	52	0.01168577410008136
46	47	0.011685774049067621
47	49	0.01168577399805389
46	51	0.011685773972547032
46	52	0.011685773972547032
49	51	0.011685773921533298
49	52	0.011685773921533298
46	48	0.01168577389602643
48	49	0.011685773845012699
44	48	0.011685773845012695
44	46	0.011685773717478372
46	49	0.011685773717478372
44	49	0.011685773666464637
5	8	0.011672280222138013
8	9	0.011593581905169376
69	75	0.01158992008397652
40	43	0.011580429015420637
70	71	0.011560438164678433
2	6	0.011476334106678518
1	6	0.011476333968155915
68	71	0.011475893367602429
66	69	0.01120161033496109
59	63	0.011013820055481512
58	63	0.010983557659978396
2	10	0.010947212210286328
1	10	0.010947212067390657
2	3	0.010947210068966543
1	3	0.010947209926070883
2	4	0.0109472097329728
1	4	0.010947209590077136
47	54	0.010921714549618905
51	54	0.010921714473363566
52	54	0.010921714473363566
53	54	0.010921711078513082
50	54	0.010921710748073268
48	54	0.010921710671817922
46	54	0.010921710544725686
44	54	0.010921710493888789
49	54	0.010921710493888789
2	7	0.010837789989151927
1	7	0.010837789850224055
6	8	0.01077271861530165
61	68	0.010642540409425964
64	67	0.010639946838149568
59	68	0.010611470044683383
64	65	0.010594392879826102
71	73	0.010579304771716796
1	15	0.010576724910169494
2	15	0.01057672131899167
59	61	0.010385321921648389
71	72	0.010287929612693252
60	75	0.010224766334067558
62	75	0.010115438055359749
66	71	0.010028516477612714
69	70	0.009746230497541735
45	53	0.009724429975458967
45	50	0.009724429647370265
45	46	0.009724429445469526
45	49	0.009724429394994339
45	47	0.00972442599779274
45	51	0.009724425922079966
45	52	0.009724425922079966
45	48	0.009724425846367186
44	45	0.009724425669704037
58	65	0.009504157956760458
41	53	0.00942445574146546
41	50	0.009424455409022748
41	44	0.009424455153297581
42	53	0.009424452883408575
42	47	0.009424452627683415
42	50	0.009424452550965873
42	51	0.009424452550965873
42	52	0.009424452550965873
42	48	0.009424452474248321
42	46	0.009424452346385746
42	44	0.009424452295240714
42	49	0.009424452295240714
41	47	0.009424451760449992
41	51	0.00942445168373245
41	52	0.00942445168373245
41	48	0.009424451607014894
41	46	0.009424451479152319
41	49	0.009424451428007283
67	71	0.009411730257134047
65	68	0.009388118179420955
58	75	0.009379014350227557
57	62	0.009309995867621938
56	62	0.009309992533338186
55	62	0.009309991877055113
60	69	0.009253292691914647
40	53	0.009145098220300626
40	47	0.009145097971610974
40	50	0.009145097897004087
40	51	0.009145097897004087
40	52	0.009145097897004087
40	48	0.009145097822397186
40	46	0.009145097698052367
40	44	0.009145097648314438
40	49	0.009145097648314438
59	66	0.009101920039783822
39	42	0.008960660719706914
39	41	0.008960659861531575
56	64	0.008877035320667671
57	64	0.008877034952689624
55	64	0.008877031197148937
45	54	0.008860324714269192
62	65	0.008831362045517124
42	54	0.008792740755333754
41	54	0.008792739891106537
62	69	0.008789200016618266
43	53	0.008781507512006157
43	47	0.00878150726051919
43	50	0.008781507185073107
43	51	0.008781507185073107
43	52	0.008781507185073107
43	48	0.008781507109627013
43	46	0.008781506983883535
43	44	0.00878150693358614
43	49	0.00878150693358614
66	67	0.008755477223744004
39	40	0.00869942784937195
69	73	0.008698107834731843
40	54	0.008479633106760396
39	43	0.008419398734997221
71	75	0.008410002916070726
69	72	0.008370041751048576
59	75	0.008350079248553997
62	63	0.0083382621005972
56	68	0.008313436568896448
57	68	0.008313436181766016
55	68	0.008313428505468064
2	8	0.008259895024656991
1	8	0.008259894889369481
43	54	0.008098686182606615
60	71	0.008039884946903459
64	70	0.007981451451962412
57	60	0.007923953093475874
56	60	0.007923949763238406
55	60	0.007923949061613176
61	75	0.007836065559001515
67	69	0.0077115874188285645
58	64	0.00762585947071626
41	45	0.007621975277267275
42	45	0.007621972410055116
40	72	0.007570180915134166
61	69	0.00754554910612102
62	71	0.0074928225030365045
37	39	0.007379735799106824
38	39	0.007379735799106824
35	39	0.007379729509586982
65	66	0.007263548767674412
64	74	0.00724205444374847
40	45	0.00723687528752244
65	75	0.0072362723571042994
60	65	0.007225398960371519
58	69	0.007146912819765851
64	73	0.00703118682283984
60	63	0.007011471547535741
45	67	0.006986608068225063
56	61	0.006875024669367541
57	61	0.006875024286176517
55	61	0.006875024100664304
43	45	0.0068469343285175455
64	72	0.006745476644087915
34	43	0.0067292651700913975
45	58	0.006702345235695684
17	36	0.00655184257913935
19	36	0.00655184257913935
20	36	0.00655184257913935
26	36	0.006551842134401943
27	36	0.006551842134401943
28	36	0.006551842134401943
29	36	0.006551842134401943
31	36	0.006551842134401943
36	77	0.0065518390232728214
36	79	0.0065518390232728214
36	82	0.006551839002094849
36	84	0.006551839002094849
21	36	0.0065518387035705325
36	80	0.006551838409111645
36	83	0.006551838409111645
36	76	0.00655183800774654
36	78	0.006551837986568568
36	81	0.0065518377747888525
30	36	0.00655183747728089
32	36	0.006551836885314043
18	36	0.00655183686413607
22	36	0.006551834657561581
23	36	0.006551834657561581
24	36	0.006551834657561581
25	36	0.006551834657561581
63	64	0.006480948010760601
21	76	0.006470357766485545
21	78	0.006470357747608561
21	81	0.006470357558838721
77	80	0.006470356344186617
77	83	0.006470356344186617
79	80	0.006470356344186617
79	83	0.006470356344186617
80	82	0.006470356325309633
80	84	0.006470356325309633
82	83	0.006470356325309633
83	84	0.006470356325309633
17	80	0.006470356193170771
17	83	0.006470356193170771
19	80	0.006470356193170771
19	83	0.006470356193170771
20	80	0.006470356193170771
20	83	0.006470356193170771
26	80	0.006470355796754184
26	83	0.006470355796754184
27	80	0.006470355796754184
27	83	0.006470355796754184
28	80	0.006470355796754184
28	83	0.006470355796754184
29	80	0.006470355796754184
29	83	0.006470355796754184
31	80	0.006470355796754184
31	83	0.006470355796754184
80	83	0.006470355796754184
32	76	0.0064703555386523455
18	76	0.006470355519775366
32	78	0.006470355519775366
30	77	0.006470355513599504
30	79	0.006470355513599504
18	78	0.006470355500898386
30	82	0.0064703554947225204
30	84	0.0064703554947225204
32	81	0.006470355331005567
18	81	0.006470355312128584
26	76	0.006470355236620682
27	76	0.006470355236620682
28	76	0.006470355236620682
29	76	0.006470355236620682
31	76	0.006470355236620682
76	80	0.006470355236620682
76	83	0.006470355236620682
26	78	0.006470355217743702
27	78	0.006470355217743702
28	78	0.006470355217743702
29	78	0.006470355217743702
31	78	0.006470355217743702
78	80	0.006470355217743702
78	83	0.006470355217743702
26	81	0.0064703550289739
27	81	0.0064703550289739
28	81	0.0064703550289739
29	81	0.0064703550289739
31	81	0.0064703550289739
80	81	0.0064703550289739
81	83	0.0064703550289739
77	79	0.006470355028973879
77	82	0.0064703550100968996
77	84	0.0064703550100968996
79	82	0.0064703550100968996
79	84	0.0064703550100968996
17	21	0.006470354997745165
19	21	0.006470354997745165
20	21	0.006470354997745165
82	84	0.00647035499121992
26	30	0.006470354966167043
27	30	0.006470354966167043
28	30	0.006470354966167043
29	30	0.006470354966167043
30	31	0.006470354966167043
30	80	0.006470354966167043
30	83	0.006470354966167043
21	32	0.006470354903360245
18	21	0.006470354884483262
17	77	0.006470354877958041
17	79	0.006470354877958041
19	77	0.006470354877958041
19	79	0.006470354877958041
20	77	0.006470354877958041
20	79	0.006470354877958041
17	82	0.006470354859081061
17	84	0.006470354859081061
19	82	0.006470354859081061
19	84	0.006470354859081061
20	82	0.006470354859081061
20	84	0.006470354859081061
32	77	0.006470354783573145
32	79	0.006470354783573145
18	77	0.006470354764696162
18	79	0.006470354764696162
32	82	0.006470354764696162
32	84	0.006470354764696162
18	82	0.006470354745819182
18	84	0.006470354745819182
17	19	0.006470354726942202
17	20	0.006470354726942202
19	20	0.006470354726942202
76	78	0.006470354657610099
17	32	0.006470354632557303
19	32	0.006470354632557303
20	32	0.006470354632557303
18	19	0.006470354613680323
18	20	0.006470354613680323
17	18	0.0064703546136803194
21	80	0.006470354601328502
21	83	0.006470354601328502
26	77	0.0064703544815414675
26	79	0.0064703544815414675
27	77	0.0064703544815414675
27	79	0.0064703544815414675
28	77	0.0064703544815414675
28	79	0.0064703544815414675
29	77	0.0064703544815414675
29	79	0.0064703544815414675
31	77	0.0064703544815414675
31	79	0.0064703544815414675
76	81	0.006470354468840311
26	82	0.006470354462664484
26	84	0.006470354462664484
27	82	0.006470354462664484
27	84	0.006470354462664484
28	82	0.006470354462664484
28	84	0.006470354462664484
29	82	0.006470354462664484
29	84	0.006470354462664484
31	82	0.006470354462664484
31	84	0.006470354462664484
78	81	0.0064703544499633316
17	26	0.006470354330525622
17	27	0.006470354330525622
17	28	0.006470354330525622
17	29	0.006470354330525622
17	31	0.006470354330525622
19	26	0.006470354330525622
19	27	0.006470354330525622
19	28	0.006470354330525622
19	29	0.006470354330525622
19	31	0.006470354330525622
20	26	0.006470354330525622
20	27	0.006470354330525622
20	28	0.006470354330525622
20	29	0.006470354330525622
20	31	0.006470354330525622
26	32	0.006470354236140723
27	32	0.006470354236140723
28	32	0.006470354236140723
29	32	0.006470354236140723
31	32	0.006470354236140723
32	80	0.006470354236140723
32	83	0.006470354236140723
18	26	0.006470354217263739
18	27	0.006470354217263739
18	28	0.006470354217263739
18	29	0.006470354217263739
18	31	0.006470354217263739
18	80	0.006470354217263739
18	83	0.006470354217263739
22	30	0.00647035409199884
23	30	0.00647035409199884
24	30	0.00647035409199884
25	30	0.00647035409199884
22	23	0.0064703540484143535
22	24	0.0064703540484143535
22	25	0.0064703540484143535
23	24	0.0064703540484143535
23	25	0.0064703540484143535
24	25	0.0064703540484143535
26	27	0.006470353934109035
26	28	0.006470353934109035
26	29	0.006470353934109035
26	31	0.006470353934109035
27	28	0.006470353934109035
27	29	0.006470353934109035
27	31	0.006470353934109035
28	29	0.006470353934109035
28	31	0.006470353934109035
29	31	0.006470353934109035
76	77	0.00647035392140792
76	79	0.00647035392140792
78	79	0.006470353902530944
76	82	0.0064703539025309405
76	84	0.0064703539025309405
77	78	0.0064703539025309405
78	82	0.006470353883653964
78	84	0.006470353883653964
21	30	0.006470353770741205
17	76	0.006470353770392092
19	76	0.006470353770392092
20	76	0.006470353770392092
17	78	0.006470353751515109
19	78	0.006470353751515109
20	78	0.006470353751515109
21	22	0.006470353727159154
21	23	0.006470353727159154
21	24	0.006470353727159154
21	25	0.006470353727159154
77	81	0.0064703537137611455
79	81	0.0064703537137611455
81	82	0.006470353694884166
81	84	0.006470353694884166
17	81	0.00647035356274531
19	81	0.00647035356274531
20	81	0.00647035356274531
17	30	0.006470353499938505
19	30	0.006470353499938505
20	30	0.006470353499938505
17	22	0.00647035345635805
17	23	0.00647035345635805
17	24	0.00647035345635805
17	25	0.00647035345635805
19	22	0.00647035345635805
19	23	0.00647035345635805
19	24	0.00647035345635805
19	25	0.00647035345635805
20	22	0.00647035345635805
20	23	0.00647035345635805
20	24	0.00647035345635805
20	25	0.00647035345635805
22	32	0.006470353361973099
23	32	0.006470353361973099
24	32	0.006470353361973099
25	32	0.006470353361973099
18	22	0.006470353343096109
18	23	0.006470353343096109
18	24	0.006470353343096109
18	25	0.006470353343096109
21	77	0.0064703532861158895
21	79	0.0064703532861158895
21	82	0.006470353267238903
21	84	0.006470353267238903
22	80	0.006470353059941255
22	83	0.006470353059941255
23	80	0.006470353059941255
23	83	0.006470353059941255
24	80	0.006470353059941255
24	83	0.006470353059941255
25	80	0.006470353059941255
25	83	0.006470353059941255
21	26	0.006470352738683353
21	27	0.006470352738683353
21	28	0.006470352738683353
21	29	0.006470352738683353
21	31	0.006470352738683353
18	32	0.006470352656650271
30	76	0.006470352543388461
30	78	0.006470352524511478
22	76	0.006470352499808426
23	76	0.006470352499808426
24	76	0.006470352499808426
25	76	0.006470352499808426
22	78	0.006470352480931436
23	78	0.006470352480931436
24	78	0.006470352480931436
25	78	0.006470352480931436
30	81	0.006470352335741666
22	81	0.006470352292161533
23	81	0.006470352292161533
24	81	0.006470352292161533
25	81	0.006470352292161533
22	77	0.0064703517447288195
22	79	0.0064703517447288195
23	77	0.0064703517447288195
23	79	0.0064703517447288195
24	77	0.0064703517447288195
24	79	0.0064703517447288195
25	77	0.0064703517447288195
25	79	0.0064703517447288195
22	82	0.006470351725851829
22	84	0.006470351725851829
23	82	0.006470351725851829
23	84	0.006470351725851829
24	82	0.006470351725851829
24	84	0.006470351725851829
25	82	0.006470351725851829
25	84	0.006470351725851829
30	32	0.0064703515429084466
18	30	0.006470351524031463
22	26	0.006470351197296106
22	27	0.006470351197296106
22	28	0.006470351197296106
22	29	0.006470351197296106
22	31	0.006470351197296106
23	26	0.006470351197296106
23	27	0.006470351197296106
23	28	0.006470351197296106
23	29	0.006470351197296106
23	31	0.006470351197296106
24	26	0.006470351197296106
24	27	0.006470351197296106
24	28	0.006470351197296106
24	29	0.006470351197296106
24	31	0.006470351197296106
25	26	0.006470351197296106
25	27	0.006470351197296106
25	28	0.006470351197296106
25	29	0.006470351197296106
25	31	0.006470351197296106
61	71	0.006429598515350771
54	63	0.0064154779617229644
58	60	0.006344933664829883
63	68	0.006340871958625118
74	75	0.006324128256626604
59	69	0.006300084953626373
57	75	0.006270092813050243
56	75	0.006270091324567982
55	75	0.006270090857032985
39	47	0.00621589431680571
39	51	0.006215894241084364
39	52	0.006215894241084364
39	46	0.006215894039160751
39	49	0.0062158939886798464
39	53	0.006215890843919929
39	50	0.006215890515794065
39	48	0.006215890440072706
39	44	0.006215890263389548
60	67	0.0061915776466700614
69	74	0.00612799857200548
61	65	0.006046772758405629
61	63	0.006036026073396521
45	70	0.006011149362997292
16	76	0.005998923988368134
16	78	0.00599892396706829
16	81	0.0059989237540698445
16	32	0.005998922859476372
16	18	0.005998922838176525
16	80	0.005998922518678857
16	83	0.005998922518678857
16	30	0.005998921581485694
16	77	0.0059989212737292
16	79	0.0059989212737292
16	82	0.005998921252429356
16	84	0.005998921252429356
16	17	0.005998921103330446
16	19	0.005998921103330446
16	20	0.005998921103330446
16	21	0.0059989209307491805
16	26	0.005998920656033708
16	27	0.005998920656033708
16	28	0.005998920656033708
16	29	0.005998920656033708
16	31	0.005998920656033708
16	22	0.005998916850737682
16	23	0.005998916850737682
16	24	0.005998916850737682
16	25	0.005998916850737682
33	77	0.005873523283622565
33	79	0.005873523283622565
33	82	0.00587352326177281
33	84	0.00587352326177281
26	33	0.005873522649979687
27	33	0.005873522649979687
28	33	0.005873522649979687
29	33	0.005873522649979687
31	33	0.005873522649979687
17	33	0.005873521246179382
19	33	0.005873521246179382
20	33	0.005873521246179382
32	33	0.005873521136930609
18	33	0.005873521115080854
21	33	0.005873520972964608
33	76	0.005873520432322445
33	78	0.005873520410472691
33	81	0.005873520191975148
33	80	0.005873518924689389
33	83	0.005873518924689389
30	33	0.005873517963300191
22	33	0.005873516739528253
23	33	0.005873516739528253
24	33	0.005873516739528253
25	33	0.005873516739528253
34	69	0.005849417175840341
66	70	0.005836650663741075
45	73	0.005798883349477497
54	56	0.005762285655874503
54	57	0.005762285223760894
54	55	0.005762284538950547
66	74	0.005740924435388501
56	66	0.005713830110491952
57	66	0.005713829723932893
55	66	0.005713825778756617
58	71	0.005706419551390875
58	59	0.0056804584552096055
35	42	0.005646671259683496
35	41	0.0056466703938917
37	42	0.005646670083347776
38	42	0.005646670083347776
37	41	0.0056466692175559455
38	41	0.0056466692175559455
35	40	0.005611203094650567
37	40	0.005611201950678196
38	40	0.005611201950678196
45	72	0.005608912865934675
39	54	0.005603798067113672
58	66	0.005569392945227732
54	67	0.005511164971046093
50	63	0.0054448509438848325
53	63	0.005444847536002977
47	63	0.005444847291842636
51	63	0.005444847218594534
52	63	0.005444847218594534
48	63	0.005444847145346432
44	63	0.005444846974434189
46	63	0.005444839572685663
49	63	0.005444839523853592
39	63	0.00541997006987599
35	43	0.00534574328484309
37	43	0.005345742128003057
38	43	0.005345742128003057
73	75	0.005332647529373638
68	70	0.005264501974261242
62	67	0.005235632249525286
61	67	0.0051238603194020925
58	61	0.004989265755728462
68	74	0.004952663992759489
59	71	0.0048986391489838285
63	66	0.004862091289436321
53	55	0.0048507664253119795
47	55	0.004850766182623031
50	55	0.00485076610981635
51	55	0.00485076610981635
52	55	0.00485076610981635
48	55	0.004850766037009666
46	55	0.004850762190374898
44	55	0.004850762141837106
49	55	0.004850762141837106
53	56	0.004850760108498893
47	56	0.004850759865809989
50	56	0.004850759793003319
51	56	0.004850759793003319
52	56	0.004850759793003319
48	56	0.0048507597201966485
53	57	0.0048507596748821845
46	56	0.004850759598852197
44	56	0.004850759550314415
49	56	0.004850759550314415
47	57	0.004850759432193274
50	57	0.004850759359386607
51	57	0.004850759359386607
52	57	0.004850759359386607
48	57	0.004850759286579933
46	57	0.004850759165235481
44	57	0.004850759116697696
49	57	0.004850759116697696
39	55	0.004844554126392852
39	56	0.004844551484118199
39	57	0.004844551055030528
45	74	0.004777704514981485
54	65	0.0047481825233609345
63	69	0.004707177701881265
54	70	0.00470544457848027
66	73	0.0046996278201513406
34	39	0.004675881160450188
53	67	0.004674026194648902
47	67	0.004674025952034536
51	67	0.00467402587925023
52	67	0.00467402587925023
48	67	0.00467402580646592
46	67	0.0046740256851587406
49	67	0.004674025636635867
44	67	0.004674021911345569
50	67	0.004674018428669633
43	70	0.004624278454184231
54	73	0.004562099246109574
43	73	0.004493508209757861
63	75	0.004467652854336247
39	45	0.00441885037610619
11	16	0.004396145839908241
13	16	0.004396145797308553
54	72	0.004385627815526632
65	69	0.004369126741929422
66	72	0.004336531916878692
68	73	0.004307607229849984
43	72	0.004290638570339966
42	63	0.004225352758982077
41	63	0.004225351928836916
11	35	0.00422096803432271
13	35	0.004220967983393782
11	37	0.004220966925611767
11	38	0.004220966925611767
13	37	0.004220966874682836
13	38	0.004220966874682836
70	75	0.004160443357640233
39	65	0.0040961585905064934
43	58	0.004090035853947169
37	53	0.004043025761477852
38	53	0.004043025761477852
37	51	0.0040430254304398006
37	52	0.0040430254304398006
38	51	0.0040430254304398006
38	52	0.0040430254304398006
37	46	0.004043025226724072
38	46	0.004043025226724072
37	49	0.004043025175795141
38	49	0.004043025175795141
35	46	0.004043022674749597
35	49	0.0040430226238206655
37	47	0.00404302178154289
38	47	0.00404302178154289
37	50	0.004043021705149502
38	50	0.004043021705149502
37	48	0.004043021628756097
38	48	0.004043021628756097
37	44	0.004043021450504843
38	44	0.004043021450504843
35	53	0.0040430194842130535
35	47	0.004043019229568404
35	50	0.004043019153175016
35	51	0.004043019153175016
35	52	0.004043019153175016
35	48	0.004043019076781618
35	44	0.004043018898530367
68	72	0.00401209569491056
9	37	0.004010968425549384
9	38	0.004010968425549384
9	35	0.004010965770328657
5	37	0.004003395371536572
5	38	0.004003395371536572
5	35	0.004003394583426495
53	70	0.003962154729316346
47	70	0.00396215449078138
50	70	0.003962154419220893
51	70	0.003962154419220893
52	70	0.003962154419220893
48	70	0.003962154347660403
46	70	0.003962154228392922
44	70	0.003962154180685927
49	70	0.003962154180685927
46	65	0.0039527299427342885
49	65	0.003952729894828706
53	65	0.003952726720452621
47	65	0.0039527264809246995
50	65	0.003952726409066326
51	65	0.003952726409066326
52	65	0.003952726409066326
48	65	0.003952726337207949
44	65	0.003952726169538408
14	37	0.0038789362645581457
14	38	0.0038789362645581457
12	37	0.0038789357680010655
12	38	0.0038789357680010655
14	35	0.0038789354751398823
12	35	0.003878934978582823
8	16	0.0038758560886716677
47	73	0.003853876644970708
51	73	0.0038538765743296732
52	73	0.0038538765743296732
53	73	0.0038538731551505355
48	73	0.0038538709157531874
46	73	0.003853870798018126
44	73	0.0038538707509240995
49	73	0.0038538707509240995
50	73	0.0038538691237490763
35	54	0.003752712914202823
37	54	0.0037527117449542326
38	54	0.0037527117449542326
42	56	0.003737163946492511
42	57	0.003737163511759744
42	55	0.0037371628002185915
41	55	0.0037371619750761823
41	56	0.0037371593960599456
41	57	0.0037371589613271645
43	74	0.003679240150976884
53	72	0.0036716395409278034
47	72	0.0036716393086509945
50	72	0.0036716392389679574
51	72	0.0036716392389679574
52	72	0.0036716392389679574
48	72	0.003671639169284917
46	72	0.003671639053146516
49	72	0.003671639006691152
44	72	0.0036716352814008535
60	74	0.003620602594973505
54	74	0.0036026587131076163
9	16	0.003564369435194996
5	16	0.0035608441124157578
42	67	0.0035324828108400062
41	67	0.0035324819859511754
6	37	0.003503290758526772
6	38	0.003503290758526772
6	35	0.003503288095243095
60	70	0.003502601547949423
67	68	0.0034789522177188226
40	63	0.0034685364902301632
14	16	0.003432229301660695
12	16	0.0034322288863137228
4	45	0.003266539140155761
10	45	0.0032665378278009596
3	45	0.0032665357681917542
15	35	0.003229972227266044
15	37	0.0032299711990704007
15	38	0.0032299711990704007
1	39	0.00322644686697807
2	39	0.00322644515577563
6	16	0.0031859496831222987
43	63	0.0031714498859756225
7	35	0.0030817697839740366
7	37	0.0030817687188603587
7	38	0.0030817687188603587
34	41	0.0030155102583155347
34	42	0.0030155092183984447
42	65	0.002992779665666613
41	65	0.00299277885127169
62	74	0.0029864452047527017
47	74	0.0029750648837740187
50	74	0.0029750648137446996
51	74	0.0029750648137446996
52	74	0.0029750648137446996
46	74	0.0029750646269998474
49	74	0.0029750645803136334
53	74	0.0029750632545599356
48	74	0.002975062881070231
44	74	0.002975062717668484
42	70	0.002962332503077092
41	70	0.002962331692058215
54	59	0.0029374985377932546
3	16	0.002935042909828156
4	16	0.002935042611630332
10	16	0.002935041504038411
42	73	0.0029167034639615633
41	73	0.0029167026633631424
40	55	0.0029115761262424704
40	56	0.0029115752758447737
40	57	0.0029115748530723733
65	71	0.0028078468749788213
36	37	0.002802178191582426
36	38	0.002802178191582426
35	36	0.0028021773031239733
56	69	0.002775408275885634
57	69	0.002775406030497779
55	69	0.0027754039869158954
3	35	0.0027500606688451792
4	35	0.002750060312342678
3	37	0.0027500595733117895
3	38	0.0027500595733117895
4	37	0.002750059216809271
4	38	0.002750059216809271
10	35	0.0027500589881905187
10	37	0.0027500578926570596
10	38	0.0027500578926570596
11	34	0.0027453878646826087
13	34	0.002745387816286842
62	70	0.0027266026343427605
34	40	0.0027192677773356898
42	72	0.0027154669953266854
41	72	0.0027154662055855518
72	75	0.0026870030143375592
40	67	0.0026797366644384264
35	45	0.0026647928273830154
37	45	0.0026647916664537634
38	45	0.0026647916664537634
39	59	0.0026603983125273248
43	55	0.00263800367506253
43	56	0.002638002877953731
43	57	0.0026380024504258914
7	16	0.002621460193663081
45	63	0.002600950613947859
67	75	0.0025767456414427653
16	75	0.002536348220045413
34	58	0.00250831074788143
54	58	0.0024657741521327166
60	73	0.0024644259781876447
45	71	0.0023632753771438524
48	59	0.002302887648322628
44	59	0.002302887482887459
50	59	0.0023028858565782677
53	59	0.002302884301169858
46	59	0.0023028838048643543
49	59	0.0023028837575971607
47	59	0.002302882202188751
51	59	0.0023028821312879692
52	59	0.0023028821312879692
15	16	0.0022908686080107994
61	70	0.0022710914631283545
5	34	0.0022548321377214194
58	62	0.0022372505918807108
9	34	0.0022341350937166056
69	71	0.002215555426036249
61	74	0.0021693206248027397
42	74	0.0021665648682158353
41	74	0.0021665622119050633
60	72	0.0021439194128718003
14	34	0.00211263773589045
12	34	0.0021126372640317068
39	58	0.0020494301545349175
40	65	0.0020462578212253786
43	67	0.00203863442009029
34	62	0.0019780639469056047
39	69	0.001976424532723644
40	70	0.0019517265832062133
45	55	0.0019270300384093692
45	56	0.001927027395590114
45	57	0.001927026966551039
40	73	0.0018004849470664927
59	67	0.0017856644830603827
44	58	0.0017602411456326267
53	58	0.0017602398169825825
47	58	0.0017602395848107973
50	58	0.0017602395151592627
51	58	0.0017602395151592627
52	58	0.0017602395151592627
48	58	0.0017602394455077282
46	58	0.0017602393294218373
49	58	0.0017602392829874774
62	73	0.0017490202133430624
2	41	0.0017467958803143793
1	41	0.001746795726879278
2	42	0.001746794833654041
1	42	0.0017467946802189466
45	66	0.0017436063500690067
43	65	0.0017369546126930063
2	16	0.0016817506546660532
1	16	0.0016817505268669833
45	60	0.0016075669543670103
41	59	0.0015758130990270527
42	59	0.0015758120399241501
6	34	0.001536236367946621
43	71	0.0015180969087496797
34	63	0.0015062960380824927
62	72	0.001444526856435313
2	40	0.001342722476009535
1	40	0.0013427223267957478
16	64	0.0013323135668800098
35	63	0.001273274075666419
37	63	0.001273272952528843
38	63	0.001273272952528843
2	43	0.0012353590364077675
1	43	0.0012353588855155868
54	71	0.0012160259084779204
45	69	0.0011927756215591098
54	62	0.001164154635097562
39	62	0.0011594863619415405
34	70	0.0011476635143216618
56	71	0.0011431100327523522
57	71	0.0011431096447156348
55	71	0.001143107547103707
35	67	0.0011246599109660145
37	67	0.0011246587949399443
38	67	0.0011246587949399443
61	73	0.001114960273338586
8	35	0.00109719878871491
8	37	0.001097197751510702
8	38	0.001097197751510702
21	75	0.0010898431131259705
75	76	0.0010898426094038717
75	78	0.00108984258739429
75	81	0.0010898423672984735
75	77	0.0010898417290206089
75	79	0.0010898417290206089
75	82	0.0010898417070110272
75	84	0.0010898417070110272
17	75	0.0010898415529439556
19	75	0.0010898415529439556
20	75	0.0010898415529439556
32	75	0.0010898414428960473
18	75	0.0010898414208864657
26	75	0.0010898410907427408
27	75	0.0010898410907427408
28	75	0.0010898410907427408
29	75	0.0010898410907427408
31	75	0.0010898410907427408
75	80	0.0010898410907427408
75	83	0.0010898410907427408
22	75	0.001089840697742997
23	75	0.001089840697742997
24	75	0.001089840697742997
25	75	0.001089840697742997
30	75	0.0010898401223211514
33	35	0.0010876544584353179
33	37	0.0010876534533466112
33	38	0.0010876534533466112
37	73	0.0010835558353893722
38	73	0.0010835558353893722
35	73	0.0010835531932616473
34	47	0.001064119137312445
34	50	0.0010641190647187986
34	51	0.0010641190647187986
34	52	0.0010641190647187986
34	46	0.0010641188711357254
34	49	0.0010641188227399553
34	53	0.0010641175166461424
34	48	0.0010641171294799925
34	44	0.001064116960094806
45	61	0.0010520844195905342
34	73	0.0010362315898649992
37	55	0.0010234452850466404
38	55	0.0010234452850466404
35	55	0.0010234426761254883
35	57	0.0010234415062746367
37	57	0.0010234403899056672
38	57	0.0010234403899056672
35	56	0.0010234400765253872
37	56	0.001023438960156435
38	56	0.001023438960156435
7	34	0.0009789182606472352
34	55	0.0009745499944675828
34	56	0.0009745471535839122
34	57	0.000974546742219879
35	70	0.0009625903180350628
37	70	0.0009625892207742251
38	70	0.0009625892207742251
40	74	0.0009585718525465491
8	67	0.0009478109307895118
41	58	0.0009351796306058605
42	58	0.0009351785573447763
3	34	0.0009114584784691918
10	34	0.0009114568814088363
4	34	0.0009114562770536662
15	34	0.0008968028696045745
22	64	0.0008869083398798799
23	64	0.0008869083398798799
24	64	0.0008869083398798799
25	64	0.0008869083398798799
21	64	0.0008869069284684582
26	64	0.0008869067097925197
27	64	0.0008869067097925197
28	64	0.0008869067097925197
29	64	0.0008869067097925197
31	64	0.0008869067097925197
64	80	0.0008869067097925197
64	83	0.0008869067097925197
64	76	0.0008869063407053353
64	78	0.0008869063190595668
64	81	0.0008869061026018921
30	64	0.0008869057573787399
64	77	0.0008869054748746295
64	79	0.0008869054748746295
64	82	0.000886905453228861
64	84	0.000886905453228861
17	64	0.0008869053017084884
19	64	0.0008869053017084884
20	64	0.0008869053017084884
32	64	0.0008869051934796528
18	64	0.0008869051718338808
7	45	0.0008776345706755194
37	72	0.0008456074911992288
38	72	0.0008456074911992288
35	72	0.0008456048343822332
36	39	0.000806157248878614
58	74	0.0007669342146340435
34	72	0.0007612661874689328
45	65	0.000758622798230614
61	72	0.0007258546323865474
37	65	0.0007065000644741609
38	65	0.0007065000644741609
35	65	0.0007064993036574423
34	75	0.0006991914109386321
34	68	0.0006962283519390822
53	71	0.000687668692648899
47	71	0.0006876684643920029
51	71	0.0006876683959149386
52	71	0.0006876683959149386
48	71	0.0006876683274378709
46	71	0.0006876682133094246
49	71	0.0006876681676580426
44	71	0.0006876663050128934
50	71	0.0006876646706246402
53	62	0.0006446688704704398
47	62	0.000644668640466587
50	62	0.0006446685714654316
51	62	0.0006446685714654316
52	62	0.0006446685714654316
48	62	0.0006446685024642761
46	62	0.0006446683874623514
44	62	0.0006446683414615788
49	62	0.0006446683414615788
37	74	0.0006384887257329212
38	74	0.0006384887257329212
35	74	0.0006384879368706783
34	54	0.0005795769177407949
34	36	0.0005284988443367833
16	68	0.0005273262452128447
39	60	0.0004993671406758604
40	59	0.0004868393281005842
11	39	0.0004661024893563466
13	39	0.0004661024388754459
43	69	0.00046154635112768266
54	60	0.00040233773767468783
39	67	0.0003094598351452392
34	74	0.00022625283043159472
15	21	0.00020341465681281146
15	22	0.00020341400851816432
15	23	0.00020341400851816432
15	24	0.00020341400851816432
15	25	0.00020341400851816432
15	17	0.0002034131593078546
15	19	0.0002034131593078546
15	20	0.0002034131593078546
15	26	0.00020341268991419179
15	27	0.00020341268991419179
15	28	0.00020341268991419179
15	29	0.00020341268991419179
15	31	0.00020341268991419179
15	80	0.00020341268991419179
15	83	0.00020341268991419179
15	76	0.00020341236956250563
15	78	0.00020341234721042364
15	81	0.00020341212368963496
15	30	0.00020341170642270562
15	77	0.00020341147547933702
15	79	0.00020341147547933702
15	82	0.0002034114531272585
15	84	0.0002034114531272585
15	32	0.0002034111849023093
15	18	0.00020341116255022731
58	70	0.00019769714887342416
59	74	0.00018433590239811184
43	59	0.00013660324233679202
34	65	0.00012426148238698503
2	46	0.00010156571612868204
2	49	0.00010156566812957388
1	46	0.00010156556308748774
2	47	0.00010156411747861555
2	51	0.00010156404547996198
2	52	0.00010156404547996198
1	47	0.00010156396443742124
1	51	0.00010156389243876768
1	52	0.00010156389243876768
1	49	0.00010156365244322688
2	53	0.00010156249482900365
1	53	0.00010156234178780935
2	48	0.0001015621108361453
1	48	0.000101561957794951
2	44	0.00010156194283927542
1	44	0.00010156178979807765
2	50	0.00010156032018966352
1	50	0.00010156016714846922
54	69	9.617943483004529e-05
42	62	7.473139864571168e-05
41	62	7.473061663261504e-05
41	71	5.2062991680968534e-05
42	71	5.2060042464101286e-05
39	61	3.7888039834357845e-05
5	39	3.492454229751807e-05
9	39	1.0743185611093026e-05
35	59	-1.1118062141227125e-05
37	59	-1.1119149286625135e-05
38	59	-1.1119149286625135e-05
8	30	-2.7906307451232293e-05
8	26	-2.7907177988006904e-05
8	27	-2.7907177988006904e-05
8	28	-2.7907177988006904e-05
8	29	-2.7907177988006904e-05
8	31	-2.7907177988006904e-05
8	22	-2.7907808393907996e-05
8	23	-2.7907808393907996e-05
8	24	-2.7907808393907996e-05
8	25	-2.7907808393907996e-05
8	17	-2.7908567126887218e-05
8	19	-2.7908567126887218e-05
8	20	-2.7908567126887218e-05
8	32	-2.7908679866472247e-05
8	18	-2.790870241439411e-05
8	21	-2.7908968105502113e-05
8	80	-2.7909040633156135e-05
8	83	-2.7909040633156135e-05
8	76	-2.7909347471995194e-05
8	78	-2.7909370019913587e-05
8	77	-2.791024938869624e-05
8	79	-2.791024938869624e-05
8	82	-2.7910271936614633e-05
8	84	-2.7910271936614633e-05
8	81	-2.7911458144236345e-05
50	60	-5.1590461280160566e-05
48	60	-5.1590530995366396e-05
46	60	-5.15906471873738e-05
44	60	-5.1590693664178844e-05
49	60	-5.1590693664178844e-05
53	60	-5.159202182608916e-05
47	60	-5.1592254210107436e-05
51	60	-5.1592323925309796e-05
52	60	-5.1592323925309796e-05
54	61	-6.420265256311397e-05
33	34	-6.909060040184711e-05
12	39	-9.488935031876436e-05
14	39	-9.489072077511346e-05
34	60	-0.00012770734673045459
8	70	-0.00012993829102546373
40	58	-0.00019556948349313402
26	68	-0.00020734967833496362
27	68	-0.00020734967833496362
28	68	-0.00020734967833496362
29	68	-0.00020734967833496362
31	68	-0.00020734967833496362
68	80	-0.0002073496783349671
68	83	-0.0002073496783349671
68	76	-0.0002073499696860076
68	78	-0.0002073499924583888
22	68	-0.00020735040772809632
23	68	-0.00020735040772809632
24	68	-0.00020735040772809632
25	68	-0.00020735040772809632
30	68	-0.00020735068031961512
68	77	-0.0002073508805811447
68	79	-0.0002073508805811447
68	82	-0.00020735090335352244
68	84	-0.00020735090335352244
17	68	-0.00020735106276017004
19	68	-0.00020735106276017004
20	68	-0.00020735106276017004
32	68	-0.0002073511766220587
18	68	-0.0002073511993944399
21	68	-0.00020735150481511477
68	81	-0.00020735208282731885
39	70	-0.00025993388702854475
2	54	-0.00031641127287756685
1	54	-0.00031641142538825495
39	73	-0.00032870843257017113
59	70	-0.00036525738498109986
8	64	-0.0003672997484422576
53	69	-0.0003912101073408579
47	69	-0.0003912103324836269
50	69	-0.0003912104000264559
51	69	-0.0003912104000264559
52	69	-0.0003912104000264559
48	69	-0.0003912104675692883
46	69	-0.0003912105801406711
44	69	-0.0003912106251692249
49	69	-0.0003912106251692249
33	75	-0.0004486195160914516
11	41	-0.00046041016563560036
13	41	-0.00046041021678062954
11	42	-0.0004604112087987465
13	42	-0.0004604112599437757
53	61	-0.000489742946054219
50	61	-0.0004897432390826503
44	61	-0.0004897434644891355
47	61	-0.0004897450341058568
51	61	-0.0004897451017277996
52	61	-0.0004897451017277996
48	61	-0.0004897451693497458
46	61	-0.0004897452820529884
49	61	-0.0004897453271342847
8	73	-0.0004989465580441596
39	72	-0.0005542399930727887
42	60	-0.000554929803585933
41	60	-0.000554930593691591
2	35	-0.0005965115677767259
1	35	-0.0005965117205635161
2	37	-0.0005965126717561789
2	38	-0.0005965126717561789
1	37	-0.0005965128245429725
1	38	-0.0005965128245429725
34	66	-0.0006399110255295264
21	61	-0.0006558332931968225
30	61	-0.000655834358690599
61	77	-0.0006558345758684095
61	79	-0.0006558345758684095
61	82	-0.0006558345984090594
61	84	-0.0006558345984090594
32	61	-0.0006558348688968409
18	61	-0.0006558348914374908
26	61	-0.000655835229547215
27	61	-0.000655835229547215
28	61	-0.000655835229547215
29	61	-0.000655835229547215
31	61	-0.000655835229547215
61	80	-0.000655835229547215
61	83	-0.000655835229547215
61	76	-0.0006558355368876181
61	78	-0.000655835559428268
61	81	-0.0006558357848347532
22	61	-0.0006558358567474512
23	61	-0.0006558358567474512
24	61	-0.0006558358567474512
25	61	-0.0006558358567474512
17	61	-0.0006558366188387475
19	61	-0.0006558366188387475
20	61	-0.0006558366188387475
36	64	-0.0006685132068849076
58	73	-0.0006796722304524966
34	45	-0.000704903513241352
11	40	-0.0007171165063894168
13	40	-0.0007171165561273458
34	61	-0.0007218896392481855
6	39	-0.0007464913326787059
8	45	-0.0007829688326477964
11	43	-0.0007996743439926228
13	43	-0.0007996743942900106
21	69	-0.0008135378084857328
26	69	-0.0008135378864631837
27	69	-0.0008135378864631837
28	69	-0.0008135378864631837
29	69	-0.0008135378864631837
31	69	-0.0008135378864631837
69	76	-0.000813538195623232
69	78	-0.0008135382181375106
69	81	-0.0008135384432802761
22	69	-0.0008135385020335284
23	69	-0.0008135385020335284
24	69	-0.0008135385020335284
25	69	-0.0008135385020335284
69	77	-0.0008135390961943045
69	79	-0.0008135390961943045
69	82	-0.0008135391187085832
69	84	-0.0008135391187085832
17	69	-0.0008135392763085197
19	69	-0.0008135392763085197
20	69	-0.0008135392763085197
32	69	-0.0008135393888799025
18	69	-0.0008135394113941812
69	80	-0.0008135397491083329
69	83	-0.0008135397491083329
30	69	-0.0008135407397365131
36	75	-0.0008172717146023405
5	41	-0.0008415736488497499
5	42	-0.0008415747172733253
9	41	-0.00084612617061295
9	42	-0.0008461309676274092
35	58	-0.0009278955827472478
37	58	-0.0009278966507374579
38	58	-0.0009278966507374579
39	66	-0.0009518691050100225
42	69	-0.0009559130269784534
41	69	-0.0009559156551090138
58	72	-0.0009560797261951234
41	61	-0.0009575448954468845
42	61	-0.000957545991709989
22	66	-0.0009630484897343028
23	66	-0.0009630484897343028
24	66	-0.0009630484897343028
25	66	-0.0009630484897343028
30	66	-0.0009630487756690856
17	66	-0.0009630491602943027
19	66	-0.0009630491602943027
20	66	-0.0009630491602943027
26	66	-0.0009630496378084351
27	66	-0.0009630496378084351
28	66	-0.0009630496378084351
29	66	-0.0009630496378084351
31	66	-0.0009630496378084351
66	80	-0.0009630496378084351
66	83	-0.0009630496378084351
66	81	-0.0009630501816050331
66	77	-0.0009630508410293087
66	79	-0.0009630508410293087
66	82	-0.0009630508637680779
66	84	-0.0009630508637680779
32	66	-0.0009630511366332944
18	66	-0.0009630511593720636
21	66	-0.0009630514588437264
66	76	-0.0009630517941237315
66	78	-0.0009630518168625007
14	41	-0.0009720471723988627
12	41	-0.0009720476710629311
14	42	-0.0009720501044345083
12	42	-0.0009720506030985628
8	72	-0.0009825447798409957
35	62	-0.0010643269862067907
37	62	-0.0010643280442245093
38	62	-0.0010643280442245093
35	71	-0.0010906080164074378
37	71	-0.0010906090663891435
38	71	-0.0010906090663891435
7	22	-0.0011128164429907474
7	23	-0.0011128164429907474
7	24	-0.0011128164429907474
7	25	-0.0011128164429907474
7	21	-0.0011128174334253359
7	78	-0.001112817695792391
7	81	-0.0011128179273388397
7	30	-0.0011128184264675017
7	77	-0.0011128185988235513
7	79	-0.0011128185988235513
7	82	-0.0011128186219781996
7	84	-0.0011128186219781996
7	17	-0.0011128187840607137
7	19	-0.0011128187840607137
7	20	-0.0011128187840607137
7	32	-0.001112818899833938
7	18	-0.0011128189229885864
7	26	-0.0011128192703082629
7	27	-0.0011128192703082629
7	28	-0.0011128192703082629
7	29	-0.0011128192703082629
7	31	-0.0011128192703082629
7	80	-0.0011128192703082629
7	83	-0.0011128192703082629
7	76	-0.0011128195352828954
6	22	-0.0011153443468623833
6	23	-0.0011153443468623833
6	24	-0.0011153443468623833
6	25	-0.0011153443468623833
6	26	-0.0011153453413219848
6	21	-0.0011153453561419564
6	81	-0.0011153458649153097
6	30	-0.0011153463571544064
6	77	-0.0011153465344412201
6	79	-0.0011153465344412201
6	82	-0.0011153465575283218
6	84	-0.0011153465575283218
6	17	-0.0011153467191380231
6	19	-0.0011153467191380231
6	20	-0.0011153467191380231
6	32	-0.0011153468345735246
6	18	-0.0011153468576606297
6	27	-0.001115347203967134
6	28	-0.001115347203967134
6	29	-0.001115347203967134
6	31	-0.001115347203967134
6	80	-0.001115347203967134
6	83	-0.001115347203967134
6	76	-0.0011153474736023544
6	78	-0.001115347496689456
3	58	-0.0011649431076036464
4	58	-0.0011649434326441409
10	58	-0.0011649446399374201
40	62	-0.0011792501072781895
6	61	-0.0011841370443710642
65	67	-0.0012018195525859109
59	73	-0.0012025585858805067
54	66	-0.0012062070379143496
63	71	-0.0012096401014912682
39	74	-0.0012103672581740034
40	71	-0.0012175066625117227
5	40	-0.0012406788446262113
45	59	-0.0012484112736109096
71	80	-0.0012495511758768736
71	83	-0.0012495511758768736
30	71	-0.001249552180207194
71	77	-0.0012495523765770344
71	79	-0.0012495523765770344
71	82	-0.0012495523994027237
71	84	-0.0012495523994027237
17	71	-0.001249552559182545
19	71	-0.001249552559182545
20	71	-0.001249552559182545
32	71	-0.0012495526733109913
18	71	-0.001249552696136684
21	71	-0.0012495530109933699
26	71	-0.0012495530385220194
27	71	-0.0012495530385220194
28	71	-0.0012495530385220194
29	71	-0.0012495530385220194
31	71	-0.0012495530385220194
71	76	-0.001249553326194617
71	78	-0.0012495533490203062
71	81	-0.0012495535772771987
22	71	-0.0012495537914252106
23	71	-0.0012495537914252106
24	71	-0.0012495537914252106
25	71	-0.0012495537914252106
7	39	-0.0012563111732751438
5	43	-0.0012632522806673742
9	40	-0.0012663328044583803
34	59	-0.0012780720243615942
9	43	-0.0012797641998339923
15	39	-0.001296595616287772
34	67	-0.001313579336127156
8	74	-0.0013562651287470188
10	39	-0.001387792489568277
3	39	-0.0013877945489888
4	39	-0.001387794902355112
14	40	-0.0013894613764618077
12	40	-0.0013894618614066177
12	43	-0.001403682723882884
14	43	-0.0014036840961284547
9	22	-0.0014074951570901828
9	23	-0.0014074951570901828
9	24	-0.0014074951570901828
9	25	-0.0014074951570901828
9	30	-0.0014074952351502655
9	17	-0.0014074955857405827
9	19	-0.0014074955857405827
9	20	-0.0014074955857405827
9	32	-0.0014074957020524942
9	18	-0.0014074957253148793
9	26	-0.0014074960742506068
9	27	-0.0014074960742506068
9	28	-0.0014074960742506068
9	29	-0.0014074960742506068
9	31	-0.0014074960742506068
9	80	-0.0014074960742506068
9	83	-0.0014074960742506068
9	76	-0.0014074963317913976
9	78	-0.0014074963550537792
9	81	-0.0014074965876775987
9	77	-0.0014074972622866756
9	79	-0.0014074972622866756
9	82	-0.0014074972855490607
9	84	-0.0014074972855490607
9	21	-0.0014074979801113434
11	49	-0.0014206192962397425
13	49	-0.0014206193472534705
11	53	-0.001420620604529417
13	53	-0.001420620655543145
11	47	-0.0014206208455535413
13	47	-0.0014206208965672693
11	51	-0.001420620917860771
11	52	-0.001420620917860771
13	51	-0.001420620968874499
13	52	-0.001420620968874499
11	48	-0.001420620990168011
13	48	-0.001420621041181739
11	46	-0.0014206211106800662
11	44	-0.0014206211588848917
13	46	-0.0014206211616937942
13	44	-0.0014206212098986197
11	50	-0.0014206227805059202
13	50	-0.0014206228315196481
59	72	-0.0014598589139037457
1	63	-0.0014815856042873186
2	63	-0.0014815873204362603
35	60	-0.0014924704759104943
37	60	-0.0014924715448769756
38	60	-0.0014924715448769756
12	32	-0.0014928599771789446
12	18	-0.0014928600005099657
14	22	-0.0014928609581278812
14	23	-0.0014928609581278812
14	24	-0.0014928609581278812
14	25	-0.0014928609581278812
14	30	-0.0014928610089389865
12	22	-0.0014928613262291876
12	23	-0.0014928613262291876
12	24	-0.0014928613262291876
12	25	-0.0014928613262291876
12	30	-0.0014928613770401264
12	21	-0.001492862267455295
14	21	-0.0014928637619992559
14	76	-0.0014928639604692602
14	78	-0.0014928639838002813
14	81	-0.001492864217110472
12	76	-0.0014928643285703515
12	78	-0.0014928643519013726
12	81	-0.0014928645852115667
14	77	-0.0014928648937100296
14	79	-0.0014928648937100296
14	82	-0.0014928649170410507
14	84	-0.0014928649170410507
14	17	-0.0014928650803581849
14	19	-0.0014928650803581849
14	20	-0.0014928650803581849
14	32	-0.0014928651970132802
14	18	-0.0014928652203443013
12	77	-0.0014928652618111382
12	79	-0.0014928652618111382
12	82	-0.0014928652851421594
12	84	-0.0014928652851421594
12	17	-0.0014928654484592935
12	19	-0.0014928654484592935
12	20	-0.0014928654484592935
14	26	-0.0014928655703095872
14	27	-0.0014928655703095872
14	28	-0.0014928655703095872
14	29	-0.0014928655703095872
14	31	-0.0014928655703095872
14	80	-0.0014928655703095872
14	83	-0.0014928655703095872
12	26	-0.0014928659384107063
12	27	-0.0014928659384107063
12	28	-0.0014928659384107063
12	29	-0.0014928659384107063
12	31	-0.0014928659384107063
12	80	-0.0014928659384107063
12	83	-0.0014928659384107063
43	62	-0.0015379681976033475
8	34	-0.0015512680862345418
5	17	-0.0015569026656615907
5	19	-0.0015569026656615907
5	20	-0.0015569026656615907
5	32	-0.0015569027824588813
5	18	-0.0015569028058183415
5	26	-0.0015569031562102133
5	27	-0.0015569031562102133
5	28	-0.0015569031562102133
5	29	-0.0015569031562102133
5	31	-0.0015569031562102133
5	21	-0.0015569032151521237
5	22	-0.0015569041445054818
5	23	-0.0015569041445054818
5	24	-0.0015569041445054818
5	25	-0.0015569041445054818
5	30	-0.0015569041840263684
5	77	-0.0015569043414310757
5	79	-0.0015569043414310757
5	82	-0.001556904364790536
5	84	-0.001556904364790536
5	80	-0.0015569050188553625
5	83	-0.0015569050188553625
5	76	-0.0015569052696979037
5	78	-0.0015569052930573639
5	81	-0.0015569055266519416
62	76	-0.0015779605418384142
62	78	-0.0015779605648388005
62	81	-0.0015779607948426533
17	62	-0.001577961645856902
19	62	-0.001577961645856902
20	62	-0.001577961645856902
32	62	-0.0015779617608588266
18	62	-0.0015779617838592164
26	62	-0.0015779621288649903
27	62	-0.0015779621288649903
28	62	-0.0015779621288649903
29	62	-0.0015779621288649903
31	62	-0.0015779621288649903
21	62	-0.001577962129637088
22	62	-0.0015779629588091003
23	62	-0.0015779629588091003
24	62	-0.0015779629588091003
25	62	-0.0015779629588091003
30	62	-0.0015779631408819397
62	77	-0.001577963324498971
62	79	-0.001577963324498971
62	82	-0.0015779633474993573
62	84	-0.0015779633474993573
62	80	-0.0015779639915101396
62	83	-0.0015779639915101396
36	63	-0.0015800075182138586
53	66	-0.0016123548646942883
47	66	-0.0016123550920819699
51	66	-0.001612355160298274
52	66	-0.001612355160298274
48	66	-0.0016123552285145781
46	66	-0.0016123553422084172
44	66	-0.0016123553876859556
49	66	-0.0016123553876859556
50	66	-0.0016123570229434232
13	54	-0.0016135122419244988
11	54	-0.0016135140537327577
6	42	-0.0016340352717125715
6	41	-0.0016340360566739869
1	45	-0.0016817378779378084
2	45	-0.0016817395891574015
35	61	-0.001784616899447252
37	61	-0.0017846179363170886
38	61	-0.0017846179363170886
15	33	-0.0017890291581716122
33	68	-0.0017938970075032298
9	33	-0.0018110774112933964
33	64	-0.001829725930881928
60	77	-0.0018472775679135578
60	79	-0.0018472775679135578
60	82	-0.001847277591151962
60	84	-0.001847277591151962
26	60	-0.0018472782418272084
27	60	-0.0018472782418272084
28	60	-0.0018472782418272084
29	60	-0.0018472782418272084
31	60	-0.0018472782418272084
60	80	-0.0018472782418272084
60	83	-0.0018472782418272084
22	60	-0.0018472791767366221
23	60	-0.0018472791767366221
24	60	-0.0018472791767366221
25	60	-0.0018472791767366221
30	60	-0.001847279264316888
17	60	-0.0018472796164659237
19	60	-0.0018472796164659237
20	60	-0.0018472796164659237
32	60	-0.0018472797326579311
18	60	-0.0018472797558963354
21	60	-0.0018472801438031393
60	76	-0.00184728036366779
60	78	-0.0018472803869061909
60	81	-0.0018472806192902091
34	71	-0.0018540817540635551
5	53	-0.0018541095907348148
5	47	-0.0018541098243293995
5	51	-0.0018541098944077697
5	52	-0.0018541098944077697
5	48	-0.0018541099644861503
5	46	-0.0018541100812834374
5	44	-0.0018541101280023543
5	49	-0.0018541101280023543
5	50	-0.0018541136196980681
9	48	-0.0018680495161397075
9	46	-0.001868049632451612
9	49	-0.0018680496789763787
9	53	-0.0018680510065867371
9	47	-0.0018680512392105636
9	50	-0.001868051308997705
9	51	-0.001868051308997705
9	52	-0.001868051308997705
9	44	-0.001868051541621528
5	33	-0.0018708165169524262
45	68	-0.0018750474034501426
11	33	-0.0018810615112336317
13	33	-0.0018810615549331375
21	58	-0.0018913560886729686
58	76	-0.0018913563134402046
58	78	-0.0018913563366573863
58	81	-0.001891356568829168
22	58	-0.001891356978330299
23	58	-0.001891356978330299
24	58	-0.001891356978330299
25	58	-0.001891356978330299
30	58	-0.001891357074336214
58	77	-0.0018913572421273422
58	79	-0.0018913572421273422
58	82	-0.0018913572653445204
58	84	-0.0018913572653445204
32	58	-0.0018913575439506586
18	58	-0.0018913575671678402
26	58	-0.001891357915425513
27	58	-0.001891357915425513
28	58	-0.001891357915425513
29	58	-0.001891357915425513
31	58	-0.001891357915425513
58	80	-0.0018913579154255164
58	83	-0.0018913579154255164
17	58	-0.001891359290509917
19	58	-0.001891359290509917
20	58	-0.001891359290509917
6	33	-0.0018955723278452734
40	60	-0.0019007917302049267
35	69	-0.0019128914767979448
37	69	-0.0019128925124546857
38	69	-0.0019128925124546857
2	56	-0.0019163512801673825
1	56	-0.0019163514257807268
2	55	-0.0019163521267919863
1	55	-0.0019163522724053549
2	57	-0.0019163572760952374
1	57	-0.0019163574217085852
12	33	-0.0019164474124098198
14	33	-0.0019164488489847586
22	72	-0.0019229770452687742
23	72	-0.0019229770452687742
24	72	-0.0019229770452687742
25	72	-0.0019229770452687742
72	77	-0.0019229773041298942
72	79	-0.0019229773041298942
72	82	-0.0019229773273575779
72	84	-0.0019229773273575779
32	72	-0.0019229776060897368
18	72	-0.0019229776293174204
26	72	-0.0019229779777326234
27	72	-0.0019229779777326234
28	72	-0.0019229779777326234
29	72	-0.0019229779777326234
31	72	-0.0019229779777326234
72	80	-0.0019229779777326268
72	83	-0.0019229779777326268
21	72	-0.0019229780153265444
72	76	-0.0019229782376678321
72	78	-0.0019229782608955123
72	81	-0.0019229784931723143
30	72	-0.0019229789997505624
17	72	-0.001922979352596485
19	72	-0.001922979352596485
20	72	-0.001922979352596485
3	67	-0.0019591253631732718
4	67	-0.0019591257028333774
10	67	-0.0019591269644280637
12	49	-0.0019904376797036
14	46	-0.0019904389983028264
12	53	-0.0019904390057352943
14	49	-0.0019904390449648687
12	48	-0.0019904393790316117
12	46	-0.001990439495686707
12	44	-0.0019904395423487493
14	48	-0.001990440744292884
14	53	-0.001990442233641719
14	47	-0.0019904424669519166
14	50	-0.0019904425369449696
14	51	-0.0019904425369449696
14	52	-0.0019904425369449696
14	44	-0.001990442770255167
12	47	-0.0019904429643357938
12	50	-0.0019904430343288468
12	51	-0.0019904430343288468
12	52	-0.0019904430343288468
45	64	-0.0020070565786951856
36	68	-0.0020076517108274655
42	66	-0.0020253600171268697
41	66	-0.002025360790244988
36	56	-0.0020437172013418464
36	55	-0.002043717510455151
36	57	-0.0020437175613673662
26	74	-0.002071832829522089
27	74	-0.002071832829522089
28	74	-0.002071832829522089
29	74	-0.002071832829522089
31	74	-0.002071832829522089
74	80	-0.0020718328295220925
74	83	-0.0020718328295220925
74	81	-0.002071833338267059
74	77	-0.002071834015217152
74	79	-0.002071834015217152
74	82	-0.0020718340385602607
74	84	-0.0020718340385602607
17	74	-0.0020718342019620008
19	74	-0.0020718342019620008
20	74	-0.0020718342019620008
32	74	-0.002071834318677534
18	74	-0.0020718343420206425
21	74	-0.0020718347484602086
74	76	-0.0020718349441380367
74	78	-0.0020718349674811454
22	74	-0.002071835673251504
23	74	-0.002071835673251504
24	74	-0.002071835673251504
25	74	-0.002071835673251504
30	74	-0.0020718357192639307
5	54	-0.0020794448576411696
45	75	-0.002080963010637038
6	40	-0.0020957765184374533
9	54	-0.002101968581079413
15	41	-0.0021124899887104004
15	42	-0.0021124929540300083
6	43	-0.002119755528157602
7	41	-0.002124921537583431
7	42	-0.0021249226129706443
5	61	-0.002214697991987792
14	54	-0.002221373632873804
12	54	-0.0022213741285335292
65	74	-0.0022231096523204937
2	67	-0.002243604351833132
1	67	-0.0022436044974017515
7	33	-0.0022442780948584047
10	81	-0.002291903454968245
10	22	-0.00229190416325379
10	23	-0.00229190416325379
10	24	-0.00229190416325379
10	25	-0.00229190416325379
10	32	-0.002291904455237921
10	18	-0.0022919044790538703
3	30	-0.0022919046383138367
3	77	-0.0022919047623951236
3	79	-0.0022919047623951236
3	22	-0.0022919047800175896
3	23	-0.0022919047800175896
3	24	-0.0022919047800175896
3	25	-0.0022919047800175896
3	82	-0.0022919047862110693
3	84	-0.0022919047862110693
3	17	-0.0022919049529226687
3	19	-0.0022919049529226687
3	20	-0.0022919049529226687
4	77	-0.0022919050266728414
4	79	-0.0022919050266728414
4	22	-0.002291905044295453
4	23	-0.002291905044295453
4	24	-0.002291905044295453
4	25	-0.002291905044295453
4	82	-0.0022919050504887836
4	84	-0.0022919050504887836
3	32	-0.002291905072002387
3	18	-0.0022919050958183328
4	17	-0.00229190521720039
4	19	-0.00229190521720039
4	20	-0.00229190521720039
4	32	-0.002291905336280105
4	18	-0.002291905360096054
3	26	-0.0022919054530574808
3	27	-0.0022919054530574808
3	28	-0.0022919054530574808
3	29	-0.0022919054530574808
3	31	-0.0022919054530574808
3	80	-0.0022919054530574808
3	83	-0.0022919054530574808
3	21	-0.0022919055859500007
3	76	-0.0022919056724025402
3	78	-0.002291905696218486
4	26	-0.0022919057173352055
4	27	-0.0022919057173352055
4	28	-0.0022919057173352055
4	29	-0.0022919057173352055
4	31	-0.0022919057173352055
4	80	-0.0022919057173352055
4	83	-0.0022919057173352055
4	21	-0.002291905850227774
10	30	-0.0022919058841946102
3	81	-0.002291905934377919
10	77	-0.002291906008275793
10	79	-0.002291906008275793
10	82	-0.002291906032091739
10	84	-0.002291906032091739
4	81	-0.002291906198655623
10	17	-0.0022919061988033486
10	19	-0.0022919061988033486
10	20	-0.0022919061988033486
10	26	-0.0022919066989381884
10	27	-0.0022919066989381884
10	28	-0.0022919066989381884
10	29	-0.0022919066989381884
10	31	-0.0022919066989381884
10	80	-0.0022919066989381884
10	83	-0.0022919066989381884
4	30	-0.0022919067652367245
10	21	-0.002291906831830944
10	76	-0.0022919069182831507
10	78	-0.0022919069420990965
4	76	-0.0022919077993253933
4	78	-0.002291907823141339
43	60	-0.002304283740706327
39	75	-0.002315832249021675
10	41	-0.0023246542893441864
4	41	-0.0023246548222184867
3	41	-0.0023246563268484073
10	42	-0.0023246572048923643
4	42	-0.0023246577377667027
3	42	-0.0023246592423966338
43	68	-0.002325851223756153
40	69	-0.0023276327779772933
8	33	-0.0023413817850163193
63	67	-0.002349834317743299
39	68	-0.002412779483320516
43	75	-0.002414604255157344
26	73	-0.0024283777405592066
27	73	-0.0024283777405592066
28	73	-0.0024283777405592066
29	73	-0.0024283777405592066
31	73	-0.0024283777405592066
21	73	-0.002428377829884913
22	73	-0.0024283788115659274
23	73	-0.0024283788115659274
24	73	-0.0024283788115659274
25	73	-0.0024283788115659274
73	77	-0.0024283789203409963
73	79	-0.0024283789203409963
73	82	-0.002428378943888008
73	84	-0.002428378943888008
17	73	-0.0024283791087170957
19	73	-0.0024283791087170957
20	73	-0.0024283791087170957
32	73	-0.002428379226452157
18	73	-0.002428379249999172
73	80	-0.002428379603204356
73	83	-0.002428379603204356
73	76	-0.0024283798411056517
73	78	-0.0024283798646526633
73	81	-0.002428380100122786
30	73	-0.002428380639272903
36	65	-0.0024328302188376325
10	70	-0.002457853815812039
3	70	-0.002457854104126425
4	70	-0.0024578544380753735
40	61	-0.0024659185940321786
33	39	-0.002528183792020279
63	74	-0.0025302557443424925
10	73	-0.002536615708373477
3	73	-0.0025366160169158075
4	73	-0.00253661634657398
27	59	-0.0025625097792545647
28	59	-0.0025625097792545647
29	59	-0.0025625097792545647
31	59	-0.0025625097792545647
59	76	-0.002562510011181622
59	78	-0.0025625100348152206
59	81	-0.0025625102711511714
22	59	-0.0025625108884444504
23	59	-0.0025625108884444504
24	59	-0.0025625108884444504
25	59	-0.0025625108884444504
59	77	-0.0025625109565254427
59	79	-0.0025625109565254427
59	82	-0.0025625109801590377
59	84	-0.0025625109801590377
17	59	-0.002562511145594207
19	59	-0.002562511145594207
20	59	-0.002562511145594207
32	59	-0.0025625112637621857
18	59	-0.002562511287395784
26	59	-0.002562511641899714
59	80	-0.002562511641899714
59	83	-0.002562511641899714
21	59	-0.0025625117452518914
30	59	-0.0025625126817779183
2	65	-0.0025671473905495845
1	65	-0.0025671475342663383
2	34	-0.0025911908836661925
1	34	-0.002591191028853499
3	33	-0.002624826786583972
4	33	-0.0026248270924805334
10	33	-0.002624828228667768
7	40	-0.0026479143288998808
7	43	-0.0026644844378896845
10	40	-0.0026920733689548004
3	40	-0.0026920754528934367
4	40	-0.00269207580105894
36	71	-0.002708380775434123
37	66	-0.0027193092218911856
38	66	-0.0027193092218911856
35	66	-0.0027193100385529967
15	43	-0.0027210803908518585
6	53	-0.002749033539110008
6	47	-0.002749033769981018
6	50	-0.0027490338392423125
6	51	-0.0027490338392423125
6	52	-0.0027490338392423125
6	48	-0.002749033908503621
6	46	-0.002749034023939119
6	44	-0.0027490340701133223
6	49	-0.0027490340701133223
2	70	-0.002751493574320297
1	70	-0.002751493717441277
10	43	-0.002779085228533377
3	43	-0.002779085431364566
4	43	-0.0027790857834463153
15	40	-0.0027856602788125587
43	61	-0.002788994382934399
2	77	-0.002795592336398898
2	79	-0.002795592336398898
2	82	-0.0027955923603984537
2	84	-0.0027955923603984537
2	22	-0.002795592440318049
2	23	-0.002795592440318049
2	24	-0.002795592440318049
2	25	-0.002795592440318049
1	77	-0.002795592449660777
1	79	-0.002795592449660777
1	82	-0.0027955924736603327
1	84	-0.0027955924736603327
2	17	-0.0027955925283953235
2	19	-0.0027955925283953235
2	20	-0.0027955925283953235
1	22	-0.0027955925535799904
1	23	-0.0027955925535799904
1	24	-0.0027955925535799904
1	25	-0.0027955925535799904
1	17	-0.002795592641657206
1	19	-0.002795592641657206
1	20	-0.002795592641657206
2	32	-0.0027955926483930887
2	18	-0.002795592672392648
1	32	-0.0027955927616549713
1	18	-0.002795592785654527
2	26	-0.0027955930323859436
2	27	-0.0027955930323859436
2	28	-0.0027955930323859436
2	29	-0.0027955930323859436
2	31	-0.0027955930323859436
1	26	-0.002795593145647826
1	27	-0.002795593145647826
1	28	-0.002795593145647826
1	29	-0.002795593145647826
1	31	-0.002795593145647826
2	21	-0.0027955931950232778
1	21	-0.002795593308285181
2	81	-0.0027955935030570013
1	81	-0.0027955936163188803
2	30	-0.0027955940883662884
1	30	-0.002795594201628178
2	80	-0.002795594895031093
2	83	-0.002795594895031093
1	80	-0.0027955950082929754
1	83	-0.0027955950082929754
2	76	-0.0027955951017070643
2	78	-0.00279559512570662
1	76	-0.00279559521496894
1	78	-0.0027955952389684957
54	68	-0.0028216891818694523
11	30	-0.0028265805845542197
13	30	-0.002826580622308183
11	22	-0.002826580839985965
11	23	-0.002826580839985965
11	24	-0.002826580839985965
11	25	-0.002826580839985965
13	22	-0.002826580877739942
13	23	-0.002826580877739942
13	24	-0.002826580877739942
13	25	-0.002826580877739942
11	21	-0.0028265815659936633
11	76	-0.002826581586271984
13	21	-0.00282658160374763
11	78	-0.0028265816103743985
13	76	-0.00282658162402594
13	78	-0.0028265816481283547
11	81	-0.0028265818513985123
13	81	-0.0028265818891524686
11	77	-0.0028265825503684568
11	79	-0.0028265825503684568
11	82	-0.002826582574470868
11	84	-0.002826582574470868
13	77	-0.002826582588122413
13	79	-0.002826582588122413
13	82	-0.0028265826122248275
13	84	-0.0028265826122248275
11	17	-0.0028265827431877485
11	19	-0.0028265827431877485
11	20	-0.0028265827431877485
13	17	-0.0028265827809417082
13	19	-0.0028265827809417082
13	20	-0.0028265827809417082
11	32	-0.002826582863699807
11	18	-0.0028265828878022217
13	32	-0.002826582901453767
13	18	-0.0028265829255561814
11	26	-0.0028265832493383977
11	27	-0.0028265832493383977
11	28	-0.0028265832493383977
11	29	-0.0028265832493383977
11	31	-0.0028265832493383977
11	80	-0.0028265832493383977
11	83	-0.0028265832493383977
13	26	-0.0028265832870923574
13	27	-0.0028265832870923574
13	28	-0.0028265832870923574
13	29	-0.0028265832870923574
13	31	-0.0028265832870923574
13	80	-0.0028265832870923574
13	83	-0.0028265832870923574
2	73	-0.0028287371976574854
1	73	-0.0028287373389395618
11	45	-0.002885026058743842
13	45	-0.002885026109219025
54	75	-0.0029252157465843205
3	72	-0.0029282225827908827
4	72	-0.002928222907978409
10	72	-0.0029282241158177895
34	64	-0.002950448313891761
70	76	-0.002975416595967447
70	78	-0.0029754166198209427
70	81	-0.0029754168583559053
30	70	-0.0029754174287673907
70	77	-0.002975417550107301
70	79	-0.002975417550107301
70	82	-0.0029754175739608
70	84	-0.0029754175739608
22	70	-0.002975417585379718
23	70	-0.002975417585379718
24	70	-0.002975417585379718
25	70	-0.002975417585379718
17	70	-0.0029754177409352725
19	70	-0.0029754177409352725
20	70	-0.0029754177409352725
32	70	-0.002975417860202754
18	70	-0.002975417884056253
26	70	-0.0029754182418586968
27	70	-0.0029754182418586968
28	70	-0.0029754182418586968
29	70	-0.0029754182418586968
31	70	-0.0029754182418586968
70	80	-0.0029754182418586968
70	83	-0.0029754182418586968
21	70	-0.0029754183808348156
36	58	-0.0029943993366263084
36	66	-0.003027743970937559
6	54	-0.0030377844815960113
21	65	-0.00305800690743677
26	65	-0.0030580086150199283
27	65	-0.0030580086150199283
28	65	-0.0030580086150199283
29	65	-0.0030580086150199283
31	65	-0.0030580086150199283
65	80	-0.0030580086150199283
65	83	-0.0030580086150199283
65	76	-0.003058008824922437
65	78	-0.0030580088488752315
65	81	-0.0030580090884031463
30	65	-0.0030580096689427766
65	77	-0.0030580097830341137
65	79	-0.0030580097830341137
65	82	-0.003058009806986905
65	84	-0.003058009806986905
22	65	-0.003058009864975418
23	65	-0.003058009864975418
24	65	-0.003058009864975418
25	65	-0.003058009864975418
17	65	-0.0030580099746564497
19	65	-0.0030580099746564497
20	65	-0.0030580099746564497
32	65	-0.003058010094420409
18	65	-0.0030580101183732035
65	70	-0.0030658612325309975
36	59	-0.003067907171063953
4	74	-0.0030796905813274093
10	74	-0.003079691795168954
3	74	-0.003079692117169068
36	61	-0.0031397555030668947
36	62	-0.0031769793827466433
45	62	-0.003190641981374427
53	68	-0.0031967896307411765
46	68	-0.003196790108961123
49	68	-0.0031967901545058817
47	68	-0.00319679172111011
50	68	-0.0031967917894272432
51	68	-0.0031967917894272432
52	68	-0.0031967917894272432
48	68	-0.00319679185774438
44	68	-0.003196792017151031
1	72	-0.0032061026216933276
2	72	-0.0032061043449723922
50	75	-0.0032460075041074454
48	75	-0.003246007570136194
53	75	-0.0032460090806280366
47	75	-0.003246009300723853
51	75	-0.0032460093667525947
52	75	-0.0032460093667525947
46	75	-0.003246009542829248
44	75	-0.0032460095868484147
49	75	-0.0032460095868484147
7	46	-0.003264982734072632
7	49	-0.0032649827803819254
7	53	-0.003264984110470232
7	47	-0.003264984342016688
7	50	-0.003264984411480619
7	51	-0.003264984411480619
7	52	-0.003264984411480619
7	48	-0.0032649844809445605
7	44	-0.0032649846430270746
15	48	-0.003290727097440327
15	46	-0.0032907272092007195
15	49	-0.00329072725390488
15	53	-0.003290728602452206
15	47	-0.0032907306886181507
15	50	-0.003290730755674383
15	51	-0.003290730755674383
15	52	-0.003290730755674383
15	44	-0.0032907309791951785
8	71	-0.003297506231244314
33	41	-0.0033445174738904807
33	42	-0.0033445204562891247
22	34	-0.003348626431701751
23	34	-0.003348626431701751
24	34	-0.003348626431701751
25	34	-0.003348626431701751
30	34	-0.0033486280010126407
18	34	-0.0033486284359826243
21	34	-0.003348628993717819
17	34	-0.003348630153440467
19	34	-0.003348630153440467
20	34	-0.003348630153440467
32	34	-0.003348630274429887
26	34	-0.003348630661596033
27	34	-0.003348630661596033
28	34	-0.003348630661596033
29	34	-0.003348630661596033
31	34	-0.003348630661596033
34	80	-0.0033486306615960366
34	83	-0.0033486306615960366
34	76	-0.0033486308545871805
34	78	-0.0033486308787850673
34	81	-0.003348631120763907
34	77	-0.0033486318225025465
34	79	-0.0033486318225025465
34	82	-0.0033486318467004297
34	84	-0.0033486318467004297
16	66	-0.0033763287896964
10	53	-0.003420450840430758
10	48	-0.0034204512214858797
10	46	-0.003420451340565598
4	53	-0.003420451376718918
10	44	-0.0034204513881974895
10	49	-0.0034204513881974895
4	48	-0.0034204517577740186
4	46	-0.0034204518768537334
4	44	-0.003420451924485625
4	49	-0.003420451924485625
3	53	-0.0034204528822679575
10	47	-0.003420452941235358
10	51	-0.003420453012683188
10	52	-0.003420453012683188
3	47	-0.003420453120427394
3	51	-0.0034204531918752175
3	52	-0.0034204531918752175
3	48	-0.0034204532633230547
3	46	-0.003420453382402766
3	44	-0.003420453430034654
3	49	-0.003420453430034654
4	47	-0.0034204534775235072
4	50	-0.003420453548971334
4	51	-0.003420453548971334
4	52	-0.003420453548971334
10	50	-0.0034204548753283374
3	50	-0.0034204550545203667
5	45	-0.003426576654747892
40	66	-0.0034298311908070485
39	71	-0.003436244328803219
33	40	-0.003439380855237373
2	74	-0.00344025206905808
1	74	-0.0034402522091167217
9	45	-0.0034560456452008975
8	66	-0.0034599570205787362
42	75	-0.003550964130991898
41	75	-0.003550964879317671
33	43	-0.0035595190767206512
57	76	-0.0035667736299369174
57	78	-0.00356677365420581
57	81	-0.0035667738968947135
56	77	-0.0035667742797838853
56	79	-0.0035667742797838853
56	82	-0.0035667743040527777
56	84	-0.0035667743040527777
57	77	-0.0035667746006925426
57	79	-0.0035667746006925426
57	82	-0.003566774624961435
57	84	-0.003566774624961435
26	56	-0.0035667749835817004
27	56	-0.0035667749835817004
28	56	-0.0035667749835817004
29	56	-0.0035667749835817004
31	56	-0.0035667749835817004
56	80	-0.003566774983581704
56	83	-0.003566774983581704
26	57	-0.0035667753044903716
27	57	-0.0035667753044903716
28	57	-0.0035667753044903716
29	57	-0.0035667753044903716
31	57	-0.0035667753044903716
57	80	-0.0035667753044903716
57	83	-0.0035667753044903716
21	57	-0.003566775510760352
30	56	-0.0035667760514128746
17	56	-0.0035667763365801568
19	56	-0.0035667763365801568
20	56	-0.0035667763365801568
30	57	-0.0035667763723215597
32	56	-0.003566776457924605
18	56	-0.003566776482193501
17	57	-0.0035667766574888175
19	57	-0.0035667766574888175
20	57	-0.0035667766574888175
22	57	-0.0035667766938453915
23	57	-0.0035667766938453915
24	57	-0.0035667766938453915
25	57	-0.0035667766938453915
32	57	-0.0035667767788332694
18	57	-0.003566776803102162
56	76	-0.003566777034318576
21	56	-0.0035667770524967744
56	78	-0.0035667770585874684
56	81	-0.0035667773012763686
55	77	-0.0035667778758485397
55	79	-0.0035667778758485397
55	82	-0.003566777900117432
55	84	-0.003566777900117432
17	55	-0.003566778069999693
19	55	-0.003566778069999693
20	55	-0.003566778069999693
32	55	-0.0035667781913441624
18	55	-0.0035667782156130617
22	56	-0.0035667782355817065
23	56	-0.0035667782355817065
24	56	-0.0035667782355817065
25	56	-0.0035667782355817065
26	55	-0.003566778579646473
27	55	-0.003566778579646473
28	55	-0.003566778579646473
29	55	-0.003566778579646473
31	55	-0.003566778579646473
55	80	-0.0035667785796464763
55	83	-0.0035667785796464763
30	55	-0.003566779647477831
22	55	-0.003566779969003179
23	55	-0.003566779969003179
24	55	-0.003566779969003179
25	55	-0.003566779969003179
55	76	-0.0035667806303830603
21	55	-0.0035667806485622233
55	78	-0.003566780654651956
55	81	-0.003566780897340898
7	54	-0.0035737345869296146
15	36	-0.003579096885506859
14	45	-0.003580738525150777
12	45	-0.0035807390172838266
41	68	-0.0035903567700147423
42	68	-0.003590357858399028
8	36	-0.003603239589019081
55	67	-0.0036057892005583285
57	67	-0.003605790579134592
56	67	-0.003605792029335326
16	61	-0.0036214661790622375
15	54	-0.0036219887239635658
16	69	-0.0036858890030933705
67	76	-0.003689575742695579
21	67	-0.0036895757591518946
67	78	-0.0036895757669570158
67	81	-0.0036895760095713784
22	67	-0.0036895769401571535
23	67	-0.0036895769401571535
24	67	-0.0036895769401571535
25	67	-0.0036895769401571535
32	67	-0.003689577028551695
18	67	-0.0036895770528131352
26	67	-0.0036895774167346775
27	67	-0.0036895774167346775
28	67	-0.0036895774167346775
29	67	-0.0036895774167346775
31	67	-0.0036895774167346775
30	67	-0.003689578484237871
67	77	-0.0036895785757981754
67	79	-0.0036895785757981754
67	82	-0.0036895786000596155
67	84	-0.0036895786000596155
17	67	-0.003689578769889665
19	67	-0.003689578769889665
20	67	-0.003689578769889665
67	80	-0.0036895792793798267
67	83	-0.0036895792793798267
7	67	-0.0036913472875932975
3	54	-0.0036978349794451054
4	54	-0.0036978353353033684
10	54	-0.0036978366570626434
2	59	-0.003747317364105645
1	59	-0.003747317505907219
36	60	-0.00376341731466337
65	73	-0.003792434054779508
43	66	-0.003795526708186822
35	75	-0.003818798558379747
37	75	-0.0038187995708205066
38	75	-0.0038187995708205066
22	63	-0.0038484068122389657
23	63	-0.0038484068122389657
24	63	-0.0038484068122389657
25	63	-0.0038484068122389657
21	63	-0.0038484074507460185
63	77	-0.0038484083752189403
63	79	-0.0038484083752189403
63	82	-0.0038484083996349755
63	84	-0.0038484083996349755
17	63	-0.0038484085705472112
19	63	-0.0038484085705472112
20	63	-0.0038484085705472112
32	63	-0.00384840869262738
18	63	-0.0038484087170434188
26	63	-0.003848409083283929
27	63	-0.003848409083283929
28	63	-0.003848409083283929
29	63	-0.003848409083283929
31	63	-0.003848409083283929
63	80	-0.0038484090832839324
63	83	-0.0038484090832839324
63	76	-0.003848409261222721
63	78	-0.0038484092856387563
63	81	-0.0038484095297990975
30	63	-0.0038484101575894346
63	70	-0.0038494652687367306
8	60	-0.00386063341249291
58	67	-0.0038794794828648192
6	67	-0.003902895905793704
36	74	-0.00393260863532955
2	33	-0.003942863709359912
1	33	-0.00394286384045844
6	36	-0.003962603601919277
8	39	-0.003967626456253762
11	63	-0.003975991452645763
13	63	-0.00397599150147783
9	36	-0.003976714645147587
65	72	-0.004020172364899249
36	41	-0.004031576618871789
36	42	-0.004031577761465902
5	36	-0.004057318280306654
12	36	-0.0040673735947096105
14	36	-0.004067375044384314
16	71	-0.0040802426291505454
56	74	-0.004101891976058203
55	74	-0.00410189269762971
57	74	-0.004101894235536162
35	68	-0.004105641691644336
37	68	-0.004105642739173746
38	68	-0.004105642739173746
16	37	-0.004109654018381412
16	38	-0.004109654018381412
16	35	-0.00410965490123371
6	65	-0.004125641665264974
33	53	-0.0041888346335935585
33	48	-0.004188834983189633
33	46	-0.0041888350924384025
33	49	-0.004188835136137912
33	47	-0.004188836714736254
33	50	-0.004188836780285515
33	51	-0.004188836780285515
33	52	-0.004188836780285515
33	44	-0.004188836998783061
11	36	-0.00422633802897187
13	36	-0.004226338071327811
11	55	-0.004253514425591333
13	55	-0.004253514474129121
11	56	-0.00425351542201733
13	56	-0.004253515470555112
11	57	-0.004253517694403484
13	57	-0.004253517742941262
7	36	-0.004320220248863724
36	40	-0.00432031174497249
7	70	-0.004326156086559833
39	64	-0.004328074605465061
13	67	-0.004332236317613536
11	67	-0.004332238131735815
33	54	-0.00434121477157209
16	34	-0.0043781915465381065
36	43	-0.004408083276222097
33	71	-0.004413276328904269
63	73	-0.004416243857172961
33	69	-0.0044330638420512075
6	45	-0.004437509551792181
4	66	-0.004444177866022216
10	66	-0.004444179048438159
3	66	-0.004444179410324611
33	66	-0.004455172718244856
6	70	-0.004460056313209448
7	58	-0.004462518432802633
8	69	-0.004466484282331835
7	73	-0.004503146665426849
33	61	-0.004534973591218506
11	73	-0.0045680628054917335
13	73	-0.004568062852585757
11	70	-0.004588659809285887
13	70	-0.004588661719638027
11	65	-0.004596662279984013
13	65	-0.004596662327889592
6	73	-0.0046110583369039886
63	72	-0.004622231669436677
2	58	-0.004654702950251787
1	58	-0.004654704952200009
30	40	-0.004742965527144521
17	40	-0.004742965773306972
19	40	-0.004742965773306972
20	40	-0.004742965773306972
22	40	-0.004742966086897716
23	40	-0.004742966086897716
24	40	-0.004742966086897716
25	40	-0.004742966086897716
26	40	-0.004742966295555227
27	40	-0.004742966295555227
28	40	-0.004742966295555227
29	40	-0.004742966295555227
31	40	-0.004742966295555227
40	76	-0.004742966442241824
40	78	-0.004742966467110789
40	81	-0.004742966715800434
40	77	-0.004742967437000405
40	79	-0.004742967437000405
40	82	-0.004742967461869373
40	84	-0.004742967461869373
32	40	-0.004742967760296944
18	40	-0.004742967785165912
40	80	-0.00474296815820038
40	83	-0.00474296815820038
21	40	-0.004742968461682342
4	71	-0.0047586990569298895
10	71	-0.004758700243865731
3	71	-0.004758700600015393
3	36	-0.004833003763593219
10	36	-0.0048330051613393495
4	36	-0.00483300592272997
33	72	-0.004866750884392791
40	68	-0.004888197408856897
8	41	-0.004906209491084529
8	42	-0.00490621244974563
5	63	-0.004921772684261798
11	72	-0.004934324756903308
13	72	-0.004934324803358665
7	72	-0.004949344722064212
16	58	-0.004970402811027792
11	74	-0.004975776089542097
13	74	-0.004975776136228308
8	61	-0.005004710442479715
33	45	-0.005017368184869839
16	62	-0.005020067904717169
33	74	-0.005037623938336323
6	72	-0.005040639161694227
33	73	-0.005054824283885977
33	62	-0.005075207671455563
40	75	-0.005075241148227997
14	63	-0.005099553867951325
12	63	-0.0050995562067091445
2	62	-0.005116616611859463
1	62	-0.005116616749861774
9	63	-0.005130082578198494
7	74	-0.0051467193207119614
26	39	-0.005164663814695762
27	39	-0.005164663814695762
28	39	-0.005164663814695762
29	39	-0.005164663814695762
31	39	-0.005164663814695762
30	39	-0.005164664925275616
39	82	-0.005164664970608281
39	84	-0.005164664970608281
17	39	-0.005164665147291438
19	39	-0.005164665147291438
20	39	-0.005164665147291438
32	39	-0.005164665273493692
18	39	-0.005164665298734147
22	39	-0.0051646656325089815
23	39	-0.0051646656325089815
24	39	-0.0051646656325089815
25	39	-0.0051646656325089815
39	80	-0.005164665677340911
39	83	-0.005164665677340911
39	76	-0.005164665798394932
39	78	-0.005164665823635384
21	39	-0.005164666041003699
39	81	-0.005164666076039895
39	77	-0.005164666808012978
39	79	-0.005164666808012978
15	45	-0.005167095175866637
56	70	-0.00519051560108456
57	70	-0.005190516006593999
55	70	-0.005190516419885327
3	60	-0.0052031233312464995
4	60	-0.005203123656584121
10	60	-0.005203124864981014
6	74	-0.0052057278265507136
15	67	-0.005227248894244335
22	43	-0.0052385707168580604
23	43	-0.0052385707168580604
24	43	-0.0052385707168580604
25	43	-0.0052385707168580604
21	43	-0.00523857115095238
30	43	-0.005238571908696515
43	77	-0.005238571935486831
43	79	-0.005238571935486831
43	82	-0.005238571960635527
43	84	-0.005238571960635527
17	43	-0.0052385721366764
19	43	-0.0052385721366764
20	43	-0.0052385721366764
32	43	-0.005238572262419881
18	43	-0.00523857228756858
26	43	-0.005238572664799022
27	43	-0.005238572664799022
28	43	-0.005238572664799022
29	43	-0.005238572664799022
31	43	-0.005238572664799022
43	80	-0.005238572664799025
43	83	-0.005238572664799025
43	76	-0.005238572792184128
43	78	-0.005238572817332827
43	81	-0.0052385730688197865
36	69	-0.005247070681381361
2	71	-0.005260419534497102
1	71	-0.005260419671451237
5	55	-0.005271455280222027
5	56	-0.005271458280825859
5	57	-0.0052714586779366475
6	59	-0.0052794346885286815
13	59	-0.005320831220254049
11	59	-0.005320833035632008
33	58	-0.00533612583484799
33	70	-0.005338334124359828
30	35	-0.005370040583363805
32	35	-0.00537004091814108
18	35	-0.005370040943605547
22	35	-0.005370041379530489
23	35	-0.005370041379530489
24	35	-0.005370041379530489
25	35	-0.005370041379530489
35	76	-0.0053700414311696094
30	37	-0.00537004145170495
30	38	-0.00537004145170495
35	78	-0.005370041456634073
35	81	-0.005370041711278719
21	35	-0.005370041725525472
32	37	-0.005370041786482163
32	38	-0.005370041786482163
18	37	-0.0053700418119466305
18	38	-0.0053700418119466305
22	37	-0.005370042247872034
22	38	-0.005370042247872034
23	37	-0.005370042247872034
23	38	-0.005370042247872034
24	37	-0.005370042247872034
24	38	-0.005370042247872034
25	37	-0.005370042247872034
25	38	-0.005370042247872034
37	76	-0.0053700422995106405
38	76	-0.0053700422995106405
37	78	-0.005370042324975108
38	78	-0.005370042324975108
35	77	-0.0053700424497481886
35	79	-0.0053700424497481886
35	82	-0.005370042475212656
35	84	-0.005370042475212656
37	81	-0.00537004257961976
38	81	-0.00537004257961976
21	37	-0.0053700425938667355
21	38	-0.0053700425938667355
17	35	-0.0053700426534639065
19	35	-0.0053700426534639065
20	35	-0.0053700426534639065
26	35	-0.005370043188217662
27	35	-0.005370043188217662
28	35	-0.005370043188217662
29	35	-0.005370043188217662
31	35	-0.005370043188217662
35	80	-0.005370043188217662
35	83	-0.005370043188217662
37	77	-0.005370043318089261
37	79	-0.005370043318089261
38	77	-0.005370043318089261
38	79	-0.005370043318089261
37	82	-0.0053700433435537286
37	84	-0.0053700433435537286
38	82	-0.0053700433435537286
38	84	-0.0053700433435537286
17	37	-0.005370043521804986
17	38	-0.005370043521804986
19	37	-0.005370043521804986
19	38	-0.005370043521804986
20	37	-0.005370043521804986
20	38	-0.005370043521804986
26	37	-0.005370044056558762
26	38	-0.005370044056558762
27	37	-0.005370044056558762
27	38	-0.005370044056558762
28	37	-0.005370044056558762
28	38	-0.005370044056558762
29	37	-0.005370044056558762
29	38	-0.005370044056558762
31	37	-0.005370044056558762
31	38	-0.005370044056558762
37	80	-0.0053700440565587655
37	83	-0.0053700440565587655
38	80	-0.0053700440565587655
38	83	-0.0053700440565587655
22	45	-0.005376096756200245
23	45	-0.005376096756200245
24	45	-0.005376096756200245
25	45	-0.005376096756200245
26	45	-0.0053760968022929165
27	45	-0.0053760968022929165
28	45	-0.0053760968022929165
29	45	-0.0053760968022929165
31	45	-0.0053760968022929165
45	76	-0.005376096923544196
45	78	-0.00537609694878179
45	81	-0.005376097201157712
30	45	-0.005376097912746982
45	77	-0.005376097933047889
45	79	-0.005376097933047889
45	82	-0.005376097958285482
45	84	-0.005376097958285482
17	45	-0.005376098134948628
19	45	-0.005376098134948628
20	45	-0.005376098134948628
32	45	-0.005376098261136587
18	45	-0.005376098286374184
45	80	-0.005376098664938066
45	83	-0.005376098664938066
21	45	-0.005376099028137727
5	67	-0.00537766288692626
36	53	-0.005411184365011125
36	47	-0.005411184576790847
36	49	-0.005411184852104477
36	50	-0.005411186502969907
36	51	-0.005411186502969907
36	52	-0.005411186502969907
36	48	-0.005411186566503825
36	46	-0.005411186672393681
36	44	-0.005411186714749626
12	56	-0.005451516430130875
14	55	-0.005451516676156381
12	57	-0.005451516826758214
12	55	-0.005451517149399825
14	56	-0.005451519682177813
14	57	-0.005451520078805144
16	60	-0.005491631540369364
9	67	-0.005507565608508593
9	55	-0.005512560376842342
9	56	-0.0055125633959391615
9	57	-0.005512563791399659
16	72	-0.005513952879715515
33	67	-0.005520512261561677
33	60	-0.00553769110695488
33	65	-0.005558022600507809
33	59	-0.005563352052834248
8	40	-0.005575677837388833
33	63	-0.005600716942157486
8	43	-0.005603672735100186
33	56	-0.0056350817828742135
33	57	-0.0056350821543200424
33	55	-0.005635082219962142
14	67	-0.005677852190412398
12	67	-0.005677852663510407
3	69	-0.005680786110580583
4	69	-0.005680786425780456
10	69	-0.005680787596522855
22	54	-0.005730491893128728
23	54	-0.005730491893128728
24	54	-0.005730491893128728
25	54	-0.005730491893128728
26	54	-0.005730493722109407
27	54	-0.005730493722109407
28	54	-0.005730493722109407
29	54	-0.005730493722109407
31	54	-0.005730493722109407
54	76	-0.005730493830881676
54	78	-0.005730493856300124
54	81	-0.005730494110484596
30	54	-0.0057304948405211
54	77	-0.005730494847619578
54	79	-0.005730494847619578
54	82	-0.0057304948730380265
54	84	-0.0057304948730380265
17	54	-0.005730495050967156
19	54	-0.005730495050967156
20	54	-0.005730495050967156
32	54	-0.005730495178059396
18	54	-0.005730495203477844
54	80	-0.005730495584754556
54	83	-0.005730495584754556
21	54	-0.0057304959772527565
5	65	-0.005744868559495998
36	54	-0.0057497347815994165
16	74	-0.005793632439126187
5	70	-0.005794379755129905
55	73	-0.005812375631955663
57	73	-0.005812377134484459
56	73	-0.005812378596830401
22	47	-0.005855394012569036
23	47	-0.005855394012569036
24	47	-0.005855394012569036
25	47	-0.005855394012569036
22	50	-0.0058553940692
22	51	-0.0058553940692
22	52	-0.0058553940692
23	50	-0.0058553940692
23	51	-0.0058553940692
23	52	-0.0058553940692
24	50	-0.0058553940692
24	51	-0.0058553940692
24	52	-0.0058553940692
25	50	-0.0058553940692
25	51	-0.0058553940692
25	52	-0.0058553940692
22	48	-0.0058553941258309775
23	48	-0.0058553941258309775
24	48	-0.0058553941258309775
25	48	-0.0058553941258309775
22	44	-0.005855394257969906
23	44	-0.005855394257969906
24	44	-0.005855394257969906
25	44	-0.005855394257969906
22	53	-0.005855395686444279
23	53	-0.005855395686444279
24	53	-0.005855395686444279
25	53	-0.005855395686444279
26	48	-0.005855395915819333
27	48	-0.005855395915819333
28	48	-0.005855395915819333
29	48	-0.005855395915819333
31	48	-0.005855395915819333
50	76	-0.005855395961859824
50	78	-0.005855395987366691
48	76	-0.00585539601849076
48	78	-0.005855396043997627
26	44	-0.005855396047958195
27	44	-0.005855396047958195
28	44	-0.005855396047958195
29	44	-0.005855396047958195
31	44	-0.005855396047958195
44	80	-0.005855396047958195
44	83	-0.005855396047958195
22	46	-0.0058553960828610745
23	46	-0.0058553960828610745
24	46	-0.0058553960828610745
25	46	-0.0058553960828610745
22	49	-0.005855396120615055
23	49	-0.005855396120615055
24	49	-0.005855396120615055
25	49	-0.005855396120615055
44	76	-0.005855396150629615
44	78	-0.005855396176136483
47	81	-0.005855396185804409
50	81	-0.0058553962424353415
51	81	-0.0058553962424353415
52	81	-0.0058553962424353415
21	50	-0.005855396266010289
46	81	-0.005855396393451177
44	81	-0.005855396431205136
49	81	-0.005855396431205136
30	47	-0.005855396924859528
47	77	-0.0058553969255035025
47	79	-0.0058553969255035025
47	82	-0.00585539695101037
47	84	-0.00585539695101037
30	50	-0.005855396981490468
30	51	-0.005855396981490468
30	52	-0.005855396981490468
50	77	-0.005855396982134442
50	79	-0.005855396982134442
51	77	-0.005855396982134442
51	79	-0.005855396982134442
52	77	-0.005855396982134442
52	79	-0.005855396982134442
50	82	-0.005855397007641306
50	84	-0.005855397007641306
51	82	-0.005855397007641306
51	84	-0.005855397007641306
52	82	-0.005855397007641306
52	84	-0.005855397007641306
30	48	-0.005855397038121414
48	77	-0.0058553970387653816
48	79	-0.0058553970387653816
48	82	-0.0058553970642722455
48	84	-0.0058553970642722455
17	47	-0.005855397129558425
19	47	-0.005855397129558425
20	47	-0.005855397129558425
30	46	-0.00585539713250632
46	77	-0.005855397133150277
46	79	-0.005855397133150277
46	82	-0.005855397158657145
46	84	-0.005855397158657145
30	44	-0.005855397170260283
30	49	-0.005855397170260283
44	77	-0.0058553971709042404
44	79	-0.0058553971709042404
49	77	-0.0058553971709042404
49	79	-0.0058553971709042404
17	50	-0.005855397186189361
17	51	-0.005855397186189361
17	52	-0.005855397186189361
19	50	-0.005855397186189361
19	51	-0.005855397186189361
19	52	-0.005855397186189361
20	50	-0.005855397186189361
20	51	-0.005855397186189361
20	52	-0.005855397186189361
44	82	-0.005855397196411108
44	84	-0.005855397196411108
49	82	-0.005855397196411108
49	84	-0.005855397196411108
17	48	-0.005855397242820307
19	48	-0.005855397242820307
20	48	-0.005855397242820307
32	47	-0.005855397257092752
18	47	-0.005855397282599619
32	50	-0.005855397313723688
32	51	-0.005855397313723688
32	52	-0.005855397313723688
17	46	-0.005855397337205203
19	46	-0.005855397337205203
20	46	-0.005855397337205203
18	50	-0.005855397339230555
18	51	-0.005855397339230555
18	52	-0.005855397339230555
32	48	-0.005855397370354634
17	44	-0.005855397374959163
17	49	-0.005855397374959163
19	44	-0.005855397374959163
19	49	-0.005855397374959163
20	44	-0.005855397374959163
20	49	-0.005855397374959163
18	48	-0.005855397395861502
32	46	-0.00585539746473953
26	53	-0.005855397476432791
27	53	-0.005855397476432791
28	53	-0.005855397476432791
29	53	-0.005855397476432791
31	53	-0.005855397476432791
53	80	-0.005855397476432794
53	83	-0.005855397476432794
18	46	-0.005855397490246397
32	44	-0.005855397502493493
32	49	-0.005855397502493493
18	44	-0.0058553975280003605
18	49	-0.0058553975280003605
53	76	-0.005855397579104249
53	78	-0.005855397604611113
26	47	-0.0058553976652026
27	47	-0.0058553976652026
28	47	-0.0058553976652026
29	47	-0.0058553976652026
31	47	-0.0058553976652026
47	80	-0.0058553976652026
47	83	-0.0058553976652026
26	50	-0.005855397721833536
26	51	-0.005855397721833536
26	52	-0.005855397721833536
27	50	-0.005855397721833536
27	51	-0.005855397721833536
27	52	-0.005855397721833536
28	50	-0.005855397721833536
28	51	-0.005855397721833536
28	52	-0.005855397721833536
29	50	-0.005855397721833536
29	51	-0.005855397721833536
29	52	-0.005855397721833536
31	50	-0.005855397721833536
31	51	-0.005855397721833536
31	52	-0.005855397721833536
50	80	-0.005855397721833539
50	83	-0.005855397721833539
51	80	-0.005855397721833539
51	83	-0.005855397721833539
52	80	-0.005855397721833539
52	83	-0.005855397721833539
47	76	-0.005855397767874037
48	80	-0.005855397778464479
48	83	-0.005855397778464479
47	78	-0.005855397793380904
51	76	-0.005855397824504973
52	76	-0.005855397824504973
51	78	-0.0058553978500118405
52	78	-0.0058553978500118405
53	81	-0.005855397859679763
26	46	-0.005855397872849381
27	46	-0.005855397872849381
28	46	-0.005855397872849381
29	46	-0.005855397872849381
31	46	-0.005855397872849381
46	80	-0.005855397872849381
46	83	-0.005855397872849381
26	49	-0.0058553979106033445
27	49	-0.0058553979106033445
28	49	-0.0058553979106033445
29	49	-0.0058553979106033445
31	49	-0.0058553979106033445
49	80	-0.0058553979106033445
49	83	-0.0058553979106033445
46	76	-0.005855397975520805
46	78	-0.005855398001027672
49	76	-0.0058553980132747645
49	78	-0.005855398038781632
21	47	-0.005855398072024488
21	51	-0.005855398128655438
21	52	-0.005855398128655438
48	81	-0.00585539816171143
21	48	-0.005855398185286395
21	46	-0.005855398279671312
21	44	-0.005855398317425282
21	49	-0.005855398317425282
30	53	-0.005855398598734858
53	77	-0.005855398599378853
53	79	-0.005855398599378853
53	82	-0.005855398624885717
53	84	-0.005855398624885717
17	53	-0.005855398803433772
19	53	-0.005855398803433772
20	53	-0.005855398803433772
32	53	-0.0058553989309680955
18	53	-0.0058553989564749664
21	53	-0.005855399745899794
1	60	-0.005863069272280502
2	60	-0.0058630728581403856
22	42	-0.005876813586918238
23	42	-0.005876813586918238
24	42	-0.005876813586918238
25	42	-0.005876813586918238
21	42	-0.005876813902766988
22	41	-0.005876814228735903
23	41	-0.005876814228735903
24	41	-0.005876814228735903
25	41	-0.005876814228735903
42	77	-0.005876814606351959
42	79	-0.005876814606351959
30	42	-0.00587681461050045
42	82	-0.005876814631924476
42	84	-0.005876814631924476
17	42	-0.005876814810932086
19	42	-0.005876814810932086
20	42	-0.005876814810932086
32	42	-0.005876814938794661
18	42	-0.005876814964367181
41	77	-0.005876815248169274
41	79	-0.005876815248169274
30	41	-0.0058768152523178165
41	82	-0.00587681527374179
41	84	-0.00587681527374179
26	42	-0.005876815347954912
27	42	-0.005876815347954912
28	42	-0.005876815347954912
29	42	-0.005876815347954912
31	42	-0.005876815347954912
42	80	-0.005876815347954912
42	83	-0.005876815347954912
42	76	-0.005876815446096487
17	41	-0.0058768154527494045
19	41	-0.0058768154527494045
20	41	-0.0058768154527494045
42	78	-0.005876815471669003
32	41	-0.005876815580611983
18	41	-0.005876815606184502
42	81	-0.005876815727394156
41	80	-0.005876815989772244
41	83	-0.005876815989772244
26	41	-0.005876815989772247
27	41	-0.005876815989772247
28	41	-0.005876815989772247
29	41	-0.005876815989772247
31	41	-0.005876815989772247
41	76	-0.00587681608791377
41	78	-0.005876816113486286
41	81	-0.00587681636921145
21	41	-0.00587681640722959
5	73	-0.005887700673761025
10	61	-0.005923982983054726
3	61	-0.005923985220662224
4	61	-0.005923985536231302
14	65	-0.0059440435147391085
12	65	-0.005944043981818553
9	70	-0.005944145741509293
9	65	-0.006009953930098337
15	70	-0.006024177939015895
56	72	-0.0060269166574685
57	72	-0.006026918914984216
55	72	-0.006026919219696461
9	73	-0.006040965659867836
2	36	-0.006067437818757456
1	36	-0.006067437945825288
16	73	-0.006074469599801451
14	70	-0.0061231761019339415
12	70	-0.006123176567077122
54	64	-0.006125553213093687
12	73	-0.006231841642290504
14	73	-0.006231844908414063
2	69	-0.006250440888668163
1	69	-0.006250441023753824
16	59	-0.00628329842540987
8	47	-0.006283976831661507
8	51	-0.006283976899305255
8	52	-0.006283976899305255
8	46	-0.006283977079688599
8	44	-0.006283977124784436
8	49	-0.006283977124784436
8	50	-0.006283978761950405
8	48	-0.006283978829594163
8	53	-0.006283980331472629
5	72	-0.006298197293469591
15	73	-0.006333640499244335
6	63	-0.0063404756109048145
11	62	-0.006377905616275045
13	62	-0.006377905662275814
46	64	-0.006381134883053315
49	64	-0.006381134926344852
53	64	-0.0063811362911373425
50	64	-0.006381136572532323
48	64	-0.006381136637469625
44	64	-0.006381136788990001
47	64	-0.00638113837024017
51	64	-0.006381138435177472
52	64	-0.006381138435177472
5	74	-0.006394244511499621
36	45	-0.006398171585142873
11	58	-0.006407490948609349
13	58	-0.0064074909950437055
36	72	-0.006427805629068441
35	64	-0.006451603305405413
37	64	-0.006451604301110726
38	64	-0.006451604301110726
9	72	-0.006459458553681061
16	70	-0.0065230386884669415
16	39	-0.006523777959928621
42	64	-0.006526477126630573
41	64	-0.0065264778625866715
11	71	-0.006531733707486751
13	71	-0.006531733753138126
8	68	-0.00653873897728835
2	61	-0.006557301927181711
1	61	-0.006557302062425604
9	74	-0.006578282914828464
5	59	-0.006625886788527099
12	72	-0.006637453947013351
14	72	-0.006637455356718731
6	62	-0.00668415119677675
8	59	-0.006708286236234973
3	64	-0.006719285205143016
4	64	-0.006719285508183761
10	64	-0.006719286633763682
8	54	-0.006727055370473224
12	74	-0.006740588240572224
14	74	-0.006740589648026794
6	55	-0.006744243033095478
6	56	-0.006744246085583442
6	57	-0.006744248340709299
4	63	-0.006767080506556469
3	63	-0.006767082027377143
10	63	-0.006767083638835398
15	72	-0.006823635198542951
7	71	-0.006831699951484395
12	59	-0.006865127073168567
14	59	-0.006865128474958602
16	65	-0.006871480000316392
6	71	-0.006887648884854332
9	59	-0.006928030686635292
16	40	-0.0069311897673089255
36	73	-0.00693904174161895
16	67	-0.006947262259789023
11	60	-0.006949682663445825
13	60	-0.006949682709922626
15	59	-0.006950421550219039
15	74	-0.007072688741927107
8	75	-0.007097792016092428
10	55	-0.007110729144541077
10	56	-0.007110730195539046
3	57	-0.007110730861308475
3	55	-0.0071107312680843415
4	55	-0.00711073160784886
3	56	-0.007110732319082585
10	57	-0.007110732463055255
4	56	-0.007110732658847048
4	57	-0.007110733063718091
2	66	-0.007130738801049134
1	66	-0.007130738937481746
16	42	-0.007160877894757712
16	41	-0.0071608786189524265
16	43	-0.007161592373364972
7	63	-0.007231797298358541
36	70	-0.007349100475372607
11	69	-0.0073744381493561495
13	69	-0.007374438194384703
16	57	-0.007387455868991928
16	56	-0.007387459232184864
16	55	-0.007387461427160114
6	60	-0.007486691272790929
7	60	-0.007529335330631673
11	61	-0.007537086190969957
13	61	-0.00753708623605125
4	68	-0.0075888298312394645
10	68	-0.007588831015403145
3	68	-0.0075888313750713185
16	63	-0.007616046130352674
8	58	-0.007652294691463973
15	63	-0.007666917064796486
7	55	-0.0076762436136509
7	56	-0.007676246653271587
7	57	-0.007676247046900557
4	65	-0.00768384385455766
3	65	-0.007683845381863723
10	65	-0.00768384696274799
36	67	-0.007686640230497865
16	46	-0.007697739764157319
16	53	-0.007697741179505734
16	47	-0.007697741392504183
16	51	-0.007697741456403711
16	52	-0.007697741456403711
16	48	-0.007697741520303249
16	44	-0.00769774166940216
16	49	-0.00769774166940216
16	50	-0.00769774331904886
5	58	-0.0077199535964538185
10	75	-0.007730551138511406
3	75	-0.007730551548524166
4	75	-0.007730551856658309
16	54	-0.0077845846666338946
5	62	-0.007840141797145598
7	69	-0.007875404448903674
7	66	-0.007880170473963246
6	69	-0.007902572961490592
12	58	-0.007935702520949599
14	58	-0.00793570393085977
5	71	-0.0079683386357567
9	58	-0.00799094867400437
11	66	-0.008071311797748
13	66	-0.008071311843225536
16	45	-0.008084169973991074
14	62	-0.008090519728879583
12	62	-0.008090520177387095
40	64	-0.008093742592861577
2	68	-0.008104361786611114
1	68	-0.008104361923245387
9	62	-0.008135518717004554
9	71	-0.008154559169685067
15	55	-0.008194866855723335
15	56	-0.008194870048232845
15	57	-0.008194870428218193
2	75	-0.008243947349619973
1	75	-0.008243947481677467
14	71	-0.008274026540663632
12	71	-0.008274026985764574
7	65	-0.00838595375432103
43	64	-0.008394515727961821
7	61	-0.008403569919934815
5	60	-0.008530939847434752
15	62	-0.008572614024500078
6	66	-0.00867775273978788
10	59	-0.008724227485782002
3	59	-0.008724229651254994
4	59	-0.008724229982125332
8	62	-0.008733860435529171
15	71	-0.00873601545816734
14	60	-0.008820533373595108
12	60	-0.008820533826743943
9	60	-0.008845503481721095
5	69	-0.008928339669889776
11	75	-0.008999440518375597
13	75	-0.00899944056239476
11	68	-0.009013190500282379
13	68	-0.009013190545827134
15	65	-0.009026544590006565
9	69	-0.009129011896883855
14	69	-0.009234441560670555
12	69	-0.009234441999698955
6	58	-0.009349526821372911
7	68	-0.009382011812504937
6	68	-0.009393082971576625
14	61	-0.009579977613939424
12	61	-0.009579978984804647
9	61	-0.009599775074281634
7	59	-0.009604787612060003
15	60	-0.009607582447171279
6	75	-0.009626024866218698
7	75	-0.00963523675416236
5	66	-0.009638718965046728
14	66	-0.009898321976795816
12	66	-0.009898322420201798
9	66	-0.009912864813321858
15	69	-0.009916474313677412
6	64	-0.009918086607482838
3	62	-0.009982753681066544
4	62	-0.009982754003071935
10	62	-0.009982755199091965
5	68	-0.010268537074258028
7	64	-0.010323508156209069
9	68	-0.010394595793434047
5	75	-0.010409794790466144
14	68	-0.01047432856516943
12	68	-0.010474329009230812
9	75	-0.010521989258661678
14	75	-0.010606974743996484
12	75	-0.010606975173183326
15	61	-0.010668217140956098
15	66	-0.010701219283319009
15	68	-0.010732093090294756
8	63	-0.01096181862490261
15	75	-0.01102414578669847
7	62	-0.011025228778980559
2	64	-0.011147498866430426
1	64	-0.011147498996305034
15	58	-0.01133972535221554
8	55	-0.011430387028907599
8	56	-0.011430389252787325
8	57	-0.011430389636101927
11	64	-0.0116262667045464
13	64	-0.011626266747837934
15	64	-0.011694146285085971
8	65	-0.0122731295479484
5	64	-0.013233107308538813
9	64	-0.013396270099825618
14	64	-0.013430804419379348
12	64	-0.013430804841471817