#==========================================================================
# The first and second rows contain site pairs (i, j) such that j > i
# The third row contains coevolutionary scores obtained 
# using plmDCA-pydca algorithm.
# Note that in this data sites are counted/labelled starting from 1
#==========================================================================
26	47	0.820830773774451
30	41	0.8013668110524481
27	46	0.7941550839768827
33	38	0.666006713035421
31	40	0.6079465265207733
25	48	0.5560258450463567
21	52	0.5538402101815705
29	42	0.5001803360485946
20	53	0.4873919067963992
32	39	0.4680694770344178
24	49	0.46090397805642475
1	54	0.3009397914600107
1	19	0.2265229384910845
19	54	0.20808921694978544
25	47	0.184827260299502
47	48	0.1678137323988836
67	68	0.15832082027668953
31	33	0.15051989599308277
25	26	0.1492409487673294
26	48	0.14889218140444593
19	20	0.12916532170432152
1	55	0.12841952090721678
61	62	0.1261737350089156
20	21	0.1163679346341403
61	63	0.11035458526722018
31	39	0.10586099282693323
31	38	0.10585356556063594
28	45	0.1046026052220277
24	26	0.10397836177957978
20	52	0.1021476774035495
66	67	0.10152543025921974
66	68	0.09977455264363193
59	64	0.0991398808969154
52	53	0.09741042170745047
63	64	0.09488529905299543
26	49	0.09208950661284643
24	48	0.0900484914873407
24	66	0.08772101285556441
55	57	0.08736830609235019
31	43	0.08606561349519878
24	47	0.08407488615686548
20	54	0.08139974639351899
63	70	0.0812585173746533
27	43	0.08090390537567828
47	49	0.08082579776209467
1	43	0.0801306841330537
36	44	0.07867975760821376
22	23	0.07756008505053275
33	40	0.07747677375700568
19	43	0.07727824603819786
32	69	0.07693400861018729
32	66	0.0767690777458806
19	55	0.07631535952248175
67	70	0.07587193742527386
19	52	0.07449918272353079
64	65	0.07437381458192191
31	32	0.07424238160695454
21	53	0.07405137349682464
36	53	0.07282166039473373
27	44	0.07275256291202632
24	25	0.0718623453764624
65	70	0.07171825363898522
34	55	0.07145811582093486
56	57	0.07095768679417955
34	44	0.0708960241973543
32	61	0.07046190347531318
34	37	0.07013794422351866
32	33	0.06969222340234427
1	57	0.06911361991555115
57	65	0.06896686825465023
19	30	0.06852660398210952
63	65	0.06840035813699896
34	42	0.06778009907005002
68	69	0.06757849244230629
38	44	0.06687008295727873
23	50	0.06593215468944859
43	54	0.0651309124368709
19	21	0.06424940713186196
58	60	0.0640450354096949
39	61	0.06318990139371831
64	70	0.06260356158897092
56	65	0.06246753207820738
44	70	0.06207311032461643
1	20	0.061793160626417376
67	69	0.06076945009441993
35	62	0.06073495425958381
33	39	0.06067184452548269
29	51	0.06053902599177253
58	67	0.05958410135435052
36	55	0.059350598433939125
54	57	0.05889199854558955
1	60	0.05879876791512645
1	66	0.0566753639042383
40	41	0.0550803597633748
43	45	0.0542522097482475
69	70	0.05424653699598786
35	53	0.054190818039216784
42	63	0.054082136769460915
27	48	0.05402027229731726
44	68	0.0539845731022376
22	29	0.05376281841259658
58	59	0.053704913225231174
55	67	0.05344049155921335
46	48	0.05334420281612913
22	51	0.053203500826863516
33	66	0.05271390592857775
55	56	0.05248892302045298
30	33	0.052048787701441834
28	37	0.05170906332572061
19	41	0.051335748232182316
23	37	0.051293289999049724
58	65	0.051019084414014565
23	51	0.05082611773991868
23	28	0.050453247143695326
35	39	0.05019604026765599
59	63	0.0500532047877047
24	62	0.049833391036648744
54	56	0.04943264409047375
53	54	0.049265060451157
25	27	0.04921377893770429
36	60	0.04900974206224938
36	37	0.04891591779173757
25	49	0.04888563208694323
37	50	0.048775545455425465
43	66	0.04875246241245747
54	61	0.0485259648929313
39	64	0.048410259669441166
64	66	0.04830374337706614
28	50	0.04805043189033919
38	55	0.04788488969701718
60	66	0.04714380217628049
48	49	0.04651095692838357
64	67	0.04640356193182077
33	44	0.046368223371704154
23	45	0.046256477293936164
19	38	0.04621704808501928
45	50	0.04603459007212451
35	37	0.04599812784252684
37	45	0.045950956649462284
33	41	0.04551504901438716
40	44	0.045445123767294426
22	37	0.04525184269197324
29	30	0.04505085697246823
30	40	0.04482694671662574
27	49	0.04436929566449099
54	64	0.044363612520043116
32	40	0.04407228156330545
37	51	0.0438965719402317
52	61	0.043526594888398454
22	28	0.04348685042639604
49	66	0.042344080347197735
31	34	0.04195191837960893
35	45	0.04172991636370086
22	50	0.04168875752172646
60	62	0.041451860181019665
20	57	0.04101824165085123
29	35	0.04100248847437535
50	51	0.04084904973351451
46	49	0.0407912023088951
59	68	0.04059218172839106
21	23	0.0405349347262272
25	54	0.04049162247932431
55	69	0.040328070157976556
28	51	0.03998183481980178
49	68	0.03960366149538412
40	62	0.03919873310345082
35	66	0.039021801662861
41	48	0.038953912449364914
52	57	0.03832986283345799
53	57	0.038068496254456144
21	57	0.037604195648400285
37	62	0.03710713333439837
19	29	0.03703850271972395
24	46	0.03695866640770913
25	67	0.036918631890160966
56	69	0.036570636206123
22	45	0.03627864940220799
24	68	0.03618864895715326
21	61	0.03598604743394061
40	69	0.03594556109871383
30	48	0.035854204054129285
21	22	0.03576185063508485
1	50	0.035654019376243434
29	41	0.03565031125398385
40	70	0.03542312488555413
35	36	0.03539624709181051
35	42	0.03538328349384233
63	68	0.03538186595725469
48	59	0.035288930901246504
62	66	0.03510600294192427
60	64	0.03510249149116358
45	51	0.03457720820674807
54	63	0.03445341365937196
20	69	0.03388207725774997
43	63	0.033862947107761124
57	69	0.03384986912416485
24	40	0.03334067651984812
42	65	0.033296773778263664
41	65	0.03324243227865363
36	56	0.03286340579066786
20	35	0.032825246374711486
42	51	0.03266826451284385
34	57	0.03244825430050323
46	62	0.0320854972549376
43	44	0.03208342898289171
32	50	0.03168169020200018
35	43	0.03132097576122722
44	46	0.031306701671835066
19	57	0.030881672691516718
19	56	0.030854337333786758
34	36	0.03055087206987312
42	44	0.030355235509022513
40	56	0.03003790901437778
22	65	0.02904300711590377
44	57	0.028839738093240794
24	27	0.02870373300875166
39	69	0.02860472865427051
39	43	0.02855998244810197
31	61	0.028415276373044654
48	64	0.02836564665549675
39	60	0.02824810638580165
46	58	0.028192374297035486
60	61	0.028187507515051155
57	60	0.028143803452843327
24	60	0.027843898564329783
53	56	0.02776383546461607
43	65	0.027751690832971077
50	53	0.027733185687422057
38	70	0.02733250999219368
26	46	0.027303460354324877
26	27	0.02696087627857148
59	69	0.026801258328070454
38	54	0.026786087719254947
25	46	0.02657874218433659
50	61	0.026226148188352533
22	34	0.026005178069182726
19	59	0.025798237043517094
68	70	0.02562128337278284
42	53	0.02552850426824374
43	67	0.025337130949879716
19	65	0.02531115273150958
39	68	0.025258924426861784
1	35	0.025239903896673146
27	69	0.02521794552410543
59	67	0.024974517658352846
27	59	0.02460027407279447
1	32	0.024576771264056635
62	67	0.02457146735789502
43	70	0.02454330124780159
48	54	0.024467866278479855
55	68	0.02428792088746473
28	34	0.024163714985727863
24	55	0.023848691796144003
32	43	0.023698825098621562
63	69	0.02362990403008461
23	34	0.023562924066448117
37	42	0.023329996436900063
60	70	0.02327841165023173
60	69	0.023060962759213738
28	49	0.02301909154285755
26	50	0.022927581790284743
40	68	0.02273508001954405
60	67	0.022685284051983085
58	69	0.02262141367315819
47	66	0.02254533513700835
56	60	0.022498287182767723
25	31	0.022445503120757715
43	57	0.022336649658062632
33	35	0.02231958194902696
21	56	0.022262043293701392
22	25	0.02209787477268642
43	68	0.022081781655980806
29	64	0.02206378135952465
36	43	0.02203329650201588
52	56	0.02196943084314941
44	60	0.021894752878978255
65	69	0.02158949575897759
32	64	0.021481490915173915
59	61	0.021367609366840956
51	62	0.021326273512315898
39	67	0.02126996564784453
41	44	0.021000645807910112
23	36	0.02093149182655101
40	43	0.020860215733609105
32	67	0.020666607578815457
10	11	0.020620627155889998
5	11	0.02062062706094983
3	11	0.020620626997656384
7	11	0.02062062697655857
6	11	0.020620626944911846
10	17	0.020620626934362937
2	11	0.020620626913265126
9	11	0.020620626913265126
3	5	0.02062062689216731
5	7	0.020620626871069494
4	11	0.020620626839422774
5	6	0.02062062683942277
5	17	0.02062062683942277
10	15	0.020620626828873865
10	18	0.02062062681832496
3	7	0.02062062680777605
5	9	0.02062062680777605
8	11	0.020620626786678236
3	6	0.020620626776129324
3	17	0.020620626776129324
6	7	0.02062062675503151
7	17	0.02062062675503151
2	3	0.020620626744482604
3	9	0.020620626744482604
4	5	0.020620626733933695
5	15	0.020620626733933695
2	7	0.020620626723384786
5	18	0.020620626723384786
6	17	0.020620626723384786
7	9	0.020620626723384786
2	6	0.020620626691738066
2	17	0.020620626691738066
6	9	0.020620626691738066
9	17	0.020620626691738066
3	15	0.020620626670640248
3	18	0.020620626660091342
2	9	0.02062062666009134
4	7	0.020620626649542433
7	15	0.020620626649542433
7	18	0.020620626638993528
4	6	0.02062062661789571
4	17	0.02062062661789571
6	15	0.02062062661789571
6	18	0.0206206266073468
4	9	0.02062062658624899
2	15	0.020620626586248986
9	15	0.020620626586248986
2	18	0.02062062657570008
9	18	0.02062062657570008
8	17	0.020620626565151172
8	9	0.02062062653350445
4	15	0.020620626512406634
4	18	0.020620626501857725
8	15	0.020620626459662093
8	18	0.020620626449113184
11	14	0.02062062515610905
10	14	0.020620625145560144
11	13	0.020620625145560144
10	13	0.020620625135011235
3	10	0.020620625124462326
7	10	0.02062062510336451
6	10	0.020620625071717788
11	12	0.020620625061168886
10	12	0.020620625050619977
5	14	0.020620625050619974
5	13	0.020620625040071068
9	10	0.020620625040071068
13	14	0.020620624997875436
3	14	0.02062062498732653
3	13	0.02062062497677762
4	10	0.020620624966228716
7	14	0.020620624966228712
5	12	0.020620624955679807
7	13	0.020620624955679807
6	14	0.020620624934581992
14	17	0.020620624934581992
6	13	0.020620624924033083
13	17	0.020620624924033083
8	10	0.020620624913484178
12	14	0.020620624913484174
2	14	0.02062062490293527
9	14	0.02062062490293527
12	13	0.02062062490293527
3	12	0.020620624892386363
2	13	0.02062062489238636
9	13	0.02062062489238636
7	12	0.020620624871288545
6	12	0.020620624839641822
12	17	0.020620624839641822
4	14	0.020620624829092916
14	15	0.020620624829092916
4	13	0.020620624818544007
5	8	0.020620624818544007
13	15	0.020620624818544007
14	18	0.020620624818544007
2	12	0.0206206248079951
3	4	0.0206206248079951
9	12	0.0206206248079951
13	18	0.0206206248079951
8	14	0.020620624776348375
8	13	0.02062062476579947
3	8	0.02062062475525056
4	12	0.020620624734152746
7	8	0.020620624734152746
12	15	0.020620624734152743
12	18	0.020620624723603837
6	8	0.020620624702506023
8	12	0.020620624681408205
2	8	0.0206206246708593
4	8	0.020620624597016943
5	16	0.020620623599382222
14	16	0.020620623557186593
13	16	0.020620623546637684
3	16	0.02062062353608878
7	16	0.020620623514990964
6	16	0.02062062348334424
16	17	0.02062062348334424
12	16	0.020620623462246426
2	16	0.02062062345169752
9	16	0.02062062345169752
4	16	0.02062062337785517
15	16	0.02062062337785517
16	18	0.020620623367306263
8	16	0.020620623325110634
11	17	0.020620623219621548
11	15	0.020620623114132472
11	18	0.020620623103583566
15	17	0.02062062289260541
17	18	0.020620622882056502
2	4	0.020620622860958688
15	18	0.020620622776567427
11	16	0.02062062184222614
10	16	0.020620619969032083
2	10	0.02062061945213562
2	5	0.020620619357195454
5	10	0.020620615874530027
38	60	0.020592382970177014
35	69	0.020554847622872574
59	70	0.020469403470724595
28	36	0.02044557841609064
34	50	0.020393696961745277
38	39	0.020241418935616096
27	67	0.020116260161175847
20	51	0.020000838335547805
36	39	0.019864203664048785
21	49	0.019861389373720964
39	42	0.019825626998997842
30	44	0.01982329130853197
43	46	0.01953276253425311
37	46	0.01945779181689651
20	22	0.019428272745165127
37	52	0.019383483342204855
56	59	0.019342505466338547
36	41	0.019130839007134345
1	27	0.019043212874559637
1	48	0.018968306423624515
46	50	0.018846256999073954
55	66	0.018775928268750186
36	54	0.018711619918042405
66	70	0.018661300139597978
20	23	0.018656962954037577
30	42	0.018636041306657802
21	37	0.018556039897142745
53	65	0.018531490682378304
47	50	0.018436320133950718
62	68	0.018309020835427417
44	66	0.018090890903313964
28	43	0.01783061467164871
45	49	0.01776819573615989
28	30	0.017687414023447104
29	37	0.017558125218888013
31	55	0.017544953327637655
36	45	0.01748391205328513
64	68	0.017469321900945023
42	58	0.017340023335851093
47	64	0.01701269500407776
31	60	0.016868326985114895
63	67	0.016763432010023255
23	52	0.01665500575707423
56	61	0.016651675898895005
32	68	0.016648237995419438
28	52	0.016636236298403342
32	70	0.01637250423629877
21	28	0.01604444881069976
29	49	0.01600226860783631
59	65	0.015919421134008585
23	42	0.015911968183075033
19	25	0.015774459234099314
34	35	0.015654006013322515
23	46	0.015638838183262893
23	29	0.015513722791389052
47	65	0.015498797363331887
36	50	0.015349048623147427
30	36	0.015308985218510332
31	70	0.015210029311030271
21	33	0.01514055229022114
34	45	0.015128820335979398
23	27	0.014993157835454213
32	60	0.014986398546941657
50	62	0.01489774801652105
27	47	0.014890411435373105
45	62	0.014865999676458345
66	69	0.014690623436296804
35	61	0.01468281990013455
33	52	0.014546808486549448
49	52	0.01450106399320443
58	68	0.014497451742802911
20	67	0.014367855077435557
62	63	0.014316405936075763
22	62	0.014206604855321277
27	37	0.014016939321308729
19	53	0.013947583245222522
34	58	0.013943725492784574
58	63	0.013818634148046113
48	63	0.013659852341025402
36	52	0.013576722969775024
38	58	0.013538809600093085
52	54	0.013476712060474863
22	36	0.013472955988528088
39	62	0.013453796042281613
22	49	0.013448636936366838
44	56	0.013430778425962867
28	35	0.013316460035921011
28	46	0.013255531442078958
55	70	0.013234356883782272
35	38	0.01321832946145246
23	62	0.012919699758733229
32	51	0.012882397503582832
34	54	0.012823115482723163
34	51	0.012820599454098046
38	63	0.012763177488213664
50	52	0.012745046205194038
65	68	0.012582150012607707
20	60	0.012060591463303669
34	46	0.012042624378565042
43	69	0.011982543440681573
22	52	0.011952073122058149
49	70	0.011747212269914861
49	58	0.011619459027522636
21	50	0.011517416915773834
19	45	0.011388281397285246
44	51	0.011243517857032814
52	70	0.011194982796826042
23	35	0.011137698977689604
45	52	0.011076339156825148
26	67	0.011060501454539504
24	28	0.011041583850253639
38	61	0.01099937056027979
52	68	0.01078343754354287
28	42	0.010729587731291422
56	58	0.010701149804995161
22	61	0.010391341068142691
34	70	0.01022412147450974
21	68	0.01022378243744368
27	28	0.010162478068745241
29	36	0.010121806278888576
30	45	0.010046423868387798
22	27	0.009986577085222471
22	46	0.009971325517670437
26	38	0.009859121348418903
47	69	0.0098000519441718
28	41	0.009785975530346921
1	36	0.009741244745322966
21	45	0.009663426329418148
48	67	0.009608710898967088
36	58	0.00938953013186132
42	50	0.009282329814362
41	56	0.0091511197806379
20	29	0.009141225723309623
47	67	0.009069673845590001
51	65	0.009052036182624124
54	59	0.009030560942503887
24	45	0.00901999260907474
21	54	0.009010467840316366
38	40	0.008985526790196763
20	58	0.008688072822370038
1	44	0.008615454178650367
45	46	0.008511846691979692
28	62	0.008492952885916706
41	63	0.00840750953282185
19	33	0.008355032635889409
26	51	0.00833454152847686
54	55	0.008258281422267588
31	69	0.00823775481244228
25	68	0.008229189575648624
39	63	0.00822456709146012
41	64	0.008122269176233612
29	32	0.008040059981422126
42	69	0.00799723698232288
36	51	0.00799470226711374
28	32	0.007903773958547307
47	51	0.00788995596112961
22	24	0.007823156752140938
54	70	0.007745064969439594
32	65	0.007718797981027453
20	55	0.007635961816885695
55	60	0.007629657325661746
37	44	0.0075666666234871505
29	65	0.007535013621866968
51	55	0.007449036076376647
11	58	0.007391570822805359
10	58	0.007391570797253395
14	58	0.00739157046507791
3	58	0.007391570413973991
7	58	0.007391570362870071
17	58	0.007391570286214184
12	58	0.007391570235110268
9	58	0.007391570209558305
4	58	0.007391570030694582
15	58	0.007391570030694582
18	58	0.0073915700051426225
8	58	0.007391569902934776
16	58	0.007391567736314074
5	58	0.007391566841995455
13	58	0.007391566714235652
6	58	0.007391566560923886
2	58	0.007391566484268006
60	65	0.007385832378338647
31	36	0.00729497741066111
27	45	0.007172086517975122
49	64	0.007004270703189264
29	63	0.006848421594087897
56	70	0.006781672313310241
23	44	0.006688980825839061
35	40	0.006636551038455618
62	64	0.006574393782754442
24	65	0.006469313948016961
31	67	0.006402291009504818
30	60	0.006336189109519261
49	51	0.006241945096783046
22	42	0.006108564396884668
40	65	0.006064667487036671
21	51	0.006039541828593932
29	50	0.005781527042942804
22	63	0.005670618235455928
29	43	0.00562096938968186
51	52	0.005618230260917574
57	70	0.005598019833482196
35	51	0.005379193518626119
14	59	0.005359214225498173
13	59	0.005359214197882305
12	59	0.005359213976955386
4	59	0.005359213756028464
15	59	0.005359213756028464
18	59	0.005359213728412596
16	59	0.005359213439871776
11	59	0.00535921274947514
10	59	0.005359212721859272
5	59	0.005359212473316489
3	59	0.005359212307621295
7	59	0.005359212252389563
6	59	0.005359212169541966
17	59	0.005359212169541966
2	59	0.0053592120866943725
9	59	0.0053592120866943725
8	59	0.005359211755303985
56	66	0.0052333827917246944
29	57	0.00519842341322771
35	50	0.005164446561347215
20	70	0.0051545075823985625
27	50	0.0051062565614384825
36	57	0.005104476819137976
58	64	0.004986479842736494
40	59	0.004784495677013181
41	67	0.004670375841408489
29	53	0.004639427731530865
29	39	0.004619891536417328
38	59	0.004584762659716468
41	42	0.004322538871356543
53	67	0.004162330352950716
44	63	0.004103955926251318
19	50	0.004041232184180288
53	59	0.003971773400935144
1	37	0.0038280131170695467
46	55	0.003745991275253227
34	56	0.0037247841241116048
58	61	0.0036735478571595648
34	62	0.003650410481706723
23	63	0.003498797427785777
22	56	0.003450378601964954
46	51	0.003392187134491506
35	63	0.0033312943680552376
31	58	0.003165634577546414
26	65	0.003130491205079619
42	43	0.0030210777039581527
22	59	0.002884601907588394
28	29	0.0028249151768533
29	59	0.0027785116045683927
37	61	0.002663672525351171
30	50	0.0026591692514160853
25	43	0.0026544101243967944
49	53	0.002648128894880683
30	64	0.0026313086846973255
19	36	0.0026270230029906555
30	63	0.002617317313749673
42	45	0.0025902307913810846
32	37	0.002452568887192988
57	58	0.002415977792389279
34	53	0.0023619316103504623
19	64	0.002334926238769547
53	60	0.002289373976112813
62	70	0.002084704483086869
36	42	0.0020411583885331375
11	37	0.0020337363006053717
18	37	0.002033735771470948
14	37	0.002033734206463911
13	37	0.0020337341899284607
3	37	0.0020337341733930106
7	37	0.0020337341403221087
6	37	0.002033734090715755
15	37	0.002033733925361249
2	37	0.0020337321784642554
4	37	0.0020337320627160996
8	37	0.002033731980038844
10	37	0.002033730696134472
5	37	0.002033730547315416
17	37	0.0020337303654254565
12	37	0.0020337303323545563
9	37	0.002033730315819106
16	37	0.0020337292634110445
24	67	0.002013275065620407
19	67	0.001972488520046667
5	23	0.0019698848567268872
10	23	0.0019698831439538215
17	23	0.0019698828109047436
12	23	0.001969882777599838
15	23	0.0019698826443802046
18	23	0.001969882627727751
16	23	0.0019698817142724777
11	23	0.0019698812979611277
13	23	0.0019698810481743184
3	23	0.0019698810315218647
2	23	0.001969880898302233
9	23	0.001969880898302233
4	23	0.0019698807817350554
8	23	0.001969880698472785
6	23	0.001969879085614445
14	23	0.0019698773395364737
7	23	0.001969877272926659
39	40	0.0018521057670562169
58	66	0.001786708512281257
42	55	0.001662603698676851
38	47	0.001662160000876961
4	51	0.0016468310738043425
11	51	0.001646829838130335
3	51	0.0016468295145323254
17	51	0.0016468294134079457
9	51	0.0016468293527333207
8	51	0.00164682911003481
13	51	0.00164682767211205
6	51	0.0016468275507627965
12	51	0.0016468275103130488
2	51	0.0016468274900881714
15	51	0.001646827348514044
18	51	0.0016468273282891667
14	51	0.0016468258296917782
10	51	0.00164682422997001
5	51	0.0016468240479461313
7	51	0.0016468238861471265
16	51	0.0016468210305264804
12	45	0.0016260993177742364
10	45	0.001626097850375069
13	45	0.0016260975988548962
2	45	0.001626097437163361
4	45	0.0016260973114032747
15	45	0.0016260973114032747
8	45	0.0016260972215746405
5	45	0.001626095826038381
11	45	0.0016260941430504966
14	45	0.0016260938915303239
7	45	0.0016260938196674193
6	45	0.001626093765770241
9	45	0.0016260937118730626
18	45	0.00162609356814725
3	45	0.0016260919929537258
17	45	0.0016260919031250917
16	45	0.0016260890042582125
21	39	0.001574038981817516
41	45	0.0015679523405700557
30	37	0.0014760498432336636
10	28	0.0014498632749146284
3	28	0.0014498630119541868
7	28	0.001449862976892792
6	28	0.001449862924300705
12	28	0.0014498628892393138
9	28	0.0014498628717086147
4	28	0.0014498627489937417
5	28	0.001449861254493215
13	28	0.0014498611668397297
8	28	0.0014498607986951108
16	28	0.001449860005422434
11	28	0.0014498595671550256
14	28	0.0014498593217252796
2	28	0.0014498591464183162
18	28	0.0014498590061727476
15	28	0.001449857161058294
17	28	0.0014498554737201082
39	58	0.0013415721636009792
33	34	0.0012052462119507973
56	68	0.0011772886266789157
57	63	0.001154530133890025
45	65	0.0011188600072133958
42	57	0.0011101173539087433
44	61	0.0009879695108813424
33	59	0.0009294797929774307
25	64	0.0009055221145386066
61	65	0.0008880670079018105
46	56	0.0008398371421909495
58	62	0.0008341456240464756
48	65	0.0007949447756253475
16	60	0.00076287142757318
11	60	0.0007628687687788599
10	60	0.0007628687369328931
5	60	0.0007628684503191915
14	60	0.0007628683229353242
3	60	0.000762868259243394
7	60	0.0007628681955514569
6	60	0.0007628681000135563
12	60	0.0007628680363216261
2	60	0.0007628680044756558
9	60	0.0007628680044756558
4	60	0.000762867781553888
8	60	0.0007628676223240538
13	60	0.0007628664284442081
17	60	0.0007628662373684071
15	60	0.0007628659189087388
18	60	0.0007628640244176227
35	70	0.0006721950140506361
57	59	0.0005916383724713231
41	60	0.0005501497116753989
19	61	0.0004611970945934546
53	64	0.0003902398240605842
26	66	0.00037347276738250446
38	66	0.0003354170122437661
53	69	0.00012096361454512483
49	67	9.50058587722985e-05
1	69	8.445729032605098e-05
33	36	3.618552336107084e-05
11	22	3.0825595747449586e-05
8	22	3.082493695813135e-05
10	22	3.082371480259832e-05
14	22	3.082347690645457e-05
7	22	3.082340370764297e-05
18	22	3.0823147511793714e-05
5	22	3.08216874601204e-05
13	22	3.0821595961603304e-05
3	22	3.082157766190127e-05
6	22	3.082148616338071e-05
4	22	3.0821303166349984e-05
16	22	3.0820465304587374e-05
17	22	3.0819623518231476e-05
2	22	3.081956861912538e-05
9	22	3.081956861912538e-05
12	22	3.081772427367818e-05
15	22	3.081757787605152e-05
13	56	-4.594893875181291e-05
17	56	-4.594912854333569e-05
15	56	-4.594944486253569e-05
11	56	-4.5950326918158674e-05
10	56	-4.595035855008145e-05
14	56	-4.595076976504284e-05
3	56	-4.595083302888145e-05
7	56	-4.595089629272006e-05
6	56	-4.595099118848492e-05
12	56	-4.595105445232006e-05
2	56	-4.595108608424284e-05
4	56	-4.595130750768492e-05
16	56	-4.5951398765300966e-05
8	56	-4.595146566728839e-05
5	56	-4.5952505882507905e-05
9	56	-4.595294872939207e-05
18	56	-4.595506442990269e-05
53	70	-4.59889670976904e-05
20	38	-9.566359204632446e-05
18	50	-0.00012760475878861172
14	50	-0.0001276062788254026
3	50	-0.0001276063168929968
17	50	-0.00012760641206198756
12	50	-0.00012760645012958177
2	50	-0.00012760646916337715
4	50	-0.0001276066023999621
15	50	-0.0001276066023999621
16	50	-0.00012760739915243513
11	50	-0.0001276078749973819
10	50	-0.00012760789403118075
5	50	-0.00012760806533535993
13	50	-0.00012760816050435067
7	50	-0.00012760821760574026
6	50	-0.0001276082747071368
9	50	-0.00012760833180852638
8	50	-0.00012760856021410208
57	67	-0.0001571748078548485
23	30	-0.0002894591443668229
25	44	-0.0003223775019184638
23	24	-0.0003340933339135224
30	51	-0.00035799731394296763
24	70	-0.0003592170265888234
1	30	-0.00039013122114003873
34	52	-0.0004924576731384911
12	70	-0.0005716004017417252
2	70	-0.000571600433564249
16	70	-0.0005716025995508509
11	70	-0.0005716033951139628
5	70	-0.0005716037133392075
14	70	-0.0005716038406293061
13	70	-0.0005716038724518299
3	70	-0.0005716039042743537
6	70	-0.0005716040633869761
17	70	-0.0005716040633869761
9	70	-0.0005716041588545474
15	70	-0.0005716043816122209
18	70	-0.0005716044134347446
8	70	-0.0005716045407248467
10	70	-0.0005716052895816393
7	70	-0.0005716058305645505
4	70	-0.0005716062442573701
40	60	-0.0006267945002941394
1	23	-0.0006327719627617426
59	60	-0.0006616261542764651
32	55	-0.0006741034544362062
23	65	-0.0007651981603062838
34	60	-0.0009157658886373432
5	68	-0.0010793126122315838
18	68	-0.0010793133331127996
2	68	-0.001079314933619322
4	68	-0.0010793151629906184
10	68	-0.0010793160426159354
3	68	-0.001079316534125848
9	68	-0.0010793167962644713
16	68	-0.0010793170533105537
7	68	-0.0010793184623056548
8	68	-0.0010793209147627082
11	68	-0.0010793215977840526
14	68	-0.001079322056526645
13	68	-0.0010793220892939721
6	68	-0.0010793222858979379
17	68	-0.0010793222858979379
12	68	-0.001079322351432592
15	68	-0.0010793244762163645
49	60	-0.0011824681226617478
55	64	-0.0012308469444737291
22	35	-0.0013886176741999753
37	39	-0.0014624994487047044
46	66	-0.0014626973246511105
28	53	-0.001484135788305592
42	62	-0.0016050084819818067
46	47	-0.0016356049198733014
23	54	-0.0016722618537116374
27	56	-0.0017007442032508646
28	63	-0.0017568495445785953
34	39	-0.0017693262072868143
24	58	-0.0018870334250240955
34	38	-0.0018883994861857156
61	70	-0.001937788212347774
37	65	-0.002004017172189322
51	63	-0.002007566528981132
5	62	-0.002016420251286035
2	62	-0.0020164206640899303
9	62	-0.0020164206640899303
4	62	-0.0020164208704918744
13	62	-0.0020164222613611484
16	62	-0.002016422944566599
10	62	-0.0020164237112024024
14	62	-0.002016424094520304
7	62	-0.0020164242124642746
6	62	-0.0020164243009222517
12	62	-0.0020164243598942352
15	62	-0.002016424595782173
18	62	-0.0020164246252681664
8	62	-0.0020164247432121404
17	62	-0.002016426163567401
11	62	-0.0020164274070067108
3	62	-0.002016427878782586
23	43	-0.0020457748658665384
24	63	-0.002203246878668727
41	51	-0.0022464206134664433
31	48	-0.0022908526619913328
17	63	-0.0023041682108044387
15	63	-0.002304168497399492
18	63	-0.0023041685260589972
16	63	-0.0023041687551123326
5	63	-0.002304171620840175
14	63	-0.0023041717354782
2	63	-0.0023041720220732496
4	63	-0.0023041722226897904
11	63	-0.002304173196890271
8	63	-0.0023041742286324697
10	63	-0.0023041750881949256
13	63	-0.0023041754894280037
3	63	-0.0023041755180875055
7	63	-0.002304175575406516
6	63	-0.0023041756613850356
12	63	-0.0023041757187040428
9	63	-0.002304175747363548
21	70	-0.0023176060908592366
16	57	-0.0023665500585901417
17	57	-0.00236655149788809
18	57	-0.0023665518420680313
8	57	-0.002366551967224375
10	57	-0.0023665527347515244
5	57	-0.0023665530163532907
14	57	-0.0023665531415096377
13	57	-0.0023665531727987237
6	57	-0.002366553360533239
12	57	-0.0023665534231114074
9	57	-0.0023665534544004933
4	57	-0.0023665536734240947
3	57	-0.0023665550667329553
2	57	-0.0023665553170456426
15	57	-0.002366555536069244
11	57	-0.0023665564287527335
7	57	-0.0023665569919562764
38	57	-0.002414298921132374
27	58	-0.002474322607482038
61	64	-0.0024866250811675233
49	59	-0.00251114268009571
22	48	-0.002514986271093679
21	36	-0.0025674795651510623
42	61	-0.0025865420753491963
39	59	-0.0026148380892456052
26	41	-0.0026251788375856178
28	65	-0.002642512306488598
25	41	-0.0027501572169923716
1	62	-0.0027946477254399416
1	22	-0.0028061151283401142
50	63	-0.0028306752409812813
25	66	-0.002933325272254969
11	34	-0.002939359595091333
13	34	-0.002939359948682496
3	34	-0.0029393599722552406
6	34	-0.002939360090118963
9	34	-0.0029393601608371928
7	34	-0.0029393618820458788
2	34	-0.002939362023482342
18	34	-0.0029393622120642976
14	34	-0.00293936365040005
17	34	-0.0029393638154092613
12	34	-0.0029393638625547468
4	34	-0.0029393640511367024
8	34	-0.0029393641690004246
16	34	-0.0029393645937081762
10	34	-0.002939365206599525
5	34	-0.0029393654187542216
15	34	-0.0029393659137818516
11	61	-0.0029437250461297193
5	61	-0.002943725334257692
14	61	-0.0029437254495088827
6	61	-0.0029437256511984644
17	61	-0.0029437256511984644
12	61	-0.0029437257088240597
13	61	-0.0029437273409668313
16	61	-0.002943728051100075
10	61	-0.0029437288002328137
3	61	-0.002943729232424773
7	61	-0.0029437292900503717
9	61	-0.002943729462927154
4	61	-0.0029437296646167357
15	61	-0.0029437296646167357
18	61	-0.002943729693429535
8	61	-0.0029437316713258783
2	61	-0.0029437331882174525
29	34	-0.002951200042295793
27	51	-0.0029800448705359986
21	66	-0.003062552852879985
19	31	-0.0031011978133227147
48	70	-0.0031328339878208544
46	69	-0.0034400539128350283
24	43	-0.0034601100011015518
28	44	-0.003497714983748984
39	51	-0.0035436051353859993
27	35	-0.003565615445815032
22	64	-0.003574915878544818
21	34	-0.004015780544326872
26	64	-0.004038639457557225
11	36	-0.004126500976012595
14	36	-0.004126501384468972
17	36	-0.004126501588697158
12	36	-0.004126501647048066
2	36	-0.004126501676223523
18	36	-0.004126501909627166
16	36	-0.004126503971916509
13	36	-0.004126505138934727
7	36	-0.0041265052264610885
6	36	-0.004126505313987457
9	36	-0.004126505401513821
4	36	-0.004126505605742008
15	36	-0.004126505605742008
10	36	-0.0041265065931235
5	36	-0.004126506855702594
3	36	-0.004126507030755327
8	36	-0.004126507614264436
16	67	-0.0042314884696643545
18	67	-0.004231492330330849
8	67	-0.004231492470542879
11	67	-0.004231493071279811
10	67	-0.0042314931063328134
14	67	-0.00423149356202189
13	67	-0.004231493597074899
12	67	-0.004231493877498944
2	67	-0.0042314939125519535
4	67	-0.0042314941579229895
5	67	-0.004231495284455017
3	67	-0.004231495494773051
7	67	-0.004231495564879062
17	67	-0.004231495670038082
9	67	-0.004231495775197103
15	67	-0.004231496020568139
6	67	-0.004231497532683232
13	35	-0.0042433499136485045
4	35	-0.004243350332295261
15	35	-0.00424335219494041
10	35	-0.004243353272622895
14	35	-0.0042433536127733824
3	35	-0.0042433536651042235
6	35	-0.0042433537959313365
17	35	-0.0042433537959313365
12	35	-0.004243353848262181
18	35	-0.00424335408375098
11	35	-0.00424335510910262
5	35	-0.004243355370756839
2	35	-0.004243355737072751
9	35	-0.004243355737072751
8	35	-0.004243356051057821
16	35	-0.004243356317612211
7	35	-0.0042433574427253665
25	70	-0.00425701709416175
44	55	-0.004312898581962196
32	45	-0.004385756561845783
37	63	-0.004418393410911756
44	50	-0.004475428028462063
41	55	-0.004537171701990139
28	39	-0.0045917223952640016
38	43	-0.004615794964444045
35	47	-0.00462982593514269
29	66	-0.004630536979522731
21	30	-0.004670565771622004
29	58	-0.00467397209614237
50	65	-0.004690522452211902
26	58	-0.004710745913329303
56	64	-0.004769702586020164
6	55	-0.004859524135472554
2	55	-0.0048595242429711055
16	55	-0.004859524349806535
10	55	-0.004859525281460671
12	55	-0.004859526069783404
4	55	-0.004859526356446216
15	55	-0.004859526356446216
8	55	-0.0048595265356104755
11	55	-0.004859527108272969
5	55	-0.004859527466601482
13	55	-0.004859527645765742
7	55	-0.004859527753264294
14	55	-0.0048595294725780405
3	55	-0.004859529544243742
9	55	-0.004859529830906553
18	55	-0.004859530117569365
17	55	-0.004859531586053151
30	57	-0.004956331974072803
42	49	-0.004996567356950393
33	57	-0.0050095444888331175
24	59	-0.00502921144644683
41	62	-0.005064976051845166
51	68	-0.005067155830620944
20	30	-0.005084267227344341
45	63	-0.005110125767054892
24	51	-0.00513223235225907
45	66	-0.005200086610139057
33	61	-0.005256880569575129
11	69	-0.0052697302176853075
13	69	-0.0052697325832510925
7	69	-0.005269732683835217
17	69	-0.005269732784419348
15	69	-0.00526973311969977
16	69	-0.005269734967419698
3	69	-0.005269736342069432
12	69	-0.0052697365767657295
9	69	-0.005269736610293771
10	69	-0.005269737701793946
5	69	-0.005269738003546326
14	69	-0.005269738137658499
6	69	-0.005269738372354796
4	69	-0.005269738707635217
18	69	-0.005269738741163259
8	69	-0.0052697388752754315
2	69	-0.005269740335584069
39	66	-0.005307748956332375
65	66	-0.005364106825217402
40	58	-0.005420825575484137
45	47	-0.005476603091481735
22	30	-0.005494214795163405
38	53	-0.005556147666879119
44	59	-0.005612004155834724
34	41	-0.005615999134841912
41	58	-0.005652365307457247
11	65	-0.005667192417718965
14	65	-0.005667192869598901
13	65	-0.005667192901876041
3	65	-0.005667192934153176
16	65	-0.005667193473435649
8	65	-0.005667193579695952
7	65	-0.005667194861352604
6	65	-0.005667194958184022
12	65	-0.005667195022738297
5	65	-0.005667196465780646
4	65	-0.005667197143600554
10	65	-0.005667198037931552
17	65	-0.005667198683474321
2	65	-0.0056671987803057315
9	65	-0.0056671987803057315
15	65	-0.005667199006245703
18	65	-0.005667199038522842
42	60	-0.005699254216820188
29	45	-0.0057580210165795245
20	64	-0.005830015736968813
23	68	-0.005880753577864502
10	66	-0.0059500003220328695
6	66	-0.0059500010495476055
17	66	-0.0059500010495476055
16	66	-0.0059500012389088475
15	66	-0.005950001413304977
5	66	-0.0059500025120596475
14	66	-0.0059500026575625975
3	66	-0.005950002730314069
7	66	-0.0059500028030655475
9	66	-0.005950003021319969
18	66	-0.005950003312325862
8	66	-0.005950003457828812
13	66	-0.0059500045565834825
12	66	-0.0059500048475893755
2	66	-0.005950004883965118
4	66	-0.005950005138595275
11	66	-0.005950007736237724
2	64	-0.005987010226307828
8	64	-0.00598701250973422
4	64	-0.005987014197053851
15	64	-0.005987014197053851
10	64	-0.0059870150077458925
14	64	-0.005987015463592239
13	64	-0.005987015498657343
12	64	-0.005987015779178165
9	64	-0.005987015814243275
16	64	-0.005987015958698341
11	64	-0.005987016835325938
5	64	-0.005987017185976967
3	64	-0.005987017396367589
7	64	-0.005987017466497803
17	64	-0.005987017571693114
18	64	-0.005987017957409253
6	64	-0.005987019434338263
48	69	-0.005991740732767856
35	56	-0.006011052361269295
39	44	-0.006016804106888651
28	61	-0.006058828443021032
33	43	-0.0062414291797014965
22	54	-0.006354551594295557
36	61	-0.006410452272903044
61	69	-0.006438167287835944
60	68	-0.006494868863295339
27	31	-0.0065199974112542525
33	64	-0.006522812131466577
24	42	-0.0065525872303395655
48	61	-0.006632438359743434
19	62	-0.006653962454520143
51	54	-0.006662055480283521
31	41	-0.0066898488272652545
10	21	-0.006693026618293997
13	21	-0.006693027057383789
12	21	-0.006693027308292236
4	21	-0.0066930275592006865
15	21	-0.0066930275592006865
5	21	-0.006693028763211151
14	21	-0.006693028888665381
7	21	-0.0066930290141196044
6	21	-0.006693029108210274
16	21	-0.006693029528131826
3	21	-0.0066930308140376385
18	21	-0.0066930313158545425
8	21	-0.006693031441308769
11	21	-0.006693032174865891
17	21	-0.006693032833500572
9	21	-0.0066930329275912415
2	21	-0.006693034790236391
4	32	-0.006726168174989604
5	32	-0.0067261692433171
3	32	-0.006726169470264998
7	32	-0.006726169545914304
6	32	-0.006726169659388256
9	32	-0.006726169772862202
16	32	-0.006726169782099493
14	32	-0.0067261712572608545
17	32	-0.006726171522033406
12	32	-0.006726171597682698
15	32	-0.006726171900279902
2	32	-0.0067261734981525
18	32	-0.006726173800749705
13	32	-0.006726175020375799
8	32	-0.0067261758146934525
10	32	-0.006726176353475846
11	32	-0.006726178178296349
9	52	-0.006731481166088269
14	52	-0.0067314845802140914
4	52	-0.0067314851091937015
7	52	-0.006731486567325029
2	52	-0.006731486754023717
18	52	-0.006731487002955297
10	52	-0.006731487900990572
5	52	-0.006731488181038598
13	52	-0.00673148833662084
3	52	-0.006731488367737282
6	52	-0.006731488523319524
17	52	-0.006731488523319524
12	52	-0.006731488585552416
15	52	-0.006731488834484
16	52	-0.006731488954608077
11	52	-0.006731489732519271
8	52	-0.006731490852711391
33	62	-0.006737554175282309
31	54	-0.006794666403560329
35	58	-0.006868215688829289
33	69	-0.006913292752911929
20	44	-0.006951059754009115
57	64	-0.006984511091362666
1	28	-0.007016692808205757
41	50	-0.007028778391198268
36	67	-0.007153994917529424
23	53	-0.0072067966305284364
53	58	-0.007215903378470348
38	62	-0.007220422748653338
61	67	-0.007248816124792237
51	59	-0.0072583420452140834
1	39	-0.007390431323497454
1	16	-0.007395619398860853
1	5	-0.007395624518918564
1	18	-0.007395625395629504
1	8	-0.007395625555031496
1	13	-0.007395626580816196
1	7	-0.00739562670036769
1	6	-0.0073956268199191835
1	17	-0.0073956268199191835
1	15	-0.007395627218424156
1	14	-0.007395628403610854
1	2	-0.0073956288021158195
1	4	-0.007395629081069305
1	10	-0.007395629748199538
1	12	-0.007395630624910471
1	9	-0.007395630664760969
1	11	-0.007395631570994182
1	3	-0.007395632208602142
36	49	-0.007464324534574199
37	49	-0.007625978220472306
30	53	-0.007660117203769717
20	39	-0.007700585391433895
55	59	-0.0077195257189053845
37	53	-0.007744871341204947
39	52	-0.007746404454385417
32	35	-0.007848825997670547
30	32	-0.007905673848055905
35	59	-0.007984277978809837
61	66	-0.007996243264006872
48	58	-0.008048920657219044
56	62	-0.008057744213151447
12	44	-0.008149975762536489
7	44	-0.008149977442234002
2	44	-0.008149977661771168
8	44	-0.008149978100845515
5	44	-0.008149979012162925
14	44	-0.008149979158521038
16	44	-0.008149979594174586
15	44	-0.008149979780543014
11	44	-0.008149980508912795
10	44	-0.008149980545502325
3	44	-0.00814998109434524
6	44	-0.008149981277292884
17	44	-0.008149981277292884
4	44	-0.008149981643188163
13	44	-0.008149982920400867
9	44	-0.008149983249706616
18	44	-0.008149985405067992
24	29	-0.008304143899765984
23	61	-0.008339782914327708
64	69	-0.008352398462833505
40	48	-0.008359083863138939
43	59	-0.008382745743445053
45	54	-0.008553185054414512
19	48	-0.008591018837663639
35	68	-0.008629915489594492
54	66	-0.008668335714105219
29	56	-0.008692458740887171
40	64	-0.008699689100485061
23	49	-0.008804235922850637
29	40	-0.008857044486578078
37	43	-0.008893904961004229
30	52	-0.008913504261072278
24	64	-0.00905084542185225
49	57	-0.009107697483379043
9	49	-0.009385291242012771
16	49	-0.009385291483697412
5	49	-0.009385292641526346
17	49	-0.009385293005415442
11	49	-0.009385294173363232
10	49	-0.009385294206444059
14	49	-0.009385294636494807
13	49	-0.009385294669575633
7	49	-0.009385294768818109
6	49	-0.009385294868060591
12	49	-0.009385294934222244
2	49	-0.00938529496730307
15	49	-0.009385295198868857
18	49	-0.009385295231949684
3	49	-0.009385296565301605
4	49	-0.009385297061514006
8	49	-0.009385297226918141
20	61	-0.009414656507803043
52	55	-0.009428521757607375
27	34	-0.00967571483377179
47	63	-0.009686098992168116
3	46	-0.009698225401403776
7	46	-0.009698225465203308
12	46	-0.009698225624702128
4	46	-0.00969822587990024
11	46	-0.009698226753652704
14	46	-0.0096982272002494
13	46	-0.009698227232149165
2	46	-0.009698227519247041
9	46	-0.009698227519247041
16	46	-0.009698227818803747
10	46	-0.009698228648197617
5	46	-0.00969822893529549
17	46	-0.009698229286192898
15	46	-0.00969822960519054
18	46	-0.009698229637090303
8	46	-0.009698229764689363
6	46	-0.009698231148838048
25	58	-0.009796617648578837
58	70	-0.009856504018868423
20	65	-0.009866897691868298
35	41	-0.009924064498571403
26	61	-0.009953574994768191
25	40	-0.010054942758173452
59	66	-0.010080547864847272
14	42	-0.01008778798332791
13	42	-0.010087788015248258
7	42	-0.010087788111009289
6	42	-0.010087788206770327
18	42	-0.010087788557894124
16	42	-0.010087788601079593
11	42	-0.010087789399088228
3	42	-0.010087789909813748
17	42	-0.010087790069415476
9	42	-0.01008779016517651
15	42	-0.010087790388618928
8	42	-0.010087790548220656
10	42	-0.010087791293653722
5	42	-0.010087791580936825
12	42	-0.010087791995901315
2	42	-0.01008779202782166
4	42	-0.010087792251264077
25	69	-0.010201779287244958
46	61	-0.01020817701415562
52	66	-0.010209755842974788
9	29	-0.010291950902302928
6	29	-0.010291952670075596
2	29	-0.010291952764948077
8	29	-0.01029195314443802
10	29	-0.010291953900237513
3	29	-0.010291954374599933
7	29	-0.010291954437848257
17	29	-0.010291954532720745
15	29	-0.010291954848962358
18	29	-0.01029195488058652
16	29	-0.01029195494065446
11	29	-0.0102919557312585
14	29	-0.010291956173996763
13	29	-0.010291956205620924
12	29	-0.010291956458614214
5	29	-0.010291957910145262
4	29	-0.010291960436897805
47	53	-0.010382244387032308
31	59	-0.010407645619392406
35	46	-0.010424175418602202
35	55	-0.010555636406919616
19	28	-0.010618243934298166
32	59	-0.010642017304400522
30	31	-0.01079536172584794
29	55	-0.010849505407948129
51	56	-0.010915166527112968
25	56	-0.010945422245483755
33	60	-0.010951789351039118
26	32	-0.01109086769640688
34	40	-0.011107159999399055
17	27	-0.011169868750422682
15	27	-0.011169870940180338
11	27	-0.011169871788776712
13	27	-0.011169872279445475
3	27	-0.011169872312156725
6	27	-0.01116987247571298
9	27	-0.011169872573846731
4	27	-0.011169872802825487
16	27	-0.011169872833640588
18	27	-0.011169872835536738
10	27	-0.011169873684133115
5	27	-0.011169873978534368
14	27	-0.011169874109379373
7	27	-0.011169874240224375
12	27	-0.01116987440378063
2	27	-0.01116987443649188
8	27	-0.011169876691672041
30	43	-0.011229830112121947
1	34	-0.011305792788701308
60	63	-0.011381387429395914
45	68	-0.011397116127426533
10	54	-0.011467760288502375
3	54	-0.011467764598826785
8	54	-0.011467765378872279
14	54	-0.011467766383467387
17	54	-0.01146776665648331
16	54	-0.01146776672502383
12	54	-0.011467766734487857
4	54	-0.011467767046506053
15	54	-0.011467767046506053
9	54	-0.01146776863613528
18	54	-0.011467768948153476
6	54	-0.011467770381773608
2	54	-0.011467770498780429
11	54	-0.01146777142537099
5	54	-0.011467771815393733
13	54	-0.011467772010405108
7	54	-0.011467773990057079
16	43	-0.011468109870034694
14	43	-0.011468111238381151
7	43	-0.011468111378724374
17	43	-0.011468111483981795
12	43	-0.011468111554153407
2	43	-0.011468111589239216
15	43	-0.01146811183483986
18	43	-0.011468111869925662
8	43	-0.011468112010268892
11	43	-0.011468112609825012
3	43	-0.011468113171197912
6	43	-0.011468113346626944
9	43	-0.011468113451884365
10	43	-0.011468114507555964
5	43	-0.01146811482332822
13	43	-0.011468114998757259
4	43	-0.011468117422775308
30	58	-0.011492634676585914
33	47	-0.011526643709300816
53	61	-0.011531368858627072
43	49	-0.011564597225919127
34	69	-0.01162395058753564
5	30	-0.011624356791898972
2	30	-0.01162435919536204
15	30	-0.011624359465770999
18	30	-0.011624359504400855
13	30	-0.011624360710338531
3	30	-0.01162436074896838
16	30	-0.011624361027789624
8	30	-0.011624361521565409
14	30	-0.011624362534353831
7	30	-0.011624362688873235
17	30	-0.01162436280476279
12	30	-0.011624362882022489
4	30	-0.011624363191061297
11	30	-0.011624363856181062
10	30	-0.011624363894810912
6	30	-0.01162436466740794
9	30	-0.011624364783297488
39	53	-0.011645461188510287
51	69	-0.011672496204721022
43	62	-0.011738245108139742
25	62	-0.011742592545068417
22	68	-0.01176600590771934
42	68	-0.01186107962912017
33	58	-0.011970458254219885
2	38	-0.011988006997481974
15	38	-0.011988007277444937
8	38	-0.011988007477418482
10	38	-0.011988007940248818
14	38	-0.011988008460180034
6	38	-0.011988008740142997
17	38	-0.011988008740142997
12	38	-0.011988008820132408
9	38	-0.011988008860127124
18	38	-0.011988009180084795
5	38	-0.011988010162846341
11	38	-0.0119880116255444
13	38	-0.011988012225465042
3	38	-0.011988012265459744
7	38	-0.011988012345449169
4	38	-0.011988012865380385
16	38	-0.011988014350966969
39	55	-0.01205182744476882
36	66	-0.012086465076174932
26	33	-0.01220832880384351
13	41	-0.012265758491156652
17	41	-0.012265758730895825
16	41	-0.012265758755540625
15	41	-0.012265759130461115
10	41	-0.012265759794410393
14	41	-0.01226576031384527
6	41	-0.012265760593540974
12	41	-0.01226576067345403
18	41	-0.012265761033062796
11	41	-0.01226576161709901
5	41	-0.012265762016664301
9	41	-0.01226576257605571
8	41	-0.01226576305553407
3	41	-0.012265764119048624
7	41	-0.012265764198961686
4	41	-0.012265764718396563
2	41	-0.012265766301346008
31	65	-0.012389782714638739
30	67	-0.0124132316521008
48	60	-0.012419570926379159
4	53	-0.012530561576460805
6	53	-0.012530563053611242
8	53	-0.012530563631853314
3	53	-0.012530564723509031
16	53	-0.012530565005625861
10	53	-0.012530566007912115
5	53	-0.012530566354857352
7	53	-0.012530566663253126
9	53	-0.012530566894549955
15	53	-0.012530567164396253
17	53	-0.01253056864154669
12	53	-0.012530568718645628
18	53	-0.012530569065590871
11	53	-0.012530569694652945
14	53	-0.01253057023434554
13	53	-0.01253057027289501
2	53	-0.012530570619840253
51	61	-0.012649466054710123
50	69	-0.012670535319548523
39	45	-0.012715607295265177
20	28	-0.012732995650052661
25	59	-0.012798125570452387
20	37	-0.01291670278596442
4	39	-0.0129483337213405
3	39	-0.012948334988531325
9	39	-0.012948335306106964
14	39	-0.012948336771782566
7	39	-0.012948338793215532
17	39	-0.0129483389123064
16	39	-0.012948338948891629
2	39	-0.012948339031397263
18	39	-0.012948339348972902
11	39	-0.012948339941315501
13	39	-0.012948340536769819
12	39	-0.012948340854345458
15	39	-0.012948341171921098
10	39	-0.012948341843657604
5	39	-0.01294834220093019
6	39	-0.0129483426375967
8	39	-0.012948343233051024
40	45	-0.013090735878054732
22	40	-0.013102342193807945
31	44	-0.013105625490025308
41	54	-0.01313670000824585
24	38	-0.013145350557574431
16	40	-0.013177003251719388
13	40	-0.01317700669372783
8	40	-0.01317700752289356
14	40	-0.013177008516888897
17	40	-0.013177008793277475
12	40	-0.013177008872245634
15	40	-0.013177009188118295
11	40	-0.013177009826756896
10	40	-0.013177009866240978
5	40	-0.013177010221597715
2	40	-0.013177010774374866
18	40	-0.013177011090247527
3	40	-0.01317701232114736
7	40	-0.013177012400115526
6	40	-0.013177014381212923
9	40	-0.013177014499665164
4	40	-0.013177016638698892
46	57	-0.013194117006704503
56	67	-0.013195237437757551
5	26	-0.013225397276393484
3	26	-0.013225397509566895
2	26	-0.013225397820464772
18	26	-0.013225398131362656
6	26	-0.013225399566523223
17	26	-0.013225399566523223
4	26	-0.013225399955145573
15	26	-0.013225399955145573
8	26	-0.01322540014945675
11	26	-0.013225400613061433
10	26	-0.013225400651923673
13	26	-0.013225401195994961
7	26	-0.013225401312581667
16	26	-0.013225401504150705
14	26	-0.013225403019777877
12	26	-0.013225403369537987
9	26	-0.01322540340840022
40	66	-0.013235798725915654
30	56	-0.01324092803177876
61	68	-0.013262925228708214
28	56	-0.013307267850788708
50	59	-0.013352364508305785
34	59	-0.013471632490023845
30	62	-0.013473189724446541
1	41	-0.013484939490434722
23	25	-0.013545866285909564
28	69	-0.013555460369530578
39	41	-0.01363857384494535
49	50	-0.013644828180816443
17	24	-0.013690076416191604
16	24	-0.013690076606442135
15	24	-0.013690076779755651
7	24	-0.013690078169767542
9	24	-0.013690078387905966
18	24	-0.013690078678757205
11	24	-0.013690079377997405
10	24	-0.013690079414353809
13	24	-0.013690079923343479
12	24	-0.013690080214194711
2	24	-0.013690080250551115
8	24	-0.013690080686827977
14	24	-0.013690081749632217
3	24	-0.013690081822345025
4	24	-0.013690082367691099
6	24	-0.013690083866772201
5	24	-0.013690087192142049
1	68	-0.013852644309327797
40	67	-0.01392817282525112
10	47	-0.013982398699259366
2	47	-0.013982399596667555
8	47	-0.013982400064880524
6	47	-0.013982401342259462
9	47	-0.013982403321957854
11	47	-0.013982404248177066
5	47	-0.01398240463835454
13	47	-0.013982404833443277
3	47	-0.013982404872461017
7	47	-0.013982404950496519
12	47	-0.013982405145585255
4	47	-0.013982405457727234
15	47	-0.013982405457727234
14	47	-0.013982406657070678
17	47	-0.01398240693019491
18	47	-0.013982407359390131
16	47	-0.013982408860668823
8	20	-0.014090468798167333
5	20	-0.01409046968874253
13	20	-0.014090469875679065
3	20	-0.014090469913066367
7	20	-0.014090469987840977
6	20	-0.014090470100002896
12	20	-0.014090470174777506
9	20	-0.014090470212164814
16	20	-0.014090470242831978
4	20	-0.014090470473875953
11	20	-0.014090471177514628
10	20	-0.01409047121490193
14	20	-0.014090471700936906
17	20	-0.014090471962648045
2	20	-0.014090472074809963
15	20	-0.014090472336521102
18	20	-0.014090472373908404
17	19	-0.014112090682838481
18	19	-0.014112091167019551
5	19	-0.01411209206130256
16	19	-0.014112092383371577
2	19	-0.014112092677533015
8	19	-0.01411209320573055
11	19	-0.014112093483783103
10	19	-0.014112093527799567
3	19	-0.014112094188046473
6	19	-0.01411209440812878
12	19	-0.0141120944961617
4	19	-0.014112094848293393
15	19	-0.014112094848293393
14	19	-0.014112095962658708
13	19	-0.014112096006675165
7	19	-0.014112096138724543
9	19	-0.014112096402823314
32	41	-0.014138242137134965
40	54	-0.014139970281647873
28	55	-0.014207031827394453
57	62	-0.014212178032398673
31	68	-0.014217031374064035
1	53	-0.014239656390810151
29	46	-0.014284138262146875
41	57	-0.014310593981997077
23	32	-0.01436336884215364
23	39	-0.01436685240004612
36	65	-0.014458097511173537
63	66	-0.014512512607746955
38	64	-0.014535696388970676
37	68	-0.01454448132839492
47	58	-0.014627362076540598
20	34	-0.014698048963076957
10	33	-0.014709954767531778
5	33	-0.014709955133338677
2	33	-0.014709955702371637
15	33	-0.014709955986888117
14	33	-0.014709957158564678
13	33	-0.014709957199209887
16	33	-0.014709957436046583
12	33	-0.01470995752437157
8	33	-0.014709958052759327
11	33	-0.014709958452176868
3	33	-0.014709959102500246
7	33	-0.014709959183790665
6	33	-0.0147099593057263
17	33	-0.0147099593057263
9	33	-0.014709959427661935
4	33	-0.014709959712178415
18	33	-0.014709959752823625
29	44	-0.014726412461877017
27	57	-0.014775485830136256
52	64	-0.014813167741995467
2	25	-0.014816788730940243
6	25	-0.014816790482833166
11	25	-0.0148167915702127
10	25	-0.014816791607130106
5	25	-0.0148167919393868
14	25	-0.01481679208705644
7	25	-0.014816792234726081
17	25	-0.014816792345478315
12	25	-0.014816792419313128
9	25	-0.014816792456230542
15	25	-0.014816792714652416
18	25	-0.014816792751569823
8	25	-0.01481679289923947
13	25	-0.014816793986619003
16	25	-0.014816794372567735
4	25	-0.014816794577297565
3	25	-0.01481679588618156
7	48	-0.014835331489821059
18	48	-0.014835332002470503
3	48	-0.014835333279230575
16	48	-0.01483533364054522
4	48	-0.014835333828497832
8	48	-0.014835334011586918
11	48	-0.014835334555990655
5	48	-0.014835334922168819
13	48	-0.014835335105257912
6	48	-0.01483533532496481
17	48	-0.01483533532496481
12	48	-0.014835335398200443
15	48	-0.014835335691142981
10	48	-0.014835336455253617
14	48	-0.014835336931285241
2	48	-0.014835337297463412
9	48	-0.014835337297463412
26	56	-0.014845318682454617
25	55	-0.014898691411751305
30	65	-0.015015549801066036
34	49	-0.015184588523704093
22	53	-0.01527545430811214
43	60	-0.015326833596832179
30	34	-0.015378835551992126
38	50	-0.015416593705383494
43	55	-0.015429130631837706
42	52	-0.015479104356554016
44	58	-0.01550378875761066
5	31	-0.015571010019295041
13	31	-0.015571010215975678
12	31	-0.015571010530664675
2	31	-0.0155710105700008
8	31	-0.015571011042034316
14	31	-0.015571012039284696
7	31	-0.015571012196629201
6	31	-0.015571012314637575
9	31	-0.015571012432645949
4	31	-0.015571012707998835
11	31	-0.015571013351224086
10	31	-0.01557101339056021
16	31	-0.015571014230466092
18	31	-0.01557101460998011
3	31	-0.015571019568537542
17	31	-0.015571019765218172
15	31	-0.015571020158579432
23	56	-0.01563484853239812
20	25	-0.01565064311134412
22	41	-0.015685167018256854
46	60	-0.015701663333556576
44	49	-0.015775414529724044
25	38	-0.015812680048980787
1	31	-0.015833746715684938
21	42	-0.01588821019154056
21	62	-0.01592719286370338
38	49	-0.015930881247553333
45	53	-0.016029082970162513
23	57	-0.016193242785819885
56	63	-0.01619660870348287
43	56	-0.016208130253840103
1	65	-0.01622541053427251
37	57	-0.016310353849082443
27	70	-0.016331065873127742
40	53	-0.016340120792458918
33	54	-0.016372172643296157
44	53	-0.016385874187063804
38	41	-0.01639354719358349
19	42	-0.016488348337287254
22	44	-0.016586552583614064
40	49	-0.016677220851701854
31	62	-0.01670556059543131
27	63	-0.016720111078001892
44	64	-0.01685707646141507
38	48	-0.016920667674411333
26	35	-0.016935029908144356
37	56	-0.01694020822785898
32	36	-0.016944449342243123
45	56	-0.016998280324953798
50	55	-0.01700286576912559
36	68	-0.017047775838319956
36	62	-0.01713396207261783
19	47	-0.017142579878491715
40	42	-0.017245864963981103
50	56	-0.01730100904496546
59	62	-0.017303381406246196
30	55	-0.01731465863523657
44	65	-0.01732083246024599
33	68	-0.017321398836668944
20	45	-0.017349496448443046
21	44	-0.017355816150243605
45	57	-0.017420999101783477
32	62	-0.017477594094127025
52	69	-0.017535877146965917
26	31	-0.017571655907532235
1	59	-0.017619045663356633
1	45	-0.017625833090192722
49	55	-0.017679127193895264
48	55	-0.017683598503517348
27	42	-0.017684846872091237
25	60	-0.017695772361740553
28	64	-0.017731052834399477
45	61	-0.017737787885715464
24	37	-0.01776133416284542
52	62	-0.017873998607491545
31	57	-0.017897715491118613
22	55	-0.017919783493891887
20	62	-0.017987626560028253
20	50	-0.01802830264661512
43	50	-0.018039304780156133
43	48	-0.01808494973927234
37	41	-0.018108290918156952
20	59	-0.018141716481492057
31	56	-0.01817084862070155
51	53	-0.01822665155644955
53	62	-0.018257444142807097
36	59	-0.01830357153152755
35	67	-0.01831819187429365
21	69	-0.018391246037686396
57	68	-0.0184160890430628
47	56	-0.018497582613833483
32	42	-0.0185325642186403
22	57	-0.018546343744536863
35	60	-0.018664406278812634
46	59	-0.018701257108365593
35	57	-0.018703116200840683
51	57	-0.018758610019777168
40	57	-0.018786497082013826
39	54	-0.018806544517129542
50	58	-0.018996677397655662
55	61	-0.01902785956131456
44	45	-0.019038040297391638
21	55	-0.0191523216613613
23	41	-0.01920270951993347
41	53	-0.019218659686440737
25	61	-0.019232570812941274
32	34	-0.01934044509047554
23	55	-0.019424379895206415
39	65	-0.019510867649955396
29	62	-0.019513959474441442
27	66	-0.019718838936135394
49	69	-0.019800088895840368
36	69	-0.01985665344751053
40	61	-0.02001705127549143
22	39	-0.02005120452733311
19	58	-0.020119802658732283
45	55	-0.020127900632753472
45	64	-0.020154277604512827
37	38	-0.020220812885217966
19	34	-0.02030312834422493
30	38	-0.020342025727653784
34	43	-0.02034549197732395
46	65	-0.020395843963071397
54	65	-0.020446518758613405
44	52	-0.020571237102089288
28	48	-0.020617743276835486
27	54	-0.02067079873965648
50	60	-0.02070620948478156
36	64	-0.020730529894123925
21	63	-0.020738128613748907
20	41	-0.0207641080040456
1	49	-0.020841390650409325
27	29	-0.02087502043829635
29	31	-0.020935579761099138
22	43	-0.02094616054235717
47	60	-0.020980716277199885
34	64	-0.021061367009957713
27	55	-0.02108009735909515
38	52	-0.021090001572844297
34	67	-0.021119826849307466
39	47	-0.02115734234709471
45	59	-0.021175720568431124
47	61	-0.021321516741500388
65	67	-0.02134077968701273
24	44	-0.021438055332613115
28	33	-0.021482297633511324
52	63	-0.021555718329804824
45	58	-0.02168267072922183
50	70	-0.02184575477254505
55	58	-0.02191024377388666
51	58	-0.021952392750543462
42	64	-0.0219785427777595
49	62	-0.022024912759406753
28	68	-0.022050587820753177
28	57	-0.022064232080973675
62	65	-0.0220871418896251
24	35	-0.022165658237164237
1	38	-0.022286057131833736
37	48	-0.02240193745212614
24	50	-0.02244183576748989
20	33	-0.022551784518001494
54	60	-0.02260553106232642
23	69	-0.022656684848835235
1	51	-0.02278228783504002
48	62	-0.02279708554634713
46	54	-0.02279726589109908
32	56	-0.02285242166686477
62	69	-0.02291161165652192
29	67	-0.022945788914784354
36	46	-0.02296244859202462
23	48	-0.023059649226191428
46	63	-0.02313693610629365
37	55	-0.02316365628148743
25	30	-0.023191787496430916
26	70	-0.023212439406770216
33	56	-0.023218301925753138
26	69	-0.023276510438337797
35	64	-0.02329422539408088
40	47	-0.02336962733022216
20	68	-0.02347015312036463
37	58	-0.023517872722157974
23	58	-0.023658351766719148
41	43	-0.02370579883427422
55	65	-0.023883946959774013
24	69	-0.024009538045339007
43	58	-0.024038179623049313
51	66	-0.024050733764816673
32	49	-0.024052255917960966
19	26	-0.024067757000368117
27	62	-0.024076372343700164
26	36	-0.024096245286540557
23	40	-0.024116401470193685
37	69	-0.02412297263788088
42	66	-0.024133378610126946
21	41	-0.024215271236572994
1	64	-0.024230232431586687
42	70	-0.024268514935763236
39	50	-0.024279159968647546
43	53	-0.024425995926335875
51	70	-0.02458806234680603
35	54	-0.024685928551638384
32	44	-0.02469985511796155
33	63	-0.024740221547879387
21	35	-0.024846321397722845
29	69	-0.024867428655087828
1	56	-0.02487152835360719
48	50	-0.025050289360314573
19	51	-0.025139111794653474
23	64	-0.025166338721937118
21	38	-0.025196342053646056
21	64	-0.02528303386044861
35	52	-0.02532238777240496
22	58	-0.025340924496308634
40	52	-0.025387741576467546
26	62	-0.025430024052845904
37	70	-0.025430888856728978
20	42	-0.025435419775406698
44	67	-0.0255322148805517
34	61	-0.02555925720150281
34	48	-0.025645452280827236
19	40	-0.025781822134659238
26	63	-0.025840857612821816
38	68	-0.02588715949049887
1	61	-0.025914183120194473
24	56	-0.0259143683594142
32	46	-0.025941274551831345
43	51	-0.025965479193324967
24	53	-0.025974524011360023
28	59	-0.026014171279395468
28	31	-0.026045298733179068
31	50	-0.02608350864364907
24	39	-0.0261735723266574
47	59	-0.02619257434662825
45	70	-0.02619310716496675
28	40	-0.026204437218129747
22	31	-0.026233551536758284
28	38	-0.02623781625720166
42	59	-0.02627453916313098
38	45	-0.026320966930987302
42	46	-0.02642386640683074
53	63	-0.026440448295603478
33	37	-0.02644972906847287
54	67	-0.02649461626733976
50	64	-0.0265435903749666
36	47	-0.02660500904068301
51	67	-0.02663966375382476
23	60	-0.02670271975975276
50	66	-0.026734172023240015
32	63	-0.02690292633252829
28	58	-0.026914591087590665
42	48	-0.026970891967624325
42	54	-0.0269849747835115
22	60	-0.02701569443538887
45	48	-0.027016109390303765
31	51	-0.02704862174104379
20	56	-0.02713162321715741
53	68	-0.02713700995321708
30	69	-0.027137376747028666
51	60	-0.027216328450978065
35	49	-0.02736021882644485
46	64	-0.027455697333918144
24	34	-0.027461888348804836
33	50	-0.02747103991589747
33	51	-0.02747239833238793
42	56	-0.027579225494743093
26	28	-0.02759463335338689
50	68	-0.027649416384266406
37	64	-0.02779485140308815
32	47	-0.02786181812705016
23	59	-0.02791039946930566
41	52	-0.02792013528335728
39	49	-0.02798337596268803
25	35	-0.02798444269169026
23	38	-0.028107060355888204
54	58	-0.028119326664075933
35	65	-0.028127433970220717
37	59	-0.028288372597814408
1	40	-0.028395064247623364
23	66	-0.02840628841064749
37	67	-0.02842347647019436
20	36	-0.028577729623953566
46	67	-0.02858047897171591
37	54	-0.028623310620887556
48	56	-0.028684199237502525
34	63	-0.028694446943299777
50	57	-0.028758317044615928
22	47	-0.02880982347050623
19	70	-0.02882408640752611
48	66	-0.028925889791983628
33	55	-0.028943062876776893
31	37	-0.028946116570754327
25	42	-0.029097180336633374
38	51	-0.029230787845820436
1	70	-0.02925114783153146
44	62	-0.02941638133551379
21	25	-0.02961103430480569
25	57	-0.029703372894411162
45	60	-0.029773932610072683
23	26	-0.029795334303533788
22	66	-0.029944467416033328
34	68	-0.029951292478742716
35	48	-0.030174178359542586
28	47	-0.030179883709778726
29	47	-0.030350862449675928
30	61	-0.030412728221865373
25	63	-0.03050817554418972
37	40	-0.030529032887123726
22	70	-0.030600272683953288
23	70	-0.030654143542081812
38	65	-0.030770263797670866
46	68	-0.030800099857412305
45	67	-0.03081852265477135
21	27	-0.030821025574471153
20	63	-0.030925138311049316
21	46	-0.030942455644860742
30	59	-0.0309503700846349
44	69	-0.031034191973417447
34	47	-0.031054312655208555
28	66	-0.031102968203167207
25	28	-0.031184467044058112
26	57	-0.0313358937171105
19	69	-0.03135401583629885
45	69	-0.03137640132822891
24	36	-0.031402048917411565
1	21	-0.03142749813041766
39	56	-0.03147443378838287
25	34	-0.03181011412722487
47	57	-0.031815725608988016
37	66	-0.031818084632120755
48	51	-0.031829317356859885
19	44	-0.03189532267930845
26	39	-0.0319036334465892
46	52	-0.03206592262783624
22	26	-0.032081830170446995
29	60	-0.03213036498448571
32	57	-0.03214367606427662
26	37	-0.03222901438073745
23	47	-0.03230007068921857
33	48	-0.03238211782995351
37	60	-0.03245638518655181
53	55	-0.03245983200768475
26	54	-0.032609404785102825
28	54	-0.03272010766113556
19	23	-0.0327788495315513
31	45	-0.032796115957731076
32	38	-0.0328395257196612
40	55	-0.03284159421777427
24	54	-0.03295142454891006
27	52	-0.03307791855235859
26	53	-0.033089554222398065
46	53	-0.033142418700361706
23	67	-0.033182109606023
1	25	-0.033207013898535115
54	69	-0.03326810100134109
25	39	-0.03331510060786935
29	38	-0.03333245639268276
47	68	-0.033379778541575644
21	40	-0.03364551139404824
31	64	-0.03372295623983847
22	69	-0.03374146653496723
55	62	-0.033876900596796974
26	44	-0.03392570655255911
20	66	-0.03414709879317726
26	60	-0.03426100243844253
26	34	-0.03427155354380472
26	45	-0.03432687952830984
23	31	-0.034408583825123316
34	65	-0.03451216646980479
25	50	-0.034574716409895484
31	66	-0.0345873854920733
40	63	-0.0345977786366915
26	29	-0.03460023979283931
21	60	-0.03478942228908971
31	63	-0.035047596768472355
31	53	-0.03516533294669669
19	68	-0.035182719721709194
19	37	-0.03519885922741388
28	60	-0.03521450338387992
25	65	-0.03523466942381341
25	37	-0.035343419582915626
52	58	-0.035378941803007366
37	47	-0.03552351981075655
51	64	-0.035598335487174546
44	47	-0.0356324343865054
26	43	-0.035762397535840554
21	32	-0.03590075405078977
22	32	-0.036030175460229893
50	54	-0.03605630946052786
23	33	-0.03609814715697791
38	67	-0.03610724907858638
50	67	-0.036119789432288094
21	47	-0.036120830628964
43	61	-0.03614337608469692
25	45	-0.03628028114230507
52	60	-0.03630656669762242
27	64	-0.03637425825194626
21	58	-0.03638459036877144
35	44	-0.036553836446323984
33	70	-0.03670591502524753
29	33	-0.03672079710498287
24	52	-0.03698143405567127
31	47	-0.03700594663056786
1	46	-0.03704911833945508
26	59	-0.03710389625447655
38	56	-0.03710471361515989
41	59	-0.037160482086651
33	45	-0.0371624651458774
31	35	-0.03719444441023596
25	29	-0.037290078852896716
27	36	-0.03732795543691418
26	68	-0.03749302796407179
25	52	-0.03751480082528068
33	53	-0.037569564588920495
20	24	-0.03761453239654598
29	48	-0.037711617578170126
22	67	-0.03786975004690344
38	69	-0.03805340374375296
57	66	-0.038062570735777554
36	70	-0.03808007748310954
20	47	-0.038391098448358085
29	68	-0.03840182063683091
47	70	-0.03848507789497438
33	65	-0.038632030568936174
27	61	-0.038733009337642885
27	65	-0.03882209536593388
29	70	-0.038936388412194864
28	70	-0.03897185311279657
19	22	-0.03903357800413061
24	30	-0.03927905839654862
33	49	-0.039474065391886096
20	49	-0.03947635744348592
24	57	-0.03954261486159763
42	67	-0.0396498833095521
25	33	-0.03968784822782656
31	42	-0.03974558092758533
21	24	-0.039812277523178285
29	61	-0.0398712169425124
49	54	-0.03991759520107359
1	52	-0.03992887005815696
27	68	-0.03995344381229954
57	61	-0.03997251679407325
30	35	-0.04016262447281502
36	38	-0.04028096427883396
36	48	-0.04035800285802023
43	47	-0.04037169162060565
1	33	-0.04045325597775962
36	40	-0.04079376441815076
36	63	-0.040804498961162006
39	70	-0.04109207361706731
30	54	-0.04115736803416442
21	29	-0.04130518576288009
1	26	-0.04150170761898622
32	58	-0.04156006615280654
41	61	-0.04159477930639453
33	42	-0.04175734923154237
49	65	-0.04184368997295344
41	69	-0.04186433680151612
22	33	-0.04186812858023993
19	32	-0.042045528075792954
48	68	-0.04223969273833013
40	51	-0.04237893160367949
32	52	-0.0424520066786461
32	53	-0.04291544576155787
25	51	-0.04295629604698427
31	49	-0.043079948996981116
48	52	-0.043124679636071916
47	52	-0.043135905478593056
40	50	-0.04322966750607825
33	67	-0.043230312246384434
54	62	-0.04325604415465023
41	70	-0.04328333778085902
29	52	-0.043345576160920066
46	70	-0.043367205535489506
19	39	-0.04355566100256367
30	70	-0.043771764694971335
53	66	-0.043987814727320926
19	60	-0.044065180313828695
40	46	-0.04408672594957132
21	26	-0.0442544686708211
44	54	-0.044366136620172414
29	54	-0.04473280561540753
27	33	-0.04474509471457919
21	65	-0.04489407178885367
20	40	-0.04501895426256197
47	55	-0.045394662146787695
41	68	-0.045943786792915484
24	32	-0.04609953896870796
20	26	-0.04614540516134985
49	56	-0.046422814203741225
22	38	-0.04696676993552207
28	67	-0.047162918665250166
52	65	-0.047186715497959414
26	52	-0.0477803710765447
1	29	-0.047991600118707914
54	68	-0.04803561091264956
20	32	-0.048245363748790265
19	63	-0.048506850064722135
30	46	-0.04859749374398101
26	42	-0.048762672429917164
34	66	-0.04887646234636543
30	68	-0.04889803112530085
19	66	-0.0489118769657052
1	63	-0.048966190570235546
21	67	-0.049507335502482
55	63	-0.04954968744286983
30	66	-0.04977221338036773
20	48	-0.05000818534508185
1	58	-0.050054816365535104
52	67	-0.05023923125456456
26	30	-0.050266734685507575
20	27	-0.05036545172670487
25	36	-0.051017581269557966
42	47	-0.05174076731432137
26	40	-0.05217172568809203
19	49	-0.052191658094051324
49	61	-0.052246659636844994
24	61	-0.052936264904051566
52	59	-0.053060848949300576
24	31	-0.05314954821983986
30	47	-0.05357886810267293
27	32	-0.05359629338486166
38	42	-0.053835797238507885
27	39	-0.05418304851435346
49	63	-0.054366269853492924
21	59	-0.05446984910732608
24	33	-0.054500340303158756
44	48	-0.05455728267203189
21	48	-0.05477719459255713
24	41	-0.05537988620503992
43	52	-0.05561081442630819
21	43	-0.05595496748735766
41	47	-0.05602081495947406
20	46	-0.05603750045380923
26	55	-0.05614287973413086
39	57	-0.05640111134379362
31	52	-0.05654763290089941
19	35	-0.05656921544210637
19	27	-0.05701589661469905
41	66	-0.05704809528895288
32	54	-0.05721527692108114
31	46	-0.05731548472236475
27	30	-0.057960882219229584
47	62	-0.05805397444829488
1	67	-0.058316463762887835
1	24	-0.05835844242250923
27	41	-0.058921164293571
19	46	-0.05960220420961204
48	57	-0.05990881646593921
30	39	-0.060006691997319506
27	38	-0.060339278802033464
27	53	-0.06061883399412121
1	47	-0.06150107013886308
39	46	-0.06161926090296212
20	43	-0.0617754035078068
19	24	-0.061999589009499506
41	46	-0.062451742397207174
48	53	-0.06332904915874522
33	46	-0.06400110880656054
25	53	-0.06412643741005489
21	31	-0.06412883403085945
25	32	-0.06555309482713996
47	54	-0.06599914692284842
32	48	-0.06648388908527
27	60	-0.06743426002156035
1	42	-0.06851121956328535
20	31	-0.06865337115823131
38	46	-0.06940219828881489
39	48	-0.07049224786142808
43	64	-0.0712259097749819
30	49	-0.0759219412103107
41	49	-0.08775154788098502
27	40	-0.09080099089449672