#==========================================================================
# The first and second rows contain site pairs (i, j) such that j > i
# The third row contains coevolutionary scores obtained 
# using plmDCA-pydca algorithm.
# Note that in this data sites are counted/labelled starting from 1
#==========================================================================
8	43	0.07915299697468771
9	42	0.0758944025447977
26	36	0.07164606368516743
42	49	0.06297888168045196
9	49	0.06297887512940774
27	50	0.05951068013733114
11	20	0.05698311805457632
48	49	0.055462491305724705
13	18	0.054539616384701804
49	50	0.05371512764159238
1	27	0.049884337312867316
17	43	0.048516262997742476
20	31	0.04786513510673078
11	31	0.04786512435743958
31	50	0.04726788669516126
8	17	0.04699690716037975
27	31	0.046870215121921216
1	50	0.046609933630962476
31	49	0.0457738729990216
28	59	0.04525372058187499
27	49	0.04438518991866541
28	31	0.04310999816926111
41	50	0.04294121126792374
42	48	0.0428814644999158
9	48	0.042881458091020605
14	49	0.042386755223115594
2	14	0.04147521201796049
34	59	0.039937620903224995
14	17	0.03991818034779758
1	41	0.03987855095549271
12	19	0.039484163597531076
2	41	0.03925815496212134
31	47	0.03882581755033152
32	49	0.03871348627113764
32	48	0.038061141723784726
20	47	0.03797244746622685
11	47	0.0379724299155702
1	31	0.03710295126006155
17	47	0.036844842571939346
16	31	0.036834666508555124
31	34	0.03673961720616998
14	50	0.036483004113852927
31	59	0.03622362768356578
17	31	0.036010784218182344
34	36	0.03585512614647231
26	34	0.0358551255222577
2	48	0.035545187746265534
17	49	0.03522678577941422
14	31	0.03464522095241168
2	49	0.034509658066834585
28	35	0.03379788202193178
2	19	0.033632991437753876
2	12	0.03363298308713813
17	18	0.03348441097775935
16	20	0.033099763666920766
11	16	0.033099745542770606
11	18	0.03232316229979916
18	20	0.032323143251379007
16	18	0.03207007609237826
9	27	0.031952927505229455
27	42	0.031952926421174706
17	26	0.031924842622045646
17	36	0.03192483569754246
1	49	0.03167570958474728
33	41	0.031630810959865086
13	16	0.031437131542422864
2	50	0.03135064003238427
36	47	0.031307207944453186
26	47	0.031307199834900115
20	28	0.031241798748392544
11	28	0.03124178852431394
13	17	0.031020159789366487
11	13	0.030813760688310113
13	20	0.030813741658655185
2	28	0.03048222286587267
16	27	0.030207868041059523
41	49	0.029695389745475642
28	49	0.029512597647094456
14	28	0.029206349365222983
14	43	0.02910278833019607
31	36	0.028622957588088332
26	31	0.028622949567643226
27	41	0.028413347210054972
14	48	0.028360426081193893
43	49	0.028090549272257626
16	50	0.027977190170135134
8	14	0.027916821712380413
16	41	0.02785853504573911
17	48	0.02770796377443585
2	15	0.027653312444569998
14	18	0.027582390313810726
14	15	0.027378648431663846
18	31	0.02728615750398597
8	49	0.0272509552645383
18	19	0.02715985973859667
12	18	0.027159858898302372
28	34	0.02691786737995562
13	19	0.025814073072669502
12	13	0.0258140722361773
31	35	0.02573101666508483
2	33	0.02564792038766405
14	41	0.025514488463985255
13	31	0.025366014312213865
13	14	0.024915716470013272
9	50	0.02478384153042839
42	50	0.024783840503252108
1	33	0.024665252906702857
15	28	0.024605433271526776
2	18	0.024384656136859223
31	33	0.024345713789687175
1	16	0.024303536188459644
15	48	0.024070575152294153
31	42	0.02383510864916811
9	31	0.02383510212122529
2	31	0.023831235848675976
14	19	0.023821880880182167
12	14	0.023821876435514547
20	27	0.02355535158262923
11	27	0.02355534155971442
2	17	0.02350543337679893
34	42	0.02342059089267611
9	34	0.023420584452728696
13	15	0.02339557869915276
9	14	0.02334866135672519
14	42	0.023348660567730724
31	41	0.022735183220038077
8	36	0.022715370473829856
8	26	0.022715369852628092
2	13	0.022374803406342576
17	19	0.022236242109002907
12	17	0.022236241332412435
8	12	0.02204830323280274
8	19	0.022048296699234284
12	43	0.02199406620979244
19	43	0.021994059674982067
14	27	0.021895770033837136
33	50	0.021739982642822564
35	36	0.021557229900931382
26	35	0.0215572256656991
15	49	0.021183149974195552
1	9	0.02045843157793123
1	42	0.020458430632447573
13	59	0.02005145592069528
25	51	0.01980824061255053
13	43	0.019715210448870278
8	13	0.019578441057953554
1	2	0.01934375554053841
18	59	0.019157170123640307
14	33	0.018897383351286323
15	18	0.01857994533593177
14	16	0.018563138267300907
20	50	0.018111583730658867
11	50	0.018111558550629785
17	50	0.01808601335982997
36	59	0.017823248206961434
26	59	0.01782324388803809
18	43	0.017653162321565885
14	20	0.017613951237301063
11	14	0.01761395106248588
8	18	0.01753138859102716
15	17	0.017383806040712022
17	34	0.017301075459914078
19	42	0.017238149229620407
9	19	0.01723814651186168
9	12	0.0172381455477066
12	42	0.017238144540175006
11	17	0.01723184199816679
17	20	0.017231834440026773
18	47	0.016935519927291788
15	19	0.016790034594409385
12	15	0.01679003398780503
34	47	0.01635569264555497
20	59	0.016342202070722726
11	59	0.0163421803187314
35	59	0.016145700728115733
48	50	0.016072984065245738
11	32	0.01593273488292006
20	32	0.015932711871268164
16	59	0.01588509914635655
20	35	0.015775937927074407
11	35	0.01577590811475337
2	43	0.01545267652759199
1	14	0.015281537335730712
45	46	0.015281278240028881
2	8	0.015263373988449479
16	49	0.014963146979257949
32	42	0.014855323770103276
9	32	0.01485532101930196
1	20	0.014691905996546108
1	11	0.014691887899480761
44	45	0.014410677364256663
23	39	0.014229420803611788
31	43	0.014226373487264472
13	47	0.014182558074718014
47	48	0.014176046155546136
44	46	0.013681647370813142
28	50	0.01346364217068765
20	49	0.01343659505497502
11	49	0.013436591652308136
34	35	0.01340219974916853
8	47	0.013393947010423977
2	16	0.013372772780281011
13	36	0.013371020353352865
13	26	0.013371016061406567
16	47	0.013268526356301352
37	68	0.013253757606155658
18	49	0.01324855282774677
32	47	0.012948530787779036
8	31	0.01294735922321117
31	48	0.012666452929920101
25	37	0.012666440988799967
16	33	0.012625152079980946
14	47	0.012586289940926906
18	36	0.012482097614502217
18	26	0.012482097045270597
36	43	0.012439333555623627
26	43	0.012439325484682559
23	68	0.012372050354235095
39	68	0.01237204690920441
2	9	0.012041333285037863
2	42	0.012041332297902545
2	59	0.011474823124514255
34	49	0.011027521696302577
18	48	0.010982278943731341
20	36	0.010871957395283585
20	26	0.010871956723555086
11	36	0.010871939668958712
11	26	0.010871938997230282
2	27	0.010830911657756112
33	49	0.010732874452227037
9	17	0.010674626431027665
17	42	0.010674625579283288
25	68	0.010523593904699778
15	31	0.010487533336478918
1	47	0.010152172131515952
13	49	0.009904908162032676
27	33	0.00983374820638095
43	50	0.009783018356684534
32	43	0.009669766239228099
19	49	0.009605281317222852
12	49	0.009605280497057327
8	32	0.009551240284608208
16	35	0.009543486108374508
11	19	0.009540757762429332
11	12	0.009540756770830217
12	20	0.009540729885196268
19	20	0.00954072342621489
18	50	0.009426648798912703
18	28	0.009340866044408806
15	50	0.008953958914790228
41	47	0.008931134117668063
8	50	0.008645747137807566
49	59	0.00862145842740717
33	51	0.008523461598778273
15	59	0.008502127456898809
15	32	0.008485395008488342
22	24	0.008437379669645112
10	24	0.00843737961516694
10	22	0.008437379560688768
38	64	0.008437378790839306
21	29	0.008437378607320738
4	64	0.008437378518448467
3	64	0.008437378150720834
7	64	0.008437378150720834
21	64	0.008437378082623119
29	64	0.008437378000905861
24	38	0.008437376189506587
22	38	0.008437376135028415
4	38	0.00843737610778933
10	38	0.008437376080550243
4	24	0.008437375917115728
3	40	0.008437375882031237
7	40	0.008437375882031237
4	22	0.008437375862637556
21	40	0.008437375813933543
4	10	0.008437375808159384
3	38	0.008437375740061669
7	38	0.008437375740061669
29	40	0.008437375732216305
21	38	0.008437375671963947
29	38	0.008437375590246689
3	24	0.008437375549388067
7	24	0.008437375549388067
3	22	0.008437375494909888
7	22	0.008437375494909888
21	24	0.008437375481290345
4	7	0.008437375467670809
3	4	0.008437375467670802
3	10	0.008437375440431723
7	10	0.008437375440431723
21	22	0.008437375426812166
4	21	0.008437375399573087
24	29	0.008437375399573087
10	21	0.008437375372334
22	29	0.008437375345094915
4	29	0.008437375317855829
10	29	0.008437375290616743
3	7	0.008437375099943141
3	21	0.008437375031845419
7	21	0.008437375031845419
3	29	0.008437374950128161
7	29	0.008437374950128161
24	64	0.00843737487487542
22	64	0.008437374820397248
10	64	0.00843737476591909
24	52	0.008437374764538041
24	53	0.008437374764538041
24	54	0.008437374764538041
24	55	0.008437374764538041
24	56	0.008437374764538041
22	52	0.00843737471005989
22	53	0.00843737471005989
22	54	0.00843737471005989
22	55	0.00843737471005989
22	56	0.00843737471005989
10	52	0.008437374655581753
10	53	0.008437374655581753
10	54	0.008437374655581753
10	55	0.008437374655581753
10	56	0.008437374655581753
3	52	0.008437374315093338
3	53	0.008437374315093338
3	54	0.008437374315093338
3	55	0.008437374315093338
3	56	0.008437374315093338
7	52	0.008437374315093338
7	53	0.008437374315093338
7	54	0.008437374315093338
7	55	0.008437374315093338
7	56	0.008437374315093338
21	52	0.008437374246995658
21	53	0.008437374246995658
21	54	0.008437374246995658
21	55	0.008437374246995658
21	56	0.008437374246995658
29	52	0.008437374165278434
29	53	0.008437374165278434
29	54	0.008437374165278434
29	55	0.008437374165278434
29	56	0.008437374165278434
38	40	0.00843737279685925
24	40	0.008437372606185711
22	40	0.00843737255170756
4	40	0.008437372524468481
10	40	0.008437372497229409
30	38	0.008437372346723773
24	63	0.00843737226500662
24	62	0.008437372237767533
22	63	0.008437372210528475
38	67	0.008437372196218249
22	62	0.00843737218328939
38	66	0.008437372168979156
10	63	0.008437372156050338
24	30	0.008437372156050275
10	62	0.008437372128811252
22	30	0.008437372101572131
10	30	0.008437372047093994
5	38	0.008437372019854741
6	38	0.008437372019854741
4	67	0.008437371923827583
38	65	0.008437371923827382
4	66	0.008437371896588497
5	24	0.008437371829181244
6	24	0.008437371829181244
3	63	0.008437371815561936
7	63	0.008437371815561936
3	62	0.00843737178832285
7	62	0.00843737178832285
5	22	0.008437371774703092
6	22	0.008437371774703092
21	63	0.00843737174746425
21	62	0.00843737172022517
5	10	0.008437371720224955
6	10	0.008437371720224955
3	30	0.008437371706605593
7	30	0.008437371706605593
29	63	0.00843737166574704
4	65	0.008437371651436716
29	62	0.008437371638507954
21	30	0.008437371638507905
38	57	0.00843737159695835
38	58	0.00843737159695835
38	60	0.0084373715833388
38	61	0.0084373715833388
29	30	0.008437371556790696
3	67	0.008437371556100193
7	67	0.008437371556100193
3	66	0.0084373715288611
7	66	0.0084373715288611
21	67	0.00843737148800252
40	64	0.008437371482227299
21	66	0.008437371460763433
29	67	0.008437371406285324
3	5	0.008437371379736554
3	6	0.008437371379736554
5	7	0.008437371379736554
6	7	0.008437371379736554
29	66	0.008437371379046231
4	57	0.008437371324567684
4	58	0.008437371324567684
5	21	0.008437371311638867
6	21	0.008437371311638867
4	60	0.008437371310948134
4	61	0.008437371310948134
3	65	0.008437371283709319
7	65	0.008437371283709319
5	29	0.00843737122992165
6	29	0.00843737122992165
38	52	0.008437371229921248
38	53	0.008437371229921248
38	54	0.008437371229921248
38	55	0.008437371229921248
38	56	0.008437371229921248
21	65	0.008437371215611653
29	65	0.00843737113389445
4	52	0.008437370957530527
4	53	0.008437370957530527
4	54	0.008437370957530527
4	55	0.008437370957530527
4	56	0.008437370957530527
3	57	0.008437370956840287
3	58	0.008437370956840287
7	57	0.008437370956840287
7	58	0.008437370956840287
3	60	0.008437370943220737
3	61	0.008437370943220737
7	60	0.008437370943220737
7	61	0.008437370943220737
21	57	0.008437370888742614
21	58	0.008437370888742614
21	60	0.008437370875123064
21	61	0.008437370875123064
29	57	0.008437370807025411
29	58	0.008437370807025411
29	60	0.008437370793405868
29	61	0.008437370793405868
38	63	0.008437368730389819
38	62	0.00843736870315074
4	63	0.008437368457999105
4	62	0.008437368430760026
4	30	0.00843736834904276
4	5	0.008437368022173729
4	6	0.008437368022173729
24	65	0.00843736800786362
22	65	0.008437367953385483
10	65	0.008437367898907353
63	64	0.008437367415757381
62	64	0.008437367388518295
30	64	0.008437367306801044
64	67	0.008437367156295013
64	66	0.008437367129055927
5	64	0.008437366979932033
6	64	0.008437366979932033
64	65	0.008437366883904167
57	64	0.008437366557035156
58	64	0.008437366557035156
60	64	0.008437366543415613
61	64	0.008437366543415613
52	64	0.008437366189998595
53	64	0.008437366189998595
54	64	0.008437366189998595
55	64	0.008437366189998595
56	64	0.008437366189998595
40	67	0.008437364887598782
40	66	0.008437364860359696
40	65	0.008437364615208005
24	67	0.008437364554964188
63	67	0.008437364546414479
24	66	0.008437364527725096
62	67	0.008437364519175414
63	66	0.0084373645191754
22	67	0.008437364500486051
62	66	0.008437364491936342
22	66	0.008437364473246958
10	67	0.008437364446007928
30	67	0.008437364437458218
10	66	0.008437364418768835
30	66	0.00843736441021914
40	57	0.008437364288339078
40	58	0.008437364288339078
40	60	0.008437364274719535
40	61	0.008437364274719535
63	65	0.008437364274023758
62	65	0.008437364246784693
30	65	0.00843736416506749
5	67	0.008437364110589422
6	67	0.008437364110589422
5	66	0.008437364083350343
6	66	0.008437364083350343
24	57	0.00843736395570429
24	58	0.00843736395570429
57	63	0.0084373639471549
58	63	0.0084373639471549
24	60	0.00843736394208474
24	61	0.00843736394208474
60	63	0.008437363933535356
61	63	0.008437363933535356
40	52	0.008437363921304487
40	53	0.008437363921304487
40	54	0.008437363921304487
40	55	0.008437363921304487
40	56	0.008437363921304487
57	62	0.008437363919915834
58	62	0.008437363919915834
60	62	0.008437363906296291
61	62	0.008437363906296291
22	57	0.008437363901226153
22	58	0.008437363901226153
22	60	0.008437363887606603
22	61	0.008437363887606603
10	57	0.008437363846748022
10	58	0.008437363846748022
5	65	0.008437363838198694
6	65	0.008437363838198694
30	57	0.008437363838198632
30	58	0.008437363838198632
10	60	0.00843736383312848
10	61	0.00843736383312848
30	60	0.008437363824579096
30	61	0.008437363824579096
5	57	0.008437363511329836
5	58	0.008437363511329836
6	57	0.008437363511329836
6	58	0.008437363511329836
5	60	0.008437363497710293
5	61	0.008437363497710293
6	60	0.008437363497710293
6	61	0.008437363497710293
52	67	0.008437363320656505
53	67	0.008437363320656505
54	67	0.008437363320656505
55	67	0.008437363320656505
56	67	0.008437363320656505
52	66	0.008437363293417426
53	66	0.008437363293417426
54	66	0.008437363293417426
55	66	0.008437363293417426
56	66	0.008437363293417426
52	65	0.00843736304826577
53	65	0.00843736304826577
54	65	0.00843736304826577
55	65	0.00843736304826577
56	65	0.00843736304826577
52	57	0.008437362721396897
52	58	0.008437362721396897
53	57	0.008437362721396897
53	58	0.008437362721396897
54	57	0.008437362721396897
54	58	0.008437362721396897
55	57	0.008437362721396897
55	58	0.008437362721396897
56	57	0.008437362721396897
56	58	0.008437362721396897
52	60	0.008437362707777354
52	61	0.008437362707777354
53	60	0.008437362707777354
53	61	0.008437362707777354
54	60	0.008437362707777354
54	61	0.008437362707777354
55	60	0.008437362707777354
55	61	0.008437362707777354
56	60	0.008437362707777354
56	61	0.008437362707777354
40	63	0.00843736142177267
40	62	0.00843736139453359
30	40	0.00843736131281636
5	40	0.008437360985947433
6	40	0.008437360985947433
66	67	0.008437360534418008
65	67	0.008437360289266414
65	66	0.008437360262027342
57	67	0.008437359962397618
58	67	0.008437359962397618
60	67	0.008437359948778082
61	67	0.008437359948778082
57	66	0.008437359935158546
58	66	0.008437359935158546
60	66	0.00843735992153901
61	66	0.00843735992153901
52	63	0.008437359854831586
53	63	0.008437359854831586
54	63	0.008437359854831586
55	63	0.008437359854831586
56	63	0.008437359854831586
52	62	0.00843735982759252
53	62	0.00843735982759252
54	62	0.00843735982759252
55	62	0.00843735982759252
56	62	0.00843735982759252
30	52	0.008437359745875297
30	53	0.008437359745875297
30	54	0.008437359745875297
30	55	0.008437359745875297
30	56	0.008437359745875297
57	65	0.008437359690006946
58	65	0.008437359690006946
60	65	0.00843735967638741
61	65	0.00843735967638741
5	52	0.008437359419006425
5	53	0.008437359419006425
5	54	0.008437359419006425
5	55	0.008437359419006425
5	56	0.008437359419006425
6	52	0.008437359419006425
6	53	0.008437359419006425
6	54	0.008437359419006425
6	55	0.008437359419006425
6	56	0.008437359419006425
57	58	0.00843735936313815
57	60	0.008437359349518607
57	61	0.008437359349518607
58	60	0.008437359349518607
58	61	0.008437359349518607
60	61	0.008437359335899071
52	53	0.008437358629073313
52	54	0.008437358629073313
52	55	0.008437358629073313
52	56	0.008437358629073313
53	54	0.008437358629073313
53	55	0.008437358629073313
53	56	0.008437358629073313
54	55	0.008437358629073313
54	56	0.008437358629073313
55	56	0.008437358629073313
62	63	0.008437357328060446
30	63	0.008437357246343237
30	62	0.008437357219104165
5	63	0.008437356919474372
6	63	0.008437356919474372
5	62	0.0084373568922353
6	62	0.0084373568922353
5	30	0.008437356810518083
6	30	0.008437356810518083
5	6	0.008437356483649218
2	47	0.00840849520240746
15	16	0.008336911585794762
26	48	0.008107309690533422
36	48	0.008107306608637052
42	59	0.0073144735925844
9	59	0.007314470828414271
26	28	0.007254616750522011
28	36	0.007254613667184225
37	64	0.007191404142291358
37	38	0.007191401775468641
24	37	0.007191401588262328
22	37	0.007191401534774808
10	37	0.007191401481287295
3	37	0.007191401146990295
7	37	0.007191401146990295
21	37	0.007191401080130895
29	37	0.007191400999899615
37	40	0.007191397986339526
4	37	0.007191397782740749
37	63	0.007191393790589869
37	62	0.007191393763846109
37	67	0.007191393400361783
37	66	0.007191393373618016
37	65	0.007191393132924183
37	57	0.00719139281199907
37	58	0.00719139281199907
37	60	0.00719139279862719
37	61	0.00719139279862719
37	52	0.00719139258712069
37	53	0.00719139258712069
37	54	0.00719139258712069
37	55	0.00719139258712069
37	56	0.00719139258712069
30	37	0.00719138995832453
5	37	0.007191389637399417
6	37	0.007191389637399417
16	26	0.007174651328007202
16	36	0.007174648182974572
41	68	0.007123504585144463
10	39	0.007102661207655965
39	64	0.007102660158542627
23	64	0.007102659872532245
38	39	0.007102657778224421
24	39	0.00710265758995067
22	39	0.007102657536158165
4	39	0.007102657509261916
23	38	0.007102657492214018
22	23	0.007102657250147762
4	23	0.007102657223251513
10	23	0.007102657196355264
3	39	0.007102657146162532
7	39	0.007102657146162532
21	39	0.007102657078921902
29	39	0.007102656998233148
5	39	0.007102656916746636
6	39	0.007102656916746636
3	23	0.007102656860152122
7	23	0.007102656860152122
21	23	0.007102656792911492
23	29	0.007102656712222738
5	23	0.007102656630736379
6	23	0.007102656630736379
39	40	0.0071026540524554704
39	63	0.007102653621796351
39	62	0.007102653594900102
23	24	0.007102653578649969
30	39	0.0071026535142113476
23	63	0.007102653335786101
23	62	0.007102653308889852
23	30	0.007102653228201097
23	67	0.007102652985815791
23	66	0.007102652958919535
23	65	0.007102652716853279
39	52	0.007102652411465064
39	53	0.007102652411465064
39	54	0.007102652411465064
39	55	0.007102652411465064
39	56	0.007102652411465064
23	57	0.007102652394098269
23	58	0.007102652394098269
23	60	0.007102652380650137
23	61	0.007102652380650137
23	52	0.0071026521254548
23	53	0.0071026521254548
23	54	0.0071026521254548
23	55	0.0071026521254548
23	56	0.0071026521254548
23	40	0.007102650041154859
39	67	0.007102649546535687
39	66	0.007102649519639431
39	65	0.007102649277573175
39	57	0.007102648954818165
39	58	0.007102648954818165
39	60	0.0071026489413700405
39	61	0.0071026489413700405
45	64	0.007058991265966104
40	45	0.007058988841985754
24	45	0.007058988709985843
22	45	0.00705898865645746
4	45	0.007058988629693265
10	45	0.007058988602929077
45	63	0.007058988376859081
45	62	0.007058988350094893
30	45	0.007058988269802315
29	45	0.007058988121173629
5	45	0.007058987948632023
6	45	0.007058987948632023
45	52	0.007058987172470471
45	53	0.007058987172470471
45	54	0.007058987172470471
45	55	0.007058987172470471
45	56	0.007058987172470471
38	45	0.007058985172044882
3	45	0.007058984543086386
7	45	0.007058984543086386
21	45	0.0070589844761759085
45	67	0.007058980541444382
45	66	0.007058980514680187
45	65	0.007058980273802466
45	57	0.0070589799526321745
45	58	0.0070589799526321745
45	60	0.0070589799392500735
45	61	0.0070589799392500735
13	48	0.006960048112106071
41	42	0.006835779932062906
9	41	0.006835777194842525
9	15	0.006803034592416032
15	42	0.006803030201817738
35	49	0.006693364879502527
25	41	0.006526370332035056
24	46	0.006499848399536982
22	46	0.006499848347188093
10	46	0.006499848294839211
3	46	0.006499847967658658
7	46	0.006499847967658658
21	46	0.006499847902222543
29	46	0.006499847823699209
38	46	0.006499844857467796
4	46	0.006499844595723357
40	46	0.006499844557078471
30	46	0.006499843833330049
5	46	0.006499843519236721
6	46	0.006499843519236721
46	64	0.006499843448615809
46	52	0.006499842760177836
46	53	0.006499842760177836
46	54	0.006499842760177836
46	55	0.006499842760177836
46	56	0.006499842760177836
46	63	0.006499840212737522
46	62	0.006499840186563084
46	67	0.006499835946919906
46	66	0.0064998359207454615
46	65	0.0064998356851754605
46	57	0.006499835371082133
46	58	0.006499835371082133
46	60	0.006499835357994907
46	61	0.006499835357994907
14	35	0.006460225463338999
30	51	0.006449056954534016
5	51	0.006449056637584001
6	51	0.006449056637584001
24	51	0.006449053908400795
22	51	0.006449053855575787
10	51	0.006449053802750793
21	51	0.006449053406563272
51	63	0.006449053334893713
51	62	0.006449053308481216
51	64	0.006449052705504339
51	52	0.006449052146331173
51	53	0.006449052146331173
51	54	0.006449052146331173
51	55	0.006449052146331173
51	56	0.006449052146331173
38	51	0.006449050367997998
40	51	0.00644905016652126
4	51	0.006449050103872991
3	51	0.006449049747304231
7	51	0.006449049747304231
29	51	0.0064490496020354685
51	57	0.0064490485508480536
51	58	0.0064490485508480536
51	60	0.006449048537641798
51	61	0.006449048537641798
51	67	0.0064490454066327835
51	66	0.006449045380220272
51	65	0.006449045142507763
17	28	0.006429945993713056
4	44	0.006098210055575856
44	63	0.006098209692030197
44	62	0.006098209665427276
44	52	0.006098208494898713
44	53	0.006098208494898713
44	54	0.006098208494898713
44	55	0.006098208494898713
44	56	0.006098208494898713
40	44	0.006098206473957896
24	44	0.006098206410094328
22	44	0.006098206356888479
10	44	0.006098206303682643
3	44	0.006098205971146117
7	44	0.006098205971146117
21	44	0.006098205904638811
30	44	0.006098205860328207
29	44	0.00609820582483004
5	44	0.006098205541093145
6	44	0.006098205541093145
44	64	0.006098205225383062
38	44	0.006098202871024479
44	67	0.0060982018140403604
44	66	0.006098201787437432
44	65	0.006098201548011141
44	57	0.006098201228776079
44	58	0.006098201228776079
44	60	0.006098201215474615
44	61	0.006098201215474615
25	33	0.005967684863034922
17	59	0.005953647580195648
1	17	0.005933948245999583
13	50	0.005700015393158238
37	39	0.005696742837733762
23	37	0.005696738831633991
38	68	0.0056946514660429146
24	68	0.005694651279203176
22	68	0.005694651225820392
4	68	0.005694651199129
10	68	0.005694651172437608
3	68	0.005694650838795216
7	68	0.005694650838795216
63	68	0.005694647171027613
62	68	0.005694647144336221
64	68	0.005694646377650485
52	68	0.005694645969914987
53	68	0.005694645969914987
54	68	0.005694645969914987
55	68	0.005694645969914987
56	68	0.005694645969914987
40	68	0.005694643929864671
30	68	0.005694643338971746
21	68	0.0056946433214861356
29	68	0.005694643241411959
67	68	0.005694643041684128
5	68	0.005694643018675047
6	68	0.005694643018675047
66	68	0.0056946430149927285
65	68	0.005694642774770206
57	68	0.005694642454473507
58	68	0.005694642454473507
60	68	0.005694642441127808
61	68	0.005694642441127808
37	45	0.005635621632502377
2	11	0.005621017645616115
2	20	0.005621005752926567
39	45	0.00557770110702966
23	45	0.005577700826005658
13	28	0.005547433933287084
24	25	0.005438195089856185
22	25	0.005438195037757741
4	25	0.005438195011708523
10	25	0.0054381949856593115
3	25	0.005438194660044068
7	25	0.005438194660044068
21	25	0.005438194594921016
25	40	0.0054381911944901135
25	29	0.005438190791483055
5	25	0.005438190125968238
6	25	0.005438190125968238
25	52	0.005438189370540879
25	53	0.005438189370540879
25	54	0.005438189370540879
25	55	0.005438189370540879
25	56	0.005438189370540879
25	38	0.005438187821620116
25	63	0.00543818681746544
25	62	0.005438186791416229
25	30	0.005438186713268567
25	64	0.005438186401685724
25	67	0.005438182518588429
25	66	0.005438182492539204
25	65	0.005438182258096232
25	57	0.005438181945505605
25	58	0.005438181945505605
25	60	0.0054381819324809885
25	61	0.0054381819324809885
19	48	0.0054318738363717325
12	48	0.005431872886599742
34	43	0.005340497761446322
31	32	0.005233972137762409
37	51	0.004983119545554318
39	51	0.004957559218548603
23	51	0.004957558941217341
37	46	0.004928797193720136
39	46	0.004881729800296879
23	46	0.004881729525465214
2	32	0.004878521106006541
45	51	0.004872675750332664
37	44	0.004548070484491851
33	47	0.0045117770398080265
39	44	0.0045030785033977755
23	44	0.004503078224067099
36	49	0.004155894958009949
26	49	0.00415589440241395
8	34	0.004153402547511537
46	51	0.004151984807079304
35	50	0.004083656875752843
45	68	0.004006273300244209
18	27	0.00399502846482537
15	20	0.0038919374473841487
11	15	0.0038919329906895346
43	47	0.003818437265725408
25	39	0.003809346709625537
23	25	0.0038093464361087376
16	17	0.003803051322271399
44	51	0.003797537362033754
15	35	0.0037497411589415483
25	45	0.003708196608244549
36	42	0.0036124569230668105
9	36	0.0036124542256469397
9	26	0.0036124535725096246
26	42	0.0036124488193488846
35	47	0.0035793428383466067
28	41	0.003458295741541703
51	68	0.0033576538340222978
16	32	0.0033324991459796893
9	18	0.0031829466531623496
18	42	0.003182942006258946
46	68	0.0031771115236511813
12	47	0.003177054663335635
19	47	0.0031770481855239244
17	27	0.0029929243992329047
1	25	0.0029264662021377327
25	46	0.0028598735005915255
44	68	0.0028158532762798533
16	28	0.0028051508568722044
12	31	0.0026588142801878614
19	31	0.002658811396126122
13	41	0.0025845345227247865
25	44	0.0025297603681896236
35	46	0.002495223245164973
33	43	0.0023573390707985684
41	48	0.0022393481068544024
17	41	0.0021709611368057394
35	44	0.0021698043378715892
15	34	0.00210119499785039
27	34	0.002075375438969927
47	49	0.0017881065624668901
18	41	0.001611484074059949
35	68	0.0016079010482803503
8	33	0.0014506183721157348
15	44	0.0013290579147963756
32	39	0.0012704740443019655
23	32	0.0012704737433568425
16	34	0.0012412092072478786
1	68	0.0011236942365285968
34	48	0.0010407254196679386
20	41	0.001031742316793087
11	41	0.0010317169607853005
20	34	0.0009556246313426539
11	34	0.0009555993768695786
15	25	0.0009492881594094782
13	27	0.000766032122619692
17	33	0.0007453167392267729
13	44	0.0006547249811574493
41	51	0.0006148598695387489
15	46	0.0006122019554014556
15	43	0.0005474145097702915
35	45	0.0003004481616985799
9	13	0.00028646270898601
13	42	0.0002864580662526664
13	34	0.00022236179898512537
15	68	0.00018488376140764554
35	39	0.0001739561979273302
23	35	0.00017395594295633796
37	41	-0.00018604496360497685
13	32	-0.00020776247460594505
1	15	-0.00025972124010201214
47	50	-0.0003031829067098313
28	47	-0.0003359542245140526
35	37	-0.0003518095713927402
16	42	-0.00038601045628223335
9	16	-0.00038601324210772725
15	27	-0.0006309145525242969
15	51	-0.0007084953462192095
19	28	-0.0007260847236793821
12	28	-0.0007260856713235675
1	23	-0.0007536687849368853
1	39	-0.000753672218239583
18	44	-0.0008077957908640479
39	41	-0.0008122375216488634
23	41	-0.0008122378267880967
17	35	-0.0009884714102368075
32	68	-0.0010603303119767135
18	34	-0.0010631679469110464
18	35	-0.001147950574182842
28	33	-0.0012408360319131131
33	57	-0.0013724011865753963
33	58	-0.0013724011865753963
33	60	-0.0013724012009907333
33	61	-0.0013724012009907333
4	33	-0.0013724018788112899
3	33	-0.001372402268025201
7	33	-0.001372402268025201
21	33	-0.0013724023401018512
29	33	-0.0013724024265938314
33	64	-0.0013724027642815564
33	66	-0.001372404306421833
33	63	-0.0013724044383048653
33	62	-0.0013724044671355184
33	40	-0.0013724045125265774
30	33	-0.0013724045536275056
33	65	-0.0013724045658977807
5	33	-0.0013724048995954266
6	33	-0.0013724048995954266
33	38	-0.0013724053157949875
24	33	-0.001372405517609608
22	33	-0.0013724055752709283
10	33	-0.0013724056329322415
33	52	-0.001372405735684569
33	53	-0.001372405735684569
33	54	-0.001372405735684569
33	55	-0.001372405735684569
33	56	-0.001372405735684569
33	67	-0.0013724080028814714
41	43	-0.0013900274775404675
1	18	-0.001515658027400217
18	32	-0.0015892593783295578
16	19	-0.001601236252681687
12	16	-0.0016012371092525499
33	48	-0.0017480094729281428
14	59	-0.0018497800570011422
27	35	-0.0018771033310240257
8	41	-0.0019857965801172023
28	32	-0.002062662653405295
35	57	-0.002101475081487905
35	58	-0.002101475081487905
35	60	-0.0021014750936293805
35	61	-0.0021014750936293805
35	40	-0.0021014779825870022
35	67	-0.0021014782725532546
35	66	-0.0021014782968362122
35	65	-0.002101478515382782
35	62	-0.002101479119600083
30	35	-0.002101479192448935
5	35	-0.002101479483844357
6	35	-0.002101479483844357
35	52	-0.0021014801880499673
35	53	-0.0021014801880499673
35	54	-0.0021014801880499673
35	55	-0.0021014801880499673
35	56	-0.0021014801880499673
35	64	-0.0021014803351768405
35	38	-0.0021014806215729487
4	35	-0.002101480864402462
35	63	-0.0021014809579622817
3	35	-0.002101483054867459
7	35	-0.002101483054867459
21	35	-0.0021014831155748426
29	35	-0.0021014831884237015
24	35	-0.0021014845168439017
22	35	-0.00210148456540981
10	35	-0.0021014846139757112
1	35	-0.0021106762200654855
15	39	-0.002257216785422008
15	23	-0.0022572169908847695
32	59	-0.0022603057643675734
32	63	-0.002320943915140268
32	62	-0.0023209439438017024
30	32	-0.002320944029786026
5	32	-0.0023209443737233146
6	32	-0.0023209443737233146
32	52	-0.0023209452049050908
32	53	-0.0023209452049050908
32	54	-0.0023209452049050908
32	55	-0.0023209452049050908
32	56	-0.0023209452049050908
32	67	-0.00232094752439084
32	66	-0.0023209475530522883
32	65	-0.002320947811005253
32	57	-0.0023209481549425343
32	58	-0.0023209481549425343
32	60	-0.0023209481692732584
32	61	-0.0023209481692732584
32	38	-0.0023209484034436498
24	32	-0.0023209486040737318
22	32	-0.0023209486613966143
4	32	-0.0023209486900580487
10	32	-0.00232094871871949
21	32	-0.002320949148641102
29	32	-0.002320949234625426
32	64	-0.0023209495921964474
32	40	-0.0023209513957762676
3	32	-0.002320952802277794
7	32	-0.002320952802277794
1	51	-0.0023676807945430672
2	34	-0.002517051451072269
13	35	-0.0026559970646822598
33	59	-0.002878802128340824
25	27	-0.002972412237813714
33	39	-0.0030449912230549186
23	33	-0.003044995251067148
33	37	-0.0031251155936886862
33	42	-0.0031959409240855524
9	33	-0.0031959473944237066
33	45	-0.003208349123215881
43	68	-0.003212655378558034
36	37	-0.003278295243090479
26	37	-0.0032782958047094315
46	48	-0.0032888354208811255
48	68	-0.0034632260678557902
8	46	-0.003590889944285386
41	59	-0.00366549043178465
8	44	-0.0036693048667647415
44	48	-0.0036797385789966303
1	32	-0.003771585459720589
32	37	-0.00380675075909611
43	46	-0.003869901031549973
15	45	-0.003942155620772929
43	44	-0.003972572022831383
1	59	-0.004022095644968179
16	25	-0.004033661066965587
32	45	-0.0040605985886883605
33	46	-0.004126120228086394
19	32	-0.00413336274763694
12	32	-0.004133363636141606
16	68	-0.004171341521244799
16	39	-0.004207150665062248
16	23	-0.004207150955191086
33	44	-0.004360101604598078
32	36	-0.004620483590396164
26	32	-0.00462048419228641
15	37	-0.004622422027590334
43	59	-0.004659039736128703
32	51	-0.0047101910813727235
46	59	-0.004712536020389922
1	45	-0.004743210398883743
8	25	-0.004770272272529186
27	32	-0.004778529044372586
25	50	-0.0048282835504880675
15	33	-0.004840084393598138
33	68	-0.004848242713949298
37	43	-0.004865528494047186
32	46	-0.004887946173153961
28	44	-0.004900120664948729
28	46	-0.004966541205866835
34	50	-0.004983645983966466
34	67	-0.005026633173241438
34	66	-0.005026633202965952
34	65	-0.0050266334704864996
34	57	-0.005026633827180556
34	58	-0.005026633827180556
34	60	-0.00502663384204282
34	61	-0.00502663384204282
34	40	-0.0050266338774455355
5	34	-0.005026634045522331
6	34	-0.005026634045522331
34	52	-0.005026634907532981
34	53	-0.005026634907532981
34	54	-0.005026634907532981
34	55	-0.005026634907532981
34	56	-0.005026634907532981
24	34	-0.0050266352601781306
22	34	-0.005026635319627146
4	34	-0.005026635349351646
10	34	-0.005026635379076154
29	34	-0.005026635914117256
34	63	-0.005026637295220543
34	62	-0.0050266373249450505
30	34	-0.005026637414118566
34	38	-0.005026638777396897
3	34	-0.005026639475922766
7	34	-0.005026639475922766
21	34	-0.005026639550234038
34	64	-0.005026639872068472
1	37	-0.005045506262640977
37	48	-0.005076943317889562
8	45	-0.00512829381008556
19	63	-0.005168571836864526
19	62	-0.005168571866497808
19	30	-0.005168571955397654
19	57	-0.005168572116191025
19	58	-0.005168572116191025
19	40	-0.005168572120570383
19	60	-0.005168572131007673
19	61	-0.005168572131007673
5	19	-0.005168572310997023
6	19	-0.005168572310997023
12	63	-0.005168572681275761
12	62	-0.005168572710909036
12	30	-0.005168572799808882
12	57	-0.005168572960602094
12	58	-0.005168572960602094
12	40	-0.005168572964981785
12	60	-0.005168572975418742
12	61	-0.005168572975418742
5	12	-0.005168573155408265
6	12	-0.005168573155408265
19	52	-0.005168573170362192
19	53	-0.005168573170362192
19	54	-0.005168573170362192
19	55	-0.005168573170362192
19	56	-0.005168573170362192
12	52	-0.0051685740147734485
12	53	-0.0051685740147734485
12	54	-0.0051685740147734485
12	55	-0.0051685740147734485
12	56	-0.0051685740147734485
19	67	-0.005168575189549128
12	64	-0.005168575204484417
19	66	-0.005168575219182417
19	65	-0.005168575485881947
12	67	-0.005168576033960183
12	66	-0.005168576063593472
12	65	-0.005168576330293009
19	38	-0.005168576982618217
4	19	-0.005168577278951023
3	19	-0.005168577679000322
7	19	-0.005168577679000322
19	21	-0.005168577753083534
12	38	-0.005168577827029883
19	29	-0.0051685778419833725
12	24	-0.005168578034462856
19	64	-0.0051685780853631055
12	22	-0.00516857809372942
4	12	-0.005168578123362695
10	12	-0.005168578152995977
3	12	-0.005168578523412008
7	12	-0.005168578523412008
12	21	-0.00516857859749522
12	29	-0.005168578686395066
19	24	-0.005168580915341482
19	22	-0.005168580974608046
10	19	-0.005168581033874596
25	47	-0.005227686850660725
15	41	-0.005251429599183826
32	44	-0.005263070406659194
8	39	-0.005273263914705714
8	23	-0.0052732642253065995
43	45	-0.005299650837094293
12	27	-0.0053134445157570764
19	27	-0.005313447252644508
44	50	-0.005346084523803217
28	68	-0.00536033169898175
45	48	-0.005363390181350687
19	59	-0.005394220442873583
12	59	-0.005394221319189034
39	43	-0.005418583252341055
23	43	-0.005418583562521291
27	44	-0.00546592274377402
27	68	-0.005477209263127024
59	67	-0.005486645678024871
59	66	-0.005486645706293113
59	65	-0.005486645960707276
57	59	-0.005486646299926158
58	59	-0.005486646299926158
59	60	-0.0054866463140602825
59	61	-0.0054866463140602825
59	64	-0.0054866474108238306
40	59	-0.0054866493429801405
59	63	-0.005486649415550014
59	62	-0.005486649443818256
5	59	-0.005486649867841857
6	59	-0.005486649867841857
52	59	-0.005486650687620824
53	59	-0.005486650687620824
54	59	-0.005486650687620824
55	59	-0.005486650687620824
56	59	-0.005486650687620824
30	59	-0.005486651391268124
38	59	-0.005486651775208247
4	59	-0.005486652057890645
3	59	-0.005486652439511887
7	59	-0.005486652439511887
21	59	-0.005486652510182495
29	59	-0.005486652594987214
24	59	-0.005486653835731076
22	59	-0.0054866538922675595
10	59	-0.005486653948804036
27	46	-0.0055458652469309935
13	45	-0.005548901473829859
25	32	-0.005583724027789387
27	47	-0.0056208876320014076
46	50	-0.005650561880369012
36	68	-0.005721263546493063
26	68	-0.005721264107012292
8	67	-0.00577029005126805
8	66	-0.005770290080849089
8	65	-0.005770290347078419
8	63	-0.00577029041008114
8	62	-0.005770290439662172
8	30	-0.005770290528405282
8	40	-0.005770290680151113
8	57	-0.005770290702050859
8	58	-0.005770290702050859
8	60	-0.005770290716841382
8	61	-0.005770290716841382
5	8	-0.0057702908833777156
6	8	-0.0057702908833777156
8	52	-0.005770291741227784
8	53	-0.005770291741227784
8	54	-0.005770291741227784
8	55	-0.005770291741227784
8	56	-0.005770291741227784
8	24	-0.005770295727558515
8	22	-0.005770295786720593
8	10	-0.005770295845882664
8	64	-0.005770296627859814
8	38	-0.005770299245781561
4	8	-0.005770299541591924
3	8	-0.005770299940935912
7	8	-0.005770299940935912
8	21	-0.005770300014888513
8	29	-0.005770300103631623
17	32	-0.005775264787034433
43	67	-0.005775359414250281
43	66	-0.005775359443791261
43	65	-0.005775359709660033
43	63	-0.005775359762487081
43	62	-0.005775359792028055
30	43	-0.0057753598806509765
43	57	-0.005775360064151733
43	58	-0.005775360064151733
43	60	-0.005775360078922223
43	61	-0.005775360078922223
5	43	-0.005775360235142676
6	43	-0.005775360235142676
43	52	-0.005775361091830959
43	53	-0.005775361091830959
43	54	-0.005775361091830959
43	55	-0.005775361091830959
43	56	-0.005775361091830959
40	43	-0.005775363747391266
4	43	-0.005775365141205226
43	64	-0.005775365956709487
38	43	-0.005775368571085779
24	43	-0.005775368777872603
22	43	-0.00577536883695455
10	43	-0.005775368896036498
3	43	-0.005775369265298688
7	43	-0.005775369265298688
21	43	-0.005775369339151126
29	43	-0.005775369427774055
26	67	-0.005805143696161176
26	66	-0.005805143726392667
26	65	-0.005805143998476023
26	57	-0.005805144361253817
26	58	-0.005805144361253817
26	60	-0.005805144376369566
26	61	-0.005805144376369566
5	26	-0.005805144710395983
6	26	-0.005805144710395983
26	52	-0.005805145587109012
26	53	-0.005805145587109012
26	54	-0.005805145587109012
26	55	-0.005805145587109012
26	56	-0.005805145587109012
36	64	-0.005805146529622648
36	67	-0.005805146849431085
36	66	-0.005805146879662576
26	64	-0.0058051471016434125
36	65	-0.005805147151745925
36	63	-0.0058051473799620446
36	62	-0.005805147410193522
30	36	-0.0058051475008879735
36	57	-0.005805147514523719
36	58	-0.005805147514523719
36	60	-0.005805147529639468
36	61	-0.005805147529639468
36	40	-0.005805147819798552
5	36	-0.005805147863665774
6	36	-0.005805147863665774
26	63	-0.005805147951982552
26	62	-0.005805147982214029
26	30	-0.005805148072908481
26	40	-0.005805148391819177
36	52	-0.005805148740378782
36	53	-0.005805148740378782
36	54	-0.005805148740378782
36	55	-0.005805148740378782
36	56	-0.005805148740378782
36	38	-0.0058051492051089115
24	36	-0.0058051494167292855
22	36	-0.0058051494771922535
10	36	-0.0058051495376552145
26	38	-0.005805149777129717
24	26	-0.005805149988750091
22	26	-0.005805150049213066
4	26	-0.005805150079444543
10	26	-0.005805150109676027
26	29	-0.005805150653842739
4	36	-0.005805153232714036
3	36	-0.005805153640839056
7	36	-0.005805153640839056
21	36	-0.005805153716417766
29	36	-0.005805153807112218
3	26	-0.0058051542128598685
7	26	-0.0058051542128598685
21	26	-0.005805154288438585
43	51	-0.005825297383600131
1	34	-0.00588429532103231
39	48	-0.005910508891281849
23	48	-0.0059105092129788095
27	51	-0.005915544796548926
2	51	-0.005970437354720491
8	15	-0.0060089483406492
8	51	-0.0060242301216630045
44	47	-0.006100746143026643
20	33	-0.006240212645107067
11	33	-0.006240238036338448
19	37	-0.006306961781351081
12	37	-0.0063069626104076265
8	37	-0.0063329250529094855
12	39	-0.006571472880895511
12	23	-0.0065714731920449715
19	39	-0.0065714757724020315
19	23	-0.006571476083551485
48	67	-0.006630132248259889
48	66	-0.0066301322788977005
48	65	-0.0066301325546379575
48	63	-0.006630132886060118
48	62	-0.006630132916697923
30	48	-0.006630133008611344
5	48	-0.0066301333762650225
6	48	-0.0066301333762650225
48	52	-0.006630134264761396
48	53	-0.006630134264761396
48	54	-0.006630134264761396
48	55	-0.006630134264761396
48	56	-0.006630134264761396
48	57	-0.006630136647581927
48	58	-0.006630136647581927
48	60	-0.006630136662900833
48	61	-0.006630136662900833
40	48	-0.006630137157237231
48	64	-0.006630139725219239
38	48	-0.0066301424366650916
24	48	-0.006630142651129732
22	48	-0.006630142712405349
4	48	-0.0066301427430431464
10	48	-0.006630142773680951
3	48	-0.0066301431566535285
7	48	-0.0066301431566535285
21	48	-0.006630143233248051
29	48	-0.006630143325161472
1	13	-0.006642186452057421
12	45	-0.006674313002905177
19	45	-0.006674315898505541
34	39	-0.006677974706742987
23	34	-0.006677978744140584
15	47	-0.006744298175582274
18	45	-0.006757074814276454
12	36	-0.006793836788635342
19	36	-0.006793839576749658
12	26	-0.006793841136224561
19	26	-0.006793843924338863
28	45	-0.006820387424372361
1	46	-0.006830459462987028
34	45	-0.006846187849539817
13	46	-0.00690713142740898
23	28	-0.007020601665952059
28	39	-0.007020605070266105
50	59	-0.00704894453873859
25	35	-0.007072881809013339
50	51	-0.007095619243274863
34	37	-0.0071048193737904
25	36	-0.007117961017361243
25	26	-0.007117961564394849
19	51	-0.007124468270382454
12	51	-0.007124469089169985
47	51	-0.0071271032940037685
14	36	-0.007184474802930475
14	26	-0.00718447529025059
28	37	-0.007187635416798552
41	65	-0.007198605041693749
41	57	-0.007198605390424301
41	58	-0.007198605390424301
41	60	-0.007198605404954747
41	61	-0.007198605404954747
41	52	-0.007198606280316211
41	53	-0.007198606280316211
41	54	-0.007198606280316211
41	55	-0.007198606280316211
41	56	-0.007198606280316211
41	67	-0.007198606613730098
41	66	-0.007198606642790983
41	63	-0.00719860683522177
41	62	-0.007198606864282649
30	41	-0.007198606951465285
40	41	-0.007198606969530806
5	41	-0.007198607300195843
6	41	-0.007198607300195843
41	64	-0.007198609021857906
38	41	-0.007198611593745768
24	41	-0.007198611797171919
22	41	-0.007198611855293684
4	41	-0.007198611884354562
10	41	-0.007198611913415441
3	41	-0.007198612276676439
7	41	-0.007198612276676439
21	41	-0.0071986123493286425
29	41	-0.007198612436511279
36	39	-0.00721673075929781
23	36	-0.007216731076728385
26	39	-0.007216731324119083
23	26	-0.007216731641549651
26	45	-0.007273817429559286
36	45	-0.007273818730156416
8	68	-0.0072884024426212585
39	59	-0.007293092450184384
23	59	-0.007293092747000907
19	46	-0.007344996818103952
12	46	-0.007344997629511726
27	37	-0.007346194052460203
25	43	-0.007351991273236075
27	45	-0.007378339772710393
45	59	-0.007431076527059002
34	51	-0.007488323205050641
25	42	-0.007488895426509455
9	25	-0.007488898266126302
27	39	-0.007490697568035033
23	27	-0.007490697902816645
37	59	-0.00757162297394047
16	51	-0.007579295504462659
19	44	-0.007627776894017474
12	44	-0.007627777718708047
48	51	-0.00764914275384436
47	59	-0.007681534020085472
19	25	-0.007705771204830458
12	25	-0.0077057720123562615
12	68	-0.00772572687746232
19	68	-0.007725727912674327
1	67	-0.007802753792036238
1	30	-0.00780275379409151
1	66	-0.007802753819844591
1	65	-0.007802754070119676
1	57	-0.007802754403819785
1	58	-0.007802754403819785
1	60	-0.007802754417723962
1	61	-0.007802754417723962
1	52	-0.0078027549342335675
1	53	-0.0078027549342335675
1	54	-0.0078027549342335675
1	55	-0.0078027549342335675
1	56	-0.0078027549342335675
1	40	-0.007802755352900162
1	63	-0.00780275554550329
1	62	-0.007802755573311629
1	5	-0.007802755990436776
1	6	-0.007802755990436776
1	64	-0.007802758858292805
1	38	-0.007802761319331143
1	4	-0.0078027615974145675
1	10	-0.0078027616252229065
1	3	-0.007802761972827199
1	7	-0.007802761972827199
1	21	-0.007802762042348053
1	29	-0.007802762125773084
1	24	-0.007802763376634693
1	22	-0.007802763432251378
34	46	-0.007832953010167308
36	51	-0.007873438088015973
26	51	-0.007873438642678497
45	47	-0.007883754987613921
26	46	-0.007927659922630004
36	46	-0.007927663098256973
1	44	-0.007954890461042807
28	67	-0.007992266869965965
28	66	-0.007992266900535137
28	65	-0.007992267175657639
28	57	-0.007992267542487642
28	58	-0.007992267542487642
28	60	-0.007992267557772235
28	61	-0.007992267557772235
5	28	-0.007992267978752202
6	28	-0.007992267978752202
28	40	-0.007992268017617585
28	52	-0.00799226886525805
28	53	-0.00799226886525805
28	54	-0.00799226886525805
28	55	-0.00799226886525805
28	56	-0.00799226886525805
4	28	-0.007992269848927355
28	63	-0.007992271214935821
28	62	-0.007992271245504987
28	30	-0.00799227133721249
28	38	-0.007992273268525987
24	28	-0.007992273482510151
22	28	-0.007992273543648488
10	28	-0.007992273604786819
3	28	-0.007992273986901409
7	28	-0.007992273986901409
21	28	-0.007992274063324332
28	29	-0.007992274155031835
28	64	-0.007992274288444977
34	44	-0.008079371465256141
26	44	-0.008086873213957416
36	44	-0.00808687638058636
13	33	-0.008098653184027985
50	68	-0.00810008031686811
9	57	-0.008122434786562778
9	58	-0.008122434786562778
9	60	-0.008122434802113672
9	61	-0.008122434802113672
9	30	-0.00812243498701927
5	9	-0.008122435360240592
6	9	-0.008122435360240592
42	57	-0.008122435712691042
42	58	-0.008122435712691042
42	60	-0.008122435728241936
42	61	-0.008122435728241936
42	63	-0.008122435788740598
42	62	-0.008122435819842372
30	42	-0.008122435913147714
9	52	-0.008122436262192119
9	53	-0.008122436262192119
9	54	-0.008122436262192119
9	55	-0.008122436262192119
9	56	-0.008122436262192119
5	42	-0.008122436286369043
6	42	-0.008122436286369043
42	52	-0.008122437188320585
42	53	-0.008122437188320585
42	54	-0.008122437188320585
42	55	-0.008122437188320585
42	56	-0.008122437188320585
9	67	-0.00812243782761398
9	66	-0.008122437858715761
9	65	-0.008122438138631755
9	63	-0.008122438587902459
9	62	-0.008122438619004232
42	67	-0.008122438753742231
42	66	-0.008122438784844012
42	65	-0.008122439064760012
9	40	-0.008122439254885608
40	42	-0.00812244018101424
9	24	-0.008122441219515407
9	22	-0.008122441281718962
9	10	-0.00812244134392251
9	21	-0.008122441810449167
9	29	-0.008122441903754503
9	64	-0.008122441974586024
24	42	-0.008122442145644337
22	42	-0.008122442207847892
4	42	-0.008122442238949666
10	42	-0.008122442270051447
3	42	-0.008122442658823663
7	42	-0.008122442658823663
21	42	-0.008122442736578112
29	42	-0.008122442829883447
42	64	-0.008122442900714878
9	38	-0.008122444727093274
4	9	-0.008122445038111034
3	9	-0.008122445457985024
7	9	-0.008122445457985024
38	42	-0.008122445653222198
17	68	-0.008169202750798833
37	47	-0.008246070379834769
18	46	-0.008265491634798353
1	19	-0.00829300950824391
1	12	-0.008293010370302542
51	59	-0.00833938198233445
9	46	-0.008351889556330185
42	46	-0.008351894171551584
46	47	-0.008352132543433657
9	51	-0.008371182923375999
42	51	-0.008371183821401028
25	48	-0.00839094889262465
47	67	-0.008418602470379899
47	66	-0.008418602501759548
47	65	-0.008418602784176318
47	57	-0.008418603160732015
47	58	-0.008418603160732015
47	60	-0.00841860317642184
47	61	-0.00841860317642184
47	63	-0.008418603304024663
47	62	-0.008418603335404298
30	47	-0.008418603429543224
5	47	-0.00841860380609892
6	47	-0.00841860380609892
47	52	-0.00841860471610853
47	53	-0.00841860471610853
47	54	-0.00841860471610853
47	55	-0.00841860471610853
47	56	-0.00841860471610853
47	64	-0.008418606854092674
40	47	-0.0084186077688208
24	47	-0.008418609850848434
22	47	-0.008418609913607725
10	47	-0.008418609976367002
3	47	-0.008418610368612522
7	47	-0.008418610368612522
38	47	-0.008418613356481246
4	47	-0.008418613670277658
21	47	-0.00841861417235193
29	47	-0.008418614266490848
44	59	-0.008447968576313407
35	51	-0.008474087905310703
2	35	-0.008504192233673623
17	44	-0.008523515983697445
9	37	-0.008564235403253483
37	42	-0.008564236312541308
42	44	-0.008564527825997856
9	44	-0.008564528784143662
27	65	-0.008566017897182678
27	57	-0.008566018279790234
27	58	-0.008566018279790234
27	60	-0.008566018295732218
27	61	-0.008566018295732218
5	27	-0.00856601905527217
6	27	-0.00856601905527217
27	40	-0.008566019416262581
27	52	-0.008566019979907101
27	53	-0.008566019979907101
27	54	-0.008566019979907101
27	55	-0.008566019979907101
27	56	-0.008566019979907101
27	67	-0.008566021303633334
27	66	-0.008566021335517301
27	63	-0.008566022270419055
27	62	-0.008566022302303015
27	64	-0.008566022391737982
27	30	-0.008566022397954905
21	27	-0.00856602604245179
27	29	-0.008566026138103672
27	38	-0.008566028938759039
24	27	-0.008566029161946778
22	27	-0.008566029225714707
4	27	-0.008566029257598667
10	27	-0.008566029289482628
3	27	-0.008566029688032176
7	27	-0.008566029688032176
42	45	-0.008629897660583877
9	45	-0.008629898613246527
32	35	-0.008677984711867127
34	68	-0.008689454444964571
9	39	-0.008749136211813058
9	23	-0.008749136538381712
39	42	-0.008749137126285583
23	42	-0.008749139315499393
15	57	-0.008750537398589501
15	58	-0.008750537398589501
15	60	-0.008750537408373445
15	61	-0.008750537408373445
15	67	-0.008750538830741238
15	66	-0.008750538850309124
15	65	-0.008750539026420066
15	63	-0.008750542134017006
15	62	-0.008750542153584884
15	30	-0.00875054221228853
5	15	-0.008750542447103118
6	15	-0.008750542447103118
15	52	-0.008750543014571704
15	53	-0.008750543014571704
15	54	-0.008750543014571704
15	55	-0.008750543014571704
15	56	-0.008750543014571704
15	38	-0.0087505460584636
4	15	-0.008750546254142417
15	21	-0.008750546567228536
15	29	-0.008750546625932186
15	40	-0.008750547241234273
15	64	-0.008750548051996317
15	24	-0.008750548058083923
15	22	-0.008750548097219688
10	15	-0.008750548136355448
3	15	-0.008750548380953977
7	15	-0.008750548380953977
25	59	-0.008771763557043032
25	34	-0.00878786978590846
9	68	-0.00880973522165883
42	68	-0.008809736129166142
27	43	-0.008845234886989656
59	68	-0.008861642021884344
2	25	-0.008874052607655301
39	47	-0.008908710316009101
23	47	-0.008908710645495338
28	43	-0.008927564884880064
8	28	-0.008997841702165
28	51	-0.009010598261822919
8	27	-0.009068607829955826
18	33	-0.009102947906835142
35	41	-0.009146207121443303
15	26	-0.009286036570883303
15	36	-0.00928603802260293
25	49	-0.009357750825874235
20	25	-0.00953936805279474
11	25	-0.009539377105780247
41	45	-0.009574064444300055
11	63	-0.009671908295108111
11	62	-0.009671908327095177
11	30	-0.009671908423056381
5	11	-0.009671908806901192
6	11	-0.009671908806901192
11	52	-0.009671909734526168
11	53	-0.009671909734526168
11	54	-0.009671909734526168
11	55	-0.009671909734526168
11	56	-0.009671909734526168
11	67	-0.009671911026393025
11	66	-0.009671911058380098
11	65	-0.00967191134626371
11	57	-0.009671911730108528
11	58	-0.009671911730108528
11	60	-0.009671911746102067
11	61	-0.009671911746102067
20	63	-0.009671912462686096
20	62	-0.009671912494673161
20	30	-0.009671912590634373
11	40	-0.00967191291844259
20	52	-0.009671913902104298
20	53	-0.009671913902104298
20	54	-0.009671913902104298
20	55	-0.009671913902104298
20	56	-0.009671913902104298
20	67	-0.009671915193970156
20	66	-0.009671915225957235
11	24	-0.009671915257107963
11	22	-0.009671915321082102
20	65	-0.009671915513840876
3	11	-0.009671915784894583
7	11	-0.009671915784894583
20	57	-0.009671915897685728
20	58	-0.009671915897685728
20	60	-0.009671915913679267
20	61	-0.009671915913679267
11	64	-0.009671915927633258
5	20	-0.00967191669976953
6	20	-0.00967191669976953
20	40	-0.009671917086021414
11	38	-0.009671918758488787
4	11	-0.009671919078359459
10	11	-0.009671919110346525
20	24	-0.009671919424688147
20	22	-0.009671919488662292
10	20	-0.00967191955263643
11	21	-0.00967191959015256
11	29	-0.009671919686113764
20	64	-0.009671920095213137
20	38	-0.00967192292606895
4	20	-0.009671923245939656
3	20	-0.00967192367776512
7	20	-0.00967192367776512
20	21	-0.009671923757732806
20	29	-0.009671923853694017
16	37	-0.009779274245899874
45	50	-0.00981821554393561
19	35	-0.009910109127442612
12	35	-0.009910109880214124
37	50	-0.00997072575481437
47	68	-0.009998904663433013
25	28	-0.01003809822748674
20	51	-0.010048872664108574
11	51	-0.010048879798866824
20	46	-0.010053225726637749
11	46	-0.010053232897818676
28	48	-0.01006642687843385
32	33	-0.010089629428042896
11	37	-0.010160772077837804
20	37	-0.010160772444342707
20	44	-0.010176416452969607
11	44	-0.010176421695948318
20	45	-0.010265516078305295
11	45	-0.010265519433964636
32	34	-0.010364673438418383
20	39	-0.010376665277484425
20	23	-0.01037666561334867
11	39	-0.010376666750293487
11	23	-0.010376668948802854
14	32	-0.010393023868049016
20	68	-0.010544614760652035
11	68	-0.01054462371538515
19	50	-0.010562436969683883
12	50	-0.01056243790622697
32	50	-0.01065840085408628
16	43	-0.010684691162299254
16	67	-0.010700558316836854
16	57	-0.01070055892472585
16	58	-0.01070055892472585
16	60	-0.010700558938541514
16	61	-0.010700558938541514
16	66	-0.010700560207113324
16	65	-0.010700560455795184
16	63	-0.01070056374885963
16	62	-0.010700563776490944
16	30	-0.0107005638593849
5	16	-0.010700564190960715
6	16	-0.010700564190960715
16	52	-0.010700564992268936
16	53	-0.010700564992268936
16	54	-0.010700564992268936
16	55	-0.010700564992268936
16	56	-0.010700564992268936
16	40	-0.01070056537269816
16	64	-0.010700566957558513
16	38	-0.010700569402930148
16	24	-0.010700569596349373
16	22	-0.010700569651612007
4	16	-0.010700569679243321
10	16	-0.010700569706874635
3	16	-0.010700570052266115
7	16	-0.010700570052266115
16	21	-0.010700570121344413
16	29	-0.010700570204238369
23	50	-0.010706312763611274
39	50	-0.010706314309040219
8	16	-0.010840877738501169
49	51	-0.010863147154730454
8	35	-0.0109468864235793
41	44	-0.010962431468297028
41	46	-0.011006848760819934
35	43	-0.011206410257954623
14	51	-0.011236075414969002
32	41	-0.011324138232037935
2	36	-0.011336929614026721
2	26	-0.011336933949018246
19	34	-0.011545792659291461
12	34	-0.011545793580751133
19	33	-0.012006480045874082
12	33	-0.012006480939624552
16	46	-0.01201008953355314
14	44	-0.012118410972107238
14	68	-0.012161694866571982
34	41	-0.012248982085060554
13	63	-0.012264471298780978
13	62	-0.012264471325764595
5	13	-0.012264471730518887
6	13	-0.012264471730518887
13	30	-0.012264473269360601
13	67	-0.012264473488331248
13	66	-0.012264473515314872
13	65	-0.01226447375816745
13	57	-0.012264474081970879
13	58	-0.012264474081970879
13	60	-0.01226447409546269
13	61	-0.01226447409546269
13	52	-0.012264474375688991
13	53	-0.012264474375688991
13	54	-0.012264474375688991
13	55	-0.012264474375688991
13	56	-0.012264474375688991
13	40	-0.01226447834150559
13	38	-0.012264482102618775
4	13	-0.01226448237245497
13	64	-0.012264483439858774
10	13	-0.012264484262083736
3	13	-0.012264484599378976
7	13	-0.012264484599378976
13	29	-0.012264484747788885
13	24	-0.012264486016794411
13	22	-0.012264486070761652
13	21	-0.012264486529483178
49	68	-0.012474543400857366
16	48	-0.012610565953476559
25	31	-0.012633339055344577
44	49	-0.012643094291080938
16	45	-0.012647162780488462
27	48	-0.01279400787948734
16	44	-0.012838593214383569
31	51	-0.012922839400854536
14	46	-0.013015238154759568
18	57	-0.013067171656277715
18	58	-0.013067171656277715
18	60	-0.013067171669830853
18	61	-0.013067171669830853
18	63	-0.013067172628059065
18	62	-0.013067172655165327
18	30	-0.013067172736484133
18	67	-0.013067172922584969
18	66	-0.013067172949691244
5	18	-0.013067173061759342
6	18	-0.013067173061759342
18	65	-0.013067173193647655
18	52	-0.013067173847841111
18	53	-0.013067173847841111
18	54	-0.013067173847841111
18	55	-0.013067173847841111
18	56	-0.013067173847841111
18	40	-0.013067179702794952
18	64	-0.013067182978609058
18	38	-0.013067183514868609
18	24	-0.013067183704612483
18	22	-0.01306718375882502
4	18	-0.013067183785931281
10	18	-0.013067183813037543
3	18	-0.013067184151865897
7	18	-0.013067184151865897
18	21	-0.013067184219631572
18	29	-0.013067184300950371
35	48	-0.013093050392179652
14	25	-0.013101638566036994
17	37	-0.013150421474598835
33	34	-0.013151347445131176
9	28	-0.0131722494964071
28	42	-0.013172250535758788
17	46	-0.013178271397584967
17	45	-0.013231677553394793
46	49	-0.013246501730496817
8	9	-0.013293361049316554
8	42	-0.013293362055071797
8	59	-0.013303606691762712
14	34	-0.013368007274758419
19	41	-0.013386638388437955
12	41	-0.013386639289325236
50	65	-0.013894867371958823
50	57	-0.013894867734491625
50	58	-0.013894867734491625
50	60	-0.013894867749597167
50	61	-0.013894867749597167
40	50	-0.013894868029497319
50	67	-0.013894868932493296
50	52	-0.013894868954487362
50	53	-0.013894868954487362
50	54	-0.013894868954487362
50	55	-0.013894868954487362
50	56	-0.013894868954487362
50	66	-0.013894868962704365
50	63	-0.013894869457634483
50	62	-0.013894869487845546
30	50	-0.013894869578478748
5	50	-0.013894869941011558
6	50	-0.013894869941011558
50	64	-0.013894877908516345
38	50	-0.013894878719550662
24	50	-0.013894878931028129
22	50	-0.013894878991450262
4	50	-0.013894879021661331
10	50	-0.013894879051872394
3	50	-0.013894879429510738
7	50	-0.013894879429510738
21	50	-0.013894879505038413
29	50	-0.013894879595671615
42	43	-0.013895300875914458
9	43	-0.013895301734166463
1	43	-0.013974371757171422
13	37	-0.014009181862427736
1	36	-0.014027297963691579
1	26	-0.014027298547666774
17	23	-0.014139172907035667
17	39	-0.014139174506642115
2	67	-0.01420729193876824
2	66	-0.014207291967801641
2	63	-0.0142072921530031
2	62	-0.014207292182036486
2	65	-0.014207292229102171
2	30	-0.01420729226913666
2	40	-0.014207292280137777
2	57	-0.014207292577502868
2	58	-0.014207292577502868
2	60	-0.014207292592019569
2	61	-0.014207292592019569
2	5	-0.014207292617537365
2	6	-0.014207292617537365
2	52	-0.014207293459505728
2	53	-0.014207293459505728
2	54	-0.014207293459505728
2	55	-0.014207293459505728
2	56	-0.014207293459505728
2	24	-0.014207300821455535
2	22	-0.014207300879522322
2	10	-0.014207300937589096
2	64	-0.014207301774056907
2	3	-0.01420730316315165
2	7	-0.01420730316315165
2	21	-0.01420730323573513
2	29	-0.014207303322835305
2	38	-0.01420730434351209
2	4	-0.014207304633846007
13	25	-0.014299776985924821
13	39	-0.014452494955661782
13	23	-0.014452497101634931
48	59	-0.014509689530635146
33	35	-0.01451537430965738
27	59	-0.01452251981828423
13	51	-0.014529156656689697
9	35	-0.014699905607456522
35	42	-0.014699906433076886
33	36	-0.014764347337197621
26	33	-0.01476434794264149
18	37	-0.014919343365993612
1	28	-0.015045054764224332
26	41	-0.015240920383574594
36	41	-0.015240923498586412
13	68	-0.01532518307606226
18	25	-0.015334279905490023
18	39	-0.015381461379725389
18	23	-0.0153814616643412
17	25	-0.015385990757184442
31	68	-0.015387736874225837
18	51	-0.015516230895417593
14	45	-0.015527772396358532
31	46	-0.015547662356621125
2	37	-0.01575897357423607
14	37	-0.015800284507577103
2	39	-0.0158563260382356
2	23	-0.015856326343086216
2	45	-0.015990476640316373
43	48	-0.01610605706803539
14	39	-0.016134223718442423
14	23	-0.01613422396210248
17	51	-0.01615038115589361
11	48	-0.016310502881272372
20	48	-0.016310507568856707
27	28	-0.016323898074212986
18	68	-0.01633621101407548
2	44	-0.016562628862841204
31	44	-0.016598587692393023
2	46	-0.01678093203444657
2	68	-0.016785326750940216
8	48	-0.017048392872548106
14	60	-0.017071187400343742
14	61	-0.017071187400343742
14	67	-0.017071187809537616
14	66	-0.017071187832743338
14	65	-0.01707118804159482
14	57	-0.017071188320063452
14	58	-0.017071188320063452
14	30	-0.01707119123470279
5	14	-0.017071192444494003
6	14	-0.017071192444494003
14	63	-0.017071193004525063
14	62	-0.01707119302773078
14	52	-0.01707119404878245
14	53	-0.01707119404878245
14	54	-0.01707119404878245
14	55	-0.01707119404878245
14	56	-0.01707119404878245
14	40	-0.01707119812989535
14	64	-0.017071201992875415
14	24	-0.017071202346376508
14	22	-0.01707120239278795
10	14	-0.017071202439199386
14	38	-0.017071203115259045
4	14	-0.017071203347316242
3	14	-0.01707120366059346
7	14	-0.01707120366059346
14	21	-0.01707120371860776
14	29	-0.01707120378822492
1	48	-0.01708494497588762
1	8	-0.01729487542526175
17	57	-0.017307372123590292
17	58	-0.017307372123590292
17	60	-0.017307372136115946
17	61	-0.017307372136115946
17	67	-0.017307373435106722
17	66	-0.01730737346015803
17	65	-0.017307373685619777
17	30	-0.01730737456092111
17	63	-0.017307375392038464
17	62	-0.017307375417089765
5	17	-0.017307375792859347
6	17	-0.017307375792859347
17	52	-0.017307376519347203
17	53	-0.017307376519347203
17	54	-0.017307376519347203
17	55	-0.017307376519347203
17	56	-0.017307376519347203
17	40	-0.017307381930429168
17	64	-0.017307385465593142
17	24	-0.017307386926670235
17	22	-0.017307386976772844
10	17	-0.017307387026875454
17	38	-0.017307387682633672
4	17	-0.01730738793314672
17	21	-0.01730738833396761
17	29	-0.017307388409121528
3	17	-0.01730738920266192
7	17	-0.01730738920266192
31	45	-0.017520417786553194
45	49	-0.01793122812175877
37	49	-0.018091520442712485
27	36	-0.018237745404166048
26	27	-0.018237747936374428
23	49	-0.018933910199326567
39	49	-0.0189339127154963
36	50	-0.019373240082568056
26	50	-0.019373240717000466
11	43	-0.019661516123471466
20	43	-0.019661526231176084
8	11	-0.019929010110704526
8	20	-0.019929020224538588
23	31	-0.021000881819017297
31	39	-0.021000885259375345
31	37	-0.021140978743672968
42	47	-0.02156344302950349
9	47	-0.021563443825240836
9	11	-0.02223041305525835
11	42	-0.02223041414281867
9	20	-0.022230423401765648
20	42	-0.02223043007726152
49	67	-0.02300454663989824
49	66	-0.0230045466663552
49	57	-0.023004547221951194
49	58	-0.023004547221951194
49	60	-0.023004547235179675
49	61	-0.023004547235179675
49	63	-0.02300454803659823
49	62	-0.02300454806305518
30	49	-0.023004548142426036
5	49	-0.023004548459909464
6	49	-0.023004548459909464
49	65	-0.02300454876711292
49	52	-0.023004549227161088
49	53	-0.023004549227161088
49	54	-0.023004549227161088
49	55	-0.023004549227161088
49	56	-0.023004549227161088
40	49	-0.023004555873185388
49	64	-0.02300456266196367
38	49	-0.023004565003403962
4	49	-0.02300456526797348
3	49	-0.02300456562514234
7	49	-0.02300456562514234
21	49	-0.02300456569128473
29	49	-0.023004565770655586
24	49	-0.0230045661199252
22	49	-0.023004566172839108
10	49	-0.02300456622575301
31	57	-0.024904572374352597
31	58	-0.024904572374352597
31	60	-0.024904572387920806
31	61	-0.024904572387920806
31	67	-0.024904573639996833
31	66	-0.024904573667133244
31	65	-0.02490457391136089
30	31	-0.02490457998123085
5	31	-0.024904580306867714
6	31	-0.024904580306867714
31	40	-0.024904580436028965
31	63	-0.024904580804007807
31	62	-0.02490458083114421
31	52	-0.02490458202514604
31	53	-0.02490458202514604
31	54	-0.02490458202514604
31	55	-0.02490458202514604
31	56	-0.02490458202514604
31	64	-0.024904590240956037
31	38	-0.024904592642527902
4	31	-0.02490459291389195
3	31	-0.024904593280233422
7	31	-0.024904593280233422
21	31	-0.02490459334807444
29	31	-0.024904593429483653
24	31	-0.024904593763805306
22	31	-0.024904593818078122
10	31	-0.02490459387235093