#==========================================================================
# The first and second rows contain site pairs (i, j) such that j > i
# The third row contains coevolutionary scores obtained 
# using plmDCA-pydca algorithm.
# Note that in this data sites are counted/labelled starting from 1
#==========================================================================
57	67	0.6227976782350053
26	38	0.5796770632056202
17	74	0.5759884231007271
25	39	0.5709753224983215
27	37	0.5631680714480719
16	75	0.5431033719778516
15	76	0.5188015710952716
43	54	0.518676650134074
6	78	0.4440565361297956
44	53	0.4266489603298421
14	77	0.38568830583254293
3	81	0.38161920728039334
5	79	0.3671719754357132
24	40	0.33091929677796916
4	80	0.321540284675201
23	40	0.3065913095388675
2	82	0.30075294551773013
1	83	0.2553951039765352
41	65	0.24972569934132
20	70	0.23608829255061564
71	72	0.19664048903831793
18	73	0.18934766247827037
45	52	0.18242938529659278
70	71	0.17943260899721988
19	71	0.16376639306845317
42	64	0.16157562588354504
10	11	0.15838159410013214
19	20	0.1452574116678284
41	84	0.14245131130512872
24	71	0.1413327883293448
5	77	0.13452354074136555
11	80	0.13224813422497647
23	41	0.1317684715994527
12	79	0.1317460574661238
8	83	0.1254876162408353
9	82	0.12389422308439034
13	81	0.12210990380102052
14	76	0.12011591363855639
20	71	0.1194442363738892
7	8	0.11783565120873205
41	57	0.1169667901907332
41	67	0.115855988094719
31	69	0.11020562049583024
24	81	0.10873844163592658
1	7	0.10759919740159879
25	60	0.10744930686169718
70	81	0.10685267209443922
10	13	0.10583757416195487
62	82	0.10523637625107862
5	76	0.10295595835116025
10	80	0.10262662292216487
54	62	0.10151475418784116
43	62	0.10151471375688571
5	45	0.10067434558636115
9	39	0.09741731726472455
20	55	0.09731055579387102
6	14	0.09560646479911392
19	70	0.09463840148022173
7	10	0.09265133593250693
16	34	0.09255462224096928
45	80	0.09073732937224291
29	61	0.09062354054849209
64	65	0.09002726697447297
52	54	0.08961650426021052
43	52	0.08961649263578943
8	84	0.08935238867387366
11	25	0.08823623107600143
40	81	0.08670001697671884
34	41	0.08590950096605224
39	78	0.08563038066580012
6	84	0.0841944813363375
2	7	0.08345870296333352
8	78	0.08302941398562574
53	64	0.08221200574441812
3	13	0.08212446740720375
14	78	0.08203346345104454
56	68	0.08154013917733463
32	63	0.0811491156931978
44	64	0.07994274358585092
78	84	0.07855289961940656
16	24	0.07776885319308038
8	11	0.07739887294304387
9	60	0.07658707937365465
14	15	0.07593210195298072
71	80	0.07557177633586049
31	41	0.07539906110022129
11	13	0.07450904454346365
42	54	0.07400863944083594
42	43	0.0740086279053475
60	83	0.07380742431858106
5	15	0.0734872071877209
42	53	0.07298326292855446
4	6	0.07295660861236003
1	40	0.07288201403585509
40	71	0.0726792885915947
42	44	0.07131315237333373
80	81	0.07128611255536565
23	82	0.07113833924218257
39	62	0.07095899084571983
13	84	0.06999705467656442
29	77	0.06997887959323403
55	57	0.06989405965413695
11	81	0.06970972557115626
55	67	0.06969703520100053
56	73	0.06921187939896986
45	53	0.06905457862396552
30	33	0.06893791577336872
45	55	0.06863523212562378
11	24	0.06805071292993611
58	66	0.06704175170692199
28	66	0.06704175168834375
28	58	0.06704174293463262
58	59	0.06699161567506012
28	59	0.06699161565653564
59	66	0.06699160207326
55	68	0.06664964670578757
19	60	0.06537949252504423
9	11	0.06517314241739454
2	6	0.06493230700866251
31	34	0.06435231603521202
36	58	0.06363908026848814
36	66	0.06363907417692019
28	36	0.06363907279853262
10	39	0.06360302155256706
36	59	0.0635797426616208
9	76	0.0634928840196469
63	64	0.06339642289431352
16	84	0.06336490417967724
44	45	0.06310228288064518
12	15	0.0629997117692552
21	56	0.06291780134859644
9	70	0.06248136903208065
7	62	0.062331390868848785
26	67	0.062005618078350866
17	79	0.06195267942572796
26	34	0.061916084405063854
33	55	0.061787628760258145
26	57	0.06169729627157522
25	54	0.06157409593479653
25	43	0.061574086081152835
12	83	0.061176047566991076
32	75	0.060987288425148986
28	68	0.06084724617696185
66	68	0.060847240169462066
58	68	0.06084723874666552
59	68	0.060787957748012045
77	78	0.060557322589268936
13	37	0.060553671237446205
8	62	0.060470453246746686
26	72	0.06038983442927218
26	84	0.06023703816864903
7	19	0.06019743874765092
1	4	0.05995882418091697
65	82	0.059892392720517953
20	72	0.059465621728321816
61	63	0.05925115291287517
7	31	0.059216845057025166
13	27	0.05886865241934283
24	76	0.05885924699894313
5	14	0.058565015605092835
31	83	0.05821405264687124
79	81	0.05801996564638254
30	66	0.05776051058627585
30	58	0.057760486707039184
28	30	0.05776048668526228
12	20	0.05775934243987599
30	59	0.057699690839255094
36	68	0.05711712493988341
60	62	0.05680213965864128
76	83	0.056548744909756976
29	36	0.05608311291011945
71	81	0.05564052944483869
33	66	0.05552862851604143
33	58	0.05552862688350314
28	33	0.05552861195906747
33	59	0.05547504822477841
30	36	0.05531991218567922
1	84	0.05519782393226644
17	29	0.055128635427762515
54	64	0.055058274744962624
43	64	0.055058262944719855
12	19	0.05497788207014041
4	74	0.054677956272772235
3	84	0.054489985655082784
72	73	0.05442138913672552
35	63	0.054129010565750355
38	45	0.05404186295307975
73	83	0.05382334361359127
11	78	0.05377459003761062
9	16	0.05358977658502989
60	82	0.05353982835855889
20	31	0.05351775632375655
12	23	0.05332301607752085
22	56	0.05322658718894173
43	68	0.05310968315492103
54	68	0.05310968122791553
55	70	0.052937626519298536
7	9	0.05283056647262872
34	72	0.05282543116019134
68	69	0.05268648813756917
4	26	0.05260384331185955
18	56	0.052573701232985735
16	37	0.05249181066216185
34	55	0.052472514754069985
8	81	0.05222778204425754
34	82	0.052207034216267184
52	55	0.0521494649585129
34	65	0.052124396295923386
6	23	0.0520489891704624
3	70	0.052043539572944
34	64	0.051940890033292955
24	79	0.05193728197397812
75	84	0.051904764557594185
28	63	0.05185440665940248
58	63	0.05185439923235647
63	66	0.05185437853139742
59	63	0.051763826340221634
15	45	0.05170552086702626
16	27	0.05166682041834819
10	29	0.051606646253913466
14	31	0.05148178905745274
16	38	0.05145932869143255
33	36	0.051449091431968574
17	19	0.05093621002536179
65	84	0.050880191027725036
57	76	0.05078460291501191
67	76	0.050778600532389195
30	68	0.05047355786963767
11	39	0.050433399542152174
10	12	0.050218213782106794
39	54	0.04995839128399859
39	43	0.04995838152849977
10	78	0.049764461363900475
77	79	0.04975271317422897
30	35	0.04967013831803207
15	78	0.04958674853989886
2	38	0.04955488649233486
2	3	0.04953907254524614
17	42	0.04931065693227092
19	61	0.04926632698999046
21	58	0.04925269902091208
21	28	0.0492526989953259
21	66	0.04925267846385863
21	59	0.049209503368518585
76	77	0.04918413423708354
69	81	0.04904005657524928
56	66	0.048907020732401815
56	58	0.04890701901522533
28	56	0.04890701154016361
56	59	0.04884545660221117
33	45	0.04876519953873039
12	60	0.04861134873743944
21	73	0.04813711371056793
33	68	0.048070489853638446
20	24	0.04793004814076446
62	65	0.047616265115194234
34	75	0.047431949945676566
55	71	0.0473690435640014
36	63	0.047351013179337396
24	45	0.04723948927215629
65	83	0.0470975304627779
3	25	0.04703134227167191
2	24	0.04700368542924985
64	74	0.046877029767380965
7	12	0.04686108535924348
22	58	0.04668904812220051
22	28	0.04668904809596014
22	66	0.04668902016045349
22	59	0.04661928290815615
37	82	0.04629882817978062
27	44	0.04608153596858734
27	82	0.045925476177725966
3	77	0.045754996163592465
9	71	0.04566766608849673
13	72	0.045576234935089055
35	81	0.045555711476897645
38	76	0.04550149588838892
13	78	0.04539837103595956
21	36	0.04537557886344662
37	44	0.045202648853501795
14	74	0.04504215504069024
16	32	0.0448694453018299
36	56	0.04486570706490788
55	56	0.04485363987983507
14	69	0.044850973717763656
20	76	0.04482837098400491
8	79	0.044774118515094746
23	55	0.044707909195231876
29	82	0.0446446712294256
11	77	0.044569629776086084
3	9	0.04449605096155655
21	22	0.04446344474885955
19	74	0.04431467096948839
63	68	0.044045361145222825
38	82	0.04400181054658467
18	21	0.04399469730217066
9	25	0.04380899286992551
53	54	0.04378133909717111
43	53	0.043781328173360626
16	55	0.043489118460986284
69	73	0.04330379712126502
19	72	0.043207248377725244
34	40	0.04318165030408713
5	84	0.043141488028422936
18	83	0.04308232996119299
19	29	0.043076753465294645
28	32	0.043028959229657576
32	66	0.04302895393438911
32	58	0.04302895180937253
27	54	0.04299969078527806
27	43	0.04299966580517578
32	59	0.042982426472618435
4	83	0.042764907857276935
13	14	0.04276448181979292
42	56	0.0426878295293801
12	82	0.04267647413626596
1	45	0.04264903250397198
4	20	0.04251865622010101
15	16	0.04245786295302867
13	41	0.0424376715280252
17	64	0.04227221878987236
7	83	0.04226896319982215
15	62	0.04224401677924264
10	79	0.042165734847810554
18	72	0.0421341848386667
22	36	0.042090735139688806
21	68	0.04202866537611173
61	80	0.04184326801662351
18	28	0.04183364070560695
18	58	0.041833633283327135
18	66	0.041833627817844235
37	43	0.04174940728545154
37	54	0.04174940247160694
18	59	0.041746183663135365
27	53	0.041523818451358274
74	79	0.04149463108820935
12	42	0.041395044922399274
15	79	0.041389785174691385
1	79	0.041339920321394164
24	75	0.04125481961050925
35	58	0.04124883992425586
28	35	0.041248839892894136
35	66	0.041248834673476564
37	75	0.041202118383776076
35	59	0.04116160716596561
78	82	0.04098651280399404
37	53	0.040976414452310594
22	31	0.040833689288119326
23	65	0.04079281034798658
70	72	0.04072944834427569
25	34	0.040585959441379965
29	58	0.04049909456459834
29	66	0.04049908935348591
28	29	0.0404990870820905
6	77	0.04048686646202848
29	59	0.0404338026554973
8	15	0.040321696088610304
26	29	0.04026149941416922
27	75	0.04024463224625069
58	61	0.04022496931104824
28	61	0.04022495438197822
61	66	0.040224948916911404
40	72	0.04022156369412877
29	79	0.040184517983265916
18	69	0.04014585367275121
59	61	0.04011339986980137
15	37	0.04010999575617949
15	27	0.03995229274278264
71	83	0.039837148235333186
14	80	0.039705647981503
55	75	0.03948045558779818
12	31	0.039428647120491545
26	77	0.03936829963530436
2	40	0.03931612116116387
18	84	0.0391613295903778
38	77	0.03913367973629309
8	25	0.03899119944390414
32	36	0.03882763902313489
2	76	0.0387563591948025
22	68	0.038743491989100876
22	69	0.038695333967733184
29	38	0.03844368165735272
25	62	0.037949100100336836
42	65	0.03793521149528266
44	54	0.037698173660368275
43	44	0.037698147857207556
9	75	0.037680993415102226
5	35	0.03768065922797677
2	72	0.03754360303820417
40	41	0.03740518994742914
23	67	0.03737481096224429
18	36	0.03737057818245797
23	57	0.03728984832413704
2	84	0.037171175314520244
8	39	0.03672306826506547
30	56	0.03670291298060621
22	73	0.036514873176580386
35	45	0.03651237427287665
22	29	0.03649063492416988
23	25	0.03630697255211429
40	45	0.036299810771405816
5	16	0.036292495641869704
2	5	0.03625353725939007
4	77	0.03622917653441779
12	34	0.036214927065194025
21	30	0.03619858005608239
35	36	0.03617427975938776
8	30	0.03609674285787083
26	54	0.03608566416962264
26	43	0.03608565439717416
21	23	0.03592910121960545
30	63	0.03592272429009572
24	57	0.035745307278146565
19	42	0.035637460476508315
33	63	0.03560050454439731
42	74	0.03550213103731413
54	56	0.03532199753466227
43	56	0.03532199240978912
18	41	0.03521577338473725
26	45	0.03509507147461011
18	65	0.035084581932445125
32	68	0.03501262898248866
13	70	0.034946149698710405
10	60	0.034937896230443966
21	33	0.03491516624688446
14	40	0.034844636291854025
3	31	0.03484404988207587
24	67	0.03479683876933204
31	82	0.034736802206124295
7	17	0.03470800237172046
60	61	0.03466110349308699
65	77	0.03458524870794903
58	69	0.0345720020211296
28	69	0.03457199453430153
66	69	0.034571982211889896
4	53	0.034537620988585496
59	69	0.03449297079029372
17	27	0.03445013921788713
18	22	0.034321790195888574
33	56	0.03423076124026237
9	80	0.03420569870536502
29	63	0.03415270801950401
36	61	0.03414588124473923
70	83	0.03407029364893871
25	32	0.03390695588419103
20	62	0.033826446225291795
29	70	0.033826303215386405
3	6	0.033750413069403074
62	76	0.0336992423357407
76	78	0.03369302685451628
16	53	0.033653629538029056
10	76	0.03364406039060788
15	84	0.03361369513630666
7	81	0.03358259721532422
31	75	0.03351223660815769
17	37	0.033502118637662934
7	74	0.033460856271610634
58	73	0.03341118597628676
66	73	0.033411173318451046
28	73	0.03341117104314334
2	26	0.033403392706515406
59	73	0.033332031153693036
1	14	0.0331860751606356
18	68	0.03315066722745183
53	75	0.033141746517708626
60	79	0.032996786140709014
22	30	0.03296983509465754
25	26	0.032952687940244696
3	80	0.03283199333361653
41	82	0.0327822618654979
6	26	0.0326968789120165
9	84	0.03249982731250739
4	71	0.03248247342143937
35	68	0.0324281750710787
4	73	0.03234538697227489
8	57	0.03233845996176754
8	67	0.032321167769663456
29	68	0.03225506079538417
3	8	0.03224413479141944
14	17	0.032029242025558985
1	12	0.03198626155564707
25	27	0.03178361468042398
75	83	0.03171480083856765
55	58	0.03161218740118302
28	55	0.031612187364039236
55	66	0.03161216020423156
55	59	0.0315727507577118
12	13	0.03153722026947532
25	80	0.03148487194798774
22	74	0.03145743666950035
26	76	0.03138473653099802
1	23	0.03120939302192284
23	54	0.031198854434017598
23	43	0.031198843735810985
13	24	0.031179546341625203
81	82	0.0311120880518381
7	84	0.031019155130414866
2	33	0.03084158392351196
20	79	0.030655093414766993
11	71	0.030641812061672657
16	31	0.0306224214504692
22	33	0.030516511391507413
27	74	0.030476653470955947
25	37	0.030398358677238446
55	72	0.030381414426608272
9	10	0.030371862690499962
9	14	0.03024852471345918
37	74	0.03014749609726887
4	19	0.030142182684367483
4	32	0.030106897526584436
11	83	0.03010630038399864
31	81	0.030066247980741062
1	38	0.030056121157002597
1	15	0.03001913947386098
58	64	0.029981109386534747
28	64	0.029981109353893504
64	66	0.02998110422550445
59	64	0.029900180217132276
6	11	0.029846336053456463
1	31	0.02983859126889718
61	68	0.02981606437720511
1	2	0.029799993801564395
2	55	0.029675318031609402
36	69	0.029618161795769697
9	15	0.029595457708786466
8	9	0.029132848015301957
52	72	0.02911959885246687
38	67	0.029105468284071373
12	73	0.029078837045225084
52	66	0.029070507095109756
52	58	0.029070504675742237
28	52	0.029070504641250237
6	82	0.029046120938612474
19	73	0.02904150410059317
34	39	0.02903726103580706
63	79	0.029009259917588223
52	59	0.028985099420505867
42	57	0.028926027820839473
8	20	0.02891255562281217
42	67	0.028840089247276768
4	84	0.028818607109786815
36	73	0.028787558159466896
38	57	0.028786361506899477
57	77	0.028783422334633546
14	65	0.02876936788584361
56	63	0.028727678333909358
67	77	0.028609203853536935
5	11	0.02860658564464076
16	39	0.028385006672951046
26	82	0.02834387905583513
56	69	0.028309048998216353
67	69	0.028260168299256455
69	77	0.02825643454147843
32	62	0.02816525592054553
23	31	0.028140914784390625
7	75	0.028063975663682933
57	69	0.027981264566855235
1	70	0.027958110181110662
63	65	0.027935321737397684
72	80	0.027635357244485126
7	11	0.027522848697819624
11	35	0.027516557362159827
6	62	0.027504685497995868
26	31	0.02749769997823609
32	39	0.02744099561495722
9	20	0.027379649862713518
32	33	0.02727973439401994
1	80	0.027152147038867314
67	72	0.027065513838387095
80	82	0.027004459039085132
18	19	0.026998450990518494
3	60	0.026977679981798466
32	71	0.026891547598994356
18	30	0.026825859572909533
21	63	0.026824918469697097
43	61	0.026819928821898265
54	61	0.026819911269398394
29	30	0.026801972909032204
57	72	0.026717750197262385
10	56	0.026679169891355173
19	34	0.02666864589309184
3	24	0.026620414307691936
30	32	0.02659409419710606
2	19	0.026444715158039145
15	25	0.026403045665466668
25	78	0.026392813302304585
19	69	0.026380917242488477
32	60	0.026356482479477902
52	53	0.026264949850511338
11	84	0.02617978512477792
36	55	0.026156821300024613
4	44	0.026098918137060625
29	33	0.026048100054980386
15	34	0.02603622006685974
39	80	0.02601426501459575
10	62	0.025961513314843948
8	77	0.02592903729583973
23	24	0.025842298906217587
25	57	0.02578992690837742
27	78	0.025751096973442328
25	67	0.02574068650987496
2	78	0.025689370362532132
20	21	0.025617660505082143
13	16	0.025603312051209803
16	80	0.02558073023572993
20	81	0.02557633704861506
42	73	0.025575758222971187
18	33	0.025575015830390867
16	44	0.02553753613848664
41	44	0.025395174447943245
9	83	0.02538306786336955
1	72	0.0253738078778325
13	65	0.025287901059198967
3	40	0.025251316263249668
30	61	0.02511885714479098
52	69	0.024960724797972622
3	20	0.02481173722227173
7	21	0.024729212015348723
41	56	0.024722439224031098
22	83	0.024690145423876347
10	83	0.02466626769459837
12	39	0.024661369061390354
5	52	0.024459491418897167
68	73	0.024413007669306944
30	41	0.02432818703592666
13	38	0.024260631706657515
37	78	0.02419412855471359
5	70	0.024150406924091428
36	64	0.024117638791225214
20	63	0.02409306846111886
2	75	0.02406307096262042
21	72	0.024016596820742753
3	39	0.023962215790874625
16	76	0.023849656801424285
60	63	0.023839622135060974
1	81	0.023814774203018363
29	74	0.023813058620147126
41	78	0.02375504561404576
60	74	0.023720024392452924
4	33	0.02370169537289435
2	77	0.023521968792508036
11	31	0.023350398593145652
33	35	0.0232846904993117
39	81	0.023265895174954865
32	77	0.023257809607382246
21	42	0.023230294184205913
44	52	0.02318722739484602
31	52	0.023170728618766567
44	75	0.023168571539886745
2	4	0.023144554324116162
14	34	0.02310152563442497
3	83	0.02304294655780742
39	60	0.02302818696356096
24	82	0.02296093782319028
33	41	0.022945874657884363
22	63	0.022929550754001556
78	81	0.022861865354394023
33	61	0.02276008163648336
55	62	0.022694908193051463
7	80	0.02267294699800179
36	52	0.02267265779131908
12	24	0.022580967243471278
38	75	0.022539512956052
52	57	0.022500961288859866
12	14	0.022457719878918092
52	67	0.022412524781295518
20	30	0.022280697059486196
11	12	0.02214294585671693
45	79	0.022124831528230554
73	80	0.022114941934804427
16	70	0.022005772772346305
8	76	0.021972393532764367
2	20	0.021931140508854724
42	66	0.02183860143384069
28	42	0.021838576561640205
42	58	0.021838572871778032
42	59	0.021769283122583853
61	62	0.02175621942230245
16	83	0.02173861838740057
70	76	0.021658771423306106
9	44	0.021645462846855257
60	65	0.02145007021989602
23	72	0.02141973845626477
61	64	0.02139580351324681
64	68	0.02135511925225273
6	76	0.02134550738971297
24	69	0.021336383586868887
4	17	0.02132593197796874
9	53	0.02126423550823381
11	79	0.02119536019720794
27	70	0.02113457032804089
1	26	0.02112147409783774
9	34	0.02103648868737437
54	66	0.021020071921651694
28	54	0.021020069061291217
43	66	0.021020066236003367
43	58	0.021020063415848868
28	43	0.02102006337564301
54	58	0.02102006165091648
54	59	0.020977850193204806
43	59	0.02097784450245132
32	56	0.02097167498974007
32	65	0.020883886796366227
81	84	0.020867019804247433
6	27	0.020861537547528924
31	55	0.02082141454334971
31	60	0.020800217568227558
1	53	0.020718462345382882
41	73	0.02064276715233615
34	83	0.020640742331862555
6	10	0.020627806427440207
77	80	0.02056268424658325
23	56	0.020511393735390987
15	52	0.020393945012505812
37	70	0.020286943657539858
65	73	0.020246266408720834
22	53	0.020205006436373116
73	84	0.020168311552139828
13	31	0.02012233650707161
45	72	0.020063914616487502
14	83	0.019999816263909342
4	35	0.01983478092256523
57	60	0.019757211530647537
45	54	0.019751946956415925
43	45	0.019751943876484795
15	80	0.019682049147850822
72	78	0.019679393844109605
14	72	0.019652564658344973
12	55	0.019602695442583085
35	83	0.01956409834809164
60	67	0.019545370179798238
15	24	0.01938049449664786
1	3	0.0193314775575279
5	32	0.01932996149248571
35	79	0.019286139843554137
6	38	0.019229243610452612
2	29	0.019219287576284244
4	18	0.019195721160171278
21	32	0.019157672846715254
23	84	0.01911780075555114
38	79	0.01911037371646146
43	69	0.01910828742840258
54	69	0.019108283984891616
17	22	0.01909839746510239
52	68	0.019088587721398848
6	37	0.019040648655583553
11	60	0.01901924940457371
75	82	0.01900273564220481
5	62	0.018996466392010303
37	76	0.018930922701854508
9	77	0.018913735611388982
34	35	0.01889047103724438
27	76	0.018822925377315447
38	41	0.018817299909931307
4	9	0.018796240323523658
38	70	0.018775189122767072
2	37	0.018742618271755884
2	27	0.018707311880640037
42	62	0.0186674717457683
34	78	0.01864322589636183
7	61	0.018554317597328215
7	60	0.0184544954077452
13	39	0.01828065281281191
10	24	0.018280610164044225
6	33	0.018267065503031046
75	80	0.018261272666215106
30	69	0.018249152290944592
1	44	0.018198542288822284
56	60	0.01803246127699082
62	68	0.018011411943150687
4	60	0.01798129873313596
30	43	0.017827422596415808
30	54	0.017827420527609113
23	52	0.017718790078810373
30	73	0.01768686280874609
22	44	0.01768648992980311
72	77	0.01762059370759897
12	69	0.017517166892310754
4	12	0.017478314856445687
12	18	0.017395227575003322
11	61	0.017378691294023696
14	38	0.017358262903311772
40	53	0.01734023869593221
16	71	0.017288229179850567
8	71	0.017225487486648428
20	32	0.017194801915295627
57	65	0.017188497245044898
14	45	0.016975729299956638
24	52	0.016942565752496377
1	10	0.016933155578939527
13	19	0.016892204483020784
12	40	0.01686623856605121
65	67	0.016850906593967985
6	19	0.016825865457939973
29	56	0.016738070544915537
36	43	0.016705569783159388
36	54	0.016705564217251154
33	69	0.016704752956555907
53	74	0.0166699651729747
24	84	0.016578697568195994
41	64	0.016541756989884693
4	42	0.016509650060430564
76	84	0.01650861652952243
60	75	0.01647706118753975
36	42	0.016442104917808564
79	82	0.016438416869418215
11	65	0.01642580620349844
33	73	0.016328871838600448
19	66	0.01625460505576841
19	58	0.01625460227085864
19	28	0.016254602231155248
21	70	0.016241988837218987
2	13	0.01622045490407298
15	39	0.016159653249807254
19	59	0.016131311901078083
17	53	0.016105621804703374
14	32	0.016066437525570895
7	35	0.016059747094118157
29	69	0.01602215450098976
17	24	0.01602039333912214
8	16	0.01599258318538299
31	84	0.015938762307853904
83	84	0.015873506771809154
8	21	0.01583747558146127
41	53	0.015726741778370384
10	25	0.015668034535597647
76	82	0.015648034893907037
5	60	0.015629627426063067
5	37	0.015612985575842064
38	84	0.015600096768003197
44	62	0.01554441316504529
5	27	0.015512448715217814
12	76	0.015435379404005606
5	38	0.015435289292774601
18	63	0.015386928901765046
35	52	0.015376131468687992
31	40	0.015340666069418335
40	44	0.015288141486335116
69	80	0.015258720151803837
5	30	0.015239336598778741
19	56	0.015201038866415308
17	44	0.015199844296317516
3	44	0.015160119380413617
3	79	0.015150393113277622
35	56	0.015128074130340667
35	64	0.015122900583260088
82	83	0.01508948612531022
32	83	0.015085449427811176
40	67	0.01506702722185585
55	69	0.015041136309832878
60	80	0.01503931458522298
30	64	0.015034541735846535
7	20	0.015030767296505348
40	57	0.015011115353848276
21	65	0.014998178131517825
26	74	0.014843878897290275
39	45	0.01481012110889443
27	39	0.01480321547819849
21	29	0.014797693057377014
6	81	0.014726656077346467
21	61	0.014673815205843259
23	34	0.014641022853685931
6	52	0.014612857690603678
4	82	0.014603794738602155
15	71	0.01457799714452404
13	75	0.01455576421529503
39	77	0.014554976242420692
30	55	0.014430796539373666
22	32	0.014407675591750942
13	45	0.014394746194252697
58	65	0.014220696130239664
28	65	0.014220696087154601
65	66	0.014220684251188533
59	65	0.014168521287769846
37	39	0.014142371008996624
56	61	0.014139858603595776
12	35	0.014139080766271336
70	79	0.01411180058388331
15	83	0.014041738057844144
5	80	0.014018119428347187
6	15	0.013846901466771921
16	79	0.013744979371187238
70	80	0.013690998985362746
40	83	0.013580893169625324
55	76	0.013549950727577684
4	10	0.013533801062663914
15	75	0.013486858560718212
3	14	0.013377755306277217
44	74	0.013355881042754383
5	24	0.0133272743818183
5	12	0.01332529413898749
8	10	0.01329510865249997
3	53	0.01328307215524828
13	26	0.013224484037306083
27	64	0.013179104808075479
14	26	0.013106978351807658
17	36	0.013026100475041325
22	42	0.01297424714970069
33	64	0.012917718856941492
23	75	0.012877496034712443
59	74	0.01287092580110348
69	72	0.01286303676580866
28	74	0.012860005731951896
58	74	0.012859998324816685
66	74	0.012859990196329656
23	60	0.012848518607799286
6	70	0.012802654967482868
8	75	0.012802483207143417
20	82	0.012799181583585534
37	40	0.01276956032042234
37	64	0.012751941242937964
10	55	0.012706722279085078
28	41	0.012653632985635307
41	66	0.012653632492650106
41	58	0.012653625580488714
7	15	0.012653488343655622
41	59	0.012628203634622089
42	68	0.012612733449603439
41	68	0.012483948365397422
40	62	0.01245037585137912
72	74	0.012448663879735353
57	62	0.01228695085418674
62	67	0.01228475299648668
57	64	0.01228023176573756
27	40	0.01221007433677479
30	45	0.012171605194263205
15	70	0.012169927506632622
18	80	0.012099428707950277
65	79	0.012088962365743167
64	67	0.012044199927827487
21	35	0.012002293982416215
36	44	0.011991173729707018
10	15	0.011857590363048037
1	5	0.01180332663824632
4	34	0.011767827191122848
35	71	0.011738020145308739
7	41	0.011719048358941928
23	64	0.011715633702273215
15	20	0.011624638430413337
4	62	0.011608637354564105
42	61	0.011511300248044753
62	77	0.01138757588494227
5	7	0.011381959795747493
23	81	0.011319888533855682
31	79	0.011296140414157038
55	60	0.011151618658186743
29	32	0.011113481556001684
34	45	0.011106777632608866
1	32	0.011085871597857927
32	64	0.01106100545995508
31	68	0.011010210550426537
64	83	0.010925500050402576
38	80	0.010900711062719282
52	70	0.01085923584210595
52	71	0.010845109833848482
31	70	0.010781618522554992
15	69	0.010746909673383473
6	72	0.010723548507330732
4	45	0.01066670332169184
8	82	0.010645244294828132
30	60	0.010595831722622719
18	32	0.01054237193139334
1	6	0.010498737997953311
5	25	0.010483855253594021
11	14	0.010441491336828895
17	18	0.010417636316597256
11	45	0.010365037557795095
52	74	0.010291776515671688
44	61	0.010265068025535312
40	78	0.010218009771579634
19	36	0.01018845590888997
13	63	0.010058167168672728
25	40	0.01005244737195471
5	10	0.010024350623811476
63	69	0.009956901467575816
4	61	0.009940085753614575
41	61	0.009896910018088081
24	55	0.009896226794825436
53	61	0.009892574029206888
5	9	0.009820106772165632
3	17	0.009807538828040002
38	61	0.009794745532628407
44	80	0.009612301388310235
29	41	0.009556070276769274
36	41	0.009427905477062126
2	41	0.009423454380042051
9	19	0.009400661598407134
18	42	0.009269882272217353
33	78	0.009264082868700757
29	81	0.009261514454980843
41	63	0.009193468462009066
6	34	0.009180984419760063
7	22	0.009140785982036506
45	70	0.009136309916675273
18	43	0.009057869398655466
18	54	0.009057844358339395
29	84	0.008960691143043958
36	74	0.00894638072593952
36	65	0.008842868914014722
79	80	0.008811283101111372
41	74	0.008793076849799825
17	28	0.008700727892412254
17	66	0.008700719777238929
17	58	0.008700716759563208
17	59	0.008682805685171269
37	73	0.008502665287530423
22	23	0.008490641423486794
43	55	0.008484372843544613
54	55	0.008484369314885415
37	81	0.008482581849600379
13	82	0.008405692595362418
10	38	0.008274318198974895
34	67	0.00825394802386345
48	51	0.008236614418961202
46	51	0.008236614418551913
48	50	0.008236614416710118
46	50	0.008236614416300829
47	51	0.008236614414049744
48	49	0.008236614413435811
46	49	0.008236614413026524
47	50	0.00823661441179866
47	48	0.00823661440934293
46	47	0.008236614408933642
47	49	0.008236614408524355
50	51	0.008236613490094356
49	51	0.008236613486820052
49	50	0.008236613484568967
46	48	0.008236613482522526
18	37	0.008234732289761307
1	18	0.008216116472494636
13	35	0.008161047831586749
61	79	0.008142948214964696
27	73	0.008075354736934673
53	56	0.008041332322046735
61	76	0.008029323437447417
21	69	0.007989582553115993
61	74	0.007973292018813763
18	27	0.007925258498974866
3	15	0.007912530275994867
22	61	0.007792695099757704
56	72	0.0077710732165924
3	65	0.007762829092696377
8	69	0.007757175673610395
32	61	0.007715594650544708
63	70	0.007689391796162848
17	39	0.007677857181777437
39	64	0.007656181324754763
27	81	0.007620560014548944
62	69	0.0076048012197193066
70	75	0.007473014083858476
25	35	0.007445814146312457
7	16	0.007423078754946105
34	57	0.007402351329319573
11	16	0.007384497312681454
7	45	0.007361938990665576
20	77	0.007335536245999391
2	9	0.007316298779427521
38	54	0.0072785545612390895
38	43	0.007278544742370732
75	79	0.007246181438968657
8	19	0.007183810884234601
7	23	0.007158878723618811
61	70	0.007129551010172347
26	32	0.0070736267988898704
17	56	0.0070518686949090845
22	25	0.007000033127322419
18	77	0.006973699666720609
12	64	0.006931685859009523
2	69	0.0069136534446632425
31	80	0.006898305579240732
31	44	0.006830676446486925
30	42	0.006776993917146916
44	56	0.006728839914238102
35	84	0.0067054621135516634
8	31	0.006702706392348934
34	69	0.006669149774726393
53	62	0.006604671086908306
62	72	0.00657495212239087
1	56	0.0065647875698220115
39	75	0.006469023065337698
39	63	0.006450932155372888
23	30	0.006396702044063035
21	84	0.006376192073459963
18	29	0.006291496084778726
19	68	0.006255239654186458
20	75	0.006244764470748648
22	35	0.006236207170387802
68	74	0.006154554515240038
64	82	0.006085471237976661
39	74	0.006068305540018554
19	21	0.006057821553152445
63	73	0.006018519139238343
69	78	0.006012793583874493
15	55	0.005951435737744384
1	77	0.005856118935735816
32	69	0.005848347419796604
34	63	0.005830779873207834
33	54	0.005818951286564664
33	43	0.0058189423217690425
5	8	0.00578136903181059
17	73	0.00573602850863289
23	73	0.005727469281660041
33	52	0.005676685505985178
30	74	0.005526858977338768
40	84	0.005432654653430208
10	71	0.0054310862580854435
60	73	0.0054267691384522615
65	68	0.005350495229774696
25	83	0.005274948571714261
25	53	0.005261516790107806
23	36	0.005178494371306873
14	82	0.005166571075595178
32	79	0.005153328550457026
4	38	0.00514626601588794
17	21	0.005145162735997591
39	52	0.005140568461630385
10	81	0.0051324515777107504
43	73	0.005090765740272063
54	73	0.005090747800798379
30	52	0.005088596333679023
3	23	0.005071802365237549
4	78	0.005055588763848651
10	41	0.005053434434660942
6	42	0.005049193355362622
42	72	0.00501058869774354
21	31	0.0050001465867540035
52	80	0.004968214670825116
2	10	0.004952934154952557
56	64	0.004942679886215426
27	77	0.004942138184601291
35	39	0.004912749738722369
16	82	0.0048962772068459615
16	45	0.00486887349082582
50	52	0.004841478236207007
51	52	0.004841477331985289
48	52	0.004841477275319859
46	52	0.00484147727039243
49	52	0.004841477265465002
47	52	0.004841477216190715
4	76	0.004823661697618303
12	80	0.004808547161223475
23	45	0.004787664415353471
51	64	0.0046942153148862315
50	64	0.004694215289239538
48	64	0.004694215261261327
46	64	0.004694215256598291
49	64	0.004694215251935256
47	64	0.004694215205304904
60	72	0.004661374285879857
37	77	0.0046550641307343266
19	63	0.0046501537673097615
1	17	0.004629762727107328
26	70	0.004594947616656381
71	75	0.004583262473842026
33	42	0.00457113027175015
11	70	0.0045504756184604755
38	39	0.004508957724915191
17	52	0.004505009335620119
32	55	0.00447847732534018
7	40	0.004472662176529946
5	39	0.00441953533636763
2	8	0.004382603721385159
70	82	0.004376158894563192
9	42	0.004351563298379227
8	18	0.004255378743200353
24	32	0.004253403735401617
6	21	0.004223083827981117
2	62	0.004208368872271787
67	78	0.0041919948187600364
42	50	0.004190201266211582
42	46	0.004190201230783447
42	47	0.004190201175110665
42	51	0.004190200362725398
42	48	0.004190200304522033
42	49	0.00419020029439971
7	34	0.004183002615721243
4	39	0.004182905892787553
5	34	0.004181269851592256
31	32	0.004095754702905199
57	78	0.004057674670193162
21	55	0.004020221307562986
32	35	0.0039473219937541035
25	77	0.003818997769605814
19	24	0.0037500972600851834
61	69	0.0036577671492645653
24	53	0.003613635466341414
34	73	0.00358384841439624
33	37	0.0035130534903652505
54	60	0.003509208970364483
43	60	0.0035092057035008284
27	42	0.003472411242451956
32	54	0.0034620861769706635
32	43	0.003462059252725719
3	34	0.003447385066077502
26	71	0.003442419494922938
27	33	0.0034201347281340305
9	55	0.0034033296544127983
26	39	0.0033928145563493495
30	53	0.003329733354895739
6	45	0.0033271554765586797
37	42	0.0031502061495208566
69	71	0.0031475049188506993
8	72	0.003140944779360527
5	78	0.003125383909752366
34	53	0.003081117450894899
55	63	0.0030505555897295186
15	82	0.0030150399773757885
35	82	0.003014577158305304
7	72	0.002958684078067264
34	71	0.0028070025911644536
78	83	0.0027690578532305055
29	37	0.002692712371428735
45	58	0.002665978686369891
28	45	0.0026659786403630537
45	66	0.002665970737549969
33	74	0.002658012902181088
75	76	0.002655375481151745
62	64	0.0025803223390136326
45	59	0.0025712016963368375
27	29	0.0025626402640872015
7	70	0.002514526102060516
22	41	0.0024629850755480687
18	20	0.002458977985077812
29	35	0.002430827063136569
6	29	0.0023674470109918827
33	57	0.002363440729314603
26	75	0.0023416921182964345
9	13	0.0023410312869626276
30	44	0.002309204493115731
21	64	0.002298911989095119
16	40	0.0021723582258054708
3	78	0.0021347927044433057
38	71	0.0020748276794397558
65	74	0.002016572117035584
33	67	0.0020122128941738315
55	61	0.001982202041424505
5	83	0.0018972134354345305
54	63	0.0018618338260273856
43	63	0.0018618323365222622
27	57	0.0018581363795326378
45	47	0.0018121154845008513
45	51	0.0018121147076297995
45	50	0.0018121137401589955
45	48	0.0018121137007245632
45	46	0.0018121136941521591
45	49	0.0018121136875797533
20	45	0.0018086660953776368
12	81	0.0017723805014713268
37	57	0.0017633676871696147
73	81	0.0016725928310181437
17	68	0.0016637886921861064
51	53	0.0016610180067996045
50	53	0.0016610179739042236
48	53	0.0016610179380183512
46	53	0.0016610179320373734
49	53	0.00166101699473382
47	53	0.0016610169349240353
18	35	0.0016448967738572004
17	20	0.0016434738460303633
44	50	0.00163071907811694
44	47	0.001630718969868954
44	51	0.0016307181798701385
44	48	0.0016307181107117017
44	46	0.0016307181046979263
44	49	0.0016307180986841491
81	83	0.0016073040724244037
53	58	0.0015995658843357338
28	53	0.0015995658424688905
53	66	0.0015995613704156003
27	67	0.0015723379544246574
53	59	0.001491007727632672
17	61	0.0014893227255687175
1	64	0.0014871223289499025
34	84	0.001484108933663214
37	67	0.0014567735855400277
5	31	0.0014525395670019342
52	56	0.0014059798102228488
44	58	0.0013218060822347624
28	44	0.001321806040138325
44	66	0.0013218015844186706
22	26	0.00130673772676268
10	23	0.001306401877438912
7	29	0.0012723446977492975
44	59	0.0012018918649972649
65	76	0.0011815100365240305
3	69	0.0011139208881839335
22	79	0.0011118677390857118
6	7	0.0010987907482280512
2	51	0.0010685646599898077
2	50	0.0010685646229772246
2	48	0.00106856458259986
2	46	0.0010685645758703004
2	49	0.0010685645691407399
2	47	0.0010685645018451342
40	76	0.0010164433345954127
77	84	0.0009906194719023764
31	53	0.0009423867912657924
61	71	0.0009135061162429126
11	75	0.0009056164181580617
34	60	0.000904663849860099
32	73	0.0008847030797902167
18	61	0.0008798047945360876
22	43	0.0008391855321526892
22	54	0.0008391681381552107
36	51	0.0008379053410581803
36	50	0.0008379053258350247
36	49	0.0008379043723696776
36	48	0.0008379039122440829
36	46	0.000837903909476237
36	47	0.0008379038790299253
21	54	0.0008289020873292335
21	43	0.0008288970674365098
46	59	0.000818042678437277
50	59	0.0008180424641311295
48	59	0.000818041749761059
51	59	0.0008180413145328722
49	59	0.0008180412788070584
47	59	0.0008180405538515622
12	27	0.0008034715220556765
50	66	0.0008012737139619767
51	58	0.0008012732947680402
28	50	0.0008012732773058384
28	47	0.0008012729967025885
28	51	0.0008012728262417361
51	66	0.0008012727972365862
48	58	0.0008012725657547217
46	58	0.000801272563100688
28	48	0.0008012725628897049
49	58	0.0008012725604466544
28	46	0.0008012725602356717
47	58	0.0008012723010756744
50	58	0.0008012718831869928
28	49	0.000801271859089707
48	66	0.0008012716025619826
47	66	0.0008012715707135811
46	66	0.0008012706685853748
49	66	0.0008012704331006974
17	30	0.0008003112475322149
49	68	0.000797150874252305
48	68	0.0007971504143865229
46	68	0.0007971504114887701
47	68	0.0007971503796134916
51	68	0.0007971495163881033
50	68	0.0007971495004504641
30	51	0.0006305379651990162
30	49	0.0006305379232006852
30	50	0.0006305370167660105
30	47	0.0006305369607682355
30	48	0.0006305365324387976
30	46	0.0006305365293278109
7	38	0.0005645302380215822
51	82	0.0005570389529964692
50	82	0.0005570389138749923
48	82	0.0005570388711970166
46	82	0.0005570388640840206
47	82	0.0005570387858410668
49	82	0.0005570379256484501
3	71	0.0005128885645309944
46	83	0.00048679167427479256
50	83	0.00048679079466981863
48	83	0.00048679075034044686
49	83	0.000486790735563989
47	83	0.00048679066168170505
51	83	0.0004867899039825013
62	84	0.0004715630060740106
12	51	0.00045696149728194444
12	50	0.00045696053036084223
12	47	0.0004569604138565707
12	48	0.0004569600258647966
12	46	0.00045696001939233774
12	49	0.000456960012919878
11	49	0.00045209667238494365
11	51	0.0004520958295125095
11	50	0.000452095793477267
11	48	0.00045209575416609287
11	47	0.00045209567554374726
11	46	0.00045209481629165677
33	50	0.00043553980081309463
33	51	0.0004355374907937465
33	49	0.00043553744590725573
33	47	0.00043553694699671654
33	48	0.00043553512425066956
33	46	0.0004355351209257446
37	83	0.00041288656707574867
12	37	0.00039226432691200075
10	48	0.0003669361356508404
10	46	0.00036693612935401534
10	51	0.00036693527674176545
10	50	0.00036693524210922295
10	47	0.0003669351287663549
10	49	0.0003669347260733275
6	9	0.0003580816085184818
51	63	0.00035641981009859906
50	63	0.00035641886028456825
48	63	0.00035641790878949585
46	63	0.00035641790542741266
49	63	0.0003564179020653299
47	63	0.00035641786844450027
3	51	0.00035530279826962753
3	50	0.00035530275948095734
3	48	0.00035530271716604535
3	47	0.0003553026325362231
3	46	0.0003553017787909854
3	49	0.00035530177173850007
51	56	0.00033128609041379545
50	56	0.00033128607117862124
48	56	0.00033128511887221997
49	56	0.0003312851118776111
46	56	0.0003312846497136278
47	56	0.00033128461124327935
48	61	0.0002668557565455743
46	61	0.0002668557525585995
47	61	0.00026685570870186963
49	61	0.0002668543515877619
51	61	0.0002668539397506437
50	61	0.000266853452160991
11	53	0.00025806480024520573
31	38	0.0002510491887082189
10	14	0.00023169871299891232
51	60	0.00020857554745061686
50	60	0.00020857551284844678
46	60	0.00020857546880932026
49	60	0.00020857546251801685
47	60	0.00020857539960498096
48	60	0.00020857500943933724
21	60	0.0001921662191443213
24	34	0.00018694614902919904
35	74	0.0001639220872022562
1	46	0.00015325106066020437
1	51	0.00015325021721701755
1	50	0.00015325017855008678
1	48	0.00015325013636798002
1	49	0.00015325012230727776
1	47	0.0001532491206811936
47	55	0.00012975281750744142
48	55	0.00012975194985991902
49	55	0.00012975193924741075
51	55	0.00012975154522055794
50	55	0.00012975151603615911
46	55	0.00012975147889237714
38	52	6.564065102329653e-05
30	65	4.6783289122068195e-05
34	38	1.5324100253621964e-05
6	40	-5.1630357571663676e-05
1	71	-5.6470871426794744e-05
40	42	-7.44894418803349e-05
60	78	-7.458057004985919e-05
21	40	-7.846136730471631e-05
22	50	-9.114366126755386e-05
22	46	-9.114368750793612e-05
22	49	-9.114369125656167e-05
22	51	-9.114410631139852e-05
22	48	-9.114414942059789e-05
22	47	-9.114512572668335e-05
27	83	-0.00014566205591179382
10	73	-0.00022215283237114747
21	57	-0.00023517452184143584
21	52	-0.00023588751072238512
35	49	-0.00030109790521577404
35	51	-0.000301098310393726
35	50	-0.0003010983350350844
35	48	-0.00030109836191656754
35	46	-0.00030109836639681444
35	47	-0.00030109888134081855
4	14	-0.0003083793206030139
14	50	-0.0003102976238048647
14	46	-0.00031029767463755
14	51	-0.00031029851518747306
14	48	-0.00031029859869831367
14	49	-0.0003102986132219373
14	47	-0.0003102986858400554
12	71	-0.000355755487675552
3	19	-0.00035973692476688746
21	51	-0.00036509939040276895
21	50	-0.00036509941050620175
21	48	-0.0003651031577275197
21	46	-0.00036510316138268877
21	49	-0.0003651031650378587
21	47	-0.00036510320158955525
13	25	-0.00037562053286752106
18	50	-0.000424444022980793
18	48	-0.00042444404723860664
18	46	-0.00042444405128157486
18	49	-0.00042444405532454394
18	51	-0.0004244444664057512
18	47	-0.0004244445614155186
9	51	-0.00042821861169881244
9	50	-0.0004282186465533414
9	46	-0.00042821869091365025
9	47	-0.00042821876062270735
9	48	-0.0004282196158990389
9	49	-0.0004282196285734126
29	47	-0.0004546748085519003
29	49	-0.0004546756942641261
29	48	-0.000454676150803344
29	46	-0.0004546761553643787
29	51	-0.00045467796099659015
29	50	-0.00045467798608228235
21	67	-0.00047217859296154463
25	63	-0.00047820348875926566
15	31	-0.00047923975769664784
35	65	-0.0004885855744572454
33	65	-0.0005017164749045941
5	29	-0.0005032560215032095
41	47	-0.0005103466943028176
41	50	-0.0005103470431338008
41	48	-0.0005103475477385242
41	46	-0.0005103475542290953
41	51	-0.0005103479387582269
41	49	-0.0005103480263809555
4	5	-0.0005410450981609416
1	13	-0.0006041432362910437
1	73	-0.0006194033578994645
22	71	-0.0006310129097180789
24	44	-0.0006342810668622523
32	51	-0.0007201828404851248
32	50	-0.0007201833299500596
32	49	-0.0007201838302348358
32	47	-0.0007201838735141951
32	48	-0.0007201842872402511
32	46	-0.0007201842915681867
45	75	-0.0007250925945889442
22	75	-0.0007413134007061284
26	35	-0.0007889133141612964
51	77	-0.0008307928757010953
50	77	-0.0008307929152881529
49	77	-0.0008307929728693288
48	77	-0.0008307934241353222
46	77	-0.0008307934313329692
47	77	-0.0008307935105070861
48	62	-0.0008596409933421334
49	62	-0.0008596410061918417
50	62	-0.0008596414204542942
46	62	-0.0008596414654282744
47	62	-0.0008596415361016713
51	62	-0.0008596423164401699
1	62	-0.0008757916805989113
25	81	-0.0008885538682321115
36	60	-0.0008967436311308613
34	44	-0.000924853893867178
46	73	-0.0010062066443118087
49	73	-0.0010062066488806991
48	73	-0.0010062071054042047
51	73	-0.0010062075185232463
47	73	-0.001006207625892183
50	73	-0.0010062080093134335
29	73	-0.0010063628828257051
56	62	-0.0010101551046277496
13	50	-0.0011058543065379008
13	48	-0.0011058543467412831
13	46	-0.001105854353441846
13	49	-0.0011058543601424097
13	51	-0.0011058547353460894
13	47	-0.0011058548928093315
2	16	-0.0011078445163310302
73	77	-0.001108356511873132
53	80	-0.0011205617673457346
13	22	-0.0011385187764550303
43	51	-0.0011455258616542077
43	50	-0.0011455258932445327
43	46	-0.0011455259334504017
43	49	-0.0011455259391940972
43	48	-0.0011455263933679944
50	54	-0.0011455266310824346
43	47	-0.0011455269279536263
51	54	-0.0011455270651533952
46	54	-0.0011455271369495918
49	54	-0.0011455271426932872
48	54	-0.0011455275968671836
47	54	-0.001145528131452819
62	83	-0.0011461392960584738
11	56	-0.00115601277890455
27	48	-0.001160948072639759
27	46	-0.0011609480798912154
27	49	-0.0011609480871426752
27	47	-0.0011609481596572633
27	51	-0.0011609484549092684
27	50	-0.001160948960453578
37	51	-0.0011694574166686619
37	49	-0.0011694584457159016
37	48	-0.001169458896899461
37	46	-0.0011694589041383232
37	47	-0.0011694589837658274
37	50	-0.0011694593191275623
17	48	-0.0011773985038003318
17	46	-0.0011773985099463096
17	49	-0.0011773985160922892
17	47	-0.0011773985775520796
17	51	-0.0011773988987828594
17	50	-0.0011773989325857435
26	47	-0.001186215056281529
26	48	-0.001186215429394618
26	51	-0.001186215806363881
26	49	-0.001186215910480605
26	50	-0.0011862163144430917
26	46	-0.0011862163684295424
22	55	-0.0012148919617912257
4	16	-0.001216424768129748
14	27	-0.00122967820227185
1	60	-0.0012374993549598562
48	69	-0.0012405618076122794
47	69	-0.0012405618697508228
46	69	-0.0012405622784517787
49	69	-0.0012405622836299908
51	69	-0.0012405640763692785
50	69	-0.001240565967494593
51	78	-0.0012789979079958127
50	78	-0.0012789979481221542
48	78	-0.001278998457557634
46	78	-0.0012789984648533329
49	78	-0.0012789984721490299
47	78	-0.0012789985451060158
50	72	-0.0012810636738735453
51	72	-0.0012810641023481518
48	72	-0.00128106464576341
46	72	-0.001281064652524624
49	72	-0.0012810646592858388
47	72	-0.0012810647268979864
4	25	-0.001289924915545887
1	65	-0.0013007147511134992
17	33	-0.001306350503490157
8	65	-0.0013158242205937032
4	48	-0.0013173529316794618
4	46	-0.001317352938764076
4	49	-0.00131735294584869
4	47	-0.0013173534823561275
4	51	-0.0013173537815289616
4	50	-0.0013173538204943446
17	40	-0.001356929395711054
79	83	-0.0013900541131095234
48	74	-0.0014149240296387425
46	74	-0.0014149240358452267
49	74	-0.0014149240420517108
47	74	-0.0014149245697778418
51	74	-0.0014149253552480333
50	74	-0.0014149258550449845
5	48	-0.0014462840732502712
5	46	-0.0014462840800126284
5	49	-0.0014462840867749864
5	47	-0.0014462841543985685
5	51	-0.001446284926805725
5	50	-0.001446284963998695
40	69	-0.0014633014632029206
20	27	-0.0014859139908874885
48	81	-0.0014996813033028005
46	81	-0.001499681310955724
49	81	-0.0014996817842699347
47	81	-0.0014996818607991725
51	81	-0.0014996826122780395
50	81	-0.00149968265436912
7	49	-0.0015041362229225932
7	47	-0.001504136290580979
7	51	-0.0015041365972450586
7	48	-0.001504136675052204
7	50	-0.0015041371001184587
7	46	-0.001504137147479329
45	76	-0.0015157959948253197
33	60	-0.0015323527642914156
31	48	-0.001539328631839555
31	49	-0.0015393286446586602
31	47	-0.0015393287087541885
31	50	-0.0015393290590435234
31	51	-0.0015393294894522694
31	46	-0.0015393295695716814
19	47	-0.0015501771785832001
19	48	-0.0015501775761815207
19	46	-0.0015501775818534333
19	49	-0.0015501794501704969
19	51	-0.0015501803049222333
19	50	-0.0015501817331016214
38	49	-0.0015569890488516293
38	46	-0.0015569895068703703
38	48	-0.001556989964889113
38	47	-0.0015569900565996584
38	51	-0.0015569903426611246
38	50	-0.0015569903846951259
39	49	-0.001559736420534084
39	51	-0.0015597367817345564
39	48	-0.0015597368707196968
39	46	-0.0015597368784575332
39	47	-0.001559736963573751
39	50	-0.001559738221276528
24	50	-0.00159719270776593
24	51	-0.0015971931318807583
24	48	-0.0015971932187506307
24	46	-0.001597193226304531
24	49	-0.0015971932338584328
24	47	-0.0015971933093974506
29	57	-0.0016336162900775636
41	81	-0.0016407528989438869
34	46	-0.0016590530972131427
34	49	-0.0016590531050308596
34	51	-0.0016590534651529758
34	50	-0.0016590535081504147
34	48	-0.0016590535550567147
34	47	-0.0016590536488693096
1	35	-0.0016706784624462429
14	61	-0.0017161034210704668
4	36	-0.0017444516110419195
2	25	-0.0017692414304668058
80	83	-0.0018085815309414055
20	37	-0.0018204844576309165
26	78	-0.0018228798240763067
26	42	-0.0018523093120848266
3	35	-0.0018556232973655218
23	46	-0.0018824342228707241
23	50	-0.0018824346442903846
23	48	-0.0018824346822117807
23	49	-0.0018824346948522449
23	47	-0.0018824347580545684
23	51	-0.001882435075190393
14	52	-0.001936689991759541
47	71	-0.0019380120413589087
51	71	-0.0019380123306144657
50	71	-0.0019380128375622013
48	71	-0.0019380128826019631
46	71	-0.0019380128901085886
49	71	-0.001938012897615216
3	82	-0.001964285518562092
48	84	-0.001971550787238943
50	84	-0.001971551209647716
49	84	-0.001971551267317736
51	84	-0.0019715516356608644
46	84	-0.0019715517257702705
47	84	-0.0019715518050665466
50	65	-0.0019756647790619107
51	65	-0.001975665210870641
48	65	-0.0019756657473145476
47	65	-0.0019756658211746696
46	65	-0.0019756662191308446
49	65	-0.0019756662252858543
35	69	-0.0019952500318602268
57	73	-0.0020044914502938826
22	64	-0.002024882460203159
6	51	-0.002031224868807068
6	50	-0.0020312249077823977
6	48	-0.002031224950300942
6	46	-0.0020312249573873654
6	49	-0.002031224964473789
6	47	-0.0020312250353380253
67	73	-0.002037472103889451
50	76	-0.0020458793889480426
48	76	-0.0020458794332517422
46	76	-0.0020458794406356916
49	76	-0.0020458799136809282
47	76	-0.0020458799875204253
51	76	-0.002045880279658893
2	64	-0.0020816018727388974
46	79	-0.002088643495088872
49	79	-0.0020886435020931095
51	79	-0.002088644338858473
48	79	-0.0020886444194072075
47	79	-0.0020886445034580623
50	79	-0.0020886453087043556
25	49	-0.0021235487242782843
25	47	-0.002123548800180803
25	51	-0.00212354908747117
25	50	-0.0021235491292175557
25	48	-0.002123549174759069
25	46	-0.0021235491823493186
8	51	-0.002172533232943286
8	48	-0.0021725333111082493
8	47	-0.0021725333926716868
8	50	-0.0021725337359878158
8	46	-0.0021725337835664885
8	49	-0.002172533790363442
29	67	-0.0021980985193406077
15	49	-0.0022185561856507482
15	51	-0.0022185565540195264
15	50	-0.0022185565936572154
15	48	-0.002218556636898331
15	46	-0.0022185566441051824
15	47	-0.002218557189041846
72	75	-0.0022317619173867487
25	72	-0.002238112282046595
72	84	-0.0022381896946333246
7	37	-0.0022386861360396137
11	54	-0.0022815451806361547
11	43	-0.0022815482742283566
35	61	-0.0022885144847655248
16	51	-0.002327467033395411
16	50	-0.002327467074423278
16	48	-0.0023274680505035276
16	46	-0.0023274680579631387
16	49	-0.0023274680654227515
16	47	-0.002327468140018874
59	60	-0.0023456810771161282
32	52	-0.0023624371606321276
40	70	-0.0023689829528738826
48	67	-0.0023767428668912457
46	67	-0.0023767428740472524
49	67	-0.002376742881203259
47	67	-0.0023767429527633242
50	67	-0.00237674375527778
51	67	-0.002376744647242319
48	57	-0.002397351065280714
49	57	-0.0023973510796043603
50	57	-0.0023973514879710636
47	57	-0.0023973516168838763
51	57	-0.002397351914242325
46	57	-0.002397352469426399
23	69	-0.0024009228496808532
60	66	-0.0024027306712853316
58	60	-0.0024027337603154467
28	60	-0.0024027375296448647
5	75	-0.00240933759936926
23	70	-0.0024289043535984933
1	63	-0.002439689354618982
10	45	-0.0024762980953217523
5	61	-0.00249809901588835
41	52	-0.002522345249280078
29	64	-0.002526102784715288
21	75	-0.0025304583964207844
51	75	-0.002553043333664573
47	75	-0.0025530435132213106
50	75	-0.0025530438413497777
49	75	-0.002553043902475476
46	75	-0.0025530443604960505
48	75	-0.002553044818516627
9	12	-0.0025624586481463735
50	80	-0.00256814517680635
48	80	-0.0025681452229184658
46	80	-0.002568145230603818
49	80	-0.0025681452382891705
47	80	-0.0025681453151426975
51	80	-0.0025681456001981975
34	52	-0.002573343594656455
16	23	-0.002579338206393056
32	53	-0.0026055813077501683
9	65	-0.002647224748864932
4	8	-0.002649875073026442
1	8	-0.002650342704383968
19	38	-0.002742038525791121
9	35	-0.0027976247114538805
7	53	-0.002838154572479948
55	82	-0.0028675768412652486
38	62	-0.0028882100335997363
7	77	-0.002918956091882391
24	63	-0.0029902160665060823
74	75	-0.0030005132205112583
12	78	-0.0030044663548980943
16	20	-0.0030169214857907745
19	22	-0.0030340733799380376
20	48	-0.003048305961011107
20	46	-0.0030483059683088336
20	49	-0.003048305975606562
20	50	-0.0030483063828860204
20	47	-0.0030483065142451367
20	51	-0.003048307274071087
11	29	-0.003073814068369138
8	73	-0.0030942312613116557
31	72	-0.0031323160764048646
40	47	-0.0031419403483096565
40	51	-0.003141941098739661
40	50	-0.0031419411410762207
40	48	-0.003141941187261559
40	46	-0.0031419411949591136
40	49	-0.0031419412026566697
66	72	-0.003163156123049231
58	72	-0.0031631594428056936
28	72	-0.003163159490134196
34	42	-0.0031956309627343416
59	72	-0.0032065670274446303
6	32	-0.0032260388245492766
77	82	-0.003252684749757262
20	74	-0.0032702641090664453
47	70	-0.003303808138589796
51	70	-0.003303808433264166
50	70	-0.0033038084732823804
48	70	-0.0033038085169386153
46	70	-0.0033038085242146544
49	70	-0.0033038085314906936
23	78	-0.0033330517127959647
13	23	-0.0033487707861724197
40	60	-0.003384233511865453
43	79	-0.0033945667630994325
54	79	-0.0033945788714981884
22	82	-0.003448892606869078
23	39	-0.0034652188547343865
29	34	-0.0035525889003167194
20	35	-0.0035666921476572577
18	23	-0.0035839337289649137
35	70	-0.0036277816108594985
40	65	-0.003637979132975616
6	8	-0.003642515547679165
52	82	-0.0036460052537759385
13	40	-0.003664119514631664
19	33	-0.0036704621127057885
14	37	-0.0036825801903882793
19	30	-0.0037047551570492387
14	22	-0.003714190540737905
17	26	-0.0037558187540044086
32	44	-0.0037567189497693804
74	77	-0.0037866380277775946
63	83	-0.0038477843778697285
13	34	-0.0038651859778745246
36	57	-0.0038863770730103997
14	60	-0.003915855659777617
7	27	-0.004012669927186879
2	45	-0.004046272351125646
68	72	-0.00409177378059479
36	70	-0.004114821712916335
17	71	-0.004121280759688761
3	75	-0.004166831445660907
61	84	-0.0042760946041661
21	78	-0.004281862049944796
36	67	-0.004321835983457957
20	33	-0.004404331713964246
69	70	-0.004412318560935713
31	76	-0.004420387936724279
73	74	-0.004436776131951814
30	71	-0.004470592623145753
9	79	-0.004479340994146236
28	31	-0.004498658169896447
31	58	-0.0044986655756101765
31	66	-0.004498666153809984
3	4	-0.0045708045974485745
29	55	-0.0045837255015432204
52	75	-0.004588245543640027
11	55	-0.004651648207612977
31	59	-0.00474162592267139
68	71	-0.004776851993889608
17	35	-0.004796525061030316
25	44	-0.004818973777745289
15	77	-0.004851321366579564
9	31	-0.004861902729390341
20	73	-0.0049316453045801095
8	17	-0.004947959591488332
63	74	-0.0049722769435687
8	34	-0.005055194838784194
17	62	-0.0051193791098878005
9	69	-0.005180274708862717
80	84	-0.005208935258209091
70	77	-0.00521330181795579
36	71	-0.0052249293578430014
32	74	-0.005273309030831508
12	56	-0.0052882609773525074
39	72	-0.005322344943628127
22	39	-0.005351585061615968
45	74	-0.00536771871943946
36	72	-0.005438519522095606
11	30	-0.005497908746650765
36	45	-0.005535824737000754
44	70	-0.005593349821193305
17	81	-0.00560275849023556
9	26	-0.005612916454948852
10	33	-0.005637232501996034
7	67	-0.005740021018301789
36	53	-0.0057421417597577976
22	65	-0.005812372540113395
7	14	-0.005835794523949889
12	25	-0.005912526287388781
56	65	-0.00592586769541293
24	77	-0.005976287039304695
56	74	-0.005978048842641928
5	22	-0.006036269870074953
1	52	-0.006047395331543082
27	41	-0.0060481281210983395
43	80	-0.006085115106619035
54	80	-0.0060851351185397945
20	80	-0.006096250713301998
31	39	-0.0061034176947405705
2	83	-0.006133531428430289
18	81	-0.006135571007707549
8	74	-0.006214988950715747
57	59	-0.006234286022069976
65	69	-0.006248222434533712
62	81	-0.006255593878466831
5	13	-0.006264989870043036
37	41	-0.006278013937124238
28	57	-0.006323500880315323
57	66	-0.006323501039017784
57	58	-0.006323504555472863
62	75	-0.006384533539777304
18	64	-0.006410504681371526
7	57	-0.0064265772131409105
40	75	-0.006460376188403061
9	36	-0.0065556427721820895
16	21	-0.006579439453774871
1	22	-0.006613589250495752
13	71	-0.0066210521154842494
22	72	-0.006626612852477065
59	67	-0.006665739321901669
6	25	-0.006688449406087399
9	56	-0.006710946334408524
58	67	-0.006754111854536025
66	67	-0.006754112066227093
28	67	-0.0067541156299183655
35	41	-0.006758181799947249
26	65	-0.0067582375339308165
22	38	-0.006782609410166701
60	68	-0.00682420953972139
17	45	-0.006909089328939105
30	79	-0.006921792539603636
38	64	-0.006949954523588112
6	24	-0.007069823650736995
26	64	-0.007076676253468167
42	84	-0.007110033627351409
11	63	-0.007146862826460917
18	60	-0.0071872852823264
13	52	-0.007187902402585142
25	75	-0.007232096811416733
18	55	-0.007354239218744604
38	65	-0.007360955201821562
1	11	-0.007400367271603536
14	57	-0.007498831587889193
3	37	-0.007539962160487967
63	77	-0.007547512321071939
30	34	-0.007586086483585816
11	23	-0.007657785273166268
4	13	-0.007696513565258495
6	31	-0.007721341682841831
4	41	-0.007723968274761628
24	80	-0.007740236060320871
4	79	-0.007743251053594663
19	32	-0.007745697891539893
45	71	-0.007747879975478239
14	67	-0.0078030901918545725
3	27	-0.007806901707115066
19	54	-0.007827576969510142
19	43	-0.00782758064826794
21	74	-0.007913088093884149
7	44	-0.007938440539026495
8	12	-0.007985162328702153
15	35	-0.008006084705280345
5	63	-0.008138090253029626
26	63	-0.00817245850593909
53	68	-0.008176489212755267
26	80	-0.0081903321207846
39	84	-0.008196222677726128
59	71	-0.008222615492504137
15	40	-0.008291404456778284
58	71	-0.008299451210886918
28	71	-0.008299451263433302
66	71	-0.008299454975713723
24	25	-0.00837558940737243
10	42	-0.008381268770373665
26	33	-0.0084068742286727
44	68	-0.008423186835782082
61	73	-0.008467819651412252
16	25	-0.008537436554587524
18	57	-0.008549685416894784
43	78	-0.008580238706190582
54	78	-0.008580251008410741
6	13	-0.008585228801936962
36	37	-0.008600611427095103
53	65	-0.008609839171264372
26	56	-0.008612298607597269
1	30	-0.008643070713823912
42	63	-0.008648371213571975
18	67	-0.008668866638626455
20	60	-0.008707071681536976
61	65	-0.008722679193278404
1	61	-0.00873231813669044
29	52	-0.008739714172788883
17	32	-0.008761367124200184
69	76	-0.008851380161828529
12	67	-0.008882769183568978
42	75	-0.00888675720470014
52	61	-0.00893524179966116
35	73	-0.008937792941628137
35	54	-0.008970065290410653
35	43	-0.008970066036336682
2	70	-0.008973413788912615
67	83	-0.009052700956319298
3	74	-0.009088591084993769
27	36	-0.009118662494375158
30	57	-0.009141006798380848
21	71	-0.009161249459863602
78	80	-0.0091814454286466
25	65	-0.009239682911430652
8	80	-0.00925597666968736
21	41	-0.00928304602466265
57	68	-0.00929567924190565
67	81	-0.009357011805633197
34	81	-0.009359858367691792
38	72	-0.009398758102937166
32	76	-0.009431424750294556
12	57	-0.009433528195908841
57	83	-0.009450111922401444
13	73	-0.009496927552139836
10	17	-0.009503772216866074
57	81	-0.009505249727099013
30	67	-0.009507591402148852
10	35	-0.009625343686187032
35	55	-0.009637450895992716
6	65	-0.009646008564241929
67	68	-0.009652940454138018
20	65	-0.009716889159656572
26	52	-0.009784458802291549
62	66	-0.009788649967451449
58	62	-0.009788656847345235
28	62	-0.00978866061760951
45	68	-0.009798600102728254
41	69	-0.009894638662419256
59	62	-0.009971274686832218
15	32	-0.009984966643638807
17	65	-0.010015925946110768
3	12	-0.01005372687326686
1	67	-0.01008226009194324
1	55	-0.01014338528011896
31	65	-0.010238745359898022
38	74	-0.010279887149532707
14	84	-0.010322205325706435
11	32	-0.010366766171378258
11	76	-0.010395269188367862
42	60	-0.010415970692315701
31	77	-0.010426871953342465
24	78	-0.010513786670236502
6	83	-0.01052640010532685
74	81	-0.01052963610425503
2	60	-0.010582022634204297
10	26	-0.01058538319672514
20	78	-0.010645845231806339
10	20	-0.010667290980674121
10	31	-0.010689687273789591
82	84	-0.010704938723603702
43	74	-0.010714825324774857
54	74	-0.010714851803828793
32	42	-0.010836749713502236
1	78	-0.010856817067773944
64	69	-0.010858072429862739
3	62	-0.010920532065327976
42	70	-0.010936162535147204
1	57	-0.010983468752917364
21	24	-0.010996598676295558
10	84	-0.011053538721891187
62	63	-0.011200984627837376
12	65	-0.011297955315586736
17	63	-0.011308579680700898
35	57	-0.011309013068521431
13	80	-0.011310056812346037
14	24	-0.011321267094597742
18	34	-0.01132687253081964
37	62	-0.011349071848263531
52	63	-0.011382539146641939
6	64	-0.011388729548019852
12	61	-0.011427847702361812
35	67	-0.011457366523275253
20	44	-0.011480041562189403
26	60	-0.011549840555480584
26	69	-0.011689273048731352
24	41	-0.011701466116917386
8	35	-0.011777161350513418
53	76	-0.011782913764222802
3	21	-0.011805216885111824
31	36	-0.011820157597106806
7	13	-0.011848928143601667
27	62	-0.011869729622493636
4	63	-0.011925405274001918
10	67	-0.011926106814290002
10	61	-0.01193422445243908
53	70	-0.011955741207867118
8	29	-0.011980510911227954
12	45	-0.012018308533877517
1	33	-0.012023700796832237
76	79	-0.012076163417812369
23	74	-0.012084651252588896
44	65	-0.012248785987025543
71	76	-0.012317382862817222
19	81	-0.012320033526302968
2	71	-0.012343112738473633
1	16	-0.012353617024007751
14	20	-0.012367475287239554
55	79	-0.012370645330960842
33	71	-0.012447943057230043
5	6	-0.012451772423716645
6	20	-0.012498365193659211
54	70	-0.012502839352414474
43	70	-0.012502841964429079
37	69	-0.012507225426837756
6	39	-0.012511838170270045
22	52	-0.012547905127008319
34	56	-0.0125508420311949
18	74	-0.012664675272007903
39	61	-0.012678936202951713
30	40	-0.012728064945028053
9	30	-0.01273407393955353
13	76	-0.012764683840532226
61	77	-0.012787764591253761
27	69	-0.012808986636910324
10	63	-0.012818070188231473
2	80	-0.012860452648475268
29	72	-0.01295317791203815
16	60	-0.012968354036693608
8	32	-0.012980804206430607
53	71	-0.013022546432559998
10	57	-0.013070538634348497
25	61	-0.013072456077718564
8	41	-0.013165656989451185
3	10	-0.013185287739583343
19	55	-0.013199260203647922
17	43	-0.01330924047780925
17	54	-0.013309266916627122
65	72	-0.013361175432971134
37	61	-0.013410109886177704
20	66	-0.013458853045752416
20	58	-0.013458856628937227
20	28	-0.013458856680021322
23	44	-0.013466177525899847
30	84	-0.01348594345487069
20	59	-0.013488097353575534
40	82	-0.013497783076844516
56	81	-0.01351246550629838
23	71	-0.01358923449152763
2	35	-0.013591390024591837
23	27	-0.013664563297055315
53	63	-0.013683825180713781
56	71	-0.013695563971530073
3	64	-0.01371523054443416
27	61	-0.013735428428873278
23	68	-0.013772986613508717
3	38	-0.013779673722033953
39	42	-0.013797005432646295
7	54	-0.013825916165482427
7	43	-0.013825926567360938
44	83	-0.013855255822873516
41	45	-0.013870082709931425
10	77	-0.013871471032416677
20	67	-0.013894005820473482
33	40	-0.013916876727679897
25	69	-0.01391930829093975
44	78	-0.013933960740756868
3	30	-0.01396374281026231
15	60	-0.013988837332887694
23	37	-0.013990524910416302
31	67	-0.014045597005719529
31	63	-0.014068901502201032
9	59	-0.01407849213402411
20	57	-0.014191675299744383
34	43	-0.0142208927367459
34	54	-0.01422090538610786
16	22	-0.014224291706506687
29	71	-0.014241152824688977
26	61	-0.014246811274366625
31	57	-0.014259279849347939
23	59	-0.014335653625881378
1	9	-0.014350988161854455
23	58	-0.014354136931138635
23	66	-0.014354137553194792
23	28	-0.01435414070067055
64	84	-0.014376404131790463
52	76	-0.014381249522121733
11	44	-0.014387890991851962
45	62	-0.014419417286543251
5	56	-0.014443015423895839
9	58	-0.014505708610965493
9	28	-0.0145057086553258
9	66	-0.014505709224696961
12	70	-0.014548800556848207
3	29	-0.014620067381332091
22	40	-0.014621516303844964
7	73	-0.014649465181137022
34	37	-0.01465621860787697
33	44	-0.014662378110315524
76	80	-0.014679707329855018
13	68	-0.014709940483928687
12	41	-0.014719434388238098
17	75	-0.014743526041749527
9	61	-0.014774414659150498
2	61	-0.014789597695725645
44	82	-0.014823082573398497
53	73	-0.014850524223200795
38	44	-0.014863811886219658
18	52	-0.014873484416034921
33	53	-0.0148868866113143
42	76	-0.014899236448034217
16	81	-0.014940933930956218
38	56	-0.014976694807569024
54	84	-0.01502083645236417
43	84	-0.015020839109124412
7	30	-0.015021748644120037
33	72	-0.015022443028424821
7	63	-0.015023227480248452
4	30	-0.015041366254777547
34	76	-0.015050857002123386
64	75	-0.01506728515706901
21	53	-0.015109700209296688
20	38	-0.01512398110923413
44	63	-0.015132528228145446
8	60	-0.015160608332795991
12	84	-0.015163743344365543
37	63	-0.015256062435318643
2	22	-0.015257802004405949
63	72	-0.015294002578655264
13	59	-0.015301983988290274
36	62	-0.015353371950164327
60	84	-0.01536259626993644
14	29	-0.015368002228115407
29	42	-0.015386396710919209
13	58	-0.015400006604018648
13	66	-0.015400007039332253
13	28	-0.015400010376212879
4	22	-0.015406586759968116
27	34	-0.015511126496036143
27	63	-0.01552010193524525
40	79	-0.015542422627870894
30	62	-0.01555150809330541
13	36	-0.015566221377113637
26	79	-0.015590604817508263
77	83	-0.015592311529262215
44	73	-0.015597183319089783
21	44	-0.015639888011355796
35	37	-0.015735078190667523
42	69	-0.015819142446923812
8	23	-0.01582663499029323
14	33	-0.01586046883645717
27	35	-0.015905241247238452
14	70	-0.015950778144100813
3	11	-0.01595645057669337
9	37	-0.015959087514539533
39	82	-0.015973159964075112
44	76	-0.015991500413743018
2	56	-0.016004603687032465
4	11	-0.016010075206205565
55	73	-0.016037444907970322
53	83	-0.01604769386645477
31	33	-0.016062151375352107
6	55	-0.016093977117903724
64	73	-0.016159197656902116
9	27	-0.016181802576014315
20	22	-0.016199769360533148
34	79	-0.016226576663227604
29	83	-0.016231111625300637
10	65	-0.01624621344919447
8	66	-0.01624758244550075
8	58	-0.01624758578280478
8	28	-0.016247585830383444
19	44	-0.01626486096452502
17	72	-0.01627933369496687
65	81	-0.016280147774876824
42	82	-0.016335873195827216
25	45	-0.016344036410307183
20	53	-0.016345748118293313
41	72	-0.01640974634792297
24	38	-0.016479495041063358
8	59	-0.016490883653854968
70	73	-0.016491711046433627
20	36	-0.016562404271740494
8	38	-0.016574442524122407
71	73	-0.016616121411475684
19	53	-0.016631093237954614
32	80	-0.01663615211248272
72	83	-0.016653437243865782
13	18	-0.016673240264585526
55	64	-0.016677020792250224
13	77	-0.016730525977140337
16	43	-0.01678238188353061
16	54	-0.01678239429475338
5	26	-0.016810162292237057
17	31	-0.016835091302484312
24	70	-0.016881113905177464
16	42	-0.01695942976291913
29	45	-0.016986051840293767
13	17	-0.017009734678377714
37	68	-0.017045469933598324
11	42	-0.017157285176505818
75	81	-0.017163594784676495
39	67	-0.017165894652291375
39	57	-0.017171640489043932
52	64	-0.01721080925177884
24	29	-0.01725564371400501
27	68	-0.017281772429132557
35	62	-0.017284114964734726
32	78	-0.017312158455692728
59	70	-0.017331410803866847
55	84	-0.01737462753078664
14	55	-0.017395882118057773
17	69	-0.01739689720996894
44	71	-0.017415938328779274
41	71	-0.017557618553739524
5	55	-0.01760988789954912
12	36	-0.0176250972042422
16	64	-0.01769597723333749
53	79	-0.01774923656424561
73	76	-0.017765120953637276
45	65	-0.017765140271233784
6	53	-0.017812654283744858
6	22	-0.017895111802268562
2	39	-0.017898790093043404
2	30	-0.017931858144642307
62	74	-0.01798566894503717
18	31	-0.017997636238112125
66	70	-0.018007027123334303
28	70	-0.018007030746801773
58	70	-0.018007038146450105
35	44	-0.018054872087730184
15	61	-0.018076966791993304
13	20	-0.01808362484403947
14	63	-0.01808997015951974
5	40	-0.01813093570600574
20	68	-0.018150410829197994
14	23	-0.018151242646035265
30	72	-0.01816556277153354
21	81	-0.01826694262766121
22	45	-0.018274591648648086
57	74	-0.018304616394757653
22	70	-0.01830561739104984
44	79	-0.018318397875890874
63	76	-0.018335544239072438
3	5	-0.01834814286618
1	24	-0.018387919760256805
29	43	-0.018411544868976157
29	54	-0.018411555352645007
67	74	-0.018489612044354065
63	67	-0.018512036356507902
19	52	-0.018527246675383607
10	64	-0.01852883684058186
35	53	-0.018529567799562233
24	56	-0.018532965998262513
56	57	-0.018605735324050673
22	57	-0.018647808396472607
21	25	-0.018659313075471556
9	81	-0.018690235492957064
2	58	-0.01877610025650947
2	28	-0.018776100303616386
2	66	-0.018776106265520946
62	79	-0.01881163057407932
39	53	-0.018846480864151027
2	59	-0.018922214539923224
24	60	-0.018925522156722552
33	38	-0.018942350002296618
34	80	-0.018961704912039717
56	67	-0.018971614206753987
22	67	-0.01897762100930081
13	21	-0.01898694079486031
79	84	-0.01901598917447969
26	62	-0.01901979193368858
11	19	-0.01911903557374399
62	80	-0.019136995695246628
31	74	-0.019138789099610698
7	33	-0.01917207748590824
7	82	-0.01917654823829687
3	76	-0.019238605142892967
16	52	-0.019264945251048632
42	78	-0.019270369606990204
40	52	-0.019372873622639425
17	82	-0.019379021999399185
76	81	-0.01940847921166239
4	75	-0.019439296327036726
39	44	-0.019467259161204564
38	42	-0.01951635029698269
70	78	-0.019542049944527656
7	18	-0.019549298065381415
39	69	-0.019556040178658834
12	63	-0.019568974039049454
44	72	-0.019595588705154113
57	63	-0.019714422920735275
1	25	-0.019727738650785726
12	77	-0.019754296584957032
25	31	-0.019832665504060987
38	53	-0.019834472903839967
3	56	-0.01990008767424202
3	63	-0.019902402799039667
16	72	-0.019908201912447715
44	77	-0.019914143890669228
19	75	-0.01994803076868229
12	72	-0.01995554973396084
38	63	-0.01996128403425247
23	33	-0.019975354228800868
8	14	-0.019994503542109965
24	35	-0.020031044799445577
15	21	-0.02008763943296979
2	42	-0.0200876741622686
12	16	-0.020162955723925402
39	41	-0.020231418922769473
56	79	-0.020243149281363143
35	42	-0.02025330629555576
1	34	-0.02036731029186159
10	36	-0.020412977295796518
22	60	-0.02041781457736766
11	33	-0.02043755712867503
43	72	-0.020498001561132462
54	72	-0.020498020958501492
13	83	-0.02050197878742477
7	58	-0.020502829623162397
7	66	-0.02050283188907108
7	28	-0.02050283339581356
45	78	-0.020512119767062825
15	73	-0.020556196717258363
19	40	-0.020576231415703375
13	67	-0.020596976743398915
6	30	-0.02059881595861123
17	60	-0.020601307221920787
16	62	-0.02063237172144078
31	43	-0.020672814880967616
31	54	-0.020672826593900906
61	82	-0.020687592438397254
34	74	-0.02070779319453081
4	68	-0.020717971595736184
8	52	-0.020726160456741458
15	72	-0.02075068697837218
7	59	-0.0207535112028448
22	77	-0.02077710051080725
1	75	-0.020798555724808376
53	82	-0.020802199632110233
44	55	-0.02086050053852838
33	62	-0.02089953026685084
12	62	-0.020923641706012866
19	67	-0.020949379593399348
42	52	-0.020954255451559725
24	74	-0.020993978865457313
19	57	-0.02104619257208483
67	75	-0.02104830731811591
4	72	-0.02105273819884068
10	53	-0.02107969000225357
57	75	-0.02108782396559175
27	71	-0.02113403523506749
32	38	-0.021148162712456647
1	27	-0.021150766682345667
22	78	-0.02117301456841149
13	57	-0.021245909720094797
26	41	-0.021251254611512393
1	37	-0.021259778314937416
5	65	-0.021318546221819237
10	37	-0.021338506810055446
10	19	-0.021414093091444625
19	35	-0.021417888281307584
9	29	-0.02143286288754183
43	75	-0.02145903316145513
54	75	-0.021459038242528733
32	45	-0.02148720342564149
15	19	-0.021497129701681245
45	83	-0.021544200340920167
65	80	-0.021557494407762612
41	80	-0.021649848061521426
55	81	-0.021689375343532172
9	63	-0.02172548843170042
5	42	-0.021754822667144874
29	60	-0.021785768086141855
5	58	-0.02181371293082284
5	66	-0.021813713335795244
5	28	-0.021813714840804493
10	68	-0.02185759358868678
52	78	-0.02189994624650915
52	83	-0.02191910228327329
13	15	-0.021956826635747995
35	77	-0.022003605844397547
16	26	-0.022017676532514574
5	59	-0.022021884493359754
13	33	-0.022059520706126275
20	56	-0.022097354079897213
5	82	-0.02211477059325248
41	62	-0.0221188599163388
56	70	-0.022259484585032976
10	27	-0.02227336782418282
40	56	-0.022321772541698814
56	82	-0.022366678554802566
3	16	-0.02239428926535525
11	64	-0.022400100928961275
74	78	-0.022474004995597346
24	37	-0.02247946702462425
16	17	-0.02248565681934167
30	31	-0.022506786480756852
16	77	-0.022614489330089416
12	38	-0.022630187963996518
6	43	-0.022632007958260508
6	54	-0.022632012670732324
9	22	-0.02263938012857429
8	64	-0.022649321310884166
62	71	-0.02265048172188977
53	55	-0.02267166557860191
15	68	-0.022676568924056596
16	57	-0.02274440670427741
12	21	-0.022770547543725164
16	67	-0.02278747503013165
24	33	-0.02279062695263738
12	29	-0.022796631297548067
38	60	-0.022867172540766728
14	68	-0.022887148190648278
60	81	-0.022892496767973225
16	74	-0.02290369158683342
15	33	-0.02290953723376911
21	76	-0.022954004893493946
21	62	-0.022971245589794867
2	36	-0.0229877553572869
8	61	-0.023041072133204915
15	36	-0.023047424596076678
10	52	-0.023050233178565027
11	73	-0.023056689758665413
3	32	-0.02313242844869319
41	42	-0.023264062946880243
31	56	-0.023284906266277855
24	39	-0.02335901040497068
52	77	-0.023363992160572666
34	77	-0.023397052972493032
13	74	-0.023412074059546165
7	69	-0.023421240485639608
4	65	-0.02343602250732718
37	71	-0.023482102397619248
65	78	-0.023516528191931438
66	84	-0.023532892868300972
58	84	-0.023532896407798418
28	84	-0.023532898320904827
68	80	-0.02354486373337615
23	38	-0.023555428211613744
21	77	-0.02358536861675438
10	69	-0.023589042564002835
12	32	-0.023599462811864924
34	62	-0.023604973579739674
19	23	-0.023617343498373744
59	84	-0.02362078361625041
24	27	-0.02371215381072203
17	77	-0.023720200006710157
20	54	-0.023721241504304685
20	43	-0.02372125900305687
73	78	-0.02374227168909475
26	73	-0.023750222141434213
33	77	-0.02381920025929618
2	17	-0.023828112167845833
19	80	-0.02386112129798776
52	73	-0.023943717461905212
2	15	-0.023967675234481456
27	30	-0.02397242447662002
2	68	-0.024053305175419995
40	64	-0.024064140057047628
42	55	-0.024069751492439825
6	68	-0.02411541655105924
31	42	-0.024121703582485846
27	79	-0.024129434975344644
37	79	-0.024167769548017776
25	38	-0.024226478048676753
60	71	-0.0242274943015284
14	35	-0.024240460005649167
21	80	-0.024305274338217303
18	76	-0.02434498504345839
30	37	-0.024351895403853088
11	18	-0.024358727365259708
8	24	-0.02437203755061948
11	74	-0.02437768858313616
14	73	-0.024439517213261194
64	81	-0.024442058717473625
21	79	-0.024451223393201174
2	12	-0.024529513116123128
56	83	-0.024632346882893605
9	68	-0.02471028781242275
40	55	-0.024717513903842137
24	30	-0.02472505077452175
25	64	-0.024734452265925133
19	82	-0.0247457550641145
8	36	-0.024753446572153767
18	40	-0.024801784887024364
9	32	-0.0248019918981133
10	18	-0.024806393285791123
2	52	-0.024816172098829012
37	59	-0.024823681238909247
10	54	-0.02482428190446298
10	43	-0.024824285167654295
27	59	-0.024852645918536122
11	37	-0.02486396425543938
26	36	-0.024885853385767695
12	54	-0.0249020874088514
12	43	-0.024902090555246392
45	81	-0.024978712510091983
15	18	-0.025003437702324355
16	35	-0.025006094851677985
10	21	-0.025013121823088097
15	59	-0.0250594081009698
9	18	-0.02507456506740477
19	77	-0.0250935403982233
66	79	-0.0251312752396788
58	79	-0.025131284266695038
28	79	-0.025131284315724693
33	84	-0.025160597025368714
19	41	-0.025200216949022247
15	66	-0.025210245835678338
15	58	-0.025210249374242905
15	28	-0.025210251287336012
1	21	-0.02521731714644232
37	66	-0.025287587337734445
28	37	-0.025287590942688745
37	58	-0.02528759275466185
27	66	-0.0253159733508405
27	58	-0.02531598622453253
27	28	-0.025315988137937888
59	79	-0.02532817620703305
31	45	-0.0253306968801172
5	17	-0.025375355653297696
11	27	-0.025385961786708794
6	63	-0.025395809721788634
69	79	-0.02543908948242743
14	18	-0.025466588550039623
40	74	-0.02552159203662349
7	56	-0.025533416139833967
4	31	-0.02554615333824295
2	11	-0.0256069017736809
10	74	-0.025631935228108013
22	62	-0.025662009887839204
45	77	-0.025693517031370267
4	58	-0.02574448154315246
4	28	-0.025744481592744763
4	66	-0.025744481789896738
31	64	-0.02580572689776843
9	33	-0.025835738958767583
4	59	-0.02588198727088184
23	42	-0.025902235727708472
53	78	-0.025904292673466722
20	25	-0.02593306591770453
66	82	-0.025970381209923427
58	82	-0.025970386565049575
28	82	-0.025970388477485694
61	78	-0.025990329307959317
9	64	-0.02600093588961247
21	82	-0.02601866237557826
63	71	-0.02604093380960648
21	39	-0.02605587353098257
19	64	-0.026093992791695983
59	82	-0.02611241668256304
2	21	-0.026134169608636182
7	52	-0.026178956930994535
2	63	-0.026201072249712347
12	59	-0.026247970896169738
24	36	-0.026303244294644854
17	23	-0.026364365166047926
17	38	-0.02636678134900075
25	73	-0.02640696899117677
4	40	-0.02644796738268268
7	26	-0.026540974669344075
1	42	-0.026578604675676104
55	74	-0.02660281672658661
6	79	-0.02663249860991196
12	22	-0.02663447868007328
25	82	-0.026644906902165866
40	80	-0.026661937205798403
35	38	-0.02666277770905673
14	16	-0.02667264871979655
13	61	-0.026675043445381796
12	28	-0.026703768709051764
12	66	-0.02670376921105721
12	58	-0.026703770526389704
5	73	-0.02676455970538999
30	82	-0.026810186967818013
33	82	-0.02682482703035316
3	18	-0.026857964353198108
71	78	-0.02693741964600646
15	38	-0.026950040621353116
26	27	-0.026956020763548943
33	79	-0.0269631995068271
4	21	-0.02697428874129172
38	59	-0.02699917617162785
38	66	-0.027023615315594288
38	58	-0.02702361720543904
28	38	-0.027023617258936858
39	40	-0.027132997313398244
9	62	-0.027140099854081834
17	41	-0.027162391010848372
9	72	-0.02716449762540081
11	68	-0.027175150835700573
26	37	-0.02724277879433057
33	39	-0.027257146700479615
61	67	-0.027263607813748147
18	53	-0.02726447808414191
61	81	-0.027288889885786843
36	80	-0.02729940546157078
37	52	-0.0273091053552883
56	75	-0.02732985233715661
30	80	-0.02736272175952524
23	63	-0.02738598510517818
7	36	-0.027444492255608945
27	52	-0.027524793360099678
5	21	-0.027551657288164735
38	69	-0.02758575322653138
5	33	-0.027588707449452715
14	21	-0.027590719974215777
32	41	-0.02759320647110003
18	24	-0.02762826313753458
6	61	-0.02764637556090245
16	61	-0.027658759879644793
11	38	-0.02766130060535346
6	73	-0.02769825715057979
35	75	-0.027845712883528634
2	81	-0.02788406805975649
18	44	-0.027948413829239557
32	40	-0.028011358291675156
1	39	-0.028028565443403014
18	71	-0.02805108266267413
68	78	-0.028080610498515783
60	77	-0.02812625443794134
24	42	-0.02823623541335743
2	44	-0.028293901272585298
39	76	-0.028299984688188645
15	74	-0.028308135163054166
35	40	-0.028320618640441608
36	84	-0.02835394701877761
13	53	-0.028500142014047547
52	79	-0.028501112213573848
42	83	-0.028570258608367316
36	78	-0.02857819271330899
53	77	-0.028595058034508736
57	61	-0.028596696028679952
4	23	-0.028643179849766498
2	79	-0.028651619643610016
15	22	-0.028688149824732473
13	42	-0.028747085855606397
25	84	-0.02875493177176372
32	70	-0.028826090209345637
36	38	-0.028872901876049524
2	54	-0.02889280660689597
2	43	-0.028892809582318754
6	69	-0.02889311333296042
45	56	-0.028905760422993684
26	83	-0.028932776429677565
29	78	-0.02898910623115042
5	36	-0.029067632764736666
8	42	-0.029090985440260342
41	75	-0.029163455246283387
53	72	-0.029164208493031002
25	29	-0.0291692840054307
3	45	-0.029181982049563127
2	32	-0.02924372807843713
14	36	-0.029250899544665185
60	70	-0.029257589564575776
16	30	-0.029259716303659783
8	68	-0.029329869920329737
6	44	-0.029337551416301594
14	30	-0.02936052383206629
19	26	-0.02937057940281637
3	26	-0.02937085273855497
6	36	-0.02939049414995798
13	62	-0.029403003281291182
33	83	-0.02946177087877354
9	24	-0.02954747403695071
5	19	-0.029552391188902252
10	44	-0.029554173673013148
15	42	-0.02956059513758902
44	57	-0.029593159666073773
68	77	-0.029610386328423895
7	79	-0.029642856603624534
38	68	-0.029672031291633268
13	30	-0.029672500537010968
6	12	-0.029767034457206493
62	78	-0.029793585976870623
26	68	-0.029809175888881267
68	84	-0.029822049005830444
24	58	-0.029832562658357084
24	28	-0.02983256457387954
24	66	-0.02983256639997188
37	65	-0.029895647229413264
68	70	-0.029911990867352134
44	67	-0.02992687924549868
40	73	-0.03000750243403988
52	60	-0.03010348370943379
24	59	-0.03014137642224897
18	25	-0.030152700492603907
21	26	-0.030170038068522184
30	78	-0.030192653615749618
64	72	-0.030220345815647767
11	20	-0.030240521427961298
4	56	-0.030251210037242154
11	52	-0.030280988819448323
10	59	-0.030303561246912393
40	68	-0.030303793863967955
35	76	-0.03033399804026736
27	65	-0.030337131275420773
69	75	-0.030399998714106716
23	53	-0.03040743844447444
75	77	-0.030413284425942433
17	34	-0.03041935319378314
3	67	-0.03045856819088713
45	69	-0.03047056011864198
5	68	-0.030499294571715664
14	81	-0.030523896366313447
6	59	-0.030561783250696382
10	28	-0.030570192001119892
10	66	-0.030570193521913425
10	58	-0.03057019475100984
3	57	-0.030598608484371653
34	68	-0.030621026732095408
6	28	-0.030681081546448163
6	58	-0.030681083359488354
6	66	-0.03068108360534457
18	70	-0.030687240810486946
71	77	-0.030690805850516173
17	84	-0.03071983938787705
12	33	-0.030722939936062968
36	79	-0.03072705812297989
37	84	-0.030775677372942012
19	83	-0.030857476298097805
9	21	-0.030901638539181375
22	76	-0.030913409177826853
10	82	-0.030990160969158895
19	84	-0.031000193868951212
15	23	-0.031013407153489686
11	21	-0.031039823570032196
8	56	-0.031056329042893516
19	39	-0.03106936427415713
1	74	-0.031133682078635747
7	68	-0.031165214977607568
16	18	-0.031197317770468205
61	72	-0.031222530944925983
27	84	-0.03130797224472584
10	72	-0.03130929999860245
65	71	-0.031316639653493766
63	84	-0.03136986948780292
36	82	-0.03143117655955946
30	83	-0.03151318629455213
13	29	-0.031556147591581055
15	81	-0.03158600979180673
19	76	-0.031594204541119275
29	65	-0.03159956520654318
17	57	-0.031653685194094464
21	83	-0.03171729984460485
6	56	-0.0317289300162705
33	70	-0.03183180307430461
71	79	-0.0318387083486569
5	71	-0.03187095607413737
57	71	-0.03194243661135504
17	67	-0.0319640847065584
68	79	-0.0319796788485284
7	65	-0.031980012968745336
1	41	-0.032061305467100065
31	62	-0.03207063692296093
41	54	-0.03207480700620563
41	43	-0.03207481014055552
31	35	-0.03207994405381198
42	45	-0.032129092766608386
4	70	-0.03213123724472505
25	76	-0.03213449158711337
14	79	-0.032201426389275006
19	79	-0.032235139818352465
30	70	-0.03224379947640993
3	66	-0.03225881591251916
3	58	-0.03225881937528945
3	28	-0.03225882128730199
9	74	-0.03227977959480574
67	71	-0.03234089508647947
3	59	-0.03237357410686517
5	69	-0.0323780457169249
8	37	-0.0323904790751082
56	84	-0.032394288778753014
10	34	-0.03244279649718121
8	22	-0.03245343846900513
9	73	-0.032458516413315555
24	31	-0.032488165564642874
13	55	-0.032513491652162566
68	81	-0.032518268831024016
8	70	-0.032527132536202596
29	53	-0.03258170950979192
4	7	-0.03259753964012693
61	75	-0.03260319334157381
8	27	-0.03262215714174327
12	68	-0.032638453779173675
9	17	-0.03283693836394044
11	36	-0.03287520614509315
13	44	-0.032887672516151836
15	57	-0.032898606752408105
59	78	-0.03294696480885656
24	54	-0.032949895541207044
24	43	-0.03294989796844293
61	83	-0.03297069770504625
15	30	-0.032976539406634434
28	78	-0.03299646354014012
66	78	-0.03299646363217251
58	78	-0.03299646907700568
68	82	-0.03299984472110852
15	67	-0.03304486437563364
3	68	-0.033086811659075704
45	57	-0.03315610059058091
45	67	-0.03318018787149671
28	77	-0.03318147230136466
66	77	-0.03318147430487192
58	77	-0.033181475976271434
34	61	-0.03320728532417702
36	77	-0.0332384900231371
43	81	-0.033298761158866444
54	81	-0.03329876624806072
59	77	-0.03330334600039856
68	76	-0.03340952311579242
20	23	-0.03341515166394779
4	57	-0.033425904921497857
17	55	-0.03349852125322636
18	26	-0.03350071156511843
3	33	-0.03355397638882421
22	80	-0.033556419095092854
4	67	-0.033718711643790644
14	64	-0.03376018594333516
24	61	-0.03376214882174251
13	64	-0.033865211916369056
32	67	-0.03388019866565602
32	57	-0.03389595309989288
14	59	-0.03390585553116982
23	79	-0.03391970097572025
5	72	-0.03407608276375618
14	58	-0.03408887486561719
14	66	-0.03408887502535777
14	28	-0.034088876779095015
8	40	-0.03412681634863671
22	37	-0.034166997112874964
44	81	-0.03417356779150946
36	76	-0.034200494963626274
26	59	-0.034209997488110516
22	27	-0.034237911747561536
11	59	-0.03425702438934133
4	29	-0.0342897244679992
62	73	-0.03430528275344842
65	70	-0.03433142711748556
3	36	-0.034378422514338786
7	76	-0.03437896175988964
18	75	-0.03439046990464385
26	66	-0.034396763152184005
26	28	-0.03439676513028912
26	58	-0.03439677066423813
69	74	-0.03448297167708057
42	80	-0.03457878842671276
11	58	-0.03460038104738067
11	28	-0.0346003810932437
11	66	-0.034600383418351754
1	68	-0.034650013260378136
57	80	-0.03467160808883321
3	73	-0.03478430525563339
24	72	-0.034790936812455125
53	57	-0.034859759129285794
34	70	-0.03490432863752832
2	31	-0.034969093456934636
13	69	-0.03503477841483767
29	80	-0.03509782259232638
2	67	-0.035100918638685225
66	80	-0.035110079386476506
28	80	-0.03511008321378217
58	80	-0.035110085022629856
53	67	-0.03512237556991972
67	80	-0.03514142636095707
35	72	-0.03517292807434229
59	80	-0.03527853362569462
20	52	-0.03530515911791994
5	64	-0.03542405849799282
16	29	-0.03545206564641376
9	52	-0.03545712155667978
33	80	-0.03546363426595256
6	75	-0.03553341851976233
57	79	-0.03555031688749166
24	68	-0.03559925751078375
34	36	-0.03560262801249824
78	79	-0.03565212548527419
34	59	-0.035695884630307435
67	79	-0.035696460838976596
34	66	-0.035758900043950256
34	58	-0.03575891133302958
28	34	-0.035758911387753584
30	39	-0.03576006511650452
72	76	-0.035879099267070585
8	55	-0.03591114671696363
6	35	-0.03599998240775326
36	40	-0.036052971445540594
26	30	-0.036066115076007405
30	81	-0.03616441387629506
11	67	-0.0361671486466473
23	61	-0.03616956234033292
2	57	-0.03625912490830205
25	68	-0.036283571211834426
4	69	-0.03647303661609899
69	83	-0.03656812217815064
52	65	-0.036579618048713486
52	62	-0.03659798724720652
5	81	-0.036602267783715475
18	78	-0.03661571652869541
15	41	-0.036661524582106114
25	70	-0.03669653773710546
73	79	-0.03671118633159076
25	33	-0.03672033539455896
56	78	-0.03676635337647399
40	77	-0.03682433808995081
22	24	-0.03682658352204504
2	34	-0.03684188795965393
63	75	-0.03684708330970676
29	44	-0.03687370883213416
8	44	-0.03700076901077673
57	84	-0.03706886620814312
25	52	-0.037135473070086536
13	32	-0.03714648428205006
25	42	-0.03714658633952851
35	80	-0.037174250375921106
67	84	-0.03721000457163709
10	30	-0.037216274718666106
27	38	-0.037287093246891834
7	78	-0.03728892800868436
13	54	-0.037304615632431704
13	43	-0.03730461862713756
11	72	-0.03737611824314667
11	62	-0.03745230960876669
11	57	-0.03746161087069205
20	61	-0.03758699895748001
22	84	-0.03758941780789589
3	22	-0.03763382068083561
64	71	-0.037645288019145864
29	62	-0.03773629447732131
40	63	-0.03777031310880016
9	78	-0.0378118361316446
37	38	-0.037839746235134
32	37	-0.03791931686055937
40	43	-0.037989038999345914
40	54	-0.037989044118220766
64	77	-0.03800268755572585
39	79	-0.03812535504464798
30	38	-0.03813729477798103
27	32	-0.03815750801338266
25	41	-0.038184860084019445
21	45	-0.03819806899213146
8	33	-0.038200356461729555
53	81	-0.03820530555453544
19	65	-0.03821603367780471
16	66	-0.0382827618429693
16	28	-0.038282765557856216
16	58	-0.038282769230929235
14	56	-0.03834684477894382
14	75	-0.03836359316805077
40	59	-0.0383912319217875
1	59	-0.03839641511466929
38	73	-0.03840127956394786
59	81	-0.03854570706177153
36	81	-0.03857472311709852
16	59	-0.038588565617844024
68	83	-0.0386043100107645
66	81	-0.03861657469421722
58	81	-0.038616580314447924
28	81	-0.038616580368018384
29	39	-0.038632898573350505
23	83	-0.03871241061777425
25	56	-0.038741346950680766
45	61	-0.038743030802249404
42	79	-0.038762294467830014
66	75	-0.03876419888688011
28	75	-0.03876419896666449
58	75	-0.03876420077582466
1	36	-0.03878618390996354
4	81	-0.03884185090738371
59	76	-0.03884897281280243
1	66	-0.03885098765062163
1	28	-0.03885099301438162
1	58	-0.03885099389649175
56	80	-0.03890059026765395
11	40	-0.03892568535951127
40	66	-0.03894380180368007
40	58	-0.038943807445825304
28	40	-0.038943807499708195
59	75	-0.03898258508813827
8	53	-0.03900953500177071
58	76	-0.039021795066057186
66	76	-0.03902179609715071
28	76	-0.039021796980389975
10	22	-0.03910286308085471
4	52	-0.03911624193833668
20	40	-0.03914977833671854
6	18	-0.039182762739912225
10	70	-0.039200536831316496
45	63	-0.03920525541864075
72	82	-0.03921026798417415
2	14	-0.039280575138917306
32	72	-0.03932336712903155
7	39	-0.03932411530863125
41	60	-0.03936377330131621
41	83	-0.039453343342568864
56	77	-0.03948564761437
74	84	-0.03949568917100449
2	53	-0.03950032077500522
12	75	-0.039548357311400856
30	75	-0.03955432608411004
44	69	-0.039600907736404664
45	64	-0.03961758795637231
3	52	-0.0396424845591844
31	78	-0.03966252526822031
11	17	-0.03977493103300182
38	83	-0.03981559321325101
6	60	-0.03991350496934702
14	19	-0.03993682980960661
11	22	-0.03994302068319151
9	40	-0.03999435985351976
9	38	-0.04006158196663159
70	84	-0.040101156762182705
11	26	-0.04022240484913103
29	31	-0.040314004954919325
14	39	-0.040326454700608444
15	63	-0.04039143261427677
52	84	-0.04040089632248621
2	74	-0.04043372518076835
22	34	-0.040458989892834446
5	18	-0.04059204217639091
10	16	-0.04064863546597361
60	64	-0.040703309622093425
25	36	-0.04070730860376863
13	79	-0.04084224333015318
30	77	-0.040868028676655586
18	38	-0.040883837289229175
39	68	-0.04089939852513234
53	69	-0.04091164228805884
41	55	-0.04096305381360896
6	16	-0.04100806186753447
15	65	-0.0410120526176917
13	56	-0.04104647740005685
11	34	-0.04118458121347249
15	29	-0.04122646450134389
35	78	-0.041239384893591136
63	80	-0.04136636969397178
73	75	-0.041385953405835896
18	45	-0.04141060532894805
15	26	-0.04145521083285189
10	75	-0.041472646575455685
33	34	-0.041528260455287416
64	79	-0.041536866501389505
44	60	-0.04157170308004578
7	42	-0.04157659299697719
69	84	-0.041615108095347686
16	19	-0.0416186785736129
14	54	-0.04184830941484098
14	43	-0.041848319486897184
5	23	-0.04196966150563297
31	61	-0.04210136381151848
57	82	-0.04214952098173
67	82	-0.0422097416190598
39	73	-0.04228915953493774
4	24	-0.042391585866262765
25	30	-0.04242444004853031
3	7	-0.04253761076911794
15	56	-0.042636601883161415
3	54	-0.04265721136145313
3	43	-0.04265721412213101
66	83	-0.04311880816760139
58	83	-0.04311881552051193
28	83	-0.043118815572229525
38	40	-0.04317955792657133
1	76	-0.043210143640288606
43	83	-0.043241553727969936
54	83	-0.04324156609172253
26	53	-0.0432465182190839
3	61	-0.04328626792375041
77	81	-0.04331646309321899
38	78	-0.04337324510829621
45	73	-0.04345102808551406
25	79	-0.04354472223614911
62	70	-0.04356198434613029
4	64	-0.0436914399676991
59	83	-0.04370755400031508
37	56	-0.04375898832331589
20	69	-0.043763227024742446
3	42	-0.04377452267496354
36	75	-0.04379631513372005
27	60	-0.043913635144637725
27	56	-0.04394234292758453
64	70	-0.04396572220455927
6	71	-0.04400184643241045
12	26	-0.0440687626331101
17	78	-0.0440769170765279
14	53	-0.044094142801631
74	82	-0.044155417119173465
20	64	-0.04420093690194507
72	81	-0.04423076094893927
45	84	-0.04427134391245899
55	77	-0.0442895095759495
16	63	-0.04438487537711186
54	71	-0.04444740591828994
43	71	-0.04444741582754427
12	44	-0.04454783579954481
19	45	-0.044634031316404865
71	74	-0.04465956113690073
19	78	-0.04476782599611276
64	80	-0.044787975931058224
54	65	-0.044812868629446515
43	65	-0.04481287198694528
37	60	-0.04483673864485421
33	76	-0.04495254407806344
26	55	-0.04502004553959811
36	39	-0.045207368116004204
3	55	-0.04548876830852533
18	62	-0.045596058496476743
36	83	-0.045621614766029536
32	82	-0.0456447390254283
41	70	-0.04568427868738889
18	39	-0.045717475323158605
68	75	-0.04576412481166777
37	80	-0.04582313049531683
63	81	-0.045935657517386985
45	82	-0.04613669842140386
16	36	-0.046270025576483416
27	80	-0.04627286972127295
17	83	-0.046317111378697456
22	81	-0.04654163496024383
4	15	-0.046571952428771934
11	41	-0.04657934711600811
20	41	-0.04689490806751312
20	84	-0.04703777941840645
2	18	-0.04715048797344734
65	75	-0.04717068096603391
7	64	-0.047202900912985554
9	23	-0.047383604056898496
15	53	-0.04743786180784293
16	68	-0.047455443022009186
20	39	-0.04752818884109039
74	83	-0.047556284732536175
24	73	-0.04755932702994134
5	74	-0.04775950057866925
19	25	-0.04776674583701884
73	82	-0.04779177923504363
35	60	-0.047804934550979866
23	35	-0.047826266423937946
5	20	-0.04785995051623293
6	67	-0.04786387449536922
18	79	-0.04792781531606115
12	30	-0.04812451598913512
38	55	-0.04819444056146664
7	71	-0.04823612046944409
6	57	-0.048238393170549454
12	53	-0.04823848633030378
69	82	-0.048256913028317125
31	73	-0.04832113165105449
72	79	-0.04834285808780567
42	77	-0.04843426563831042
15	64	-0.04846676055196958
39	56	-0.048593695561223296
25	59	-0.048786988791727146
10	32	-0.04886606633114521
60	76	-0.04887523514851391
18	82	-0.048896385199697134
9	57	-0.04893871551579268
23	29	-0.04895036504858276
29	40	-0.04898039652294686
25	66	-0.04901901254252207
25	58	-0.0490190181319809
25	28	-0.04901901911643523
60	69	-0.04907862260205424
6	41	-0.049098723064373434
21	34	-0.04916811518018237
55	65	-0.0492017914861297
1	20	-0.049271640896993346
56	76	-0.0492833977514604
39	66	-0.04935409875064728
39	58	-0.0493541030155871
28	39	-0.049354103535413245
21	37	-0.04942825102793574
39	59	-0.04944895700373528
19	37	-0.049463905911011324
21	27	-0.04952218822250269
14	42	-0.0496665229774132
42	81	-0.04966700012001363
63	78	-0.04972346375766147
9	67	-0.04982193685582875
30	76	-0.04985519698558505
19	62	-0.04987549198341673
24	64	-0.04993945126095868
16	73	-0.05007500360136599
20	29	-0.05008927381738282
33	81	-0.05016539367410125
19	27	-0.05026787642870571
8	45	-0.05035067722131534
9	45	-0.05050460990480313
11	69	-0.050543038025501696
1	19	-0.05061364628691728
14	44	-0.050741426782995036
3	72	-0.05077914527916619
71	84	-0.050824611451500745
23	76	-0.050925245467819596
64	76	-0.05093184847937686
41	76	-0.0510426457346779
9	41	-0.051081675104171845
23	26	-0.05113129941420086
23	32	-0.0511513837043855
20	83	-0.05118328314938245
53	60	-0.05118523326487685
17	25	-0.051345147761524434
3	41	-0.05140443806824757
8	63	-0.05140917503396683
23	77	-0.05142877517467548
6	17	-0.0514805426324462
21	38	-0.051496981844001616
32	34	-0.05162597906038631
25	74	-0.051781386871938534
26	44	-0.051951185335811334
41	79	-0.05195143920106385
55	83	-0.05208717717250459
64	78	-0.05209181481144508
5	43	-0.05221399760785855
5	54	-0.05221400210482678
15	44	-0.05232759827899415
20	26	-0.052698286436262815
1	29	-0.05285915850756587
74	80	-0.05286978878442583
32	81	-0.05298775441657996
16	78	-0.05305572607563536
29	75	-0.05309052669765481
40	61	-0.05321955644155929
20	42	-0.053261630664122414
55	80	-0.05330939762360898
33	75	-0.053446956288342756
42	71	-0.05373292821085883
37	45	-0.05379907422483296
23	62	-0.05390118593249256
27	45	-0.05415888666859836
14	71	-0.05427903042677995
63	82	-0.05447079454618588
16	33	-0.05467507773106045
55	78	-0.054698627900624894
52	81	-0.05502447654868904
2	73	-0.05523667048740623
32	84	-0.05528203884620998
23	80	-0.05574290014673214
8	26	-0.056038999670602774
7	32	-0.05618982006995421
16	65	-0.05636273844908579
39	70	-0.056529476798368394
14	25	-0.05666674865432428
11	15	-0.057492281901834974
4	55	-0.057560122003902814
12	74	-0.05782034665410565
12	52	-0.05812549288528518
39	83	-0.05812636474049496
1	69	-0.05907839446826342
5	41	-0.05908626911646059
4	37	-0.059426465920246196
4	27	-0.05963213165620848
8	54	-0.05995890463655425
8	43	-0.05995890756716096
39	55	-0.06020102879142149
24	83	-0.06023609557354234
31	71	-0.060416778197873666
4	43	-0.06048834867875054
4	54	-0.06048834966472928
15	17	-0.060867880054606555
70	74	-0.06101366150671583
25	55	-0.061063939153263955
7	55	-0.061067858691826016
16	56	-0.06129884153638923
75	78	-0.06175722414147822
17	70	-0.061789826518739044
2	65	-0.061800193495923736
71	82	-0.06182611538706104
26	40	-0.062075781048046424
12	17	-0.062264147504272144
24	62	-0.06254081682097273
37	55	-0.06282350804912148
6	74	-0.06331774294084408
27	55	-0.06332582881680637
10	40	-0.0633362723985808
13	60	-0.06376178344963249
37	72	-0.0651279690121023
27	72	-0.06568048538236018
16	69	-0.0656821818277053
29	76	-0.06595810650165179
9	54	-0.06599850238337769
9	43	-0.06599850561972892
19	31	-0.0660929847424734
11	82	-0.06652183738252959
5	67	-0.06666128063707144
5	57	-0.06676025050287585
39	65	-0.06703060558415783
24	65	-0.06713302965469811
1	43	-0.06785444234020385
1	54	-0.06785444329009703
8	13	-0.06877396426554336
17	80	-0.06891201773167893
24	26	-0.0691956302910762
45	60	-0.06954767805098576
17	76	-0.07066080136671204
43	57	-0.07077486098724452
54	57	-0.07077486202456648
25	71	-0.07094906810206278
43	67	-0.07106720876307816
54	67	-0.07106721352182253
1	82	-0.07169162461187006
67	70	-0.07170602782087479
57	70	-0.07198815723093255
5	53	-0.07218478458990737
31	37	-0.07298544076714891
38	81	-0.07342107979556117
27	31	-0.07351967781675195
39	71	-0.0735286455163256
53	84	-0.07388485470182762
14	62	-0.07456476219667776
43	82	-0.074853357047785
54	82	-0.07485335805263697
43	77	-0.07567428694198232
54	77	-0.07567429545370785
74	76	-0.07572680194887171
44	84	-0.07706603963119665
2	23	-0.07723353139928653
5	44	-0.0776840394315996
7	24	-0.07824469113068658
7	25	-0.07954640546256844
43	76	-0.08046841817222077
54	76	-0.08046843425841826
6	80	-0.08254955684776258
41	77	-0.08393159676874454
15	43	-0.08434056433915618
15	54	-0.08434056726906793
26	81	-0.08957689288227075
16	41	-0.09692239757775092
14	41	-0.09883288291133727
20	34	-0.10100374995125144