#==========================================================================
# The first and second rows contain site pairs (i, j) such that j > i
# The third row contains coevolutionary scores obtained 
# using plmDCA-pydca algorithm.
# Note that in this data sites are counted/labelled starting from 1
#==========================================================================
27	44	0.19880938855579022
28	43	0.1831375725333971
60	65	0.16453826604126714
2	19	0.1455496632481974
57	68	0.14198250488743835
29	42	0.12728583006325456
5	16	0.12502439804838272
26	45	0.10421093324113395
58	67	0.10099652274776569
23	48	0.09903437688634799
34	37	0.09456728610782116
25	46	0.09377612092045289
34	42	0.09233904019248468
35	64	0.08144344897149196
36	37	0.07521425710215447
4	17	0.0737086082503723
62	63	0.07211556235078204
35	36	0.07174988344049558
29	34	0.07148291480778775
60	68	0.07107473124331896
57	60	0.07107473001915621
74	75	0.06969647847475201
5	14	0.0693642878468621
57	65	0.06911752055475331
65	68	0.0691175068721496
63	64	0.0690153201555453
35	37	0.0638998489977072
5	61	0.06222560594465493
2	57	0.06193463028130752
2	68	0.06193460171751501
47	49	0.061694996925933714
6	9	0.06047079168437788
26	33	0.058524247793951406
33	45	0.05852423581937301
33	34	0.058386326615708334
25	50	0.057493848982856144
17	60	0.056549247850406034
9	20	0.0557834439820785
56	61	0.055491997222898576
17	65	0.055091299869351115
24	47	0.054374376836173646
24	49	0.05437437622589447
15	43	0.05367579057290992
41	75	0.05288021387987868
41	74	0.052880200013472725
19	68	0.05195307556384164
19	57	0.05195307433346168
28	62	0.0519420892496022
55	77	0.0515988809818875
12	15	0.0508894989576371
33	42	0.0500298985953407
43	62	0.04974552395497084
26	46	0.04966205217760683
45	46	0.04966204740744029
49	50	0.04945555142847911
47	50	0.04945554465063334
23	24	0.04838005656007525
24	48	0.04838004732951373
14	15	0.04836824800341719
36	64	0.048186764868545534
29	68	0.04814495650288812
29	57	0.04814495532273004
50	54	0.04789491114144425
45	54	0.04775644692837181
26	54	0.04775644493531917
1	48	0.04766686023085098
1	23	0.04766685437690128
3	69	0.04756087831310545
34	36	0.04728755558985939
15	28	0.04688805303793937
16	64	0.046798374469699436
28	63	0.04627148963278861
16	17	0.045947321914802775
10	61	0.04574451760692254
6	20	0.04569869562626789
5	63	0.045486734889516336
4	16	0.04432770222867782
3	18	0.044259216268258864
24	77	0.04388272251445845
36	63	0.04383226971226313
47	58	0.043787350373984235
49	58	0.04378734967144836
12	43	0.04376636216501559
47	67	0.04350070048985802
49	67	0.043500699786278824
17	18	0.04320001917128248
33	44	0.043134328434263056
27	33	0.04313432797901684
4	19	0.04307803639492362
18	58	0.04227601528700404
24	50	0.04212488546398854
18	67	0.04209530320631935
2	48	0.04193544198776851
2	23	0.04193543670461519
2	4	0.04174835357470323
33	46	0.04167429088259911
5	37	0.041553181682877846
8	13	0.04089222860290687
6	13	0.04086770052899061
11	12	0.04070104007608206
33	36	0.0406464801019432
10	64	0.04060162473237029
33	37	0.040267056919521774
3	24	0.04021301354584772
8	69	0.04017181104295091
19	23	0.04013845660968764
19	48	0.0401384544565227
5	12	0.0398592010839431
43	63	0.039815554515853224
1	10	0.03949349870023452
29	46	0.03922300071256364
34	35	0.0390147625556186
12	28	0.03854546309205999
62	64	0.03811497199563428
61	63	0.03800558111648515
9	13	0.03791242457837834
55	58	0.037852160882863806
14	37	0.03780972528183657
29	33	0.03777743104684404
55	67	0.03771776501544295
4	63	0.03759600083100148
17	64	0.037543654316209166
29	56	0.037379425308519496
12	14	0.0371881216629427
42	68	0.03716667829623872
42	57	0.03716667715960943
47	48	0.037077314779653564
48	49	0.037077306674808866
23	47	0.03707729423443611
23	49	0.03707729358017204
29	60	0.03694411379456215
13	65	0.036873742884682606
16	68	0.03663689158799159
16	57	0.03663689043092501
4	45	0.03623125098697795
4	26	0.03623124834860776
29	65	0.03597153516333919
16	62	0.03596628819643828
6	36	0.035778200519850964
24	58	0.035744922308440646
8	44	0.03574048367327956
8	27	0.0357404685027594
19	56	0.03572454369853942
16	34	0.035487882599030005
24	67	0.035480334489518164
5	34	0.03544006152508343
3	48	0.03524318059450271
3	23	0.035243174698982194
33	58	0.0346691738916656
33	67	0.034656526382183
16	63	0.03431809298262081
37	68	0.034236332910282954
37	57	0.034236324218690314
35	69	0.03423317866734037
18	69	0.03420661914326614
17	26	0.03357217668438002
17	45	0.03357217190958647
12	37	0.03337379017638402
28	33	0.03312365569102306
17	69	0.033107884369776186
11	63	0.03305897601876351
67	74	0.03293920955711527
67	75	0.032939208018035786
42	60	0.03285884716164286
16	42	0.03277373980652902
28	36	0.03274254936821196
3	4	0.03268740149814782
1	16	0.032649635047463904
5	62	0.03261795362114735
58	75	0.03260391535582205
58	74	0.032603909442038635
6	8	0.03254485834033124
17	54	0.032354209650522776
2	44	0.03195917329961874
2	27	0.0319591654155527
55	56	0.03179563225868002
13	60	0.03156758851571481
40	52	0.031543177354197455
59	66	0.03154317555151719
59	70	0.031543175514901954
59	71	0.031543175514901954
59	72	0.03154317549659433
39	52	0.03154317476397959
40	76	0.03154317407744382
31	73	0.03154317338206452
32	73	0.03154317338206452
31	51	0.0315431732169857
32	51	0.0315431732169857
51	76	0.031543172759295204
52	73	0.03154317247583746
51	66	0.03154317232937649
51	70	0.031543172292761254
51	71	0.031543172292761254
52	66	0.03154317228360745
51	72	0.031543172274453635
52	70	0.03154317224699221
52	71	0.03154317224699221
52	72	0.031543172228684586
39	73	0.03154317124953694
39	51	0.03154317108445834
39	59	0.03154317058130887
40	51	0.0315431699493859
31	76	0.03154316989446303
32	76	0.03154316989446303
40	59	0.03154316944623656
73	76	0.03154316919908379
66	76	0.03154316900685378
31	59	0.031543168988546116
32	59	0.031543168988546116
70	76	0.03154316897023854
71	76	0.03154316897023854
72	76	0.03154316895193092
51	73	0.031543168796316204
66	73	0.03154316876916463
70	73	0.0315431687325494
71	73	0.0315431687325494
72	73	0.03154316871424178
39	40	0.03154316867731656
66	70	0.03154316854031942
66	71	0.03154316854031942
66	72	0.0315431685220118
70	71	0.031543168503704186
70	72	0.03154316848539657
71	72	0.03154316848539657
31	39	0.031543168219626105
32	39	0.031543168219626105
51	59	0.03154316812808808
52	59	0.03154316808231902
39	76	0.03154316776193564
31	40	0.031543167084553694
32	40	0.031543167084553694
31	32	0.03154316662686321
40	66	0.03154316619694436
40	70	0.03154316616032912
40	71	0.03154316616032912
40	72	0.0315431661420215
31	52	0.031543165720636056
32	52	0.031543165720636056
52	76	0.03154316526294555
51	52	0.03154316486017792
39	66	0.031543163606726356
39	70	0.03154316357011112
39	71	0.03154316357011112
39	72	0.0315431635518035
40	73	0.03154316266388406
31	66	0.03154316201396363
32	66	0.03154316201396363
31	70	0.03154316197734838
31	71	0.03154316197734838
32	70	0.03154316197734838
32	71	0.03154316197734838
31	72	0.031543161959040764
32	72	0.031543161959040764
59	76	0.03154316108027507
59	73	0.03154316084258598
15	61	0.03146725926870008
22	40	0.03137593472037341
22	31	0.03137593426637063
22	32	0.03137593426637063
22	76	0.03137593008707755
22	51	0.03137592968755511
22	52	0.031375929642154826
22	39	0.03137592467042939
22	73	0.03137592237070781
22	59	0.031375921707863755
22	66	0.031375918454736355
22	70	0.03137591841841613
22	71	0.03137591841841613
22	72	0.03137591840025602
30	40	0.03113573387036562
30	31	0.031135733417402348
30	32	0.031135733417402348
30	76	0.031135732964439077
30	52	0.031135732520535076
30	39	0.03113572754313393
30	51	0.031135725115250805
30	59	0.03113572457882192
30	73	0.031135721514857998
30	66	0.03113572132461343
30	70	0.031135721288376366
30	71	0.031135721288376366
30	72	0.03113572127025783
22	30	0.030934840212723476
5	33	0.030915196403192097
38	76	0.03077787661903919
38	51	0.030777872493106713
38	39	0.03077787120809152
38	40	0.03077787007900901
31	38	0.030777869623733804
32	38	0.030777869623733804
38	52	0.030777868722288895
38	66	0.030777868721149786
38	70	0.030777868684727767
38	71	0.030777868684727767
38	72	0.030777868666516755
38	59	0.030777868247663567
38	73	0.03077786518707507
50	58	0.03068430739341184
25	56	0.030675261210000943
22	38	0.030574675354014275
50	67	0.030419603187677044
30	38	0.030337223213734634
43	46	0.030187271093305615
10	60	0.029940331182088623
33	43	0.02983659069842373
42	65	0.029817666850488422
5	15	0.02973446179584876
25	45	0.0296930091499594
25	26	0.029692999154079025
1	20	0.02920929809263733
16	61	0.029103901504406324
29	69	0.029058373733769502
46	50	0.02886163286508786
36	43	0.028756462696453947
8	12	0.028743693855371164
56	68	0.028715599599787617
56	57	0.028715591104261765
5	25	0.028609165544671633
23	61	0.028608981791501356
48	61	0.028608979818886868
20	45	0.028425753907517046
20	26	0.028425751825961534
13	18	0.02828442489065399
7	8	0.02824993315552086
11	14	0.02807078919824435
18	24	0.02806999311293628
16	19	0.02803934292679182
9	64	0.028013711785890377
35	74	0.027869570028253923
35	75	0.027869568516529213
14	61	0.027768673331687213
23	27	0.02771049333295386
44	48	0.02771048418056811
27	48	0.027710483798914068
23	44	0.027710478813446696
6	43	0.02768388210188011
13	61	0.027607649756139066
25	47	0.027536323658870585
25	49	0.02753632298012397
19	27	0.027279920859993617
19	44	0.027279913840045994
6	53	0.02717496049208213
13	29	0.027150392246660174
11	61	0.026686058697038738
13	46	0.026642442116041012
4	27	0.026636740153129654
4	44	0.02663673311296219
56	62	0.026590299674934738
24	55	0.026477160175771654
10	65	0.026311938592501735
26	36	0.026305651884124148
36	45	0.026305647162137277
16	60	0.026014884703167818
47	77	0.026000804499137872
49	77	0.02600079652695217
23	77	0.025817886252549917
48	77	0.02581788473120171
37	69	0.02578849803991054
3	49	0.025744233700983353
3	47	0.02574422678356622
14	63	0.025583060234234185
6	15	0.025424402336984536
45	63	0.025330635453324327
26	63	0.025330632944983514
2	56	0.025104004410586633
16	65	0.025090117099872133
14	34	0.02508959210251093
41	51	0.024931942058037
40	41	0.024931939751839608
31	41	0.024931939259099013
32	41	0.024931939259099013
41	76	0.024931938766358422
41	73	0.024931935070461146
41	59	0.02493193435105988
39	41	0.02493193352325568
41	66	0.024931931138219805
41	70	0.024931931098800555
41	71	0.024931931098800555
41	72	0.02493193107909093
41	52	0.024931930832892045
35	44	0.024861003403967255
27	35	0.024861003000840667
34	60	0.024820179487319696
6	28	0.024769031194746667
60	62	0.024548688047067502
22	41	0.024523179400094387
30	41	0.024274863990707548
19	77	0.02395021824747748
38	41	0.02392000867563842
25	29	0.023871336378830127
18	23	0.02385170009134916
18	48	0.023851690966840484
45	56	0.02366187059368796
26	56	0.02366186824256114
28	46	0.023656463436942846
28	44	0.023597839288284156
27	28	0.023597838863318385
17	62	0.023585048941190137
10	35	0.023504386960495116
26	62	0.023471907984833965
45	62	0.02347190288270866
62	65	0.02333679533491355
8	28	0.02317824508837779
15	34	0.023169819346065254
48	50	0.02308771099261514
23	50	0.02308770550417777
8	9	0.02294971724562038
10	74	0.0228833079019352
10	75	0.022883299152226103
6	65	0.02285843891693662
8	43	0.022817812528350266
15	65	0.02281777131142662
16	37	0.02273893532460551
5	28	0.02271276420557468
6	60	0.022645824183682876
12	36	0.02255421342687851
11	65	0.022461966129614153
10	69	0.022459665513534538
17	57	0.02232228487947603
17	68	0.022322278618134128
2	29	0.02224072856909798
16	56	0.022231677805869016
19	24	0.022093675183253073
36	57	0.021986391484585865
36	68	0.02198638524671359
6	64	0.021982754425955063
15	60	0.021911555866792366
5	10	0.02166748186881666
5	45	0.021641580340609104
5	26	0.021641577746811955
14	64	0.021484468251709035
7	18	0.021445350908651975
33	56	0.021065967253956555
13	69	0.021004329736364437
2	45	0.021004112710599765
2	26	0.021004109923907555
13	14	0.020853364851054476
21	47	0.020823489598338046
21	49	0.020823489262882872
18	55	0.020728382711859186
24	25	0.02070645709059709
4	46	0.02047604526145659
58	61	0.02042794125449894
6	56	0.020284772572135748
6	35	0.020260849723712872
50	62	0.020169599844260214
56	60	0.02016004658972767
55	63	0.020150087772731654
16	29	0.02007335907099267
11	77	0.020026970149997207
8	35	0.01998547092834893
2	16	0.01989461312286636
7	17	0.019886498149479015
1	3	0.019883319868163607
2	15	0.019874025231048545
56	63	0.019789943313871072
5	46	0.019746526787065496
52	53	0.019722204942214144
53	76	0.01972220169279681
51	53	0.019722201265482315
40	53	0.019722198938675835
31	53	0.019722198453091176
32	53	0.019722198453091176
53	66	0.019722197738425772
53	70	0.019722197699579
53	71	0.019722197699579
53	72	0.01972219768015561
53	59	0.01972219723341772
39	53	0.019722196417635493
53	73	0.019722194217081025
11	60	0.019692499662022828
1	5	0.019618469445927114
42	46	0.019457732883380846
45	50	0.019430099151189692
26	50	0.019430096628434104
22	53	0.019417221253928446
15	19	0.019357008563649213
17	36	0.01932761343775724
4	54	0.01927908110289754
13	58	0.019201653672696092
8	19	0.01918069332676721
11	62	0.01914481997967088
8	14	0.019139719842733743
30	53	0.019134104256425234
2	7	0.019035074415706565
13	33	0.018923230939610014
7	19	0.018763974890671158
54	76	0.018711053729794078
51	54	0.018711053242603436
52	54	0.01871105318724086
39	54	0.018711052484747068
40	54	0.01871105111175525
31	54	0.018711050558129515
32	54	0.018711050558129515
54	73	0.01871105049784158
54	66	0.018711050265318774
54	70	0.018711050221028716
54	71	0.018711050221028716
54	72	0.01871105019888368
54	59	0.018711049689548002
38	53	0.01868286003171634
42	55	0.018642272806001725
56	65	0.01863874785556606
6	33	0.01850738112442734
22	54	0.018484606894799194
33	60	0.018414099901019026
8	20	0.018285140948592682
14	19	0.01826302768515098
13	42	0.018221444640956444
30	54	0.01819524301145231
31	77	0.018176363773693714
32	77	0.018176363773693714
40	77	0.01817636059174206
76	77	0.018176359505064764
51	77	0.018176359026926762
52	77	0.018176358972592892
66	77	0.018176355966522423
70	77	0.018176355923055325
71	77	0.018176355923055325
72	77	0.01817635590132178
59	77	0.018176355401450225
39	77	0.0181763544886413
73	77	0.018176352469434352
9	11	0.018106035310127222
16	44	0.018059994975727717
16	27	0.018059994570754426
15	64	0.01801789506115855
11	57	0.01801002711018858
11	68	0.01801002063804831
25	54	0.018008475190005112
22	77	0.017864702417733316
38	54	0.01782439720975655
61	67	0.017774436398262775
4	56	0.017718881490874888
30	77	0.017716542912853968
36	56	0.01767455674637912
6	7	0.017654514985117678
33	65	0.017615069240905876
35	63	0.01760125117048668
21	50	0.017465921938313797
8	15	0.017463425983572464
23	58	0.017384736697541855
48	58	0.017384734648478936
9	10	0.01738049494575343
38	77	0.01733656781601773
62	69	0.017325714642213448
52	74	0.017303908060685158
51	75	0.017303907156342266
52	75	0.01730390709953511
39	75	0.017303902750625065
40	75	0.017303901341807676
74	76	0.017303901166814642
31	75	0.01730390077373614
32	75	0.01730390077373614
75	76	0.017303900205664614
40	74	0.017303898577667377
73	75	0.01730389708378907
51	74	0.017303896941621412
39	74	0.017303896261194433
59	75	0.017303896254404642
73	74	0.01730389431964869
31	74	0.01730389428430556
32	74	0.01730389428430556
66	74	0.017303894081058653
70	74	0.017303894035612936
71	74	0.017303894035612936
72	74	0.01730389401289007
66	75	0.017303893119908736
70	75	0.017303893074463013
71	75	0.017303893074463013
72	75	0.017303893051740148
59	74	0.017303889764973976
7	15	0.01728660570027989
23	67	0.01718484435686561
48	67	0.017184842304759612
17	63	0.017174076759773935
19	29	0.0171560040687799
17	50	0.017112744939233038
15	63	0.017011334885715677
4	68	0.016950802022170947
4	57	0.016950800849561964
22	74	0.01692868275597295
22	75	0.016928681802567125
16	18	0.01688843271627749
9	26	0.01684572718026501
9	45	0.016845725196981035
4	36	0.01678926276173409
36	58	0.016754859697712204
14	56	0.016721963611021122
18	42	0.01671240047750429
30	75	0.016700707445569223
30	74	0.01670070467150178
27	63	0.016680074612342333
44	63	0.016680067551948077
5	56	0.016671919414486536
2	8	0.0166252142673955
4	64	0.016550681104458675
60	67	0.016527183741232354
20	25	0.016506003555369644
19	64	0.016487035278116055
33	61	0.01646832856490589
13	34	0.016456159050861216
12	61	0.016412436825300178
35	57	0.016389742323992845
35	68	0.01638973602520251
65	67	0.01638668081813857
38	75	0.01632909763964619
38	74	0.016329094870433818
36	67	0.01628448415347529
21	58	0.01618465010494164
4	50	0.01614651090011769
13	67	0.016131237178505647
11	46	0.01609190568315637
21	67	0.0160595299659615
23	57	0.016026990403050903
23	68	0.016026984042910433
48	57	0.01602698090851709
48	68	0.01602697454837665
34	68	0.016018455216705155
34	57	0.016018454100858018
34	65	0.01597223933613577
5	54	0.01575590985676939
45	64	0.015711440468914498
26	64	0.015711438024382657
11	64	0.015697776175553818
4	60	0.01566595733263411
41	67	0.015605366537364593
28	58	0.015574191165906026
15	16	0.015472603863717585
4	18	0.015352580488539928
8	53	0.01534636832274993
41	58	0.015343702505747438
62	74	0.015318971754529016
62	75	0.015318962934016175
4	5	0.01522802900682052
7	34	0.01521138725867846
43	58	0.015210827228429036
19	28	0.015120422335196004
35	41	0.015112656489165814
1	18	0.014987381770950221
23	63	0.014956679966199121
48	63	0.014956678015267372
4	65	0.014909038560478788
9	17	0.014854363513807027
20	36	0.0148086468785973
8	42	0.014808369625377939
10	29	0.01477103590878831
28	67	0.014708728890190967
17	19	0.014684895732445788
18	20	0.014635261445595606
50	77	0.014629141942363436
3	50	0.01457923448312344
7	53	0.014527421401625506
14	16	0.01440883584606395
46	47	0.014393664921775365
46	49	0.01439366420699828
58	65	0.014371324389949008
4	23	0.01433542082782406
4	48	0.014335418775758349
58	60	0.014280819298299344
44	64	0.014272721671971203
27	64	0.0142727212917107
19	55	0.01426013116186127
38	55	0.014248966722471793
7	65	0.014222611998161015
5	27	0.014184416810567424
5	44	0.014184409763466382
43	67	0.01413592681437173
18	47	0.014134656633271174
18	49	0.01413465605935297
5	50	0.01408315501965468
7	60	0.013959970131893665
42	61	0.013955952661518875
5	13	0.013949802464737093
54	62	0.013848073966439431
3	53	0.013832208493010083
4	24	0.013811375993567118
6	17	0.013803086790668731
19	34	0.013707103494621245
13	15	0.013694683590516926
14	77	0.013664592741000299
1	19	0.01361764244998296
7	9	0.013558501133100816
24	69	0.013371595392314091
37	74	0.01334119537649961
37	75	0.013341186297090704
9	36	0.01333851889457073
11	24	0.013210581036515914
6	12	0.013059401608136796
8	33	0.012981600184154833
62	67	0.01293298512190641
29	61	0.012926667560860652
4	33	0.012783915876505042
13	53	0.0127030564094677
27	45	0.012697919229174487
44	45	0.012697912159149838
26	44	0.012697909480416603
26	27	0.012697909099860641
23	69	0.012645092274877728
48	69	0.012645090519839454
2	33	0.012632466473427237
17	34	0.012488217511096023
43	44	0.012349705910098055
27	43	0.012349705486818019
11	47	0.012291944531776712
11	49	0.01229194394471251
6	18	0.012262901128924315
13	37	0.012182210950163627
2	50	0.012167634431701296
36	61	0.01213491770505852
7	42	0.012086613453819464
10	41	0.012081499467284276
10	21	0.012078180494797159
25	62	0.012077137060285861
42	69	0.01207672904334156
41	53	0.011969015796424044
11	56	0.01196651837625709
7	28	0.011956207899449782
19	26	0.011928663002019405
19	45	0.011928650869213145
2	65	0.011879262275784327
7	12	0.011862748710321641
7	61	0.011803960120823687
21	24	0.011776213701294634
9	63	0.011726591283293814
55	69	0.01168345065642247
19	50	0.01163571840572837
6	63	0.011579828895163756
14	29	0.011567761581706651
55	61	0.011545660794231541
46	56	0.011528293808388185
9	27	0.011509290048095505
9	44	0.01150928659378396
14	69	0.011421229330474715
23	64	0.011417611279697884
48	64	0.011417609378395352
14	46	0.01139063390108383
64	75	0.011370343998698004
64	74	0.011370337974094306
8	18	0.011300243388903494
10	26	0.011254020289209028
10	45	0.01125401506570587
14	24	0.011238642710697251
13	56	0.011203873165635432
7	58	0.011193278811537297
18	61	0.011143438698820111
1	76	0.01113067696880752
1	52	0.011130676409986703
1	73	0.011130673863343904
1	31	0.011130673813742553
1	32	0.011130673813742553
1	66	0.011130673623849272
1	70	0.011130673578231248
1	71	0.011130673578231248
1	72	0.01113067355542223
1	59	0.011130673030814928
1	51	0.011130672741718937
1	40	0.011130670658677573
1	39	0.011130668347546085
7	67	0.011124332343877087
12	16	0.011098669810528525
7	20	0.011095616385748082
55	76	0.011051536531511905
52	55	0.011051535960582295
55	73	0.011051533520200295
55	66	0.011051533275516182
55	70	0.011051533228909685
55	71	0.011051533228909685
55	72	0.01105153320560643
55	59	0.011051532669631693
51	55	0.011051532293550125
39	55	0.011051531690895226
40	55	0.011051530246093774
31	55	0.011051529663512541
32	55	0.011051529663512541
19	65	0.010964759816662492
62	77	0.010962040697163035
33	35	0.010939646831831198
1	22	0.010839436580959191
13	75	0.010820890351285799
13	74	0.010820884291204293
2	60	0.010813876906674291
9	15	0.010763882057501076
16	23	0.010717181201898199
16	48	0.010717179177031702
36	49	0.010636430378963738
36	47	0.010636423656008129
12	33	0.010631232564625934
22	55	0.010620901380279359
19	43	0.010600373075962594
37	63	0.010566247306197998
30	55	0.010550564880919724
5	17	0.010534669596236876
3	40	0.010532627134893481
3	31	0.010532626579514877
3	32	0.010532626579514877
3	76	0.010532626024136273
3	59	0.010532625719978171
3	51	0.0105326255354031
3	52	0.010532625479865242
3	39	0.01053262478694212
3	73	0.01053262280554064
3	66	0.01053262257228163
3	70	0.010532622527851337
3	71	0.010532622527851337
3	72	0.010532622505636191
1	30	0.010522796830372556
3	20	0.010502954590186513
8	55	0.010394204917211186
37	45	0.010296781027772706
26	37	0.010296778235495602
6	44	0.010261359518395859
6	27	0.010261355527255489
12	21	0.010255663917092907
41	54	0.010204551287315636
1	15	0.010183762156066437
10	55	0.01015415034163105
9	29	0.010130362745592258
1	38	0.010091043175446936
3	22	0.010083838303745159
33	63	0.01005572533045647
3	30	0.010041806137435265
46	65	0.010011499661458007
41	77	0.00999233763175627
46	60	0.009968084671143837
58	62	0.009942835238821404
8	37	0.0098088842391243
21	25	0.009734481782444168
45	61	0.009646571835128237
26	61	0.009646569298909613
3	38	0.00962599477018923
56	67	0.009568443563284457
11	17	0.009449394578472589
6	19	0.009382092028874203
5	43	0.00935168726971436
33	74	0.009341674778995723
33	75	0.009341673071822432
61	77	0.009304444059304702
8	65	0.009302389662609767
19	60	0.009300675788554175
60	74	0.009167614563878296
60	75	0.009167612957164707
12	25	0.009155289880713319
8	63	0.00912653289530413
2	34	0.009118284500276755
44	47	0.008941650480034771
44	49	0.008941649765705911
27	47	0.008941642668149313
27	49	0.008941641953820453
8	60	0.008893104162725388
4	34	0.008878092678985858
12	45	0.008837780017289146
12	26	0.008837777649479475
65	74	0.008810996622071667
65	75	0.008810987572134388
13	16	0.008765265675971287
17	27	0.008698372420761546
17	44	0.008698365386414483
13	45	0.008614976938014357
13	26	0.00861497455430163
9	65	0.008370243582192731
15	23	0.008351360583766329
15	48	0.00835135918702247
10	12	0.00834816660435253
1	2	0.008334877696165303
9	60	0.008314760259236657
6	37	0.008190390004355147
21	36	0.008177390583950207
1	33	0.008150600387880597
6	29	0.008144930745523034
16	28	0.008121816578167337
34	56	0.008081709961653874
10	20	0.008076655699995577
12	63	0.008048080800983279
11	21	0.007993158681741885
17	56	0.007891034176165823
20	76	0.007830657763921195
20	66	0.007830654476451628
20	70	0.00783065443019483
20	71	0.00783065443019483
20	72	0.007830654407066436
20	59	0.007830653875113357
20	52	0.007830653471985229
20	39	0.007830652903720786
20	40	0.007830651469760322
20	73	0.00783065099400946
20	31	0.00783065089155046
20	32	0.00783065089155046
20	51	0.007830649804515914
13	17	0.0077355216322397835
2	6	0.007728986785315493
3	14	0.007602418065721102
2	47	0.007595861874648002
2	49	0.007595861131530074
24	46	0.007569849094901618
9	43	0.007553867867536625
8	29	0.0074918944761092066
17	61	0.0074534874213670055
2	28	0.007417375038412041
1	12	0.007358408188596163
20	22	0.007334852089138533
4	37	0.007332072222769381
10	25	0.007314575784587947
9	56	0.007304735194488383
9	28	0.0072390578817819115
12	65	0.007201482050381236
37	65	0.007195793484920651
20	30	0.007116448007830269
13	20	0.0071044293368652325
37	64	0.007055704208816099
34	62	0.00700459112236182
33	69	0.006915924190057349
9	34	0.00676289606844304
5	19	0.006749559164736338
20	38	0.006691597790541466
15	53	0.0066724679877545115
15	36	0.006669336139855923
3	17	0.0066467065204529885
17	58	0.006638643272494596
7	55	0.006610158481934702
6	26	0.006591930765441879
6	45	0.006591928749187799
19	49	0.006485798005801138
19	47	0.006485783842867923
3	58	0.0063712407315659955
17	67	0.006341312895633958
5	29	0.006267071406803368
3	67	0.0062212092764396335
4	62	0.006170652375800598
20	65	0.006166775084040968
25	42	0.0061514221359294935
53	56	0.006055007029246863
15	18	0.006005984410041319
25	58	0.005988198618732496
61	75	0.005967135398801546
61	74	0.0059671331529721
8	34	0.0059452736628787806
34	53	0.005865319271324186
12	56	0.00583827578783952
43	60	0.0058354529266938515
25	77	0.0058343611068621265
25	43	0.005794007149980504
25	67	0.005785846440779771
1	21	0.005764287118465872
3	15	0.005746321337981121
46	57	0.0057187287471723025
46	68	0.005718722487886838
5	8	0.005704138683036132
6	34	0.005690039630755726
35	53	0.005680154205882547
37	60	0.005662177728112366
17	37	0.005659066473540378
37	58	0.00565235685737657
33	64	0.00563477068152414
53	54	0.005617697556876279
13	68	0.005615515235442167
13	57	0.0056155141760142885
4	11	0.005609166226026856
25	33	0.005583418189753345
29	44	0.005498546599727802
27	29	0.005498538736091879
20	46	0.005496458585952588
2	5	0.0054940760857003085
6	55	0.005491511508906033
21	77	0.005473578741417531
28	35	0.005423169594223565
12	47	0.005403962578095348
12	49	0.005403954496098838
42	67	0.005394803152624542
12	60	0.005366404790436333
10	63	0.005305869102876434
37	54	0.005285914360571117
34	64	0.005252834044237875
42	58	0.005251745318938364
16	36	0.005157926500950413
48	55	0.005136781052537148
23	55	0.005136775233184003
18	53	0.005082842172443071
17	23	0.005066893952169055
17	48	0.005066891871001344
12	74	0.0050628979249439585
12	75	0.00506289281843135
21	46	0.004974250657273256
9	25	0.004965938797650428
43	65	0.0049360655761928884
20	60	0.0049262652152317135
30	69	0.004888151195564877
2	21	0.004862202297150994
20	21	0.004805306009842615
11	15	0.0047952684591254235
47	55	0.004648673526001956
49	55	0.004648669241433673
2	54	0.004612101963673405
13	55	0.0045540536353531474
1	61	0.0045365069947826825
53	77	0.004528721433243399
56	58	0.004522454686788413
9	46	0.004520481745618483
10	17	0.004509820039682519
9	18	0.004491028905128938
22	69	0.004487583639939202
56	75	0.0044705514380866465
56	74	0.004470545358996693
53	75	0.004445826212458481
53	74	0.004445819781605666
10	14	0.004423212475343892
5	42	0.0044147831620899025
1	37	0.00439758753651328
19	33	0.00435664317764986
58	77	0.004302559103318233
34	67	0.0042573015653444846
8	36	0.0042541181695504235
12	50	0.004252416786170152
27	36	0.004229848799904415
36	44	0.0042298417737717114
4	69	0.00422091213220184
67	77	0.004133556497716087
7	43	0.00405009872963754
6	69	0.004037920529035455
34	58	0.004012946638867115
21	23	0.003940860008436804
21	48	0.0039408590300258825
17	42	0.003900298531636537
7	10	0.0038946981074205883
37	41	0.0038755740027846958
2	43	0.003831661653795282
11	45	0.003822977995703032
11	26	0.0038229757942122994
43	50	0.003814688392503096
7	14	0.0038121429286538666
19	58	0.0037872373695736483
12	48	0.003681240408967827
12	23	0.003681234800016968
31	47	0.0036683131419022463
32	47	0.0036683131419022463
47	51	0.003668311928950188
49	66	0.003668309252099884
49	70	0.003668309200484894
49	71	0.003668309200484894
49	72	0.003668309174677399
31	49	0.0036683089772290844
32	49	0.0036683089772290844
49	59	0.0036683085811051105
47	52	0.003668308139141166
39	47	0.0036683079365733354
49	52	0.0036683076997582817
39	49	0.0036683074971904928
40	47	0.003668306336508914
40	49	0.0036683058971260576
49	73	0.003668305797788235
47	59	0.003668305295197641
47	76	0.0036683050461343847
49	76	0.0036683046067515074
49	51	0.003668304038986707
47	73	0.0036683025118807583
47	66	0.003668302240902109
47	70	0.003668302189287126
47	71	0.003668302189287126
47	72	0.003668302163479631
9	14	0.0036657178903847787
12	77	0.0036379427207298767
12	24	0.003621863559910038
69	73	0.0036171778024391144
69	76	0.0036171767515181044
51	69	0.003617176199934652
66	69	0.0036171738138930792
69	70	0.0036171737637491277
69	71	0.0036171737637491277
69	72	0.0036171737386771485
59	69	0.003617173162021717
52	69	0.003617172411964416
39	69	0.0036171721089987494
40	69	0.003617170554536281
31	69	0.0036171699277368977
32	69	0.0036171699277368977
8	16	0.003551565569718286
14	45	0.0034360889531840286
14	26	0.0034360829927342004
16	55	0.003432986842926908
8	56	0.003417229684534319
61	64	0.003415680467328361
42	53	0.003379518670132045
22	49	0.0033679823327197184
22	47	0.0033679790432720874
30	47	0.0033447209120650995
30	49	0.003344720477220363
2	17	0.0032774004617709684
20	35	0.0032651317401658705
19	67	0.0032430811722840708
5	48	0.0032400658018244405
5	23	0.00324006036864162
6	25	0.003232207742973593
2	64	0.003099777823635963
21	27	0.003076807057055146
21	44	0.003076799802156728
14	25	0.003067461484158457
2	58	0.0030608528989509998
12	17	0.0030477351809203856
12	67	0.002958688256393449
38	47	0.0029579395245260057
38	49	0.0029579390874618083
54	77	0.0029522915219955675
7	33	0.002918046412642074
20	34	0.002825299413640174
8	45	0.002818459925230818
8	26	0.002818458193637456
3	13	0.002784623817070876
5	21	0.0027639168473241743
38	69	0.0027387048110459195
49	53	0.002733965043935617
47	53	0.0027339617848065947
13	25	0.002657320622420453
4	43	0.0026527021950360635
6	58	0.0026393394547631135
2	67	0.0026280330155027537
6	67	0.0025034595945690394
10	28	0.0024595788823165016
3	41	0.002455443126936796
18	50	0.0024518723680253054
26	69	0.0024223112922146656
45	69	0.002422306098111844
20	69	0.002398843619845513
12	69	0.0023387084112698256
6	46	0.0023380791676191406
9	53	0.002299250736241626
41	62	0.0022688317857553625
10	50	0.002202782685113598
6	11	0.0021392211815767156
3	11	0.00208744001087844
37	53	0.0020782246407035007
12	55	0.002073164353953369
41	55	0.0020563750476443043
3	6	0.0020323123522045933
35	45	0.0020252794096694143
26	35	0.002025276818141339
13	48	0.002019747434412425
13	23	0.002019741837830609
54	74	0.002004417596364147
54	75	0.002004416433750107
75	77	0.0019494353541112883
74	77	0.0019494327698321434
56	69	0.0019435097046379551
20	28	0.0019322571208793618
37	67	0.0019000628385235502
24	44	0.0018751386577864765
24	27	0.0018751308512097026
1	41	0.001871517146515303
43	45	0.0018651448361715756
26	43	0.0018651421150856634
15	29	0.0018649609911253334
3	25	0.0018623662722388537
27	42	0.0018474043054628048
42	44	0.001847397252702443
24	53	0.0018324499124290489
15	37	0.001813194214729169
16	35	0.0017853611677508263
11	28	0.0016831492230994644
21	43	0.0016711710577158034
15	45	0.0016602044763656745
15	26	0.001660202680552128
28	50	0.0016558629141501385
42	56	0.0015476744763667782
35	56	0.001537026969824315
15	33	0.0015041854570462254
61	69	0.0014755936632734404
7	62	0.0014749603943325848
24	36	0.001435675179767129
6	14	0.0014294699762602628
25	61	0.0014122108657797783
11	22	0.001347810887257772
35	67	0.0013396622549297216
16	21	0.001324066699018453
4	28	0.001313758329271733
21	33	0.0012827865242440936
21	28	0.0012617224462783752
25	28	0.0012130076538562073
15	42	0.0012031521205180598
9	62	0.0011915993714408102
15	57	0.0010725602157953748
15	68	0.0010725572886444296
12	58	0.0010423860015380676
21	65	0.0009930689926192712
64	65	0.000966885083220112
1	69	0.0009635408390389205
36	50	0.0009599424149340369
2	12	0.00087450090742755
7	64	0.0008459953128563957
16	26	0.0008204250877915792
16	45	0.0008204127900301866
21	68	0.0006980987545681452
21	57	0.000698098195476192
21	60	0.0006923989913157833
12	34	0.0006509971214060523
2	24	0.0006432368211220368
35	58	0.0005947318868643192
20	37	0.0005599716300087876
25	34	0.0005597273711461237
8	21	0.0005321450210073256
14	18	0.0005265543826555169
2	42	0.0004564415705210628
3	56	0.00040749481724172004
14	49	0.00031440734090379396
14	47	0.0003144042116560372
55	64	0.00024257890260705184
69	77	0.00016569673194372775
17	35	6.837391011443872e-05
16	43	-0.00010701023445507107
11	43	-0.00014630090503756077
6	42	-0.00014729388944935418
11	66	-0.00024403216084710466
11	59	-0.00024403279683332668
11	39	-0.00024403382419566771
11	40	-0.00024403534077818007
11	73	-0.0002440356292968196
11	70	-0.00024403593505942234
11	71	-0.00024403593505942234
11	31	-0.00024403595230338554
11	32	-0.00024403595230338554
11	72	-0.00024403595952043194
11	76	-0.000244036563828591
11	51	-0.00024403710197076767
11	52	-0.00024404088841358668
21	22	-0.0002563377226628312
22	25	-0.0002799782942260534
5	68	-0.00028189301182315885
5	57	-0.0002818941646219042
50	57	-0.0002928172307131577
50	68	-0.0002928235600690443
25	59	-0.00029883397679141
25	39	-0.00029883516459797144
25	51	-0.00029883522897623804
25	52	-0.00029883529967900807
25	73	-0.00029883666982124385
25	40	-0.0002988369180267139
25	66	-0.0002988369667728738
25	70	-0.0002988370233351009
25	71	-0.0002988370233351009
25	72	-0.0002988370516162145
25	76	-0.00029883833208214916
25	31	-0.00029884135034472653
25	32	-0.00029884135034472653
7	13	-0.00031707500696370045
21	30	-0.00033829995843303456
25	30	-0.0003391073305798048
3	55	-0.00040547825747084404
21	38	-0.0004421145471524557
20	64	-0.00044521700882444587
28	65	-0.0004952560103798354
12	27	-0.0005325237275727729
12	44	-0.0005325308098274306
13	64	-0.0005637671880901751
64	69	-0.0006132212286589361
4	29	-0.0006588092208975882
25	38	-0.0006974958781741231
14	44	-0.0006980041852178986
14	27	-0.0006980045329093715
13	41	-0.0007004004970475874
54	63	-0.0007359661737326925
21	66	-0.0007522344777634998
21	70	-0.0007522345057181003
21	71	-0.0007522345057181003
21	72	-0.0007522345196954022
21	40	-0.0007522362948123688
21	59	-0.000752236703818427
21	51	-0.000752237301177891
21	52	-0.0007522373361211372
21	73	-0.0007522380562921642
21	31	-0.0007522385068899906
21	32	-0.0007522385068899906
21	76	-0.0007522388563224666
21	39	-0.00075223915351013
35	43	-0.0007669634005069703
4	15	-0.0007772906136059091
15	58	-0.0008161501860907069
1	28	-0.000834043620545781
37	61	-0.0008504765635414246
21	37	-0.0008540365248692547
21	55	-0.0008688754568328752
33	62	-0.0009272076815976804
28	45	-0.0009769144946658176
26	28	-0.0009769172265886028
14	21	-0.0009827360313468987
12	35	-0.0009832030874327713
17	24	-0.0009980740967998059
21	41	-0.0010021077651523325
19	21	-0.0010149652057129116
15	67	-0.0010261146894397846
12	46	-0.001031977484606983
20	24	-0.0010462456595810438
53	69	-0.0010527699830362933
20	43	-0.0010687138949933908
3	8	-0.0010754495488356566
19	42	-0.0010865574445284437
34	45	-0.0010939983449986118
26	34	-0.001094000855654656
11	30	-0.001094051856106372
12	19	-0.0011364291791319675
5	18	-0.0011569401680514776
46	54	-0.0011869540533614512
10	38	-0.0011911761188287823
1	24	-0.001229333558664343
15	25	-0.0012354529331408959
12	54	-0.0012432575850251926
19	63	-0.0012760055481118027
41	60	-0.001301070932438489
53	55	-0.001302379242733978
29	62	-0.0013450353155941702
37	56	-0.0014119553161284631
41	64	-0.0014447117648901664
35	61	-0.0014487748782590487
41	65	-0.001513353012351261
5	7	-0.001538724820429091
11	19	-0.0015683758058304131
10	33	-0.0015716215901361852
33	54	-0.0015772935359692902
30	42	-0.0016008290517946153
60	64	-0.0016127361088391912
44	53	-0.0016383534687112872
27	53	-0.0016383574659289898
11	38	-0.0016596532946630757
24	40	-0.0016794871066815875
24	31	-0.0016794877423890534
24	32	-0.0016794877423890534
24	76	-0.001679488378096533
24	52	-0.0016794890010898567
24	73	-0.0016794909845861752
24	66	-0.001679491251583308
24	70	-0.0016794913024399116
24	71	-0.0016794913024399116
24	72	-0.001679491327868217
24	51	-0.0016794926628094092
24	39	-0.0016794929807076447
24	59	-0.0016794956380093914
20	27	-0.0017518546209375138
20	44	-0.0017518580224303026
15	24	-0.0017537106726657203
23	25	-0.0017538663028173473
25	48	-0.0017538757330755467
29	55	-0.001763239412578499
7	41	-0.0017642749096435373
36	69	-0.0017699355295160146
10	43	-0.0017842774309052983
63	74	-0.001820185391164103
63	75	-0.0018201868543629082
38	42	-0.0018216675246068847
18	21	-0.0018240425928694182
1	65	-0.0018532503833425945
22	42	-0.0018769046146075025
19	54	-0.0018870157624997635
35	65	-0.001917762236545148
8	17	-0.0019517635667024233
27	61	-0.00195963875263791
44	61	-0.0019596458086956203
18	63	-0.0019629047700039162
14	20	-0.001976325194737928
7	36	-0.0019896567924155353
18	43	-0.0020099254276941397
9	33	-0.0020134930290269665
22	46	-0.002042747659718562
30	46	-0.0020771762608333966
15	46	-0.0020882978126833193
16	33	-0.0021057277059198243
21	54	-0.002122758928872044
7	22	-0.0021442791260073597
24	30	-0.00216605248832015
7	30	-0.002167075249067691
22	24	-0.0021860837072353173
61	68	-0.002223206113198248
57	61	-0.002223207240406533
2	53	-0.002223388022220607
46	73	-0.0022404196696836146
46	66	-0.002240423707688878
46	70	-0.002240423767253634
46	71	-0.002240423767253634
46	72	-0.002240423797036019
46	59	-0.0022404244820307256
31	46	-0.0022404245986672455
32	46	-0.0022404245986672455
46	76	-0.0022404253432267082
39	46	-0.0022404257328906135
46	52	-0.0022404260728949785
40	46	-0.0022404275793980813
46	51	-0.0022404297237293286
7	38	-0.0022445795110858854
12	62	-0.00224906999864416
10	16	-0.0023676427731127367
2	13	-0.002388760170210155
38	46	-0.0024168872445967035
1	11	-0.0024619892391834625
54	61	-0.002526021363545336
46	77	-0.0025424959340236628
24	38	-0.002569545052335663
10	51	-0.002606463499209094
10	39	-0.002606463908628537
10	40	-0.0026064654428374426
10	66	-0.0026064659512380975
10	31	-0.002606466061470067
10	32	-0.002606466061470067
10	76	-0.002606466680102691
10	73	-0.0026064694167027003
10	70	-0.002606469726019009
10	71	-0.002606469726019009
10	72	-0.002606469750764319
10	59	-0.00260647031990633
10	52	-0.0026064710116529555
7	77	-0.002615412006709776
20	41	-0.0026229903412848046
35	60	-0.002671228159170133
7	70	-0.002687524522857695
7	71	-0.002687524522857695
7	72	-0.0026875245376603574
7	51	-0.0026875256207440842
7	73	-0.002687526200469626
7	66	-0.0026875263558975293
7	59	-0.002687526740766631
7	31	-0.0026875267876643218
7	32	-0.0026875267876643218
7	39	-0.0026875273624782543
7	52	-0.0026875275203958778
7	40	-0.0026875282802430317
7	76	-0.0026875290203759138
1	56	-0.002691985922682716
3	9	-0.002769777944688967
21	29	-0.0027855825293991096
14	33	-0.0027860130625056573
1	7	-0.002810884849572093
18	65	-0.0028415991012811503
6	10	-0.0028429290824956363
5	75	-0.0028488292299072016
5	74	-0.0028488314421491606
11	34	-0.0029259319905828307
4	49	-0.0029400308153216814
4	47	-0.002940037562336892
1	60	-0.002964929318270172
54	55	-0.0029671704585674044
55	60	-0.0029882308413422543
7	37	-0.0030311119438674594
20	49	-0.003090593592158887
20	47	-0.0030905967623677116
10	42	-0.0031113359249903896
1	47	-0.0031392120004904087
1	49	-0.003139216273197021
55	65	-0.0031601157325414214
4	14	-0.0031839593133678457
18	28	-0.0031871483338080514
10	44	-0.003200470603400382
10	27	-0.003200474675124937
2	37	-0.0032675319564842153
1	43	-0.0032906816775879547
15	17	-0.00329103764634827
18	64	-0.0032935100521137434
4	35	-0.0032962374161624453
18	33	-0.0033387988649125483
25	64	-0.0033391130665873098
20	68	-0.0033690934568580827
20	57	-0.0033690981072841616
13	19	-0.003428734976421266
44	50	-0.0034331071055989093
27	50	-0.0034331149486081514
21	45	-0.003453253551791345
21	26	-0.0034532548097482504
5	64	-0.0034976587235696077
9	35	-0.0035068500852798515
2	11	-0.0035078820022936136
34	54	-0.0035270419188340937
41	69	-0.0035461283719789433
42	62	-0.0036056845292877227
15	47	-0.0036372593344670065
15	49	-0.00363725981335062
7	29	-0.003677271630477791
21	35	-0.003822601935654507
19	62	-0.003844081860303411
8	58	-0.003880484614050203
42	76	-0.003911088855019139
39	42	-0.003911089397747418
42	51	-0.0039110894801652404
42	52	-0.003911089551204575
40	42	-0.003911091159522817
31	42	-0.003911091869916124
32	42	-0.003911091869916124
42	59	-0.0039110919295769694
42	73	-0.0039110946176930395
42	66	-0.003911094916058219
42	70	-0.003911094972889682
42	71	-0.003911094972889682
42	72	-0.003911095001305424
8	67	-0.003946502801887082
3	77	-0.004037194710551105
3	54	-0.004090707566861376
15	21	-0.004116378076309855
64	67	-0.0041203973378775155
15	20	-0.004126371130246748
10	22	-0.004128815073631491
11	50	-0.004191127671361025
41	49	-0.004199741288395432
41	47	-0.004199744540654762
21	74	-0.004227097766633915
21	75	-0.0042270985004421065
10	30	-0.0043362594655991515
58	64	-0.004385556598305293
55	74	-0.004396247498216328
55	75	-0.004396248721636915
6	21	-0.004408082295930579
18	51	-0.004441658569559789
18	40	-0.004441660573095481
18	31	-0.004441661170926939
18	32	-0.004441661170926939
18	76	-0.004441661768758404
18	52	-0.0044416623546332315
18	39	-0.004441662815763761
18	73	-0.004441664663863275
18	66	-0.00444166491495248
18	70	-0.004441664962779
18	71	-0.004441664962779
18	72	-0.0044416649866922606
18	59	-0.004441669261987503
48	53	-0.004448048661553662
23	53	-0.004448051027206919
50	65	-0.004478523395172143
50	60	-0.004512393714940777
5	11	-0.004545812469822254
16	69	-0.004558579457676931
5	36	-0.004561422327742412
3	64	-0.004571931829587782
26	66	-0.004618871644071959
26	70	-0.004618871698437103
26	71	-0.004618871698437103
26	72	-0.004618871725619679
26	52	-0.004618873477617073
31	45	-0.004618874209684459
32	45	-0.004618874209684459
45	76	-0.004618874889248663
26	40	-0.004618875177805966
45	51	-0.00461887548726516
39	45	-0.004618875570091323
26	31	-0.004618875857370197
26	32	-0.004618875857370197
26	76	-0.004618876536934428
26	51	-0.004618877134950947
45	73	-0.004618877161550017
26	39	-0.0046188772177769705
40	45	-0.004618877255410547
45	66	-0.004618877446966978
45	70	-0.004618877501332115
45	71	-0.004618877501332115
45	72	-0.004618877528514691
45	59	-0.004618878153713757
26	73	-0.004618878809235588
26	59	-0.00461887980139937
45	52	-0.004618883005802175
7	21	-0.0046372143786244345
69	75	-0.0047120503271860376
69	74	-0.004712052736197639
7	54	-0.004779705180351479
15	50	-0.0048428947820535195
7	56	-0.004848098737696448
1	44	-0.004852651870364648
1	27	-0.0048526596402714214
33	55	-0.004855232126272563
3	74	-0.0048752524867259756
3	75	-0.0048752573783113345
7	74	-0.0048897016401191346
7	75	-0.004889702417258657
13	35	-0.004904715346059074
16	54	-0.004935534781660075
28	60	-0.0049432444412307874
11	20	-0.004979775575834504
14	36	-0.00498928619644666
35	38	-0.005028961663736911
21	42	-0.0050298060565978145
57	64	-0.0050897248548219115
64	68	-0.005089731218943919
8	64	-0.005090398598926134
29	30	-0.005094929310340973
18	30	-0.00510517660235741
10	58	-0.005133353256809359
54	69	-0.005139568145450933
63	77	-0.005147410726542269
18	22	-0.00517837609616132
29	38	-0.005193952830530847
22	26	-0.005209390109854446
22	45	-0.005209395926025047
10	68	-0.005220491979874141
10	57	-0.005220492969686338
43	47	-0.005249969788937145
43	49	-0.005249974239850352
33	41	-0.005251203095414755
5	58	-0.005311600462327523
36	54	-0.005346507900533801
10	54	-0.00535684110906158
12	64	-0.005370849086089341
3	19	-0.005391998119743481
22	29	-0.0053923292702278205
24	63	-0.0053990750648349045
2	63	-0.005406481449679645
10	67	-0.005423796506734718
43	56	-0.005455993271719778
30	35	-0.005456630038175585
20	48	-0.0054574499274844465
20	23	-0.005457452033787134
9	58	-0.005494947768488717
26	30	-0.005508011256590874
30	45	-0.00550801707650371
5	67	-0.005517540811564289
37	62	-0.005542807136540734
46	58	-0.0055623760348688794
27	58	-0.005578453024462929
44	58	-0.005578460065230939
18	38	-0.005589106345100764
11	35	-0.005592051860604748
8	61	-0.00559334511976789
9	67	-0.005614079766420553
11	37	-0.0056912163960741585
29	53	-0.005717423124530746
18	60	-0.005726803466408997
6	24	-0.005735479132492234
35	62	-0.005752533131504395
46	67	-0.005784119617520289
44	67	-0.005867762436113505
27	67	-0.005867762846534702
25	41	-0.005893442515175734
1	53	-0.0058982877685239896
7	68	-0.005906352911173383
7	57	-0.005906353503279692
18	19	-0.00594516372767194
7	35	-0.005999419671960375
17	43	-0.0060123993567784695
41	46	-0.006028233450889174
14	54	-0.006038531379078012
38	45	-0.006101446562596077
26	38	-0.006101448201586812
1	54	-0.006123235522843759
5	53	-0.006149338195239086
1	75	-0.0061522000606622565
1	74	-0.00615220631376967
9	41	-0.006165883864258329
30	62	-0.006206890347030716
41	61	-0.006214682123729068
1	34	-0.00622376071803854
25	53	-0.006242406394182984
4	6	-0.006345712920351916
14	42	-0.006349389515478532
10	11	-0.006365416476746606
17	25	-0.006386405568342121
12	53	-0.0064031706235634575
10	62	-0.00643237009739759
7	45	-0.006582775951366221
7	26	-0.006582777283605408
11	33	-0.006614904226682164
29	39	-0.006663392632989457
29	73	-0.006663394042219502
29	59	-0.006663395119113763
29	31	-0.006663395199833305
29	32	-0.006663395199833305
29	76	-0.0066633959374321206
29	51	-0.0066633965865190645
29	70	-0.006663398136309201
29	71	-0.006663398136309201
29	72	-0.006663398165813163
29	40	-0.006663398187524802
29	52	-0.006663400385569243
29	66	-0.00666340180259159
3	46	-0.006684260305981585
5	6	-0.0067125520642681985
57	69	-0.006785209893705527
68	69	-0.006785212616116809
24	64	-0.006812332039419132
11	54	-0.006812735611409208
18	68	-0.006820198282890509
18	57	-0.00682019923942085
24	62	-0.006836752309917579
28	47	-0.006843251068643627
28	49	-0.006843255522446662
36	62	-0.006850437942601123
35	46	-0.0068619805462502015
14	62	-0.006932060848300045
4	55	-0.006942643428172655
21	34	-0.0070531690802927635
6	48	-0.007183994308916447
6	23	-0.007183996704956362
19	53	-0.007184323788428752
41	56	-0.007196148342289946
1	77	-0.00719945644329225
16	53	-0.0072251157505807476
17	33	-0.007248035809322817
58	69	-0.007268903609725555
3	63	-0.007297232271743788
50	64	-0.0073017881828786185
12	41	-0.007392217520356785
33	50	-0.007409615914272791
9	55	-0.0074929777441717915
44	54	-0.007532088369280661
27	54	-0.007532088679311072
16	67	-0.007541019307254773
2	14	-0.00756095906154762
31	48	-0.007605288128702654
32	48	-0.007605288128702654
48	70	-0.007605291408349646
48	71	-0.007605291408349646
48	72	-0.007605291435610652
23	52	-0.007605291921879254
48	76	-0.007605292535518053
48	51	-0.0076052931352601424
23	31	-0.007605294297749893
23	32	-0.007605294297749893
48	73	-0.007605294792877401
40	48	-0.007605294897758151
23	76	-0.007605294979274979
48	59	-0.007605295787904046
48	52	-0.007605296928702945
39	48	-0.007605296932866205
23	73	-0.007605297236634473
23	40	-0.007605297341515119
23	66	-0.007605297522874997
23	70	-0.007605297577397009
23	71	-0.007605297577397009
23	72	-0.007605297604658015
23	59	-0.0076052982316610895
48	66	-0.007605298804408231
23	51	-0.007605299304307339
23	39	-0.007605299376623222
10	18	-0.007609934706024529
50	66	-0.0076366088369683865
50	70	-0.0076366088930296255
50	71	-0.0076366088930296255
50	72	-0.007636608921060245
31	50	-0.007636609456423839
32	50	-0.007636609456423839
50	76	-0.007636610157189284
50	52	-0.007636610843939413
40	50	-0.0076366124809486916
39	50	-0.0076366144683406995
50	51	-0.00763661449915317
50	73	-0.0076366159932275066
50	59	-0.007636617016345056
8	24	-0.007689835267914724
12	18	-0.007699443910302015
47	69	-0.007705231609877135
49	69	-0.007705232211604546
4	61	-0.007752869655658384
4	9	-0.007900706805392232
29	35	-0.00792202875208567
9	30	-0.007927434663434929
30	44	-0.007931554572549224
27	30	-0.007931558551498942
9	22	-0.007962407790396829
9	57	-0.00797370792752538
9	68	-0.00797371087859064
22	27	-0.007982342217111714
22	44	-0.007982345688160461
27	73	-0.008004579587157369
27	59	-0.008004580673532526
39	44	-0.008004581667301398
27	39	-0.008004581923608048
44	52	-0.008004582004756518
44	66	-0.008004583368659897
44	70	-0.008004583428187308
44	71	-0.008004583428187308
44	72	-0.008004583457951013
40	44	-0.008004583512650966
27	66	-0.00800458362496654
27	70	-0.00800458368449395
27	71	-0.00800458368449395
27	72	-0.008004583714257656
27	40	-0.00800458376895763
44	59	-0.008004584142516181
31	44	-0.008004584256743531
32	44	-0.008004584256743531
27	31	-0.008004584513050202
27	32	-0.008004584513050202
44	76	-0.008004585000836104
27	76	-0.008004585257142774
44	51	-0.00800458565563756
27	51	-0.008004585911944237
27	52	-0.008004585986353493
44	73	-0.008004586781431323
18	62	-0.00802267675962371
22	48	-0.008025477338924676
22	23	-0.00802547979300721
9	38	-0.008026790560189949
35	40	-0.008038677647729954
31	35	-0.008038678367598862
32	35	-0.008038678367598862
35	39	-0.008038679587745345
35	51	-0.008038679720952423
35	52	-0.008038679792939311
35	73	-0.00803868105264726
35	66	-0.008038681354992194
35	70	-0.00803868141258171
35	71	-0.00803868141258171
35	72	-0.008038681441376469
35	76	-0.008038682812758081
35	59	-0.008038685828946172
22	50	-0.00804098701131005
49	68	-0.008064087662390945
47	57	-0.008064087993906621
49	57	-0.00806408869469058
47	68	-0.008064090686897299
67	69	-0.008071612635073708
37	42	-0.008080530101820804
36	42	-0.00808525875997805
27	74	-0.008105806103808032
27	75	-0.008105807666402426
44	74	-0.008105809510978286
44	75	-0.008105811073572673
6	47	-0.008107153076248305
6	49	-0.008107153531991297
30	50	-0.008107240720272184
9	21	-0.00812224988747734
23	30	-0.00814061689477439
30	48	-0.008140618163071545
13	62	-0.008152939109928398
9	23	-0.008170664974190021
9	48	-0.008170666329083823
14	43	-0.008180880980948754
10	37	-0.00822704220756841
46	62	-0.008249043666449352
34	74	-0.008273481081638265
34	75	-0.008273482546187622
18	29	-0.008279263659581072
14	74	-0.00828350287407479
14	75	-0.008283504177917851
6	68	-0.00829258817389917
6	57	-0.008292588933470825
38	44	-0.008298895856894993
27	38	-0.0082988961118491
17	28	-0.008331097480836339
8	10	-0.008367769665966945
19	46	-0.008413338621169747
43	64	-0.008482933071655069
38	50	-0.00850145484239484
1	14	-0.008539546751582937
23	38	-0.008547953950751468
38	48	-0.008547955225522041
43	69	-0.008597409218121091
20	77	-0.00862569871398245
20	53	-0.008633238852158429
7	11	-0.008634696277009302
9	12	-0.008668439181039322
9	39	-0.008676516452363003
9	73	-0.008676516795591525
9	66	-0.00867651699882559
9	70	-0.008676517037536847
9	71	-0.008676517037536847
9	72	-0.008676517056892475
9	31	-0.008676518136302453
9	32	-0.008676518136302453
9	76	-0.008676518620193103
9	59	-0.008676519364717018
9	40	-0.008676519515056956
9	51	-0.008676520908662017
9	52	-0.00867652095705108
50	55	-0.008689588969166481
50	53	-0.008706258683426789
43	55	-0.00872060943703469
46	53	-0.008730569931498358
20	55	-0.008739190963924226
1	9	-0.008751503227052523
8	62	-0.008811728769377886
20	54	-0.008828453318676606
3	7	-0.008880115517402327
18	25	-0.008927621532518117
7	63	-0.008954235982037102
34	46	-0.008960423178339005
3	21	-0.009046423776006812
1	55	-0.009071341740539154
21	53	-0.00909167049858944
20	62	-0.00919373066087157
44	77	-0.009197388862047962
27	77	-0.009197389166317599
9	24	-0.009340873556211125
9	69	-0.009346529240590838
42	43	-0.0094702025404588
20	61	-0.0094906336100294
22	35	-0.009523540304105182
6	50	-0.009605875419856517
4	13	-0.009610197097234915
28	55	-0.009627032851464198
46	74	-0.009627855869069363
46	75	-0.009627861157934521
20	75	-0.009652112896084981
20	74	-0.009652115407134572
23	29	-0.009697735778554928
29	48	-0.009697741569121884
9	74	-0.009728420145854198
9	75	-0.009728421162024554
14	28	-0.009751117759913733
27	41	-0.009778035257351964
41	44	-0.009778038706707529
14	38	-0.009780538780978891
22	62	-0.009848219624172747
43	61	-0.009885249421780595
4	8	-0.010046961138822336
24	61	-0.010083041266565208
14	22	-0.010130019323003281
8	23	-0.010131296138800407
8	48	-0.010131297485595242
21	64	-0.010139502491566615
37	47	-0.010150928773680679
37	49	-0.0101509332435782
56	77	-0.010156731835109581
28	61	-0.0101714968701581
28	64	-0.010172924317110171
28	42	-0.010224613189116313
47	54	-0.01025653370453962
49	54	-0.010256534236020326
34	69	-0.010320166857781116
7	16	-0.01033680933023115
9	61	-0.010418583859926833
13	28	-0.01049657382125499
1	57	-0.010551959405682404
1	68	-0.010551962218612182
37	50	-0.01061753645052807
11	58	-0.01065885857811888
38	63	-0.010687992606605377
21	61	-0.01069218125200061
25	75	-0.010694680004386378
25	74	-0.010694682244918478
1	46	-0.010763404274048129
11	67	-0.010779608959596655
14	67	-0.010789703210191195
10	13	-0.010799594367398108
11	41	-0.010842806728851205
11	53	-0.010846326627923328
57	74	-0.010862269763911844
68	75	-0.010862270387962301
68	74	-0.01086227258028772
57	75	-0.01086227502216705
41	63	-0.010878522792647068
24	41	-0.01087869438836462
13	43	-0.010917457927840754
14	55	-0.01093213496828531
30	68	-0.010939591505152925
30	57	-0.01093959222989415
18	37	-0.010969412755420072
21	62	-0.010992132396346825
3	42	-0.011040255164576726
22	68	-0.011051093126972826
22	57	-0.01105110130395786
9	54	-0.011106184725854472
68	70	-0.011199177247864109
68	71	-0.011199177247864109
68	72	-0.01119917727706344
51	68	-0.011199179362440047
52	68	-0.011199179435438376
68	73	-0.011199180608162766
66	68	-0.01119918091475574
40	68	-0.011199180985378504
57	73	-0.01119918134046747
57	66	-0.011199181647060442
59	68	-0.011199181673938352
57	70	-0.01119918170545911
57	71	-0.01119918170545911
31	68	-0.01119918171536178
32	68	-0.01119918171536178
57	72	-0.011199181734658448
57	59	-0.011199182406243076
68	76	-0.011199182445345068
39	68	-0.011199182900310266
39	57	-0.011199183632615003
51	57	-0.011199183820035145
40	57	-0.011199185442973561
31	57	-0.011199186172956857
32	57	-0.011199186172956857
57	76	-0.011199186902940153
52	57	-0.011199187618323773
38	68	-0.011234635253537469
38	57	-0.011234635981977797
33	47	-0.011248552524432492
33	49	-0.011248557030144865
1	25	-0.01126060732641862
5	20	-0.011328742130289268
16	58	-0.011330916401075294
58	68	-0.011366122142978718
57	58	-0.011366123313871823
23	56	-0.011372735392200468
48	56	-0.011372737220854662
28	53	-0.011384280561101696
59	62	-0.011431336057114307
40	62	-0.01143133690823972
62	73	-0.011431336967330362
39	62	-0.011431337153060113
31	62	-0.011431337560588409
32	62	-0.011431337560588409
62	76	-0.011431338212937105
51	62	-0.011431338787003954
62	66	-0.011431339103961956
62	70	-0.011431339156149856
62	71	-0.011431339156149856
62	72	-0.011431339182243809
52	62	-0.01143134071488397
19	61	-0.011443665130965341
14	73	-0.011462062447645548
14	40	-0.011462064074332784
14	66	-0.011462064571059305
14	70	-0.011462064620729517
14	71	-0.011462064620729517
14	72	-0.01146206464556463
14	31	-0.011462064695210432
14	32	-0.011462064695210432
14	59	-0.011462065216772066
14	76	-0.011462065316088087
14	52	-0.011462065924548182
14	39	-0.011462066259846512
14	51	-0.011462067725105565
10	36	-0.011507684058310111
14	58	-0.01152575430268829
67	68	-0.011527043897515521
57	67	-0.011527045070147512
14	50	-0.011532487307892962
54	64	-0.011543254701268588
13	77	-0.011610958469089327
10	77	-0.011653195376711806
15	56	-0.011688374170467863
49	74	-0.011704184699491124
47	74	-0.011704187879432768
47	75	-0.01170418923432602
49	75	-0.01170418977967469
18	34	-0.01170999813973362
11	55	-0.011717402988513773
29	43	-0.011749523880230095
30	37	-0.011867224754506737
9	77	-0.011914033818224999
7	24	-0.011973857807001095
9	47	-0.012010557960320523
9	49	-0.012010558424855544
7	23	-0.012049974287653836
7	48	-0.012049977186485018
4	25	-0.012078755971804078
34	61	-0.012096275483584398
3	10	-0.012105783822320214
14	65	-0.012108248311972339
9	50	-0.01211395802787902
11	69	-0.012173421291092563
41	68	-0.012177366525496773
41	57	-0.012177371039172019
6	61	-0.012230945057447977
5	77	-0.012248175177638043
29	36	-0.01225431928134621
28	69	-0.01225582899291175
2	46	-0.012260867193520417
1	36	-0.012292982121922882
13	38	-0.012418536468455137
61	62	-0.012434407358338284
25	65	-0.012462619796812999
34	77	-0.012470091814785658
24	43	-0.012529137122131398
11	13	-0.012567873429412187
34	47	-0.012568818168279546
34	49	-0.01256881883778782
6	16	-0.012573479976196573
18	56	-0.01259240708841669
13	22	-0.01266514111921789
14	30	-0.01267637015547144
4	21	-0.012686212643650975
14	53	-0.01272605404600579
5	24	-0.012754235191851829
35	42	-0.012776756394582381
15	69	-0.012815557572100997
25	35	-0.012824721874057143
13	63	-0.012866018366908843
25	60	-0.012968461818743268
8	47	-0.01311874789782054
8	49	-0.013118748359578769
42	64	-0.013153069191647937
47	62	-0.013217182085046852
49	62	-0.013217182711301602
47	65	-0.013299963358225766
49	65	-0.013299964089360267
60	63	-0.013304707502014984
43	53	-0.013333444258994881
53	61	-0.013335086485431039
4	58	-0.013361311825290656
1	63	-0.01337469847636636
3	37	-0.01338881199334005
21	63	-0.013474915495764454
38	62	-0.013477442968674452
3	36	-0.013483142662812128
1	4	-0.013570861251794776
49	60	-0.013593528966488674
47	60	-0.01359353195728133
15	62	-0.013597432312391564
4	67	-0.013678143777929211
43	74	-0.01370310932422631
43	75	-0.013703114636816727
42	63	-0.013729667006545154
19	37	-0.013790965622501927
10	34	-0.013801665543690528
36	74	-0.013808032035274975
36	75	-0.013808033626954652
34	50	-0.013828435256958094
4	53	-0.013842187542706809
9	19	-0.013843438948932703
13	73	-0.013890496234004616
13	59	-0.013890497200732557
13	39	-0.013890498313131827
13	40	-0.013890499955245043
13	51	-0.013890499999570073
13	52	-0.013890500065784316
13	66	-0.013890500237394722
13	31	-0.01389050061738746
13	32	-0.01389050061738746
13	76	-0.013890501279529892
13	70	-0.01389050215301127
13	71	-0.01389050215301127
13	72	-0.013890502179496972
8	41	-0.013913197283310266
44	62	-0.013951088226602362
27	62	-0.013951092317207925
28	56	-0.01395984334524529
3	12	-0.013960257988185912
16	46	-0.013961523021844988
10	49	-0.013974687828062667
10	47	-0.01397469095946565
2	3	-0.013979453971254205
13	21	-0.014065410708410386
28	52	-0.014074320060711479
28	66	-0.014074321303756389
28	70	-0.014074321364465785
28	71	-0.014074321364465785
28	72	-0.01407432139482049
28	59	-0.014074322092978542
28	73	-0.01407432471032237
28	76	-0.014074326767601987
28	39	-0.014074327093166139
28	51	-0.014074327435405334
28	40	-0.014074328975157396
28	31	-0.014074329734024837
28	32	-0.014074329734024837
22	34	-0.014084789744241509
1	62	-0.014087061893431223
8	22	-0.014108863773499701
8	30	-0.01414625833530278
50	63	-0.01425490465847061
24	28	-0.014256459086139261
22	63	-0.01426708625075266
1	13	-0.014282046416988617
37	73	-0.014292899011697849
37	66	-0.014292899337463506
37	70	-0.014292899399514114
37	71	-0.014292899399514114
37	72	-0.014292899430539421
37	59	-0.014292900144121344
37	76	-0.01429290119672743
37	39	-0.014292901447183995
37	51	-0.014292901879284052
37	52	-0.014292901956847306
37	40	-0.014292903370752667
31	37	-0.014292904146385198
32	37	-0.014292904146385198
5	60	-0.014300960753524786
43	59	-0.014305513400546033
31	43	-0.014305513575478886
32	43	-0.014305513575478886
39	43	-0.014305514670386127
43	51	-0.014305514996490423
43	52	-0.014305515072076141
43	73	-0.014305516022284817
43	66	-0.014305516339744834
43	70	-0.014305516400213408
43	71	-0.014305516400213408
43	72	-0.014305516430447703
40	43	-0.014305516544911988
43	76	-0.014305518056626387
8	38	-0.014317219516534117
10	53	-0.014365615656887633
4	7	-0.014401002931352637
17	21	-0.014470613050968549
2	77	-0.014484403861938985
2	35	-0.01453811164092407
8	50	-0.01455055553601773
20	33	-0.014555393382012852
14	23	-0.01461443237633405
14	48	-0.014614434114791457
11	74	-0.014651202733116986
11	75	-0.01465120401731991
7	44	-0.014652975030531722
7	27	-0.014652975237768928
11	29	-0.014657228604746303
8	73	-0.014658092409968956
8	66	-0.014658092611988176
8	70	-0.014658092650468031
8	71	-0.014658092650468031
8	72	-0.014658092669707964
8	59	-0.014658093112226267
8	39	-0.014658093920303168
8	40	-0.014658095113178598
8	31	-0.014658095594176756
8	32	-0.014658095594176756
8	76	-0.014658096075174914
8	51	-0.01465809836109844
8	52	-0.014658098409198256
29	67	-0.014795699615035435
9	37	-0.014810136699927222
20	50	-0.014817679573871319
25	57	-0.014843492802434438
25	68	-0.014843495396480388
60	61	-0.014856283250137728
22	28	-0.014918297691870919
29	45	-0.014936170441590707
26	29	-0.014936173096946406
24	57	-0.014970108172684779
24	68	-0.014970110880843115
30	61	-0.015057110173726872
28	30	-0.01506789434852343
46	61	-0.015106178618563157
29	58	-0.015106485031891673
56	64	-0.015117323090340501
10	56	-0.015125921173552236
18	36	-0.015163979944189734
22	37	-0.015164402926092863
22	43	-0.015176675603975183
23	35	-0.015228836792399086
35	48	-0.015228838808032039
30	43	-0.015258271164955886
38	61	-0.015267893887440952
19	35	-0.015296561899164451
2	18	-0.015329834513573032
13	24	-0.015354491066264117
4	20	-0.01536817462485398
18	46	-0.015380761297946632
13	30	-0.015399501977561278
28	38	-0.015428616956343233
36	60	-0.015431644493962074
28	29	-0.015515378668711874
10	15	-0.015516198918828022
34	38	-0.01552446068749478
8	11	-0.015526609613307082
8	77	-0.015544704495134086
18	41	-0.015566319254675505
38	43	-0.015620028646988617
11	16	-0.015646470771451523
53	63	-0.015665606180768538
21	69	-0.015670735489878723
36	66	-0.015672602320009006
36	70	-0.015672602380644426
36	71	-0.015672602380644426
36	72	-0.01567260241096214
36	40	-0.015672606261311083
36	59	-0.015672606833559734
31	36	-0.015672607019253784
32	36	-0.015672607019253784
36	39	-0.01567260810690347
36	51	-0.015672608444186074
36	73	-0.015672609452253676
36	76	-0.01567261150248679
36	52	-0.01567261224527064
63	65	-0.015678080409701783
30	34	-0.01568130747980888
11	44	-0.015697281961840157
11	27	-0.015697282304294263
7	47	-0.01578669433100502
7	49	-0.015786694686268803
7	69	-0.015905994252983037
1	50	-0.01592512995324847
30	63	-0.015928559276666178
14	17	-0.015935456461832434
44	56	-0.015941781072577904
27	56	-0.015941785163599037
53	68	-0.015951233771440948
53	57	-0.01595123454837641
37	38	-0.015956966761012555
3	61	-0.015959470562574997
59	63	-0.016073428969757997
63	73	-0.016073429815131594
63	66	-0.016073430107771354
39	63	-0.01607343014031705
63	70	-0.016073430163512266
63	71	-0.016073430163512266
63	72	-0.016073430191382722
31	63	-0.01607343070240136
32	63	-0.01607343070240136
63	76	-0.016073431399162702
40	63	-0.016073431868285165
51	63	-0.01607343201231267
52	63	-0.01607343208198881
28	75	-0.01611430021951263
28	74	-0.016114302351181303
2	9	-0.016118722621334687
36	53	-0.01614681566554673
36	77	-0.01614725568023017
22	61	-0.016185297145174207
5	65	-0.01618683349237368
1	8	-0.016197173614180202
38	64	-0.016351968535153708
22	36	-0.016361046044267157
61	73	-0.016377014120742397
40	61	-0.01637701435477116
61	66	-0.016377014416634562
39	61	-0.016377014470243485
61	70	-0.01637701447299498
61	71	-0.01637701447299498
61	72	-0.016377014501175187
59	61	-0.016377015149319947
61	76	-0.016377017626426654
51	61	-0.016377018246391206
31	61	-0.016377018784566634
32	61	-0.016377018784566634
52	61	-0.01637702017948687
30	36	-0.016384843983834427
3	44	-0.01640946463981821
3	27	-0.016409468676120524
9	42	-0.016422689284810714
29	74	-0.01645004570224213
29	75	-0.01645004725119962
22	65	-0.016560276608586978
29	64	-0.016632929895809695
16	20	-0.016677015840404562
25	37	-0.016773448965687027
36	38	-0.01689712697551214
11	48	-0.016911607797421867
11	23	-0.016911609810441604
7	50	-0.016919949678566873
43	68	-0.01696025546920997
43	57	-0.01696025667858149
1	64	-0.01696730322599676
54	68	-0.01701395915108065
54	57	-0.01701396003688182
15	41	-0.01702315335155346
15	35	-0.017039727790229144
36	65	-0.01705706461020086
7	25	-0.01709116093902805
41	50	-0.0171118291557601
23	41	-0.017158719147697475
41	48	-0.017158720527371135
14	60	-0.017198665943171015
54	56	-0.017254671125344324
23	46	-0.0173038409994032
46	48	-0.017303843084169684
24	34	-0.017371447251797935
15	30	-0.017401095684279683
1	29	-0.017401861993266682
53	62	-0.017423753400369932
5	9	-0.017426982428615963
46	69	-0.01745987985997227
64	77	-0.01746557572319825
8	54	-0.017487498197334188
12	30	-0.017494032307537752
8	25	-0.017538810479901863
14	41	-0.017542450680731653
15	38	-0.017572727910541222
3	5	-0.01762156692928736
15	22	-0.01769028703228446
18	44	-0.01773757844725809
18	27	-0.017737586232624294
24	54	-0.017847794773713496
3	35	-0.017939612515308588
12	22	-0.017972680804285678
24	56	-0.017985720859189473
37	44	-0.01798752040967659
27	37	-0.017987524569321095
8	74	-0.017989758243381615
8	75	-0.017989762978768038
24	37	-0.018032813986416443
63	69	-0.018036376904632744
38	56	-0.01813151612632273
15	73	-0.018180091294705075
15	39	-0.018180091929730982
15	59	-0.018180092023007237
15	66	-0.018180092435539225
15	70	-0.018180092475446198
15	71	-0.018180092475446198
15	72	-0.01818009249539968
15	31	-0.018180092734361504
15	32	-0.018180092734361504
15	40	-0.018180093166846982
15	76	-0.0181800932331986
15	51	-0.018180093672175247
15	52	-0.018180093722058956
17	77	-0.018206946627670056
2	61	-0.018226087398605373
5	41	-0.018267695565921865
10	24	-0.01827968356108993
41	42	-0.018280316597362865
24	74	-0.018347376711051494
24	75	-0.018347378046037185
57	77	-0.018347761643460983
68	77	-0.018347764499409447
17	20	-0.018475635976851555
34	73	-0.01848711112447045
34	66	-0.01848711141738031
34	70	-0.018487111473172675
34	71	-0.018487111473172675
34	72	-0.018487111501068854
31	34	-0.01848711201599767
32	34	-0.01848711201599767
34	59	-0.018487112142680957
34	40	-0.018487113181238357
34	39	-0.018487113314320444
34	52	-0.018487113396858497
34	51	-0.018487115189763197
34	76	-0.018487116438692427
25	55	-0.01850092127198808
7	46	-0.01860400614445759
22	56	-0.018607888531296413
26	41	-0.018629964951974984
41	45	-0.018629966903399152
58	63	-0.01863959304017744
12	66	-0.01866388029022778
12	73	-0.01866388187662848
12	39	-0.018663882079239538
12	59	-0.01866388283690685
12	40	-0.018663883710397317
12	70	-0.01866388406813608
12	71	-0.01866388406813608
12	72	-0.018663884094445075
12	31	-0.018663884368122226
12	32	-0.018663884368122226
12	76	-0.018663885025847142
12	51	-0.01866388560464506
12	52	-0.018663885670417546
11	18	-0.01873439674033245
28	68	-0.018772558630699446
28	57	-0.018772567295467946
4	31	-0.018794976997402096
4	32	-0.018794976997402096
4	73	-0.018794979596313037
4	51	-0.0187949802378628
4	59	-0.01879498066631874
4	76	-0.018794981455573012
4	66	-0.01879498176676804
4	70	-0.018794981825398488
4	71	-0.018794981825398488
4	72	-0.01879498185471372
4	39	-0.01879498376020331
4	52	-0.018794984036441156
4	40	-0.018794985577747232
15	55	-0.0188665538062492
5	47	-0.018880067884499627
5	49	-0.018880072301469167
63	67	-0.01889647990325008
55	68	-0.018920421361168026
55	57	-0.018920426018588295
25	36	-0.01895919674696772
33	48	-0.01902432047155525
23	33	-0.019024321920614498
57	62	-0.019067116550635296
62	68	-0.01906711923216768
5	35	-0.019089231216608826
13	54	-0.019093901476210137
30	64	-0.019138495880674324
3	16	-0.01928320601523805
37	55	-0.01929745086333829
12	38	-0.01936439906178205
56	59	-0.019449322128785876
40	56	-0.01944932298299839
56	76	-0.01944932428917996
56	73	-0.019449324900563628
39	56	-0.019449325088623542
56	66	-0.019449325174861753
56	70	-0.019449325227109016
56	71	-0.019449325227109016
56	72	-0.019449325253232654
31	56	-0.01944932549873432
32	56	-0.01944932549873432
51	56	-0.019449326726544994
52	56	-0.019449328654499227
23	42	-0.019570665109034435
42	48	-0.019570667098135694
50	69	-0.019574115782031887
35	50	-0.01958621950462046
50	56	-0.019641540635804283
2	38	-0.019678570394456085
4	30	-0.01974052138359253
4	12	-0.01978703280553669
29	50	-0.019817755911263432
42	77	-0.01983168087813194
4	22	-0.01983205261939565
29	47	-0.019870351162079608
29	49	-0.01987035187017447
43	54	-0.019890889668925327
24	33	-0.019983345794335736
45	65	-0.020018440214393154
26	65	-0.020018442956147478
29	41	-0.020035131517313988
38	65	-0.02005554032378095
30	65	-0.020088354591080805
11	42	-0.020092503487969995
12	13	-0.02010775873018491
3	43	-0.020182403455303997
1	42	-0.020256747255609386
34	41	-0.02026232398122354
14	35	-0.0202652395025522
41	43	-0.020275884180943914
38	60	-0.020299630281190743
30	60	-0.02030698966232982
10	48	-0.020366279025112927
10	23	-0.020366281018231895
36	41	-0.02039752355090208
4	38	-0.020431975203242303
26	60	-0.020463799053198964
45	60	-0.020463800024123097
12	20	-0.020490077719820428
6	41	-0.02050477597641929
35	47	-0.020527073022449036
35	49	-0.020527073713523192
22	64	-0.0206175577532031
53	65	-0.02062301648706221
4	42	-0.02069664543319362
42	54	-0.020738832448415193
45	55	-0.020742828185825915
26	55	-0.020742830283118345
21	56	-0.020768903136592458
42	74	-0.02081460465072482
42	75	-0.020814606142550762
28	54	-0.02083133308622257
65	66	-0.020839776310298916
52	65	-0.020839776952238584
59	65	-0.02083977710236129
65	70	-0.02083977823387194
65	71	-0.02083977823387194
65	72	-0.020839778264335883
39	65	-0.02083977838184664
65	73	-0.020839779715717884
40	65	-0.02083978027061073
31	65	-0.020839781032209154
32	65	-0.020839781032209154
65	76	-0.020839781793807577
51	65	-0.020839786189304488
6	30	-0.02091311289508308
6	22	-0.020971701728418335
16	77	-0.020992121943035576
6	38	-0.021052578779717057
60	73	-0.021052977403868717
60	66	-0.021052977725211426
60	72	-0.021052977817023644
52	60	-0.021052978395807997
59	60	-0.02105297852091722
60	70	-0.021052979649064718
60	71	-0.021052979649064718
39	60	-0.021052979806288098
31	60	-0.021052980606196904
32	60	-0.021052980606196904
40	60	-0.021052981703740342
51	60	-0.021052982044588116
60	76	-0.021052983233943764
29	77	-0.021105344838926204
15	74	-0.02113578079460847
15	75	-0.02113578370481152
29	54	-0.02113671884075337
3	28	-0.021261441697375816
53	60	-0.02129600646109156
45	53	-0.02130870060255971
26	53	-0.021308702350664482
2	30	-0.021308777199047946
46	63	-0.02132793087713708
2	22	-0.02133779980106463
2	39	-0.021349908307046347
2	73	-0.02134990960172177
2	66	-0.02134990992683585
2	70	-0.02134990998876235
2	71	-0.02134990998876235
2	72	-0.021349910019725603
2	40	-0.02134991022676766
2	59	-0.02134991073188028
2	31	-0.021349911000848827
2	32	-0.021349911000848827
2	76	-0.02134991177493
2	51	-0.02134991245612143
2	52	-0.021349914396174695
37	77	-0.021421698208116992
16	38	-0.021430255322880808
6	73	-0.021449187726913354
6	66	-0.02144918885762348
6	70	-0.021449188895602066
6	71	-0.021449188895602066
6	72	-0.021449188914591362
6	39	-0.02144918921757272
6	59	-0.02144918935134506
6	31	-0.021449189938318496
6	32	-0.021449189938318496
6	40	-0.021449190394908786
6	76	-0.021449191344373356
6	51	-0.02144919269346034
6	52	-0.02144919367225614
55	62	-0.021487661392642833
30	56	-0.021528653942663692
18	54	-0.021536940132727944
13	44	-0.021577746365094172
13	27	-0.021577754186474507
28	41	-0.021632130306423566
18	77	-0.021677302360874222
15	54	-0.021755204554695456
34	43	-0.021788457284368262
47	64	-0.02179362030658958
49	64	-0.021793620958464745
39	64	-0.02179428463485883
64	73	-0.021794286227974143
40	64	-0.02179428631886965
52	64	-0.021794286479753636
64	66	-0.021794286513169517
64	70	-0.021794286567492445
64	71	-0.021794286567492445
64	72	-0.02179428659465392
31	64	-0.021794286997906274
32	64	-0.021794286997906274
59	64	-0.021794287219367603
64	76	-0.0217942876769429
51	64	-0.021794288274495123
43	77	-0.021794481751859288
18	74	-0.02182939896741847
18	75	-0.021829400222864538
20	58	-0.02186076406191348
2	55	-0.02191988221452746
24	65	-0.021986034118495146
8	46	-0.022003044857621883
53	58	-0.02206071279795241
53	67	-0.0220688564969811
6	62	-0.022117563997595603
12	68	-0.022162783873952957
12	57	-0.022162788651603108
23	54	-0.0221782651954521
48	54	-0.022178266745604157
24	60	-0.022195969443367658
16	50	-0.022196503732666212
28	34	-0.02222970651465242
45	68	-0.022237266816763676
26	68	-0.022237269444703486
26	57	-0.022237270532006248
45	57	-0.02223727162935671
27	57	-0.02245062845133383
44	68	-0.022450630577285385
44	57	-0.02245063176783349
27	68	-0.02245063471136631
2	75	-0.022513811508997318
2	74	-0.02251381360871716
39	67	-0.022549349004600323
59	67	-0.022549349635981875
40	67	-0.02254935082217991
51	67	-0.022549351070272353
67	76	-0.022549352287969907
67	73	-0.02254935229124548
52	67	-0.022549353006207
31	67	-0.022549353417720054
32	67	-0.022549353417720054
67	70	-0.02254935638298327
67	71	-0.02254935638298327
67	72	-0.022549356412299076
66	67	-0.02254935818699682
52	58	-0.02256283550254652
58	73	-0.022562836659576722
40	58	-0.022562837047048423
39	58	-0.022562837094809274
58	59	-0.02256283772801667
31	58	-0.022562837778856613
32	58	-0.022562837778856613
58	76	-0.022562838510664797
58	66	-0.0225628388295813
58	70	-0.022562838888125956
58	71	-0.022562838888125956
58	72	-0.02256283891739829
51	58	-0.022562839154655998
28	77	-0.02260791926123737
19	36	-0.0226768391995205
37	46	-0.02283820454180567
3	57	-0.0229303095489791
3	68	-0.022930312385663634
19	69	-0.022975189704416324
17	46	-0.02298725550076601
34	63	-0.023016959052958558
17	66	-0.02309813815528873
17	70	-0.023098138214750673
17	71	-0.023098138214750673
17	72	-0.02309813824448164
17	73	-0.023098139705758733
17	59	-0.023098140790939047
17	31	-0.02309814090094353
17	32	-0.02309814090094353
17	39	-0.02309814203963967
17	51	-0.023098142298299006
17	76	-0.023098143506862873
17	40	-0.02309814388295965
17	52	-0.023098146097916716
20	67	-0.023098660725441353
5	69	-0.023102326341724065
17	47	-0.023114313630175423
17	49	-0.023114314343718634
61	65	-0.023117721463284766
35	55	-0.023232673505174627
15	77	-0.023233545510519607
22	60	-0.02324315874999773
30	67	-0.023404168274213745
42	47	-0.023410728372891668
42	49	-0.02341072905486924
30	58	-0.02344214123696923
35	77	-0.023464611731864753
2	62	-0.023586492736060324
22	67	-0.02359446833559542
22	58	-0.0235981167916273
23	36	-0.023610033214729126
36	48	-0.02361003906225899
35	54	-0.023719790782424574
16	25	-0.023743998536309055
17	30	-0.023748186454712036
2	10	-0.02376849347194787
26	77	-0.02377444320808937
45	77	-0.023774444977360545
1	35	-0.023778225243152255
2	41	-0.02378342490717942
50	75	-0.023784259207550305
50	74	-0.023784261461233185
48	74	-0.023787066900849245
23	74	-0.023787067172894152
48	75	-0.023787068332051943
23	75	-0.023787068604096816
13	36	-0.023797308718342472
50	61	-0.023878685306045422
17	22	-0.023880093671855014
38	67	-0.02388584255477095
38	58	-0.02391544582952669
12	42	-0.023963675868320683
1	17	-0.02411999259658479
17	29	-0.02425118763572602
17	38	-0.02431243281280357
6	74	-0.02446125731684127
6	75	-0.02446125738245649
46	55	-0.024464392728044793
18	35	-0.024703620865319617
20	56	-0.025067391619965164
9	16	-0.02515281613590637
53	64	-0.025179160878633096
23	43	-0.025188877054342265
43	48	-0.025188879170742418
23	37	-0.025253140367072047
37	48	-0.025253146264133428
6	54	-0.025355596312050352
1	58	-0.025364939954655795
17	53	-0.025381600399206353
23	28	-0.025444251247326313
28	48	-0.02544425337215514
1	67	-0.025456259507702826
19	25	-0.02552068205454619
10	19	-0.025543019143482407
25	69	-0.025608135815722285
3	62	-0.025671093243798564
27	34	-0.025730058016226548
34	44	-0.025730061350970362
45	74	-0.025948386460737348
45	75	-0.025948389750467322
26	74	-0.025948390368439947
26	75	-0.025948391795524828
3	29	-0.026076309379425268
16	75	-0.026248062950167093
16	74	-0.02624806701945266
44	60	-0.02677811106712312
27	60	-0.02677811149558007
3	45	-0.026795146868193745
3	26	-0.02679514886755672
2	20	-0.02702740176456156
42	50	-0.0270781905058895
20	42	-0.027179063606164136
2	36	-0.02720062035174757
16	70	-0.027226533184403948
16	71	-0.027226533184403948
16	72	-0.027226533213330614
16	59	-0.027226533878643898
16	73	-0.0272265346854658
16	66	-0.027226534989195764
16	39	-0.0272265350935638
16	31	-0.027226535747538458
16	32	-0.027226535747538458
16	51	-0.027226537107091685
16	40	-0.027226538749662146
16	76	-0.027226540195995373
16	52	-0.027226540904698643
16	24	-0.027294912780807368
26	42	-0.027487229184265938
42	45	-0.027487230352140346
45	47	-0.027491689336391303
26	47	-0.02749169165906546
45	49	-0.027491693714063237
26	49	-0.02749169603673742
54	60	-0.02749962075916887
54	65	-0.02760693516017184
3	34	-0.02798261823804147
17	55	-0.028003104421651007
1	6	-0.02802181726237564
24	29	-0.028286933934017877
33	68	-0.028353072516950947
33	57	-0.02835307381765441
4	77	-0.028427902326494676
6	77	-0.028583197025230607
44	65	-0.02863280853928797
27	65	-0.028632808965783088
44	69	-0.028649040728721473
27	69	-0.028649041079729126
65	77	-0.028670553648954912
19	74	-0.028697909730246433
19	75	-0.028697911345120133
16	22	-0.028731236041449733
19	38	-0.028775386371480492
16	30	-0.028792123703113744
60	77	-0.028826080589878546
4	10	-0.02905855013218321
44	46	-0.02930542186548199
27	46	-0.02930542228243528
24	35	-0.029343453033763886
5	30	-0.029365378701610816
20	63	-0.02945635537748824
29	37	-0.02950851480273449
11	25	-0.029548918637657483
5	38	-0.029589630778525708
63	68	-0.029629360998539953
57	63	-0.02962936211335808
3	60	-0.029922629045241192
11	36	-0.030093761208130412
44	55	-0.030115300306397044
27	55	-0.030115302495287682
19	66	-0.030767976567467152
19	70	-0.030767976628986157
19	71	-0.030767976628986157
19	72	-0.030767976659745656
19	39	-0.030767976796467957
19	59	-0.030767977367214143
19	73	-0.030767978107137564
19	40	-0.030767978703556915
19	31	-0.0307679794725444
19	32	-0.0307679794725444
19	76	-0.030767980241531885
19	51	-0.030767980918240866
19	52	-0.03076798285778476
17	74	-0.03097482570150499
17	75	-0.030974827262380773
26	58	-0.031099263020850393
45	58	-0.031099264111631233
23	62	-0.03116430525788557
48	62	-0.031164307084461905
19	30	-0.03120836496235152
47	63	-0.03128511107728379
49	63	-0.031285111746174675
19	22	-0.03132949184126624
26	67	-0.031454469924162856
45	67	-0.031454471011031174
23	65	-0.03154473194801943
48	65	-0.03154473408049502
2	25	-0.031549268403163896
36	55	-0.031602514616292744
37	43	-0.03166461658284625
3	33	-0.031788313343451044
54	58	-0.0319570058268735
54	67	-0.03205483412400803
14	57	-0.032055672260652146
14	68	-0.03205567499253821
24	42	-0.03206293913048407
8	68	-0.03206858188021589
8	57	-0.032068582649812945
19	20	-0.032169996316908776
25	63	-0.032284954250841796
23	60	-0.032411253948092744
48	60	-0.03241125609037754
20	29	-0.032641450243451
15	27	-0.03280273947843126
15	44	-0.03280274106172764
4	41	-0.03280386837807329
3	65	-0.03286998992206459
17	41	-0.03303375401327238
23	45	-0.033491240205786185
23	26	-0.03349124079663132
45	48	-0.0334912439712111
26	48	-0.03349124642470144
23	34	-0.03361199499445147
34	48	-0.03361199694718395
19	41	-0.033885828160418886
33	66	-0.033924325027878205
33	70	-0.03392432509291338
33	71	-0.03392432509291338
33	72	-0.03392432512543097
33	73	-0.033924330274379
33	39	-0.033924330964364396
33	59	-0.03392433146127091
33	52	-0.03392433167772468
33	40	-0.033924332980454774
31	33	-0.03392433379339444
32	33	-0.03392433379339444
33	76	-0.03392433460633411
33	51	-0.03392433532172101
13	50	-0.03409527262683833
5	66	-0.034101160197895636
5	70	-0.03410116025553558
5	71	-0.03410116025553558
5	72	-0.03410116028435555
5	73	-0.03410116455189885
5	59	-0.0341011656038277
5	39	-0.03410116681426637
5	31	-0.03410116745895847
5	32	-0.03410116745895847
5	40	-0.03410116860110442
5	76	-0.03410116911078026
5	51	-0.03410117067614214
5	52	-0.03410117074819206
33	53	-0.034227438912430075
5	22	-0.0347040306499388
16	41	-0.03475670311395779
16	47	-0.03486751838858704
16	49	-0.03486752094547213
47	56	-0.03494142836515031
49	56	-0.03494142899211747
49	61	-0.03510548142605158
47	61	-0.03510548261237176
46	64	-0.03525473106556047
10	46	-0.03530866771964937
13	47	-0.035603511802993336
13	49	-0.035603512438650065
33	77	-0.03565104130583078
22	33	-0.035822680882368674
34	55	-0.03595111734513515
30	33	-0.03616447594612491
65	69	-0.03621832266278387
5	55	-0.036628634543050057
60	69	-0.03662986202215071
33	38	-0.0366910486143064
1	45	-0.03669856581020494
1	26	-0.03669856600037096
4	74	-0.03683782969068986
4	75	-0.036837833092384295
28	37	-0.03706151412265184
25	44	-0.03837659580008812
25	27	-0.03837659619602364
24	45	-0.039905327038170665
24	26	-0.03990532746407242
2	69	-0.04156907563815418
12	29	-0.04329681705171255
36	46	-0.04559048517101674
18	45	-0.04601455553819743
18	26	-0.04601455769039068
29	63	-0.052702377809394046