#==========================================================================
# The first and second rows contain site pairs (i, j) such that j > i
# The third row contains coevolutionary scores obtained 
# using plmDCA-pydca algorithm.
# Note that in this data sites are counted/labelled starting from 1
#==========================================================================
69	70	0.016290271420878
67	70	0.01629027136453194
6	69	0.01629026939241962
5	69	0.01629026936424659
6	67	0.016290269336073557
5	67	0.016290269307900524
3	69	0.016290269251554457
3	67	0.01629026919520839
67	69	0.016290268209152234
2	67	0.016290268152806167
2	70	0.016290267639241643
2	6	0.016290265610783256
2	5	0.016290265582610226
2	3	0.01629026546991809
2	69	0.016290264483861935
6	70	0.01629026137192829
5	70	0.016290261343755264
3	70	0.016290261231063145
5	6	0.016290259315296964
3	6	0.016290259202604837
3	5	0.016290259174431807
6	66	0.014944833972368572
5	66	0.014944833944371527
3	66	0.01494483383238334
66	69	0.014944832852486697
66	67	0.014944832796492603
2	66	0.0149448327964926
66	70	0.014944828537575366
4	68	0.009273284497755739
1	4	0.0052516623543374386
4	71	0.0037220555813086004
68	71	0.003358240070989619
1	71	0.002744577932986665
1	68	0.0021898506075744457
66	71	0.001742494367824688
70	71	0.0005757589183888086
6	71	0.0005757588537207356
5	71	0.0005757588269524987
3	71	0.0005757587198795405
69	71	0.0005757559203460189
2	71	0.0005757558668095415
67	71	0.0005757558668095415
9	68	0.0004564201810408619
12	68	0.0004564201810408619
14	68	0.0004564201810408619
16	68	0.0004564201810408619
21	68	0.0004564201810408619
23	68	0.0004564201810408619
27	68	0.0004564201810408619
28	68	0.0004564201810408619
29	68	0.0004564201810408619
31	68	0.0004564201810408619
32	68	0.0004564201810408619
37	68	0.0004564201810408619
45	68	0.0004564201810408619
46	68	0.0004564201810408619
47	68	0.0004564201810408619
48	68	0.0004564201810408619
49	68	0.0004564201810408619
52	68	0.0004564201810408619
53	68	0.0004564201810408619
54	68	0.0004564201810408619
58	68	0.0004564201810408619
59	68	0.0004564201810408619
61	68	0.0004564201810408619
62	68	0.0004564201810408619
63	68	0.0004564201810408619
64	68	0.0004564201810408619
65	68	0.0004564201810408619
36	68	0.00045642015493965044
38	68	0.00045641879767652563
55	68	0.00045641879767652563
19	68	0.00045641877157531416
20	68	0.00045641877157531416
22	68	0.0004564187193728843
39	68	0.0004564187193728843
57	68	0.0004564187193728843
40	68	0.00045641869327166934
41	68	0.00045641869327166934
56	68	0.00045641869327166934
7	68	0.00045641866717045787
10	68	0.00045641866717045787
13	68	0.00045641866717045787
18	68	0.00045641866717045787
24	68	0.00045641866717045787
33	68	0.00045641866717045787
34	68	0.00045641866717045787
42	68	0.00045641866717045787
51	68	0.00045641866717045787
60	68	0.00045641866717045787
8	68	0.00045641864106924293
11	68	0.00045641864106924293
15	68	0.00045641864106924293
17	68	0.00045641864106924293
25	68	0.00045641864106924293
26	68	0.00045641864106924293
30	68	0.00045641864106924293
35	68	0.00045641864106924293
43	68	0.00045641864106924293
44	68	0.00045641864106924293
50	68	0.00045641864106924293
1	9	0.00042340702280296155
1	12	0.00042340702280296155
1	14	0.00042340702280296155
1	16	0.00042340702280296155
1	21	0.00042340702280296155
1	23	0.00042340702280296155
1	27	0.00042340702280296155
1	28	0.00042340702280296155
1	29	0.00042340702280296155
1	31	0.00042340702280296155
1	32	0.00042340702280296155
1	37	0.00042340702280296155
1	45	0.00042340702280296155
1	46	0.00042340702280296155
1	47	0.00042340702280296155
1	48	0.00042340702280296155
1	49	0.00042340702280296155
1	52	0.00042340702280296155
1	53	0.00042340702280296155
1	54	0.00042340702280296155
1	58	0.00042340702280296155
1	59	0.00042340702280296155
1	61	0.00042340702280296155
1	62	0.00042340702280296155
1	63	0.00042340702280296155
1	64	0.00042340702280296155
1	65	0.00042340702280296155
1	36	0.00042340699666222614
1	38	0.0004234056373441167
1	55	0.0004234056373441167
1	19	0.0004234056112033882
1	20	0.0004234056112033882
1	22	0.00042340555892192086
1	39	0.00042340555892192086
1	57	0.00042340555892192086
1	40	0.00042340553278118545
1	41	0.00042340553278118545
1	56	0.00042340553278118545
1	7	0.0004234055066404535
1	10	0.0004234055066404535
1	13	0.0004234055066404535
1	18	0.0004234055066404535
1	24	0.0004234055066404535
1	33	0.0004234055066404535
1	34	0.0004234055066404535
1	42	0.0004234055066404535
1	51	0.0004234055066404535
1	60	0.0004234055066404535
1	8	0.00042340548049972504
1	11	0.00042340548049972504
1	15	0.00042340548049972504
1	17	0.00042340548049972504
1	25	0.00042340548049972504
1	26	0.00042340548049972504
1	30	0.00042340548049972504
1	35	0.00042340548049972504
1	43	0.00042340548049972504
1	44	0.00042340548049972504
1	50	0.00042340548049972504
4	9	0.00037746705140121253
4	12	0.00037746705140121253
4	14	0.00037746705140121253
4	16	0.00037746705140121253
4	21	0.00037746705140121253
4	23	0.00037746705140121253
4	27	0.00037746705140121253
4	28	0.00037746705140121253
4	29	0.00037746705140121253
4	31	0.00037746705140121253
4	32	0.00037746705140121253
4	37	0.00037746705140121253
4	45	0.00037746705140121253
4	46	0.00037746705140121253
4	47	0.00037746705140121253
4	48	0.00037746705140121253
4	49	0.00037746705140121253
4	52	0.00037746705140121253
4	53	0.00037746705140121253
4	54	0.00037746705140121253
4	58	0.00037746705140121253
4	59	0.00037746705140121253
4	61	0.00037746705140121253
4	62	0.00037746705140121253
4	63	0.00037746705140121253
4	64	0.00037746705140121253
4	65	0.00037746705140121253
4	36	0.00037746702514971156
4	38	0.0003774656600716922
4	55	0.0003774656600716922
4	19	0.0003774656338201912
4	20	0.0003774656338201912
4	22	0.00037746558131718927
4	39	0.00037746558131718927
4	57	0.00037746558131718927
4	40	0.0003774655550656883
4	41	0.0003774655550656883
4	56	0.0003774655550656883
4	7	0.0003774655288141908
4	10	0.0003774655288141908
4	13	0.0003774655288141908
4	18	0.0003774655288141908
4	24	0.0003774655288141908
4	33	0.0003774655288141908
4	34	0.0003774655288141908
4	42	0.0003774655288141908
4	51	0.0003774655288141908
4	60	0.0003774655288141908
4	8	0.0003774655025626898
4	11	0.0003774655025626898
4	15	0.0003774655025626898
4	17	0.0003774655025626898
4	25	0.0003774655025626898
4	26	0.0003774655025626898
4	30	0.0003774655025626898
4	35	0.0003774655025626898
4	43	0.0003774655025626898
4	44	0.0003774655025626898
4	50	0.0003774655025626898
9	38	0.0002046605129171833
9	55	0.0002046605129171833
12	38	0.0002046605129171833
12	55	0.0002046605129171833
14	38	0.0002046605129171833
14	55	0.0002046605129171833
16	38	0.0002046605129171833
16	55	0.0002046605129171833
21	38	0.0002046605129171833
21	55	0.0002046605129171833
23	38	0.0002046605129171833
23	55	0.0002046605129171833
27	38	0.0002046605129171833
27	55	0.0002046605129171833
28	38	0.0002046605129171833
28	55	0.0002046605129171833
29	38	0.0002046605129171833
29	55	0.0002046605129171833
31	38	0.0002046605129171833
31	55	0.0002046605129171833
32	38	0.0002046605129171833
32	55	0.0002046605129171833
37	38	0.0002046605129171833
37	55	0.0002046605129171833
38	45	0.0002046605129171833
38	46	0.0002046605129171833
38	47	0.0002046605129171833
38	48	0.0002046605129171833
38	49	0.0002046605129171833
38	52	0.0002046605129171833
38	53	0.0002046605129171833
38	54	0.0002046605129171833
38	58	0.0002046605129171833
38	59	0.0002046605129171833
38	61	0.0002046605129171833
38	62	0.0002046605129171833
38	63	0.0002046605129171833
38	64	0.0002046605129171833
38	65	0.0002046605129171833
45	55	0.0002046605129171833
46	55	0.0002046605129171833
47	55	0.0002046605129171833
48	55	0.0002046605129171833
49	55	0.0002046605129171833
52	55	0.0002046605129171833
53	55	0.0002046605129171833
54	55	0.0002046605129171833
55	58	0.0002046605129171833
55	59	0.0002046605129171833
55	61	0.0002046605129171833
55	62	0.0002046605129171833
55	63	0.0002046605129171833
55	64	0.0002046605129171833
55	65	0.0002046605129171833
9	19	0.0002046604864971123
9	20	0.0002046604864971123
12	19	0.0002046604864971123
12	20	0.0002046604864971123
14	19	0.0002046604864971123
14	20	0.0002046604864971123
16	19	0.0002046604864971123
16	20	0.0002046604864971123
19	21	0.0002046604864971123
19	23	0.0002046604864971123
19	27	0.0002046604864971123
19	28	0.0002046604864971123
19	29	0.0002046604864971123
19	31	0.0002046604864971123
19	32	0.0002046604864971123
19	37	0.0002046604864971123
19	45	0.0002046604864971123
19	46	0.0002046604864971123
19	47	0.0002046604864971123
19	48	0.0002046604864971123
19	49	0.0002046604864971123
19	52	0.0002046604864971123
19	53	0.0002046604864971123
19	54	0.0002046604864971123
19	58	0.0002046604864971123
19	59	0.0002046604864971123
19	61	0.0002046604864971123
19	62	0.0002046604864971123
19	63	0.0002046604864971123
19	64	0.0002046604864971123
19	65	0.0002046604864971123
20	21	0.0002046604864971123
20	23	0.0002046604864971123
20	27	0.0002046604864971123
20	28	0.0002046604864971123
20	29	0.0002046604864971123
20	31	0.0002046604864971123
20	32	0.0002046604864971123
20	37	0.0002046604864971123
20	45	0.0002046604864971123
20	46	0.0002046604864971123
20	47	0.0002046604864971123
20	48	0.0002046604864971123
20	49	0.0002046604864971123
20	52	0.0002046604864971123
20	53	0.0002046604864971123
20	54	0.0002046604864971123
20	58	0.0002046604864971123
20	59	0.0002046604864971123
20	61	0.0002046604864971123
20	62	0.0002046604864971123
20	63	0.0002046604864971123
20	64	0.0002046604864971123
20	65	0.0002046604864971123
36	38	0.00020466048649710883
36	55	0.00020466048649710883
19	36	0.00020466046007703437
20	36	0.00020466046007703437
22	23	0.00020466043365696338
22	27	0.00020466043365696338
22	28	0.00020466043365696338
22	29	0.00020466043365696338
22	31	0.00020466043365696338
22	32	0.00020466043365696338
22	37	0.00020466043365696338
22	45	0.00020466043365696338
22	46	0.00020466043365696338
22	47	0.00020466043365696338
22	48	0.00020466043365696338
22	49	0.00020466043365696338
22	52	0.00020466043365696338
22	53	0.00020466043365696338
22	54	0.00020466043365696338
22	58	0.00020466043365696338
22	59	0.00020466043365696338
22	61	0.00020466043365696338
22	62	0.00020466043365696338
22	63	0.00020466043365696338
22	64	0.00020466043365696338
22	65	0.00020466043365696338
39	45	0.00020466043365696338
39	46	0.00020466043365696338
39	47	0.00020466043365696338
39	48	0.00020466043365696338
39	49	0.00020466043365696338
39	52	0.00020466043365696338
39	53	0.00020466043365696338
39	54	0.00020466043365696338
39	58	0.00020466043365696338
39	59	0.00020466043365696338
39	61	0.00020466043365696338
39	62	0.00020466043365696338
39	63	0.00020466043365696338
39	64	0.00020466043365696338
39	65	0.00020466043365696338
57	58	0.00020466043365696338
57	59	0.00020466043365696338
57	61	0.00020466043365696338
57	62	0.00020466043365696338
57	63	0.00020466043365696338
57	64	0.00020466043365696338
57	65	0.00020466043365696338
9	22	0.0002046604336569599
9	39	0.0002046604336569599
9	57	0.0002046604336569599
12	22	0.0002046604336569599
12	39	0.0002046604336569599
12	57	0.0002046604336569599
14	22	0.0002046604336569599
14	39	0.0002046604336569599
14	57	0.0002046604336569599
16	22	0.0002046604336569599
16	39	0.0002046604336569599
16	57	0.0002046604336569599
21	22	0.0002046604336569599
21	39	0.0002046604336569599
21	57	0.0002046604336569599
23	39	0.0002046604336569599
23	57	0.0002046604336569599
27	39	0.0002046604336569599
27	57	0.0002046604336569599
28	39	0.0002046604336569599
28	57	0.0002046604336569599
29	39	0.0002046604336569599
29	57	0.0002046604336569599
31	39	0.0002046604336569599
31	57	0.0002046604336569599
32	39	0.0002046604336569599
32	57	0.0002046604336569599
37	39	0.0002046604336569599
37	57	0.0002046604336569599
45	57	0.0002046604336569599
46	57	0.0002046604336569599
47	57	0.0002046604336569599
48	57	0.0002046604336569599
49	57	0.0002046604336569599
52	57	0.0002046604336569599
53	57	0.0002046604336569599
54	57	0.0002046604336569599
36	39	0.00020466040723688891
36	57	0.00020466040723688891
40	45	0.00020466040723688891
40	46	0.00020466040723688891
40	47	0.00020466040723688891
40	48	0.00020466040723688891
40	49	0.00020466040723688891
40	52	0.00020466040723688891
40	53	0.00020466040723688891
40	54	0.00020466040723688891
40	58	0.00020466040723688891
40	59	0.00020466040723688891
40	61	0.00020466040723688891
40	62	0.00020466040723688891
40	63	0.00020466040723688891
40	64	0.00020466040723688891
40	65	0.00020466040723688891
41	45	0.00020466040723688891
41	46	0.00020466040723688891
41	47	0.00020466040723688891
41	48	0.00020466040723688891
41	49	0.00020466040723688891
41	52	0.00020466040723688891
41	53	0.00020466040723688891
41	54	0.00020466040723688891
41	58	0.00020466040723688891
41	59	0.00020466040723688891
41	61	0.00020466040723688891
41	62	0.00020466040723688891
41	63	0.00020466040723688891
41	64	0.00020466040723688891
41	65	0.00020466040723688891
56	58	0.00020466040723688891
56	59	0.00020466040723688891
56	61	0.00020466040723688891
56	62	0.00020466040723688891
56	63	0.00020466040723688891
56	64	0.00020466040723688891
56	65	0.00020466040723688891
9	40	0.00020466040723688544
9	41	0.00020466040723688544
9	56	0.00020466040723688544
12	40	0.00020466040723688544
12	41	0.00020466040723688544
12	56	0.00020466040723688544
14	40	0.00020466040723688544
14	41	0.00020466040723688544
14	56	0.00020466040723688544
16	40	0.00020466040723688544
16	41	0.00020466040723688544
16	56	0.00020466040723688544
21	40	0.00020466040723688544
21	41	0.00020466040723688544
21	56	0.00020466040723688544
22	36	0.00020466040723688544
23	40	0.00020466040723688544
23	41	0.00020466040723688544
23	56	0.00020466040723688544
27	40	0.00020466040723688544
27	41	0.00020466040723688544
27	56	0.00020466040723688544
28	40	0.00020466040723688544
28	41	0.00020466040723688544
28	56	0.00020466040723688544
29	40	0.00020466040723688544
29	41	0.00020466040723688544
29	56	0.00020466040723688544
31	40	0.00020466040723688544
31	41	0.00020466040723688544
31	56	0.00020466040723688544
32	40	0.00020466040723688544
32	41	0.00020466040723688544
32	56	0.00020466040723688544
37	40	0.00020466040723688544
37	41	0.00020466040723688544
37	56	0.00020466040723688544
45	56	0.00020466040723688544
46	56	0.00020466040723688544
47	56	0.00020466040723688544
48	56	0.00020466040723688544
49	56	0.00020466040723688544
52	56	0.00020466040723688544
53	56	0.00020466040723688544
54	56	0.00020466040723688544
7	9	0.00020466038081681445
7	12	0.00020466038081681445
7	14	0.00020466038081681445
7	16	0.00020466038081681445
7	21	0.00020466038081681445
7	23	0.00020466038081681445
7	27	0.00020466038081681445
7	28	0.00020466038081681445
7	29	0.00020466038081681445
7	31	0.00020466038081681445
7	32	0.00020466038081681445
7	37	0.00020466038081681445
7	45	0.00020466038081681445
7	46	0.00020466038081681445
7	47	0.00020466038081681445
7	48	0.00020466038081681445
7	49	0.00020466038081681445
7	52	0.00020466038081681445
7	53	0.00020466038081681445
7	54	0.00020466038081681445
7	58	0.00020466038081681445
7	59	0.00020466038081681445
7	61	0.00020466038081681445
7	62	0.00020466038081681445
7	63	0.00020466038081681445
7	64	0.00020466038081681445
7	65	0.00020466038081681445
9	10	0.00020466038081681445
9	13	0.00020466038081681445
9	18	0.00020466038081681445
9	24	0.00020466038081681445
9	33	0.00020466038081681445
9	34	0.00020466038081681445
9	42	0.00020466038081681445
9	51	0.00020466038081681445
9	60	0.00020466038081681445
10	12	0.00020466038081681445
10	14	0.00020466038081681445
10	16	0.00020466038081681445
10	21	0.00020466038081681445
10	23	0.00020466038081681445
10	27	0.00020466038081681445
10	28	0.00020466038081681445
10	29	0.00020466038081681445
10	31	0.00020466038081681445
10	32	0.00020466038081681445
10	37	0.00020466038081681445
10	45	0.00020466038081681445
10	46	0.00020466038081681445
10	47	0.00020466038081681445
10	48	0.00020466038081681445
10	49	0.00020466038081681445
10	52	0.00020466038081681445
10	53	0.00020466038081681445
10	54	0.00020466038081681445
10	58	0.00020466038081681445
10	59	0.00020466038081681445
10	61	0.00020466038081681445
10	62	0.00020466038081681445
10	63	0.00020466038081681445
10	64	0.00020466038081681445
10	65	0.00020466038081681445
12	13	0.00020466038081681445
12	18	0.00020466038081681445
12	24	0.00020466038081681445
12	33	0.00020466038081681445
12	34	0.00020466038081681445
12	42	0.00020466038081681445
12	51	0.00020466038081681445
12	60	0.00020466038081681445
13	14	0.00020466038081681445
13	16	0.00020466038081681445
13	21	0.00020466038081681445
13	23	0.00020466038081681445
13	27	0.00020466038081681445
13	28	0.00020466038081681445
13	29	0.00020466038081681445
13	31	0.00020466038081681445
13	32	0.00020466038081681445
13	37	0.00020466038081681445
13	45	0.00020466038081681445
13	46	0.00020466038081681445
13	47	0.00020466038081681445
13	48	0.00020466038081681445
13	49	0.00020466038081681445
13	52	0.00020466038081681445
13	53	0.00020466038081681445
13	54	0.00020466038081681445
13	58	0.00020466038081681445
13	59	0.00020466038081681445
13	61	0.00020466038081681445
13	62	0.00020466038081681445
13	63	0.00020466038081681445
13	64	0.00020466038081681445
13	65	0.00020466038081681445
14	18	0.00020466038081681445
14	24	0.00020466038081681445
14	33	0.00020466038081681445
14	34	0.00020466038081681445
14	42	0.00020466038081681445
14	51	0.00020466038081681445
14	60	0.00020466038081681445
16	18	0.00020466038081681445
16	24	0.00020466038081681445
16	33	0.00020466038081681445
16	34	0.00020466038081681445
16	42	0.00020466038081681445
16	51	0.00020466038081681445
16	60	0.00020466038081681445
18	21	0.00020466038081681445
18	23	0.00020466038081681445
18	27	0.00020466038081681445
18	28	0.00020466038081681445
18	29	0.00020466038081681445
18	31	0.00020466038081681445
18	32	0.00020466038081681445
18	37	0.00020466038081681445
18	45	0.00020466038081681445
18	46	0.00020466038081681445
18	47	0.00020466038081681445
18	48	0.00020466038081681445
18	49	0.00020466038081681445
18	52	0.00020466038081681445
18	53	0.00020466038081681445
18	54	0.00020466038081681445
18	58	0.00020466038081681445
18	59	0.00020466038081681445
18	61	0.00020466038081681445
18	62	0.00020466038081681445
18	63	0.00020466038081681445
18	64	0.00020466038081681445
18	65	0.00020466038081681445
21	24	0.00020466038081681445
21	33	0.00020466038081681445
21	34	0.00020466038081681445
21	42	0.00020466038081681445
21	51	0.00020466038081681445
21	60	0.00020466038081681445
23	24	0.00020466038081681445
23	33	0.00020466038081681445
23	34	0.00020466038081681445
23	42	0.00020466038081681445
23	51	0.00020466038081681445
23	60	0.00020466038081681445
24	27	0.00020466038081681445
24	28	0.00020466038081681445
24	29	0.00020466038081681445
24	31	0.00020466038081681445
24	32	0.00020466038081681445
24	37	0.00020466038081681445
24	45	0.00020466038081681445
24	46	0.00020466038081681445
24	47	0.00020466038081681445
24	48	0.00020466038081681445
24	49	0.00020466038081681445
24	52	0.00020466038081681445
24	53	0.00020466038081681445
24	54	0.00020466038081681445
24	58	0.00020466038081681445
24	59	0.00020466038081681445
24	61	0.00020466038081681445
24	62	0.00020466038081681445
24	63	0.00020466038081681445
24	64	0.00020466038081681445
24	65	0.00020466038081681445
27	33	0.00020466038081681445
27	34	0.00020466038081681445
27	42	0.00020466038081681445
27	51	0.00020466038081681445
27	60	0.00020466038081681445
28	33	0.00020466038081681445
28	34	0.00020466038081681445
28	42	0.00020466038081681445
28	51	0.00020466038081681445
28	60	0.00020466038081681445
29	33	0.00020466038081681445
29	34	0.00020466038081681445
29	42	0.00020466038081681445
29	51	0.00020466038081681445
29	60	0.00020466038081681445
31	33	0.00020466038081681445
31	34	0.00020466038081681445
31	42	0.00020466038081681445
31	51	0.00020466038081681445
31	60	0.00020466038081681445
32	33	0.00020466038081681445
32	34	0.00020466038081681445
32	42	0.00020466038081681445
32	51	0.00020466038081681445
32	60	0.00020466038081681445
33	37	0.00020466038081681445
33	45	0.00020466038081681445
33	46	0.00020466038081681445
33	47	0.00020466038081681445
33	48	0.00020466038081681445
33	49	0.00020466038081681445
33	52	0.00020466038081681445
33	53	0.00020466038081681445
33	54	0.00020466038081681445
33	58	0.00020466038081681445
33	59	0.00020466038081681445
33	61	0.00020466038081681445
33	62	0.00020466038081681445
33	63	0.00020466038081681445
33	64	0.00020466038081681445
33	65	0.00020466038081681445
34	37	0.00020466038081681445
34	45	0.00020466038081681445
34	46	0.00020466038081681445
34	47	0.00020466038081681445
34	48	0.00020466038081681445
34	49	0.00020466038081681445
34	52	0.00020466038081681445
34	53	0.00020466038081681445
34	54	0.00020466038081681445
34	58	0.00020466038081681445
34	59	0.00020466038081681445
34	61	0.00020466038081681445
34	62	0.00020466038081681445
34	63	0.00020466038081681445
34	64	0.00020466038081681445
34	65	0.00020466038081681445
36	40	0.00020466038081681445
36	41	0.00020466038081681445
36	56	0.00020466038081681445
37	42	0.00020466038081681445
37	51	0.00020466038081681445
37	60	0.00020466038081681445
42	45	0.00020466038081681445
42	46	0.00020466038081681445
42	47	0.00020466038081681445
42	48	0.00020466038081681445
42	49	0.00020466038081681445
42	52	0.00020466038081681445
42	53	0.00020466038081681445
42	54	0.00020466038081681445
42	58	0.00020466038081681445
42	59	0.00020466038081681445
42	61	0.00020466038081681445
42	62	0.00020466038081681445
42	63	0.00020466038081681445
42	64	0.00020466038081681445
42	65	0.00020466038081681445
45	51	0.00020466038081681445
45	60	0.00020466038081681445
46	51	0.00020466038081681445
46	60	0.00020466038081681445
47	51	0.00020466038081681445
47	60	0.00020466038081681445
48	51	0.00020466038081681445
48	60	0.00020466038081681445
49	51	0.00020466038081681445
49	60	0.00020466038081681445
51	52	0.00020466038081681445
51	53	0.00020466038081681445
51	54	0.00020466038081681445
51	58	0.00020466038081681445
51	59	0.00020466038081681445
51	61	0.00020466038081681445
51	62	0.00020466038081681445
51	63	0.00020466038081681445
51	64	0.00020466038081681445
51	65	0.00020466038081681445
52	60	0.00020466038081681445
53	60	0.00020466038081681445
54	60	0.00020466038081681445
58	60	0.00020466038081681445
59	60	0.00020466038081681445
60	61	0.00020466038081681445
60	62	0.00020466038081681445
60	63	0.00020466038081681445
60	64	0.00020466038081681445
60	65	0.00020466038081681445
8	9	0.00020466035439674346
8	12	0.00020466035439674346
8	14	0.00020466035439674346
8	16	0.00020466035439674346
8	21	0.00020466035439674346
8	23	0.00020466035439674346
8	27	0.00020466035439674346
8	28	0.00020466035439674346
8	29	0.00020466035439674346
8	31	0.00020466035439674346
8	32	0.00020466035439674346
8	37	0.00020466035439674346
8	45	0.00020466035439674346
8	46	0.00020466035439674346
8	47	0.00020466035439674346
8	48	0.00020466035439674346
8	49	0.00020466035439674346
8	52	0.00020466035439674346
8	53	0.00020466035439674346
8	54	0.00020466035439674346
8	58	0.00020466035439674346
8	59	0.00020466035439674346
8	61	0.00020466035439674346
8	62	0.00020466035439674346
8	63	0.00020466035439674346
8	64	0.00020466035439674346
8	65	0.00020466035439674346
9	11	0.00020466035439674346
9	15	0.00020466035439674346
9	17	0.00020466035439674346
9	25	0.00020466035439674346
9	26	0.00020466035439674346
9	30	0.00020466035439674346
9	35	0.00020466035439674346
9	43	0.00020466035439674346
9	44	0.00020466035439674346
9	50	0.00020466035439674346
11	12	0.00020466035439674346
11	14	0.00020466035439674346
11	16	0.00020466035439674346
11	21	0.00020466035439674346
11	23	0.00020466035439674346
11	27	0.00020466035439674346
11	28	0.00020466035439674346
11	29	0.00020466035439674346
11	31	0.00020466035439674346
11	32	0.00020466035439674346
11	37	0.00020466035439674346
11	45	0.00020466035439674346
11	46	0.00020466035439674346
11	47	0.00020466035439674346
11	48	0.00020466035439674346
11	49	0.00020466035439674346
11	52	0.00020466035439674346
11	53	0.00020466035439674346
11	54	0.00020466035439674346
11	58	0.00020466035439674346
11	59	0.00020466035439674346
11	61	0.00020466035439674346
11	62	0.00020466035439674346
11	63	0.00020466035439674346
11	64	0.00020466035439674346
11	65	0.00020466035439674346
12	15	0.00020466035439674346
12	17	0.00020466035439674346
12	25	0.00020466035439674346
12	26	0.00020466035439674346
12	30	0.00020466035439674346
12	35	0.00020466035439674346
12	43	0.00020466035439674346
12	44	0.00020466035439674346
12	50	0.00020466035439674346
14	15	0.00020466035439674346
14	17	0.00020466035439674346
14	25	0.00020466035439674346
14	26	0.00020466035439674346
14	30	0.00020466035439674346
14	35	0.00020466035439674346
14	43	0.00020466035439674346
14	44	0.00020466035439674346
14	50	0.00020466035439674346
15	16	0.00020466035439674346
15	21	0.00020466035439674346
15	23	0.00020466035439674346
15	27	0.00020466035439674346
15	28	0.00020466035439674346
15	29	0.00020466035439674346
15	31	0.00020466035439674346
15	32	0.00020466035439674346
15	37	0.00020466035439674346
15	45	0.00020466035439674346
15	46	0.00020466035439674346
15	47	0.00020466035439674346
15	48	0.00020466035439674346
15	49	0.00020466035439674346
15	52	0.00020466035439674346
15	53	0.00020466035439674346
15	54	0.00020466035439674346
15	58	0.00020466035439674346
15	59	0.00020466035439674346
15	61	0.00020466035439674346
15	62	0.00020466035439674346
15	63	0.00020466035439674346
15	64	0.00020466035439674346
15	65	0.00020466035439674346
16	17	0.00020466035439674346
16	25	0.00020466035439674346
16	26	0.00020466035439674346
16	30	0.00020466035439674346
16	35	0.00020466035439674346
16	43	0.00020466035439674346
16	44	0.00020466035439674346
16	50	0.00020466035439674346
17	21	0.00020466035439674346
17	23	0.00020466035439674346
17	27	0.00020466035439674346
17	28	0.00020466035439674346
17	29	0.00020466035439674346
17	31	0.00020466035439674346
17	32	0.00020466035439674346
17	37	0.00020466035439674346
17	45	0.00020466035439674346
17	46	0.00020466035439674346
17	47	0.00020466035439674346
17	48	0.00020466035439674346
17	49	0.00020466035439674346
17	52	0.00020466035439674346
17	53	0.00020466035439674346
17	54	0.00020466035439674346
17	58	0.00020466035439674346
17	59	0.00020466035439674346
17	61	0.00020466035439674346
17	62	0.00020466035439674346
17	63	0.00020466035439674346
17	64	0.00020466035439674346
17	65	0.00020466035439674346
21	25	0.00020466035439674346
21	26	0.00020466035439674346
21	30	0.00020466035439674346
21	35	0.00020466035439674346
21	43	0.00020466035439674346
21	44	0.00020466035439674346
21	50	0.00020466035439674346
23	25	0.00020466035439674346
23	26	0.00020466035439674346
23	30	0.00020466035439674346
23	35	0.00020466035439674346
23	43	0.00020466035439674346
23	44	0.00020466035439674346
23	50	0.00020466035439674346
25	27	0.00020466035439674346
25	28	0.00020466035439674346
25	29	0.00020466035439674346
25	31	0.00020466035439674346
25	32	0.00020466035439674346
25	37	0.00020466035439674346
25	45	0.00020466035439674346
25	46	0.00020466035439674346
25	47	0.00020466035439674346
25	48	0.00020466035439674346
25	49	0.00020466035439674346
25	52	0.00020466035439674346
25	53	0.00020466035439674346
25	54	0.00020466035439674346
25	58	0.00020466035439674346
25	59	0.00020466035439674346
25	61	0.00020466035439674346
25	62	0.00020466035439674346
25	63	0.00020466035439674346
25	64	0.00020466035439674346
25	65	0.00020466035439674346
26	27	0.00020466035439674346
26	28	0.00020466035439674346
26	29	0.00020466035439674346
26	31	0.00020466035439674346
26	32	0.00020466035439674346
26	37	0.00020466035439674346
26	45	0.00020466035439674346
26	46	0.00020466035439674346
26	47	0.00020466035439674346
26	48	0.00020466035439674346
26	49	0.00020466035439674346
26	52	0.00020466035439674346
26	53	0.00020466035439674346
26	54	0.00020466035439674346
26	58	0.00020466035439674346
26	59	0.00020466035439674346
26	61	0.00020466035439674346
26	62	0.00020466035439674346
26	63	0.00020466035439674346
26	64	0.00020466035439674346
26	65	0.00020466035439674346
27	30	0.00020466035439674346
27	35	0.00020466035439674346
27	43	0.00020466035439674346
27	44	0.00020466035439674346
27	50	0.00020466035439674346
28	30	0.00020466035439674346
28	35	0.00020466035439674346
28	43	0.00020466035439674346
28	44	0.00020466035439674346
28	50	0.00020466035439674346
29	30	0.00020466035439674346
29	35	0.00020466035439674346
29	43	0.00020466035439674346
29	44	0.00020466035439674346
29	50	0.00020466035439674346
30	31	0.00020466035439674346
30	32	0.00020466035439674346
30	37	0.00020466035439674346
30	45	0.00020466035439674346
30	46	0.00020466035439674346
30	47	0.00020466035439674346
30	48	0.00020466035439674346
30	49	0.00020466035439674346
30	52	0.00020466035439674346
30	53	0.00020466035439674346
30	54	0.00020466035439674346
30	58	0.00020466035439674346
30	59	0.00020466035439674346
30	61	0.00020466035439674346
30	62	0.00020466035439674346
30	63	0.00020466035439674346
30	64	0.00020466035439674346
30	65	0.00020466035439674346
31	35	0.00020466035439674346
31	43	0.00020466035439674346
31	44	0.00020466035439674346
31	50	0.00020466035439674346
32	35	0.00020466035439674346
32	43	0.00020466035439674346
32	44	0.00020466035439674346
32	50	0.00020466035439674346
35	37	0.00020466035439674346
35	45	0.00020466035439674346
35	46	0.00020466035439674346
35	47	0.00020466035439674346
35	48	0.00020466035439674346
35	49	0.00020466035439674346
35	52	0.00020466035439674346
35	53	0.00020466035439674346
35	54	0.00020466035439674346
35	58	0.00020466035439674346
35	59	0.00020466035439674346
35	61	0.00020466035439674346
35	62	0.00020466035439674346
35	63	0.00020466035439674346
35	64	0.00020466035439674346
35	65	0.00020466035439674346
37	43	0.00020466035439674346
37	44	0.00020466035439674346
37	50	0.00020466035439674346
43	45	0.00020466035439674346
43	46	0.00020466035439674346
43	47	0.00020466035439674346
43	48	0.00020466035439674346
43	49	0.00020466035439674346
43	52	0.00020466035439674346
43	53	0.00020466035439674346
43	54	0.00020466035439674346
43	58	0.00020466035439674346
43	59	0.00020466035439674346
43	61	0.00020466035439674346
43	62	0.00020466035439674346
43	63	0.00020466035439674346
43	64	0.00020466035439674346
43	65	0.00020466035439674346
44	45	0.00020466035439674346
44	46	0.00020466035439674346
44	47	0.00020466035439674346
44	48	0.00020466035439674346
44	49	0.00020466035439674346
44	52	0.00020466035439674346
44	53	0.00020466035439674346
44	54	0.00020466035439674346
44	58	0.00020466035439674346
44	59	0.00020466035439674346
44	61	0.00020466035439674346
44	62	0.00020466035439674346
44	63	0.00020466035439674346
44	64	0.00020466035439674346
44	65	0.00020466035439674346
45	50	0.00020466035439674346
46	50	0.00020466035439674346
47	50	0.00020466035439674346
48	50	0.00020466035439674346
49	50	0.00020466035439674346
50	52	0.00020466035439674346
50	53	0.00020466035439674346
50	54	0.00020466035439674346
50	58	0.00020466035439674346
50	59	0.00020466035439674346
50	61	0.00020466035439674346
50	62	0.00020466035439674346
50	63	0.00020466035439674346
50	64	0.00020466035439674346
50	65	0.00020466035439674346
7	36	0.00020466035439674
10	36	0.00020466035439674
13	36	0.00020466035439674
18	36	0.00020466035439674
24	36	0.00020466035439674
33	36	0.00020466035439674
34	36	0.00020466035439674
36	42	0.00020466035439674
36	51	0.00020466035439674
36	60	0.00020466035439674
36	43	0.000204660327976669
36	44	0.000204660327976669
36	50	0.000204660327976669
8	36	0.00020466032797666553
11	36	0.00020466032797666553
15	36	0.00020466032797666553
17	36	0.00020466032797666553
25	36	0.00020466032797666553
26	36	0.00020466032797666553
30	36	0.00020466032797666553
35	36	0.00020466032797666553
38	55	0.00020465911265318826
19	38	0.0002046590862331138
19	55	0.0002046590862331138
20	38	0.0002046590862331138
20	55	0.0002046590862331138
19	20	0.00020465905981303933
22	38	0.0002046590333929614
22	55	0.0002046590333929614
38	39	0.0002046590333929614
38	57	0.0002046590333929614
39	55	0.0002046590333929614
55	57	0.0002046590333929614
19	22	0.00020465900697288694
19	39	0.00020465900697288694
19	57	0.00020465900697288694
20	22	0.00020465900697288694
20	39	0.00020465900697288694
20	57	0.00020465900697288694
38	40	0.00020465900697288694
38	41	0.00020465900697288694
38	56	0.00020465900697288694
40	55	0.00020465900697288694
41	55	0.00020465900697288694
55	56	0.00020465900697288694
7	38	0.00020465898055281248
7	55	0.00020465898055281248
10	38	0.00020465898055281248
10	55	0.00020465898055281248
13	38	0.00020465898055281248
13	55	0.00020465898055281248
18	38	0.00020465898055281248
18	55	0.00020465898055281248
19	40	0.00020465898055281248
19	41	0.00020465898055281248
19	56	0.00020465898055281248
20	40	0.00020465898055281248
20	41	0.00020465898055281248
20	56	0.00020465898055281248
24	38	0.00020465898055281248
24	55	0.00020465898055281248
33	38	0.00020465898055281248
33	55	0.00020465898055281248
34	38	0.00020465898055281248
34	55	0.00020465898055281248
38	42	0.00020465898055281248
38	51	0.00020465898055281248
38	60	0.00020465898055281248
42	55	0.00020465898055281248
51	55	0.00020465898055281248
55	60	0.00020465898055281248
7	19	0.00020465895413273802
7	20	0.00020465895413273802
8	38	0.00020465895413273802
8	55	0.00020465895413273802
10	19	0.00020465895413273802
10	20	0.00020465895413273802
11	38	0.00020465895413273802
11	55	0.00020465895413273802
13	19	0.00020465895413273802
13	20	0.00020465895413273802
15	38	0.00020465895413273802
15	55	0.00020465895413273802
17	38	0.00020465895413273802
17	55	0.00020465895413273802
18	19	0.00020465895413273802
18	20	0.00020465895413273802
19	24	0.00020465895413273802
19	33	0.00020465895413273802
19	34	0.00020465895413273802
19	42	0.00020465895413273802
19	51	0.00020465895413273802
19	60	0.00020465895413273802
20	24	0.00020465895413273802
20	33	0.00020465895413273802
20	34	0.00020465895413273802
20	42	0.00020465895413273802
20	51	0.00020465895413273802
20	60	0.00020465895413273802
22	39	0.00020465895413273802
22	57	0.00020465895413273802
25	38	0.00020465895413273802
25	55	0.00020465895413273802
26	38	0.00020465895413273802
26	55	0.00020465895413273802
30	38	0.00020465895413273802
30	55	0.00020465895413273802
35	38	0.00020465895413273802
35	55	0.00020465895413273802
38	43	0.00020465895413273802
38	44	0.00020465895413273802
38	50	0.00020465895413273802
39	57	0.00020465895413273802
43	55	0.00020465895413273802
44	55	0.00020465895413273802
50	55	0.00020465895413273802
8	19	0.00020465892771266356
8	20	0.00020465892771266356
11	19	0.00020465892771266356
11	20	0.00020465892771266356
15	19	0.00020465892771266356
15	20	0.00020465892771266356
17	19	0.00020465892771266356
17	20	0.00020465892771266356
19	25	0.00020465892771266356
19	26	0.00020465892771266356
19	30	0.00020465892771266356
19	35	0.00020465892771266356
19	43	0.00020465892771266356
19	44	0.00020465892771266356
19	50	0.00020465892771266356
20	25	0.00020465892771266356
20	26	0.00020465892771266356
20	30	0.00020465892771266356
20	35	0.00020465892771266356
20	43	0.00020465892771266356
20	44	0.00020465892771266356
20	50	0.00020465892771266356
22	40	0.0002046589277126601
22	41	0.0002046589277126601
22	56	0.0002046589277126601
39	40	0.0002046589277126601
39	41	0.0002046589277126601
39	56	0.0002046589277126601
40	57	0.0002046589277126601
41	57	0.0002046589277126601
56	57	0.0002046589277126601
7	22	0.00020465890129258563
7	39	0.00020465890129258563
7	57	0.00020465890129258563
10	22	0.00020465890129258563
10	39	0.00020465890129258563
10	57	0.00020465890129258563
13	22	0.00020465890129258563
13	39	0.00020465890129258563
13	57	0.00020465890129258563
18	22	0.00020465890129258563
18	39	0.00020465890129258563
18	57	0.00020465890129258563
22	24	0.00020465890129258563
22	33	0.00020465890129258563
22	34	0.00020465890129258563
22	42	0.00020465890129258563
22	51	0.00020465890129258563
22	60	0.00020465890129258563
24	39	0.00020465890129258563
24	57	0.00020465890129258563
33	39	0.00020465890129258563
33	57	0.00020465890129258563
34	39	0.00020465890129258563
34	57	0.00020465890129258563
39	42	0.00020465890129258563
39	51	0.00020465890129258563
39	60	0.00020465890129258563
42	57	0.00020465890129258563
51	57	0.00020465890129258563
57	60	0.00020465890129258563
40	41	0.00020465890129258216
40	56	0.00020465890129258216
41	56	0.00020465890129258216
22	25	0.00020465887487251463
22	26	0.00020465887487251463
22	30	0.00020465887487251463
22	35	0.00020465887487251463
22	43	0.00020465887487251463
22	44	0.00020465887487251463
22	50	0.00020465887487251463
39	43	0.00020465887487251463
39	44	0.00020465887487251463
39	50	0.00020465887487251463
8	22	0.00020465887487251117
8	39	0.00020465887487251117
8	57	0.00020465887487251117
11	22	0.00020465887487251117
11	39	0.00020465887487251117
11	57	0.00020465887487251117
15	22	0.00020465887487251117
15	39	0.00020465887487251117
15	57	0.00020465887487251117
17	22	0.00020465887487251117
17	39	0.00020465887487251117
17	57	0.00020465887487251117
25	39	0.00020465887487251117
25	57	0.00020465887487251117
26	39	0.00020465887487251117
26	57	0.00020465887487251117
30	39	0.00020465887487251117
30	57	0.00020465887487251117
35	39	0.00020465887487251117
35	57	0.00020465887487251117
40	42	0.00020465887487251117
40	51	0.00020465887487251117
40	60	0.00020465887487251117
41	42	0.00020465887487251117
41	51	0.00020465887487251117
41	60	0.00020465887487251117
43	57	0.00020465887487251117
44	57	0.00020465887487251117
50	57	0.00020465887487251117
56	60	0.00020465887487251117
7	40	0.0002046588748725077
7	41	0.0002046588748725077
7	56	0.0002046588748725077
10	40	0.0002046588748725077
10	41	0.0002046588748725077
10	56	0.0002046588748725077
13	40	0.0002046588748725077
13	41	0.0002046588748725077
13	56	0.0002046588748725077
18	40	0.0002046588748725077
18	41	0.0002046588748725077
18	56	0.0002046588748725077
24	40	0.0002046588748725077
24	41	0.0002046588748725077
24	56	0.0002046588748725077
33	40	0.0002046588748725077
33	41	0.0002046588748725077
33	56	0.0002046588748725077
34	40	0.0002046588748725077
34	41	0.0002046588748725077
34	56	0.0002046588748725077
42	56	0.0002046588748725077
51	56	0.0002046588748725077
7	10	0.0002046588484524367
7	13	0.0002046588484524367
7	18	0.0002046588484524367
7	24	0.0002046588484524367
7	33	0.0002046588484524367
7	34	0.0002046588484524367
7	42	0.0002046588484524367
7	51	0.0002046588484524367
7	60	0.0002046588484524367
8	40	0.0002046588484524367
8	41	0.0002046588484524367
8	56	0.0002046588484524367
10	13	0.0002046588484524367
10	18	0.0002046588484524367
10	24	0.0002046588484524367
10	33	0.0002046588484524367
10	34	0.0002046588484524367
10	42	0.0002046588484524367
10	51	0.0002046588484524367
10	60	0.0002046588484524367
11	40	0.0002046588484524367
11	41	0.0002046588484524367
11	56	0.0002046588484524367
13	18	0.0002046588484524367
13	24	0.0002046588484524367
13	33	0.0002046588484524367
13	34	0.0002046588484524367
13	42	0.0002046588484524367
13	51	0.0002046588484524367
13	60	0.0002046588484524367
15	40	0.0002046588484524367
15	41	0.0002046588484524367
15	56	0.0002046588484524367
17	40	0.0002046588484524367
17	41	0.0002046588484524367
17	56	0.0002046588484524367
18	24	0.0002046588484524367
18	33	0.0002046588484524367
18	34	0.0002046588484524367
18	42	0.0002046588484524367
18	51	0.0002046588484524367
18	60	0.0002046588484524367
24	33	0.0002046588484524367
24	34	0.0002046588484524367
24	42	0.0002046588484524367
24	51	0.0002046588484524367
24	60	0.0002046588484524367
25	40	0.0002046588484524367
25	41	0.0002046588484524367
25	56	0.0002046588484524367
26	40	0.0002046588484524367
26	41	0.0002046588484524367
26	56	0.0002046588484524367
30	40	0.0002046588484524367
30	41	0.0002046588484524367
30	56	0.0002046588484524367
33	34	0.0002046588484524367
33	42	0.0002046588484524367
33	51	0.0002046588484524367
33	60	0.0002046588484524367
34	42	0.0002046588484524367
34	51	0.0002046588484524367
34	60	0.0002046588484524367
35	40	0.0002046588484524367
35	41	0.0002046588484524367
35	56	0.0002046588484524367
40	43	0.0002046588484524367
40	44	0.0002046588484524367
40	50	0.0002046588484524367
41	43	0.0002046588484524367
41	44	0.0002046588484524367
41	50	0.0002046588484524367
42	51	0.0002046588484524367
42	60	0.0002046588484524367
43	56	0.0002046588484524367
44	56	0.0002046588484524367
50	56	0.0002046588484524367
51	60	0.0002046588484524367
7	8	0.00020465882203236224
7	11	0.00020465882203236224
7	15	0.00020465882203236224
7	17	0.00020465882203236224
7	25	0.00020465882203236224
7	26	0.00020465882203236224
7	30	0.00020465882203236224
7	35	0.00020465882203236224
7	43	0.00020465882203236224
7	44	0.00020465882203236224
7	50	0.00020465882203236224
8	10	0.00020465882203236224
8	13	0.00020465882203236224
8	18	0.00020465882203236224
8	24	0.00020465882203236224
8	33	0.00020465882203236224
8	34	0.00020465882203236224
8	42	0.00020465882203236224
8	51	0.00020465882203236224
8	60	0.00020465882203236224
10	11	0.00020465882203236224
10	15	0.00020465882203236224
10	17	0.00020465882203236224
10	25	0.00020465882203236224
10	26	0.00020465882203236224
10	30	0.00020465882203236224
10	35	0.00020465882203236224
10	43	0.00020465882203236224
10	44	0.00020465882203236224
10	50	0.00020465882203236224
11	13	0.00020465882203236224
11	18	0.00020465882203236224
11	24	0.00020465882203236224
11	33	0.00020465882203236224
11	34	0.00020465882203236224
11	42	0.00020465882203236224
11	51	0.00020465882203236224
11	60	0.00020465882203236224
13	15	0.00020465882203236224
13	17	0.00020465882203236224
13	25	0.00020465882203236224
13	26	0.00020465882203236224
13	30	0.00020465882203236224
13	35	0.00020465882203236224
13	43	0.00020465882203236224
13	44	0.00020465882203236224
13	50	0.00020465882203236224
15	18	0.00020465882203236224
15	24	0.00020465882203236224
15	33	0.00020465882203236224
15	34	0.00020465882203236224
15	42	0.00020465882203236224
15	51	0.00020465882203236224
15	60	0.00020465882203236224
17	18	0.00020465882203236224
17	24	0.00020465882203236224
17	33	0.00020465882203236224
17	34	0.00020465882203236224
17	42	0.00020465882203236224
17	51	0.00020465882203236224
17	60	0.00020465882203236224
18	25	0.00020465882203236224
18	26	0.00020465882203236224
18	30	0.00020465882203236224
18	35	0.00020465882203236224
18	43	0.00020465882203236224
18	44	0.00020465882203236224
18	50	0.00020465882203236224
24	25	0.00020465882203236224
24	26	0.00020465882203236224
24	30	0.00020465882203236224
24	35	0.00020465882203236224
24	43	0.00020465882203236224
24	44	0.00020465882203236224
24	50	0.00020465882203236224
25	33	0.00020465882203236224
25	34	0.00020465882203236224
25	42	0.00020465882203236224
25	51	0.00020465882203236224
25	60	0.00020465882203236224
26	33	0.00020465882203236224
26	34	0.00020465882203236224
26	42	0.00020465882203236224
26	51	0.00020465882203236224
26	60	0.00020465882203236224
30	33	0.00020465882203236224
30	34	0.00020465882203236224
30	42	0.00020465882203236224
30	51	0.00020465882203236224
30	60	0.00020465882203236224
33	35	0.00020465882203236224
33	43	0.00020465882203236224
33	44	0.00020465882203236224
33	50	0.00020465882203236224
34	35	0.00020465882203236224
34	43	0.00020465882203236224
34	44	0.00020465882203236224
34	50	0.00020465882203236224
35	42	0.00020465882203236224
35	51	0.00020465882203236224
35	60	0.00020465882203236224
42	43	0.00020465882203236224
42	44	0.00020465882203236224
42	50	0.00020465882203236224
43	51	0.00020465882203236224
43	60	0.00020465882203236224
44	51	0.00020465882203236224
44	60	0.00020465882203236224
50	51	0.00020465882203236224
50	60	0.00020465882203236224
8	11	0.00020465879561228778
8	15	0.00020465879561228778
8	17	0.00020465879561228778
8	25	0.00020465879561228778
8	26	0.00020465879561228778
8	30	0.00020465879561228778
8	35	0.00020465879561228778
8	43	0.00020465879561228778
8	44	0.00020465879561228778
8	50	0.00020465879561228778
11	15	0.00020465879561228778
11	17	0.00020465879561228778
11	25	0.00020465879561228778
11	26	0.00020465879561228778
11	30	0.00020465879561228778
11	35	0.00020465879561228778
11	43	0.00020465879561228778
11	44	0.00020465879561228778
11	50	0.00020465879561228778
15	17	0.00020465879561228778
15	25	0.00020465879561228778
15	26	0.00020465879561228778
15	30	0.00020465879561228778
15	35	0.00020465879561228778
15	43	0.00020465879561228778
15	44	0.00020465879561228778
15	50	0.00020465879561228778
17	25	0.00020465879561228778
17	26	0.00020465879561228778
17	30	0.00020465879561228778
17	35	0.00020465879561228778
17	43	0.00020465879561228778
17	44	0.00020465879561228778
17	50	0.00020465879561228778
25	26	0.00020465879561228778
25	30	0.00020465879561228778
25	35	0.00020465879561228778
25	43	0.00020465879561228778
25	44	0.00020465879561228778
25	50	0.00020465879561228778
26	30	0.00020465879561228778
26	35	0.00020465879561228778
26	43	0.00020465879561228778
26	44	0.00020465879561228778
26	50	0.00020465879561228778
30	35	0.00020465879561228778
30	43	0.00020465879561228778
30	44	0.00020465879561228778
30	50	0.00020465879561228778
35	43	0.00020465879561228778
35	44	0.00020465879561228778
35	50	0.00020465879561228778
43	44	0.00020465879561228778
43	50	0.00020465879561228778
44	50	0.00020465879561228778
9	12	0.0002046581878907966
9	14	0.0002046581878907966
9	16	0.0002046581878907966
9	21	0.0002046581878907966
9	23	0.0002046581878907966
9	27	0.0002046581878907966
9	28	0.0002046581878907966
9	29	0.0002046581878907966
9	31	0.0002046581878907966
9	32	0.0002046581878907966
9	37	0.0002046581878907966
9	45	0.0002046581878907966
9	46	0.0002046581878907966
9	47	0.0002046581878907966
9	48	0.0002046581878907966
9	49	0.0002046581878907966
9	52	0.0002046581878907966
9	53	0.0002046581878907966
9	54	0.0002046581878907966
9	58	0.0002046581878907966
9	59	0.0002046581878907966
9	61	0.0002046581878907966
9	62	0.0002046581878907966
9	63	0.0002046581878907966
9	64	0.0002046581878907966
9	65	0.0002046581878907966
12	14	0.0002046581878907966
12	16	0.0002046581878907966
12	21	0.0002046581878907966
12	23	0.0002046581878907966
12	27	0.0002046581878907966
12	28	0.0002046581878907966
12	29	0.0002046581878907966
12	31	0.0002046581878907966
12	32	0.0002046581878907966
12	37	0.0002046581878907966
12	45	0.0002046581878907966
12	46	0.0002046581878907966
12	47	0.0002046581878907966
12	48	0.0002046581878907966
12	49	0.0002046581878907966
12	52	0.0002046581878907966
12	53	0.0002046581878907966
12	54	0.0002046581878907966
12	58	0.0002046581878907966
12	59	0.0002046581878907966
12	61	0.0002046581878907966
12	62	0.0002046581878907966
12	63	0.0002046581878907966
12	64	0.0002046581878907966
12	65	0.0002046581878907966
14	16	0.0002046581878907966
14	21	0.0002046581878907966
14	23	0.0002046581878907966
14	27	0.0002046581878907966
14	28	0.0002046581878907966
14	29	0.0002046581878907966
14	31	0.0002046581878907966
14	32	0.0002046581878907966
14	37	0.0002046581878907966
14	45	0.0002046581878907966
14	46	0.0002046581878907966
14	47	0.0002046581878907966
14	48	0.0002046581878907966
14	49	0.0002046581878907966
14	52	0.0002046581878907966
14	53	0.0002046581878907966
14	54	0.0002046581878907966
14	58	0.0002046581878907966
14	59	0.0002046581878907966
14	61	0.0002046581878907966
14	62	0.0002046581878907966
14	63	0.0002046581878907966
14	64	0.0002046581878907966
14	65	0.0002046581878907966
16	21	0.0002046581878907966
16	23	0.0002046581878907966
16	27	0.0002046581878907966
16	28	0.0002046581878907966
16	29	0.0002046581878907966
16	31	0.0002046581878907966
16	32	0.0002046581878907966
16	37	0.0002046581878907966
16	45	0.0002046581878907966
16	46	0.0002046581878907966
16	47	0.0002046581878907966
16	48	0.0002046581878907966
16	49	0.0002046581878907966
16	52	0.0002046581878907966
16	53	0.0002046581878907966
16	54	0.0002046581878907966
16	58	0.0002046581878907966
16	59	0.0002046581878907966
16	61	0.0002046581878907966
16	62	0.0002046581878907966
16	63	0.0002046581878907966
16	64	0.0002046581878907966
16	65	0.0002046581878907966
21	23	0.0002046581878907966
21	27	0.0002046581878907966
21	28	0.0002046581878907966
21	29	0.0002046581878907966
21	31	0.0002046581878907966
21	32	0.0002046581878907966
21	37	0.0002046581878907966
21	45	0.0002046581878907966
21	46	0.0002046581878907966
21	47	0.0002046581878907966
21	48	0.0002046581878907966
21	49	0.0002046581878907966
21	52	0.0002046581878907966
21	53	0.0002046581878907966
21	54	0.0002046581878907966
21	58	0.0002046581878907966
21	59	0.0002046581878907966
21	61	0.0002046581878907966
21	62	0.0002046581878907966
21	63	0.0002046581878907966
21	64	0.0002046581878907966
21	65	0.0002046581878907966
23	27	0.0002046581878907966
23	28	0.0002046581878907966
23	29	0.0002046581878907966
23	31	0.0002046581878907966
23	32	0.0002046581878907966
23	37	0.0002046581878907966
23	45	0.0002046581878907966
23	46	0.0002046581878907966
23	47	0.0002046581878907966
23	48	0.0002046581878907966
23	49	0.0002046581878907966
23	52	0.0002046581878907966
23	53	0.0002046581878907966
23	54	0.0002046581878907966
23	58	0.0002046581878907966
23	59	0.0002046581878907966
23	61	0.0002046581878907966
23	62	0.0002046581878907966
23	63	0.0002046581878907966
23	64	0.0002046581878907966
23	65	0.0002046581878907966
27	28	0.0002046581878907966
27	29	0.0002046581878907966
27	31	0.0002046581878907966
27	32	0.0002046581878907966
27	37	0.0002046581878907966
27	45	0.0002046581878907966
27	46	0.0002046581878907966
27	47	0.0002046581878907966
27	48	0.0002046581878907966
27	49	0.0002046581878907966
27	52	0.0002046581878907966
27	53	0.0002046581878907966
27	54	0.0002046581878907966
27	58	0.0002046581878907966
27	59	0.0002046581878907966
27	61	0.0002046581878907966
27	62	0.0002046581878907966
27	63	0.0002046581878907966
27	64	0.0002046581878907966
27	65	0.0002046581878907966
28	29	0.0002046581878907966
28	31	0.0002046581878907966
28	32	0.0002046581878907966
28	37	0.0002046581878907966
28	45	0.0002046581878907966
28	46	0.0002046581878907966
28	47	0.0002046581878907966
28	48	0.0002046581878907966
28	49	0.0002046581878907966
28	52	0.0002046581878907966
28	53	0.0002046581878907966
28	54	0.0002046581878907966
28	58	0.0002046581878907966
28	59	0.0002046581878907966
28	61	0.0002046581878907966
28	62	0.0002046581878907966
28	63	0.0002046581878907966
28	64	0.0002046581878907966
28	65	0.0002046581878907966
29	31	0.0002046581878907966
29	32	0.0002046581878907966
29	37	0.0002046581878907966
29	45	0.0002046581878907966
29	46	0.0002046581878907966
29	47	0.0002046581878907966
29	48	0.0002046581878907966
29	49	0.0002046581878907966
29	52	0.0002046581878907966
29	53	0.0002046581878907966
29	54	0.0002046581878907966
29	58	0.0002046581878907966
29	59	0.0002046581878907966
29	61	0.0002046581878907966
29	62	0.0002046581878907966
29	63	0.0002046581878907966
29	64	0.0002046581878907966
29	65	0.0002046581878907966
31	32	0.0002046581878907966
31	37	0.0002046581878907966
31	45	0.0002046581878907966
31	46	0.0002046581878907966
31	47	0.0002046581878907966
31	48	0.0002046581878907966
31	49	0.0002046581878907966
31	52	0.0002046581878907966
31	53	0.0002046581878907966
31	54	0.0002046581878907966
31	58	0.0002046581878907966
31	59	0.0002046581878907966
31	61	0.0002046581878907966
31	62	0.0002046581878907966
31	63	0.0002046581878907966
31	64	0.0002046581878907966
31	65	0.0002046581878907966
32	37	0.0002046581878907966
32	45	0.0002046581878907966
32	46	0.0002046581878907966
32	47	0.0002046581878907966
32	48	0.0002046581878907966
32	49	0.0002046581878907966
32	52	0.0002046581878907966
32	53	0.0002046581878907966
32	54	0.0002046581878907966
32	58	0.0002046581878907966
32	59	0.0002046581878907966
32	61	0.0002046581878907966
32	62	0.0002046581878907966
32	63	0.0002046581878907966
32	64	0.0002046581878907966
32	65	0.0002046581878907966
37	45	0.0002046581878907966
37	46	0.0002046581878907966
37	47	0.0002046581878907966
37	48	0.0002046581878907966
37	49	0.0002046581878907966
37	52	0.0002046581878907966
37	53	0.0002046581878907966
37	54	0.0002046581878907966
37	58	0.0002046581878907966
37	59	0.0002046581878907966
37	61	0.0002046581878907966
37	62	0.0002046581878907966
37	63	0.0002046581878907966
37	64	0.0002046581878907966
37	65	0.0002046581878907966
45	46	0.0002046581878907966
45	47	0.0002046581878907966
45	48	0.0002046581878907966
45	49	0.0002046581878907966
45	52	0.0002046581878907966
45	53	0.0002046581878907966
45	54	0.0002046581878907966
45	58	0.0002046581878907966
45	59	0.0002046581878907966
45	61	0.0002046581878907966
45	62	0.0002046581878907966
45	63	0.0002046581878907966
45	64	0.0002046581878907966
45	65	0.0002046581878907966
46	47	0.0002046581878907966
46	48	0.0002046581878907966
46	49	0.0002046581878907966
46	52	0.0002046581878907966
46	53	0.0002046581878907966
46	54	0.0002046581878907966
46	58	0.0002046581878907966
46	59	0.0002046581878907966
46	61	0.0002046581878907966
46	62	0.0002046581878907966
46	63	0.0002046581878907966
46	64	0.0002046581878907966
46	65	0.0002046581878907966
47	48	0.0002046581878907966
47	49	0.0002046581878907966
47	52	0.0002046581878907966
47	53	0.0002046581878907966
47	54	0.0002046581878907966
47	58	0.0002046581878907966
47	59	0.0002046581878907966
47	61	0.0002046581878907966
47	62	0.0002046581878907966
47	63	0.0002046581878907966
47	64	0.0002046581878907966
47	65	0.0002046581878907966
48	49	0.0002046581878907966
48	52	0.0002046581878907966
48	53	0.0002046581878907966
48	54	0.0002046581878907966
48	58	0.0002046581878907966
48	59	0.0002046581878907966
48	61	0.0002046581878907966
48	62	0.0002046581878907966
48	63	0.0002046581878907966
48	64	0.0002046581878907966
48	65	0.0002046581878907966
49	52	0.0002046581878907966
49	53	0.0002046581878907966
49	54	0.0002046581878907966
49	58	0.0002046581878907966
49	59	0.0002046581878907966
49	61	0.0002046581878907966
49	62	0.0002046581878907966
49	63	0.0002046581878907966
49	64	0.0002046581878907966
49	65	0.0002046581878907966
52	53	0.0002046581878907966
52	54	0.0002046581878907966
52	58	0.0002046581878907966
52	59	0.0002046581878907966
52	61	0.0002046581878907966
52	62	0.0002046581878907966
52	63	0.0002046581878907966
52	64	0.0002046581878907966
52	65	0.0002046581878907966
53	54	0.0002046581878907966
53	58	0.0002046581878907966
53	59	0.0002046581878907966
53	61	0.0002046581878907966
53	62	0.0002046581878907966
53	63	0.0002046581878907966
53	64	0.0002046581878907966
53	65	0.0002046581878907966
54	58	0.0002046581878907966
54	59	0.0002046581878907966
54	61	0.0002046581878907966
54	62	0.0002046581878907966
54	63	0.0002046581878907966
54	64	0.0002046581878907966
54	65	0.0002046581878907966
58	59	0.0002046581878907966
58	61	0.0002046581878907966
58	62	0.0002046581878907966
58	63	0.0002046581878907966
58	64	0.0002046581878907966
58	65	0.0002046581878907966
59	61	0.0002046581878907966
59	62	0.0002046581878907966
59	63	0.0002046581878907966
59	64	0.0002046581878907966
59	65	0.0002046581878907966
61	62	0.0002046581878907966
61	63	0.0002046581878907966
61	64	0.0002046581878907966
61	65	0.0002046581878907966
62	63	0.0002046581878907966
62	64	0.0002046581878907966
62	65	0.0002046581878907966
63	64	0.0002046581878907966
63	65	0.0002046581878907966
64	65	0.0002046581878907966
9	36	0.00020465816147072213
12	36	0.00020465816147072213
14	36	0.00020465816147072213
16	36	0.00020465816147072213
21	36	0.00020465816147072213
23	36	0.00020465816147072213
27	36	0.00020465816147072213
28	36	0.00020465816147072213
29	36	0.00020465816147072213
31	36	0.00020465816147072213
32	36	0.00020465816147072213
36	37	0.00020465816147072213
36	45	0.00020465816147072213
36	46	0.00020465816147072213
36	47	0.00020465816147072213
36	48	0.00020465816147072213
36	49	0.00020465816147072213
36	52	0.00020465816147072213
36	53	0.00020465816147072213
36	54	0.00020465816147072213
36	58	0.00020465816147072213
36	59	0.00020465816147072213
36	61	0.00020465816147072213
36	62	0.00020465816147072213
36	63	0.00020465816147072213
36	64	0.00020465816147072213
36	65	0.00020465816147072213
9	71	-0.00026194867366385183
12	71	-0.00026194867366385183
14	71	-0.00026194867366385183
16	71	-0.00026194867366385183
21	71	-0.00026194867366385183
23	71	-0.00026194867366385183
27	71	-0.00026194867366385183
28	71	-0.00026194867366385183
29	71	-0.00026194867366385183
31	71	-0.00026194867366385183
32	71	-0.00026194867366385183
37	71	-0.00026194867366385183
45	71	-0.00026194867366385183
46	71	-0.00026194867366385183
47	71	-0.00026194867366385183
48	71	-0.00026194867366385183
49	71	-0.00026194867366385183
52	71	-0.00026194867366385183
53	71	-0.00026194867366385183
54	71	-0.00026194867366385183
58	71	-0.00026194867366385183
59	71	-0.00026194867366385183
61	71	-0.00026194867366385183
62	71	-0.00026194867366385183
63	71	-0.00026194867366385183
64	71	-0.00026194867366385183
65	71	-0.00026194867366385183
36	71	-0.00026194870043209223
38	71	-0.0002619500923805307
55	71	-0.0002619500923805307
19	71	-0.0002619501191487676
20	71	-0.0002619501191487676
22	71	-0.00026195017268524495
39	71	-0.00026195017268524495
57	71	-0.00026195017268524495
40	71	-0.00026195019945348536
41	71	-0.00026195019945348536
56	71	-0.00026195019945348536
7	71	-0.0002619502262217223
10	71	-0.0002619502262217223
13	71	-0.0002619502262217223
18	71	-0.0002619502262217223
24	71	-0.0002619502262217223
33	71	-0.0002619502262217223
34	71	-0.0002619502262217223
42	71	-0.0002619502262217223
51	71	-0.0002619502262217223
60	71	-0.0002619502262217223
8	71	-0.0002619502529899627
11	71	-0.0002619502529899627
15	71	-0.0002619502529899627
17	71	-0.0002619502529899627
25	71	-0.0002619502529899627
26	71	-0.0002619502529899627
30	71	-0.0002619502529899627
35	71	-0.0002619502529899627
43	71	-0.0002619502529899627
44	71	-0.0002619502529899627
50	71	-0.0002619502529899627
36	66	-0.001486054891216157
9	66	-0.0014860567258642605
12	66	-0.0014860567258642605
14	66	-0.0014860567258642605
16	66	-0.0014860567258642605
21	66	-0.0014860567258642605
23	66	-0.0014860567258642605
27	66	-0.0014860567258642605
28	66	-0.0014860567258642605
29	66	-0.0014860567258642605
31	66	-0.0014860567258642605
32	66	-0.0014860567258642605
37	66	-0.0014860567258642605
45	66	-0.0014860567258642605
46	66	-0.0014860567258642605
47	66	-0.0014860567258642605
48	66	-0.0014860567258642605
49	66	-0.0014860567258642605
52	66	-0.0014860567258642605
53	66	-0.0014860567258642605
54	66	-0.0014860567258642605
58	66	-0.0014860567258642605
59	66	-0.0014860567258642605
61	66	-0.0014860567258642605
62	66	-0.0014860567258642605
63	66	-0.0014860567258642605
64	66	-0.0014860567258642605
65	66	-0.0014860567258642605
38	66	-0.001486058209707753
55	66	-0.001486058209707753
19	66	-0.0014860582377047987
20	66	-0.0014860582377047987
22	66	-0.0014860582936988935
39	66	-0.0014860582936988935
57	66	-0.0014860582936988935
40	66	-0.0014860583216959426
41	66	-0.0014860583216959426
56	66	-0.0014860583216959426
7	66	-0.0014860583496929848
10	66	-0.0014860583496929848
13	66	-0.0014860583496929848
18	66	-0.0014860583496929848
24	66	-0.0014860583496929848
33	66	-0.0014860583496929848
34	66	-0.0014860583496929848
42	66	-0.0014860583496929848
51	66	-0.0014860583496929848
60	66	-0.0014860583496929848
8	66	-0.0014860583776900305
11	66	-0.0014860583776900305
15	66	-0.0014860583776900305
17	66	-0.0014860583776900305
25	66	-0.0014860583776900305
26	66	-0.0014860583776900305
30	66	-0.0014860583776900305
35	66	-0.0014860583776900305
43	66	-0.0014860583776900305
44	66	-0.0014860583776900305
50	66	-0.0014860583776900305
2	22	-0.0016495698334124953
2	39	-0.0016495698334124953
2	57	-0.0016495698334124953
2	40	-0.0016495698615855287
2	41	-0.0016495698615855287
2	56	-0.0016495698615855287
2	7	-0.0016495698897585585
2	10	-0.0016495698897585585
2	13	-0.0016495698897585585
2	18	-0.0016495698897585585
2	24	-0.0016495698897585585
2	33	-0.0016495698897585585
2	34	-0.0016495698897585585
2	42	-0.0016495698897585585
2	51	-0.0016495698897585585
2	60	-0.0016495698897585585
2	8	-0.0016495699179315919
2	11	-0.0016495699179315919
2	15	-0.0016495699179315919
2	17	-0.0016495699179315919
2	25	-0.0016495699179315919
2	26	-0.0016495699179315919
2	30	-0.0016495699179315919
2	35	-0.0016495699179315919
2	43	-0.0016495699179315919
2	44	-0.0016495699179315919
2	50	-0.0016495699179315919
9	69	-0.0016495700655276418
12	69	-0.0016495700655276418
14	69	-0.0016495700655276418
16	69	-0.0016495700655276418
21	69	-0.0016495700655276418
23	69	-0.0016495700655276418
27	69	-0.0016495700655276418
28	69	-0.0016495700655276418
29	69	-0.0016495700655276418
31	69	-0.0016495700655276418
32	69	-0.0016495700655276418
37	69	-0.0016495700655276418
45	69	-0.0016495700655276418
46	69	-0.0016495700655276418
47	69	-0.0016495700655276418
48	69	-0.0016495700655276418
49	69	-0.0016495700655276418
52	69	-0.0016495700655276418
53	69	-0.0016495700655276418
54	69	-0.0016495700655276418
58	69	-0.0016495700655276418
59	69	-0.0016495700655276418
61	69	-0.0016495700655276418
62	69	-0.0016495700655276418
63	69	-0.0016495700655276418
64	69	-0.0016495700655276418
65	69	-0.0016495700655276418
36	69	-0.0016495700937006752
9	67	-0.0016495701183677908
12	67	-0.0016495701183677908
14	67	-0.0016495701183677908
16	67	-0.0016495701183677908
21	67	-0.0016495701183677908
23	67	-0.0016495701183677908
27	67	-0.0016495701183677908
28	67	-0.0016495701183677908
29	67	-0.0016495701183677908
31	67	-0.0016495701183677908
32	67	-0.0016495701183677908
37	67	-0.0016495701183677908
45	67	-0.0016495701183677908
46	67	-0.0016495701183677908
47	67	-0.0016495701183677908
48	67	-0.0016495701183677908
49	67	-0.0016495701183677908
52	67	-0.0016495701183677908
53	67	-0.0016495701183677908
54	67	-0.0016495701183677908
58	67	-0.0016495701183677908
59	67	-0.0016495701183677908
61	67	-0.0016495701183677908
62	67	-0.0016495701183677908
63	67	-0.0016495701183677908
64	67	-0.0016495701183677908
65	67	-0.0016495701183677908
36	67	-0.0016495701465408241
38	70	-0.001649570462295101
55	70	-0.001649570462295101
22	70	-0.0016495705468141872
39	70	-0.0016495705468141872
57	70	-0.0016495705468141872
41	70	-0.0016495705749872205
7	70	-0.001649570603160247
10	70	-0.001649570603160247
13	70	-0.001649570603160247
18	70	-0.001649570603160247
24	70	-0.001649570603160247
33	70	-0.001649570603160247
34	70	-0.001649570603160247
42	70	-0.001649570603160247
51	70	-0.001649570603160247
60	70	-0.001649570603160247
5	41	-0.0016495706410075799
6	7	-0.0016495706427605387
6	10	-0.0016495706427605387
6	13	-0.0016495706427605387
6	18	-0.0016495706427605387
6	24	-0.0016495706427605387
6	33	-0.0016495706427605387
6	34	-0.0016495706427605387
6	42	-0.0016495706427605387
6	51	-0.0016495706427605387
6	60	-0.0016495706427605387
5	7	-0.0016495706691806097
5	10	-0.0016495706691806097
5	13	-0.0016495706691806097
5	18	-0.0016495706691806097
5	24	-0.0016495706691806097
5	33	-0.0016495706691806097
5	34	-0.0016495706691806097
5	42	-0.0016495706691806097
5	51	-0.0016495706691806097
5	60	-0.0016495706691806097
6	8	-0.0016495706709335686
6	11	-0.0016495706709335686
6	15	-0.0016495706709335686
6	17	-0.0016495706709335686
6	25	-0.0016495706709335686
6	26	-0.0016495706709335686
6	30	-0.0016495706709335686
6	35	-0.0016495706709335686
6	43	-0.0016495706709335686
6	44	-0.0016495706709335686
6	50	-0.0016495706709335686
5	8	-0.0016495706973536396
5	11	-0.0016495706973536396
5	15	-0.0016495706973536396
5	17	-0.0016495706973536396
5	25	-0.0016495706973536396
5	26	-0.0016495706973536396
5	30	-0.0016495706973536396
5	35	-0.0016495706973536396
5	43	-0.0016495706973536396
5	44	-0.0016495706973536396
5	50	-0.0016495706973536396
3	22	-0.0016495707185148513
3	39	-0.0016495707185148513
3	57	-0.0016495707185148513
3	40	-0.0016495707466878846
3	41	-0.0016495707466878846
3	56	-0.0016495707466878846
3	7	-0.0016495707748609145
3	10	-0.0016495707748609145
3	13	-0.0016495707748609145
3	18	-0.0016495707748609145
3	24	-0.0016495707748609145
3	33	-0.0016495707748609145
3	34	-0.0016495707748609145
3	42	-0.0016495707748609145
3	51	-0.0016495707748609145
3	60	-0.0016495707748609145
3	8	-0.0016495708030339444
3	11	-0.0016495708030339444
3	15	-0.0016495708030339444
3	17	-0.0016495708030339444
3	25	-0.0016495708030339444
3	26	-0.0016495708030339444
3	30	-0.0016495708030339444
3	35	-0.0016495708030339444
3	43	-0.0016495708030339444
3	44	-0.0016495708030339444
3	50	-0.0016495708030339444
9	70	-0.001649570831769677
12	70	-0.001649570831769677
14	70	-0.001649570831769677
16	70	-0.001649570831769677
21	70	-0.001649570831769677
23	70	-0.001649570831769677
27	70	-0.001649570831769677
28	70	-0.001649570831769677
29	70	-0.001649570831769677
31	70	-0.001649570831769677
32	70	-0.001649570831769677
37	70	-0.001649570831769677
45	70	-0.001649570831769677
46	70	-0.001649570831769677
47	70	-0.001649570831769677
48	70	-0.001649570831769677
49	70	-0.001649570831769677
52	70	-0.001649570831769677
53	70	-0.001649570831769677
54	70	-0.001649570831769677
58	70	-0.001649570831769677
59	70	-0.001649570831769677
61	70	-0.001649570831769677
62	70	-0.001649570831769677
63	70	-0.001649570831769677
64	70	-0.001649570831769677
65	70	-0.001649570831769677
36	70	-0.0016495708599427034
6	9	-0.0016495708713698404
6	12	-0.0016495708713698404
6	14	-0.0016495708713698404
6	16	-0.0016495708713698404
6	21	-0.0016495708713698404
6	23	-0.0016495708713698404
6	27	-0.0016495708713698404
6	28	-0.0016495708713698404
6	29	-0.0016495708713698404
6	31	-0.0016495708713698404
6	32	-0.0016495708713698404
6	37	-0.0016495708713698404
6	45	-0.0016495708713698404
6	46	-0.0016495708713698404
6	47	-0.0016495708713698404
6	48	-0.0016495708713698404
6	49	-0.0016495708713698404
6	52	-0.0016495708713698404
6	53	-0.0016495708713698404
6	54	-0.0016495708713698404
6	58	-0.0016495708713698404
6	59	-0.0016495708713698404
6	61	-0.0016495708713698404
6	62	-0.0016495708713698404
6	63	-0.0016495708713698404
6	64	-0.0016495708713698404
6	65	-0.0016495708713698404
5	9	-0.0016495708977899148
5	12	-0.0016495708977899148
5	14	-0.0016495708977899148
5	16	-0.0016495708977899148
5	21	-0.0016495708977899148
5	23	-0.0016495708977899148
5	27	-0.0016495708977899148
5	28	-0.0016495708977899148
5	29	-0.0016495708977899148
5	31	-0.0016495708977899148
5	32	-0.0016495708977899148
5	37	-0.0016495708977899148
5	45	-0.0016495708977899148
5	46	-0.0016495708977899148
5	47	-0.0016495708977899148
5	48	-0.0016495708977899148
5	49	-0.0016495708977899148
5	52	-0.0016495708977899148
5	53	-0.0016495708977899148
5	54	-0.0016495708977899148
5	58	-0.0016495708977899148
5	59	-0.0016495708977899148
5	61	-0.0016495708977899148
5	62	-0.0016495708977899148
5	63	-0.0016495708977899148
5	64	-0.0016495708977899148
5	65	-0.0016495708977899148
6	36	-0.0016495708995428737
5	36	-0.0016495709259629447
3	9	-0.0016495710034702092
3	12	-0.0016495710034702092
3	14	-0.0016495710034702092
3	16	-0.0016495710034702092
3	21	-0.0016495710034702092
3	23	-0.0016495710034702092
3	27	-0.0016495710034702092
3	28	-0.0016495710034702092
3	29	-0.0016495710034702092
3	31	-0.0016495710034702092
3	32	-0.0016495710034702092
3	37	-0.0016495710034702092
3	45	-0.0016495710034702092
3	46	-0.0016495710034702092
3	47	-0.0016495710034702092
3	48	-0.0016495710034702092
3	49	-0.0016495710034702092
3	52	-0.0016495710034702092
3	53	-0.0016495710034702092
3	54	-0.0016495710034702092
3	58	-0.0016495710034702092
3	59	-0.0016495710034702092
3	61	-0.0016495710034702092
3	62	-0.0016495710034702092
3	63	-0.0016495710034702092
3	64	-0.0016495710034702092
3	65	-0.0016495710034702092
3	36	-0.0016495710316432426
19	69	-0.0016495715868714254
20	69	-0.0016495715868714254
19	67	-0.0016495716397115778
20	67	-0.0016495716397115778
40	69	-0.0016495716713905255
56	69	-0.0016495716713905255
40	67	-0.0016495717242306779
56	67	-0.0016495717242306779
8	69	-0.0016495717277365887
11	69	-0.0016495717277365887
15	69	-0.0016495717277365887
17	69	-0.0016495717277365887
25	69	-0.0016495717277365887
26	69	-0.0016495717277365887
30	69	-0.0016495717277365887
35	69	-0.0016495717277365887
43	69	-0.0016495717277365887
44	69	-0.0016495717277365887
50	69	-0.0016495717277365887
8	67	-0.0016495717805767411
11	67	-0.0016495717805767411
15	67	-0.0016495717805767411
17	67	-0.0016495717805767411
25	67	-0.0016495717805767411
26	67	-0.0016495717805767411
30	67	-0.0016495717805767411
35	67	-0.0016495717805767411
43	67	-0.0016495717805767411
44	67	-0.0016495717805767411
50	67	-0.0016495717805767411
2	9	-0.00164957198101294
2	12	-0.00164957198101294
2	14	-0.00164957198101294
2	16	-0.00164957198101294
2	21	-0.00164957198101294
2	23	-0.00164957198101294
2	27	-0.00164957198101294
2	28	-0.00164957198101294
2	29	-0.00164957198101294
2	31	-0.00164957198101294
2	32	-0.00164957198101294
2	37	-0.00164957198101294
2	45	-0.00164957198101294
2	46	-0.00164957198101294
2	47	-0.00164957198101294
2	48	-0.00164957198101294
2	49	-0.00164957198101294
2	52	-0.00164957198101294
2	53	-0.00164957198101294
2	54	-0.00164957198101294
2	58	-0.00164957198101294
2	59	-0.00164957198101294
2	61	-0.00164957198101294
2	62	-0.00164957198101294
2	63	-0.00164957198101294
2	64	-0.00164957198101294
2	65	-0.00164957198101294
2	36	-0.0016495720091859734
19	70	-0.0016495723531132767
20	70	-0.0016495723531132767
6	38	-0.0016495723645405282
6	55	-0.0016495723645405282
5	38	-0.0016495723909606026
5	55	-0.0016495723909606026
6	19	-0.001649572392713558
6	20	-0.001649572392713558
5	19	-0.0016495724191336325
5	20	-0.0016495724191336325
40	70	-0.0016495724376323698
56	70	-0.0016495724376323698
6	22	-0.0016495724490596247
6	39	-0.0016495724490596247
6	57	-0.0016495724490596247
5	22	-0.0016495724754796992
5	39	-0.0016495724754796992
5	57	-0.0016495724754796992
6	40	-0.001649572477232658
6	41	-0.001649572477232658
6	56	-0.001649572477232658
8	70	-0.001649572493978426
11	70	-0.001649572493978426
15	70	-0.001649572493978426
17	70	-0.001649572493978426
25	70	-0.001649572493978426
26	70	-0.001649572493978426
30	70	-0.001649572493978426
35	70	-0.001649572493978426
43	70	-0.001649572493978426
44	70	-0.001649572493978426
50	70	-0.001649572493978426
3	38	-0.001649572496640904
3	55	-0.001649572496640904
5	40	-0.001649572503652729
5	56	-0.001649572503652729
3	19	-0.0016495725248139338
3	20	-0.0016495725248139338
38	69	-0.0016495734213435413
55	69	-0.0016495734213435413
2	38	-0.0016495734741836937
2	55	-0.0016495734741836937
38	67	-0.0016495734741836937
55	67	-0.0016495734741836937
2	19	-0.0016495735023567236
2	20	-0.0016495735023567236
22	69	-0.0016495735058626414
39	69	-0.0016495735058626414
57	69	-0.0016495735058626414
41	69	-0.0016495735340356747
22	67	-0.0016495735587027938
39	67	-0.0016495735587027938
57	67	-0.0016495735587027938
7	69	-0.0016495735622087046
10	69	-0.0016495735622087046
13	69	-0.0016495735622087046
18	69	-0.0016495735622087046
24	69	-0.0016495735622087046
33	69	-0.0016495735622087046
34	69	-0.0016495735622087046
42	69	-0.0016495735622087046
51	69	-0.0016495735622087046
60	69	-0.0016495735622087046
41	67	-0.0016495735868758271
7	67	-0.001649573615048857
10	67	-0.001649573615048857
13	67	-0.001649573615048857
18	67	-0.001649573615048857
24	67	-0.001649573615048857
33	67	-0.001649573615048857
34	67	-0.001649573615048857
42	67	-0.001649573615048857
51	67	-0.001649573615048857
60	67	-0.001649573615048857
1	69	-0.004028116074948098
1	2	-0.004028116127229565
1	67	-0.004028116127229565
1	70	-0.004028116872476312
1	6	-0.004028116891963935
1	5	-0.0040281169181046635
1	3	-0.004028117022667598
66	68	-0.0047239888794061435
4	70	-0.005080001485776305
4	6	-0.005080001513239188
4	5	-0.005080001539490685
4	69	-0.005080002563299199
2	4	-0.0050800026158022045
4	67	-0.0050800026158022045
3	4	-0.0050800035071418385
4	66	-0.005272190643060521
68	70	-0.005352924790616546
6	68	-0.005352924807258803
5	68	-0.005352924833360015
3	68	-0.005352924937764871
68	69	-0.005352925851307356
67	68	-0.005352925903509786
2	68	-0.005352927766154935
1	66	-0.0073806443403577615