#==========================================================================
# The first and second rows contain site pairs (i, j) such that j > i
# The third row contains coevolutionary scores obtained 
# using plmDCA-pydca algorithm.
# Note that in this data sites are counted/labelled starting from 1
#==========================================================================
21	44	2.5806905191469296
22	43	2.4248878503471003
19	46	2.3692200633752787
20	45	2.339423740812937
18	47	2.213928238735274
23	42	2.1855410692925576
4	71	1.9646118023104395
17	48	1.9607697644259177
36	60	1.882546681013804
34	62	1.8200196850624808
24	41	1.7388884099315
9	53	1.6920851089512483
5	70	1.675769499234483
38	58	1.6333092699143732
8	54	1.599828687505258
3	72	1.4280076868795635
31	63	0.9903094297245936
16	49	0.9459334777277463
7	68	0.8208162328058535
37	59	0.8151643065593326
6	69	0.8127915639675434
2	73	0.7990758870552424
1	74	0.6777396579827091
11	12	0.6049015237375153
25	40	0.5192706813700064
35	61	0.4943326195014419
10	52	0.4933958166536353
67	68	0.4588871340632286
64	67	0.42502499702790675
28	39	0.4234711100654775
26	27	0.3742338453084694
71	72	0.32907516206397897
56	62	0.32289535913659057
29	30	0.2602476684966983
55	56	0.25465476524665664
23	27	0.2529262358374082
72	73	0.24360392732221636
13	49	0.2361763387580662
37	38	0.21800743931075578
1	73	0.216970564722605
55	62	0.2102558873419714
52	53	0.20829887382419085
9	52	0.20650168745797548
12	13	0.20579687020976725
2	8	0.20454624585512354
32	33	0.19239553505889656
56	61	0.19069264250427787
1	6	0.18865106568546952
25	28	0.18844401704437005
25	39	0.177240998080899
26	72	0.17546790143727686
9	10	0.17447248820241126
38	39	0.17446581261220087
58	63	0.1681769580550271
26	75	0.1653319236578102
25	41	0.16476815769989955
34	56	0.16420960983100907
68	70	0.16366595577352488
16	40	0.1604906705401406
74	75	0.16033326420764538
35	37	0.15870712756240168
23	26	0.1578098417727361
16	48	0.15733118841183646
16	35	0.1573300296959056
49	50	0.1543910761764989
50	56	0.15382458260018625
38	59	0.15369006794801002
64	68	0.15326605067390073
16	50	0.1519339484534893
11	55	0.151446573589193
34	55	0.14914366083526906
10	53	0.14884809479557687
29	56	0.14852293048699405
30	56	0.14620430256762112
18	44	0.1447987776414259
6	56	0.14424873456189807
24	40	0.1426920618916967
31	38	0.1402005672012142
18	21	0.1389925583934581
29	70	0.13742721413858278
3	29	0.13473929931159562
27	40	0.13367168655364414
44	47	0.13278801699158654
25	26	0.13228384862833775
2	75	0.13171990390279914
1	27	0.1316362465918981
10	28	0.13161060954854206
21	47	0.1315999273965313
13	73	0.13081668050329642
23	41	0.1293086862554787
56	74	0.12828329948613498
12	56	0.12734219351232373
55	57	0.1267013884014983
16	26	0.1262721761190922
25	27	0.12553240958630923
26	45	0.12442879326421002
2	28	0.12417866281128176
37	43	0.12389576446307524
14	69	0.12204254888329152
26	41	0.12122362706382855
1	64	0.12087070149013063
35	38	0.12056893000711114
14	15	0.12007430323036247
7	45	0.12002405295212326
37	58	0.11939976864833063
10	71	0.11920670050590088
34	71	0.11821594285356696
61	69	0.1182097485069309
15	50	0.11784251457426968
3	48	0.11764041711673712
31	58	0.11760307523656244
17	20	0.11708814886981667
25	46	0.11560134165088537
51	65	0.11490263648704377
58	59	0.11370874422491167
73	74	0.11361157549431938
49	75	0.11309449744895506
1	13	0.11286104593874124
17	68	0.11158682357043931
39	50	0.1113352051594807
11	68	0.1110235224789437
62	74	0.11048144194675552
12	75	0.11010114622228873
48	49	0.10983097706921069
49	57	0.10975216115585187
15	51	0.10864092154436669
35	73	0.10829967055036754
27	74	0.1076842554249885
32	35	0.10749581305602177
21	22	0.10742073393040147
27	75	0.10663038803511932
1	37	0.1062147230995022
29	73	0.1055003114552251
61	66	0.10540425993031093
8	40	0.1053027449359405
23	24	0.10461412907448403
2	27	0.10410964703015774
17	74	0.10403486072754997
13	58	0.10392106402412962
27	29	0.10369400545331031
10	13	0.1036174974706868
54	55	0.10321670272562092
8	46	0.10272408340137645
63	66	0.10263500069816962
57	68	0.1026066002126641
22	48	0.10216354890726176
3	39	0.10166930122523621
15	65	0.10133754947491302
32	37	0.10109709721431676
29	72	0.10100405076749008
30	55	0.10051925245733029
4	45	0.09980231636197096
40	61	0.09967587987910939
18	26	0.09961502844167353
32	51	0.0992930791404596
51	66	0.09908348816835913
16	57	0.0989663673833042
16	17	0.09871263282402665
3	63	0.09827727345525203
56	75	0.09778907839354822
11	13	0.09772062131994122
62	71	0.09692993135396866
8	67	0.09625966697141355
43	59	0.09620045335290825
30	71	0.09570222536879441
14	51	0.09550456065436737
10	12	0.0946490691357178
13	56	0.09359619421723842
24	57	0.09321195106119551
17	28	0.09299258743439356
4	74	0.09290302044706894
59	61	0.09287214391572636
21	39	0.0926665802049676
2	41	0.09258713498424109
20	75	0.09253256847236563
24	74	0.09246243953787203
33	35	0.09238400160365089
32	65	0.09180469736721729
29	50	0.09178937058799497
13	47	0.09160489511056147
38	63	0.0914766860063784
65	66	0.09146150350839621
11	50	0.090816912649899
33	51	0.090667566694605
20	38	0.09056337432019212
26	40	0.09054075391330596
13	71	0.09052725928470062
10	11	0.09029806507927177
2	64	0.09007672575580308
13	63	0.08990539262513875
31	75	0.08967158826475394
41	52	0.08958957563503969
38	45	0.08934802048192647
36	37	0.08918362600698791
6	66	0.08867312182801196
26	42	0.08859464627898389
25	29	0.08837227939319808
45	75	0.08805296168587085
16	25	0.08797391599612986
14	65	0.0875306455933112
12	50	0.08705003481795276
3	73	0.08690971400284841
21	43	0.08674671383544341
48	55	0.08640146570276042
3	5	0.0863182026495326
30	60	0.08573766551983478
31	66	0.0856798658150998
30	36	0.08521343721329017
15	32	0.08495954020763753
6	65	0.0849115843104514
27	73	0.08485449658754546
29	75	0.08484246941788182
22	23	0.0847847339251745
33	37	0.08472808097707393
53	60	0.08467343594717103
21	74	0.0845569280610507
51	61	0.08438243220341983
3	4	0.08402706576945435
64	66	0.08401986551840834
67	70	0.08377543777146829
31	32	0.0835836760377103
15	66	0.08314465373103615
37	39	0.08310342865588699
33	65	0.08298879861373973
23	73	0.0828367911577012
35	36	0.08267357116336656
27	30	0.08264480450502121
2	30	0.08226535951655234
6	19	0.08162890667777684
5	24	0.08112679461935968
50	55	0.08065356097978532
32	64	0.08061163989880854
41	56	0.08046940496094507
25	58	0.08041129213253073
45	72	0.08012431819315868
53	62	0.08008848640019992
2	54	0.07999186223086674
37	57	0.07998756870173757
27	60	0.07966516228465031
4	49	0.07958215927060036
17	75	0.07914197555735175
11	37	0.07890869683621227
9	62	0.07887444358766038
39	58	0.07879061518710312
2	26	0.07851285197682528
40	47	0.07812675184505141
51	59	0.07812045675628003
1	30	0.07789622772420746
64	72	0.0772811714746531
35	66	0.07696472704980975
42	62	0.07582834736138483
7	43	0.07581444376270063
25	38	0.07572591583799476
12	68	0.07572154020087105
3	49	0.07564789260016963
7	72	0.07543024242523932
15	33	0.07508486643363546
11	45	0.07442448593572165
32	66	0.07431997418244038
61	65	0.07401136821742224
11	54	0.07368868112933413
30	61	0.07323574132131397
66	67	0.07294970116750953
13	53	0.07294202246371828
29	42	0.07292693947014145
53	70	0.07278642309698197
40	43	0.07275570832897277
35	65	0.07255374516856916
14	50	0.07212421881390747
1	55	0.07211384547469693
9	60	0.07194030107801452
64	65	0.071805115460261
66	69	0.07129660206117375
9	70	0.07111739686959317
1	12	0.07070405933719648
34	64	0.07068708146538225
2	16	0.07044199374326349
36	53	0.07029246809763026
66	68	0.07016187603635217
12	49	0.06990564409136668
50	72	0.06976439220820532
37	65	0.06970783635366581
8	30	0.06961090379197815
7	16	0.06953237228031295
30	75	0.0695255487533532
6	61	0.06937018423944621
7	8	0.06914867077158207
14	32	0.06869908528854515
57	65	0.06869071872858906
30	49	0.06868451431555261
11	73	0.0684706374196083
4	7	0.068441555939528
31	33	0.06841964026430428
30	57	0.0681468751235823
39	54	0.06812721580854625
14	66	0.06805215209055057
13	24	0.06803569453847022
65	69	0.06801645895549438
11	29	0.06771915547322815
39	40	0.06769669198622102
29	48	0.06767781655483845
7	67	0.06765364869571039
50	65	0.06765270985548705
8	48	0.06734973569926234
29	40	0.06706765520243768
39	73	0.0669562277476154
4	24	0.06683395533631831
3	28	0.06639992599074726
59	65	0.06631557596207044
20	43	0.06623805615248912
28	75	0.065866391020165
25	44	0.06553933374575399
28	50	0.06542103240626151
26	46	0.06521522937869345
51	55	0.06500272647339284
41	74	0.0648918061963521
13	22	0.06472491252066298
33	64	0.06471286399861297
59	66	0.06461376713208739
29	49	0.06432496558534345
15	61	0.06423715252653583
33	66	0.06406318521457392
9	15	0.06379802600646121
51	52	0.06345064407200715
19	56	0.0631846835552467
46	54	0.06312061864118695
2	61	0.06310693387841765
25	52	0.06307893860036193
5	72	0.06281118508651268
72	75	0.06272003260858766
22	31	0.0626871965650303
26	39	0.06266533432681709
57	58	0.06263654319373124
68	74	0.06262921339794059
4	64	0.06261482601038565
46	53	0.06223455312778675
19	30	0.06186828693949309
35	51	0.06177554003464289
30	58	0.06166700651126772
12	42	0.06164522133814376
4	28	0.061392311060811944
5	18	0.06124991229138038
15	53	0.0610948131241696
41	44	0.060858590799260204
27	57	0.06061164573953032
13	30	0.06044936134351092
8	10	0.06034801316167235
42	73	0.06010860688276343
5	10	0.059817949838987805
51	63	0.059742409911609
1	28	0.05967900785306371
51	69	0.05956998903800411
37	60	0.059484351230848026
3	71	0.05942677084931591
16	55	0.05937323193788743
11	59	0.05937207315196885
6	64	0.05907543379524774
13	28	0.05902960426631937
7	49	0.05893197753683041
7	13	0.05851680952773075
63	74	0.05840075514582205
30	70	0.05837442002696602
34	42	0.05836923637106178
13	27	0.05835996230170781
34	57	0.05829144510135284
20	74	0.05807358323439388
14	33	0.057956616891526
38	64	0.0575028239583423
20	69	0.057475392105455964
12	35	0.05734821044946645
32	61	0.057179018913599375
37	51	0.05711694252900992
36	59	0.05690645028341139
7	27	0.05661918767148208
25	59	0.05626688297297794
1	39	0.0562649746301232
8	27	0.05615612315636165
13	35	0.05611163041489914
2	57	0.05610204766520471
31	43	0.05575620410145879
15	59	0.05544278468945178
54	69	0.05517708011402189
25	30	0.055169473031605576
2	50	0.054946312914222945
30	40	0.05488268299095461
5	68	0.05486194968084798
68	73	0.054751105341042605
32	36	0.054667715479493076
69	74	0.05458455095863002
3	22	0.054564859268786015
40	64	0.054374883923834105
27	54	0.054270684073677466
52	65	0.05410195974592566
35	59	0.05405663725199163
18	29	0.053793198308483614
54	63	0.053747301380671714
2	34	0.05342510684039764
52	59	0.053370202430810545
28	73	0.053318190913151264
47	56	0.053261809175055075
9	33	0.05309966503888215
7	48	0.05307084640885407
51	67	0.05302992194889916
4	69	0.052955678650369986
38	57	0.05290915940844143
24	39	0.05277663102418645
1	26	0.05243432111651175
48	56	0.05239141890317739
6	51	0.05230272474161453
55	65	0.05224810572621285
20	26	0.05218412472609285
28	41	0.0521591638251612
9	27	0.05209942499863096
42	49	0.05180857960841634
41	73	0.051659982074340416
11	31	0.05137522342206502
6	11	0.05106620589906158
54	64	0.0507275189827297
26	28	0.05060197381026196
63	65	0.05054829444555532
5	12	0.05038600175252925
6	67	0.050197093084819955
33	38	0.05017222023240543
7	30	0.050137987036131926
9	36	0.0500354397357759
39	43	0.04994119364447247
23	43	0.049917482736074326
11	64	0.04990853332114739
1	48	0.04990650931315804
16	23	0.04958078028047935
51	64	0.04956347284040323
51	57	0.04936677307808782
41	69	0.04918997819226209
32	59	0.048911301574616636
50	51	0.04882388996773667
32	63	0.04870366401625643
29	68	0.04855748824310374
11	69	0.04851387227034215
11	74	0.04846022948803225
57	63	0.048425265343242235
9	34	0.04820081277203833
49	69	0.04805242917317876
48	74	0.04793035187639788
10	33	0.04766161350362229
40	50	0.047625440904231764
30	46	0.04762071862313044
2	25	0.047610778852874125
2	4	0.047538255539992746
16	18	0.04747203971485514
6	21	0.04735059458587751
55	60	0.047258900811631976
13	74	0.046797002675336596
25	49	0.04667058538232227
9	57	0.046531751007937355
52	70	0.04630638241714219
6	32	0.04630623506313722
3	7	0.04602983872844052
31	51	0.045196387484795576
14	24	0.04514537486868132
17	26	0.04481181371832166
33	61	0.044396908068365326
17	41	0.044355610816679214
14	61	0.044305617442467
23	67	0.04426315043131035
25	53	0.0436556144426995
37	66	0.0434290874102001
25	37	0.04317398365398972
11	38	0.04309210551424342
26	48	0.04307314057324968
21	75	0.0428490655544444
29	57	0.04280191108518824
31	74	0.04279121421889434
32	56	0.04274958780625125
32	38	0.04272178408420563
25	69	0.042645144537308444
31	70	0.04244190408927337
4	18	0.04240168042848469
35	56	0.042317532186148615
1	10	0.042311941249313256
45	74	0.04222502965026159
33	36	0.042074817618861685
16	46	0.0420220976795469
11	40	0.04185422742570988
10	61	0.041755763677553695
7	65	0.041619553708791335
54	71	0.04160460491992274
30	39	0.04143587006518301
22	63	0.04142286892122182
10	14	0.04136442868247847
22	75	0.04130916909831617
23	46	0.04119722034138196
30	74	0.04116111708008102
26	54	0.041062641208964024
57	74	0.041038599412972776
5	29	0.0408224018173135
4	40	0.04080863446495536
36	41	0.04080706742993992
49	73	0.040540623998082004
15	52	0.04049140243028163
34	73	0.04042580611652691
5	14	0.040303115741092826
17	54	0.040250343026151936
39	59	0.040165805958972456
3	13	0.04004483246889795
15	35	0.03979219266932504
65	67	0.03978338315166355
29	55	0.03951354258012485
14	58	0.0394820328188875
49	55	0.03918506796570381
54	56	0.03911293045659919
2	69	0.03883934614948545
18	62	0.03868971425798373
26	34	0.03867896433363138
10	39	0.03851686885573746
7	34	0.03846345544021759
13	26	0.03837179220281228
30	67	0.03830695414862448
24	28	0.03813917448261389
8	12	0.037982878990851066
60	69	0.03787807462214815
4	42	0.037777621211775636
15	55	0.037634914472461894
29	34	0.03763288992263425
48	69	0.037542126600078884
7	51	0.037410233400069076
4	61	0.03730681616698833
12	17	0.03713297397966092
63	68	0.03703597603919703
10	57	0.036817797679467135
4	46	0.0368128964195818
25	47	0.03681119227945484
34	53	0.03646516288540283
10	24	0.03642422788389316
58	61	0.03634679783291572
20	22	0.03627439599853488
28	40	0.035835252808466306
14	73	0.03580559202956163
38	40	0.03569778205846699
15	63	0.03565347225865963
5	60	0.035489004872477
3	53	0.03530548003308506
5	6	0.03527014998191219
16	53	0.03519843909233339
31	65	0.035172204985260073
23	28	0.035151259231613885
5	75	0.034924653902374425
40	58	0.03483678284893049
15	69	0.03479377050431739
8	25	0.03479128503573664
33	59	0.03461259716565177
4	39	0.03459247852094688
45	54	0.03443403311912124
15	37	0.03442642722725725
32	52	0.03432533887645658
70	75	0.034253527954905494
45	58	0.0342301313783033
12	67	0.03409890879505684
24	35	0.03405175348576414
12	48	0.0339370088516297
35	42	0.03360875533554891
43	44	0.03343436012778406
22	39	0.03335266034881862
12	58	0.03333105175541082
1	34	0.033329493109260255
33	63	0.03317686661163517
39	48	0.03302205257764512
3	75	0.033009977961435455
14	59	0.03299647396388264
64	74	0.03293889609347503
37	52	0.03286622974607066
25	68	0.0328451774792457
51	60	0.03280928151787475
1	54	0.032717811646306216
17	64	0.03265094380831743
47	72	0.03251457049614209
8	34	0.03244364420625989
16	61	0.0323341858161898
36	42	0.03231296128776448
46	50	0.03227675646743311
27	50	0.032067824323531724
10	62	0.03206028479644918
33	53	0.03201529682762265
40	42	0.03196750123755826
43	62	0.03194727004984782
23	40	0.031725451465007826
10	67	0.03163256506758838
10	51	0.03159420633069904
15	60	0.031525519381201864
12	30	0.03151335592987875
7	73	0.03146865062592774
27	48	0.03138484186033147
26	50	0.03138467861625782
17	29	0.03133319583029731
39	44	0.031287744365489645
24	49	0.03126224851798376
34	48	0.031215702324767558
37	40	0.031210133356173203
8	36	0.031002659088917445
57	70	0.031002010306553224
5	38	0.030734844959735885
2	17	0.03053207132365654
32	55	0.030358312521222786
56	68	0.030134933129560226
10	54	0.030050427509577204
10	25	0.029844383123681206
1	4	0.029793575781299264
28	58	0.029717582666654613
14	20	0.029709665943702085
16	70	0.02967060082776002
19	49	0.029613444958947077
4	6	0.02959830248763487
29	67	0.02954417223999345
4	11	0.02954054016651264
41	58	0.029378934785033978
52	64	0.029308441113630235
8	16	0.029287092422039973
10	41	0.029278256156394955
70	72	0.02915479968603818
10	66	0.028997907269753792
60	67	0.028990592693073275
14	39	0.02892436304077524
6	24	0.02888529115583613
7	52	0.02874434577810761
6	33	0.02872434419148262
11	44	0.028470796087823602
67	71	0.02843464196234116
7	20	0.02842487502348534
14	74	0.028382620554564725
58	65	0.028381217180980564
52	66	0.0283278997329542
3	44	0.028235481530340723
15	67	0.028152537525246685
9	16	0.02811343831853308
47	69	0.028054315494943333
60	65	0.02801069584207999
27	35	0.027740136898288942
4	57	0.027642321594638364
30	72	0.02763186179017174
56	72	0.02760338143811486
11	21	0.02759061680997038
19	61	0.02758820551739355
24	55	0.027577089264350346
43	49	0.027469795288385446
5	67	0.027277138380863347
41	68	0.027266893158955974
7	62	0.02723156260790785
12	32	0.02684148174256079
73	75	0.02647067628647981
6	15	0.026140840516146013
7	11	0.02600586954675352
13	16	0.02595405591917266
49	63	0.025677241357483893
24	52	0.025621675148100487
15	57	0.025597270169524608
12	41	0.02558917507527808
14	16	0.025564665021900357
36	55	0.025500216776133816
10	63	0.025426617804636092
1	21	0.0254022106008005
20	40	0.025303012042287742
31	37	0.025253010443515578
21	41	0.02522724855694025
52	67	0.025179884683561027
52	62	0.02509467075719743
31	36	0.025093710534379726
50	68	0.02499260228752717
55	63	0.024975910405881624
24	70	0.024972948872889172
59	62	0.024962677199504818
33	34	0.024938898755782646
10	70	0.024913071854461927
1	68	0.024906913299415856
17	57	0.024843127332643627
22	57	0.02460565814727192
71	75	0.024489593558443434
12	28	0.024444019157373986
47	54	0.02434076251570494
54	67	0.024042836617094443
44	74	0.0239965210807514
29	39	0.023809754435967834
15	64	0.023673217742327446
2	11	0.02360674027158305
55	66	0.02356980539724579
9	32	0.02337781435984107
19	64	0.023358628562359818
40	74	0.02332773204680544
44	75	0.023321762154931314
27	61	0.023253527798900886
15	68	0.023088958729299544
22	66	0.023016293427920193
43	48	0.022908648571521695
4	72	0.022825654936705075
12	74	0.02278138729725171
57	60	0.02274829245030599
11	27	0.0226927813554913
17	61	0.022678264299077572
41	75	0.02266544163930223
6	63	0.022473919338213827
46	49	0.022349463400545333
44	50	0.022316366656307013
18	60	0.022312535734974714
60	64	0.022303236395333242
18	25	0.022297442893733477
26	71	0.02220415037623702
63	64	0.022192611376893462
16	75	0.022136239751596953
19	62	0.022009266346723788
60	63	0.021745570791990826
32	67	0.021698537789767068
13	33	0.021582244484981958
23	50	0.021487143602086645
9	40	0.021231364018927168
32	69	0.021044095236712995
8	75	0.020941938954676165
40	68	0.020886146131628314
61	75	0.020733270030455858
1	16	0.020695252870868763
24	29	0.020522946321484214
46	55	0.0205173475299536
3	67	0.020280984017046172
21	49	0.020205729563342212
15	31	0.020185513222613166
43	70	0.020185173741691598
14	52	0.02017076466311099
7	26	0.020135853003574733
59	72	0.02002820138551467
2	70	0.01988395963596712
11	17	0.019872119224619678
69	71	0.019831779101225078
15	25	0.01982183230238649
52	73	0.01980149101159051
22	27	0.019774488996453732
8	45	0.019714682122613514
1	35	0.019661356529421248
36	51	0.01964928255934148
5	61	0.019568555389197995
19	40	0.019254614247508572
10	65	0.019173561672180678
23	74	0.019173270142196996
42	71	0.019154388530656596
20	73	0.019064723199836542
27	56	0.018684777034212174
25	56	0.018560973508731038
3	50	0.01843927594367753
10	22	0.01832591014542434
42	55	0.01820938517530296
10	75	0.018114360902127008
12	22	0.018099540704481165
53	73	0.01805900474835681
23	71	0.017987399846878416
1	38	0.01782493949549946
12	66	0.017634846678028157
33	52	0.017508281007549323
2	12	0.017492683136891785
45	70	0.01736461765315042
27	46	0.01732939716933568
33	56	0.017175330544553502
6	59	0.017115542804653175
32	60	0.017061653455987216
14	35	0.017031728102288216
8	29	0.016988970455294516
51	58	0.016947749779473206
27	28	0.016942681631756773
39	53	0.01691274786441982
11	75	0.01676320067825715
8	33	0.01674512708404112
3	35	0.016594702335918976
1	42	0.016549228796668702
16	59	0.016545921983543155
3	17	0.016421310769141217
1	58	0.01632998328757901
8	73	0.016304626959939617
27	42	0.01622439913698287
15	36	0.01622405254311858
18	48	0.01612346836488132
2	71	0.01611444824190772
13	51	0.016112168575143873
9	25	0.016083899373778104
8	13	0.01602508500639871
62	64	0.01582747526414577
56	66	0.015765665664543224
64	75	0.01575494212849285
35	58	0.015715535240462347
36	65	0.015708526244122195
2	19	0.01570757859059524
63	67	0.015593902703104678
3	18	0.015519105161294178
11	71	0.01550767417593868
13	42	0.015358261294418085
13	50	0.015346511385868039
1	19	0.015305694743328324
28	51	0.015283200665468524
5	23	0.015103107582037256
16	45	0.015003971713123176
67	75	0.014932523731794073
2	66	0.01486680569033634
25	70	0.014862328787016266
36	67	0.014834613963154858
35	72	0.014759775792328289
14	63	0.014668703993234805
61	63	0.01461359412616832
60	66	0.014353674503095798
3	36	0.014324013698259197
59	60	0.01432344281939918
6	29	0.014104499535884718
8	60	0.014029164984039916
31	47	0.013992932609522724
11	67	0.013951360992450562
26	47	0.01387427129140184
46	64	0.013855301833088696
9	51	0.013805146001915868
29	47	0.013787054107157026
28	32	0.013657203651402758
7	15	0.01342953624185686
24	53	0.01340929631145768
33	55	0.013397205863933712
10	58	0.01324904155984541
7	60	0.013061190624027219
17	71	0.013049016751651377
2	13	0.013024138079535064
13	61	0.0129796391646953
52	58	0.012917172016593537
13	31	0.012738086159976653
32	50	0.01272459767369636
38	51	0.012572264988490747
8	32	0.012544324670598753
14	55	0.012542972542835956
23	49	0.012373863640060101
26	37	0.012265287607058084
30	68	0.012239576734147495
6	73	0.012231678175423782
45	69	0.012159534416706197
24	73	0.012142867314553107
57	75	0.012095567386177675
47	48	0.012069284828328863
28	29	0.011997947220529243
35	50	0.011962242205164314
1	17	0.011875136628400562
31	35	0.011871217309886897
1	3	0.0118476735063473
14	38	0.01180964861766473
30	65	0.011700662747303345
6	23	0.011631676920656114
12	47	0.011620107042392941
12	62	0.011506849312917455
46	57	0.011471267490048648
32	58	0.01145292810370055
41	50	0.011189308237958662
17	34	0.01095070687958255
9	61	0.01088314023859023
24	25	0.010872894956498125
1	70	0.010854015340268197
11	14	0.010851065599611506
10	42	0.010785020849726323
10	20	0.01058268592488637
57	66	0.010454433586529421
27	55	0.010409871479441307
19	43	0.010307294950229862
5	31	0.01023795608925554
10	56	0.010231325731621083
22	37	0.010205530621598236
67	73	0.010199470870848354
20	28	0.010145847708929151
47	50	0.010103375555239602
19	54	0.010091153167058498
49	54	0.010066197957523337
22	40	0.01005637126383263
47	62	0.010022626587563643
2	74	0.009820258292814521
17	56	0.009783769722389701
5	9	0.009774611945496586
15	29	0.009751641367618455
4	70	0.009627504622749805
14	37	0.009610814404120677
27	36	0.0095721323046207
5	15	0.009452603211634436
10	31	0.009354736248744583
27	41	0.009143304633444926
2	43	0.009047691389733103
43	47	0.00903955630584441
53	67	0.009014494135576784
1	2	0.00898503989604249
6	31	0.0089271006799021
57	71	0.008826400277453822
19	28	0.008682850620494342
30	73	0.008479581761643429
51	53	0.008455228544538437
30	47	0.008433292292579608
18	67	0.008328764692557888
23	64	0.008181441263983485
40	59	0.008082072939191054
1	44	0.007919148942969856
48	50	0.007734996542235029
55	59	0.007680070031112485
8	74	0.007653405527508983
28	34	0.007638152102995371
16	69	0.0076104361962898714
1	7	0.007548475452105574
14	54	0.007456483700590863
45	55	0.007445614024413988
37	63	0.007305927624564668
48	75	0.007238740186411241
50	66	0.007189150484326709
1	15	0.00715810711240511
1	59	0.007147561931206331
33	60	0.00714520278847898
1	63	0.0069733596639367235
19	69	0.00693278044813786
8	64	0.006877890789932617
3	14	0.00684319996710521
15	26	0.006705763264277076
41	57	0.006627852314207788
62	68	0.006566119568894746
43	45	0.006539971684700774
57	73	0.006452539228790216
33	62	0.006394399383445409
13	69	0.0063365636628446576
27	39	0.006126647862458839
36	66	0.005959760131187861
17	22	0.00595666525538513
4	19	0.005927022153785266
33	67	0.005885245563710478
18	72	0.005858160586960814
12	29	0.0058231543291745735
51	62	0.005796801901170379
11	28	0.0057676796344033054
30	69	0.005541231752181935
23	59	0.005518062300788995
11	26	0.005313178034959953
6	68	0.0052998895263008106
23	58	0.005235141360790951
9	46	0.005213036314315522
48	64	0.00510524048259145
11	65	0.005000734337882742
29	63	0.0049972958533636425
32	74	0.00479228083367679
10	59	0.004786697356307795
30	52	0.004727653201838433
33	69	0.004685180634654201
38	65	0.00461961281870546
33	58	0.004588282714285616
55	75	0.004519540943710737
43	46	0.004517729615268862
44	45	0.004432039698249124
41	53	0.0044002179368487215
59	63	0.00438111618041917
32	53	0.004339668911623934
34	68	0.00433458046256413
29	60	0.0043336162144082535
21	27	0.004253294221174986
38	66	0.004246039648338931
9	38	0.004066049790474646
53	66	0.0039611068699024615
24	50	0.003934800201992911
42	43	0.003922890754447239
12	33	0.0038561633936187723
5	74	0.0037664867381332345
11	72	0.003635291979944111
56	71	0.003571781270944374
4	37	0.003570528101261461
28	37	0.0034952296817245265
21	29	0.00347697546893988
6	75	0.003415629657877034
22	24	0.003400451214375877
32	34	0.0033820356828093423
2	38	0.0033318838314618515
9	71	0.0031702907437832772
6	14	0.0031191038397535703
10	15	0.002910700209034639
16	63	0.0028858841100445343
42	58	0.0027269793849417634
9	67	0.0026457544864409988
49	66	0.002497112951434441
35	41	0.0023960963011030456
23	55	0.002363271091880337
47	68	0.00230486102283306
28	38	0.002134940841457239
55	69	0.0021193002892468116
10	32	0.002106961176975772
13	44	0.0019452522824294216
30	53	0.0018738219004376944
43	56	0.0018126857670214824
17	44	0.0018077275582935592
59	67	0.0017857823550601198
19	27	0.001780763304267019
28	65	0.0017694229187128485
63	71	0.0017399642064875598
14	72	0.0017039966725868605
8	61	0.001658571334395037
45	68	0.001657055044501865
6	26	0.001545701436604957
6	40	0.0013898715862043498
52	60	0.0013323181915597532
61	72	0.0012425612042665235
34	69	0.0011999843969408008
17	30	0.0010852231397597834
33	46	0.0010663989409521457
9	72	0.0010234261033039427
17	66	0.0009930258542372311
7	35	0.0009019823808299188
7	61	0.0008993874557957082
28	68	0.0008971877317792976
12	34	0.0008813587376619303
52	71	0.0008223312066782396
56	65	0.000815984735932751
36	52	0.0007928932659724275
42	50	0.000673991785557021
13	23	0.0006408116254671414
12	70	0.00059974783111022
34	39	0.0005716149953287897
14	67	0.000542172300952451
36	64	0.00044152981239126143
48	54	0.00033591340696553784
40	75	0.0001644449382577906
44	52	1.3591050752492784e-05
3	55	-1.147587198016553e-05
10	36	-0.00010762272267464401
12	43	-0.00012317002460793258
2	39	-0.00017775937928143914
43	74	-0.0002497177914953519
14	60	-0.00030081282062005554
8	24	-0.00036228769624435664
3	70	-0.00036587659677667084
15	17	-0.00043025450960358647
9	65	-0.0004550258106159333
21	28	-0.0005127286457138891
16	73	-0.0007651752803151668
41	60	-0.000878605513466385
19	33	-0.0009400668293601117
52	61	-0.0010374741388901876
18	31	-0.0010785989788799633
19	20	-0.0012197933640870628
13	66	-0.001326985367005179
19	57	-0.0013347481729514832
19	26	-0.0013412946830948513
14	53	-0.0013429801411728032
5	19	-0.0014497166749205537
26	55	-0.0015082184802607257
9	64	-0.0015232113778090306
12	44	-0.0015808494653815064
10	23	-0.0016544267480385344
17	55	-0.0019113727401604552
26	70	-0.001922229799725339
68	71	-0.0019618023652263616
1	5	-0.001983690020748663
64	70	-0.0019942956570112857
9	55	-0.002017518861391787
10	60	-0.0020523544881399236
16	31	-0.002065104575547233
6	49	-0.0021103600924472776
13	65	-0.002117005641597891
4	52	-0.0022179450223081265
34	65	-0.002247073654454243
24	42	-0.002274838867788953
12	18	-0.0023100842784221087
4	10	-0.0023219953144909544
33	50	-0.002372843162104149
32	57	-0.0024123240367447396
55	61	-0.0025985572277474056
22	25	-0.002660190396023221
34	37	-0.0026790944355603585
47	75	-0.0027830410817879514
37	55	-0.002809909808742808
7	22	-0.002856610860157316
28	56	-0.003160767444512075
27	53	-0.003167604355035769
70	71	-0.003247002313848446
19	68	-0.003260036263516064
24	67	-0.0033171769045065025
25	54	-0.003356221071582177
57	62	-0.003506866527971969
38	75	-0.003516117834805599
8	43	-0.0035320583055740706
14	31	-0.0035471240008256716
53	65	-0.003555677844803165
8	57	-0.0036958686311268363
5	69	-0.0037147706041530393
2	60	-0.0037455776084809322
20	62	-0.003753668579021485
36	71	-0.0038099903780335065
7	56	-0.0038674819523757398
11	16	-0.0038778799643268136
55	72	-0.0039340281717851755
37	61	-0.004076188468297798
44	49	-0.004082874135900805
39	57	-0.004255363688479313
11	32	-0.004301054279758715
13	64	-0.004462155245163163
8	47	-0.00448512684254837
20	41	-0.004486931734555111
62	72	-0.0045623437285535196
14	64	-0.004722145937381114
3	43	-0.004937307529238988
6	39	-0.005040298692588263
20	64	-0.005156782752649969
5	48	-0.005310360243616419
69	70	-0.005420775896562813
26	69	-0.005516218150250246
54	62	-0.005600721442881207
5	28	-0.005620104989139674
18	24	-0.005671526543568339
31	61	-0.005759923146606727
18	75	-0.005793677964393673
40	45	-0.005834651455440543
62	65	-0.005861887622066311
16	29	-0.005892146570245893
12	51	-0.005904611128696599
17	18	-0.005940441101377036
69	73	-0.00595243152888536
22	62	-0.005959713310983994
40	70	-0.005965105167227036
6	10	-0.006050536606660273
38	50	-0.006085154651566366
39	62	-0.006139315392626882
28	52	-0.006143842567047253
36	54	-0.0061684712267310315
24	45	-0.0062953244821619125
12	45	-0.006402143510959718
42	47	-0.0064185789004774785
22	61	-0.006431505477465155
24	64	-0.006496756873023146
5	59	-0.0065719523113656475
16	19	-0.006661035652332725
34	52	-0.006726823883354188
19	70	-0.006762598475662629
3	6	-0.006768123952686028
12	14	-0.00680434981943602
21	31	-0.0068177943169131505
15	62	-0.0068440915007192404
15	40	-0.006874579481062612
30	50	-0.007005670913501211
19	50	-0.007007945064090942
15	23	-0.007045764500029389
31	59	-0.007068891332826635
5	73	-0.0071407112451093435
25	42	-0.007157854442435774
28	48	-0.007163448855037863
21	69	-0.007233591263315187
11	51	-0.007339675799803838
69	72	-0.007498949840670871
17	24	-0.007511570236806597
18	69	-0.007514933443369759
33	74	-0.0076594892501745115
4	29	-0.007723526674678738
22	34	-0.007812373666674477
21	50	-0.007862490193119465
23	70	-0.007989406761585827
5	13	-0.00799209032139045
7	53	-0.008065253840849773
20	24	-0.008137543522975077
14	28	-0.008197873191012381
31	64	-0.008212579070762976
44	71	-0.008225700405214587
36	57	-0.008249553007766863
50	52	-0.008252482336232936
29	52	-0.008270461562386006
9	75	-0.008305225562277807
39	72	-0.00839560339443346
17	50	-0.008462011845002143
11	22	-0.008580888402637266
38	53	-0.008651552212084218
17	49	-0.008704012427706131
34	35	-0.008705996454599546
37	64	-0.008732448766336859
15	38	-0.008733103381572141
21	26	-0.00874395138655587
49	61	-0.008770499410264448
4	48	-0.00880713391997584
51	68	-0.008830024036242626
35	62	-0.008837869788084929
9	17	-0.008910964074145183
32	54	-0.008981420756684927
13	18	-0.008981991495439212
44	64	-0.00909689578385825
20	35	-0.00916450324289153
43	54	-0.00921293871343365
6	20	-0.009263084518731562
14	22	-0.009313253264457255
28	33	-0.009324015840219094
20	61	-0.00934512799368617
43	73	-0.009387775609849103
28	44	-0.009440363290779213
14	21	-0.009449588729835784
14	40	-0.009472137443490652
35	55	-0.009504817340195301
34	59	-0.00961878009833575
11	66	-0.009622144889831541
54	57	-0.009662305590846437
35	40	-0.009681189738851431
7	32	-0.009729769354657095
16	37	-0.009844765701814695
11	20	-0.009852967854743488
28	30	-0.009855999426572809
35	70	-0.009937477848203619
13	39	-0.010064766266376896
30	45	-0.010116412553322296
5	52	-0.010133160994135915
15	54	-0.010510093968408171
63	69	-0.010543049621189765
33	40	-0.010597844179493165
39	41	-0.010611321213642999
23	37	-0.010612922157925198
50	75	-0.010695642733091232
16	42	-0.01072236977900587
37	46	-0.010854776768427693
57	64	-0.010892538372990423
18	63	-0.010926474811483372
31	67	-0.010948036153739987
26	67	-0.010955787291410307
3	47	-0.010997151868533728
14	25	-0.011018594372887575
11	52	-0.011149249415792956
23	52	-0.011248457915391696
43	68	-0.01126434762772871
12	64	-0.011361730383300683
52	54	-0.01136182485912915
27	63	-0.011497677425300723
15	58	-0.011581297751071223
20	46	-0.011654972752892567
7	18	-0.011726447360939363
19	21	-0.011849059755356772
29	31	-0.012093953973381533
11	57	-0.012101413775084224
7	42	-0.012137917830285061
33	68	-0.012192263997302152
7	54	-0.012253280375911613
19	42	-0.012263987808092291
67	72	-0.01227799221921469
54	61	-0.012289370452258613
3	52	-0.012461830374544736
11	15	-0.012618867837539724
26	29	-0.012701845864318662
2	35	-0.01271932203691517
1	52	-0.012792148495516104
20	67	-0.012824017642697277
2	40	-0.012928779992105344
46	68	-0.012931963976343497
3	61	-0.012952279797383143
10	17	-0.013204844854633524
5	51	-0.013331652617149373
31	39	-0.013388072747723717
18	40	-0.01338971620836471
7	70	-0.013472466495206614
68	69	-0.013478934621158317
52	69	-0.01349441843179279
49	51	-0.013677414519812206
48	62	-0.01369134211555506
33	72	-0.013698358521601645
2	44	-0.013710151418615701
26	62	-0.013763032500690497
32	62	-0.01379026527809897
14	36	-0.013928532219551745
35	67	-0.013994440064931335
3	59	-0.01403836635683875
39	47	-0.01404173414766638
10	49	-0.014112222412282077
35	63	-0.014130487114901696
47	58	-0.014155521275829364
34	43	-0.014220759652628145
1	72	-0.01424300184626115
53	72	-0.014261150453627247
19	25	-0.01433514498842442
19	22	-0.014339933528208726
56	73	-0.014386855789433883
29	51	-0.014417807862189616
26	56	-0.014540096993859719
14	26	-0.014653616122583674
39	42	-0.014703643600505523
14	70	-0.01475961559700431
4	55	-0.014815628073688109
18	50	-0.014870381071515032
2	45	-0.015130083653954518
31	54	-0.015150999730555031
34	74	-0.015227908115750644
51	56	-0.015331337214444019
6	22	-0.015435396854965838
39	71	-0.015438562092954577
49	65	-0.015469123413507924
18	32	-0.015542626682161817
25	75	-0.015577494079018872
18	51	-0.015599435932657585
65	68	-0.015728414127545692
23	62	-0.015751143255763322
13	32	-0.01594743521927494
19	31	-0.015965648808964533
18	65	-0.016157787083486058
14	57	-0.016269042046733115
45	64	-0.016313913363251914
18	68	-0.016320206264751835
43	63	-0.016341794641832275
7	47	-0.01638098350586184
24	30	-0.01644655596818473
12	24	-0.016476789781667694
49	68	-0.01655404225385676
16	20	-0.01656591445949729
36	45	-0.016658037364299327
8	15	-0.0166943708928996
31	45	-0.01675731478269471
40	66	-0.016811377482170195
11	41	-0.016903168382578937
54	66	-0.016919881116341337
50	59	-0.016924726551532293
41	48	-0.017020925564041334
35	69	-0.017035594895988784
63	75	-0.017067553609614705
23	34	-0.017166278266509127
48	61	-0.017244307001679393
58	66	-0.01725306084960615
32	39	-0.0172979296033261
35	52	-0.01731557384765592
18	28	-0.017412569355421237
28	74	-0.017412641463101508
29	45	-0.017429797652494194
36	39	-0.017453112902389212
34	54	-0.01754441163005349
63	72	-0.017589599613403478
16	66	-0.01759715086882134
11	25	-0.017652139386874155
60	71	-0.017654069026610375
19	63	-0.01769253119675271
23	66	-0.017694504689232532
33	57	-0.017769556257520122
19	34	-0.017787175771224628
51	70	-0.017814364608603084
48	57	-0.017873694141985558
24	32	-0.017880010382821068
38	61	-0.017889870113168727
54	75	-0.017900532634475608
26	49	-0.017918564848690366
43	50	-0.01795077455876773
24	48	-0.017958558508963718
1	69	-0.01801392016127265
58	62	-0.01805464023834491
7	50	-0.01833239474985479
30	54	-0.01855300734155302
61	64	-0.01860732985826255
8	59	-0.018695694226247478
5	63	-0.018735056124449645
9	50	-0.018771388228817243
14	18	-0.018884659672555537
41	72	-0.019044971723260862
17	33	-0.019051954232509452
17	70	-0.01905266246336018
39	69	-0.019189410806519397
48	71	-0.01921423522744503
41	42	-0.01923893184904535
2	49	-0.019279564001634497
31	69	-0.019323264257423783
16	44	-0.019432915942881768
4	15	-0.019487233924073213
52	63	-0.019556394720247686
29	66	-0.01959208737674674
61	67	-0.01964794408381411
6	8	-0.01965805633251419
16	64	-0.019755516751167324
2	15	-0.01986281952680466
57	61	-0.01992236235675074
9	66	-0.019993155340832652
49	67	-0.02002437910332655
18	59	-0.020088881685173227
15	46	-0.02015955022160644
4	59	-0.020216666560731095
59	75	-0.020232305672342993
32	41	-0.02023864893113536
21	58	-0.020402700688461367
23	72	-0.020419262927494464
34	51	-0.020446439549064707
56	70	-0.02046277078613029
16	27	-0.020475156232486635
52	55	-0.020496757336001273
12	57	-0.020549828958924182
20	58	-0.020597966031613985
21	63	-0.02065831153042133
4	32	-0.020668863101707236
34	67	-0.020682911144001614
28	54	-0.02073840395950971
27	33	-0.02077058804514663
8	19	-0.020808028455925554
47	67	-0.02084078108451773
13	25	-0.020922045010157986
25	74	-0.020957868071157126
1	31	-0.0209769358453209
47	59	-0.02101609706197785
20	42	-0.02103559695568208
14	47	-0.021087244752807432
19	52	-0.021226668352196776
17	67	-0.021293037335499254
6	42	-0.02129890201306775
6	60	-0.02136894906033779
53	71	-0.021400956076373406
12	65	-0.02143661445647803
12	40	-0.021488883990154806
29	36	-0.02150501849528022
13	40	-0.021545696648001156
1	47	-0.021716946195314057
1	43	-0.02180244935226544
39	60	-0.021824034929139674
56	67	-0.021828129951453196
9	13	-0.021993466435493297
7	21	-0.02205639354661118
35	48	-0.022072988858135995
6	48	-0.022199365377652713
1	36	-0.022248191575591186
15	28	-0.02228732151670812
15	18	-0.02230369831673505
40	53	-0.02234239026696283
18	55	-0.022437336284734932
4	9	-0.022513495052909088
48	66	-0.02255487951875927
24	27	-0.02263619582542503
11	33	-0.022683859162547254
24	26	-0.02268837203330698
35	75	-0.022690885031177638
22	42	-0.022713347747063017
27	67	-0.022729875379947057
42	57	-0.022745772349263088
37	67	-0.022770202978656118
50	61	-0.022775952385292675
47	65	-0.02289108658819962
21	73	-0.022907372814294558
22	52	-0.0229937853530299
30	37	-0.023054735093906514
62	69	-0.023175434411289886
20	72	-0.023176750565667203
42	72	-0.02324099930559187
21	67	-0.023334382145810934
27	31	-0.023341085015536694
61	62	-0.02334178397607181
44	59	-0.023373633435756352
50	63	-0.02340325983820976
32	47	-0.023408778845470893
7	57	-0.023458790442777766
18	34	-0.023469584979890046
18	33	-0.023506411009215966
23	36	-0.023578259087140063
12	16	-0.023664995369198194
17	21	-0.023701366474741525
34	72	-0.023761944552360303
16	58	-0.023789173226509586
47	51	-0.023831340972532394
22	58	-0.02390934945214157
33	54	-0.02391600755013372
5	36	-0.0240197451633688
23	69	-0.024021815866542562
29	54	-0.024053431303771744
62	73	-0.024157404570641916
22	30	-0.024178543925415075
32	40	-0.024199632490794223
6	41	-0.024202184788131686
66	74	-0.02425236788282857
30	43	-0.02430802369488333
28	55	-0.024387595051344274
27	51	-0.02439350016712373
20	33	-0.024403614135660417
11	30	-0.024496495976378374
33	48	-0.02454436852541793
29	32	-0.024605459092659154
39	51	-0.02463588680096518
27	32	-0.024653354992793475
29	38	-0.024685693924516222
13	75	-0.024730466918466032
7	40	-0.024763529306744303
7	66	-0.02489828138494135
29	71	-0.024925363401319622
3	20	-0.024944444365646357
27	38	-0.024948410574325508
39	64	-0.024948932428757398
21	45	-0.024966239769776355
40	65	-0.02497846156300214
59	64	-0.0249889237079641
26	35	-0.025031140402484886
52	72	-0.02522728751699055
36	74	-0.025396854908563526
53	68	-0.025431740547716908
3	31	-0.025477381276812483
36	48	-0.02550780777744685
1	56	-0.02563687962591521
40	52	-0.02564467172052498
3	69	-0.025661329195713123
31	53	-0.025702866504107913
5	65	-0.025753352139334995
26	65	-0.025811731661683393
36	69	-0.02593307171356196
6	55	-0.025970683032501884
43	57	-0.025992457476537806
12	25	-0.026069557662227627
17	69	-0.026075849512056687
31	57	-0.02610475333885727
18	35	-0.02611026325746943
7	12	-0.026119030559001083
21	59	-0.026146187490322298
6	17	-0.02630127201083532
17	62	-0.02634413226222121
25	62	-0.026392189143394917
53	61	-0.026394264635189013
5	40	-0.026464244467355014
32	46	-0.026495374964907017
60	61	-0.02651745441702852
52	75	-0.026534029986319346
18	49	-0.026578056401996064
39	56	-0.026710931115726227
13	59	-0.02671302653318261
50	58	-0.02672513413763211
66	70	-0.02688557080081895
12	73	-0.027067684468891795
23	29	-0.027176694853623118
40	49	-0.02718551991357615
35	54	-0.027212665949577386
37	74	-0.02725771730607507
6	54	-0.027267537046626128
32	68	-0.027413813490713076
1	45	-0.027422455985940786
13	29	-0.027489931968987025
3	42	-0.027554919762435737
15	47	-0.027639764673685577
4	16	-0.027641162623424143
57	59	-0.027670440431191934
32	75	-0.027708502342281838
6	74	-0.027737510109407337
8	44	-0.027747957321044237
5	30	-0.027796966188213812
40	41	-0.027805156611198645
28	57	-0.02780797600708529
28	63	-0.028106704914074493
5	32	-0.028128096274277134
58	64	-0.02815861153323765
1	50	-0.028185064095357315
14	42	-0.02818908597229626
6	50	-0.028255393183947958
42	67	-0.028323077892220855
8	58	-0.02834791660287858
26	30	-0.028378312244514092
49	52	-0.028388045855648303
5	26	-0.028484773668038477
7	75	-0.028494992823533627
53	57	-0.028538711959063462
31	48	-0.028565557339787856
13	57	-0.028637673299798216
40	57	-0.028645503914309728
12	15	-0.028688399442734352
31	60	-0.028730882480981268
19	45	-0.02875848801027947
14	19	-0.02888356702774185
21	57	-0.028939492384731452
8	52	-0.02903662423120154
12	53	-0.029040641925742988
9	35	-0.029101286132827586
8	28	-0.029128985434029697
10	69	-0.02915082955026499
65	70	-0.029204192470762724
49	74	-0.029287883215313948
49	64	-0.029316656809299735
16	33	-0.029557441240434287
3	66	-0.029592804623662622
42	46	-0.029616965809035334
12	63	-0.029657048593323576
7	46	-0.029755496725197617
20	34	-0.0297925581437129
3	68	-0.029862560017596906
6	35	-0.029870317076451117
2	67	-0.029884734281542202
2	14	-0.029891355959802468
53	54	-0.029928885316390347
46	73	-0.029961915160651553
46	63	-0.029990566703780502
21	25	-0.030002680638302637
7	33	-0.03016608917978013
33	73	-0.030182422175512022
41	46	-0.030189785910449574
15	71	-0.03021888619658683
28	72	-0.030229333358683885
46	61	-0.03027475186704187
29	61	-0.030331430431199013
5	55	-0.030356489008240173
5	44	-0.030358829856113573
53	75	-0.030363151040361053
29	65	-0.030514330816546767
4	68	-0.03054817694948264
7	58	-0.030551665741544942
55	67	-0.030572086320631978
26	66	-0.03066151289763719
13	62	-0.030691067082731477
10	44	-0.03070552273949337
31	62	-0.030807099550479528
33	47	-0.03087640682995034
43	75	-0.031123484253284095
65	71	-0.031165388285494186
28	49	-0.031242712270868694
62	66	-0.03126070618576751
56	63	-0.03131317425891558
27	52	-0.0313617987156756
51	54	-0.031403929129393715
47	63	-0.03149863257776017
9	49	-0.03156722936607281
50	57	-0.03169610267404417
31	68	-0.031762717344291425
19	65	-0.031817325247704226
12	26	-0.031833361562939144
31	52	-0.03194978317811124
4	20	-0.03202994006135179
2	48	-0.03205872059292242
41	55	-0.032128931052194415
70	73	-0.03219873474784224
18	70	-0.03228002572888866
14	34	-0.0325194283308938
9	14	-0.03263839321831469
46	52	-0.032661432301403504
71	73	-0.032712776529195964
44	66	-0.032728780196649945
1	49	-0.03273678627379145
4	33	-0.032771128189830384
12	55	-0.03287617011984262
6	37	-0.03289882126158637
6	52	-0.03295092277304178
16	28	-0.032975698556479666
37	42	-0.032981575066018676
4	14	-0.0330760899885052
37	69	-0.03325289194872369
54	70	-0.03345175342914025
53	55	-0.03350306344518056
14	62	-0.0335174987704492
33	71	-0.033575645872587934
40	56	-0.033577516602218416
50	74	-0.033593087972482755
15	20	-0.03361500200654825
12	72	-0.033635799916652664
2	33	-0.033642549115411646
16	34	-0.03366912063347166
25	31	-0.033705080485893435
20	32	-0.03371193528664872
12	71	-0.03371452353002419
18	46	-0.033779046955640324
54	59	-0.033806711617880736
11	63	-0.03381297086445148
9	19	-0.03393713886070457
14	44	-0.03393932794954803
60	74	-0.0340431843041383
59	69	-0.03404910533806167
31	50	-0.03405497965890611
36	58	-0.03418601331625437
21	53	-0.03429772724804925
15	44	-0.0344480775836305
25	65	-0.03452868358942049
50	60	-0.03454674707249639
14	23	-0.03459069998283734
54	60	-0.03461895746597082
1	66	-0.03465290950823932
14	17	-0.03466101373339733
30	51	-0.03470883347664859
2	65	-0.034829411254426845
6	43	-0.03483891554154711
2	6	-0.03494287361588916
50	64	-0.035012243725932146
29	37	-0.03508604899730311
5	54	-0.035093103283763305
14	27	-0.03517372601128693
4	60	-0.03517392739811559
4	41	-0.03518050742281781
39	68	-0.03525797106103068
62	67	-0.035258549694909325
4	27	-0.03528092229970875
5	53	-0.03536026908726703
13	15	-0.03540686186919899
24	44	-0.03544409067828452
42	66	-0.03549704029316515
7	74	-0.03553184829786943
19	66	-0.035627276432673397
9	41	-0.0356331537251795
15	42	-0.03566836085368534
38	42	-0.0356793939067265
35	57	-0.0357897256427378
47	74	-0.035918708991915405
5	39	-0.035989910575716155
20	55	-0.03599722492266219
19	39	-0.0360235952114476
29	59	-0.036078485357577794
3	65	-0.03612495014728663
18	38	-0.036164170868236895
10	34	-0.036175048969359525
24	59	-0.036204482817255745
46	66	-0.03633822341244311
8	14	-0.03634925191629877
1	8	-0.03635814255832692
14	43	-0.03636708609927693
39	65	-0.03642910770268848
34	60	-0.036443991951581184
33	42	-0.03645960835979124
34	36	-0.03652940330182716
31	42	-0.03660053361728899
60	75	-0.03661974191920281
22	46	-0.03666575909971692
7	14	-0.03679551525577013
28	66	-0.03681280062268516
49	59	-0.03681901898956219
17	47	-0.036837570243533124
2	21	-0.03690329976800466
42	45	-0.03691749309154252
21	52	-0.036927308719065716
35	64	-0.0370697169674194
41	49	-0.03712048459119255
47	49	-0.037159621181124924
7	17	-0.03722103786886677
3	45	-0.03722380404339681
20	31	-0.03724632051507576
8	51	-0.037246863103148065
15	48	-0.03725288506826889
9	54	-0.03728428206035744
27	58	-0.03731481639076584
35	60	-0.03740492136456519
25	32	-0.03744115665409499
48	51	-0.037528619128479754
2	9	-0.03753210255467987
44	72	-0.03757349754393352
28	47	-0.03759920754771437
20	30	-0.0377799599957056
19	23	-0.03779834507417634
22	59	-0.03783188361572895
13	19	-0.03785698761416201
39	63	-0.03795892699551312
5	64	-0.03807664802989108
5	57	-0.038108934006567535
51	71	-0.03814139071281497
46	60	-0.038206394345934175
44	65	-0.038255644555732785
21	66	-0.03841258460954357
19	32	-0.03841331434108246
46	62	-0.03849094063762487
39	45	-0.03850178477608249
5	47	-0.0385116336271695
3	19	-0.038528567491376786
1	33	-0.038547332313756455
47	55	-0.03860826162770789
15	34	-0.038646912968247224
8	39	-0.038673375950454614
14	41	-0.03869052817574396
15	30	-0.038713685314013535
30	66	-0.03876178488654143
18	74	-0.03877253640718503
39	75	-0.03886910240233821
33	45	-0.03896743421274479
13	14	-0.03896971512257999
9	43	-0.03904450605386067
42	68	-0.03906639072577778
43	66	-0.03910244138969701
60	62	-0.03911973700290586
5	35	-0.039209765122801915
8	31	-0.03921517586392084
10	40	-0.03923621231209082
27	65	-0.03925420695267644
12	20	-0.03926925074358373
12	37	-0.039272330383916115
23	33	-0.03929545798106246
53	58	-0.03930210550926158
12	36	-0.039302733617316815
24	69	-0.03943214886267629
45	73	-0.039455222972698545
20	44	-0.039470362620784794
20	71	-0.039823520873989826
65	75	-0.039918403907616126
37	54	-0.03993018697144504
40	51	-0.03996244203645555
31	71	-0.03997296410727613
1	62	-0.039977710042783
36	73	-0.04006258486602135
66	73	-0.04011841970453581
25	51	-0.04019421136608567
4	65	-0.040215308253842355
12	31	-0.04021835588283837
17	32	-0.0402260885093875
41	45	-0.040337278723410586
56	58	-0.04038886310287482
5	21	-0.04045551200523162
18	41	-0.0405495656313426
5	8	-0.04065522978892877
5	46	-0.04065958500938377
66	72	-0.040689245796209986
60	70	-0.040724702332056134
43	53	-0.04074199921835758
59	74	-0.040747679159962885
5	42	-0.04074838800647207
28	35	-0.040761038812541395
26	73	-0.040840465983247864
19	44	-0.04085536357081282
46	67	-0.0411756590835467
39	52	-0.04121511479396758
38	71	-0.041249222986824374
52	56	-0.041261543676516854
14	46	-0.04127487233116345
19	59	-0.04129385202353436
37	70	-0.04144928638327677
45	63	-0.04146384204764969
47	52	-0.04150954247084532
6	30	-0.04159016167687904
30	59	-0.04159194235790767
3	51	-0.04160434714598549
35	49	-0.04160846442516897
22	49	-0.04164140189894572
11	49	-0.041660492637189794
8	65	-0.04166479332103909
6	12	-0.041674690693566524
16	65	-0.04169645777305732
48	52	-0.041702879989953534
65	74	-0.04179545493712314
9	26	-0.041810697899291316
6	36	-0.041855836587243594
28	43	-0.04186146722848916
6	38	-0.04199658402599821
37	62	-0.042009577310352764
61	71	-0.04202287843164934
18	30	-0.04203714975430517
32	70	-0.042064913588045705
52	74	-0.04217725660587815
10	64	-0.04217826896509838
1	23	-0.04223582702270279
5	66	-0.042280062842308216
29	44	-0.04229850572142513
46	47	-0.042344849094608006
4	35	-0.0423947751614106
22	35	-0.0424027267352817
14	75	-0.04246240845427872
13	46	-0.04247855030293657
28	42	-0.042483745741023926
3	9	-0.04251588380693275
36	61	-0.04265826172729212
45	51	-0.042690765365518885
42	56	-0.042694093967228175
23	39	-0.04270402807379925
6	25	-0.04273388121230903
4	58	-0.04277804902055832
31	49	-0.042784091681190795
9	22	-0.042798265499531724
10	38	-0.04280377248975345
16	39	-0.0428438966159434
22	55	-0.04284577059469882
6	7	-0.04285189149286481
29	33	-0.042913366696698235
19	71	-0.04302583294085377
63	70	-0.04306492204245496
19	37	-0.04307931273789051
64	69	-0.04308329539658562
25	50	-0.04308421510726271
45	46	-0.04311703014787471
61	73	-0.043149428705613835
14	29	-0.04316570390595473
24	51	-0.043376797951461474
38	46	-0.04340242447015477
44	57	-0.0434630261032265
15	45	-0.04358471705593216
8	71	-0.043646495296076615
3	60	-0.04367262935223054
18	36	-0.04367784748177092
37	44	-0.04371533109284731
34	47	-0.04372940253418678
3	32	-0.04373274184865138
42	70	-0.0438390588038865
13	17	-0.0438706488127506
14	45	-0.044028695531744516
33	39	-0.044038635462824036
15	27	-0.04411402796865521
5	7	-0.04412532930433527
29	35	-0.044192108990489865
2	53	-0.04421211915293313
21	37	-0.04429463440181258
27	44	-0.04432959434533601
21	72	-0.04433119571524191
27	68	-0.04434991157359619
21	51	-0.04442586684888747
30	31	-0.0444949228704159
15	19	-0.04453465049211487
3	38	-0.044563463018065186
23	60	-0.04466290781822882
14	30	-0.0446766258764157
11	24	-0.044685212323370915
24	33	-0.04485312363241317
33	75	-0.044862860377026914
42	60	-0.04498809817814811
41	63	-0.045075847529770646
2	51	-0.04508214804826041
18	56	-0.04509556308047763
10	74	-0.04518807217522969
4	51	-0.0452387722222668
42	52	-0.04524912543496595
35	43	-0.04530087771199215
22	56	-0.04533038183094573
1	51	-0.04538437838747228
31	46	-0.045409675821402234
30	64	-0.04547158570199247
15	73	-0.04551866602455462
56	69	-0.04552326558306355
54	65	-0.04554343583896761
8	68	-0.045544317941837165
20	56	-0.04561344723376126
61	70	-0.04570690815787731
7	28	-0.045729361177129474
28	60	-0.04573684798445679
4	22	-0.0457597886072571
66	75	-0.04581478624008302
31	41	-0.04584889949367399
58	75	-0.04597680150945588
20	51	-0.04603601542773231
4	25	-0.046054400267557694
21	65	-0.04625866445634383
40	67	-0.04625999610467749
3	33	-0.046371330990473816
44	51	-0.04637733591289746
27	72	-0.04641532441917162
36	56	-0.046472967741003346
28	61	-0.04651929429744822
24	66	-0.04656062088261172
30	33	-0.046573767041135625
32	44	-0.046666673486905036
16	41	-0.04666985207222579
67	69	-0.046692851582018385
45	71	-0.046728565968825575
38	60	-0.046765082499027444
30	32	-0.04678861965865845
16	51	-0.04681594171726827
15	75	-0.04692770128635848
7	41	-0.047016086623158704
1	14	-0.047030573967059924
40	55	-0.047150936225334644
2	7	-0.047171120804423705
41	66	-0.047298413560860925
9	73	-0.04735242579446014
18	61	-0.04738451920659015
2	5	-0.04742829897693557
17	59	-0.04747021543989047
13	41	-0.04766964429846676
39	46	-0.04789256774745396
28	59	-0.047910889998855705
38	48	-0.048107731011100385
15	56	-0.04811972747863806
43	52	-0.04823664158013327
44	68	-0.04833534123719002
11	19	-0.048350960236457186
20	70	-0.048369616947215754
19	73	-0.04839278546155301
30	63	-0.048469604280264894
21	30	-0.04850783393535407
23	57	-0.0485231929472916
5	22	-0.048545108603762266
44	61	-0.04856185729250842
14	56	-0.04860924086209979
5	37	-0.048681875599476954
38	56	-0.04869135876417835
8	18	-0.04873470366030597
1	25	-0.04874913153346222
22	45	-0.048842226082894125
21	71	-0.04897764518181125
23	68	-0.04897780637201138
45	52	-0.04898209814050386
32	72	-0.048996780141122825
35	46	-0.04901901598397809
21	33	-0.04904663535263125
9	28	-0.04906550123855838
49	72	-0.04918589551991426
9	29	-0.0491916500514836
5	49	-0.04921380000975306
20	57	-0.04925886576552374
44	67	-0.04927829730197461
13	55	-0.04940718257085766
6	46	-0.04942152772538627
46	59	-0.04944904442086073
31	40	-0.04947045927453539
43	60	-0.04950502445637012
6	13	-0.0495997046785909
48	53	-0.04963868780610231
26	38	-0.049639097182379466
36	62	-0.049957170120421085
32	45	-0.04999815143677834
15	72	-0.05002003708191424
50	53	-0.050057002150517366
6	57	-0.050116127394072285
7	38	-0.0502127496959664
7	36	-0.05021760260734834
9	24	-0.05024993073610606
18	37	-0.050299243448498954
44	58	-0.05034439364589685
24	56	-0.05041932008020811
38	74	-0.050441822664863134
45	50	-0.05044444072465498
21	70	-0.05057176229532495
10	73	-0.05057797670721015
8	69	-0.05068763406702345
14	49	-0.05070283506622039
16	74	-0.05074511058957598
24	63	-0.05079359165888955
7	10	-0.05081112604541224
49	60	-0.05086511465652857
8	70	-0.050959163878057434
15	24	-0.05098671406735218
2	22	-0.050991886404843034
19	72	-0.05104465660403046
36	70	-0.05107676295221572
24	65	-0.05107900092211942
7	59	-0.05119549051613728
17	38	-0.05120266544083382
7	64	-0.05125197490209263
57	69	-0.05128234557747616
15	70	-0.05128839876347083
26	64	-0.05136619427008515
26	33	-0.051413774678946464
37	47	-0.051472569718464506
60	68	-0.05147439227309755
7	23	-0.05147971209524749
13	20	-0.05158169953603531
51	73	-0.05168498188602835
6	70	-0.051783367609509856
50	54	-0.05179509777351335
45	65	-0.05182728970577474
6	9	-0.05188784603030003
53	64	-0.051905436298829655
12	69	-0.05191164642447471
5	33	-0.05195193779581159
4	73	-0.051968639264551975
15	16	-0.05203203613568935
38	47	-0.05213290777797033
6	45	-0.05226887828887747
16	52	-0.05233259628969217
16	32	-0.052366013341368534
19	58	-0.052403233118822196
1	29	-0.052652068771458505
58	72	-0.052661294572251605
66	71	-0.05268428968608725
3	40	-0.05271270247501969
48	65	-0.05275318691864074
36	63	-0.0527830284063244
8	50	-0.05281230815352683
19	47	-0.05284916278777857
34	63	-0.05286144967682488
26	51	-0.05294261504457083
8	35	-0.05307914631495425
27	43	-0.05310855163782613
39	74	-0.05318172480140404
25	36	-0.05328212651209413
22	73	-0.05342747142246612
20	63	-0.05343809978092284
35	68	-0.05347033373084528
15	22	-0.05354230998424182
53	63	-0.05355331238219316
25	33	-0.053610221418932014
22	65	-0.05367231042681922
27	66	-0.053744859696904804
3	56	-0.05377829339551826
1	57	-0.0539049294468367
27	70	-0.05391408640956308
38	73	-0.054035138956620765
34	66	-0.05406136961972517
33	41	-0.0540953681832748
52	57	-0.0541238594829236
2	32	-0.05428872178263962
8	55	-0.05431041762441913
47	71	-0.05450547652181453
33	44	-0.05463509805085773
11	18	-0.05466244173719398
3	15	-0.054703904709584264
21	46	-0.05475519521001382
25	66	-0.05486694036547371
22	36	-0.05500784737512976
21	64	-0.05510584928115245
44	54	-0.05511380076861627
20	39	-0.05513160149122348
5	41	-0.055175775498129465
14	48	-0.05519112114164301
67	74	-0.055225255002804174
31	55	-0.055318977544422554
9	68	-0.0554353588407272
46	71	-0.0554838525078763
24	58	-0.05558544535862309
29	41	-0.05567708193336057
47	64	-0.05572367456702643
3	54	-0.05573096271831096
9	12	-0.055771537931233545
15	21	-0.055816387018217464
18	66	-0.0558263990412496
22	51	-0.05585484176696459
3	74	-0.05590645680371331
48	60	-0.05592733752258999
33	49	-0.05594248830756539
36	40	-0.05595255724455617
16	67	-0.055972921739490866
11	46	-0.05615836132698676
45	56	-0.056248377847281594
10	18	-0.05635725863848756
17	51	-0.05635933513350734
21	56	-0.05636158757171156
22	67	-0.05637001152280108
28	71	-0.05647986589437323
17	25	-0.056526732322653095
17	45	-0.05653542498983022
61	68	-0.05655024598855268
46	65	-0.05657710503033095
15	74	-0.05658442486393182
22	33	-0.056590698908850406
2	68	-0.0567654095609354
20	50	-0.05695933422710084
32	73	-0.05700767589546574
37	48	-0.057027983446926944
13	72	-0.057120723961943676
11	47	-0.05715212953238302
15	43	-0.057154245444697965
51	75	-0.05716897596194964
27	34	-0.05719740221415698
23	35	-0.0572069439339184
44	46	-0.05725024746795021
20	65	-0.057359094155663676
10	72	-0.0573852655357468
17	46	-0.057507754779266174
2	63	-0.057618667835139026
22	69	-0.05767349935823704
25	55	-0.05769253078792752
23	51	-0.05777202360189236
2	47	-0.0579685115849074
12	46	-0.05810400730704207
65	73	-0.05813657016676718
23	38	-0.058187193890977956
5	71	-0.058225972102088075
8	21	-0.058243258383790186
22	32	-0.05828978292806955
17	52	-0.0582982320003787
54	68	-0.05832779310967534
37	50	-0.05833705938443401
22	70	-0.05840246075391836
28	45	-0.05840896708976476
7	69	-0.05846977700514483
22	38	-0.058605220833336136
32	71	-0.0586785583979446
59	73	-0.05890727129887344
25	71	-0.058952176858701355
18	39	-0.058978229664556375
23	75	-0.05905456773162632
47	66	-0.05914351410470403
30	35	-0.0592823837921132
3	62	-0.05933106013760514
11	56	-0.05936260849439312
5	56	-0.059416732841427455
45	53	-0.05942711602362355
40	63	-0.05946519110400353
43	65	-0.05947991259255851
12	21	-0.05950822646525339
2	42	-0.05953136445832913
19	38	-0.0595540251924514
7	25	-0.05961286482499212
41	51	-0.05965721107620715
55	64	-0.059888574365013825
20	49	-0.05989780418224566
25	60	-0.06000808415275358
13	54	-0.06003095600291308
26	32	-0.060070467605107716
42	74	-0.06009429691080026
1	24	-0.06012969882484881
3	37	-0.0601811666330527
30	48	-0.06022700610561216
24	31	-0.06025985513457732
8	37	-0.0603259928305315
21	55	-0.0603379432097334
42	51	-0.060347893718893125
1	65	-0.06036107787212944
5	45	-0.06036293567964773
24	47	-0.06054285183801117
2	72	-0.060609059509897534
7	63	-0.06063711702779018
10	16	-0.060710779853045266
16	47	-0.06072144260027146
41	67	-0.060724181886642026
38	44	-0.060830672266991126
46	51	-0.0608929865776342
18	52	-0.06090608886180132
51	74	-0.06092787055026175
37	72	-0.06093269407569493
60	73	-0.06100380398898678
59	68	-0.061208984604258
38	68	-0.06123593780720954
3	26	-0.061250719788356334
10	55	-0.06133062843282172
8	42	-0.061411144389934
44	73	-0.061537474863988695
8	11	-0.061588387003982614
15	39	-0.06165121885930823
40	54	-0.06172140599717757
16	71	-0.06174864262521579
50	67	-0.06180149919707359
17	65	-0.061814074756863846
44	48	-0.06195237339541254
31	72	-0.061962883531812896
55	58	-0.06198180236020312
41	70	-0.06204248180275679
23	25	-0.062119605778421794
22	60	-0.0622458607334371
21	32	-0.062293572104094655
26	57	-0.06235960637693616
14	68	-0.06237649217489896
13	70	-0.062381773101959
3	41	-0.06238943039799455
10	68	-0.062397451971193924
11	36	-0.0624923009021183
25	57	-0.06257818914350857
5	58	-0.06258861079195424
30	34	-0.06272157671787787
7	39	-0.0627710693438078
8	17	-0.06286988618578765
48	67	-0.06295957195911245
40	46	-0.0630364088393634
34	61	-0.06304401323082823
14	71	-0.0631056746359589
10	46	-0.0631592544338479
16	36	-0.06326759643184107
6	71	-0.06329427516927144
20	29	-0.06336187330593318
23	48	-0.06344674828210684
4	8	-0.06361461664556689
19	51	-0.0636758136195759
43	55	-0.06372796001272607
65	72	-0.06373661075377043
8	66	-0.06381289444246006
15	41	-0.06384029143670565
22	64	-0.06387496721205721
33	70	-0.06390043985743019
30	38	-0.06405339874448382
36	43	-0.06408167471542361
41	65	-0.06438262813138115
22	28	-0.06438973322989253
45	57	-0.06448505053774087
15	49	-0.06463358199173813
36	75	-0.0647420214760149
19	60	-0.06475184135443468
2	58	-0.06475264095034416
9	44	-0.0648425061984928
23	65	-0.06484770859295268
33	43	-0.0648489156765802
9	74	-0.06485033224512185
55	73	-0.0649307847729862
10	21	-0.06493096672639445
32	48	-0.06502978830564587
11	42	-0.06505837421452232
20	66	-0.06510568433992385
39	66	-0.06510913224514585
57	67	-0.06526012989062117
40	71	-0.06526662861002647
20	54	-0.0652673293443895
6	58	-0.06538193398428646
44	56	-0.0654495383377785
62	63	-0.06549549161451781
26	59	-0.0655071234154311
53	59	-0.06557705070528308
22	68	-0.06578648721989167
23	61	-0.06581841675850439
41	61	-0.06606328128491151
35	47	-0.0661367454225768
2	29	-0.06615697664021203
27	49	-0.06622952828543416
3	12	-0.06626579193176624
9	69	-0.06631514363914959
34	70	-0.06638760641111352
48	72	-0.0663982515278645
19	75	-0.06640970996090201
46	56	-0.06648583233357397
44	69	-0.06650206155793734
6	28	-0.06657614830836522
5	27	-0.06666351433091608
31	44	-0.06668813719346056
4	38	-0.06673483115696283
22	44	-0.06673917230378229
2	46	-0.06688009688137136
10	47	-0.06689604577678532
4	67	-0.0669560458985784
37	53	-0.06699223679051128
21	61	-0.06700719318751708
10	35	-0.06704206699256138
20	27	-0.06711651317432815
28	67	-0.06711947645893837
24	61	-0.06728043793526817
19	67	-0.06729090282819122
2	56	-0.06741139501934923
37	68	-0.0674722782721997
3	57	-0.06754121975308633
22	26	-0.06754226091490945
53	56	-0.06758396258941049
37	75	-0.06759282505779629
50	69	-0.06775622935187589
25	67	-0.06776815046825616
43	51	-0.0678119891837527
29	43	-0.06785590544125925
11	34	-0.06792535167288677
57	72	-0.06807663379874246
11	53	-0.06809971603312512
41	47	-0.06811672057184226
13	37	-0.06829350177124197
27	47	-0.068376132388134
1	32	-0.06840407696752163
9	58	-0.06847578423386289
31	34	-0.06854043263099643
28	53	-0.06859571648892152
31	73	-0.06883196358815721
24	54	-0.0688509758719798
2	31	-0.06892672494102356
9	11	-0.06903162780890548
52	68	-0.0691061688344691
36	50	-0.06911147008472515
12	52	-0.06911175742875691
36	68	-0.06913103667978074
29	53	-0.06942535782873807
42	65	-0.06957949116316309
31	56	-0.06961642491499742
10	37	-0.0696481087663163
5	50	-0.06966492716164877
18	43	-0.06986909573268796
50	70	-0.06992210110353334
3	64	-0.0699307418970781
8	72	-0.07003883014606305
44	70	-0.07005175135055824
1	18	-0.07018008190573588
40	44	-0.07018226200215683
20	53	-0.07050005475942325
46	72	-0.07052948103190382
40	48	-0.0705964813530423
47	73	-0.07061688370375946
9	20	-0.07072703965775343
23	32	-0.0707317207646244
12	23	-0.07084967902261552
35	44	-0.07085962470631826
62	75	-0.07108830758643159
3	58	-0.07122561401670952
49	53	-0.07142525612131242
32	42	-0.07151714441019262
42	59	-0.0716041121725339
26	58	-0.07166475090482921
2	36	-0.07173902144880509
28	64	-0.07174331233033715
35	39	-0.07183025725054021
36	38	-0.07184310344484271
12	39	-0.07192070955244084
26	36	-0.07222899808615357
22	53	-0.07225239545040815
2	24	-0.07227884829509923
19	29	-0.07234284604735902
5	11	-0.07251410459613239
24	36	-0.07251481771748367
5	17	-0.0725751486369059
51	72	-0.07264729376084784
39	61	-0.07273471341301024
1	53	-0.07299696329310623
4	30	-0.07314586785250854
9	37	-0.07319426754524519
35	71	-0.07320214728117624
4	13	-0.07321282863286377
2	10	-0.0732557342908371
2	20	-0.07337782433818502
32	49	-0.0733927399475075
4	47	-0.07357295840395217
18	64	-0.07369108132207502
42	64	-0.07372315081539649
25	64	-0.07373503859347846
10	27	-0.07383309322259635
45	49	-0.0739365021984259
42	69	-0.07401653160540153
16	60	-0.07406586535275211
27	62	-0.07412142729091709
19	35	-0.07415085259879936
46	48	-0.07427429072224745
24	43	-0.0744433194106715
11	39	-0.07459462802702785
4	63	-0.07468526088908536
24	71	-0.07473732161561691
10	50	-0.07474105821983623
20	36	-0.0749744221459718
17	27	-0.07502753365505976
28	62	-0.07526878862356434
9	45	-0.07541132829191502
55	68	-0.07547717715610217
22	71	-0.07553553206098107
26	74	-0.07585181126465346
24	60	-0.07589005144977223
9	47	-0.0760170590109977
3	34	-0.07609535912324017
23	45	-0.07614735416365226
42	61	-0.07627780334435699
4	66	-0.07652209264998394
8	56	-0.07659506866069138
29	69	-0.07660217597038288
12	61	-0.07663098587036352
44	60	-0.07663702586571133
40	72	-0.07663871535261613
46	69	-0.07665473095690978
1	40	-0.07673783825062436
8	26	-0.0768494408369022
40	69	-0.07692602848247082
70	74	-0.0769986608763133
9	59	-0.07701730849736582
49	70	-0.07702769323265218
17	60	-0.077042753611752
72	74	-0.0770660919004521
7	55	-0.07710733708161485
25	35	-0.0771383503286647
43	67	-0.07715638350860668
20	23	-0.07718954820205004
7	19	-0.07722641922555398
47	60	-0.07743485923734303
9	39	-0.07759410418067378
8	63	-0.07764400936994748
16	72	-0.07765956722201062
32	43	-0.07773627302049643
56	64	-0.0777575572746628
34	46	-0.07778986230900531
21	35	-0.07807255776181213
28	46	-0.07811160035593487
27	64	-0.07811859154826647
58	60	-0.07815095680212764
25	45	-0.07821481082319093
23	30	-0.07828074848003364
20	37	-0.07828565783338673
44	53	-0.07855689549092512
39	55	-0.07858653006664207
9	31	-0.07872070014957971
45	66	-0.07877332971995014
20	21	-0.07877989942571978
7	44	-0.07881503499439868
6	16	-0.07882374185462115
44	55	-0.07890155903525717
6	27	-0.07905195262108111
2	62	-0.07909503043310512
54	73	-0.0791329482949244
18	58	-0.07914065505370804
11	48	-0.07918561738711849
29	58	-0.07920610795952104
35	53	-0.07923954262860816
4	21	-0.07954538774678238
21	62	-0.07961599494192528
9	30	-0.07968033248285039
3	30	-0.07991940719723672
26	43	-0.07993337919489413
7	31	-0.08010303894897913
30	41	-0.08016784262741866
28	31	-0.08020266194899558
22	47	-0.08028407765784179
41	64	-0.0802997045608009
36	49	-0.0803913150449411
11	70	-0.08058377029799879
27	59	-0.08066262740030297
26	44	-0.0806940190363224
7	9	-0.08075129503782288
2	52	-0.0809435567846524
46	58	-0.08112596908773698
18	20	-0.08122241614299475
54	74	-0.08122802012053604
24	75	-0.08132783553806544
4	50	-0.0813687995504799
26	31	-0.08150927508805586
28	36	-0.08159011942010835
58	69	-0.08199243155555697
4	43	-0.08216009992547196
16	56	-0.082250207339022
37	49	-0.08235607229604194
6	53	-0.08247935377996218
19	55	-0.08258186628305425
10	43	-0.08271299168704163
3	21	-0.08275838093545596
46	70	-0.08278069280545552
19	74	-0.08279473871574133
50	71	-0.08288170971221256
3	23	-0.08288785928441983
40	60	-0.08294654982841998
41	59	-0.08308193729288307
38	69	-0.08311046088225188
38	67	-0.08311505727151089
38	54	-0.08317241920726848
21	24	-0.08318729534257496
36	46	-0.08324574490705516
69	75	-0.08337197076675937
1	75	-0.08339522432806823
16	38	-0.08348790063964534
37	56	-0.08354148383437851
45	67	-0.08356301887186066
38	52	-0.08358161903859693
13	36	-0.08360116398676443
20	52	-0.08364054786188843
58	67	-0.08371010615688507
8	38	-0.08392529036190369
49	71	-0.08414659341400227
13	68	-0.08421342942710697
4	26	-0.08440438989791599
60	72	-0.0845654455867057
39	70	-0.08475569665046057
18	71	-0.08501543945821988
56	57	-0.08511026680040212
25	72	-0.08511899519469945
2	3	-0.08512683529034393
9	63	-0.0851780139238614
17	42	-0.08532310818922523
3	11	-0.08546234493622634
48	70	-0.08590905001570759
50	62	-0.08592374977681191
36	72	-0.08593066241285371
21	36	-0.08604374578401713
34	38	-0.08621625191249588
9	21	-0.08622764308559788
18	57	-0.08639414149582306
19	53	-0.08648339720927192
1	9	-0.08652571381287291
27	45	-0.08653063489483381
3	46	-0.08655195504577257
18	54	-0.0867462866016368
1	67	-0.08684823212199433
34	45	-0.08690492293958357
24	46	-0.08705345438813894
7	71	-0.0870649167150857
24	72	-0.08737959012797519
47	61	-0.08748275350793316
42	54	-0.08763867472208525
2	59	-0.08766216968730947
25	61	-0.08780324007953946
2	37	-0.08788062677692207
4	62	-0.08795106869613839
11	35	-0.08818865400861128
12	27	-0.08826164926807922
20	59	-0.0882877099293094
9	42	-0.08831763646549079
61	74	-0.08842555325575216
56	59	-0.0884846721545767
48	63	-0.08855851705413512
11	61	-0.08863166789081456
34	40	-0.08869910842987228
26	52	-0.08878676365476304
26	60	-0.0888097029435645
54	72	-0.08901387960650037
4	5	-0.08911403545522117
58	73	-0.0891967261558248
1	20	-0.08923794214800884
26	68	-0.08927199190236218
50	73	-0.08942723855348719
7	37	-0.08951454384019458
35	74	-0.08953518437609673
18	22	-0.08967014742629303
7	29	-0.09008088424794555
55	74	-0.09013333327428688
29	74	-0.09014540768162477
16	24	-0.0902163088320796
8	9	-0.09022125141688658
10	30	-0.09034130554535946
21	34	-0.0904748564518092
58	68	-0.090515870268663
58	71	-0.09056993862549562
6	18	-0.09072095390114432
21	23	-0.0910354662942564
20	25	-0.09105863648732582
45	59	-0.09106479575116488
45	60	-0.09144192250143174
43	58	-0.09155508998377093
45	61	-0.0916715255455931
11	23	-0.09173314573114683
37	41	-0.09173541141633293
13	38	-0.0918513831490784
17	37	-0.09192683613717839
59	70	-0.09195917109807705
17	58	-0.09196616590053086
6	44	-0.09233286490413156
5	20	-0.09245194237189275
38	55	-0.09261684195192829
8	62	-0.09273841441699038
27	69	-0.09296018168657072
25	43	-0.09296144313605492
5	16	-0.09307263847001512
30	44	-0.09309217134951914
42	53	-0.09317303614522165
64	71	-0.09322035587909064
4	53	-0.0933191303238777
17	43	-0.09368542118367451
6	34	-0.09389584086962485
38	70	-0.09390082233711625
12	19	-0.09393911387529724
25	73	-0.09412905037411556
22	54	-0.09421077311660386
13	45	-0.09423123886688076
4	17	-0.09438675556225679
13	60	-0.09440762412133918
18	45	-0.09473179901830336
35	45	-0.0948781672642261
53	69	-0.09499892190524048
13	67	-0.09501914126301736
11	60	-0.09527917515935591
27	37	-0.09552595924181642
4	44	-0.0955489942061567
17	31	-0.0956531165034736
39	49	-0.09585355491067785
53	74	-0.09615342296631202
4	36	-0.09642050286633116
37	45	-0.09653821679625488
34	50	-0.09658759240326731
11	62	-0.09701148605857002
3	8	-0.09715601381069655
17	36	-0.09736358715979057
25	34	-0.09778325918934927
19	36	-0.09794802373318526
55	71	-0.09796517987170489
8	53	-0.09801877297256026
36	44	-0.09813260566482035
39	67	-0.098704063656981
47	70	-0.09871369169132169
28	69	-0.09879095233643023
11	58	-0.09886207319530985
49	62	-0.09905134720166747
3	25	-0.09924834916454006
12	59	-0.09950108416690909
19	41	-0.09970143130687431
1	61	-0.09970445091260807
8	22	-0.09980246758377426
56	60	-0.1001510038105414
18	53	-0.10026702973900961
1	60	-0.10035004630076899
24	37	-0.10061638263077857
49	58	-0.10084964220656653
16	30	-0.10086293943615532
23	44	-0.10093121080194078
13	52	-0.10108364615486776
6	72	-0.10124513149351339
24	34	-0.10126252052553958
48	68	-0.10135943477071052
21	42	-0.10172345719090753
68	72	-0.10179547195363498
12	54	-0.10186938026144454
42	44	-0.10216637510300591
43	69	-0.10231248563911718
20	60	-0.10232741840341766
9	56	-0.10245832554312853
48	73	-0.10259065891506708
43	64	-0.10264666481596127
16	54	-0.10275436256138393
1	11	-0.10285885073282824
10	26	-0.10295333206278398
55	70	-0.10314980882378372
43	72	-0.10328225025944093
21	68	-0.10329192859691544
18	23	-0.10339454152910965
43	71	-0.10340780088673784
13	34	-0.1036456654183811
46	74	-0.10381712290526057
38	62	-0.10384304822214876
46	75	-0.10386601324697714
9	18	-0.10450973683517026
22	50	-0.1045400181703294
54	58	-0.10469244205521694
7	24	-0.1047629124047034
5	25	-0.10512449577865718
24	62	-0.10525950379261334
3	24	-0.10526584479924855
4	75	-0.10534937828983254
34	75	-0.1053897330870951
29	62	-0.10560555723812359
41	54	-0.1058960854102135
20	68	-0.10618176778460281
44	62	-0.1064598137689255
44	63	-0.10650090216572439
2	18	-0.10656643954366596
8	41	-0.10671507669091956
3	16	-0.10735922289450306
10	45	-0.10748769381994183
6	62	-0.10836032301827017
17	53	-0.10875701173376737
48	59	-0.10886672483575241
34	58	-0.1098057192902063
38	41	-0.11054781171999437
17	35	-0.11056596265823973
20	47	-0.1105907793800569
59	71	-0.11063285893509442
18	42	-0.11064783832270408
23	63	-0.11081465655124839
42	48	-0.11091533319481495
4	34	-0.11143837124201439
24	38	-0.11156683163606085
1	71	-0.1116375766015168
13	48	-0.11181449206101796
12	60	-0.11193599440807431
9	48	-0.11194779129720403
23	53	-0.11197047672367491
37	71	-0.11264985047694515
21	54	-0.11296373656432923
29	64	-0.113819817810863
23	31	-0.11396727540449264
22	29	-0.11410532005622431
9	23	-0.11425495535520577
16	62	-0.11429689598636034
63	73	-0.11432360505681677
21	38	-0.11497367733627781
47	53	-0.11531261141176508
4	56	-0.1154703353578187
6	47	-0.11549994170601743
18	27	-0.11561928473049693
58	74	-0.11568808573598544
10	19	-0.11621797854649815
34	41	-0.11649923630720299
30	62	-0.11662772491954082
25	63	-0.11669541690462212
16	21	-0.11683568847354486
43	61	-0.11684120098102455
4	23	-0.11690620613252889
38	72	-0.11696390358500491
47	57	-0.11750131349287357
11	43	-0.11756246781314078
36	47	-0.11865033402372158
23	47	-0.11894025571422845
8	49	-0.11921758216039047
42	63	-0.11971173280709121
17	19	-0.119730655960882
58	70	-0.11981002177847244
2	55	-0.12018432031877835
28	70	-0.12021900702101543
24	68	-0.1203734804965142
10	48	-0.12103167098870768
3	27	-0.12113666147594715
22	74	-0.12131290602852857
38	49	-0.12168723564609799
25	48	-0.12197424152543912
17	63	-0.1220500688562832
21	60	-0.1222345969325482
26	61	-0.12242350872591773
37	73	-0.12245279456871169
41	43	-0.12290412593212391
41	62	-0.1238159162145453
49	56	-0.1241971685766089
17	40	-0.12480697402619484
22	41	-0.12558236525698674
18	19	-0.12598817232360776
17	72	-0.1260054378042616
17	73	-0.12663807869051086
26	53	-0.12700267167175494
40	62	-0.12701875324608675
13	21	-0.12774608851566088
4	54	-0.1283313368096577
29	46	-0.12851551837474262
18	73	-0.12949899140170384
48	58	-0.1298358189405974
16	68	-0.13000365627197658
17	39	-0.1310213900530257
64	73	-0.13123674834574345
23	54	-0.13150991469354256
20	48	-0.13218999094565476
1	41	-0.13256004138911065
4	31	-0.13263991770698805
62	70	-0.13365362940493167
5	34	-0.13392259746835097
16	43	-0.1343378067007221
40	73	-0.13497659237784887
68	75	-0.13518346202920756
19	48	-0.13584415785797355
34	44	-0.13665361745268972
5	43	-0.13721760114453463
26	63	-0.13745642808146769
45	47	-0.1376836086475261
3	10	-0.13773756841837392
8	20	-0.1387047544872877
21	40	-0.13970616199985858
10	29	-0.13980701540501783
4	12	-0.14068411456488472
23	56	-0.14103163775306693
12	38	-0.14124224834603497
2	23	-0.14145688985686528
17	23	-0.1421608766197619
38	43	-0.14236017243720536
45	62	-0.1445427434517199
5	62	-0.14534770810538353
34	49	-0.14629419982266484
21	48	-0.1466608589659032
41	71	-0.1469296485322127
30	42	-0.14892822295888353
27	71	-0.1503233831723617
19	24	-0.15150506611874986
71	74	-0.15448206727296948
45	48	-0.15560286977103222
13	43	-0.1609075275956961
1	22	-0.1611969574555442
16	22	-0.16838526536216009
1	46	-0.16932225334312456
8	23	-0.17098571187195882
22	72	-0.17799895842820157
42	75	-0.18847418142189143