#==========================================================================
# The first and second rows contain site pairs (i, j) such that j > i
# The third row contains coevolutionary scores obtained 
# using plmDCA-pydca algorithm.
# Note that in this data sites are counted/labelled starting from 1
#==========================================================================
27	34	2.1390269949112417
26	35	2.096152505861958
4	15	2.0102007419557273
9	46	1.8935524484083213
10	45	1.7345484190488978
12	43	1.6711095696315235
24	37	1.5694378393206967
25	36	1.449494064113862
5	14	1.2605994255567463
11	44	1.2027287090762928
2	17	0.6742514753759401
1	18	0.6048877023226027
28	33	0.6026601032905121
49	50	0.5182887666883402
13	42	0.5135105432651803
31	32	0.49349876140252513
6	38	0.48481601293048804
22	23	0.48154697881609565
51	52	0.3237739602267557
21	22	0.31271082428498326
4	5	0.30349074499220924
41	44	0.2970125708341816
29	30	0.2776790163116815
6	39	0.2736411845902856
2	16	0.2663726835286755
38	51	0.2559117289053178
30	31	0.23628215699257593
10	39	0.21399921596059762
13	19	0.20630994387537455
4	51	0.19209938626994738
5	19	0.1887534782777857
11	19	0.18531456058555112
13	14	0.17675026630366464
28	29	0.17422822733558188
29	50	0.1702680514850184
1	37	0.16979869379799362
10	11	0.16888199440983154
20	22	0.16733221683001412
28	52	0.16434469077383423
1	33	0.16154452108847717
21	40	0.15965306039355118
33	38	0.15801450312579818
41	45	0.15597440021102407
20	21	0.15384353447786792
5	15	0.15325637042614698
18	28	0.14897316770974323
15	51	0.14694383148698298
12	13	0.14688523919763663
19	39	0.14663996324967035
27	50	0.14615218548899217
3	7	0.14560803262650693
28	30	0.1448082256656754
50	52	0.14472178029773491
29	32	0.14209997590240964
1	2	0.1418542609771008
4	18	0.13912149022534126
19	22	0.13661353175574353
1	42	0.13415309059568808
14	18	0.13373519917412802
22	52	0.1323574389590214
14	42	0.12965506801606722
10	13	0.12897743193051814
26	37	0.1278307085208214
6	51	0.12772625819020633
3	6	0.12192988464010983
1	29	0.12142481752769974
26	33	0.12136726467794501
29	31	0.12126442063813617
3	8	0.12050167115193311
21	23	0.11955233690336847
20	32	0.1165690547854358
8	47	0.11373208822969466
8	17	0.11340365188428424
31	50	0.11262096215242035
41	49	0.11005675040385643
18	50	0.10973099928683966
28	31	0.10903971231666235
21	42	0.10850891802055271
7	8	0.10804947729664016
25	51	0.10721811143347756
47	48	0.10711255082796356
4	29	0.10623941993594177
1	49	0.1054665717150037
6	7	0.10505041667003355
22	42	0.10451974712552742
19	30	0.10397565695201455
27	30	0.10389953774781935
7	50	0.10013011835810866
10	33	0.09958042093124314
35	37	0.09836098925213743
32	37	0.09835907856140119
4	45	0.09832750092877368
32	34	0.09805894022997921
5	16	0.09694898990572368
28	49	0.0963055521561558
8	48	0.09622090625610603
40	48	0.09611670777666126
3	48	0.09601409503354551
35	51	0.09594507068053698
33	49	0.0959393039004125
28	43	0.09568900982643203
6	30	0.09514721316883598
35	49	0.093743715464151
31	42	0.09359637327737805
33	52	0.09329126839853819
13	15	0.09278637141813989
40	47	0.09245604975721164
3	47	0.09232411410414415
32	50	0.09110214740996914
24	52	0.09053084903385722
49	51	0.09047400689892954
27	29	0.08994685213247772
36	51	0.08990841328809579
1	38	0.08975251869862799
32	33	0.08912452740803439
11	13	0.08898852407733765
1	28	0.08821380007444457
13	36	0.08675001408440805
6	8	0.0861929033280386
50	51	0.08613689604153829
23	28	0.08486458779922626
7	48	0.08429003267878307
3	40	0.08167823669219938
2	3	0.08151978553770388
8	40	0.08119065875501397
7	47	0.080486001889116
2	15	0.08032753237714993
1	50	0.07995858323981941
30	32	0.07977425302994151
25	35	0.07912685688780507
16	48	0.07772280248487654
33	35	0.07675950436278828
23	31	0.07608406673819904
36	49	0.07580858929047457
23	29	0.07515815760518382
23	37	0.07503164205248614
29	34	0.07492763378372419
16	47	0.07389401573489786
18	32	0.07354267530293351
42	48	0.07338642816428355
27	52	0.07299816766139333
8	9	0.07287650348248223
32	52	0.07262200341805491
10	12	0.07222279466600556
11	46	0.0712087118078345
19	52	0.07079288879113482
3	38	0.07076329843929695
19	51	0.070548401578365
46	47	0.06941242857231068
20	48	0.06908915709253945
27	33	0.06900045084238493
7	40	0.068981094128417
31	39	0.06881222231207068
19	32	0.06879028927774167
27	31	0.06840481842587737
16	39	0.06837886644362044
22	40	0.06837234123162239
32	51	0.06811857237764518
16	23	0.06789403935544702
19	28	0.06753040568171831
41	48	0.06658350337211989
19	34	0.0659399180627272
20	47	0.06577412045305658
33	37	0.06573600183789152
34	45	0.06530141707301712
38	48	0.06478375565210125
10	43	0.0645201026760108
2	12	0.06359269540296622
29	51	0.06358468350378005
17	39	0.06347343548857942
23	27	0.0634439475835207
18	29	0.06325849970959718
42	47	0.06320229848665747
44	52	0.06272228329658527
41	47	0.06239040299693596
23	44	0.06171386453166658
22	32	0.06163830280908231
10	41	0.061566490045788874
25	39	0.06146742225103577
22	26	0.06145691369582587
22	51	0.06144863580886584
38	47	0.060945427821478534
6	49	0.06056711747914373
17	48	0.06055575907988822
5	18	0.06051043964717179
37	52	0.06016579960586005
8	16	0.06011304931637422
40	44	0.06001576959329828
3	16	0.06000473251847465
22	37	0.059688653062069885
16	40	0.05911075842617344
7	39	0.05901411506366594
1	24	0.058969955966728715
11	45	0.05820732156442243
6	48	0.05817258342660131
9	11	0.057234647592032256
2	34	0.056912504992470525
31	51	0.05667672210305141
5	12	0.05652125259253546
44	45	0.05607199307692662
17	47	0.055828019282508246
3	42	0.05539589885273456
1	16	0.05508965177509936
30	33	0.05504407458454777
20	23	0.05499756420423943
21	31	0.05497306343414185
6	47	0.0548867912500977
4	21	0.05479528497005409
14	30	0.05464327798600152
2	33	0.05443859796154901
24	26	0.05425760900947335
38	39	0.053376530282253115
9	36	0.05279391018620333
6	46	0.052595023763849724
30	51	0.052437194272318965
9	47	0.052156856217959235
3	41	0.05207334901553361
8	31	0.05178605977742974
26	51	0.05177193887765241
3	9	0.05128502835266717
8	20	0.05124264628697242
3	20	0.051177541814456676
9	44	0.0509908085138652
19	29	0.05069333242485491
20	40	0.05057151407920869
24	32	0.0505215293956397
21	48	0.05042831724005144
2	43	0.0503854792150244
8	41	0.05012710062978393
39	47	0.05001395816407092
13	22	0.04964695010550005
14	23	0.04906219795873354
39	48	0.048606237960604565
18	21	0.04857839977849196
15	16	0.04835782368054109
8	38	0.04753803341359547
4	42	0.04753425298351771
21	38	0.04743637036429174
21	47	0.0466998536441911
19	41	0.04659737738520442
11	40	0.04654001802420908
13	28	0.046156530456556294
18	49	0.04596459692811089
30	52	0.04592285110279057
39	44	0.045881532859722074
44	46	0.04568423592992571
7	16	0.04534351328855131
40	41	0.045188344120467294
18	25	0.04510951977798422
2	8	0.045055685436630716
21	51	0.044959225792783525
44	47	0.044941315353711944
30	50	0.04389197201567274
38	40	0.04356605532712589
9	12	0.04309299074286285
17	40	0.0423728360379267
5	22	0.04227136457309283
32	35	0.041981698029061265
43	48	0.04158629166530796
46	48	0.04128853269552671
44	48	0.04119214023151803
34	39	0.04104212374763713
13	23	0.040897655077598016
2	7	0.0407737559122342
11	15	0.0402869217964138
8	12	0.04021048441276856
6	40	0.04004889745169017
15	29	0.039431971392629384
21	49	0.03927027869130756
6	9	0.039179778199457393
1	31	0.0389996139642228
20	43	0.03886125390870328
5	42	0.03886081514590187
3	44	0.03858561856857244
28	51	0.03846802128565746
3	46	0.038323161463074684
28	38	0.038152722311821485
35	36	0.037621792467711634
1	52	0.037569779794880576
9	25	0.03755583913884483
3	17	0.037477843876836156
7	9	0.03744890725359888
3	39	0.03739518614292356
43	47	0.03722488756013961
37	38	0.03701270382317462
13	41	0.03697956452200146
8	39	0.03678732087984962
19	49	0.036222345257271804
3	43	0.035940134744601934
3	12	0.03572690199581968
22	31	0.03556724728812677
7	41	0.03543652911045014
48	49	0.03538273297570747
34	37	0.03495065794796132
3	21	0.03375090607127433
4	13	0.03354692180628871
49	52	0.03349688018829325
3	11	0.033490494328610954
9	48	0.03338790303895797
41	43	0.03306090591197794
1	19	0.03294639272314098
15	45	0.03242686236516129
11	23	0.03232117710936111
39	50	0.03220182820713999
31	38	0.032088418325392776
20	24	0.03202612828792534
7	43	0.031928292486528204
21	39	0.03188408681292085
8	21	0.031865127310943056
18	22	0.03168095514742558
17	42	0.03153512217860385
22	24	0.031509215560964726
7	20	0.030715124023869403
2	47	0.030649259231722514
23	50	0.03062990114416389
41	42	0.030374017791404556
25	26	0.030362055887444894
29	35	0.03002787773773502
40	49	0.029717954936358607
8	46	0.02934041032621479
23	35	0.02927549022464271
6	42	0.029204842879210963
19	23	0.029037775475284466
12	28	0.02901224626176055
7	38	0.02886956321734406
24	30	0.028470346098498994
14	51	0.028412930835918393
3	5	0.028365820732191432
8	44	0.028202889122858357
8	43	0.02818715576486494
26	36	0.028177684468098735
39	40	0.02815054834619432
42	45	0.02811479602579603
23	47	0.02791839655560162
8	11	0.02777716148992332
14	15	0.027234619400969717
8	42	0.027192011282373293
23	25	0.027148108785780556
26	28	0.026696474257013908
7	46	0.026364299283629947
25	46	0.026157773989523958
5	23	0.026153406979815275
35	42	0.02598016885913515
36	39	0.02554393235253094
48	50	0.025342048175588522
16	30	0.025262149777822096
5	29	0.02518011130961678
36	38	0.02504076498888433
14	29	0.025030417365766333
40	42	0.02493490991751049
7	42	0.024926614958716828
16	20	0.02474252842857115
32	45	0.024452731389017324
19	45	0.023920057224711078
30	41	0.023637576347884437
42	52	0.023037965027839086
40	46	0.022932650282086936
25	50	0.022283363031425724
16	41	0.022145949563554923
2	5	0.0220135970332829
12	32	0.021854093550713743
7	12	0.021667735343087968
13	37	0.02162282392352305
40	43	0.021507982286074992
34	50	0.02135107185245433
12	45	0.02126340763616294
18	39	0.021246611837286683
38	43	0.021157168396221282
18	51	0.020548290850544992
47	50	0.02048380392126639
23	48	0.020092788658543442
1	36	0.019735480053424737
22	33	0.019676586843318272
11	50	0.01961280239956717
37	42	0.019469934078509193
13	33	0.01946102340675057
17	43	0.019398914935483846
12	20	0.01929100132928019
16	38	0.01926541822847773
36	45	0.019097410678737492
12	48	0.018837518350358004
27	39	0.018779550083945662
23	33	0.0187380693448623
4	11	0.018736934196871335
4	19	0.018397116778977984
15	42	0.018325035012663582
20	39	0.01807243974520796
5	41	0.017721203907941463
25	41	0.01767688203325013
39	41	0.017431727167852573
19	43	0.017020459782137842
10	42	0.016922228421423935
30	35	0.016877653256888475
13	44	0.01673101790596887
28	32	0.016715345212536398
7	17	0.01658986437101659
15	18	0.016464592639913733
2	27	0.01640701760367022
9	16	0.016317957743266387
18	52	0.01617385726490661
2	48	0.01598773768581134
7	44	0.01578617550023681
19	21	0.015550806435636111
20	29	0.015514772258091891
19	50	0.015464427285336257
10	22	0.01543933154797933
14	45	0.015436626200109271
9	40	0.015383664154466029
5	45	0.015032162233316326
2	32	0.014966879996410054
12	47	0.014946994607212757
7	45	0.014887388933925327
16	31	0.01475863080453188
6	16	0.014758078425126511
20	30	0.014381680756508114
2	26	0.014188979924057488
16	46	0.014066084719872501
17	50	0.013995467355987334
12	41	0.013616448160703204
17	18	0.013572587176909262
27	32	0.013284959048777967
7	21	0.013126374044792402
31	34	0.013124480061497856
19	42	0.012986099725403766
18	26	0.01275297379670498
4	31	0.012704176806347112
22	28	0.012680593676820534
26	31	0.012445056630214807
21	46	0.01218844271896627
36	46	0.011723974980346802
11	41	0.011657335161169902
15	52	0.011468412170015263
34	49	0.011090965433343036
15	50	0.010881587047656072
7	23	0.010670098635637629
30	36	0.010420173936420613
30	38	0.010323754936777563
2	4	0.010192450808592352
17	30	0.010141380463757066
4	44	0.010106787650131649
13	51	0.009819924603476471
14	48	0.009621190012794587
24	28	0.00938481643461092
24	36	0.009378060247217213
11	47	0.00932638120779114
1	25	0.009105276500506715
20	49	0.00870199511864736
9	10	0.008639502213117323
25	37	0.008536764492050208
3	23	0.008491946306729517
16	43	0.008463269812893609
24	35	0.008069452837524027
20	44	0.008040415717471605
8	23	0.007579313615572653
17	34	0.007299004649917229
17	19	0.007057850320547426
30	49	0.006673420135563712
33	39	0.006573877079978141
34	52	0.006305164716273737
17	51	0.006287379342984456
14	47	0.006214713953419548
10	35	0.006111437174373013
18	30	0.0058565480143319415
6	28	0.005740700835572238
20	41	0.005645416761850014
6	43	0.00555520942092852
24	25	0.00552400780639653
2	18	0.00541761185222539
19	20	0.005191609006687498
8	45	0.005085859095495748
17	21	0.00504183523162513
8	18	0.0047525428794033125
1	17	0.0045179738852695606
18	27	0.004471850131373523
2	9	0.004175360344642942
16	17	0.004103425499613067
10	26	0.004100862051588106
35	52	0.004028994483743498
2	39	0.00398385578793764
13	43	0.00387217881656976
31	33	0.0038042266353248977
2	6	0.0037573667307813086
23	30	0.003680919169105734
15	19	0.0036201476013029144
11	48	0.0032102090827912655
12	44	0.0029498744474306116
18	42	0.002805893920506536
27	28	0.002760728924848632
20	42	0.002601002310909234
13	48	0.002515769515869584
20	25	0.0021883422714698286
31	35	0.002090276411456371
45	46	0.0019264167867674709
10	19	0.0014865519937490301
20	46	0.001382913819611642
27	51	0.0010614303792486068
20	33	0.0009284156328658588
23	41	0.0005490175618569626
17	52	0.0003402023726516712
25	33	0.00018695130476445443
29	38	-0.00011176531183518246
12	40	-0.00012332659288666337
20	38	-0.00012638656093209855
15	31	-0.00024002861234800887
14	43	-0.00028881380718126515
1	5	-0.0005394648572767946
13	24	-0.0006522838161132916
23	40	-0.0008054613098888302
6	41	-0.0008845502121864746
13	30	-0.0010188799820939065
17	33	-0.0010227968307156277
6	44	-0.0011778937772506937
16	21	-0.0012337426622923975
3	50	-0.0012569477603372042
4	52	-0.0013388025572507734
14	35	-0.0013429508854140293
2	29	-0.001433194617637662
16	42	-0.001562918697119428
38	41	-0.001660469919661428
42	46	-0.0016755527831387451
9	20	-0.0017692574856494336
10	44	-0.001883699927821475
30	37	-0.0019285055248447758
16	44	-0.001935020795378925
10	52	-0.0020281824279624328
17	28	-0.0021854885712037364
7	36	-0.002186894257981589
6	20	-0.002658611682357051
47	49	-0.0028781706334980867
13	47	-0.002879527438637161
11	52	-0.0031729577103556394
22	29	-0.003383444813493508
33	34	-0.003572847173006627
24	51	-0.0036016587698130542
38	46	-0.003747102474423114
1	11	-0.003813834789131776
17	46	-0.003990908601407106
28	36	-0.004187671925274639
41	46	-0.004242216800692505
16	33	-0.004386511770848145
17	32	-0.004695956034894783
25	31	-0.004724085273831308
5	35	-0.004970390038191552
6	32	-0.0052130184951023895
12	17	-0.005346808202548042
31	47	-0.005397604689750091
29	49	-0.005566521113759354
1	21	-0.0055767610432934656
22	50	-0.005616145350333029
2	40	-0.00598541938862901
17	38	-0.006003668651458627
11	42	-0.006226104441908714
32	36	-0.006401914135416742
23	36	-0.006630374297164537
13	18	-0.00673623915762811
3	49	-0.006810972590202413
18	31	-0.0070336520938168445
16	29	-0.007072046905806706
25	48	-0.007444128470666653
9	21	-0.007534809450930241
3	31	-0.007776366508901844
7	19	-0.008310829627785038
7	49	-0.008461272903433306
17	23	-0.008730460374767046
23	24	-0.008905228888015482
16	36	-0.00897490718006308
24	39	-0.009064134702534893
26	30	-0.0090729764703108
43	52	-0.009203260209866504
16	25	-0.009290244959726884
22	34	-0.009444785923127419
9	17	-0.00952636140178062
9	38	-0.009646351110554896
2	52	-0.00972301054186131
17	41	-0.009746512217470665
14	34	-0.00984367875271902
7	25	-0.010153835206048373
29	37	-0.010557839221136678
22	38	-0.010595618802581447
46	49	-0.01062436315795251
36	48	-0.011611866700762807
6	31	-0.011787970192851438
2	31	-0.011909191094095245
31	52	-0.012245685617574387
9	41	-0.01226281766527934
4	39	-0.012333352920449986
20	27	-0.012361239547830083
29	40	-0.012537943739262869
6	17	-0.012694012171833385
21	29	-0.012717526353821479
42	44	-0.012838058522365747
5	7	-0.013008214490594167
20	26	-0.013101128550009083
1	7	-0.01319686327975958
37	51	-0.01343398672159607
10	24	-0.013718147886522758
2	14	-0.013791145820957001
4	40	-0.013793946860835515
21	32	-0.014095979092885957
19	38	-0.014166921433102025
8	14	-0.01430229864087701
7	11	-0.014409514135121537
14	40	-0.01460594546134808
1	26	-0.014693751271969535
17	20	-0.014850182243786147
21	52	-0.014877743883481842
25	47	-0.014944497606336399
12	16	-0.01499614779702528
24	43	-0.015059578505098009
2	46	-0.015103803247710018
6	12	-0.015143849207649746
28	50	-0.015265407298687
30	40	-0.015326352204638669
19	24	-0.015477127221351417
7	32	-0.015700403022665108
33	40	-0.01586698776157583
2	24	-0.016061897346373366
12	14	-0.016135568512115506
39	52	-0.016452093956988323
8	49	-0.016809547975920214
20	35	-0.01745903142535271
18	38	-0.01764365631607262
22	44	-0.01780942097519722
3	14	-0.017916456347187346
14	26	-0.018568631915326622
31	36	-0.018831637834773512
33	41	-0.018948726742439803
26	41	-0.019010182691005684
24	38	-0.019037904391117244
24	33	-0.019223612485927105
20	37	-0.01924033352818355
45	49	-0.019285900423331725
14	44	-0.019541194231546044
36	47	-0.01955487190110798
24	34	-0.019681165631803305
8	29	-0.019709957846926585
27	45	-0.020139672003609665
14	19	-0.02071008551842557
6	18	-0.0209466288955171
12	15	-0.02111435959098995
17	44	-0.02135406948764751
20	28	-0.02144719511447285
17	25	-0.021496360480997234
6	21	-0.021509458094179423
3	25	-0.021597315629878072
5	49	-0.021635140050440982
2	13	-0.021665053184828864
21	43	-0.021797735922397393
20	36	-0.021810457734265487
26	45	-0.021820458984817548
10	25	-0.021824099576878475
21	41	-0.022132674882586453
14	27	-0.02226884360431719
25	45	-0.022501635894133565
10	36	-0.02251286150501136
24	48	-0.02268626284891899
21	26	-0.022900136042806635
3	13	-0.023001064241203975
34	40	-0.023088357997009812
24	45	-0.02312203232606136
23	51	-0.023173826311941148
14	39	-0.023571299480690505
21	44	-0.023716058915944666
29	36	-0.023789652167500924
17	31	-0.024120271020177803
27	41	-0.024304997323533334
1	27	-0.024315626477836583
24	49	-0.024348843787815322
8	25	-0.024509216736756767
24	29	-0.02453698039815816
16	52	-0.024730625798860012
4	49	-0.024758696437569616
43	50	-0.024832261655911486
7	30	-0.024852849378522154
22	30	-0.02486692668097487
28	45	-0.025316212045189912
3	36	-0.02555348717414961
21	50	-0.025649133472737312
22	48	-0.025932933598995983
16	49	-0.025976725901214304
32	41	-0.025997608046633064
16	32	-0.026147432458692332
1	13	-0.026280767157042972
11	26	-0.026280913866111755
38	44	-0.026502748833395512
43	46	-0.026521180922966403
32	48	-0.026856658416232096
8	13	-0.026930639526955846
15	30	-0.027106810185176522
17	29	-0.02714181836689067
12	50	-0.027192923106453742
5	8	-0.02727318408634194
36	41	-0.027481228226918758
6	36	-0.02751205214491992
12	52	-0.027561647078455764
16	18	-0.027817592437825278
27	37	-0.028026911316481995
10	30	-0.028054960213066804
11	24	-0.028149859600862304
13	32	-0.02815326326150197
24	47	-0.02823894679008075
16	27	-0.028242535091797083
13	49	-0.02854937981637809
11	18	-0.028839492489529384
16	19	-0.028933019155690104
1	14	-0.028988781988655676
8	36	-0.029132072549295313
10	46	-0.029151380033467317
13	40	-0.02927324335010084
17	27	-0.0296903958050026
30	34	-0.029719529426076086
26	52	-0.029813763149312444
25	40	-0.03031414836297018
8	52	-0.030360470632765243
6	27	-0.03046055936051434
44	50	-0.030622908328789056
5	10	-0.030707116520927225
23	32	-0.030774866344648183
7	14	-0.030970528132369987
16	34	-0.0310558211893891
11	14	-0.03129041938200941
8	32	-0.031350566694547735
26	48	-0.03141524359293575
14	22	-0.031482270930775824
1	6	-0.03177488776612092
25	49	-0.03185414235915354
10	37	-0.03192152004913512
5	32	-0.032715055790246805
14	21	-0.03279685234333993
5	13	-0.03287542453969439
12	18	-0.033098909904762774
18	45	-0.03328176786159498
38	42	-0.03329813633831383
42	43	-0.033493208076811665
7	52	-0.033744386903547446
29	33	-0.0338609047906302
5	48	-0.033892314460393605
41	52	-0.03400204920981387
9	49	-0.03409048200935008
1	32	-0.03411770667067482
10	50	-0.034577017611156946
18	40	-0.03466208507815716
34	41	-0.034740298380026347
32	38	-0.034957108965647715
15	25	-0.035210045675004686
1	40	-0.03537367571256708
7	18	-0.03539069948768328
4	33	-0.03545182719790385
36	40	-0.035509695442992525
37	49	-0.03586072179183
15	36	-0.035868666466761456
25	52	-0.03588650849327216
15	37	-0.03589874498939599
33	44	-0.035946073917083377
4	17	-0.035999239054268384
30	42	-0.03600879931486875
19	40	-0.03609598680262888
4	14	-0.036231123184090885
22	49	-0.036279810026892206
6	52	-0.03672182965033069
36	50	-0.03680948091068384
11	33	-0.03707420961637822
20	45	-0.03722420880373317
1	20	-0.0372286130334889
2	30	-0.03736422241766427
30	47	-0.037431703828550045
22	47	-0.03751752262400769
22	35	-0.0382420050778608
15	20	-0.03829515331853761
21	35	-0.03831914387384022
31	41	-0.038381954815411956
11	12	-0.03896215699048333
5	33	-0.039000754304480745
3	18	-0.03901352209664197
5	47	-0.039086047937253274
5	17	-0.039120723528748125
19	35	-0.03912309380921286
7	31	-0.03923894105055638
10	16	-0.039355667247714526
13	29	-0.039634331709967024
3	24	-0.03983306495394724
2	50	-0.039853645206846255
18	36	-0.03995570217035199
12	38	-0.040370343061817554
7	13	-0.040501930913935585
10	14	-0.0405951047185143
11	21	-0.04067402032931103
5	39	-0.04074708895909676
26	49	-0.040996725839102605
15	44	-0.04105066004327537
36	37	-0.041081325115772394
6	25	-0.04114990651719452
8	24	-0.041243688044258306
7	29	-0.04132564396246122
9	33	-0.04178113921730203
38	52	-0.0418921492732271
18	46	-0.04205386082506077
9	27	-0.04212452315892143
29	39	-0.04213640870467228
3	15	-0.04222168934323006
7	34	-0.04229247336424316
18	35	-0.04236066647716774
4	47	-0.04238450159378784
15	40	-0.04253652973685426
21	30	-0.0426515958250675
6	13	-0.04268918590671236
21	24	-0.04270927190481777
32	46	-0.04298806115937276
31	49	-0.0431191255841234
35	48	-0.04325690850922356
28	41	-0.04330194172418658
15	47	-0.04333252894379891
5	9	-0.04338882929106455
36	44	-0.043394151324416264
45	47	-0.04343360392661849
13	39	-0.04355960391699318
2	44	-0.04356220404527614
5	27	-0.04365769585465312
28	40	-0.043789069902790106
11	31	-0.04394891541264409
12	37	-0.04417209281098239
23	38	-0.04444885508938137
20	34	-0.044862541349149854
4	20	-0.04490174422203774
23	52	-0.04490392753751518
22	39	-0.04496646033573065
30	43	-0.045136869086174064
1	48	-0.045145277169199
4	16	-0.0451696300096569
4	25	-0.04535340588363507
25	44	-0.04537598818880145
14	46	-0.045377435890540635
1	30	-0.0455380927077767
17	49	-0.04588357557780895
10	18	-0.04595595787382606
25	29	-0.04608789095715693
12	34	-0.04620204864359781
7	35	-0.04621168339479215
18	23	-0.04621407651640477
13	35	-0.046410041196572605
22	45	-0.04675083097427574
48	51	-0.046824571314533686
9	42	-0.04687888592424799
20	31	-0.0468931258768823
18	33	-0.04717225289242882
29	52	-0.04733793952436299
37	46	-0.04734494479451559
24	40	-0.04735533311968085
8	50	-0.047382369077392114
3	22	-0.047509636649080575
38	50	-0.04759683151118316
4	34	-0.0477372118563858
15	17	-0.04776305168266745
39	46	-0.047868108274113835
8	30	-0.04800815764938797
35	41	-0.04822897797001058
13	20	-0.04841046261241025
9	31	-0.04857864462803327
2	38	-0.0486194628806029
1	41	-0.048621702535493805
7	26	-0.04862655849842182
18	20	-0.048726399398058146
3	19	-0.049109691567675806
24	44	-0.04928513222345446
7	28	-0.04945040956935613
39	43	-0.04945336157499755
6	23	-0.049567797440512096
6	37	-0.04973641748981181
45	50	-0.04975848898237739
28	39	-0.050256502763015604
23	39	-0.05026731005603077
3	29	-0.050290900102143
3	4	-0.05038969258729717
15	32	-0.05040078517740576
8	19	-0.050409001308911766
13	34	-0.0504392063809761
37	39	-0.05050226001461791
24	31	-0.05051577279888167
40	45	-0.05069939779952323
15	39	-0.050725665165723355
10	29	-0.050767748810139735
31	48	-0.050794463473055315
26	29	-0.05079923994885441
32	49	-0.05081077095488323
31	40	-0.050930735645390524
36	43	-0.05099420598013468
7	10	-0.05102042575157076
2	41	-0.0511872315398173
30	48	-0.05127974628377403
12	21	-0.051280714594855725
21	37	-0.05129987740630934
11	43	-0.0515216709791623
11	29	-0.051586398554110346
14	16	-0.05164670718790365
37	48	-0.051892812960037754
9	39	-0.05218894168778668
3	30	-0.052462757682132335
32	40	-0.05253003263914227
1	9	-0.05261553489310422
16	28	-0.052625177818253155
41	50	-0.05268294297121123
21	33	-0.05281155080740901
40	50	-0.05290302369831876
33	45	-0.053132842116688284
24	46	-0.0531683735591342
21	45	-0.05319352010151088
8	22	-0.0533987842479436
1	35	-0.05350136747086193
35	45	-0.05375964766595703
13	50	-0.05398313591614756
6	11	-0.054369450171034506
25	43	-0.05439640724790415
23	43	-0.05464864268042588
16	50	-0.055073087329446685
26	46	-0.05524017770353967
5	21	-0.055247122896710354
27	40	-0.05540200995588443
13	46	-0.05542213210782845
5	37	-0.055486526087095256
14	49	-0.05554364967295636
33	42	-0.05574902947653815
13	17	-0.05579754464654432
20	51	-0.05597421385750065
19	26	-0.0559848151131338
3	52	-0.05608588524275461
39	42	-0.056099526723511206
46	52	-0.05614350312052471
34	47	-0.05618205999077734
9	13	-0.05645130051858682
9	24	-0.056545145006171665
23	46	-0.056571379877581845
43	44	-0.0566836517014678
30	46	-0.05677985390661358
30	45	-0.05690442039617688
3	32	-0.057582013234989154
11	16	-0.05786810933112371
19	25	-0.05787999403536748
26	43	-0.05803543430182159
14	41	-0.05809440738497609
11	49	-0.05809443150115673
9	43	-0.058193920751638845
5	6	-0.05822236608180287
5	40	-0.058409481975070066
37	41	-0.05857173656227779
14	24	-0.05865421814255922
9	14	-0.058742883237737825
17	45	-0.05893618866235936
42	49	-0.05896202721938046
1	39	-0.05927321382818254
38	49	-0.05938843663827148
9	28	-0.05939553116898372
25	27	-0.05965987456880048
1	47	-0.05988579787553153
14	17	-0.05993395168214538
5	30	-0.060150362463057466
2	20	-0.06025788431733135
3	33	-0.06032220386248838
25	28	-0.06090866949975013
36	52	-0.06119075018515657
7	24	-0.061475751476283785
9	22	-0.06149852409596179
27	43	-0.06151195731805248
2	21	-0.061516502631871445
16	45	-0.06169007862872472
44	51	-0.06178265719105863
43	49	-0.06181202683065934
5	46	-0.06185096515302793
11	25	-0.06199566161704215
21	27	-0.062036359374505884
9	23	-0.06213612581059158
32	47	-0.06216473543018036
6	33	-0.06229948575607783
1	8	-0.06231478089025708
6	14	-0.06237265149954341
10	49	-0.06276842313214726
15	49	-0.06304468370528127
37	47	-0.0630922825407151
26	32	-0.06318547375240449
28	47	-0.06322803267813941
30	39	-0.06331357214205724
12	42	-0.06379024995489793
1	51	-0.06383919819888495
23	26	-0.06386715150644107
21	25	-0.06411717001097869
14	20	-0.06415191645868751
4	7	-0.06421683956479152
5	28	-0.06422990706356374
25	30	-0.06423164478926105
22	36	-0.06449853032663455
26	47	-0.06458306228823012
48	52	-0.06465859629475587
7	22	-0.06488923092991852
5	34	-0.06506227984040391
2	36	-0.0651595617805201
14	38	-0.06521333037879312
14	28	-0.06550727337221504
1	15	-0.06564251260468668
8	15	-0.06571450582945221
6	45	-0.06585861201526505
8	51	-0.0658649812073867
2	42	-0.06607643563339019
21	28	-0.06610501699276611
6	34	-0.06632322087692519
20	52	-0.06680124811084956
16	51	-0.06689160268732608
33	51	-0.06702128395596818
18	37	-0.06718984079054341
9	15	-0.06728626418615127
27	49	-0.06732585548167064
4	36	-0.06740563348631073
22	46	-0.06749962286133984
13	16	-0.06773590730968759
2	23	-0.06778160701600969
1	34	-0.06784562504996372
10	17	-0.0680170093822782
4	50	-0.06826599485489454
45	48	-0.06831054683904275
47	51	-0.06834295462982129
3	28	-0.06845782507247872
29	47	-0.0684590201829477
17	35	-0.06847596695980865
40	52	-0.06859940893314431
3	37	-0.06901390223554153
27	47	-0.06903478622015688
29	41	-0.06959460301814344
2	35	-0.06971694436263687
35	38	-0.07009702970874421
29	48	-0.07017846440263749
2	19	-0.07024160902036267
28	35	-0.07033239889083387
4	38	-0.0704050771468584
11	36	-0.07046682696563325
8	34	-0.07048227683417196
9	37	-0.07055377971279689
11	51	-0.07056176761788915
19	47	-0.07062651635719537
41	51	-0.07080648761853608
19	36	-0.07081857797391483
37	50	-0.07082953746330495
22	43	-0.07102330337596119
21	34	-0.07130748303482146
16	26	-0.07147305145318217
12	24	-0.07147503790756476
35	39	-0.07157848382726228
5	51	-0.07158475483213461
10	51	-0.07174738292038968
6	15	-0.07184174991418943
23	42	-0.071938976739885
19	31	-0.07211372418015122
11	38	-0.07226365119236794
34	48	-0.07247830369520286
1	3	-0.07252169948908915
22	25	-0.07257384629983024
11	20	-0.07272169606663498
8	37	-0.07297944293213456
26	40	-0.07300605702359358
33	46	-0.07307649236301991
7	27	-0.07315927033277494
4	37	-0.07323412864149442
2	28	-0.07326259815629019
42	51	-0.07343960869909244
12	23	-0.07359357482981158
7	33	-0.07367608302103432
11	39	-0.07382004478533744
3	27	-0.07392742380205157
18	19	-0.07427484675930701
47	52	-0.07430212060718441
12	46	-0.07447104377275979
16	22	-0.07459615337639852
2	11	-0.074689489789067
43	45	-0.07476546058465036
37	44	-0.07527357896075762
6	24	-0.07535271452374276
39	45	-0.07539684423881673
37	43	-0.0758841497182075
15	48	-0.07603063301402274
10	40	-0.07606852213775706
13	45	-0.07615327972728009
5	44	-0.07654117368673952
1	22	-0.07674829760389584
18	47	-0.07675607663933443
28	42	-0.07684516452681084
18	41	-0.07693190014184906
28	48	-0.07702932105751775
12	26	-0.07709816527306279
4	10	-0.07735697545744541
10	27	-0.07742990462475025
34	35	-0.0775540594187788
24	41	-0.0776255458187777
37	40	-0.07765129654944472
19	37	-0.07765818447892486
24	27	-0.07791719759384697
13	52	-0.07812436738385092
5	43	-0.07818589231307094
12	19	-0.0782251574242489
33	48	-0.07842229754538964
11	34	-0.07859675098262647
17	26	-0.07889691528723725
32	39	-0.07903764057329851
4	8	-0.07904314090930001
27	46	-0.07908832434238697
46	50	-0.07923874299847858
39	49	-0.07928817337301095
6	22	-0.07959586667959648
6	29	-0.07961197950671442
45	52	-0.07972590128240303
25	32	-0.07973128933988746
8	26	-0.07993298348473055
5	20	-0.08016181888304968
19	44	-0.08028516835282873
4	22	-0.08029246083370106
1	23	-0.08063734132131373
26	34	-0.08077270805322839
4	12	-0.08096910501033239
26	42	-0.080993995914654
2	51	-0.08103934730024351
10	38	-0.08115546607201254
19	33	-0.08118294225763556
15	28	-0.08146430390889975
17	22	-0.08146464382164309
11	22	-0.081502022132562
20	50	-0.08165258250163332
35	47	-0.08193290929479626
33	50	-0.08198725073454591
12	39	-0.08212022832463314
33	47	-0.08307947389741127
15	34	-0.08313508554954413
25	42	-0.08319736165468344
19	48	-0.0833263502879918
1	44	-0.08337198760865003
5	24	-0.083375824588929
23	45	-0.08347256230014288
29	44	-0.08353999699698539
34	38	-0.0837180927788865
40	51	-0.08374848648839109
23	34	-0.08394955292068598
4	48	-0.08395877070569902
34	43	-0.08411036512388576
3	34	-0.08417976725023683
24	42	-0.08442089921374019
4	27	-0.08457434267839908
43	51	-0.08487777808096053
4	28	-0.0849657385644289
21	36	-0.08510409151147932
3	51	-0.08518198441355808
3	45	-0.08535599060059114
11	32	-0.08570276469815458
34	51	-0.08576146543673113
18	48	-0.08582042641189519
31	37	-0.08593915828700033
8	27	-0.08603368441071096
16	24	-0.08611812391352122
6	26	-0.08623882146744746
8	35	-0.08649099697968736
15	43	-0.08671114247942507
3	10	-0.08682437260040063
1	12	-0.08703212573718719
28	34	-0.08721344425748057
35	40	-0.08772436450233137
18	34	-0.08772839267233096
14	36	-0.08776301866328337
26	38	-0.08776886460884711
27	48	-0.08781158814182928
31	43	-0.08796059744878124
10	48	-0.08831378033657791
25	38	-0.08834272210024219
11	17	-0.0884709720433941
26	44	-0.0884866765694316
16	35	-0.08914220486545008
32	43	-0.08929739057310812
6	19	-0.08966467737244635
14	32	-0.0897740589315188
7	37	-0.0900221780057536
11	28	-0.09021238192350667
3	26	-0.09034425195065852
22	41	-0.09079472623699916
3	35	-0.09109906875733782
24	50	-0.09133581249887171
9	26	-0.09174769767867644
8	33	-0.09193228063192686
5	50	-0.09233453428544536
10	28	-0.09237671301294581
7	15	-0.0924074753818031
10	31	-0.09255861967121137
12	25	-0.09267089494723393
12	49	-0.0926965614001855
33	36	-0.09297470625996529
17	36	-0.09334429620826831
18	43	-0.09356430087781678
39	51	-0.09393641189036794
8	10	-0.09408477633267062
5	11	-0.09428122327716937
5	38	-0.09527052317100879
13	38	-0.09562424515779627
14	52	-0.09581311359343958
9	19	-0.09628153109230167
44	49	-0.09642674866742706
6	50	-0.09652106129121826
10	20	-0.09687034590958779
45	51	-0.09698390204343105
8	28	-0.09708465416306647
15	46	-0.09713326959992405
29	46	-0.09722758151127198
27	44	-0.09746430639433301
4	26	-0.0974770281454127
17	24	-0.09752635374260177
12	29	-0.09833331237047077
35	50	-0.0985328088575046
27	42	-0.09902337150286433
9	45	-0.09960120996040442
9	50	-0.09965006259602746
12	27	-0.09991213404447688
14	33	-0.10020857560882476
15	38	-0.10056764447615282
19	27	-0.10067948511638763
15	24	-0.10072182120129897
17	37	-0.10086400490202108
25	34	-0.10148444440854801
10	47	-0.10211861729976557
11	30	-0.10219370058345117
10	32	-0.10248975959877332
14	37	-0.10254287225435671
35	44	-0.10261386461317015
14	31	-0.1028658090703154
2	37	-0.10313906010988619
38	45	-0.10315408971636883
13	21	-0.10325841977337447
2	49	-0.10335171796312195
7	51	-0.1042637491479203
6	10	-0.10574680512729082
13	25	-0.10650109601199839
6	35	-0.1068314531394147
10	23	-0.10694460134875777
26	50	-0.10715969126730474
34	44	-0.10772108456690824
9	34	-0.10800685556094583
2	10	-0.10804347445693413
14	50	-0.10851438060450869
36	42	-0.10855676740137843
15	22	-0.10856040857124077
30	44	-0.10862712085106757
28	46	-0.10905983105891337
12	36	-0.10939210348425768
23	49	-0.10974793061570631
15	33	-0.11018056054579084
5	31	-0.11091593991165444
10	34	-0.11099178131852289
34	46	-0.11159932119713456
1	10	-0.11163673461923551
4	32	-0.11171905326929327
9	29	-0.11173149258855855
10	15	-0.11264820958238131
4	41	-0.11268900112252261
15	41	-0.11366020947027344
22	27	-0.11380882627498534
1	4	-0.11381596332171601
42	50	-0.11414523454430253
11	35	-0.11427369703004475
13	31	-0.11466469947886446
9	51	-0.11484471750230704
15	27	-0.11587340351624886
29	42	-0.11632472217076306
12	30	-0.11705914457377697
2	22	-0.11760841877651151
33	43	-0.11761322816468744
34	36	-0.11796358262570997
28	37	-0.11805700957361182
1	45	-0.11858438707695684
29	45	-0.11911257741775144
12	51	-0.119438569303954
27	36	-0.11963538639460938
15	21	-0.11979487836719893
12	22	-0.12089822364969638
9	32	-0.12117104862512848
31	46	-0.12181919077424361
15	35	-0.12225120166044495
11	37	-0.12324876327560619
12	31	-0.12338451728957875
2	25	-0.12360795333837479
27	35	-0.12408390273059144
12	33	-0.12450339508227465
5	52	-0.12465333032132547
37	45	-0.12469850680961997
16	37	-0.12490421258690382
31	44	-0.12509057860867787
9	30	-0.12571797764821238
12	35	-0.1260774348847626
10	21	-0.12617751409323108
1	46	-0.12635727885476483
4	30	-0.1264200969564953
32	44	-0.12650441323153155
29	43	-0.12771626751967846
18	24	-0.12949969446761278
9	52	-0.13029276266428247
15	26	-0.13087195235099974
5	26	-0.13135154831220308
35	46	-0.13209608463106123
9	18	-0.13331522295197035
4	6	-0.13363759767149483
4	43	-0.13409272822748172
11	27	-0.13509922685873782
32	42	-0.1358504835786416
13	26	-0.13612057976366299
31	45	-0.13783732636063473
19	46	-0.13811577633695057
14	25	-0.1398902627357802
26	27	-0.1399868390736863
27	38	-0.1402960542247276
9	35	-0.1407851801368946
35	43	-0.14139166576538312
15	23	-0.14284721326986471
5	25	-0.1433597107736849
4	35	-0.14476513402506025
18	44	-0.14660476740714895
2	45	-0.15052692662529804
1	43	-0.1545143640276543
13	27	-0.15462088658624124
4	9	-0.15545046483394268
4	23	-0.15582901083971784
4	24	-0.16202857538063037
34	42	-0.1628748507785712
4	46	-0.1651307363263483
26	39	-0.1666399231141451
28	44	-0.1670878969498023
5	36	-0.1762772342165378
46	51	-0.18642752746448052