#==========================================================================
# The first and second rows contain site pairs (i, j) such that j > i
# The third row contains coevolutionary scores obtained 
# using plmDCA-pydca algorithm.
# Note that in this data sites are counted/labelled starting from 1
#==========================================================================
45	52	0.11582781783142321
41	56	0.11080112320527075
44	53	0.10397463998281586
43	54	0.09494384840431491
10	38	0.08119952444191017
17	27	0.0790207037371792
49	54	0.07435854839505525
14	30	0.07284253019619807
40	57	0.07150973050179987
15	29	0.06909056836642022
10	35	0.06454455692954855
35	38	0.064544549372513
42	55	0.06449429775018115
12	30	0.05843527654682083
43	49	0.05715254989241763
7	12	0.05666723580214722
12	14	0.05658457780503824
12	37	0.05646707163421176
14	29	0.05608788885351523
33	35	0.05603029595292207
56	64	0.05406497782590859
41	64	0.054064977578477016
20	46	0.05393536855172676
20	48	0.05393536844089215
46	51	0.05393536834589106
48	51	0.05393536823505645
20	51	0.05393536817172239
46	48	0.053935361164480215
29	55	0.0536342547266907
14	15	0.052389395853444376
14	37	0.051585777330586544
23	30	0.05154378760875115
30	37	0.050418857497631475
22	56	0.04963894963980487
22	41	0.04963894938937859
29	37	0.0496024619555778
30	56	0.04712141672411828
30	41	0.047121408989131267
14	33	0.04623951455436219
43	53	0.046077585415924986
44	52	0.0458720291544451
44	45	0.04587202083750066
1	48	0.045273373644796416
1	51	0.04527337338555638
1	46	0.04527336630096172
1	20	0.04527336613321817
42	49	0.044326070920656976
29	30	0.04403499380534717
23	57	0.043435799133955275
23	40	0.04343579761955332
7	49	0.04274611312165981
34	44	0.04130944304246096
30	33	0.04111373537760049
56	57	0.041082831178635607
41	57	0.04108283093327292
40	56	0.041082829606729605
40	41	0.041082821910786306
43	44	0.040760139072152486
22	30	0.04068622090964794
12	29	0.03993171467863023
29	42	0.03977003822840805
23	56	0.03956852987976123
23	41	0.03956852962199067
34	53	0.03942292984257405
12	31	0.03905725071516765
52	54	0.03846304258793127
45	54	0.03846304186878265
43	52	0.03755107788515759
43	45	0.03755106967956185
15	30	0.037416572468387185
52	56	0.03728912355616995
41	52	0.03728912329885898
45	56	0.03728912265316011
41	45	0.03728912239584913
14	23	0.03678716122467473
17	37	0.035535498461882586
27	37	0.035535492124477916
30	53	0.03537321128430761
15	55	0.03530853615332068
54	56	0.03515623032473039
41	54	0.03515623011164932
15	37	0.03507035666727226
52	53	0.034849613511909634
45	53	0.03484961260873233
14	55	0.03476719420880241
17	38	0.03454501067631655
10	27	0.0345449969087577
27	38	0.03454499680296567
10	17	0.03454499588094739
14	31	0.034393649318195024
22	34	0.03411206178952259
49	56	0.033819273900698374
41	49	0.0338192736568471
52	64	0.033414796019488005
45	64	0.03341479518440644
30	31	0.03330507502045815
31	35	0.032962253708545663
53	54	0.032586566667215544
23	29	0.03231660414298537
35	49	0.03220551843842049
7	14	0.03219251935085044
34	56	0.0320932926007538
34	41	0.03209329235569868
57	63	0.03175373917891398
40	63	0.03175373786885588
49	64	0.031495011121907585
1	43	0.03136030576213434
12	33	0.030295413615628722
52	55	0.030121261747846725
45	55	0.03012126084618532
1	54	0.030081423218702864
49	52	0.029924573013723782
45	49	0.029924572190725744
30	44	0.029514874264648806
14	42	0.029513233186674398
22	52	0.029508611952413943
22	45	0.029508611107225233
41	43	0.028742779007843916
43	56	0.02874277178097151
13	53	0.028031526177455093
14	35	0.027922387321029543
23	42	0.027701144451433124
42	43	0.027674198305679826
13	44	0.027539123528909894
7	15	0.027520933444309163
10	14	0.027278078547652178
14	38	0.02727807842200663
34	43	0.027219909487063557
23	31	0.026912544531426733
7	33	0.02673698604682459
13	33	0.0266462373671413
14	56	0.026560972773671455
14	41	0.026560972486481614
7	54	0.026489674524385748
12	55	0.02615826465536853
44	54	0.02582570785026119
12	15	0.025442482354650173
33	38	0.025395366432262485
10	33	0.025395359105583604
12	23	0.024703877541870083
43	64	0.024468645982404634
30	52	0.024401836688988515
30	45	0.024401835729116902
15	42	0.0243304011057869
34	54	0.024321359937853074
54	64	0.02428669488755466
27	29	0.024278847238007245
17	29	0.024278846111686077
34	40	0.02421881556847371
34	57	0.024218809557591918
30	35	0.02381318132197284
15	53	0.023648736223733445
42	54	0.023519076468206772
13	49	0.023208374636297387
12	27	0.023198108085571954
12	17	0.023198106982378904
10	30	0.022824015464192438
30	38	0.022824015339764643
30	34	0.02282384050262607
17	43	0.022282537198518568
27	43	0.022282530600825447
7	64	0.022171109338767994
14	53	0.021977324023285838
34	64	0.021717881731634213
37	53	0.021695085359418262
37	55	0.021458305206454954
41	48	0.02092325451322572
20	56	0.020923247249091767
41	46	0.02092324717970196
20	41	0.020923246995755512
41	51	0.020923246778364255
46	56	0.02092323998245761
48	56	0.020923239865400782
51	56	0.020923239581119905
15	23	0.020521296960143737
13	57	0.020502258352035473
13	40	0.020502256960473884
22	58	0.020051539001674945
42	56	0.01991018684897338
41	42	0.019910179129235615
49	55	0.019441159056896043
53	55	0.019156705104457987
55	64	0.01909673621940723
34	45	0.018887751759698403
34	52	0.01888774513617883
13	63	0.01887187935575796
30	55	0.01887041554573278
1	56	0.018745236395146872
1	41	0.01874523615115624
42	46	0.01851117933365142
42	51	0.01851117892991567
42	48	0.018511171765314555
20	42	0.01851117169802527
12	53	0.018128285137940257
52	63	0.017899190081862096
45	63	0.017899189329275526
33	34	0.017783075361398053
7	58	0.017737672999257707
53	64	0.01760941284767633
14	27	0.01757064106668678
14	17	0.017570639971775527
49	53	0.01746453810833258
23	43	0.01704490445943708
13	52	0.016989892148252084
13	45	0.01698988389826376
47	61	0.01684901173525507
47	50	0.016849011697301533
50	61	0.016849011684650354
11	65	0.01684901123601533
16	65	0.016849010995642948
8	47	0.01684901045164229
8	61	0.01684901043899112
8	50	0.016849010401037583
5	47	0.016849010350432868
6	47	0.016849010350432868
5	61	0.01684901033778169
6	61	0.01684901033778169
5	50	0.016849010299828153
6	50	0.016849010299828153
28	47	0.01684901027452579
28	61	0.01684901026187461
28	50	0.016849010223921074
18	24	0.016849010185967503
19	24	0.016849010185967503
18	32	0.01684901012271161
19	32	0.01684901012271161
18	25	0.016849010097409252
19	25	0.016849010097409252
18	26	0.01684901008475808
19	26	0.01684901008475808
11	24	0.016849010034153365
47	60	0.01684901002150222
60	61	0.016849010008851042
50	60	0.016849009970897506
11	32	0.01684900997089747
11	25	0.016849009945595114
18	19	0.016849009819083327
18	36	0.016849009819083327
19	36	0.016849009819083327
16	24	0.016849009793780977
16	32	0.016849009730525083
16	25	0.016849009705222726
16	26	0.016849009692571547
11	18	0.01684900966726919
11	19	0.01684900966726919
11	36	0.01684900966726919
21	24	0.01684900958551827
4	24	0.016849009547564735
21	32	0.016849009522262377
21	25	0.01684900949696002
4	32	0.01684900948430884
9	32	0.016849009471657662
4	25	0.016849009459006484
9	26	0.016849009433704133
16	18	0.016849009426896794
16	19	0.016849009426896794
16	36	0.016849009426896794
24	47	0.016849009287733835
24	61	0.016849009275082663
11	16	0.016849009275082656
24	50	0.01684900923712912
32	47	0.01684900922447794
32	61	0.016849009211826763
25	47	0.016849009199175584
26	47	0.016849009186524412
25	61	0.016849009186524405
26	61	0.016849009173873233
32	50	0.016849009173873226
25	50	0.01684900914857087
26	50	0.016849009135919697
18	47	0.016849008920849652
19	47	0.016849008920849652
36	47	0.016849008920849652
18	61	0.016849008908198473
19	61	0.016849008908198473
36	61	0.016849008908198473
18	50	0.016849008870244937
19	50	0.016849008870244937
36	50	0.016849008870244937
11	47	0.016849008769035508
11	61	0.01684900875638433
21	59	0.016849008732045215
11	50	0.016849008718430793
4	59	0.01684900869409168
9	59	0.0168490086814405
39	59	0.01684900864348697
21	39	0.016849008529626376
16	47	0.016849008528663105
16	61	0.016849008516011933
4	39	0.016849008491672847
9	39	0.016849008479021668
16	50	0.01684900847805839
59	61	0.016849008421609968
21	47	0.016849008320400538
21	61	0.01684900830774936
4	47	0.016849008282447002
21	50	0.01684900826979583
4	61	0.016849008269795823
9	47	0.016849008269795823
9	61	0.016849008257144645
4	50	0.016849008231842287
39	47	0.01684900823184228
9	50	0.01684900821919111
39	61	0.01684900821919111
39	50	0.016849008181237572
24	65	0.016849008029423324
25	65	0.016849007940865073
26	65	0.0168490079282139
18	65	0.01684900766253917
19	65	0.01684900766253917
36	65	0.01684900766253917
8	18	0.016849007624585632
8	19	0.016849007624585632
8	36	0.016849007624585632
18	62	0.016849007573980918
19	62	0.016849007573980918
36	62	0.016849007573980918
24	60	0.016849007561329732
5	18	0.016849007523376203
5	19	0.016849007523376203
5	36	0.016849007523376203
6	18	0.016849007523376203
6	19	0.016849007523376203
6	36	0.016849007523376203
32	60	0.01684900749807384
8	11	0.016849007472771495
25	60	0.01684900747277148
26	60	0.01684900746012031
18	28	0.01684900744746913
19	28	0.01684900744746913
28	36	0.01684900744746913
11	62	0.016849007422166787
5	11	0.016849007371562072
6	11	0.016849007371562072
11	28	0.016849007295655
8	16	0.016849007232399113
18	60	0.01684900719444557
19	60	0.01684900719444557
36	60	0.01684900719444557
16	62	0.016849007181794405
59	65	0.016849007175950406
8	59	0.016849007137996877
5	16	0.01684900713118969
6	16	0.01684900713118969
59	62	0.01684900708739217
21	65	0.01684900706208981
16	28	0.016849007055282618
11	60	0.016849007042631432
5	59	0.01684900703678746
6	59	0.01684900703678746
4	65	0.016849007024136275
8	21	0.016849007024136275
9	65	0.016849007011485097
4	8	0.016849006986182746
21	62	0.016849006973531575
8	9	0.016849006973531568
39	65	0.01684900697353156
28	59	0.016849006960880396
4	62	0.01684900693557804
8	39	0.01684900693557803
5	21	0.01684900692292686
6	21	0.01684900692292686
9	62	0.01684900692292686
4	5	0.01684900688497333
4	6	0.01684900688497333
39	62	0.016849006884973323
5	9	0.01684900687232215
6	9	0.01684900687232215
21	28	0.016849006847019794
5	39	0.016849006834368616
6	39	0.016849006834368616
4	28	0.016849006809066265
16	60	0.01684900680225905
9	28	0.016849006796415086
47	65	0.016849006764305535
24	32	0.016849006764305487
28	39	0.01684900675846155
61	65	0.016849006751654357
24	25	0.01684900673900313
24	26	0.01684900672635195
50	65	0.01684900671370082
59	60	0.016849006707856856
47	62	0.016849006675747284
25	32	0.016849006675747236
61	62	0.016849006663096106
26	32	0.016849006663096057
25	26	0.0168490066377937
50	62	0.01684900662514257
21	60	0.016849006593996255
4	60	0.016849006556042725
9	60	0.016849006543391547
39	60	0.01684900650543801
24	36	0.016849006460677204
32	36	0.01684900639742131
25	36	0.016849006372118953
26	36	0.01684900635946778
11	26	0.016849006207653644
24	59	0.016849005974088574
32	59	0.01684900591083268
25	59	0.01684900588553033
26	59	0.016849005872879158
9	24	0.016849005809623258
24	39	0.01684900577166972
21	26	0.01684900575901855
4	26	0.016849005721065013
9	25	0.016849005721065007
32	39	0.016849005708413835
25	39	0.016849005683111477
26	39	0.016849005670460306
18	59	0.016849005607204433
19	59	0.016849005607204433
36	59	0.016849005607204433
18	21	0.01684900549334383
19	21	0.01684900549334383
21	36	0.01684900549334383
11	59	0.01684900545539031
4	18	0.016849005455390295
4	19	0.016849005455390295
4	36	0.016849005455390295
9	18	0.016849005442739116
9	19	0.016849005442739116
9	36	0.016849005442739116
62	65	0.016849005417436683
18	39	0.01684900540478558
19	39	0.01684900540478558
36	39	0.01684900540478558
8	62	0.016849005379483147
11	21	0.0168490053415297
4	11	0.016849005303576164
9	11	0.016849005290924986
5	62	0.01684900527827373
6	62	0.01684900527827373
11	39	0.01684900525297145
16	59	0.01684900521501794
28	62	0.01684900520236666
16	21	0.016849005101157333
4	16	0.016849005063203797
9	16	0.016849005050552618
60	65	0.01684900503790135
16	39	0.01684900501259908
8	60	0.016849004999947813
5	60	0.01684900489873839
6	60	0.01684900489873839
28	60	0.016849004822831325
47	59	0.016849004708970848
50	59	0.016849004658366133
8	24	0.01684900426617949
32	65	0.01684900424087713
24	62	0.01684900421557478
8	32	0.016849004202923595
8	25	0.016849004177621238
5	24	0.016849004164970066
6	24	0.016849004164970066
8	26	0.016849004164970066
32	62	0.016849004152318887
25	62	0.01684900412701653
26	62	0.016849004114365358
5	32	0.016849004101714173
6	32	0.016849004101714173
24	28	0.016849004089062994
5	25	0.016849004076411815
6	25	0.016849004076411815
5	26	0.016849004063760643
6	26	0.016849004063760643
28	32	0.0168490040258071
25	28	0.016849004000504743
26	28	0.01684900398785357
8	65	0.016849001742751092
5	65	0.01684900164154167
6	65	0.01684900164154167
5	8	0.01684900160358814
6	8	0.01684900160358814
28	65	0.016849001565634604
8	28	0.016849001527681068
5	6	0.016849001502378717
5	28	0.016849001426471645
6	28	0.016849001426471645
60	62	0.016849001224052806
4	21	0.016849001129650487
9	21	0.016849001116999315
4	9	0.01684900107904578
7	42	0.016785089793510122
13	34	0.016643388223861993
43	57	0.016632153284501815
40	43	0.01663215197021621
52	57	0.0165743389622209
45	57	0.01657433813412182
40	52	0.016574337450518957
40	45	0.01657433662241984
27	30	0.016512066592816357
17	30	0.016512058057936346
34	49	0.016311605878191533
12	34	0.016199860896566852
7	29	0.016182966339021665
31	38	0.015796300370557202
10	31	0.01579629302559546
34	37	0.015699799750937264
22	42	0.015642624077962235
15	44	0.015588860035484424
29	49	0.015322029581259652
14	52	0.015253196075464832
14	45	0.015253195106199137
29	52	0.014881202993462253
29	45	0.014881201996391057
14	44	0.014794497044621727
27	54	0.014689839259951473
17	54	0.014689838447579887
31	55	0.014596767508318315
54	57	0.014145797247632916
40	54	0.014145795995781633
44	64	0.013835627398134022
2	67	0.013757517513844084
3	66	0.013757515878744114
66	67	0.013757515830839867
3	67	0.013757515774951577
2	66	0.013757515754991475
2	3	0.013757515699103183
13	54	0.01364721567968278
23	37	0.013598514208616859
13	30	0.013528782195129568
23	33	0.013468645481719714
53	56	0.013420710345711934
41	53	0.013420710078103845
13	31	0.013130964912432569
22	44	0.013084955662496671
14	34	0.012768765035617385
7	10	0.012756555548357758
7	38	0.012756555430188228
13	14	0.012736171373627127
54	58	0.012677769587482193
37	44	0.01267734726765471
7	30	0.012483783416523397
46	54	0.012425572487486061
48	54	0.01242557239426309
20	54	0.012425572340992827
51	54	0.012425572167864447
10	45	0.012370675655602688
10	52	0.012370669114886955
38	52	0.012370669002313407
38	45	0.012370668092448543
15	17	0.012227341282338378
15	27	0.012227334931084674
10	12	0.01175350108930319
12	38	0.011753500962707275
12	41	0.011750224426449143
12	56	0.011750217265230664
44	49	0.011685211152060254
22	43	0.01156055795854221
31	33	0.011270742904899288
1	44	0.011067335040799375
30	42	0.010833372873006675
7	45	0.010825854063130372
7	52	0.010825847524143353
30	57	0.010774613843670004
30	40	0.010774612172782395
10	13	0.010769654064806775
13	38	0.01076964278530896
12	35	0.010687933437730376
55	56	0.010595747518381722
41	55	0.010595747251222781
22	53	0.010582889307860957
12	52	0.01058285014251447
12	45	0.010582849165917348
33	56	0.01030735180470415
33	41	0.010307351521500217
35	56	0.010269892327604058
35	41	0.010269892084278413
12	44	0.010218885621033673
1	52	0.009984808808877546
1	45	0.00998480798540917
33	37	0.009980314446575725
1	37	0.009945162788425575
44	58	0.009938245856605167
27	35	0.009828620812407374
17	35	0.009828619884728364
1	42	0.009590615385261694
12	49	0.009428386596889826
23	35	0.009354608632491948
15	56	0.009354014635355797
15	41	0.009354014347007757
8	58	0.009112059346809066
5	58	0.009112059238691746
6	58	0.009112059238691746
28	58	0.009112059157603748
58	60	0.00911205888731044
24	58	0.009112058103459823
32	58	0.009112058035886494
25	58	0.009112058008857157
26	58	0.009112057995342503
36	58	0.009112057711534519
11	58	0.00911205754935853
16	58	0.009112057292579877
47	58	0.009112056751993246
58	61	0.009112056738478584
50	58	0.009112056697934585
58	65	0.009112055662062767
58	62	0.009112055567460114
18	58	0.00911205398624422
19	58	0.00911205398624422
58	59	0.009112053720708349
21	58	0.00911205359907636
4	58	0.009112053558532361
9	58	0.009112053545017693
39	58	0.009112053504473694
23	55	0.00900923687457185
44	55	0.008747324840087285
44	56	0.008716365453282512
41	44	0.008716365196582115
22	23	0.00869365437578961
30	43	0.008685975419172376
23	52	0.008455575546650544
23	45	0.008455574676674939
10	56	0.00841659775305701
38	56	0.008416597636000188
10	41	0.008416597483467424
38	41	0.008416597366410594
37	46	0.00838018705655618
37	48	0.008380186928814676
20	37	0.008380186855819545
37	51	0.008380186618585327
53	58	0.008367539496393288
31	52	0.00831495374925522
31	45	0.008314952934481125
30	49	0.00810798381324112
7	35	0.007980103385076064
43	55	0.007766443439573528
1	12	0.007528051792177706
44	63	0.007427196697805505
15	33	0.007399216574435888
8	63	0.0072097020182246355
62	63	0.0072097019624774925
5	63	0.0072097019067303356
6	63	0.0072097019067303356
28	63	0.0072097018231096
60	63	0.0072097015443738435
32	63	0.007209700666356178
26	63	0.007209700624545817
11	63	0.007209700164631801
16	63	0.007209699899832826
47	63	0.007209699342361292
61	63	0.007209699328424503
50	63	0.007209699286614135
18	63	0.007209696606582959
19	63	0.007209696606582959
36	63	0.007209696606582959
59	63	0.007209696449110459
21	63	0.00720969632367937
4	63	0.007209696281869002
9	63	0.007209696267932213
39	63	0.007209696226121845
63	65	0.007209694609454406
24	63	0.00720969328545952
25	63	0.007209693187902003
1	66	0.007125446242413562
1	67	0.007125445845928792
1	2	0.00712544555618992
1	3	0.007125444166276612
14	22	0.007120135359678419
23	49	0.0070964930823040895
40	44	0.0070159804477554
44	57	0.007015974505289624
33	46	0.006856038154843508
33	48	0.006856038030941786
20	33	0.006856037960140816
33	51	0.006856037730037623
14	49	0.006798163623357847
23	63	0.006757429157424812
15	52	0.0066970570366786455
15	45	0.006697056063504028
3	43	0.006602441355566695
43	67	0.006602441187785555
2	43	0.00660244092213208
43	66	0.0066024396886662125
2	54	0.006563221615647211
54	67	0.006563220006035833
54	66	0.006563218489647424
3	54	0.006563218303201487
1	13	0.006482673694911789
15	57	0.006436346546577855
15	40	0.006436344852533173
53	63	0.006054653957375811
29	31	0.006033018624012204
38	43	0.005916219115823795
10	43	0.005916215488405825
33	53	0.0059106882947223965
22	54	0.005495367517330568
1	33	0.005286274179345539
33	44	0.00517186438554984
54	55	0.005159889116606635
23	38	0.0049108115122613455
10	23	0.004910807899745656
35	43	0.004422329387898875
30	58	0.004407289331737889
14	54	0.004336538785663237
13	37	0.0042477662393692675
37	41	0.0042134439086154996
37	56	0.004213436750015474
13	43	0.004104347415396566
12	13	0.004053569248091991
7	43	0.003971856134447095
33	57	0.0037736737729518605
33	40	0.0037736683838385104
30	54	0.0036448459351796775
3	49	0.003546991277197228
49	67	0.003546991094308777
2	49	0.0035469908047353945
49	66	0.0035469896279219405
37	42	0.0034863922306729717
43	46	0.003484957850618871
20	43	0.003484957696819495
43	48	0.003484954027456237
43	51	0.003484953789766286
13	35	0.0033008623636047382
2	35	0.0030876735575672814
35	66	0.003087673310598074
3	35	0.003087673097688136
35	67	0.0030876729151939064
49	58	0.0030259749818637854
2	17	0.002921117052421868
27	66	0.0029211170447042585
3	27	0.002921116833120175
17	66	0.0029211168011910003
27	67	0.002921116651762392
3	17	0.0029211165896069133
17	67	0.002921116408249127
2	27	0.0029211163646125655
1	31	0.0026948666133363303
40	53	0.0025189124590843937
53	57	0.0025189103059916063
34	58	0.0024696009341986375
31	49	0.0022848656295010525
29	56	0.0022610822795405897
29	41	0.0022610819841120816
23	34	0.0022412181907278533
29	53	0.002225023126302954
22	64	0.0022034158358792966
27	53	0.002101419919197517
17	53	0.0021014188989416788
15	49	0.0020592611659191323
7	56	0.0019147723864022456
7	41	0.0019147721163004436
52	58	0.0014457201220662644
45	58	0.0014457193922743153
3	34	0.0014444429209311653
2	34	0.001444442446136878
34	66	0.0014444422040318199
34	67	0.001444441805817256
1	53	0.001368037125178842
42	66	0.001362022383259569
42	67	0.0013620219458791681
3	42	0.00136202121642447
2	42	0.0013620206949324538
1	49	0.0013367511859217612
31	34	0.001323877153464957
31	43	0.0012060678324525079
42	64	0.0010199795474943388
3	56	0.000965239924188354
2	56	0.0009652394057938201
56	66	0.0009652392269794401
3	41	0.0009652389289934466
56	67	0.0009652387921969281
41	67	0.0009652387283245953
2	41	0.000965238410598911
41	66	0.0009652373004619616
32	64	0.0008540257678032945
25	64	0.0008540257368743476
26	64	0.0008540257214098776
59	64	0.000854025630270816
21	64	0.0008540254910905584
18	64	0.0008540253966559386
19	64	0.0008540253966559386
36	64	0.0008540253966559386
39	64	0.0008540253828392477
16	64	0.000854024917257265
47	64	0.000854024298678327
61	64	0.00085402428321385
50	64	0.0008540242368204332
64	65	0.0008540235889603273
62	64	0.0008540234807090236
60	64	0.000854023016774827
24	64	0.0008540221198353667
4	64	0.0008540217194068431
9	64	0.0008540217039423662
11	64	0.0008540214857919587
8	64	0.000854019817276612
5	64	0.0008540196935608313
6	64	0.0008540196935608313
28	64	0.0008540196007739836
4	17	0.0005251927686528504
9	17	0.0005251927535397036
27	65	0.0005251917267968254
8	27	0.0005251916814573779
27	62	0.0005251916210047905
5	27	0.0005251915605521962
6	27	0.0005251915605521962
27	28	0.0005251914698733012
27	60	0.0005251911676103366
8	17	0.0005251909097355179
17	62	0.0005251908492829305
5	17	0.0005251907888303292
6	17	0.0005251907888303292
17	28	0.0005251906981514412
17	60	0.0005251903958884627
24	27	0.0005251902910477016
27	32	0.0005251902154819535
25	27	0.0005251901852556598
26	27	0.000525190170142513
27	36	0.0005251898527663876
17	24	0.0005251895193258138
17	32	0.0005251894437600657
17	25	0.0005251894135337651
17	26	0.0005251893984206252
16	27	0.0005251893842587799
17	59	0.0005251892247203419
17	21	0.0005251890887020064
17	18	0.0005251890810444929
17	19	0.0005251890810444929
17	36	0.0005251890810444929
17	39	0.0005251889829099646
11	17	0.0005251888996867099
27	47	0.0005251887797328297
27	61	0.0005251887646196829
27	50	0.0005251887192802285
16	17	0.0005251886125368713
17	47	0.0005251880080109142
17	61	0.0005251879928977674
17	50	0.0005251879475583129
27	59	0.0005251862711518618
21	27	0.0005251861351335263
18	27	0.000525186127476096
19	27	0.000525186127476096
4	27	0.0005251860897940788
9	27	0.000525186074680932
27	39	0.0005251860293414845
11	27	0.0005251859461183131
17	65	0.0005251835044943753
3	52	0.0004318895067409248
3	45	0.0004318892911718084
2	52	0.00043188900820091865
52	66	0.0004318888005654508
2	45	0.0004318887926317936
45	66	0.0004318885849963379
52	67	0.00043188838243512183
45	67	0.000431888166866002
31	57	0.0003808420246271607
31	40	0.0003808406063167194
14	57	0.00018022993951783556
14	40	0.00018022452698727293
22	67	-4.449454039800321e-05
22	66	-4.4495064777870866e-05
3	22	-4.449528390086839e-05
2	22	-4.44957691017895e-05
48	59	-8.107906411217863e-05
48	60	-8.108173997625062e-05
32	46	-8.108264892946887e-05
21	48	-8.108293190411259e-05
4	48	-8.108297940465775e-05
9	48	-8.10829952381728e-05
4	20	-8.108303000935874e-05
39	48	-8.108304273871797e-05
9	20	-8.108304584287379e-05
39	51	-8.108325780872838e-05
5	46	-8.108496503690665e-05
6	46	-8.108496503690665e-05
20	62	-8.108504086579843e-05
28	46	-8.108506003800392e-05
24	46	-8.108629505219206e-05
25	46	-8.108640588679744e-05
26	46	-8.108642172030556e-05
46	59	-8.108642613453149e-05
20	59	-8.108656529747654e-05
21	46	-8.108656863616004e-05
24	51	-8.108659868046736e-05
4	46	-8.108661613671214e-05
9	46	-8.10866319702272e-05
32	51	-8.108667784804957e-05
39	46	-8.108667947077236e-05
20	21	-8.108670779911203e-05
25	51	-8.108670951507968e-05
26	51	-8.10867253485878e-05
51	59	-8.108672976278597e-05
18	46	-8.108675422412864e-05
19	46	-8.108675422412864e-05
36	46	-8.108675422412864e-05
20	39	-8.108681863371742e-05
18	48	-8.108684278238659e-05
19	48	-8.108684278238659e-05
36	48	-8.108684278238659e-05
21	51	-8.108687226441452e-05
18	20	-8.108689338709452e-05
19	20	-8.108689338709452e-05
20	36	-8.108689338709452e-05
4	51	-8.108691976496663e-05
9	51	-8.108693559848168e-05
11	46	-8.10869442263093e-05
11	48	-8.108703278456725e-05
18	51	-8.108705785241088e-05
19	51	-8.108705785241088e-05
36	51	-8.108705785241088e-05
11	20	-8.108708338927517e-05
16	46	-8.108724506310228e-05
11	51	-8.108724785459848e-05
16	48	-8.108733362135329e-05
16	20	-8.108738422606121e-05
16	51	-8.108754869139145e-05
46	47	-8.108787840371834e-05
46	61	-8.108789423722645e-05
46	50	-8.108794173777856e-05
47	48	-8.108796696196935e-05
48	61	-8.10879827954844e-05
20	47	-8.108801756668421e-05
48	50	-8.10880302960365e-05
20	61	-8.108803340019233e-05
20	50	-8.108808090074443e-05
47	51	-8.108818203200752e-05
51	61	-8.108819786552257e-05
50	51	-8.108824536606773e-05
46	65	-8.108851615853951e-05
8	46	-8.108856365909162e-05
48	65	-8.108860471679052e-05
46	62	-8.10886269931449e-05
8	48	-8.108865221733569e-05
20	65	-8.108865532149845e-05
8	20	-8.108870282204361e-05
48	62	-8.108871555138897e-05
5	48	-8.108877888545613e-05
6	48	-8.108877888545613e-05
51	65	-8.108881978681481e-05
5	20	-8.108882949016405e-05
6	20	-8.108882949016405e-05
8	51	-8.108886728735998e-05
28	48	-8.108887388655339e-05
20	28	-8.108892449125438e-05
51	62	-8.10889306214202e-05
5	51	-8.108899395548042e-05
6	51	-8.108899395548042e-05
28	51	-8.108908895657074e-05
46	60	-8.108910199859654e-05
20	60	-8.108924116155547e-05
51	60	-8.108940562687184e-05
24	48	-8.109010890074153e-05
20	24	-8.109015950544946e-05
32	48	-8.10901880683168e-05
25	48	-8.109021973535385e-05
26	48	-8.109023556886197e-05
20	32	-8.109023867303167e-05
20	25	-8.109027034006178e-05
20	26	-8.109028617356989e-05
1	22	-0.00016270040848538614
10	66	-0.00024152840797475247
3	10	-0.00024152864386563916
10	67	-0.00024152884605782923
38	67	-0.00024152887400197276
2	10	-0.00024152916619546265
3	38	-0.0002415296031323573
2	38	-0.0002415301254621808
38	66	-0.0002415312298866181
29	54	-0.00026186694800133664
12	57	-0.0005692586457375845
12	40	-0.0005692603457399664
21	22	-0.0006244361255305919
4	22	-0.000624436172485518
9	22	-0.0006244361881371646
11	22	-0.0006244364540157268
16	22	-0.0006244367513969368
22	47	-0.000624437377462643
22	61	-0.0006244373931142827
22	50	-0.0006244374400692157
22	65	-0.0006244380506826297
8	22	-0.0006244380976375627
22	62	-0.0006244381602441285
5	22	-0.0006244382228507012
6	22	-0.0006244382228507012
22	28	-0.0006244383167605533
22	60	-0.0006244386297934029
22	24	-0.0006244395375886794
22	32	-0.0006244396158468918
22	25	-0.0006244396471501781
22	26	-0.0006244396628018178
22	59	-0.0006244397099561053
22	39	-0.0006244399603823822
18	22	-0.0006244399914863141
19	22	-0.0006244399914863141
22	36	-0.0006244399914863141
3	55	-0.0007022846317921404
55	67	-0.000702284832161339
2	55	-0.0007022851494125747
55	66	-0.0007022862606732225
13	56	-0.0007781470086259817
13	41	-0.0007781472454875399
34	55	-0.0008100916839799965
44	66	-0.0008657178018107777
3	44	-0.0008657180264236269
44	67	-0.0008657182189489212
2	44	-0.0008657185237806418
22	31	-0.0008956103733294488
31	66	-0.001003291096904146
3	31	-0.0010032913081418748
31	67	-0.0010032914892027824
2	31	-0.0010032917758825543
7	37	-0.001082696731822902
29	57	-0.0010868234812735217
29	40	-0.001086825216915964
3	30	-0.0013379939636145362
2	30	-0.0013379945146519412
30	66	-0.001337994646081508
30	67	-0.0013379951082419118
34	63	-0.0013983390694178657
49	51	-0.001495662392279426
46	49	-0.0014956657517928226
48	49	-0.0014956658584777544
20	49	-0.001495669644730864
31	54	-0.0015012480787076066
2	14	-0.0015604272883542342
14	67	-0.0015604278786388818
14	66	-0.0015604283432779763
3	14	-0.0015604285945690823
2	12	-0.0015811647977059928
12	66	-0.0015811649151976376
3	12	-0.0015811651683894836
12	67	-0.0015811653854110649
51	66	-0.0016176104046730765
2	20	-0.0016176110652849959
2	51	-0.0016176111171812661
20	66	-0.0016176112840993826
3	20	-0.0016176115057685968
3	51	-0.0016176115576648654
20	67	-0.0016176116957707792
51	67	-0.0016176117476670495
2	46	-0.0016176119526953425
2	48	-0.0016176119806394895
46	66	-0.001617612171509731
48	66	-0.0016176121994538762
3	46	-0.0016176123931789452
3	48	-0.001617613352445665
46	67	-0.0016176135145037004
48	67	-0.0016176135424478474
2	23	-0.0017330704480325847
23	66	-0.0017330706543754945
3	23	-0.0017330708799247231
23	67	-0.001733071073252634
58	66	-0.0017366121625949724
3	58	-0.001736612351800294
58	67	-0.001736612513976282
2	58	-0.0017366127707549306
13	67	-0.001770117348196697
13	66	-0.001770117894619257
3	13	-0.0017701181018731117
2	13	-0.0017701185607923598
28	67	-0.0017964002149128775
59	66	-0.0017964002224937561
21	66	-0.0017964002584219402
39	66	-0.0017964002863660854
2	65	-0.0017964003874209045
2	8	-0.001796400399396967
3	59	-0.0017964003996102373
2	5	-0.0017964004313331325
2	6	-0.0017964004313331325
3	21	-0.0017964004355384231
3	4	-0.0017964004475144839
3	9	-0.0017964004515065059
2	28	-0.0017964004552852592
3	39	-0.0017964004634825684
24	67	-0.0017964005262904922
59	67	-0.0017964005514243628
21	67	-0.0017964005873525486
4	67	-0.0017964005993286111
9	67	-0.0017964006033206331
39	67	-0.0017964006152966956
65	66	-0.0017964007494404733
8	66	-0.0017964007614165358
2	24	-0.0017964007666628826
2	32	-0.0017964007866229873
2	59	-0.0017964007917967324
5	66	-0.0017964007933526996
6	66	-0.0017964007933526996
2	25	-0.0017964007946070296
2	26	-0.001796400798599048
28	66	-0.0017964008173048246
2	21	-0.0017964008277249182
2	4	-0.0017964008397009807
2	9	-0.0017964008436930027
2	39	-0.0017964008556690635
3	65	-0.001796400926556965
3	8	-0.0017964009385330274
3	62	-0.0017964009545011084
3	5	-0.0017964009704691912
3	6	-0.0017964009704691912
3	28	-0.0017964009944213162
3	60	-0.0017964010742617283
65	67	-0.001796401078371099
8	67	-0.0017964010903471616
62	67	-0.0017964011063152426
5	67	-0.0017964011222833271
6	67	-0.0017964011222833271
24	66	-0.0017964011286824288
32	66	-0.0017964011486425336
25	66	-0.0017964011566265741
26	66	-0.0017964011606185926
4	66	-0.0017964012017205773
9	66	-0.0017964012057125976
60	67	-0.0017964012260758642
18	66	-0.0017964012444510267
19	66	-0.0017964012444510267
36	66	-0.0017964012444510267
3	24	-0.0017964013057989274
3	32	-0.0017964013257590321
3	25	-0.0017964013337430727
3	26	-0.001796401337735093
2	62	-0.0017964013466876243
3	18	-0.001796401421567527
3	19	-0.001796401421567527
3	36	-0.001796401421567527
2	60	-0.0017964014664482476
3	11	-0.0017964014694717735
32	67	-0.0017964014775731715
25	67	-0.0017964014855572138
26	67	-0.0017964014895492323
47	66	-0.0017964015278844891
61	66	-0.0017964015318765094
50	66	-0.001796401543852572
3	16	-0.001796401545320167
18	67	-0.001796401573381668
19	67	-0.001796401573381668
36	67	-0.001796401573381668
11	67	-0.0017964016212859164
16	67	-0.00179640169713431
3	47	-0.0017964017050009946
62	66	-0.0017964017087071914
3	61	-0.001796401708993015
3	50	-0.0017964017209690774
2	18	-0.0017964018137540602
2	19	-0.0017964018137540602
2	36	-0.0017964018137540602
60	66	-0.0017964018284678095
47	67	-0.0017964018568151392
61	67	-0.0017964018608071612
2	11	-0.0017964018616583102
50	67	-0.0017964018727832237
2	16	-0.0017964019375067055
2	47	-0.0017964020971875383
2	61	-0.0017964021011795585
2	50	-0.0017964021131556228
11	66	-0.0017964022236778478
16	66	-0.0017964022995262396
56	63	-0.0018188666294245703
41	63	-0.001818866852413184
64	67	-0.0020693356098697834
3	64	-0.0020693363556186783
2	64	-0.002069336835017352
64	66	-0.0020693370704386264
37	66	-0.002075876771603768
3	37	-0.00207587795840934
37	67	-0.0020758781773947653
2	37	-0.0020758785241216885
33	67	-0.002081635979114208
33	66	-0.0020816364502304046
2	33	-0.002081637246741444
3	33	-0.0020816376293564132
35	44	-0.0021621908306753493
3	53	-0.00218074076103782
2	53	-0.002180741279528489
53	66	-0.0021807414582033172
53	67	-0.0021807418930664593
38	49	-0.002198902250200578
10	49	-0.002198905868805952
12	64	-0.00223756976497224
58	63	-0.0022434234098441044
31	37	-0.0022958049909186373
57	67	-0.0024462567477227855
40	67	-0.0024462571229727312
57	66	-0.002446257280330986
3	57	-0.002446257495023342
40	66	-0.0024462576555809214
3	40	-0.0024462578702732826
2	57	-0.002446257970413557
2	40	-0.0024462583456635115
29	46	-0.0025363448369657565
29	48	-0.0025363449662157353
20	29	-0.00253634504007285
29	51	-0.002536345280108508
63	66	-0.0025560545518975766
63	67	-0.002556054914254072
2	63	-0.00255605517905305
3	63	-0.002556055678335188
31	56	-0.002657130775012201
31	41	-0.002657131016426749
18	31	-0.002724831055639823
19	31	-0.002724831055639823
31	36	-0.002724831055639823
11	31	-0.0027248312367007324
16	31	-0.0027248315233805026
31	47	-0.0027248321269168693
31	61	-0.002724832142005279
31	50	-0.002724832187270508
31	65	-0.0027248329099674035
8	31	-0.0027248329552326325
31	62	-0.0027248330155862574
5	31	-0.002724833075939896
6	31	-0.002724833075939896
31	60	-0.0027248334682385272
24	31	-0.0027248343433662614
25	31	-0.0027248344489851292
26	31	-0.002724834464073532
31	59	-0.0027248346435877063
21	31	-0.0027248347793833796
4	31	-0.0027248348246486087
9	31	-0.0027248348397370184
31	39	-0.0027248348850022475
28	31	-0.0027248368917606527
31	32	-0.0027248381440986083
12	46	-0.0028167290730713515
12	48	-0.0028167291996672797
12	20	-0.002816729272007802
12	51	-0.002816729507114514
7	31	-0.0028193984541956887
3	29	-0.0028874275912156872
2	29	-0.002887428163608409
29	66	-0.0028874282640383216
29	67	-0.0028874296754322123
55	58	-0.002930951938708383
27	55	-0.0031135396832577544
17	55	-0.003113544427091497
13	65	-0.003155256535777709
13	24	-0.00315525794214315
13	32	-0.003155258016162385
13	25	-0.0031552580457700763
13	26	-0.003155258060573922
13	18	-0.0031552583714547014
13	19	-0.0031552583714547014
13	36	-0.0031552583714547014
11	13	-0.003155258549100856
13	16	-0.0031552588303739512
13	47	-0.0031552594225278258
13	61	-0.0031552594373316645
13	50	-0.0031552594817432084
8	13	-0.0031552603054795514
5	13	-0.0031552604239103166
6	13	-0.0031552604239103166
13	28	-0.0031552605127333974
13	60	-0.0031552608088103312
13	59	-0.0031552620322505345
13	21	-0.0031552621654851523
4	13	-0.003155262209896696
9	13	-0.003155262224700542
13	39	-0.003155262269112079
13	62	-0.0031552640899852255
15	66	-0.0031798378357185096
15	67	-0.003179839235606637
2	15	-0.0031798395780199256
3	15	-0.003179839950668187
7	67	-0.0033930110459966713
7	66	-0.003393011538403823
3	7	-0.003393011774742896
2	7	-0.0033930122980651324
20	34	-0.003397060165708017
34	51	-0.0033970603648152964
34	46	-0.003397063722522922
34	48	-0.0033970638297345437
12	63	-0.0034321003849721865
1	30	-0.003523249553999179
23	27	-0.0035393201400227975
17	23	-0.003539321122773012
1	14	-0.003598461349294785
1	34	-0.003611651120495843
1	29	-0.003721220433820241
54	63	-0.0038125870264578213
15	46	-0.004037528236536234
15	48	-0.004037528362688503
15	20	-0.004037528434775506
15	51	-0.0040375286690582865
7	59	-0.00406009517928603
7	21	-0.004060095331218289
7	32	-0.0040600953704718265
7	9	-0.004060095398743739
7	25	-0.004060095404234548
7	26	-0.004060095421115906
7	39	-0.004060095449387825
7	18	-0.004060095775624516
7	19	-0.004060095775624516
7	36	-0.004060095775624516
7	16	-0.004060096298946755
7	47	-0.0040600969742012535
7	61	-0.004060096991082618
7	50	-0.004060097041726711
7	65	-0.004060097407625876
7	8	-0.004060097458269962
7	62	-0.004060097525795406
5	7	-0.004060097593320856
6	7	-0.004060097593320856
7	28	-0.004060097694609036
7	60	-0.004060098032236281
7	24	-0.00406009901135531
4	7	-0.004060099107152673
7	11	-0.004060099703491166
24	40	-0.004088804875468061
32	40	-0.004088804952143907
25	40	-0.004088804982814241
26	40	-0.004088804998149405
40	62	-0.004088807251263517
5	40	-0.0040888073126041855
6	40	-0.0040888073126041855
28	40	-0.004088807404615202
26	57	-0.004088807534228939
40	60	-0.004088807711318573
11	57	-0.004088808040289493
47	57	-0.004088808945064422
50	57	-0.0040888090064050905
18	40	-0.004088809045478245
19	40	-0.004088809045478245
36	40	-0.004088809045478245
11	40	-0.004088809229500272
16	40	-0.004088809520868472
57	65	-0.004088809679996912
8	57	-0.004088809726002424
57	62	-0.004088809787343085
5	57	-0.004088809848683768
6	57	-0.004088809848683768
28	57	-0.004088809940694778
40	47	-0.004088810134275228
40	61	-0.004088810149610399
40	50	-0.004088810195615911
57	60	-0.004088810247398128
40	65	-0.004088810869207635
8	40	-0.00408881091521314
24	57	-0.004088811136837893
32	57	-0.004088811213513739
25	57	-0.0040888112441840735
18	57	-0.004088811581557772
19	57	-0.004088811581557772
36	57	-0.004088811581557772
16	57	-0.004088812056947985
40	59	-0.004088812570255673
57	61	-0.004088812685689884
21	40	-0.004088812708272181
4	40	-0.004088812754277686
9	40	-0.004088812769612857
39	40	-0.004088812815618362
57	59	-0.004088815106335311
21	57	-0.004088815244351819
4	57	-0.004088815290357324
9	57	-0.004088815305692495
39	57	-0.004088815351698
48	55	-0.004144876428421693
46	55	-0.004144880036829952
20	55	-0.004144880220501718
51	55	-0.004144880437568353
35	65	-0.00468325335876045
8	35	-0.004683253404384004
35	62	-0.004683253465215413
5	35	-0.0046832535260468225
6	35	-0.0046832535260468225
28	35	-0.0046832536172939435
24	35	-0.00468325480350644
25	35	-0.0046832549099614165
26	35	-0.0046832549251692585
32	35	-0.004683258604836003
35	59	-0.004683258801904504
21	35	-0.004683258938775171
18	35	-0.004683258969824466
19	35	-0.004683258969824466
35	36	-0.004683258969824466
4	35	-0.004683258984398732
9	35	-0.004683258999606581
35	39	-0.004683259045230141
11	35	-0.0046832591523186945
16	35	-0.004683259441267892
35	47	-0.004683260049582007
35	61	-0.004683260064789856
35	50	-0.004683260110413416
35	60	-0.00468326137203158
21	42	-0.0048051409927181085
4	42	-0.004805141043185079
9	42	-0.004805141060007401
39	42	-0.004805141110474372
42	65	-0.004805143061863852
8	42	-0.004805143112330823
42	62	-0.004805143179620108
5	42	-0.0048051432469094005
6	42	-0.0048051432469094005
28	42	-0.004805143347843342
42	60	-0.004805143684289796
42	59	-0.004805144566607501
24	42	-0.0048051446599845435
32	42	-0.004805144744096164
25	42	-0.0048051447777408135
26	42	-0.004805144794563128
18	42	-0.00480514514783191
19	42	-0.00480514514783191
36	42	-0.00480514514783191
11	42	-0.004805145349699787
16	42	-0.004805145669323926
42	47	-0.004805146342216855
42	61	-0.004805146359039177
42	50	-0.004805146409506154
35	42	-0.0048396428142147355
15	58	-0.005107576860603709
42	57	-0.00540180978195183
40	42	-0.005401815088540492
35	54	-0.005483661483060932
38	62	-0.005781399512059873
10	65	-0.0057814030308464895
8	10	-0.005781403081394541
38	65	-0.0057814031194047336
8	38	-0.0057814031699527785
5	10	-0.005781403216189328
6	10	-0.005781403216189328
5	38	-0.005781403304747572
6	38	-0.005781403304747572
10	28	-0.0057814033172854246
28	38	-0.005781403405843669
38	60	-0.005781403742830642
10	59	-0.0057814045320227075
38	59	-0.005781404620580945
10	24	-0.005781404631534662
10	21	-0.005781404683666842
10	32	-0.00578140471578141
24	38	-0.005781404720092899
4	10	-0.005781404734214887
10	25	-0.005781404749480107
9	10	-0.0057814047510642355
10	26	-0.005781404766329448
21	38	-0.005781404772225079
32	38	-0.005781404804339647
4	38	-0.005781404822773124
25	38	-0.005781404838038351
9	38	-0.005781404839622473
26	38	-0.005781404854887692
38	39	-0.0057814048901705245
10	18	-0.0057814051201657835
10	19	-0.0057814051201657835
10	36	-0.0057814051201657835
18	38	-0.0057814052087240275
19	38	-0.0057814052087240275
36	38	-0.0057814052087240275
10	11	-0.00578140532235797
11	38	-0.005781405410916214
10	16	-0.005781405642495602
16	38	-0.005781405731053846
10	47	-0.005781406316469576
10	61	-0.005781406333318924
10	50	-0.005781406383866976
38	47	-0.005781406405027827
38	61	-0.005781406421877168
38	50	-0.00578140647242522
10	62	-0.005781406874082233
10	60	-0.005781407379562703
10	39	-0.005781408526902586
27	31	-0.005901439406655495
17	31	-0.005901440327048452
14	46	-0.00606252214942371
14	51	-0.006062522580208458
14	48	-0.006062526000359565
14	20	-0.006062526072157015
10	54	-0.00608094591505131
38	54	-0.006080949733564572
31	53	-0.006172782631334993
10	44	-0.006419621839858836
38	44	-0.006419621952165257
33	58	-0.006499640237222888
42	58	-0.006721332244690133
22	57	-0.006745473962834543
22	40	-0.006745475434088939
1	7	-0.006880231500817492
55	63	-0.006890680036546644
35	52	-0.006943963358809549
35	45	-0.006943964180033596
35	55	-0.006944979049088709
37	49	-0.006978619620023004
12	42	-0.006991456695815038
12	54	-0.007110067110443562
34	35	-0.007184061211501225
1	15	-0.007263846316147286
27	58	-0.007270357285457996
17	58	-0.007270361835142909
7	53	-0.007332363220501716
10	53	-0.0073324981279744225
38	53	-0.007332501970343255
10	46	-0.00741097879526606
10	48	-0.007410978913211505
10	20	-0.007410978980608891
10	51	-0.007410979199650433
38	46	-0.007410982631390957
38	48	-0.007410982749336409
20	38	-0.007410982816733788
38	51	-0.007410983035775337
1	55	-0.007749341653303564
29	44	-0.007863509777200912
33	60	-0.007926980777492813
33	59	-0.00792698151144166
21	33	-0.007926981670743856
4	33	-0.007926981723844595
9	33	-0.007926981741544839
33	39	-0.007926981794645578
33	36	-0.007926982317414163
33	47	-0.007926983574131588
33	61	-0.007926983591831832
33	50	-0.007926983644932571
33	65	-0.007926983847874047
8	33	-0.00792698390097478
33	62	-0.007926983971775756
5	33	-0.007926984042576739
6	33	-0.007926984042576739
28	33	-0.00792698414877821
24	33	-0.00792698552939735
32	33	-0.007926985617898577
25	33	-0.007926985653299072
26	33	-0.00792698567099931
18	33	-0.007926986042704462
19	33	-0.007926986042704462
11	33	-0.007926986255107404
16	33	-0.007926986591412069
58	64	-0.00801662825530143
1	4	-0.008035432090401189
1	9	-0.008035432105650601
1	59	-0.00803543377005337
1	21	-0.008035433907298092
1	39	-0.008035434014043996
1	65	-0.008035435782976053
1	60	-0.00803543634720437
1	24	-0.008035437231670405
1	32	-0.008035437307917483
1	25	-0.008035437338416308
1	26	-0.008035437353665721
1	18	-0.008035437673903419
1	19	-0.008035437673903419
1	8	-0.00803543769136944
1	62	-0.008035437752367099
1	5	-0.008035437813364757
1	6	-0.008035437813364757
1	28	-0.008035437904861241
1	16	-0.008035438146635258
1	36	-0.008035439536548568
1	11	-0.008035439719541536
1	47	-0.008035440619256984
1	61	-0.008035440634506397
1	50	-0.008035440680254642
20	30	-0.008156732323975908
30	51	-0.008156732555056112
30	46	-0.008156735853736809
30	48	-0.008156735978164617
22	63	-0.008221091940837685
13	27	-0.008381084505854682
13	17	-0.008381085408889342
8	15	-0.008819832274745663
15	62	-0.008819832346832666
5	15	-0.008819832418919676
6	15	-0.008819832418919676
15	28	-0.008819832527050195
15	60	-0.00881983288748523
4	15	-0.008819833783360452
9	15	-0.00881983380138221
15	24	-0.008819833932746858
15	25	-0.008819834058899127
15	26	-0.008819834076920871
15	36	-0.008819834455377665
15	16	-0.00881983501405198
15	47	-0.008819835734922066
15	61	-0.008819835752943816
15	50	-0.008819835807009076
15	65	-0.00881983594597071
15	59	-0.008819837292389734
15	21	-0.008819837454585498
15	39	-0.00881983758073776
15	32	-0.008819837748145917
15	18	-0.008819838180667963
15	19	-0.008819838180667963
11	15	-0.00881983839692898
31	44	-0.008888147674577199
7	27	-0.00889810973983781
7	17	-0.008898110769600932
10	40	-0.008962642750856245
10	57	-0.008962644892307733
38	57	-0.008962648724944206
38	40	-0.008962650308783016
20	58	-0.008993318112978196
46	58	-0.008993321689607169
48	58	-0.008993321784209835
51	58	-0.008993322013959151
27	63	-0.009022693699787664
17	63	-0.00902269454993175
30	64	-0.009101207237457595
15	63	-0.009171347875645046
12	58	-0.009227470045891292
10	58	-0.009339672770719225
38	58	-0.009339676590612182
44	48	-0.009353345483683814
44	46	-0.009353349096667678
20	44	-0.009353349273149202
44	51	-0.009353349481718273
29	58	-0.009356933383872584
20	27	-0.009471839991997057
27	51	-0.009471840188467993
17	20	-0.009471840957841496
27	46	-0.009471843551042726
27	48	-0.009471843656834775
17	46	-0.009471844516887158
17	48	-0.009471844622679207
17	51	-0.009471844879602738
37	60	-0.009535377042184857
37	59	-0.00953538140872072
37	39	-0.009535381700701284
18	37	-0.009535382355119498
19	37	-0.009535382355119498
36	37	-0.009535382355119498
11	37	-0.009535382574104925
16	37	-0.00953538292083185
37	47	-0.009535383650783276
37	61	-0.00953538366903206
37	50	-0.00953538372377842
37	65	-0.009535383817560403
8	37	-0.009535383872306756
37	62	-0.009535383945301894
5	37	-0.009535384018297038
6	37	-0.009535384018297038
28	37	-0.009535384127789752
21	37	-0.009535385298250078
4	37	-0.009535385352996438
9	37	-0.009535385371245222
24	37	-0.00953538555119502
32	37	-0.00953538564243895
25	37	-0.009535385678936525
26	37	-0.009535385697185303
33	63	-0.00957445920088315
22	37	-0.009591798944271403
13	64	-0.009749290726132724
63	64	-0.009828477741674148
22	33	-0.009964304384214313
13	58	-0.009966291455458444
33	45	-0.010031901710590409
33	52	-0.010031904480067452
8	29	-0.010034064377733506
29	62	-0.010034064451590628
5	29	-0.01003406452544775
6	29	-0.01003406452544775
28	29	-0.010034064636233443
29	60	-0.010034065005519066
29	59	-0.010034065610345817
21	29	-0.010034065776524347
9	29	-0.010034065850381475
29	39	-0.010034065905774318
24	29	-0.010034066076447391
25	29	-0.010034066205697363
26	29	-0.010034066224161635
11	29	-0.010034066833482923
16	29	-0.010034067184304267
29	65	-0.010034068047630962
4	29	-0.010034069557207488
29	32	-0.010034069894059104
18	29	-0.010034070337201842
19	29	-0.010034070337201842
29	36	-0.010034070337201849
29	47	-0.010034071648165832
29	61	-0.01003407166663011
29	50	-0.010034071722022954
20	22	-0.010206482607242072
22	51	-0.010206482810713423
22	46	-0.010206486160364299
22	48	-0.010206486269925805
55	65	-0.010220940706843443
28	55	-0.010220940990699812
24	55	-0.01022094229309961
32	55	-0.01022094237658678
21	55	-0.010220942378349432
25	55	-0.010220942409981643
26	55	-0.01022094242667907
4	55	-0.010220942428441737
9	55	-0.010220942445139172
39	55	-0.01022094249523147
11	55	-0.010220942977694374
16	55	-0.010220943294945606
47	55	-0.010220943962842947
50	55	-0.010220944029632681
8	55	-0.01022094448222604
55	62	-0.010220944549015766
5	55	-0.010220944615805506
6	55	-0.010220944615805506
55	60	-0.010220945049938764
55	59	-0.010220945953362835
18	55	-0.010220946502615472
19	55	-0.010220946502615472
36	55	-0.010220946502615472
55	61	-0.010220947704830674
42	63	-0.010330502289218828
1	57	-0.01039453750273716
1	40	-0.010394538936182092
35	58	-0.010432507774494247
43	58	-0.010509418002957127
7	44	-0.010524598617138128
43	63	-0.010542494567367042
8	23	-0.01055809841012427
5	23	-0.01055809853900954
6	23	-0.01055809853900954
23	24	-0.010558099892304919
23	32	-0.010558099972858226
23	25	-0.010558100005079542
23	26	-0.010558100021190196
23	65	-0.010558100224437442
18	23	-0.010558100359514037
19	23	-0.010558100359514037
23	36	-0.010558100359514037
23	28	-0.010558100498318651
21	23	-0.01055810196811665
4	23	-0.010558102016448627
23	62	-0.010558102199857207
11	23	-0.010558102415487096
23	60	-0.01055810268317698
16	23	-0.010558102721589621
23	47	-0.010558103366015995
23	61	-0.010558103382126656
23	50	-0.010558103430458633
23	59	-0.010558103685765874
9	23	-0.010558103895204438
23	39	-0.010558103943536415
10	15	-0.010613614507572658
15	38	-0.01061361463372492
49	63	-0.010651467156609917
7	63	-0.010736732177402945
48	63	-0.01081949077038176
46	63	-0.01081949439811454
20	63	-0.010819494551419208
51	63	-0.01081949473259746
29	34	-0.010986445389632657
13	55	-0.01099523012522282
12	43	-0.011139891207719549
35	53	-0.01127192475523977
17	49	-0.011305292037577921
27	49	-0.01130529483318525
27	44	-0.011318990341377733
17	44	-0.011318991320047996
1	10	-0.011443215537581715
1	38	-0.011443219369617903
37	38	-0.011506318540013528
10	37	-0.011506322137562336
37	57	-0.011596833217292109
37	40	-0.011596834932677935
35	46	-0.01166636553394683
35	48	-0.011666369365692097
20	35	-0.0116663694265235
35	51	-0.011666369624225584
10	63	-0.011717475540209694
38	63	-0.011717475637767212
49	57	-0.011792223340264932
40	49	-0.011792224772891137
1	27	-0.01184141166170706
1	17	-0.011841412591921341
29	33	-0.011897157027767086
33	54	-0.011964719169989306
34	38	-0.012111774072294842
10	34	-0.01211177769037354
35	57	-0.012257930117097596
35	40	-0.01225793154663573
35	63	-0.012442214544634275
22	55	-0.012469064158111165
13	23	-0.012616079504880529
29	63	-0.012632969267446087
31	58	-0.012652623833507168
31	64	-0.01268254569440104
15	34	-0.012733725933336916
27	34	-0.013351799060677058
17	34	-0.013351799994949697
24	34	-0.013359199047798337
32	34	-0.013359199124378059
25	34	-0.013359199155009951
26	34	-0.013359199170325887
34	65	-0.013359199455428725
18	34	-0.013359199491960731
19	34	-0.013359199491960731
8	34	-0.013359199501376567
34	62	-0.013359199562640332
5	34	-0.013359199623904118
6	34	-0.013359199623904118
11	34	-0.013359199675752068
28	34	-0.01335919971579979
16	34	-0.013359199966755018
34	59	-0.01335920115901431
21	34	-0.01335920129685781
4	34	-0.013359201342805646
34	36	-0.01335920135460588
9	34	-0.013359201358121596
34	39	-0.013359201404069425
34	60	-0.013359201884763826
34	47	-0.013359202442037962
34	61	-0.013359202457353905
34	50	-0.013359202503301741
27	64	-0.013386901513278489
17	64	-0.013386902456611366
33	64	-0.013642466167035634
37	58	-0.013726528832515524
29	43	-0.013769479449057896
23	58	-0.013900832487828578
12	22	-0.013919144352845962
13	46	-0.014065056828905957
13	48	-0.01406505693253289
13	20	-0.014065056991748266
13	51	-0.01406505718419828
14	43	-0.0142551866452834
37	45	-0.014278363476181492
37	52	-0.014278366216037362
7	34	-0.014302410898538308
45	46	-0.014458777890538795
45	48	-0.01445877800311235
20	45	-0.014458778067440087
45	51	-0.014458778276505255
46	52	-0.014458780760819266
48	52	-0.01445878087339282
20	52	-0.014458780937720551
51	52	-0.014458781146785726
21	44	-0.014520042074613847
4	44	-0.014520042122745172
9	44	-0.014520042138788943
44	65	-0.014520042185352994
39	44	-0.014520042186920275
44	61	-0.014520043467287691
44	59	-0.014520043792865027
44	62	-0.014520044160304557
36	44	-0.014520044174781054
28	44	-0.01452004432074231
44	60	-0.014520044641617796
44	47	-0.014520045313889063
44	50	-0.014520045378064166
24	44	-0.014520045572156741
32	44	-0.014520045652375614
25	44	-0.014520045684463169
26	44	-0.014520045700506932
8	44	-0.014520045958774618
18	44	-0.014520046037426203
19	44	-0.014520046037426203
5	44	-0.014520046087124809
6	44	-0.014520046087124809
11	44	-0.014520046229951497
16	44	-0.01452004653478322
15	54	-0.014552281196501399
31	63	-0.014781894215969454
40	58	-0.014840428071150435
57	58	-0.01484043052606216
7	40	-0.014966088354181804
7	57	-0.01496609049262404
57	64	-0.01502866902590877
40	64	-0.015028670479569267
15	31	-0.015113501823682832
46	64	-0.015361596904468887
48	64	-0.015361597012720205
20	64	-0.015361597074578091
51	64	-0.01536159727561625
15	22	-0.015624699664225451
15	64	-0.015662596876851502
20	23	-0.015666456868428512
23	46	-0.01566646041650157
23	48	-0.015666460529276192
23	51	-0.015666460803157388
53	62	-0.01572608978009169
16	53	-0.015726090392821357
47	53	-0.015726091061841578
50	53	-0.015726091128743604
53	59	-0.015726091180536736
21	53	-0.015726091331066276
4	53	-0.0157260913812428
9	53	-0.015726091397968302
39	53	-0.015726091448144817
18	53	-0.015726091736975832
19	53	-0.015726091736975832
36	53	-0.015726091736975832
28	53	-0.015726091809991904
11	53	-0.015726091937681902
53	60	-0.015726092144502005
53	61	-0.015726092941212237
24	53	-0.015726093114581327
32	53	-0.015726093198208856
25	53	-0.01572609323165987
53	65	-0.015726093388303462
8	53	-0.015726093438479978
5	53	-0.015726093572284015
6	53	-0.015726093572284015
26	53	-0.015726095111030514
1	35	-0.015726840175590458
7	23	-0.015754056305553273
22	38	-0.0157555736644129
10	22	-0.015755584730722312
1	64	-0.01578220853930943
7	46	-0.015797519980118538
7	48	-0.01579752009828808
7	20	-0.015797520165813525
7	51	-0.01579752038527124
37	63	-0.01596007288565464
22	27	-0.01599555166853952
17	22	-0.015995556348580027
7	55	-0.016184977913692424
23	54	-0.016219757816117175
48	53	-0.0163188547079958
46	53	-0.01631885831620756
20	53	-0.01631885850018812
51	53	-0.01631885871761969
27	57	-0.016479247666386046
17	57	-0.01647924860183131
17	40	-0.016479250022467307
27	40	-0.016479250949667165
1	58	-0.016601379817310094
33	42	-0.016669954491393815
33	55	-0.01696517853895172
42	52	-0.017112955745654634
42	45	-0.017112960379350388
1	23	-0.0171943857120957
10	64	-0.017771122238935858
38	64	-0.017771122347187168
55	57	-0.018258883344858985
40	55	-0.018258892364998315
1	63	-0.018300964427795205
14	58	-0.018334855817424354
49	65	-0.01861074989505305
8	49	-0.018610749940775162
49	62	-0.018610750001737973
5	49	-0.01861075006270079
6	49	-0.01861075006270079
28	49	-0.018610750154145025
49	61	-0.018610751019585946
49	50	-0.01861075106530806
24	49	-0.018610751342919958
32	49	-0.01861075141912348
25	49	-0.01861075144960489
26	49	-0.018610751464845587
49	59	-0.018610751608570376
18	49	-0.018610751784900383
19	49	-0.018610751784900383
36	49	-0.018610751784900383
4	49	-0.018610751791458824
9	49	-0.01861075180669953
11	49	-0.01861075196778883
16	49	-0.018610752257362216
49	60	-0.01861075232160425
47	49	-0.01861075286699039
21	49	-0.01861075360838186
39	49	-0.018610753715066798
33	49	-0.018694863781574395
14	64	-0.019247719749736818
30	63	-0.019308194852357324
17	33	-0.019477100489986854
27	33	-0.019477103135562182
13	22	-0.01955554274135403
31	46	-0.019584355866664065
20	31	-0.019584356032636557
31	51	-0.019584356228785876
31	48	-0.01958435969757323
56	58	-0.019909391459230638
41	58	-0.019909393538110436
15	35	-0.019953504287198394
35	64	-0.020382478923094437
13	15	-0.020463131524370952
38	55	-0.020543479958732097
10	55	-0.020543483567140364
7	13	-0.02075682261909472
20	57	-0.02077498399385365
51	57	-0.02077498419321084
40	46	-0.02077498531351723
40	48	-0.020774985420863416
20	40	-0.020774985482204078
40	51	-0.020774985681561275
46	57	-0.02077498568781195
48	57	-0.02077498579515813
37	43	-0.02083006819591362
12	62	-0.021558232625719403
12	59	-0.021558233837176387
12	21	-0.02155823399994257
4	12	-0.02155823405419796
9	12	-0.021558234072283092
12	39	-0.02155823412653849
12	65	-0.02155823436176864
12	28	-0.021558234669215873
12	60	-0.0215582350309185
12	24	-0.02155823607985615
12	32	-0.021558236170281818
12	25	-0.021558236206452086
12	26	-0.02155823622453721
8	12	-0.02155823627866918
5	12	-0.02155823642335023
6	12	-0.02155823642335023
12	18	-0.021558236604324973
12	19	-0.021558236604324973
12	36	-0.021558236604324973
11	12	-0.021558236821346555
12	16	-0.021558237164964057
12	47	-0.021558237888369337
12	61	-0.021558237906454468
12	50	-0.021558237960709867
27	42	-0.02157953450294891
17	42	-0.021579537391755776
8	45	-0.021854483031439526
45	62	-0.021854483095767263
5	45	-0.021854483160095008
6	45	-0.021854483160095008
28	45	-0.021854483256586628
8	52	-0.021854484210921066
18	52	-0.02185448429419013
19	52	-0.02185448429419013
36	52	-0.02185448429419013
5	52	-0.021854484339576548
6	52	-0.021854484339576548
28	52	-0.02185448443606816
39	45	-0.021854484842979444
18	45	-0.021854484977353775
19	45	-0.021854484977353775
36	45	-0.021854484977353775
11	45	-0.021854485170337
52	61	-0.021854485452089505
16	45	-0.02185448547589379
24	52	-0.021854485690459148
25	52	-0.021854485803032703
26	52	-0.02185448581911463
21	52	-0.021854485909887457
4	52	-0.021854485958133267
9	52	-0.0218544859742152
39	52	-0.02185448602246101
45	47	-0.021854486119171235
45	61	-0.02185448613525317
45	50	-0.02185448618349898
11	52	-0.021854486349818507
24	45	-0.021854486373622785
45	59	-0.021854486448313615
32	45	-0.021854486454032464
25	45	-0.02185448648619634
26	45	-0.021854486502278267
21	45	-0.021854486593051038
4	45	-0.02185448664129685
16	52	-0.021854486655375288
9	45	-0.021854486657378783
45	65	-0.021854486708484014
47	52	-0.02185448729865272
45	60	-0.021854487303515635
50	52	-0.021854487362980464
52	59	-0.021854487627795197
52	65	-0.021854487887965554
52	62	-0.021854488000539102
52	60	-0.02185448848299717
32	52	-0.021854489496159125
29	64	-0.02190734589196608
22	35	-0.021951325905090108
8	43	-0.02221201501592996
5	43	-0.02221201512778405
6	43	-0.02221201512778405
28	43	-0.022212015211674624
18	43	-0.022212015776400557
19	43	-0.022212015776400557
36	43	-0.022212015776400557
43	65	-0.022212015905307247
11	43	-0.0222120159441817
43	62	-0.022212016003179576
16	43	-0.02221201620983517
43	60	-0.022212017353955005
43	47	-0.022212017700428223
43	61	-0.022212017714409983
43	50	-0.02221201775635527
43	59	-0.022212017785004992
21	43	-0.02221201791084084
4	43	-0.02221201795278613
9	43	-0.02221201796676789
39	43	-0.022212018008713176
24	43	-0.022212018164897193
32	43	-0.022212018234806
25	43	-0.02221201826276953
26	43	-0.02221201827675128
31	42	-0.02253971602815691
13	42	-0.02287706315564207
7	22	-0.023001335756947197
37	54	-0.023053095114379606
14	63	-0.023054852826370098
35	37	-0.023299840558671153
33	43	-0.023541098580215726
23	64	-0.023719169368663758
54	65	-0.02450962807524526
24	54	-0.024509628409091537
32	54	-0.024509628475679376
25	54	-0.024509628502314508
26	54	-0.02450962851563207
8	54	-0.024509629046520535
54	62	-0.0245096290997908
5	54	-0.024509629153061062
6	54	-0.024509629153061062
28	54	-0.02450962923296647
11	54	-0.024509629886434355
54	59	-0.024509630042616727
21	54	-0.024509630162474823
4	54	-0.024509630202427524
39	54	-0.024509630255697794
54	60	-0.024509630430640375
18	54	-0.024509630657946126
19	54	-0.024509630657946126
36	54	-0.024509630657946126
16	54	-0.024509631070790697
9	54	-0.024509631147067668
47	54	-0.024509631603493377
54	61	-0.024509631616810947
50	54	-0.024509631656763647
22	49	-0.0245287605896329
37	64	-0.025118268815775342
10	29	-0.02518064300100087
29	38	-0.025180646855541125
13	29	-0.026280488007292505
29	35	-0.027437997556025537
27	56	-0.027533311986935358
27	41	-0.027533312228745742
17	56	-0.027533313007002028
17	41	-0.02753331324881242
14	59	-0.027615160969072385
14	39	-0.027615161256262212
8	14	-0.02761516152959146
14	62	-0.02761516160138891
5	14	-0.027615161673186367
6	14	-0.027615161673186367
14	28	-0.027615161780882566
11	14	-0.027615162054211793
14	60	-0.02761516213986985
14	21	-0.02761516299326181
4	14	-0.027615163047109904
9	14	-0.02761516306505927
14	50	-0.02761516318502178
14	32	-0.02761516327067983
14	65	-0.027615163338388517
14	18	-0.02761516370146458
14	19	-0.02761516370146458
14	36	-0.02761516370146458
14	16	-0.027615164257894877
14	47	-0.027615164975869473
14	61	-0.02761516499381883
14	24	-0.027615165043578152
14	25	-0.02761516516922371
14	26	-0.027615165187173066
17	52	-0.02865013069543229
17	45	-0.02865013151154234
27	52	-0.028650131577079352
27	45	-0.028650132393189393
34	42	-0.02869271694747895
38	42	-0.02927883581562188
10	42	-0.02927883942315592
22	29	-0.029837531542823245
56	65	-0.03129979089239463
56	59	-0.03129979147900498
21	56	-0.031299791629506614
4	56	-0.031299791679673825
41	59	-0.031299791681423814
9	56	-0.03129979169639623
39	56	-0.03129979174656344
21	41	-0.03129979183192545
4	41	-0.03129979188209267
9	41	-0.03129979189881507
39	41	-0.03129979194898229
41	65	-0.03129979202613605
32	56	-0.031299793495957635
56	60	-0.031299794305091305
24	56	-0.03129979434366819
25	56	-0.03129979446072502
26	56	-0.03129979447744742
32	41	-0.03129979462969907
28	56	-0.0312997949019658
8	56	-0.031299795599174715
56	62	-0.03129979566606433
5	56	-0.031299795732953946
6	56	-0.031299795732953946
8	41	-0.03129979580159357
41	62	-0.03129979586848317
5	41	-0.0312997959353728
6	41	-0.0312997959353728
28	41	-0.03129979603570723
41	60	-0.03129979637015531
24	41	-0.0312997964087322
25	41	-0.03129979652578903
26	41	-0.03129979654251143
36	56	-0.031299796691263065
16	56	-0.031299797209657594
18	56	-0.03129979762258564
19	56	-0.03129979762258564
18	41	-0.0312997978250045
19	41	-0.0312997978250045
36	41	-0.0312997978250045
11	41	-0.03129979802567335
16	41	-0.031299798343399035
11	56	-0.031299798754577064
56	61	-0.03129979882659875
41	47	-0.03129979901229522
41	61	-0.03129979902901762
41	50	-0.031299799079184835
47	56	-0.031299799741198925
50	56	-0.031299799808088544
23	44	-0.03217203226853961
23	53	-0.03240290809769452
30	62	-0.032592328476260465
30	59	-0.03259232879944757
30	60	-0.03259232900952247
30	39	-0.03259232908385397
30	32	-0.03259232919805012
30	65	-0.032592329283155246
8	30	-0.03259232933648144
5	30	-0.032592329478684644
6	30	-0.032592329478684644
28	30	-0.032592329585337046
21	30	-0.03259232989074874
4	30	-0.03259232994407494
9	30	-0.032592329961850346
24	30	-0.032592330040495686
25	30	-0.03259233016492349
26	30	-0.032592331114021454
30	36	-0.032592331487304865
11	30	-0.03259233170060966
16	30	-0.03259233203834227
18	30	-0.03259233241862744
19	30	-0.03259233241862744
30	47	-0.032592332749358285
30	61	-0.03259233276713368
30	50	-0.03259233282045988
42	53	-0.03342277426206296
15	43	-0.033703898235347494
42	44	-0.033724163693162966