#==========================================================================
# The first and second rows contain site pairs (i, j) such that j > i
# The third row contains coevolutionary scores obtained 
# using plmDCA-pydca algorithm.
# Note that in this data sites are counted/labelled starting from 1
#==========================================================================
1	5	0.014970761271210373
1	10	0.014970760506131473
1	4	0.014970760359000919
5	10	0.014970760035313672
4	5	0.014970759888183117
4	10	0.01497075912310418
1	6	0.014970757487067849
5	6	0.014970757016250058
6	10	0.014970756251171148
4	6	0.01497075610404059
2	8	0.014423927701094585
1	11	0.013815819398584384
5	11	0.013815818930992561
6	11	0.013815818872543583
10	11	0.013815818171155847
4	11	0.013815818025033403
1	2	0.01374140501822739
2	5	0.01374140082501131
2	6	0.013741400766520584
2	10	0.013741400064631901
2	4	0.013741399918405096
1	64	0.01280541386866959
5	64	0.01280541340506245
6	64	0.012805413347111556
10	64	0.012805412651700845
4	64	0.012805412506823613
1	65	0.012759977845280077
5	65	0.012759977381293714
6	65	0.01275997732329542
10	65	0.012759976627315872
4	65	0.012759976482320134
10	66	0.012711608292199379
4	66	0.012711608147394922
1	66	0.012711602057976237
5	66	0.012711601594601971
6	66	0.012711601536680186
2	11	0.012482640920918539
4	8	0.011632094497207507
1	8	0.011632092130198016
5	8	0.011632091667804552
6	8	0.011632091610005366
8	10	0.01163209091641516
11	64	0.011440173488362931
11	65	0.011397248869133635
2	64	0.011372211195839779
11	66	0.011337626306585628
2	65	0.011315497922988554
2	66	0.011267669789951081
64	65	0.010186363556493331
8	11	0.010173310092180754
64	66	0.010117271178508032
65	66	0.010068598831190698
3	7	0.009144330878065755
3	9	0.009144329925624466
7	9	0.00914432592020437
8	64	0.008875555897746829
8	65	0.00881481664601182
8	66	0.008741702461250007
7	69	0.007904195066954566
9	69	0.00790419413048139
3	69	0.007904191617097552
9	63	0.00657568734061088
3	63	0.00657568484631188
7	63	0.006575684566541132
67	68	0.0054129286239284514
63	69	0.005221891426985502
63	68	0.004751358156837256
68	69	0.0032749610750635073
63	67	0.0025217737194721222
9	68	0.0024469258537900204
3	68	0.0024469233244961384
7	68	0.0024469230526787712
11	67	0.0017191929942582673
8	67	0.0016583573476896436
7	67	0.001062350909688571
9	67	0.0010623499802230908
3	67	0.001062347457770469
65	67	0.0005224243255963108
16	54	0.00051297879911694
34	54	0.00051297879911694
51	54	0.00051297879911694
12	54	0.0005129787721655024
14	54	0.0005129787721655024
15	54	0.0005129787721655024
29	54	0.0005129787721655024
30	54	0.0005129787721655024
46	54	0.0005129787721655024
49	54	0.0005129787721655024
54	62	0.0005129787721655024
20	21	0.0005129787661732159
20	55	0.0005129787661732159
20	56	0.0005129787661732159
21	55	0.0005129787661732159
21	56	0.0005129787661732159
55	56	0.0005129787661732159
16	40	0.0005129787452140683
26	54	0.0005129787452140683
34	40	0.0005129787452140683
40	51	0.0005129787452140683
44	54	0.0005129787452140683
41	54	0.0005129787182626341
54	57	0.0005129787182626341
12	40	0.0005129787182626307
14	40	0.0005129787182626307
15	40	0.0005129787182626307
29	40	0.0005129787182626307
30	40	0.0005129787182626307
40	46	0.0005129787182626307
40	49	0.0005129787182626307
40	62	0.0005129787182626307
19	20	0.0005129787122703476
19	21	0.0005129787122703476
19	55	0.0005129787122703476
19	56	0.0005129787122703476
20	53	0.0005129787122703476
21	53	0.0005129787122703476
53	55	0.0005129787122703476
53	56	0.0005129787122703476
26	40	0.0005129786913111965
40	44	0.0005129786913111965
16	37	0.0005129786643597624
34	37	0.0005129786643597624
37	51	0.0005129786643597589
40	41	0.0005129786643597589
40	57	0.0005129786643597589
19	53	0.0005129786583674793
12	37	0.0005129786374083248
14	37	0.0005129786374083248
15	37	0.0005129786374083248
29	37	0.0005129786374083248
30	37	0.0005129786374083248
37	46	0.0005129786374083213
37	49	0.0005129786374083213
37	62	0.0005129786374083213
26	37	0.0005129786104568906
37	44	0.0005129786104568872
37	41	0.0005129785835054496
37	57	0.0005129785835054496
40	50	0.0005129785805093531
40	45	0.000512978553557919
40	48	0.0005129785266064814
54	58	0.0005129785266064779
54	60	0.0005129785266064779
54	61	0.0005129785266064779
37	50	0.0005129784996550507
37	45	0.0005129784727036166
40	58	0.0005129784727036096
40	60	0.0005129784727036096
40	61	0.0005129784727036096
16	22	0.0005129784487482685
22	34	0.0005129784487482685
22	51	0.0005129784487482685
37	48	0.000512978445752179
12	22	0.0005129784217968308
14	22	0.0005129784217968308
15	22	0.0005129784217968308
22	29	0.0005129784217968308
22	30	0.0005129784217968308
22	46	0.0005129784217968308
22	49	0.0005129784217968308
22	62	0.0005129784217968308
37	38	0.0005129784188007448
37	39	0.0005129784188007448
22	26	0.0005129783948453967
22	44	0.0005129783948453967
37	58	0.0005129783918493072
37	60	0.0005129783918493072
37	61	0.0005129783918493072
22	41	0.0005129783678939591
22	57	0.0005129783678939591
22	35	0.0005129783648978835
22	33	0.0005129783379464459
16	17	0.0005129782870396497
16	52	0.0005129782870396497
17	34	0.0005129782870396497
17	51	0.0005129782870396497
34	52	0.0005129782870396497
51	52	0.0005129782870396497
22	32	0.0005129782840435741
22	50	0.0005129782840435741
18	20	0.0005129782810474048
18	21	0.0005129782810474048
18	55	0.0005129782810474048
18	56	0.0005129782810474048
12	17	0.0005129782600882121
12	52	0.0005129782600882121
14	17	0.0005129782600882121
14	52	0.0005129782600882121
15	17	0.0005129782600882121
15	52	0.0005129782600882121
17	29	0.0005129782600882121
17	30	0.0005129782600882121
17	46	0.0005129782600882121
17	49	0.0005129782600882121
17	62	0.0005129782600882121
29	52	0.0005129782600882121
30	52	0.0005129782600882121
46	52	0.0005129782600882121
49	52	0.0005129782600882121
52	62	0.0005129782600882121
22	24	0.00051297825709214
22	25	0.00051297825709214
22	28	0.00051297825709214
22	45	0.00051297825709214
20	35	0.0005129782540959742
21	35	0.0005129782540959742
35	55	0.0005129782540959707
35	56	0.0005129782540959707
16	31	0.000512978233136778
16	47	0.000512978233136778
17	26	0.000512978233136778
17	44	0.000512978233136778
26	52	0.000512978233136778
34	47	0.000512978233136778
44	52	0.000512978233136778
31	34	0.0005129782331367745
31	51	0.0005129782331367745
47	51	0.0005129782331367745
17	18	0.0005129782301407093
18	52	0.0005129782301407093
22	23	0.0005129782301407024
22	48	0.0005129782301407024
13	20	0.0005129782271445366
13	21	0.0005129782271445366
13	55	0.0005129782271445366
13	56	0.0005129782271445366
20	33	0.0005129782271445366
21	33	0.0005129782271445366
33	55	0.0005129782271445366
33	56	0.0005129782271445366
18	19	0.0005129782271445331
18	53	0.0005129782271445331
16	42	0.0005129782061853404
16	59	0.0005129782061853404
17	41	0.0005129782061853404
17	57	0.0005129782061853404
34	42	0.0005129782061853404
34	59	0.0005129782061853404
41	52	0.0005129782061853404
42	51	0.0005129782061853404
51	59	0.0005129782061853404
52	57	0.0005129782061853404
12	31	0.0005129782061853369
12	47	0.0005129782061853369
14	31	0.0005129782061853369
14	47	0.0005129782061853369
15	31	0.0005129782061853369
15	47	0.0005129782061853369
29	31	0.0005129782061853369
29	47	0.0005129782061853369
30	31	0.0005129782061853369
30	47	0.0005129782061853369
31	46	0.0005129782061853369
31	49	0.0005129782061853369
31	62	0.0005129782061853369
46	47	0.0005129782061853369
47	49	0.0005129782061853369
47	62	0.0005129782061853369
17	35	0.0005129782031892752
35	52	0.0005129782031892752
22	38	0.0005129782031892682
22	39	0.0005129782031892682
19	35	0.0005129782001931024
35	53	0.0005129782001931024
12	42	0.0005129781792339028
12	59	0.0005129781792339028
14	42	0.0005129781792339028
14	59	0.0005129781792339028
15	42	0.0005129781792339028
15	59	0.0005129781792339028
16	27	0.0005129781792339028
16	43	0.0005129781792339028
26	31	0.0005129781792339028
26	47	0.0005129781792339028
27	34	0.0005129781792339028
27	51	0.0005129781792339028
29	42	0.0005129781792339028
29	59	0.0005129781792339028
30	42	0.0005129781792339028
30	59	0.0005129781792339028
31	44	0.0005129781792339028
34	43	0.0005129781792339028
42	46	0.0005129781792339028
42	49	0.0005129781792339028
42	62	0.0005129781792339028
43	51	0.0005129781792339028
44	47	0.0005129781792339028
46	59	0.0005129781792339028
49	59	0.0005129781792339028
59	62	0.0005129781792339028
18	31	0.000512978176237841
18	47	0.000512978176237841
13	17	0.0005129781762378376
13	52	0.0005129781762378376
17	33	0.0005129781762378376
33	52	0.0005129781762378376
22	36	0.0005129781762378306
22	58	0.0005129781762378306
22	60	0.0005129781762378306
22	61	0.0005129781762378306
19	33	0.0005129781732416683
20	32	0.0005129781732416683
20	50	0.0005129781732416683
21	32	0.0005129781732416683
21	50	0.0005129781732416683
32	55	0.0005129781732416683
32	56	0.0005129781732416683
50	55	0.0005129781732416683
50	56	0.0005129781732416683
13	19	0.0005129781732416648
13	53	0.0005129781732416648
33	53	0.0005129781732416648
26	42	0.0005129781522824686
26	59	0.0005129781522824686
42	44	0.0005129781522824686
44	59	0.0005129781522824686
12	27	0.0005129781522824652
12	43	0.0005129781522824652
14	27	0.0005129781522824652
14	43	0.0005129781522824652
15	27	0.0005129781522824652
15	43	0.0005129781522824652
27	29	0.0005129781522824652
27	30	0.0005129781522824652
27	46	0.0005129781522824652
27	49	0.0005129781522824652
27	62	0.0005129781522824652
29	43	0.0005129781522824652
30	43	0.0005129781522824652
31	41	0.0005129781522824652
31	57	0.0005129781522824652
41	47	0.0005129781522824652
43	46	0.0005129781522824652
43	49	0.0005129781522824652
43	62	0.0005129781522824652
47	57	0.0005129781522824652
18	42	0.0005129781492864069
18	59	0.0005129781492864069
31	35	0.0005129781492864069
35	47	0.0005129781492864069
20	24	0.0005129781462902376
20	25	0.0005129781462902376
20	28	0.0005129781462902376
20	45	0.0005129781462902376
21	24	0.0005129781462902376
21	25	0.0005129781462902376
21	28	0.0005129781462902376
21	45	0.0005129781462902376
24	55	0.0005129781462902376
24	56	0.0005129781462902376
25	55	0.0005129781462902376
25	56	0.0005129781462902376
28	55	0.0005129781462902376
28	56	0.0005129781462902376
45	55	0.0005129781462902376
45	56	0.0005129781462902376
26	27	0.000512978125331031
26	43	0.000512978125331031
27	44	0.000512978125331031
41	42	0.000512978125331031
41	59	0.000512978125331031
42	57	0.000512978125331031
43	44	0.000512978125331031
57	59	0.000512978125331031
18	27	0.0005129781223349728
18	43	0.0005129781223349728
35	42	0.0005129781223349728
35	59	0.0005129781223349728
13	31	0.0005129781223349693
13	47	0.0005129781223349693
31	33	0.0005129781223349693
33	47	0.0005129781223349693
17	32	0.0005129781223349658
17	50	0.0005129781223349658
32	52	0.0005129781223349658
50	52	0.0005129781223349658
19	32	0.0005129781193388
19	50	0.0005129781193388
20	23	0.0005129781193388
20	48	0.0005129781193388
21	23	0.0005129781193388
21	48	0.0005129781193388
23	55	0.0005129781193388
23	56	0.0005129781193388
32	53	0.0005129781193388
48	55	0.0005129781193388
48	56	0.0005129781193388
50	53	0.0005129781193388
27	41	0.0005129780983795934
27	57	0.0005129780983795934
41	43	0.0005129780983795934
43	57	0.0005129780983795934
27	35	0.0005129780953835386
35	43	0.0005129780953835386
13	42	0.0005129780953835351
13	59	0.0005129780953835351
33	42	0.0005129780953835351
33	59	0.0005129780953835351
17	24	0.0005129780953835317
17	25	0.0005129780953835317
17	28	0.0005129780953835317
17	45	0.0005129780953835317
24	52	0.0005129780953835317
25	52	0.0005129780953835317
28	52	0.0005129780953835317
45	52	0.0005129780953835317
20	38	0.0005129780923873693
20	39	0.0005129780923873693
21	38	0.0005129780923873693
21	39	0.0005129780923873693
38	55	0.0005129780923873693
38	56	0.0005129780923873693
39	55	0.0005129780923873693
39	56	0.0005129780923873693
19	24	0.0005129780923873659
19	25	0.0005129780923873659
19	28	0.0005129780923873659
19	45	0.0005129780923873659
24	53	0.0005129780923873659
25	53	0.0005129780923873659
28	53	0.0005129780923873659
45	53	0.0005129780923873659
27	33	0.000512978068432101
13	27	0.0005129780684320975
13	43	0.0005129780684320975
31	32	0.0005129780684320975
31	50	0.0005129780684320975
32	47	0.0005129780684320975
33	43	0.0005129780684320975
47	50	0.0005129780684320975
17	23	0.0005129780684320941
17	48	0.0005129780684320941
23	52	0.0005129780684320941
48	52	0.0005129780684320941
19	23	0.0005129780654359317
19	48	0.0005129780654359317
20	36	0.0005129780654359317
20	58	0.0005129780654359317
20	60	0.0005129780654359317
20	61	0.0005129780654359317
21	36	0.0005129780654359317
21	58	0.0005129780654359317
21	60	0.0005129780654359317
21	61	0.0005129780654359317
23	53	0.0005129780654359317
36	55	0.0005129780654359317
36	56	0.0005129780654359317
48	53	0.0005129780654359317
55	58	0.0005129780654359317
55	60	0.0005129780654359317
55	61	0.0005129780654359317
56	58	0.0005129780654359317
56	60	0.0005129780654359317
56	61	0.0005129780654359317
24	31	0.0005129780414806634
24	47	0.0005129780414806634
25	31	0.0005129780414806634
25	47	0.0005129780414806634
28	31	0.0005129780414806634
28	47	0.0005129780414806634
31	45	0.0005129780414806634
32	42	0.0005129780414806634
32	59	0.0005129780414806634
42	50	0.0005129780414806634
45	47	0.0005129780414806634
50	59	0.0005129780414806634
17	38	0.0005129780414806599
17	39	0.0005129780414806599
38	52	0.0005129780414806599
39	52	0.0005129780414806599
19	38	0.0005129780384844976
19	39	0.0005129780384844976
38	53	0.0005129780384844976
39	53	0.0005129780384844976
24	42	0.0005129780145292293
24	59	0.0005129780145292293
25	42	0.0005129780145292293
25	59	0.0005129780145292293
27	32	0.0005129780145292293
27	50	0.0005129780145292293
28	42	0.0005129780145292293
28	59	0.0005129780145292293
42	45	0.0005129780145292293
43	50	0.0005129780145292293
45	59	0.0005129780145292293
23	31	0.0005129780145292258
23	47	0.0005129780145292258
31	48	0.0005129780145292258
32	43	0.0005129780145292258
47	48	0.0005129780145292258
17	36	0.0005129780145292223
17	58	0.0005129780145292223
17	60	0.0005129780145292223
17	61	0.0005129780145292223
36	52	0.0005129780145292223
52	58	0.0005129780145292223
52	60	0.0005129780145292223
52	61	0.0005129780145292223
19	36	0.0005129780115330634
19	58	0.0005129780115330634
19	60	0.0005129780115330634
19	61	0.0005129780115330634
36	53	0.0005129780115330634
53	58	0.0005129780115330634
53	60	0.0005129780115330634
53	61	0.0005129780115330634
23	42	0.0005129779875777916
23	59	0.0005129779875777916
24	27	0.0005129779875777916
24	43	0.0005129779875777916
25	27	0.0005129779875777916
25	43	0.0005129779875777916
27	28	0.0005129779875777916
27	45	0.0005129779875777916
28	43	0.0005129779875777916
42	48	0.0005129779875777916
43	45	0.0005129779875777916
48	59	0.0005129779875777916
31	38	0.0005129779875777882
31	39	0.0005129779875777882
38	47	0.0005129779875777882
39	47	0.0005129779875777882
38	42	0.0005129779606263575
38	59	0.0005129779606263575
39	42	0.0005129779606263575
39	59	0.0005129779606263575
23	27	0.000512977960626354
23	43	0.000512977960626354
27	48	0.000512977960626354
43	48	0.000512977960626354
31	36	0.0005129779606263506
31	58	0.0005129779606263506
31	60	0.0005129779606263506
31	61	0.0005129779606263506
36	47	0.0005129779606263506
47	58	0.0005129779606263506
47	60	0.0005129779606263506
47	61	0.0005129779606263506
27	38	0.0005129779336749199
27	39	0.0005129779336749199
36	42	0.0005129779336749199
36	59	0.0005129779336749199
38	43	0.0005129779336749199
39	43	0.0005129779336749199
42	58	0.0005129779336749199
42	60	0.0005129779336749199
42	61	0.0005129779336749199
58	59	0.0005129779336749199
59	60	0.0005129779336749199
59	61	0.0005129779336749199
16	34	0.0005129779097195405
16	51	0.0005129779097195405
34	51	0.0005129779097195405
27	36	0.0005129779067234823
27	58	0.0005129779067234823
27	60	0.0005129779067234823
27	61	0.0005129779067234823
36	43	0.0005129779067234823
43	58	0.0005129779067234823
43	60	0.0005129779067234823
43	61	0.0005129779067234823
12	16	0.0005129778827681029
12	34	0.0005129778827681029
12	51	0.0005129778827681029
14	16	0.0005129778827681029
14	34	0.0005129778827681029
14	51	0.0005129778827681029
15	16	0.0005129778827681029
15	34	0.0005129778827681029
15	51	0.0005129778827681029
16	29	0.0005129778827681029
16	30	0.0005129778827681029
16	46	0.0005129778827681029
16	49	0.0005129778827681029
16	62	0.0005129778827681029
29	34	0.0005129778827681029
29	51	0.0005129778827681029
30	34	0.0005129778827681029
30	51	0.0005129778827681029
34	46	0.0005129778827681029
34	49	0.0005129778827681029
34	62	0.0005129778827681029
46	51	0.0005129778827681029
49	51	0.0005129778827681029
51	62	0.0005129778827681029
16	26	0.0005129778558166688
16	44	0.0005129778558166688
26	34	0.0005129778558166688
26	51	0.0005129778558166688
34	44	0.0005129778558166688
44	51	0.0005129778558166688
12	14	0.0005129778558166653
12	15	0.0005129778558166653
12	29	0.0005129778558166653
12	30	0.0005129778558166653
12	46	0.0005129778558166653
12	49	0.0005129778558166653
12	62	0.0005129778558166653
14	15	0.0005129778558166653
14	29	0.0005129778558166653
14	30	0.0005129778558166653
14	46	0.0005129778558166653
14	49	0.0005129778558166653
14	62	0.0005129778558166653
15	29	0.0005129778558166653
15	30	0.0005129778558166653
15	46	0.0005129778558166653
15	49	0.0005129778558166653
15	62	0.0005129778558166653
29	30	0.0005129778558166653
29	46	0.0005129778558166653
29	49	0.0005129778558166653
29	62	0.0005129778558166653
30	46	0.0005129778558166653
30	49	0.0005129778558166653
30	62	0.0005129778558166653
46	49	0.0005129778558166653
46	62	0.0005129778558166653
49	62	0.0005129778558166653
16	18	0.0005129778528206314
18	34	0.0005129778528206314
18	51	0.0005129778528206314
16	41	0.0005129778288652312
16	57	0.0005129778288652312
26	29	0.0005129778288652312
26	30	0.0005129778288652312
26	46	0.0005129778288652312
26	49	0.0005129778288652312
26	62	0.0005129778288652312
34	41	0.0005129778288652312
34	57	0.0005129778288652312
41	51	0.0005129778288652312
44	46	0.0005129778288652312
44	49	0.0005129778288652312
44	62	0.0005129778288652312
51	57	0.0005129778288652312
12	26	0.0005129778288652277
12	44	0.0005129778288652277
14	26	0.0005129778288652277
14	44	0.0005129778288652277
15	26	0.0005129778288652277
15	44	0.0005129778288652277
29	44	0.0005129778288652277
30	44	0.0005129778288652277
16	35	0.0005129778258691972
34	35	0.0005129778258691972
12	18	0.0005129778258691937
14	18	0.0005129778258691937
15	18	0.0005129778258691937
18	29	0.0005129778258691937
18	30	0.0005129778258691937
18	46	0.0005129778258691937
18	49	0.0005129778258691937
18	62	0.0005129778258691937
35	51	0.0005129778258691937
26	44	0.0005129778019137936
12	41	0.0005129778019137901
12	57	0.0005129778019137901
14	41	0.0005129778019137901
14	57	0.0005129778019137901
15	41	0.0005129778019137901
15	57	0.0005129778019137901
29	41	0.0005129778019137901
29	57	0.0005129778019137901
30	41	0.0005129778019137901
30	57	0.0005129778019137901
41	46	0.0005129778019137901
41	49	0.0005129778019137901
41	62	0.0005129778019137901
46	57	0.0005129778019137901
49	57	0.0005129778019137901
57	62	0.0005129778019137901
12	35	0.0005129777989177596
14	35	0.0005129777989177596
15	35	0.0005129777989177596
16	33	0.0005129777989177596
18	26	0.0005129777989177596
18	44	0.0005129777989177596
29	35	0.0005129777989177596
30	35	0.0005129777989177596
35	46	0.0005129777989177596
35	49	0.0005129777989177596
35	62	0.0005129777989177596
13	16	0.0005129777989177561
13	34	0.0005129777989177561
13	51	0.0005129777989177561
33	34	0.0005129777989177561
33	51	0.0005129777989177561
26	41	0.000512977774962356
26	57	0.000512977774962356
41	44	0.000512977774962356
44	57	0.000512977774962356
26	35	0.0005129777719663289
18	41	0.0005129777719663255
18	57	0.0005129777719663255
35	44	0.0005129777719663255
12	13	0.000512977771966322
12	33	0.000512977771966322
13	14	0.000512977771966322
13	15	0.000512977771966322
13	29	0.000512977771966322
13	30	0.000512977771966322
13	46	0.000512977771966322
13	49	0.000512977771966322
13	62	0.000512977771966322
14	33	0.000512977771966322
15	33	0.000512977771966322
29	33	0.000512977771966322
30	33	0.000512977771966322
33	46	0.000512977771966322
33	49	0.000512977771966322
33	62	0.000512977771966322
18	35	0.0005129777689701527
41	57	0.0005129777480109184
26	33	0.0005129777450148913
35	41	0.0005129777450148913
35	57	0.0005129777450148913
13	26	0.0005129777450148879
13	44	0.0005129777450148879
33	44	0.0005129777450148879
16	32	0.0005129777450148844
16	50	0.0005129777450148844
32	34	0.0005129777450148844
32	51	0.0005129777450148844
34	50	0.0005129777450148844
50	51	0.0005129777450148844
18	33	0.0005129777420187151
13	18	0.0005129777420187116
12	32	0.0005129777180634502
12	50	0.0005129777180634502
13	41	0.0005129777180634502
13	57	0.0005129777180634502
14	32	0.0005129777180634502
14	50	0.0005129777180634502
15	32	0.0005129777180634502
15	50	0.0005129777180634502
16	24	0.0005129777180634502
16	25	0.0005129777180634502
16	28	0.0005129777180634502
16	45	0.0005129777180634502
24	34	0.0005129777180634502
24	51	0.0005129777180634502
25	34	0.0005129777180634502
25	51	0.0005129777180634502
28	34	0.0005129777180634502
28	51	0.0005129777180634502
29	32	0.0005129777180634502
29	50	0.0005129777180634502
30	32	0.0005129777180634502
30	50	0.0005129777180634502
33	41	0.0005129777180634502
33	57	0.0005129777180634502
34	45	0.0005129777180634502
45	51	0.0005129777180634502
46	50	0.0005129777180634502
49	50	0.0005129777180634502
32	46	0.0005129777180634468
32	49	0.0005129777180634468
32	62	0.0005129777180634468
50	62	0.0005129777180634468
13	35	0.000512977715067281
33	35	0.000512977715067281
26	32	0.0005129776911120161
26	50	0.0005129776911120161
32	44	0.0005129776911120161
44	50	0.0005129776911120161
12	24	0.0005129776911120126
12	25	0.0005129776911120126
12	28	0.0005129776911120126
12	45	0.0005129776911120126
14	24	0.0005129776911120126
14	25	0.0005129776911120126
14	28	0.0005129776911120126
14	45	0.0005129776911120126
15	24	0.0005129776911120126
15	25	0.0005129776911120126
15	28	0.0005129776911120126
15	45	0.0005129776911120126
16	23	0.0005129776911120126
16	48	0.0005129776911120126
23	34	0.0005129776911120126
23	51	0.0005129776911120126
24	29	0.0005129776911120126
24	30	0.0005129776911120126
24	46	0.0005129776911120126
24	49	0.0005129776911120126
24	62	0.0005129776911120126
25	29	0.0005129776911120126
25	30	0.0005129776911120126
25	46	0.0005129776911120126
25	49	0.0005129776911120126
25	62	0.0005129776911120126
28	29	0.0005129776911120126
28	30	0.0005129776911120126
28	46	0.0005129776911120126
28	49	0.0005129776911120126
28	62	0.0005129776911120126
29	45	0.0005129776911120126
30	45	0.0005129776911120126
34	48	0.0005129776911120126
45	46	0.0005129776911120126
45	49	0.0005129776911120126
45	62	0.0005129776911120126
48	51	0.0005129776911120126
13	33	0.0005129776881158468
18	32	0.0005129776881158468
18	50	0.0005129776881158468
26	28	0.000512977664160582
26	45	0.000512977664160582
44	45	0.000512977664160582
24	26	0.0005129776641605785
24	44	0.0005129776641605785
25	26	0.0005129776641605785
25	44	0.0005129776641605785
28	44	0.0005129776641605785
32	41	0.0005129776641605785
32	57	0.0005129776641605785
41	50	0.0005129776641605785
50	57	0.0005129776641605785
12	23	0.000512977664160575
12	48	0.000512977664160575
14	23	0.000512977664160575
14	48	0.000512977664160575
15	23	0.000512977664160575
15	48	0.000512977664160575
16	38	0.000512977664160575
16	39	0.000512977664160575
23	29	0.000512977664160575
23	30	0.000512977664160575
23	46	0.000512977664160575
23	49	0.000512977664160575
23	62	0.000512977664160575
29	48	0.000512977664160575
30	48	0.000512977664160575
34	38	0.000512977664160575
34	39	0.000512977664160575
38	51	0.000512977664160575
39	51	0.000512977664160575
46	48	0.000512977664160575
48	49	0.000512977664160575
48	62	0.000512977664160575
18	24	0.0005129776611644127
18	25	0.0005129776611644127
18	28	0.0005129776611644127
18	45	0.0005129776611644127
32	35	0.0005129776611644127
35	50	0.0005129776611644127
24	41	0.0005129776372091444
24	57	0.0005129776372091444
25	41	0.0005129776372091444
25	57	0.0005129776372091444
26	48	0.0005129776372091444
28	41	0.0005129776372091444
28	57	0.0005129776372091444
41	45	0.0005129776372091444
44	48	0.0005129776372091444
45	57	0.0005129776372091444
12	38	0.0005129776372091409
12	39	0.0005129776372091409
14	38	0.0005129776372091409
14	39	0.0005129776372091409
15	38	0.0005129776372091409
15	39	0.0005129776372091409
23	26	0.0005129776372091409
23	44	0.0005129776372091409
29	38	0.0005129776372091409
29	39	0.0005129776372091409
30	38	0.0005129776372091409
30	39	0.0005129776372091409
38	46	0.0005129776372091409
38	49	0.0005129776372091409
38	62	0.0005129776372091409
39	46	0.0005129776372091409
39	49	0.0005129776372091409
39	62	0.0005129776372091409
16	36	0.0005129776372091374
16	58	0.0005129776372091374
16	60	0.0005129776372091374
16	61	0.0005129776372091374
34	36	0.0005129776372091374
34	58	0.0005129776372091374
34	60	0.0005129776372091374
34	61	0.0005129776372091374
36	51	0.0005129776372091374
51	58	0.0005129776372091374
51	60	0.0005129776372091374
51	61	0.0005129776372091374
24	35	0.000512977634212982
25	35	0.000512977634212982
28	35	0.000512977634212982
13	32	0.0005129776342129785
13	50	0.0005129776342129785
32	33	0.0005129776342129785
33	50	0.0005129776342129785
35	45	0.0005129776342129785
18	23	0.0005129776342129751
18	48	0.0005129776342129751
23	41	0.0005129776102577067
23	57	0.0005129776102577067
26	38	0.0005129776102577067
26	39	0.0005129776102577067
38	44	0.0005129776102577067
39	44	0.0005129776102577067
41	48	0.0005129776102577067
48	57	0.0005129776102577067
12	36	0.0005129776102577033
12	58	0.0005129776102577033
12	60	0.0005129776102577033
12	61	0.0005129776102577033
14	36	0.0005129776102577033
14	58	0.0005129776102577033
14	60	0.0005129776102577033
14	61	0.0005129776102577033
15	36	0.0005129776102577033
15	58	0.0005129776102577033
15	60	0.0005129776102577033
15	61	0.0005129776102577033
29	36	0.0005129776102577033
29	58	0.0005129776102577033
29	60	0.0005129776102577033
29	61	0.0005129776102577033
30	36	0.0005129776102577033
30	58	0.0005129776102577033
30	60	0.0005129776102577033
30	61	0.0005129776102577033
36	46	0.0005129776102577033
36	49	0.0005129776102577033
36	62	0.0005129776102577033
46	58	0.0005129776102577033
46	60	0.0005129776102577033
46	61	0.0005129776102577033
49	58	0.0005129776102577033
49	60	0.0005129776102577033
49	61	0.0005129776102577033
58	62	0.0005129776102577033
60	62	0.0005129776102577033
61	62	0.0005129776102577033
13	24	0.0005129776072615444
13	25	0.0005129776072615444
13	28	0.0005129776072615444
13	45	0.0005129776072615444
18	38	0.0005129776072615444
18	39	0.0005129776072615444
23	35	0.0005129776072615444
24	33	0.0005129776072615444
25	33	0.0005129776072615444
28	33	0.0005129776072615444
33	45	0.0005129776072615444
35	48	0.0005129776072615444
26	36	0.0005129775833062691
26	58	0.0005129775833062691
26	60	0.0005129775833062691
26	61	0.0005129775833062691
36	44	0.0005129775833062691
38	41	0.0005129775833062691
38	57	0.0005129775833062691
39	41	0.0005129775833062691
39	57	0.0005129775833062691
44	58	0.0005129775833062691
44	60	0.0005129775833062691
44	61	0.0005129775833062691
35	38	0.0005129775803101103
35	39	0.0005129775803101103
13	23	0.0005129775803101068
13	48	0.0005129775803101068
18	36	0.0005129775803101068
18	58	0.0005129775803101068
18	60	0.0005129775803101068
18	61	0.0005129775803101068
23	33	0.0005129775803101068
32	50	0.0005129775803101068
33	48	0.0005129775803101068
36	41	0.0005129775563548315
36	57	0.0005129775563548315
41	58	0.0005129775563548315
41	60	0.0005129775563548315
41	61	0.0005129775563548315
57	58	0.0005129775563548315
57	60	0.0005129775563548315
57	61	0.0005129775563548315
24	32	0.0005129775533586761
24	50	0.0005129775533586761
25	32	0.0005129775533586761
25	50	0.0005129775533586761
28	32	0.0005129775533586761
28	50	0.0005129775533586761
45	50	0.0005129775533586761
13	38	0.0005129775533586726
13	39	0.0005129775533586726
32	45	0.0005129775533586726
33	38	0.0005129775533586726
33	39	0.0005129775533586726
35	36	0.0005129775533586726
35	58	0.0005129775533586726
35	60	0.0005129775533586726
35	61	0.0005129775533586726
24	25	0.000512977526407242
24	28	0.000512977526407242
24	45	0.000512977526407242
25	28	0.000512977526407242
25	45	0.000512977526407242
28	45	0.000512977526407242
13	36	0.0005129775264072385
13	58	0.0005129775264072385
13	60	0.0005129775264072385
13	61	0.0005129775264072385
23	32	0.0005129775264072385
23	50	0.0005129775264072385
32	48	0.0005129775264072385
33	36	0.0005129775264072385
33	58	0.0005129775264072385
33	60	0.0005129775264072385
33	61	0.0005129775264072385
48	50	0.0005129775264072385
23	24	0.0005129774994558044
23	25	0.0005129774994558044
23	28	0.0005129774994558044
23	45	0.0005129774994558044
24	48	0.0005129774994558044
25	48	0.0005129774994558044
28	48	0.0005129774994558044
32	38	0.0005129774994558044
32	39	0.0005129774994558044
38	50	0.0005129774994558044
39	50	0.0005129774994558044
45	48	0.0005129774994558044
38	45	0.0005129774725043737
39	45	0.0005129774725043737
23	48	0.0005129774725043702
24	38	0.0005129774725043702
24	39	0.0005129774725043702
25	38	0.0005129774725043702
25	39	0.0005129774725043702
28	38	0.0005129774725043702
28	39	0.0005129774725043702
36	50	0.0005129774725043702
32	36	0.0005129774725043668
32	58	0.0005129774725043668
32	60	0.0005129774725043668
32	61	0.0005129774725043668
50	58	0.0005129774725043668
50	60	0.0005129774725043668
50	61	0.0005129774725043668
23	38	0.0005129774455529361
23	39	0.0005129774455529361
24	36	0.0005129774455529361
24	58	0.0005129774455529361
24	60	0.0005129774455529361
24	61	0.0005129774455529361
25	36	0.0005129774455529361
25	58	0.0005129774455529361
25	60	0.0005129774455529361
25	61	0.0005129774455529361
28	36	0.0005129774455529361
28	58	0.0005129774455529361
28	60	0.0005129774455529361
28	61	0.0005129774455529361
36	45	0.0005129774455529361
38	48	0.0005129774455529361
39	48	0.0005129774455529361
45	58	0.0005129774455529361
45	60	0.0005129774455529361
45	61	0.0005129774455529361
38	39	0.000512977418601502
23	36	0.0005129774186014985
23	58	0.0005129774186014985
23	60	0.0005129774186014985
23	61	0.0005129774186014985
36	48	0.0005129774186014985
48	58	0.0005129774186014985
48	60	0.0005129774186014985
48	61	0.0005129774186014985
36	38	0.0005129773916500643
36	39	0.0005129773916500643
38	58	0.0005129773916500643
38	60	0.0005129773916500643
38	61	0.0005129773916500643
39	58	0.0005129773916500643
39	60	0.0005129773916500643
39	61	0.0005129773916500643
20	54	0.0005129773646986545
21	54	0.0005129773646986545
54	55	0.0005129773646986545
54	56	0.0005129773646986545
36	58	0.0005129773646986302
36	60	0.0005129773646986302
36	61	0.0005129773646986302
58	60	0.0005129773646986302
58	61	0.0005129773646986302
60	61	0.0005129773646986302
17	54	0.0005129773137918861
52	54	0.0005129773137918861
20	40	0.0005129773107957862
21	40	0.0005129773107957862
40	55	0.0005129773107957862
40	56	0.0005129773107957862
19	54	0.0005129773107957827
53	54	0.0005129773107957827
17	40	0.0005129772598890144
31	54	0.0005129772598890144
40	52	0.0005129772598890144
47	54	0.0005129772598890144
19	40	0.0005129772568929145
40	53	0.0005129772568929145
42	54	0.0005129772329375802
54	59	0.0005129772329375802
20	37	0.0005129772299414873
21	37	0.0005129772299414873
37	55	0.0005129772299414873
37	56	0.0005129772299414873
27	54	0.0005129772059861426
31	40	0.0005129772059861426
40	47	0.0005129772059861426
43	54	0.0005129772059861426
17	37	0.0005129771790347085
37	52	0.0005129771790347085
40	42	0.0005129771790347085
40	59	0.0005129771790347085
19	37	0.0005129771760386155
37	53	0.0005129771760386155
27	40	0.0005129771520832709
40	43	0.0005129771520832709
31	37	0.0005129771251318367
37	47	0.0005129771251318367
37	42	0.0005129770981804026
37	59	0.0005129770981804026
27	37	0.000512977071228965
37	43	0.000512977071228965
20	22	0.0005129770143300141
21	22	0.0005129770143300141
22	55	0.0005129770143300141
22	56	0.0005129770143300141
17	22	0.000512976963423218
22	52	0.000512976963423218
19	22	0.0005129769604271424
22	53	0.0005129769604271424
22	31	0.0005129769095203462
22	47	0.0005129769095203462
22	42	0.0005129768825689121
22	59	0.0005129768825689121
18	54	0.0005129768795728122
22	27	0.0005129768556174745
22	43	0.0005129768556174745
17	20	0.0005129768526214093
17	21	0.0005129768526214093
17	55	0.0005129768526214093
17	56	0.0005129768526214093
20	52	0.0005129768526214093
21	52	0.0005129768526214093
52	55	0.0005129768526214093
52	56	0.0005129768526214093
35	54	0.0005129768526213781
13	54	0.0005129768256699439
18	40	0.0005129768256699439
33	54	0.0005129768256699439
17	52	0.0005129768017146027
20	31	0.000512976798718541
20	47	0.000512976798718541
21	31	0.000512976798718541
21	47	0.000512976798718541
31	55	0.000512976798718541
31	56	0.000512976798718541
47	55	0.000512976798718541
47	56	0.000512976798718541
17	19	0.0005129767987185375
17	53	0.0005129767987185375
19	52	0.0005129767987185375
52	53	0.0005129767987185375
35	40	0.0005129767987185098
20	42	0.0005129767717671103
20	59	0.0005129767717671103
21	42	0.0005129767717671103
21	59	0.0005129767717671103
42	55	0.0005129767717671103
42	56	0.0005129767717671103
55	59	0.0005129767717671103
56	59	0.0005129767717671103
13	40	0.0005129767717670722
32	54	0.0005129767717670722
33	40	0.0005129767717670722
50	54	0.0005129767717670722
17	31	0.000512976747811731
17	47	0.000512976747811731
31	52	0.000512976747811731
47	52	0.000512976747811731
27	55	0.0005129767448156762
27	56	0.0005129767448156762
43	55	0.0005129767448156762
43	56	0.0005129767448156762
20	27	0.0005129767448156727
20	43	0.0005129767448156727
21	27	0.0005129767448156727
21	43	0.0005129767448156727
19	31	0.0005129767448156693
19	47	0.0005129767448156693
31	53	0.0005129767448156693
47	53	0.0005129767448156693
18	37	0.000512976744815645
24	54	0.000512976744815638
25	54	0.000512976744815638
28	54	0.000512976744815638
45	54	0.000512976744815638
42	52	0.0005129767208602969
17	42	0.0005129767208602934
17	59	0.0005129767208602934
52	59	0.0005129767208602934
19	42	0.0005129767178642386
19	59	0.0005129767178642386
42	53	0.0005129767178642386
53	59	0.0005129767178642386
35	37	0.0005129767178642108
23	54	0.0005129767178642004
32	40	0.0005129767178642004
48	54	0.0005129767178642004
27	52	0.0005129766939088592
31	47	0.0005129766939088592
43	52	0.0005129766939088592
17	27	0.0005129766939088558
17	43	0.0005129766939088558
19	27	0.000512976690912801
19	43	0.000512976690912801
27	53	0.000512976690912801
43	53	0.000512976690912801
13	37	0.0005129766909127732
33	37	0.0005129766909127732
24	40	0.0005129766909127663
25	40	0.0005129766909127663
28	40	0.0005129766909127663
38	54	0.0005129766909127663
39	54	0.0005129766909127663
31	42	0.0005129766669574216
31	59	0.0005129766669574216
42	47	0.0005129766669574216
47	59	0.0005129766669574216
23	40	0.0005129766639613322
36	54	0.0005129766639613287
42	59	0.0005129766400059875
27	31	0.000512976640005984
27	47	0.000512976640005984
31	43	0.000512976640005984
43	47	0.000512976640005984
32	37	0.0005129766370099015
38	40	0.000512976637009898
39	40	0.000512976637009898
27	42	0.0005129766130545499
27	59	0.0005129766130545499
42	43	0.0005129766130545499
43	59	0.0005129766130545499
24	37	0.0005129766100584673
25	37	0.0005129766100584673
28	37	0.0005129766100584673
36	40	0.0005129766100584604
27	43	0.0005129765861031123
23	37	0.0005129765831070297
18	22	0.0005129765292041649
36	37	0.000512976529204158
16	20	0.0005129764753013383
16	21	0.0005129764753013383
16	55	0.0005129764753013383
16	56	0.0005129764753013383
20	34	0.0005129764753013383
20	51	0.0005129764753013383
21	34	0.0005129764753013383
21	51	0.0005129764753013383
34	55	0.0005129764753013383
34	56	0.0005129764753013383
51	55	0.0005129764753013383
51	56	0.0005129764753013383
13	22	0.0005129764753012932
12	20	0.0005129764483499041
12	21	0.0005129764483499041
12	55	0.0005129764483499041
12	56	0.0005129764483499041
14	20	0.0005129764483499041
14	21	0.0005129764483499041
14	55	0.0005129764483499041
14	56	0.0005129764483499041
15	20	0.0005129764483499041
15	21	0.0005129764483499041
15	55	0.0005129764483499041
15	56	0.0005129764483499041
20	29	0.0005129764483499041
20	30	0.0005129764483499041
20	46	0.0005129764483499041
20	49	0.0005129764483499041
20	62	0.0005129764483499041
21	29	0.0005129764483499041
21	30	0.0005129764483499041
21	46	0.0005129764483499041
21	49	0.0005129764483499041
21	62	0.0005129764483499041
29	55	0.0005129764483499041
29	56	0.0005129764483499041
30	55	0.0005129764483499041
30	56	0.0005129764483499041
46	55	0.0005129764483499041
46	56	0.0005129764483499041
49	55	0.0005129764483499041
49	56	0.0005129764483499041
55	62	0.0005129764483499041
56	62	0.0005129764483499041
20	26	0.00051297642139847
20	44	0.00051297642139847
21	26	0.00051297642139847
21	44	0.00051297642139847
26	55	0.00051297642139847
26	56	0.00051297642139847
44	55	0.00051297642139847
44	56	0.00051297642139847
16	19	0.0005129764213984665
16	53	0.0005129764213984665
19	34	0.0005129764213984665
19	51	0.0005129764213984665
34	53	0.0005129764213984665
51	53	0.0005129764213984665
20	41	0.0005129763944470359
20	57	0.0005129763944470359
21	41	0.0005129763944470359
21	57	0.0005129763944470359
41	55	0.0005129763944470359
41	56	0.0005129763944470359
55	57	0.0005129763944470359
56	57	0.0005129763944470359
12	19	0.0005129763944470289
12	53	0.0005129763944470289
14	19	0.0005129763944470289
14	53	0.0005129763944470289
15	19	0.0005129763944470289
15	53	0.0005129763944470289
19	29	0.0005129763944470289
19	30	0.0005129763944470289
19	46	0.0005129763944470289
19	49	0.0005129763944470289
19	62	0.0005129763944470289
29	53	0.0005129763944470289
30	53	0.0005129763944470289
46	53	0.0005129763944470289
49	53	0.0005129763944470289
53	62	0.0005129763944470289
19	26	0.0005129763674955982
19	44	0.0005129763674955982
26	53	0.0005129763674955982
44	53	0.0005129763674955982
19	41	0.0005129763405441606
19	57	0.0005129763405441606
41	53	0.0005129763405441606
53	57	0.0005129763405441606
40	54	0.0005129759093211381
37	54	0.0005129758284668322
37	40	0.0005129757745639604
22	54	0.0005129756128553487
22	40	0.0005129755589524769
22	37	0.0005129754780981745
66	67	0.000333929743659981
17	68	0.00022828247619366415
52	68	0.00022828247619366415
31	68	0.0002282824218301921
47	68	0.0002282824218301921
42	68	0.00022828239464845607
59	68	0.00022828239464845607
27	68	0.00022828236746671657
43	68	0.00022828236746671657
16	68	0.0002282820956493528
34	68	0.0002282820956493528
51	68	0.0002282820956493528
12	68	0.00022828206846761331
14	68	0.00022828206846761331
15	68	0.00022828206846761331
29	68	0.00022828206846761331
30	68	0.00022828206846761331
46	68	0.00022828206846761331
49	68	0.00022828206846761331
62	68	0.00022828206846761331
26	68	0.00022828204128588075
44	68	0.00022828204128588075
41	68	0.00022828201410414126
57	68	0.00022828201410414126
54	68	0.00022828113000151334
40	68	0.00022828107563804129
37	68	0.0002282809940928332
22	68	0.00022828077663893803
20	68	0.00022828068080667924
21	68	0.00022828068080667924
55	68	0.00022828068080667924
56	68	0.00022828068080667924
19	68	0.0002282806264432037
53	68	0.0002282806264432037
18	68	0.00022828019153541337
35	68	0.00022828016435368081
13	68	0.00022828013717194132
33	68	0.00022828013717194132
32	68	0.0002282800828084658
50	68	0.0002282800828084658
24	68	0.00022828005562673323
25	68	0.00022828005562673323
28	68	0.00022828005562673323
45	68	0.00022828005562673323
23	68	0.00022828002844499373
48	68	0.00022828002844499373
38	68	0.0002282800012632577
39	68	0.0002282800012632577
36	68	0.00022827997408152167
58	68	0.00022827997408152167
60	68	0.00022827997408152167
61	68	0.00022827997408152167
67	69	0.0002184491533770809
54	69	7.523851799221687e-05
40	69	7.523846290555941e-05
37	69	7.523838027557322e-05
22	69	7.52381599289434e-05
17	69	7.523799466897102e-05
52	69	7.523799466897102e-05
31	69	7.523793958231356e-05
47	69	7.523793958231356e-05
42	69	7.52379120389883e-05
59	69	7.52379120389883e-05
27	69	7.52378844956561e-05
43	69	7.52378844956561e-05
16	69	7.523760906237228e-05
34	69	7.523760906237228e-05
51	69	7.523760906237228e-05
12	69	7.523758151904356e-05
14	69	7.523758151904356e-05
15	69	7.523758151904356e-05
29	69	7.523758151904356e-05
30	69	7.523758151904356e-05
46	69	7.523758151904356e-05
49	69	7.523758151904356e-05
62	69	7.523758151904356e-05
26	69	7.523755397571483e-05
44	69	7.523755397571483e-05
41	69	7.52375264323861e-05
57	69	7.52375264323861e-05
20	69	7.523622495501231e-05
21	69	7.523622495501231e-05
55	69	7.523622495501231e-05
56	69	7.523622495501231e-05
19	69	7.523616986835485e-05
53	69	7.523616986835485e-05
18	69	7.523572917509172e-05
35	69	7.523570163176646e-05
13	69	7.523567408843426e-05
33	69	7.523567408843426e-05
32	69	7.52356190017768e-05
50	69	7.52356190017768e-05
24	69	7.523559145845155e-05
25	69	7.523559145845155e-05
28	69	7.523559145845155e-05
45	69	7.523559145845155e-05
23	69	7.523556391511935e-05
48	69	7.523556391511935e-05
38	69	7.523553637179409e-05
39	69	7.523553637179409e-05
36	69	7.523550882846189e-05
58	69	7.523550882846189e-05
60	69	7.523550882846189e-05
61	69	7.523550882846189e-05
20	67	-0.00015385938010220243
21	67	-0.00015385938010220243
55	67	-0.00015385938010220243
56	67	-0.00015385938010220243
19	67	-0.0001538594347766445
53	67	-0.0001538594347766445
12	67	-0.00015385986845797492
14	67	-0.00015385986845797492
15	67	-0.00015385986845797492
29	67	-0.00015385986845797492
30	67	-0.00015385986845797492
46	67	-0.00015385986845797492
49	67	-0.00015385986845797492
62	67	-0.00015385986845797492
26	67	-0.00015385989579519074
44	67	-0.00015385989579519074
41	67	-0.0001538599231324135
57	67	-0.0001538599231324135
13	67	-0.00015385992684660565
33	67	-0.00015385992684660565
32	67	-0.00015385998152104424
50	67	-0.00015385998152104424
24	67	-0.00015386000885826354
25	67	-0.00015386000885826354
28	67	-0.00015386000885826354
45	67	-0.00015386000885826354
23	67	-0.0001538600361954863
48	67	-0.0001538600361954863
38	67	-0.0001538600635327056
39	67	-0.0001538600635327056
36	67	-0.0001538600908699249
58	67	-0.0001538600908699249
60	67	-0.0001538600908699249
61	67	-0.0001538600908699249
54	67	-0.00015386080163764387
40	67	-0.00015386085631208593
37	67	-0.0001538609383237438
22	67	-0.0001538611570215051
17	67	-0.00015386132104482433
52	67	-0.00015386132104482433
31	67	-0.00015386137571926292
47	67	-0.00015386137571926292
42	67	-0.00015386140305648222
59	67	-0.00015386140305648222
27	67	-0.00015386143039370498
43	67	-0.00015386143039370498
16	67	-0.00015386170376590139
34	67	-0.00015386170376590139
51	67	-0.00015386170376590139
18	67	-0.00015386173481731283
35	67	-0.00015386176215453212
8	68	-0.00021674270284555847
1	63	-0.00031595650140470166
5	63	-0.00031595694903789953
6	63	-0.00031595700499205057
10	63	-0.0003159576764418526
4	63	-0.0003159578163272267
3	20	-0.00037628077258603995
3	21	-0.00037628077258603995
3	55	-0.00037628077258603995
3	56	-0.00037628077258603995
3	19	-0.00037628082861199813
3	53	-0.00037628082861199813
7	20	-0.0003762810421003744
7	21	-0.0003762810421003744
7	55	-0.0003762810421003744
7	56	-0.0003762810421003744
7	19	-0.00037628109812633606
7	53	-0.00037628109812633606
3	18	-0.00037628127681966356
3	35	-0.0003762813048326409
3	13	-0.00037628133284562174
3	33	-0.00037628133284562174
3	41	-0.00037628137508304363
3	57	-0.00037628137508304363
3	32	-0.0003762813888715799
3	50	-0.0003762813888715799
3	24	-0.00037628141688455727
3	25	-0.00037628141688455727
3	28	-0.00037628141688455727
3	45	-0.00037628141688455727
3	23	-0.0003762814448975381
3	48	-0.0003762814448975381
3	58	-0.00037628150092349627
3	60	-0.00037628150092349627
3	61	-0.00037628150092349627
7	18	-0.00037628154633400496
9	54	-0.0003762815524789541
7	35	-0.0003762815743469823
7	13	-0.00037628160235996314
7	33	-0.00037628160235996314
9	40	-0.00037628160850491574
7	32	-0.0003762816583859213
7	50	-0.0003762816583859213
7	24	-0.00037628168639889867
7	25	-0.00037628168639889867
7	28	-0.00037628168639889867
7	45	-0.00037628168639889867
9	37	-0.00037628169254385474
7	23	-0.0003762817144118795
7	48	-0.0003762817144118795
7	38	-0.0003762817424248603
7	39	-0.0003762817424248603
7	36	-0.00037628177043784114
7	58	-0.00037628177043784114
7	60	-0.00037628177043784114
7	61	-0.00037628177043784114
9	22	-0.00037628191664769786
9	20	-0.00037628195844912476
9	21	-0.00037628195844912476
9	55	-0.00037628195844912476
9	56	-0.00037628195844912476
9	19	-0.0003762820144750864
9	53	-0.0003762820144750864
9	17	-0.00037628208472557934
9	52	-0.00037628208472557934
9	31	-0.000376282140751541
9	47	-0.000376282140751541
9	42	-0.0003762821687645218
9	59	-0.0003762821687645218
9	27	-0.00037628219677750263
9	43	-0.00037628219677750263
3	54	-0.0003762822292609491
3	40	-0.0003762822852869073
3	37	-0.00037628236932583936
9	18	-0.0003762824626827761
9	16	-0.00037628247690730393
9	34	-0.00037628247690730393
9	51	-0.00037628247690730393
9	35	-0.00037628249069575
7	54	-0.00037628249877530093
9	12	-0.00037628250492028475
9	14	-0.00037628250492028475
9	15	-0.00037628250492028475
9	29	-0.00037628250492028475
9	30	-0.00037628250492028475
9	46	-0.00037628250492028475
9	49	-0.00037628250492028475
9	62	-0.00037628250492028475
9	13	-0.0003762825187087343
9	33	-0.0003762825187087343
9	26	-0.0003762825329332656
9	44	-0.0003762825329332656
7	40	-0.0003762825548012591
9	41	-0.0003762825609462464
9	57	-0.0003762825609462464
9	32	-0.00037628257473469595
9	50	-0.00037628257473469595
3	22	-0.00037628259342967554
9	24	-0.0003762826027476733
9	25	-0.0003762826027476733
9	28	-0.0003762826027476733
9	45	-0.0003762826027476733
9	23	-0.00037628263076065413
9	48	-0.00037628263076065413
7	37	-0.00037628263884019464
9	38	-0.00037628265877363495
9	39	-0.00037628265877363495
9	36	-0.0003762826867866158
9	58	-0.0003762826867866158
9	60	-0.0003762826867866158
9	61	-0.0003762826867866158
3	17	-0.0003762827615075466
3	52	-0.0003762827615075466
3	31	-0.00037628281753350826
3	47	-0.00037628281753350826
3	42	-0.0003762828455464856
3	59	-0.0003762828455464856
7	22	-0.0003762828629440308
3	27	-0.00037628287355946644
3	43	-0.00037628287355946644
7	17	-0.00037628303102190536
7	52	-0.00037628303102190536
7	31	-0.00037628308704786353
7	47	-0.00037628308704786353
7	42	-0.00037628311506084436
7	59	-0.00037628311506084436
7	27	-0.0003762831430738252
7	43	-0.0003762831430738252
3	16	-0.00037628315368925386
3	34	-0.00037628315368925386
3	51	-0.00037628315368925386
3	12	-0.0003762831817022347
3	14	-0.0003762831817022347
3	15	-0.0003762831817022347
3	29	-0.0003762831817022347
3	30	-0.0003762831817022347
3	46	-0.0003762831817022347
3	49	-0.0003762831817022347
3	62	-0.0003762831817022347
3	26	-0.00037628320971521204
3	44	-0.00037628320971521204
3	38	-0.0003762833355556647
3	39	-0.0003762833355556647
3	36	-0.0003762833635686455
7	16	-0.0003762834232036126
7	34	-0.0003762834232036126
7	51	-0.0003762834232036126
7	12	-0.00037628345121659343
7	14	-0.00037628345121659343
7	15	-0.00037628345121659343
7	29	-0.00037628345121659343
7	30	-0.00037628345121659343
7	46	-0.00037628345121659343
7	49	-0.00037628345121659343
7	62	-0.00037628345121659343
7	26	-0.00037628347922957425
7	44	-0.00037628347922957425
7	41	-0.0003762835072425551
7	57	-0.0003762835072425551
2	67	-0.00043847050509853575
20	63	-0.0005175341625756717
21	63	-0.0005175341625756717
55	63	-0.0005175341625756717
56	63	-0.0005175341625756717
19	63	-0.0005175342185298193
53	63	-0.0005175342185298193
18	63	-0.0005175346661630206
16	63	-0.0005175346779818964
34	63	-0.0005175346779818964
51	63	-0.0005175346779818964
35	63	-0.0005175346941400961
12	63	-0.0005175347059589719
14	63	-0.0005175347059589719
15	63	-0.0005175347059589719
29	63	-0.0005175347059589719
30	63	-0.0005175347059589719
46	63	-0.0005175347059589719
49	63	-0.0005175347059589719
62	63	-0.0005175347059589719
13	63	-0.0005175347221171717
33	63	-0.0005175347221171717
26	63	-0.0005175347339360474
44	63	-0.0005175347339360474
41	63	-0.0005175347619131229
57	63	-0.0005175347619131229
32	63	-0.0005175347780713227
50	63	-0.0005175347780713227
24	63	-0.0005175348060483947
25	63	-0.0005175348060483947
28	63	-0.0005175348060483947
45	63	-0.0005175348060483947
23	63	-0.0005175348340254737
48	63	-0.0005175348340254737
38	63	-0.0005175348620025458
39	63	-0.0005175348620025458
36	63	-0.0005175348899796248
58	63	-0.0005175348899796248
60	63	-0.0005175348899796248
61	63	-0.0005175348899796248
54	63	-0.0005175356173835709
40	63	-0.0005175356733377219
37	63	-0.000517535757268945
22	63	-0.0005175359810855457
17	63	-0.0005175361489479988
52	63	-0.0005175361489479988
31	63	-0.0005175362049021463
47	63	-0.0005175362049021463
42	63	-0.0005175362328792218
59	63	-0.0005175362328792218
27	63	-0.0005175362608562974
43	63	-0.0005175362608562974
63	64	-0.0005676559874239623
11	63	-0.0005758230591305646
8	63	-0.0006130063625949707
2	63	-0.0006205961500205422
63	65	-0.0006210439167140432
64	69	-0.0006290115075950516
63	66	-0.0007118915408426164
4	67	-0.0008762038959792898
1	67	-0.000876204473775101
5	67	-0.0008762049111706201
6	67	-0.0008762049658450587
10	67	-0.0008762056219383391
6	7	-0.0011013985199308345
4	7	-0.0011013993323072367
6	9	-0.0011013995204186416
4	9	-0.0011014003327950717
7	10	-0.0011014010548874922
1	3	-0.0011014014467264008
1	7	-0.0011014017409875093
3	5	-0.0011014018949340593
3	6	-0.001101401950960021
9	10	-0.0011014020553753202
5	7	-0.0011014021891951747
3	10	-0.001101402623271519
1	9	-0.0011014027414752957
3	4	-0.0011014027633364093
5	9	-0.0011014031896829785
3	11	-0.0015758676341724003
7	11	-0.0015758679264172848
9	11	-0.0015758689200499089
2	3	-0.0016144813675384381
2	9	-0.001614482654334351
2	7	-0.0016144835226372008
65	68	-0.0016781635322601005
3	64	-0.0018282795234743666
7	64	-0.0018282798132288267
9	64	-0.0018282807983939983
9	65	-0.0018764067780040437
3	65	-0.0018764092273318468
7	65	-0.001876409517323322
8	27	-0.0019201136166966878
8	43	-0.0019201136166966878
8	18	-0.0019201138320651089
8	35	-0.0019201138609646964
8	13	-0.001920113889864291
8	33	-0.001920113889864291
8	16	-0.0019201139056926018
8	34	-0.0019201139056926018
8	51	-0.0019201139056926018
8	12	-0.001920113934592193
8	14	-0.001920113934592193
8	15	-0.001920113934592193
8	29	-0.001920113934592193
8	30	-0.001920113934592193
8	46	-0.001920113934592193
8	49	-0.001920113934592193
8	62	-0.001920113934592193
8	32	-0.0019201139476634765
8	50	-0.0019201139476634765
8	26	-0.001920113963491784
8	44	-0.001920113963491784
8	24	-0.0019201139765630676
8	25	-0.0019201139765630676
8	28	-0.0019201139765630676
8	45	-0.0019201139765630676
8	23	-0.0019201140054626586
8	48	-0.0019201140054626586
8	38	-0.0019201140343622497
8	39	-0.0019201140343622497
8	36	-0.0019201140632618442
8	58	-0.0019201140632618442
8	60	-0.0019201140632618442
8	61	-0.0019201140632618442
8	20	-0.0019201151745176052
8	21	-0.0019201151745176052
8	55	-0.0019201151745176052
8	56	-0.0019201151745176052
8	19	-0.0019201152323167908
8	53	-0.0019201152323167908
8	17	-0.0019201153637434694
8	52	-0.0019201153637434694
8	31	-0.0019201154215426515
8	47	-0.0019201154215426515
8	42	-0.0019201154504422425
8	59	-0.0019201154504422425
8	41	-0.0019201158550365277
8	57	-0.0019201158550365277
8	54	-0.0019201166772963747
8	40	-0.0019201167350955603
8	37	-0.0019201168217943335
8	22	-0.0019201170529910688
18	64	-0.0019446379243538842
35	64	-0.0019446379533293277
33	64	-0.0019446379823047748
32	64	-0.0019446380402556689
50	64	-0.0019446380402556689
48	64	-0.001944638098206563
54	64	-0.0019446389095190558
40	64	-0.00194463896746995
37	64	-0.0019446390543962876
20	64	-0.001944639265440997
21	64	-0.001944639265440997
55	64	-0.001944639265440997
56	64	-0.001944639265440997
22	64	-0.001944639286199857
19	64	-0.0019446393233918911
53	64	-0.0019446393233918911
17	64	-0.0019446394600525357
52	64	-0.0019446394600525357
31	64	-0.0019446395180034264
47	64	-0.0019446395180034264
42	64	-0.0019446395469788734
59	64	-0.0019446395469788734
27	64	-0.0019446395759543204
43	64	-0.0019446395759543204
13	64	-0.001944639844949924
16	64	-0.0019446398657087804
34	64	-0.0019446398657087804
51	64	-0.0019446398657087804
12	64	-0.0019446398946842275
14	64	-0.0019446398946842275
15	64	-0.0019446398946842275
29	64	-0.0019446398946842275
30	64	-0.0019446398946842275
46	64	-0.0019446398946842275
49	64	-0.0019446398946842275
62	64	-0.0019446398946842275
26	64	-0.0019446399236596745
44	64	-0.0019446399236596745
24	64	-0.0019446399318762617
25	64	-0.0019446399318762617
28	64	-0.0019446399318762617
45	64	-0.0019446399318762617
41	64	-0.0019446399526351216
57	64	-0.0019446399526351216
23	64	-0.0019446399608517122
38	64	-0.0019446399898271557
39	64	-0.0019446399898271557
36	64	-0.0019446400188026028
58	64	-0.0019446400188026028
60	64	-0.0019446400188026028
61	64	-0.0019446400188026028
7	66	-0.0019476747240681144
9	66	-0.0019476775713835812
3	66	-0.0019476781597494962
31	66	-0.0019814010670793324
47	66	-0.0019814010670793324
42	66	-0.0019814010960402216
59	66	-0.0019814010960402216
27	66	-0.0019814011250011143
43	66	-0.0019814011250011143
13	66	-0.00198140139479722
32	66	-0.001981401452719002
25	66	-0.001981401481679891
28	66	-0.001981401481679891
45	66	-0.001981401481679891
48	66	-0.0019814015106407873
58	66	-0.0019814015685625692
60	66	-0.0019814015685625692
61	66	-0.0019814015685625692
54	66	-0.0019814023215457555
40	66	-0.0019814023794675374
37	66	-0.001981402466350212
22	66	-0.001981402698037347
16	66	-0.0019814032772551803
34	66	-0.0019814032772551803
51	66	-0.0019814032772551803
12	66	-0.001981403306216073
14	66	-0.001981403306216073
15	66	-0.001981403306216073
29	66	-0.001981403306216073
30	66	-0.001981403306216073
46	66	-0.001981403306216073
49	66	-0.001981403306216073
62	66	-0.001981403306216073
26	66	-0.001981403335176962
44	66	-0.001981403335176962
41	66	-0.0019814033641378584
57	66	-0.0019814033641378584
20	66	-0.0019814045408696815
21	66	-0.0019814045408696815
55	66	-0.0019814045408696815
56	66	-0.0019814045408696815
19	66	-0.0019814045987914634
53	66	-0.0019814045987914634
17	66	-0.0019814047344478454
52	66	-0.0019814047344478454
18	66	-0.001981405062165733
35	66	-0.001981405091126622
33	66	-0.0019814051200875184
50	66	-0.0019814051780093003
24	66	-0.0019814052069701896
23	66	-0.0019814052359310858
38	66	-0.001981405264891975
39	66	-0.001981405264891975
36	66	-0.0019814052938528677
18	65	-0.002013454463627006
35	65	-0.002013454492626153
13	65	-0.0020134545216253033
33	65	-0.0020134545216253033
32	65	-0.0020134545796236004
50	65	-0.0020134545796236004
24	65	-0.002013454608622744
25	65	-0.002013454608622744
28	65	-0.002013454608622744
45	65	-0.002013454608622744
48	65	-0.002013454637621894
58	65	-0.0020134546956201912
60	65	-0.0020134546956201912
61	65	-0.0020134546956201912
54	65	-0.0020134554495980297
40	65	-0.0020134555075963234
37	65	-0.0020134555945937674
20	65	-0.002013455804287495
21	65	-0.002013455804287495
55	65	-0.002013455804287495
56	65	-0.002013455804287495
22	65	-0.002013455826586949
19	65	-0.002013455862285792
53	65	-0.002013455862285792
17	65	-0.0020134560005818335
52	65	-0.0020134560005818335
31	65	-0.0020134560585801306
47	65	-0.0020134560585801306
42	65	-0.0020134560875792774
59	65	-0.0020134560875792774
27	65	-0.0020134561165784277
43	65	-0.0020134561165784277
16	65	-0.0020134564065698995
34	65	-0.0020134564065698995
51	65	-0.0020134564065698995
12	65	-0.00201345643556905
14	65	-0.00201345643556905
15	65	-0.00201345643556905
29	65	-0.00201345643556905
30	65	-0.00201345643556905
46	65	-0.00201345643556905
49	65	-0.00201345643556905
62	65	-0.00201345643556905
26	65	-0.0020134564645681967
44	65	-0.0020134564645681967
41	65	-0.002013456493567347
57	65	-0.002013456493567347
23	65	-0.0020134565002670433
38	65	-0.00201345652926619
39	65	-0.00201345652926619
36	65	-0.0020134565582653405
2	68	-0.0020887727848262656
8	9	-0.002165956480951862
7	8	-0.002165957361010891
3	8	-0.002165958934660126
11	54	-0.002232487915288999
11	40	-0.0022324879737379774
11	37	-0.002232488061411443
11	20	-0.002232488258260723
11	21	-0.002232488258260723
11	55	-0.002232488258260723
11	56	-0.002232488258260723
11	22	-0.0022324882952073563
11	19	-0.0022324883167097014
11	53	-0.0022324883167097014
11	17	-0.0022324884705542877
11	52	-0.0022324884705542877
11	31	-0.0022324885290032695
11	47	-0.0022324885290032695
11	42	-0.002232488558227757
11	59	-0.002232488558227757
11	27	-0.002232488587452248
11	43	-0.002232488587452248
11	18	-0.0022324887843015277
11	35	-0.0022324888135260117
11	13	-0.0022324888427505026
11	33	-0.0022324888427505026
11	16	-0.0022324888796971323
11	34	-0.0022324888796971323
11	51	-0.0022324888796971323
11	32	-0.002232488901199481
11	50	-0.002232488901199481
11	12	-0.002232488908921623
11	14	-0.002232488908921623
11	15	-0.002232488908921623
11	29	-0.002232488908921623
11	30	-0.002232488908921623
11	46	-0.002232488908921623
11	49	-0.002232488908921623
11	62	-0.002232488908921623
11	24	-0.0022324889304239683
11	25	-0.0022324889304239683
11	28	-0.0022324889304239683
11	45	-0.0022324889304239683
11	26	-0.0022324889381461106
11	44	-0.0022324889381461106
11	23	-0.002232488959648459
11	48	-0.002232488959648459
11	41	-0.0022324889673706015
11	57	-0.0022324889673706015
11	38	-0.0022324889888729466
11	39	-0.0022324889888729466
11	36	-0.0022324890180974374
11	58	-0.0022324890180974374
11	60	-0.0022324890180974374
11	61	-0.0022324890180974374
66	68	-0.002266657302648231
2	20	-0.0022760252068984577
2	21	-0.0022760252068984577
2	55	-0.0022760252068984577
2	56	-0.0022760252068984577
2	19	-0.002276025265389184
2	53	-0.002276025265389184
2	18	-0.002276025733314972
2	35	-0.0022760257625603283
2	13	-0.002276025791805695
2	33	-0.002276025791805695
2	32	-0.0022760258502964176
2	50	-0.0022760258502964176
2	24	-0.002276025879541777
2	25	-0.002276025879541777
2	28	-0.002276025879541777
2	45	-0.002276025879541777
2	23	-0.0022760259087871403
2	48	-0.0022760259087871403
2	38	-0.0022760259380325033
2	39	-0.0022760259380325033
2	36	-0.0022760259672778664
2	58	-0.0022760259672778664
2	60	-0.0022760259672778664
2	61	-0.0022760259672778664
2	54	-0.002276026727657268
2	40	-0.0022760267861479944
2	37	-0.002276026873884073
2	22	-0.002276027107846971
2	17	-0.002276027283319139
2	52	-0.002276027283319139
2	31	-0.002276027341809865
2	47	-0.002276027341809865
2	42	-0.0022760273710552247
2	59	-0.0022760273710552247
2	27	-0.0022760274003005877
2	43	-0.0022760274003005877
2	16	-0.002276027692754201
2	34	-0.002276027692754201
2	51	-0.002276027692754201
2	12	-0.002276027721999564
2	14	-0.002276027721999564
2	15	-0.002276027721999564
2	29	-0.002276027721999564
2	30	-0.002276027721999564
2	46	-0.002276027721999564
2	49	-0.002276027721999564
2	62	-0.002276027721999564
2	26	-0.0022760277512449273
2	44	-0.0022760277512449273
2	41	-0.0022760277804902904
2	57	-0.0022760277804902904
1	19	-0.0024348056003435613
1	53	-0.0024348056003435613
5	20	-0.002434805972714279
5	21	-0.002434805972714279
5	55	-0.002434805972714279
5	56	-0.002434805972714279
6	20	-0.002434806026617147
6	21	-0.002434806026617147
6	55	-0.002434806026617147
6	56	-0.002434806026617147
5	19	-0.002434806031566504
5	53	-0.002434806031566504
6	19	-0.0024348060854693723
6	53	-0.0024348060854693723
1	36	-0.0024348063065702356
4	54	-0.002434806475721446
4	37	-0.0024348066228520072
10	20	-0.0024348066734515596
10	21	-0.0024348066734515596
10	55	-0.0024348066734515596
10	56	-0.0024348066734515596
5	23	-0.0024348066789409636
6	24	-0.002434806703417721
5	38	-0.0024348067083670745
5	39	-0.0024348067083670745
10	19	-0.0024348067323037882
10	53	-0.0024348067323037882
6	23	-0.002434806732843832
5	36	-0.002434806737793189
6	41	-0.0024348067534698432
6	57	-0.0024348067534698432
6	38	-0.0024348067622699428
6	39	-0.0024348067622699428
6	36	-0.002434806791696057
4	20	-0.0024348068082087303
4	21	-0.0024348068082087303
4	55	-0.0024348068082087303
4	56	-0.0024348068082087303
4	22	-0.0024348068582609114
4	19	-0.0024348068670609554
4	53	-0.0024348068670609554
10	42	-0.0024348069883387453
10	59	-0.0024348069883387453
10	27	-0.0024348070177648597
10	43	-0.0024348070177648597
10	24	-0.002434807350252151
10	25	-0.002434807350252151
10	28	-0.002434807350252151
10	26	-0.0024348073708782107
10	44	-0.0024348073708782107
10	23	-0.002434807379678265
10	41	-0.002434807400304325
10	57	-0.002434807400304325
10	38	-0.002434807409104376
10	39	-0.002434807409104376
10	36	-0.0024348074385304903
10	58	-0.0024348074385304903
10	60	-0.0024348074385304903
10	61	-0.0024348074385304903
5	54	-0.0024348075028720953
4	38	-0.00243480754386155
4	39	-0.00243480754386155
6	54	-0.002434807556774967
5	40	-0.0024348075617243205
4	36	-0.0024348075732876645
6	40	-0.0024348076156271922
1	17	-0.002434807630745245
1	52	-0.002434807630745245
5	37	-0.002434807650002653
1	31	-0.0024348076895974666
1	47	-0.0024348076895974666
6	37	-0.0024348077039055213
1	42	-0.0024348077190235774
1	59	-0.0024348077190235774
1	27	-0.0024348077484496917
1	43	-0.0024348077484496917
5	22	-0.0024348078854115503
6	22	-0.002434807939314422
1	16	-0.0024348080427108038
1	34	-0.0024348080427108038
1	51	-0.0024348080427108038
5	17	-0.002434808061968219
5	52	-0.002434808061968219
1	12	-0.0024348080721369146
1	14	-0.0024348080721369146
1	15	-0.0024348080721369146
1	29	-0.0024348080721369146
1	30	-0.0024348080721369146
1	46	-0.0024348080721369146
1	49	-0.0024348080721369146
1	62	-0.0024348080721369146
1	26	-0.0024348081015630255
1	44	-0.0024348081015630255
6	17	-0.0024348081158710906
6	52	-0.0024348081158710906
5	31	-0.002434808120820444
5	47	-0.002434808120820444
1	41	-0.00243480813098914
1	57	-0.00243480813098914
5	42	-0.002434808150246555
5	59	-0.002434808150246555
6	31	-0.002434808174723316
6	47	-0.002434808174723316
5	27	-0.0024348081796726657
5	43	-0.0024348081796726657
10	54	-0.0024348082036094176
6	42	-0.0024348082041494266
6	59	-0.0024348082041494266
6	27	-0.002434808233575541
6	43	-0.002434808233575541
10	40	-0.0024348082624616463
10	37	-0.002434808350739979
4	40	-0.0024348083972188204
5	16	-0.0024348084739337847
5	34	-0.0024348084739337847
5	51	-0.0024348084739337847
5	12	-0.0024348085033598955
5	14	-0.0024348085033598955
5	15	-0.0024348085033598955
5	29	-0.0024348085033598955
5	30	-0.0024348085033598955
5	46	-0.0024348085033598955
5	49	-0.0024348085033598955
5	62	-0.0024348085033598955
6	16	-0.0024348085278366564
6	34	-0.0024348085278366564
6	51	-0.0024348085278366564
5	26	-0.0024348085327860064
5	44	-0.0024348085327860064
6	12	-0.0024348085572627708
6	14	-0.0024348085572627708
6	15	-0.0024348085572627708
6	29	-0.0024348085572627708
6	30	-0.0024348085572627708
6	46	-0.0024348085572627708
6	49	-0.0024348085572627708
6	62	-0.0024348085572627708
5	41	-0.0024348085622121207
5	57	-0.0024348085622121207
10	22	-0.002434808586148883
6	26	-0.0024348085866888816
6	44	-0.0024348085866888816
10	17	-0.0024348087627055585
10	52	-0.0024348087627055585
10	31	-0.0024348088215577837
10	47	-0.0024348088215577837
4	17	-0.002434808897462736
4	52	-0.002434808897462736
1	54	-0.002434808934294281
4	31	-0.0024348089563149614
4	47	-0.0024348089563149614
4	42	-0.002434808985741072
4	59	-0.002434808985741072
1	40	-0.0024348089931465026
4	27	-0.00243480901516719
4	43	-0.00243480901516719
1	37	-0.002434809081424835
10	16	-0.0024348091746711313
10	34	-0.0024348091746711313
10	51	-0.0024348091746711313
4	18	-0.0024348092005239096
10	12	-0.0024348092040972456
10	14	-0.0024348092040972456
10	15	-0.0024348092040972456
10	29	-0.0024348092040972456
10	30	-0.0024348092040972456
10	46	-0.0024348092040972456
10	49	-0.0024348092040972456
10	62	-0.0024348092040972456
4	35	-0.0024348092299500204
4	13	-0.0024348092593761347
4	33	-0.0024348092593761347
1	20	-0.002434809266781638
1	21	-0.002434809266781638
1	55	-0.002434809266781638
1	56	-0.002434809266781638
4	16	-0.0024348093094283124
4	34	-0.0024348093094283124
4	51	-0.0024348093094283124
1	22	-0.0024348093168337255
4	32	-0.00243480931822836
4	50	-0.00243480931822836
4	12	-0.0024348093388544267
4	14	-0.0024348093388544267
4	15	-0.0024348093388544267
4	29	-0.0024348093388544267
4	30	-0.0024348093388544267
4	46	-0.0024348093388544267
4	49	-0.0024348093388544267
4	62	-0.0024348093388544267
4	24	-0.0024348093476544708
4	25	-0.0024348093476544708
4	28	-0.0024348093476544708
4	45	-0.0024348093476544708
4	26	-0.002434809368280541
4	44	-0.002434809368280541
4	23	-0.002434809377080585
4	48	-0.002434809377080585
4	41	-0.0024348093977066554
4	57	-0.0024348093977066554
4	58	-0.0024348094359328137
4	60	-0.0024348094359328137
4	61	-0.0024348094359328137
1	18	-0.002434809796451644
1	35	-0.002434809825877751
1	13	-0.0024348098553038655
1	33	-0.0024348098553038655
1	32	-0.0024348099141560872
1	50	-0.0024348099141560872
1	24	-0.002434809943582198
1	25	-0.002434809943582198
1	28	-0.002434809943582198
1	45	-0.002434809943582198
1	23	-0.0024348099730083124
1	48	-0.0024348099730083124
1	38	-0.0024348100024344198
1	39	-0.0024348100024344198
1	58	-0.002434810031860534
1	60	-0.002434810031860534
1	61	-0.002434810031860534
5	18	-0.0024348102276745935
5	35	-0.002434810257100701
6	18	-0.002434810281577462
5	13	-0.0024348102865268152
5	33	-0.0024348102865268152
6	35	-0.002434810311003569
6	13	-0.0024348103404296835
6	33	-0.0024348103404296835
5	32	-0.002434810345379037
5	50	-0.002434810345379037
5	24	-0.0024348103748051478
5	25	-0.0024348103748051478
5	28	-0.0024348103748051478
5	45	-0.0024348103748051478
6	32	-0.0024348103992819087
6	50	-0.0024348103992819087
5	48	-0.002434810404231262
6	25	-0.0024348104287080195
6	28	-0.0024348104287080195
6	45	-0.0024348104287080195
6	48	-0.0024348104581341304
5	58	-0.0024348104630834873
5	60	-0.0024348104630834873
5	61	-0.0024348104630834873
6	58	-0.0024348105169863556
6	60	-0.0024348105169863556
6	61	-0.0024348105169863556
10	18	-0.002434810928411888
10	35	-0.002434810957837999
10	13	-0.0024348109872641133
10	33	-0.0024348109872641133
10	32	-0.0024348110461163384
10	50	-0.0024348110461163384
10	45	-0.0024348110755424493
10	48	-0.0024348111049685636
64	67	-0.0029567939747071267
11	68	-0.003027539382428515
4	69	-0.0031835981810475755
1	69	-0.003183600611801427
5	69	-0.0031836010524946834
6	69	-0.003183601107581341
10	69	-0.003183601768621234
4	68	-0.0035272238913035964
1	68	-0.0035272263390522703
5	68	-0.003527226773960057
6	68	-0.003527226828323529
10	68	-0.0035272274806852147
11	69	-0.003681568583526442
2	69	-0.003719167307939978
65	69	-0.003958622096873608
66	69	-0.004058564490487242
8	69	-0.0041629237755370745
64	68	-0.005696004809239961