#==========================================================================
# The first and second rows contain site pairs (i, j) such that j > i
# The third row contains coevolutionary scores obtained 
# using plmDCA-pydca algorithm.
# Note that in this data sites are counted/labelled starting from 1
#==========================================================================
24	44	0.13313061593083314
26	42	0.11971404421057899
25	46	0.10576466029309665
28	40	0.10511161226526196
27	41	0.10353095076779252
5	37	0.09661970233162635
50	57	0.09280123775832137
6	40	0.08643392723331197
7	46	0.07809654007271494
17	46	0.07588190984718915
6	28	0.07556268667981178
2	44	0.07437580910644867
2	24	0.07437580626762472
37	49	0.07325155014071866
3	57	0.06925627746170547
7	47	0.064940897859852
17	36	0.06488065287604076
5	9	0.06458858007216217
25	43	0.0633829039940241
7	25	0.06009549462954997
49	57	0.05370541637227724
5	49	0.053437161587710946
7	40	0.0533081300996668
2	9	0.05240579873360854
9	17	0.05206767662303964
3	4	0.05165776282539556
6	36	0.051095353869789056
5	57	0.05030306994068663
47	48	0.05000410360620931
9	36	0.048217363542628816
27	37	0.0460415083206134
43	46	0.0458694165646268
41	49	0.0457640569397573
2	5	0.04373207441772718
28	49	0.04327385921164453
26	32	0.04300915596589902
5	50	0.04263111182596448
1	57	0.04053966806061532
28	50	0.038418364753565144
3	50	0.0383244157226468
32	42	0.0382052280180055
3	49	0.03802933838796503
7	28	0.03794895366461909
9	26	0.037804268635986696
17	57	0.03766739168468301
8	49	0.0373494383268411
2	26	0.036721878006667326
17	25	0.03671600716865641
30	32	0.03664492062332946
6	50	0.03645044568711561
7	41	0.0363867489541501
27	49	0.03533004711261185
1	8	0.034998567373353384
2	57	0.034589738777902904
3	5	0.034138738080374625
9	28	0.03395551152667603
7	30	0.033574689224212306
37	41	0.03357112300124943
23	31	0.033374089473761116
49	50	0.03291023638062835
41	47	0.031699233002765656
26	30	0.031097507795685563
5	36	0.031062804625791612
7	27	0.031001915259685056
9	40	0.03089945570684896
36	48	0.02999542441690914
2	42	0.02975779262161657
9	23	0.02877330308426048
42	57	0.02810834906004607
46	57	0.027783486587225986
7	17	0.02777596429523431
43	50	0.027660822559777726
1	27	0.027623342209446455
1	48	0.027447400931450594
17	23	0.027374595312584155
9	42	0.026717809037198073
44	50	0.026625728756486784
24	50	0.02662572601257828
46	47	0.026426658498740027
4	30	0.02637798989451741
3	36	0.02589126984576518
6	48	0.025735996106094713
27	47	0.025523865177818815
6	7	0.025071323636448054
34	39	0.025012770051617512
34	35	0.025012769799272944
34	45	0.025012768442920844
35	39	0.02501276403624663
19	45	0.02501276390218863
21	45	0.02501276390218863
19	34	0.02501276382333096
21	34	0.02501276382333096
29	45	0.025012763326527562
29	34	0.025012763247669892
39	45	0.025012762679894593
35	45	0.025012762427550017
19	38	0.025012760536435544
21	38	0.025012760536435544
29	38	0.025012759960774546
19	21	0.02501275928259853
35	38	0.02501275906179709
19	29	0.02501275870693751
21	29	0.02501275870693751
19	39	0.025012758060304584
21	39	0.025012758060304584
19	35	0.02501275780796003
21	35	0.02501275780796003
38	45	0.02501275770544513
22	38	0.025012757691142966
18	38	0.025012757628056832
20	38	0.025012757628056832
29	39	0.025012757484643544
29	35	0.025012757232298982
22	45	0.025012753606315913
18	45	0.025012753543229772
20	45	0.025012753543229772
18	22	0.025012753528927005
20	22	0.025012753528927005
22	34	0.025012753527458256
18	20	0.02501275346584088
18	34	0.025012753464372116
20	34	0.025012753464372116
38	39	0.025012751863561035
34	38	0.02501275017600687
19	22	0.0250127489867255
21	22	0.0250127489867255
19	20	0.025012748923639368
18	19	0.02501274892363936
18	21	0.02501274892363936
20	21	0.02501274892363936
22	29	0.025012748411064545
18	29	0.025012748347978404
20	29	0.025012748347978404
22	39	0.025012747764431686
18	39	0.025012747701345546
20	39	0.025012747701345546
22	35	0.02501274751208716
18	35	0.025012747449001026
20	35	0.025012747449001026
32	50	0.024832329040076366
40	50	0.024813130241088326
30	40	0.02443044603698344
28	30	0.024290444317161167
5	8	0.024101604358820458
1	49	0.023730360119117062
1	41	0.02369995807387991
33	35	0.023614926874313727
33	45	0.02361492554545324
33	34	0.023614925468193916
33	38	0.023614922096905952
19	33	0.02361492086848261
21	33	0.02361492086848261
29	33	0.023614920304489494
33	39	0.023614919670962985
22	33	0.023614917929846893
18	33	0.02361491786803943
20	33	0.02361491786803943
3	17	0.023222004268840288
25	47	0.023021349979671993
36	57	0.022920237817046947
26	57	0.02230570001847159
31	50	0.021339321670037124
8	50	0.02125271667254309
17	31	0.02116066701718687
6	37	0.021113890079878572
17	26	0.020826748317842987
3	47	0.02062540552927957
7	48	0.02052555193659443
28	57	0.020435963165799362
27	48	0.02035816444659949
30	42	0.020199822201093877
4	49	0.019604994492147844
4	57	0.019382899073162888
3	9	0.01924805576740042
31	47	0.019191835970923818
31	36	0.018957019490145728
48	57	0.018515726515651615
40	49	0.018487535819282253
7	43	0.01845038431790924
8	28	0.018392626946352596
33	43	0.018306324224554943
4	47	0.01785456189748568
9	50	0.017301841543532002
2	31	0.017095740185926002
30	31	0.016919022284519317
28	42	0.016873523100001092
25	57	0.016861035721061762
3	46	0.01681918457922027
2	32	0.016227227498118217
32	57	0.015663504596066566
23	30	0.015654810153964097
2	3	0.015615799900688308
36	46	0.015286206915437167
24	26	0.014985180239696194
26	44	0.014985175620480025
4	9	0.014961474063625732
32	47	0.014927057693150544
32	48	0.014916943469039545
23	45	0.01412036633724039
23	34	0.014120366252668805
23	29	0.014120365030697649
23	39	0.014120364337210582
23	35	0.014120364066581494
22	23	0.014120363136470679
18	23	0.01412036306881341
20	23	0.01412036306881341
19	23	0.014120361922779975
21	23	0.014120361922779975
23	38	0.014120355816887697
31	44	0.014062395313372833
24	31	0.01406239260197388
5	31	0.014041973710653577
52	56	0.013826632944688676
53	56	0.013826632922502288
10	56	0.013826632878129502
52	53	0.013826632878129502
54	56	0.013826632878129502
13	56	0.01382663285594311
55	56	0.01382663285594311
10	52	0.013826632833756718
52	54	0.013826632833756718
51	56	0.013826632833756715
10	53	0.013826632811570327
12	56	0.013826632811570327
13	52	0.013826632811570327
52	55	0.013826632811570327
53	54	0.013826632811570327
13	53	0.013826632789383935
53	55	0.013826632789383935
51	52	0.013826632789383932
10	54	0.013826632767197543
12	52	0.01382663276719754
51	53	0.01382663276719754
10	13	0.013826632745011152
10	55	0.013826632745011152
12	53	0.013826632745011152
13	54	0.013826632745011152
54	55	0.013826632745011152
10	51	0.013826632722824757
13	55	0.013826632722824757
51	54	0.013826632722824757
10	12	0.013826632700638365
12	54	0.013826632700638365
51	55	0.013826632700638365
13	51	0.013826632700638362
12	13	0.013826632678451974
12	55	0.013826632678451974
12	51	0.013826632656265578
11	56	0.013826632168164953
11	52	0.013826632123792166
16	56	0.013826632123792166
11	53	0.013826632101605774
16	52	0.013826632079419383
16	53	0.013826632057232991
10	11	0.013826632057232988
11	54	0.013826632057232988
14	56	0.0138266320350466
15	56	0.0138266320350466
11	13	0.013826632035046593
11	55	0.013826632035046593
10	16	0.013826632012860204
16	54	0.013826632012860204
11	51	0.013826632012860201
14	52	0.013826631990673813
15	52	0.013826631990673813
11	12	0.01382663199067381
13	16	0.01382663199067381
16	55	0.01382663199067381
14	53	0.013826631968487421
15	53	0.013826631968487421
16	51	0.013826631968487414
12	16	0.013826631946301023
10	14	0.013826631924114634
10	15	0.013826631924114634
14	54	0.013826631924114634
15	54	0.013826631924114634
14	55	0.013826631901928243
15	55	0.013826631901928243
13	14	0.01382663190192824
13	15	0.01382663190192824
14	51	0.013826631879741848
15	51	0.013826631879741848
12	14	0.013826631857555453
12	15	0.013826631857555453
11	16	0.01382663130289562
11	14	0.013826631214150047
11	15	0.013826631214150047
14	16	0.013826631169777264
15	16	0.013826631169777264
14	15	0.01382663108103169
30	36	0.013707763372626434
27	50	0.01369395575040877
2	36	0.01368685090716907
3	24	0.013514717431155718
3	44	0.013514713016457416
9	49	0.013446097075152888
31	57	0.013378616028540222
7	32	0.013166156747374341
40	46	0.012902115709666123
37	50	0.012822577673012564
5	41	0.012814766752284587
9	31	0.012796493363786576
28	48	0.012634338036850726
23	36	0.01234440983166886
17	42	0.012341427435091513
31	42	0.012042256611013859
23	33	0.01196629451134567
2	50	0.011962321685553848
41	48	0.011906659152694822
1	38	0.0114740445016491
1	22	0.01147404431504822
1	18	0.0114740442484376
1	20	0.0114740442484376
1	19	0.01147404317776294
1	21	0.01147404317776294
1	29	0.011474042569940994
1	39	0.011474041887182089
1	35	0.011474041620739596
1	45	0.011474040188611166
1	34	0.011474040105347888
8	9	0.011038555018320802
30	48	0.010959300340689718
31	37	0.010920785968280153
8	40	0.010801858073445879
4	50	0.010034080576777911
8	39	0.009954959871792575
8	35	0.009954959582086267
8	45	0.00995495429962457
8	34	0.009954954209091357
8	19	0.009954953824476899
8	21	0.009954953824476899
8	29	0.009954953163584392
8	22	0.009954951661036382
8	18	0.00995495158860981
8	20	0.00995495158860981
8	38	0.009954951538664804
24	48	0.009913980297077796
44	48	0.009913975728512464
37	46	0.009890494750445233
26	31	0.009793872823254592
32	36	0.009771720495954338
2	43	0.009749822094424022
25	33	0.00963278543908181
8	37	0.009541768436761973
46	49	0.009533343687083196
2	17	0.009453265739248241
39	43	0.00938191611569443
35	43	0.009381915819930524
43	45	0.009381914230199517
34	43	0.009381914137773305
19	43	0.009381913823010561
21	43	0.009381913823010561
29	43	0.009381913148299142
22	43	0.009381911770121272
18	43	0.009381911696180294
20	43	0.009381911696180294
38	43	0.009381911567297174
9	37	0.00916174464870513
5	27	0.008665973310700625
25	26	0.008569825895576186
43	57	0.008550549780756811
8	57	0.008424622396671272
1	33	0.008272625892693002
8	33	0.008199119087609029
36	40	0.008132503410106406
7	31	0.007750799836107311
17	28	0.007622614288293278
3	30	0.007551431699204414
33	48	0.007462236833173
28	37	0.00740264937186394
1	47	0.00735142970886387
42	44	0.00710671611867978
24	42	0.007106705843855053
40	47	0.007009270908961543
5	32	0.006899663293770675
2	25	0.0068755633242903805
27	57	0.006670382171619103
6	24	0.006468980174906505
6	44	0.006468975821209935
19	27	0.005858759457868665
21	27	0.005858759457868665
27	29	0.005858758781652602
27	39	0.005858758022067444
27	35	0.005858757725643968
27	38	0.005858757205432517
27	45	0.005858756132367769
27	34	0.005858756039735437
22	27	0.005858753691726233
18	27	0.005858753617620366
20	27	0.005858753617620366
4	42	0.005748682297418636
28	36	0.005678561476415017
26	28	0.005648621300899201
40	43	0.005629947581215919
6	8	0.005552005657869771
9	43	0.005529579578894564
37	40	0.005317185677475397
19	41	0.005316553990507386
21	41	0.005316553990507386
29	41	0.005316553310088297
22	41	0.005316551983279474
18	41	0.00531655190871301
20	41	0.00531655190871301
41	45	0.005316550644336809
39	41	0.00531654882049163
35	41	0.005316548522225732
38	41	0.0053165480219354785
34	41	0.005316546825838417
5	47	0.0053023867724397225
4	26	0.0051155881340406925
3	7	0.005059274151568677
5	26	0.005028550221000912
5	42	0.004922135772578162
42	52	0.004339462364628323
42	53	0.004339462327467222
11	42	0.004339461063989573
16	42	0.004339460989667365
14	42	0.004339460841022935
15	42	0.004339460841022935
42	56	0.0043394587136602394
42	54	0.004339458527854709
10	42	0.004339458527854702
42	55	0.004339458490693601
13	42	0.004339458490693594
42	51	0.004339458453532487
12	42	0.004339458416371379
11	50	0.004318143151724373
16	50	0.004318143079516251
14	50	0.004318142935100015
15	50	0.004318142935100015
50	56	0.0043181407622842685
50	52	0.004318140690076147
50	53	0.004318140653972097
10	50	0.004318140581763975
50	54	0.004318140581763975
13	50	0.004318140545659911
50	55	0.004318140545659911
50	51	0.004318140509555854
12	50	0.004318140473451797
24	27	0.004273290789758855
27	44	0.0042732861552012905
14	26	0.004269701796566577
15	26	0.004269701796566577
26	56	0.004269695947942173
26	52	0.004269695873432587
26	53	0.004269695836177798
10	26	0.004269695761668205
26	54	0.004269695761668205
13	26	0.004269695724413408
26	55	0.004269695724413408
26	51	0.004269695687158612
12	26	0.004269695649903815
11	26	0.004269694569514752
16	26	0.004269694495005166
41	50	0.004167024616527286
4	7	0.004035458905615227
25	29	0.003883745217080098
25	39	0.0038837444376720667
25	35	0.0038837404082225357
25	38	0.003883739971653928
25	45	0.00388373877336666
25	34	0.0038837386783169073
22	25	0.0038837365606881336
18	25	0.003883736484648327
20	25	0.003883736484648327
19	25	0.0038837310097821556
21	25	0.0038837310097821556
6	57	0.003795301664796802
2	10	0.003711027404274661
2	54	0.003711027404274661
2	13	0.003711027366921714
2	55	0.003711027366921714
2	12	0.0037110272922158197
2	56	0.0037110238657490913
2	51	0.0037110236042784683
2	11	0.0037110224836900615
2	16	0.0037110224089841673
2	14	0.0037110222595723857
2	15	0.0037110222595723857
2	52	0.0037110200657529055
2	53	0.0037110200283999584
31	52	0.0035517506198966056
31	53	0.0035517505842203104
10	31	0.003551750512867706
31	54	0.003551750512867706
13	31	0.003551750477191404
31	55	0.003551750477191397
12	31	0.0035517504058387994
31	56	0.0035517469659589115
31	51	0.003551746716224796
11	31	0.0035517456459357374
16	31	0.003551745574583133
14	31	0.0035517454318779243
15	31	0.0035517454318779243
27	33	0.003516800541021721
42	48	0.0034626400724598813
33	46	0.0034177955677861735
40	48	0.003354391917833946
8	47	0.003339111997126977
4	5	0.003312825764089797
25	42	0.0032784185499765
41	57	0.003209411237917542
1	50	0.0028942620226597993
33	41	0.002807332695224464
3	42	0.0026428646956480895
30	43	0.002605093131243026
42	49	0.0025454061101521444
11	57	0.002527334457953792
16	57	0.0025273343791794647
14	57	0.002527334221630817
15	57	0.002527334221630817
56	57	0.002527328464698206
52	57	0.0025273283859238785
53	57	0.0025273283465367183
54	57	0.002527328267762398
13	57	0.0025273282283752307
55	57	0.0025273282283752307
51	57	0.0025273281889880705
12	57	0.0025273281496009103
10	57	0.0025273245424720994
42	50	0.0024994448740654138
2	37	0.002489545682271853
45	48	0.0022994779979324392
34	48	0.0022994779031293086
19	48	0.0022994776760746627
21	48	0.0022994776760746627
29	48	0.0022994769840117765
39	48	0.002299476206626079
35	48	0.0022994759032560486
22	48	0.0022994757619970857
18	48	0.0022994756861545868
20	48	0.0022994756861545868
38	48	0.0022994754581541904
43	44	0.0021177330525039492
24	43	0.0021177302427468347
4	48	0.002037616136736857
30	46	0.0020070349696080098
9	44	0.0019350582125990806
9	24	0.0019350550422800733
25	40	0.001902054163624281
36	44	0.0017386295486389453
24	36	0.0017386266637106351
5	11	0.0016922779326606838
5	16	0.001692277852419162
5	14	0.0016922776919361115
5	15	0.0016922776919361115
5	51	0.0016922754109932603
5	56	0.001692271966548295
5	52	0.0016922718863067732
5	53	0.0016922718461860123
5	10	0.0016922717659444905
5	54	0.0016922717659444905
5	13	0.0016922717258237227
5	55	0.0016922717258237227
5	12	0.001692271645582201
30	33	0.001687161960186423
23	50	0.00154139159851268
4	24	0.0013770210699129357
4	44	0.0013770201105152771
32	56	0.0012466792245994299
32	52	0.0012466791525121215
32	53	0.0012466791164684743
10	32	0.001246679044381166
13	32	0.0012466790083375118
32	51	0.0012466789722938576
12	32	0.0012466789362502104
14	32	0.0012466776747223698
15	32	0.0012466776747223698
32	54	0.0012466753190908744
32	55	0.0012466752830472203
11	32	0.0012466741656939895
16	32	0.0012466740936066811
23	43	0.0008450999432257633
6	30	0.0008128492238020646
32	41	0.0008120737721217242
17	50	0.0007121768773622125
2	6	0.0006727432963383392
24	49	0.00047802628185489304
44	49	0.00047802192482183925
30	45	0.0004398256437717282
30	34	0.00043982554917407907
30	38	0.0004398230933500419
30	39	0.0004398201229834503
30	35	0.0004398198202709286
22	30	0.00043981966317009624
18	30	0.0004398195874919658
20	30	0.0004398195874919658
19	30	0.00043981786395692196
21	30	0.00043981786395692196
29	30	0.0004398171733939818
18	32	0.00032498185285048664
20	32	0.00032498185285048664
32	45	0.00032498087822731975
32	34	0.0003249807881181982
22	32	0.0003249781996474896
32	38	0.00032497809529972305
19	32	0.0003249766625645356
21	32	0.0003249766625645356
29	32	0.0003249760047678782
32	39	0.00032497526587300235
32	35	0.00032497497752378285
28	47	0.0002618557625248541
1	46	0.00024689174298459654
26	50	0.00018552615658874033
4	56	0.00014615563417350735
4	52	0.0001461555613868626
4	53	0.00014615552499353673
4	10	0.00014615545220689197
4	54	0.00014615545220689197
4	13	0.00014615541581356611
4	55	0.00014615541581356611
4	51	0.00014615537942024026
4	12	0.0001461553430269144
4	11	0.0001461542876205063
4	16	0.00014615421483386154
4	14	0.00014615406926056507
4	15	0.00014615406926056507
32	46	2.8833994748372893e-05
30	47	-2.605028363598938e-05
43	47	-0.00014060851523194084
4	22	-0.00037377604784253476
4	18	-0.00037377612062917953
4	20	-0.00037377612062917953
4	38	-0.0003737761893429434
4	45	-0.0003737771769881451
4	34	-0.00037377726797144933
4	19	-0.0003737813612678803
4	21	-0.0003737813612678803
4	29	-0.0003737820254460511
4	39	-0.00037378277150919986
4	35	-0.0003737830626557928
3	37	-0.0004234035348353177
3	41	-0.0004325343455388736
32	33	-0.0005068144831112328
6	9	-0.000547960668999023
6	49	-0.0005811570905079333
2	4	-0.0006704196087103098
3	26	-0.0007986729443483984
8	48	-0.0008324294328398915
36	41	-0.0010234281365881295
45	46	-0.0010259521980544098
22	46	-0.0010259537396251073
18	46	-0.001025953821358297
20	46	-0.001025953821358297
38	46	-0.001025954356410716
19	46	-0.0010259559808579316
21	46	-0.0010259559808579316
29	46	-0.0010259567266733272
39	46	-0.0010259575644385663
35	46	-0.0010259578913713388
34	46	-0.0010259597508014903
27	32	-0.001271648234385865
37	57	-0.0013398158410781041
28	46	-0.0013534854110508754
26	48	-0.0014673918192207383
1	2	-0.0015356750680007927
19	37	-0.001592160489056152
21	37	-0.001592160489056152
29	37	-0.001592161217761033
37	39	-0.001592162036306237
35	37	-0.0015921623557385092
37	45	-0.0015921640726869954
34	37	-0.0015921641725095761
22	37	-0.0015921658352880327
18	37	-0.0015921659151460973
20	37	-0.0015921659151460973
37	38	-0.0015921663524576316
4	33	-0.0015927008298290135
24	29	-0.0016869530427658375
22	24	-0.001686953846395195
24	39	-0.0016869538723701047
18	24	-0.0016869539273321951
20	24	-0.0016869539273321951
24	35	-0.0016869541961181053
29	44	-0.0016869543707828116
24	38	-0.0016869544208830967
35	44	-0.001686955524135031
38	44	-0.0016869557489001819
24	45	-0.00168695593626364
19	24	-0.0016869560295059982
21	24	-0.0016869560295059982
24	34	-0.001686956037434885
44	45	-0.0016869572642804823
19	44	-0.001686957357523007
21	44	-0.001686957357523007
34	44	-0.0016869573654517273
18	44	-0.001686958980639773
22	44	-0.0016869626249930783
39	44	-0.0016869626509676341
20	44	-0.0016869627059300715
23	28	-0.0017558285125217274
36	56	-0.0022694322621164623
36	52	-0.002269432338035629
36	53	-0.002269432375995209
10	36	-0.0022694324519143758
36	54	-0.0022694324519143758
13	36	-0.0022694324898739626
36	55	-0.0022694324898739626
36	51	-0.0022694325278335495
12	36	-0.0022694325657931294
11	36	-0.0022694336666210443
16	36	-0.002269433742540204
14	36	-0.0022694338943785378
15	36	-0.0022694338943785378
3	6	-0.002276717716322346
33	37	-0.002398903240329632
24	41	-0.002421181852746694
41	44	-0.0024211864698012384
23	40	-0.0024566461101850623
4	17	-0.002643598172067295
6	47	-0.0026891495475398347
23	32	-0.0028814457122154705
31	32	-0.003007090126160912
3	51	-0.0031781208793561708
3	12	-0.0031781209193019883
3	56	-0.003178124325025733
3	52	-0.003178124404917368
3	53	-0.0031781244448631854
3	10	-0.0031781245247548204
3	54	-0.0031781245247548204
3	13	-0.003178124564700645
3	55	-0.003178124564700645
3	11	-0.0031781258030210632
3	16	-0.003178125882912698
3	14	-0.003178126042695982
3	15	-0.003178126042695982
39	40	-0.003393321826210577
35	40	-0.003393322156203249
38	40	-0.0033933223134477095
34	40	-0.0033933240330366182
29	40	-0.0033933247058946306
22	40	-0.0033933253813130393
18	40	-0.0033933254638112004
20	40	-0.0033933254638112004
40	45	-0.003393327655204205
19	40	-0.003393327678389131
21	40	-0.003393327678389131
4	28	-0.0034680795573564724
6	22	-0.0034836520051867437
6	18	-0.003483652086683685
6	20	-0.003483652086683685
6	19	-0.003483654229173662
6	21	-0.003483654229173662
6	29	-0.0034836549728333166
6	39	-0.0034836558081770344
6	35	-0.0034836561341648267
6	38	-0.0034836563347121208
6	45	-0.0034836578863492174
6	34	-0.0034836579882203955
24	33	-0.003573161879309422
33	44	-0.0035731669812063827
8	23	-0.0035938408800418042
7	33	-0.003788770076098791
4	46	-0.003817846801575396
1	11	-0.0038315409674969172
1	16	-0.0038315410341075405
1	14	-0.003831541167328787
1	15	-0.003831541167328787
1	56	-0.0038315434604906592
1	52	-0.003831543527101286
1	53	-0.003831543560406596
1	10	-0.003831543627017219
1	54	-0.003831543627017219
1	13	-0.0038315436603225325
1	55	-0.0038315436603225325
1	51	-0.003831543693627846
1	12	-0.003831543726933156
47	57	-0.0038675713344343762
33	56	-0.0039189197262230295
33	52	-0.003918919788030495
33	53	-0.003918919818934222
33	54	-0.003918919880741688
13	33	-0.003918919911645422
33	55	-0.003918919911645422
33	51	-0.003918919942549157
12	33	-0.003918919973452884
11	33	-0.003918920869661117
16	33	-0.003918920931468582
14	33	-0.0039189210550835095
15	33	-0.0039189210550835095
10	33	-0.003918921743386837
23	37	-0.0040377635835858044
30	52	-0.004109656837341373
30	53	-0.004109656875180431
10	30	-0.004109656950858562
30	54	-0.004109656950858562
30	55	-0.004109656988697627
13	30	-0.004109656988697634
30	51	-0.004109657026536699
12	30	-0.004109657064375757
11	30	-0.004109658161708642
16	30	-0.004109658237386772
14	30	-0.004109658388743033
15	30	-0.004109658388743033
30	56	-0.004109660486953541
3	48	-0.004134523868347291
2	46	-0.0042215172876707285
7	44	-0.004251791419279477
7	24	-0.004251794653133106
6	33	-0.004385528625595221
14	47	-0.004385555232508533
15	47	-0.004385555232508533
47	56	-0.004385555441989687
10	47	-0.004385555634218052
13	47	-0.00438555567266373
12	47	-0.004385555749555077
11	47	-0.0043855568644796325
16	47	-0.004385556941370987
47	52	-0.004385557381526184
47	53	-0.004385557419971854
47	54	-0.004385557496863202
47	55	-0.004385557535308879
47	51	-0.004385557573754556
3	27	-0.004407245792993619
17	30	-0.004546664909002469
25	36	-0.004595432284082532
33	40	-0.004805871387291466
8	31	-0.004883445955846458
6	11	-0.0049191426062409754
6	16	-0.0049191426877379235
6	52	-0.004919144905334676
6	53	-0.00491914494608315
6	10	-0.004919145027580098
6	54	-0.004919145027580098
6	13	-0.004919145068328572
6	55	-0.004919145068328572
6	51	-0.004919145109077046
6	12	-0.00491914514982552
6	14	-0.004919146576022118
6	15	-0.004919146576022118
6	56	-0.004919148549128026
47	49	-0.0050090298725902205
11	22	-0.0050920925763057005
11	18	-0.00509209262067848
11	20	-0.00509209262067848
14	22	-0.005092092765564094
15	22	-0.005092092765564094
14	18	-0.0050920928099368774
14	20	-0.0050920928099368774
15	18	-0.0050920928099368774
15	20	-0.0050920928099368774
16	22	-0.00509209450203698
16	18	-0.005092094546409763
16	20	-0.005092094546409763
19	56	-0.005092094648425513
21	56	-0.005092094648425513
19	52	-0.00509209471151165
21	52	-0.00509209471151165
19	53	-0.005092094743054717
21	53	-0.005092094743054717
10	19	-0.005092094806140857
10	21	-0.005092094806140857
19	54	-0.005092094806140857
21	54	-0.005092094806140857
13	19	-0.0050920948376839276
13	21	-0.0050920948376839276
19	55	-0.0050920948376839276
21	55	-0.0050920948376839276
19	51	-0.005092094869226998
21	51	-0.005092094869226998
12	19	-0.005092094900770068
12	21	-0.005092094900770068
11	38	-0.0050920949336099655
16	38	-0.0050920949966961025
29	56	-0.00509209505332717
29	52	-0.005092095116413311
14	38	-0.0050920951228683765
15	38	-0.0050920951228683765
22	56	-0.005092095134502556
29	53	-0.005092095147956378
18	56	-0.0050920951788753395
20	56	-0.0050920951788753395
22	52	-0.005092095197588686
10	29	-0.005092095211042518
29	54	-0.005092095211042518
22	53	-0.00509209522913175
18	52	-0.0050920952419614696
20	52	-0.0050920952419614696
13	29	-0.005092095242585588
29	55	-0.005092095242585588
18	53	-0.005092095273504533
20	53	-0.005092095273504533
29	51	-0.005092095274128662
10	22	-0.005092095292217883
22	54	-0.005092095292217883
12	29	-0.005092095305671729
13	22	-0.00509209532376095
22	55	-0.00509209532376095
10	18	-0.005092095336590663
10	20	-0.005092095336590663
18	54	-0.005092095336590663
20	54	-0.005092095336590663
22	51	-0.00509209535530402
13	18	-0.00509209536813373
13	20	-0.00509209536813373
18	55	-0.005092095368133733
20	55	-0.005092095368133733
12	22	-0.0050920953868470835
18	51	-0.0050920953996768
20	51	-0.0050920953996768
12	18	-0.005092095431219863
12	20	-0.005092095431219863
39	56	-0.005092095508148209
39	52	-0.005092095571234349
39	53	-0.00509209560277742
38	56	-0.005092095629161575
10	39	-0.00509209566586356
39	54	-0.00509209566586356
35	56	-0.005092095685639345
13	39	-0.005092095697406634
39	55	-0.005092095697406634
38	53	-0.005092095723790779
39	51	-0.005092095728949704
35	52	-0.005092095748725486
12	39	-0.005092095760492774
35	53	-0.005092095780268556
38	54	-0.005092095786876916
11	19	-0.005092095815519088
11	21	-0.005092095815519088
38	55	-0.005092095818419986
35	54	-0.0050920958433546964
10	35	-0.0050920958433547
38	51	-0.005092095849963056
13	35	-0.00509209587489777
35	55	-0.00509209587489777
16	19	-0.005092095878605225
16	21	-0.005092095878605225
35	51	-0.005092095906440844
12	35	-0.005092095937983911
14	19	-0.005092096004777502
14	21	-0.005092096004777502
15	19	-0.005092096004777502
15	21	-0.005092096004777502
11	29	-0.005092096220420762
16	29	-0.005092096283506903
14	29	-0.00509209640967918
15	29	-0.00509209640967918
45	56	-0.005092096639654212
11	39	-0.005092096675241822
34	56	-0.005092096695120191
45	52	-0.005092096702740356
45	53	-0.0050920967342834265
16	39	-0.005092096738327962
34	52	-0.005092096758206332
34	53	-0.005092096789749402
45	54	-0.005092096797369567
10	45	-0.0050920967973695705
13	45	-0.005092096828912644
45	55	-0.005092096828912644
11	35	-0.005092096852732965
10	34	-0.005092096852835546
34	54	-0.005092096852835546
45	51	-0.005092096860455718
14	39	-0.005092096864500243
15	39	-0.005092096864500243
13	34	-0.00509209688437862
34	55	-0.00509209688437862
12	45	-0.005092096891998788
16	35	-0.005092096915819105
34	51	-0.0050920969159216935
12	34	-0.005092096947464764
14	35	-0.00509209704199139
15	35	-0.00509209704199139
38	52	-0.005092097554892861
10	38	-0.005092097649522065
13	38	-0.005092097681065135
12	38	-0.005092097744151272
11	45	-0.00509209780674787
11	34	-0.005092097862213849
16	45	-0.005092097869834014
16	34	-0.005092097925299993
14	45	-0.005092097996006302
15	45	-0.005092097996006302
14	34	-0.005092098051472278
15	34	-0.005092098051472278
11	37	-0.005191496848965235
16	37	-0.005191496928823307
14	37	-0.005191497088539443
15	37	-0.005191497088539443
37	56	-0.005191497234236113
10	37	-0.005191497433881281
37	54	-0.005191497433881281
13	37	-0.005191497473810321
37	55	-0.005191497473810321
37	51	-0.005191497513739353
12	37	-0.005191497553668385
37	52	-0.005191499176739334
37	53	-0.005191499216668359
6	41	-0.005231963763596664
1	32	-0.005242209356472079
10	23	-0.005246844812369745
13	23	-0.005246844846198383
12	23	-0.005246844913855655
11	23	-0.005246845894886134
16	23	-0.005246845962543406
14	23	-0.005246846097857954
15	23	-0.005246846097857954
23	56	-0.0052468465058717086
23	52	-0.005246846573528984
23	53	-0.0052468466073576185
23	54	-0.005246846675014891
23	55	-0.0052468467088435285
23	51	-0.00524684674267217
11	28	-0.005444105602437133
16	28	-0.005444105685029496
14	28	-0.005444105850214223
15	28	-0.005444105850214223
28	56	-0.005444107799768685
28	52	-0.005444107882361049
28	53	-0.005444107923657224
28	54	-0.005444108006249587
10	28	-0.005444108006249594
13	28	-0.005444108047545776
28	55	-0.005444108047545776
28	51	-0.005444108088841958
12	28	-0.0054441081301381394
40	42	-0.005523958090535498
26	49	-0.005580488207916678
25	32	-0.0056066169673456845
1	30	-0.005611193532105645
48	56	-0.005667413417020428
48	51	-0.005667413682469202
11	48	-0.0056674148201068045
14	48	-0.005667415047634329
15	48	-0.005667415047634329
48	54	-0.005667415469271839
48	55	-0.005667415507193095
16	48	-0.0056674167585944665
48	52	-0.005667417218153233
48	53	-0.005667417256074482
10	48	-0.005667417331916988
13	48	-0.005667417369838244
12	48	-0.00566741744568075
7	19	-0.0057360160600280485
7	21	-0.0057360160600280485
7	29	-0.005736016836578428
7	22	-0.005736017298205602
7	18	-0.005736017383307007
7	20	-0.005736017383307007
7	39	-0.005736017708867898
7	35	-0.005736018049273546
7	38	-0.005736018093927792
7	34	-0.005736019985330652
7	45	-0.005736023604244196
4	25	-0.005853642622624777
11	40	-0.005871124845359697
16	40	-0.005871124927857872
14	40	-0.005871125092854208
15	40	-0.005871125092854208
40	52	-0.005871125264286875
40	53	-0.0058711253055359555
40	54	-0.0058711253880341235
40	55	-0.005871125429283211
13	40	-0.005871125429283218
40	51	-0.0058711254705322985
12	40	-0.005871125511781386
40	56	-0.005871127044433856
10	40	-0.00587112725067928
31	46	-0.0061147784780757955
17	44	-0.006149962527111558
17	24	-0.006149965516221059
4	31	-0.006242051775096881
7	8	-0.006261225885782616
2	23	-0.0062717443054371505
8	30	-0.006296928302591466
17	48	-0.006308514529256737
36	37	-0.006308699803048198
4	32	-0.006333910407511557
23	24	-0.006404651841723848
23	44	-0.006404652996037735
23	27	-0.006471282446907804
8	32	-0.006486834776769215
1	23	-0.006506409831757501
11	49	-0.006524978169250677
16	49	-0.00652497825065982
14	49	-0.006524978413478114
15	49	-0.006524978413478114
10	49	-0.006524978729349477
49	51	-0.0065249788107586346
49	56	-0.006524980388471768
49	52	-0.0065249804698809186
49	53	-0.006524980510585483
49	54	-0.0065249805919946335
13	49	-0.006524980632699205
49	55	-0.006524980632699205
12	49	-0.0065249807141083485
42	43	-0.006544444553482701
24	47	-0.006579957142856155
44	47	-0.0065799579462751945
17	56	-0.00658806319575813
10	17	-0.006588063392410068
17	54	-0.006588063392410068
13	17	-0.006588063431740461
17	55	-0.006588063431740461
17	51	-0.006588063471070854
12	17	-0.006588063510401233
11	17	-0.006588064650982502
16	17	-0.006588064729643274
14	17	-0.006588064886964826
15	17	-0.006588064886964826
17	52	-0.006588066999709208
17	53	-0.006588067039039594
43	52	-0.006638512995299953
43	53	-0.006638513032270442
16	43	-0.0066385162258531805
43	56	-0.00663851664664928
43	54	-0.006638516831501712
43	55	-0.006638516868472208
43	51	-0.006638516905442697
11	43	-0.006638518014557351
14	43	-0.0066385182363802794
15	43	-0.0066385182363802794
10	43	-0.006638518694146868
13	43	-0.006638518731117357
12	43	-0.0066385188050583355
23	41	-0.006701853013207415
33	47	-0.006703335625889914
8	10	-0.006705637668521426
8	13	-0.006705637704734715
8	12	-0.006705637777161294
8	11	-0.006705638827346656
8	16	-0.006705638899773235
8	14	-0.006705639044626385
8	15	-0.006705639044626385
8	52	-0.006705639422526714
8	53	-0.006705639458740004
8	54	-0.006705639531166575
8	55	-0.006705639567379865
8	56	-0.006705641212745292
8	51	-0.00670564146623831
44	57	-0.006944603864919241
24	57	-0.006944606858343583
3	28	-0.0071713875123248505
27	36	-0.007175460186280576
23	25	-0.007271426942669031
17	49	-0.007365594467629827
6	17	-0.007374175125557589
16	25	-0.007411538083030564
25	54	-0.007411538652998977
25	55	-0.007411538691018883
25	56	-0.007411542188189756
25	52	-0.007411542264229562
25	53	-0.007411542302249462
10	25	-0.007411542378289275
13	25	-0.007411542416309182
25	51	-0.007411542454329088
12	25	-0.007411542492348988
11	25	-0.007411543594926205
14	25	-0.007411543823045624
15	25	-0.007411543823045624
1	25	-0.007440742874825879
17	40	-0.007466470530103644
11	44	-0.0075952007975174166
16	44	-0.00759520087845441
14	44	-0.007595201040328403
15	44	-0.007595201040328403
44	56	-0.007595203025473257
44	52	-0.007595203106410257
44	53	-0.007595203146878747
10	44	-0.007595203227815747
44	54	-0.007595203227815747
44	55	-0.007595203268284251
44	51	-0.007595203308752747
24	56	-0.007595204711639061
24	52	-0.007595204792576062
24	53	-0.007595204833044558
10	24	-0.007595204913981558
24	54	-0.007595204913981558
24	55	-0.007595204954450062
24	51	-0.007595204994918565
13	44	-0.0075952051309294
12	44	-0.007595205211866393
11	24	-0.007595206208973589
16	24	-0.007595206289910589
14	24	-0.007595206451784589
15	24	-0.007595206451784589
13	24	-0.007595206817095211
12	24	-0.007595206898032211
9	11	-0.007624379884961931
9	14	-0.007624380135250269
9	15	-0.007624380135250269
9	56	-0.007624380204162291
9	16	-0.007624381831036524
9	52	-0.007624382150236891
9	53	-0.007624382191951606
9	10	-0.007624382275381057
9	54	-0.007624382275381057
9	13	-0.007624382317095786
9	55	-0.007624382317095786
9	51	-0.007624382358810508
9	12	-0.00762438240052523
22	47	-0.007682239642381336
18	47	-0.0076822397192726835
20	47	-0.0076822397192726835
19	47	-0.007682241530159492
21	47	-0.007682241530159492
29	47	-0.007682242231793049
39	47	-0.007682243019929376
35	47	-0.007682243327494766
38	47	-0.007682243727234236
45	47	-0.007682244980658774
34	47	-0.007682245076772953
1	24	-0.007724517178584883
1	44	-0.007724522097961754
24	37	-0.007953663139987022
37	44	-0.007953667555961011
4	23	-0.008035989268542876
41	56	-0.00805220428664151
41	52	-0.00805220436120798
41	53	-0.008052204398491213
10	41	-0.008052204473057697
13	41	-0.008052204510340936
12	41	-0.008052204584907408
16	41	-0.008052205740687775
14	41	-0.008052205889820724
15	41	-0.008052205889820724
41	55	-0.008052206372986079
41	51	-0.008052206410269318
11	41	-0.008052207528766453
41	54	-0.008052208198347989
23	48	-0.008145048370150537
6	23	-0.008271799410722057
16	27	-0.00828463685139487
27	56	-0.008284637268975562
27	52	-0.008284637343081436
27	53	-0.008284637380134366
27	54	-0.008284637454240233
10	27	-0.00828463745424024
13	27	-0.00828463749129317
27	55	-0.00828463749129317
27	51	-0.008284637528346107
12	27	-0.008284637565399045
11	27	-0.008284638639934151
14	27	-0.00828463886225176
15	27	-0.00828463886225176
8	43	-0.008308686764000144
9	30	-0.008418375190206884
25	50	-0.008441667737777013
1	17	-0.008556224759120566
25	30	-0.008572185738281134
8	44	-0.008636226254163111
8	24	-0.008636229006373015
1	42	-0.008736367493578374
36	50	-0.008746487487213739
46	56	-0.008816252006734387
46	52	-0.008816252088467584
46	53	-0.008816252129334179
10	46	-0.008816252211067369
46	54	-0.008816252211067369
13	46	-0.00881625225193397
46	55	-0.00881625225193397
46	51	-0.008816252292800572
12	46	-0.00881625233366716
11	46	-0.008816253518798473
16	46	-0.008816253600531662
14	46	-0.008816253763998048
15	46	-0.008816253763998048
31	41	-0.00897870547790048
28	43	-0.009038924994305683
27	43	-0.00912201869195288
36	49	-0.00916178932662886
22	31	-0.009249834418244285
18	31	-0.009249834489596882
20	31	-0.009249834489596882
31	34	-0.009249835467542655
31	39	-0.009249837284150797
31	35	-0.009249837569561215
31	45	-0.009249839103642209
19	31	-0.009249839626984384
21	31	-0.009249839626984384
29	31	-0.009249840278076897
31	38	-0.009249841934141682
4	41	-0.00937139129094701
17	22	-0.009449642019954449
17	20	-0.009449642098615221
17	19	-0.00944964403690085
17	21	-0.00944964403690085
17	29	-0.009449644754680436
17	39	-0.009449645560953401
17	18	-0.00944964582390552
17	35	-0.009449645875596505
17	38	-0.009449646198808212
17	45	-0.009449647566803207
17	34	-0.009449647665129172
26	43	-0.009589566582556198
17	47	-0.009626171143457603
5	43	-0.009640963756134498
7	10	-0.009772515870321276
7	13	-0.009772515912871982
7	12	-0.009772515997973394
7	16	-0.00977251731704528
7	56	-0.009772517520212902
7	52	-0.009772517605314314
7	53	-0.009772517647865013
7	54	-0.009772517732966425
7	55	-0.009772517775517131
7	51	-0.009772517818067844
7	11	-0.009772519094589018
7	14	-0.009772519349893247
7	15	-0.009772519349893247
24	25	-0.00979238925876607
25	44	-0.00979239009454367
9	47	-0.009825902842990564
30	50	-0.010129703668856224
9	41	-0.010139652739175886
4	8	-0.01018955374490859
8	41	-0.010218416149827082
8	27	-0.010258481309238537
4	27	-0.01034049560691954
8	25	-0.010347826336995956
7	50	-0.010364278881473614
4	43	-0.010397667391486641
1	4	-0.010504030805045299
25	31	-0.010509928286714112
31	49	-0.010536000058838028
30	44	-0.010567472926357555
24	30	-0.010567475802126483
43	48	-0.01075916268262369
31	33	-0.01082821503204752
25	37	-0.010937635202742081
37	42	-0.010969364610389325
27	31	-0.011322449359405629
17	37	-0.01140210976451872
1	3	-0.011614717175257902
6	27	-0.011729166083552456
9	22	-0.011778850298526343
9	18	-0.011778850381955787
9	20	-0.011778850381955787
9	39	-0.011778850554740983
9	35	-0.011778850888458772
9	19	-0.011778852663585727
9	21	-0.011778852663585727
9	29	-0.011778853424879436
9	38	-0.011778854730715757
9	45	-0.011778856407482205
9	34	-0.011778856511769006
28	31	-0.011895894229197443
3	43	-0.011916911432748402
26	40	-0.0119326820902112
19	36	-0.01217487428075617
21	36	-0.01217487428075617
29	36	-0.012174874973518567
36	39	-0.012174875751690024
35	36	-0.012174876055366685
22	36	-0.01217487618923764
18	36	-0.0121748762651568
20	36	-0.0121748762651568
36	38	-0.012174876497153049
36	45	-0.012174877687628767
34	36	-0.012174877782527717
25	28	-0.012248147558521855
25	41	-0.01227045750413859
1	43	-0.012380746426973642
27	30	-0.012409397236322617
23	57	-0.012442831216602175
1	26	-0.012475256417256567
3	25	-0.012495486233355592
23	46	-0.01250768327503722
8	46	-0.0125414320225287
36	43	-0.012557195615747953
41	43	-0.012586056255469574
37	47	-0.01273821612556788
4	36	-0.012816780445706985
32	43	-0.012966503421751797
17	33	-0.013073274066714415
9	33	-0.013168137094473703
24	32	-0.013267419577410726
32	44	-0.013267420563383439
37	43	-0.013307877843500293
22	28	-0.01340446400121785
18	28	-0.013404464083810214
20	28	-0.013404464083810214
28	39	-0.013404464180106948
28	34	-0.013404466389452696
28	35	-0.0134044682357667
28	38	-0.013404468388937232
28	45	-0.01340447001150255
19	28	-0.01340447003046047
21	28	-0.01340447003046047
28	29	-0.013404470784115802
23	47	-0.013622698161938673
23	42	-0.013773609795995859
7	23	-0.013866567279979175
6	42	-0.013961507520379682
23	49	-0.014209337450647695
5	17	-0.01426368510408084
26	37	-0.01445480455207767
5	30	-0.014491982358124662
1	5	-0.014528697963687894
1	28	-0.014628033417984541
5	6	-0.014697768002728387
1	40	-0.014892088554813963
40	44	-0.014895449419442458
24	40	-0.014895452554372912
33	36	-0.014962756595614718
2	41	-0.01508085448656548
1	37	-0.015096903696734637
9	27	-0.015436805413454553
25	27	-0.015532831209526136
42	45	-0.015535055589918856
39	42	-0.015535057419992691
35	42	-0.015535057717281545
22	42	-0.01553505800505877
18	42	-0.015535058079380985
20	42	-0.015535058079380985
34	42	-0.015535059408111916
19	42	-0.015535059705290094
21	42	-0.015535059705290094
29	42	-0.0155350603834803
38	42	-0.015535061953426396
8	36	-0.015554586086444604
22	26	-0.015580978488028321
18	26	-0.015580978562537907
20	26	-0.015580978562537907
26	38	-0.01558097872106002
26	45	-0.015580979820265711
26	34	-0.015580979913402689
19	26	-0.015580980201938127
21	26	-0.015580980201938127
26	29	-0.015580980881838138
26	39	-0.015580981645561445
26	35	-0.015580981943599803
6	31	-0.015757003774035314
8	42	-0.015793084952756005
43	49	-0.015848734816431065
28	32	-0.015962477389956695
48	50	-0.015990465715288754
23	26	-0.01602205873060835
28	33	-0.0160693529110962
3	31	-0.0161179356114408
22	49	-0.016146802576453373
18	49	-0.016146802657862516
20	49	-0.016146802657862516
39	49	-0.016146806371332957
35	49	-0.016146806696969537
38	49	-0.016146806901314266
19	49	-0.016146808519321043
21	49	-0.016146808519321043
34	49	-0.016146808549027614
29	49	-0.016146809262179505
45	49	-0.016146812172556486
31	43	-0.01616679247419038
40	41	-0.016250273711401433
6	26	-0.01625356979030769
26	46	-0.01626435545796437
3	22	-0.01644015847240951
3	18	-0.016440158552301146
3	20	-0.016440158552301146
3	38	-0.016440158991362558
3	45	-0.016440160439055926
3	29	-0.016440161308220104
3	39	-0.016440162127109414
3	35	-0.01644016244667597
3	34	-0.016440164264210765
3	19	-0.01644016430449919
3	21	-0.01644016430449919
1	6	-0.0164520178453013
42	47	-0.01683945210998488
33	42	-0.016945759370145745
26	33	-0.01709944129668431
36	47	-0.017149552841235358
33	49	-0.017241308684890176
36	42	-0.01743765812686348
3	8	-0.01744161326196312
6	46	-0.01749053506769084
9	46	-0.017603234614005425
2	27	-0.017739909511894247
2	8	-0.0177446592767644
3	40	-0.017778156309720974
8	26	-0.017778410909849905
47	50	-0.017862419458224893
9	57	-0.017883778364249966
3	33	-0.017942107851257043
28	44	-0.018054034851560874
24	28	-0.01805403799007073
30	41	-0.01815293906388582
3	23	-0.018159679723417636
26	36	-0.01821039259138848
5	23	-0.018398568703718032
5	28	-0.0184413111812953
1	7	-0.01855992518872724
5	46	-0.018583979705759812
25	49	-0.018634509835452492
27	40	-0.01882261769178789
26	47	-0.018859593350266803
3	32	-0.01904850583429784
25	48	-0.019086072848629947
2	28	-0.01913246353746627
8	17	-0.019197953488125585
37	48	-0.019285005769329122
5	38	-0.01943929042856924
5	22	-0.01943929361631884
5	18	-0.019439293696560354
5	20	-0.019439293696560354
5	19	-0.019439295748659838
5	21	-0.019439295748659838
5	29	-0.019439296480863746
5	39	-0.019439297303339383
5	35	-0.019439297624305477
5	45	-0.019439299349498264
5	34	-0.019439299449800163
32	37	-0.019661791170940503
48	49	-0.019682553117540302
2	47	-0.019785129233135267
17	32	-0.019973830388664578
30	57	-0.020036257678190936
27	46	-0.020097317344601795
6	43	-0.02013106805316455
42	46	-0.020430254930701795
40	57	-0.02047375684820428
5	33	-0.020484925670754786
2	40	-0.02051249370732943
7	49	-0.02051384101043023
31	48	-0.020568878771030412
17	43	-0.02076843197656264
1	31	-0.02100009823757632
2	49	-0.021291489022645563
2	30	-0.02133853302582324
2	48	-0.02181766578013635
5	48	-0.022360171139556552
41	46	-0.022372403343233226
7	42	-0.022746905407288617
2	33	-0.02298821627535027
1	36	-0.023039863197416785
2	22	-0.023262078076076123
2	18	-0.02326207815078201
2	20	-0.02326207815078201
2	38	-0.023262082044826715
2	29	-0.02326208234865248
2	19	-0.023262083529606348
2	21	-0.023262083529606348
2	39	-0.023262084977033033
2	45	-0.023262085019388173
2	35	-0.02326208527585661
2	34	-0.02326208697541568
4	37	-0.023285533171648984
31	40	-0.023899770333020716
6	32	-0.02413404430312431
6	25	-0.024155364078433175
46	48	-0.02430612857806036
4	6	-0.02451150667878873
7	26	-0.024653788755096953
5	40	-0.024861455643236927
17	41	-0.025038088789188506
32	49	-0.025684426223951715
2	7	-0.025839165099221545
5	24	-0.02591156007093494
5	44	-0.025911560747047313
26	27	-0.02593169175625684
4	40	-0.02598354594909618
32	40	-0.0261119682384809
28	41	-0.026377797043977448
30	37	-0.02643817095840917
26	41	-0.026520563478195015
41	42	-0.02652132831355803
7	9	-0.02660054462833389
27	42	-0.0267185846649904
5	7	-0.02752341775678556
27	28	-0.028224857896827694
5	25	-0.028545099365691648
17	27	-0.028558022759232513
9	48	-0.028874799184849337
1	9	-0.0288997163398607
9	32	-0.02941753368086248
44	46	-0.02989100398142204
24	46	-0.029891007087283386
7	57	-0.03173348356009652
9	25	-0.033027637080389624
33	50	-0.03315544879729966
46	50	-0.03400652732421086
7	37	-0.03438529626921062
30	49	-0.03532716473600561
7	36	-0.03572953855706096
22	50	-0.04052637599615791
18	50	-0.040526376068366024
20	50	-0.040526376068366024
19	50	-0.04052637940470541
21	50	-0.04052637940470541
38	50	-0.04052638076353678
39	50	-0.04052638080373771
29	50	-0.04052638099492707
35	50	-0.04052638109257019
45	50	-0.04052638124806088
34	50	-0.0405263822696436
33	57	-0.04174510353921931
22	57	-0.04314165927961585
18	57	-0.04314165935839017
20	57	-0.04314165935839017
38	57	-0.043141662067518
19	57	-0.043141665030141566
21	57	-0.043141665030141566
39	57	-0.04314166515941025
35	57	-0.04314166547450755
29	57	-0.04314166621461857
45	57	-0.0431416685651394
34	57	-0.0431416686636073