#==========================================================================
# The first and second rows contain site pairs (i, j) such that j > i
# The third row contains coevolutionary scores obtained 
# using plmDCA-pydca algorithm.
# Note that in this data sites are counted/labelled starting from 1
#==========================================================================
18	38	0.3408671053331793
4	5	0.31125302278209965
16	40	0.30790765307252155
17	39	0.29375813031040227
22	34	0.2858988759883
23	33	0.2630150034635525
25	31	0.23557716734132034
19	37	0.21810834061975448
24	32	0.2164262484230135
10	11	0.19116471757084705
43	48	0.18891090461504761
1	7	0.1441567371669028
28	29	0.1396994059106998
35	51	0.13874798243778846
3	9	0.12113724771457468
9	10	0.1198871849252766
30	38	0.11567804862575518
49	53	0.11522428748490951
1	6	0.11130822009167184
5	8	0.10977217757879555
49	50	0.10975477528699189
43	46	0.10835125618706382
7	8	0.1080296907662541
53	54	0.10716251276438717
25	42	0.10541106146682874
25	28	0.10339364119679698
3	49	0.10317866447255267
13	44	0.10219802760071646
18	30	0.10013204270063886
46	55	0.09904886089863331
34	55	0.09889559738952391
12	19	0.0982512349340923
42	43	0.09819668866350925
12	16	0.0980796342574165
6	7	0.09807513119718415
44	55	0.09614121689768251
25	29	0.09485323797873818
17	30	0.09476032247876023
21	26	0.09395717549292704
20	30	0.09298433259784308
27	37	0.09251791292229031
52	54	0.091320433914239
26	35	0.08983582976956322
8	9	0.08974015467579506
22	37	0.08899426209705627
44	53	0.08807985475979761
1	50	0.08801558040502082
26	30	0.08734733209154974
9	26	0.08688171495642776
5	7	0.0866308348794039
20	36	0.08648469111700643
41	54	0.08617211972506068
14	16	0.0859499774095226
27	28	0.08492903213011146
6	12	0.08436957284781715
26	28	0.08429366724134904
37	38	0.08366517413043259
29	32	0.08359574667894787
33	34	0.08354772747202167
46	48	0.08265339642526168
6	40	0.08215682337567298
3	7	0.08187271518996254
26	45	0.08109102825539244
8	55	0.08068890750370093
37	45	0.08067356713462184
50	55	0.08035463329280819
29	31	0.07979367703209972
41	45	0.07958537694773543
52	53	0.07862433207592405
4	8	0.07834698385121044
18	37	0.07830092695155563
14	36	0.07829793278740643
29	35	0.07736785210728594
15	41	0.07718706751628293
11	44	0.07650272263038171
11	53	0.07642979089823367
19	22	0.07571079086546656
23	44	0.07550163818477218
27	42	0.07535034101565358
2	9	0.0730946547779371
21	45	0.07277131974828821
19	51	0.07227492060581936
9	35	0.07190943258902527
19	27	0.07176706031891814
10	24	0.07164398562301713
31	32	0.07163046340585719
15	51	0.07119859650619756
11	20	0.07101590351461312
6	16	0.06980070563684004
46	51	0.06961150864341484
7	12	0.06933333391709312
20	37	0.06925711300609391
35	38	0.06917429148449011
34	36	0.0686415388678866
36	48	0.06845628500369647
35	41	0.0683735382377356
13	50	0.06820870578267302
3	8	0.0676252329651371
3	10	0.06726216422304235
24	25	0.06717927156697145
11	52	0.06661608394673572
20	27	0.06628473555001979
50	53	0.06621970628786251
32	40	0.06615891913059266
15	54	0.06581351921429326
5	39	0.06541284535962083
10	23	0.06516720862229686
10	49	0.06456283685208412
25	32	0.06436970874298018
41	53	0.06423072191018499
4	6	0.06364315672000558
49	55	0.06363531188543259
19	36	0.06302269829891177
3	5	0.06302029847248224
5	17	0.0630175888572507
27	29	0.06288111671186933
50	54	0.06233158550585466
4	20	0.061616376464783934
33	46	0.060959228226239115
9	25	0.06092955796097628
41	52	0.06079761408304836
45	51	0.06008460983694401
27	31	0.059706018146780365
14	25	0.05885009661750085
13	28	0.05842813831010964
12	40	0.05820339888639681
1	32	0.058025156549841805
21	35	0.05789170399162816
10	36	0.057826093677017354
2	6	0.05760004714292875
42	46	0.0573854057446829
44	49	0.05732969726873492
4	30	0.05727515767324466
2	10	0.05686042965222088
12	26	0.05669487544687665
21	24	0.056131502947818324
31	49	0.05589164479097278
21	38	0.055770066096966525
7	50	0.05492174170855112
14	22	0.054878961086816835
20	48	0.054736562598959565
18	36	0.054227721156919845
14	15	0.05354533462824271
1	2	0.05334442836150874
49	52	0.053101543148902794
45	54	0.053068781501048407
21	28	0.053015331824694145
1	40	0.052777935233908085
15	52	0.05209292155904373
17	42	0.051717436094278924
34	39	0.05146862125487692
26	37	0.051221313148812064
17	18	0.051028867690010915
18	22	0.05098639264279731
15	19	0.04943574678827603
2	13	0.04929555229598602
27	32	0.04914976515128819
11	49	0.0491487876938799
36	42	0.04908662272124156
9	28	0.04904779405407628
9	30	0.04884910050007778
2	46	0.04877397280433156
45	46	0.04850757681184813
28	31	0.04827554993002767
16	36	0.048171166347540983
22	38	0.04806318664448517
9	45	0.04788214029467254
36	40	0.047767845940844406
4	14	0.04776616611922102
2	52	0.047546667693727826
21	51	0.047388887178062444
38	46	0.04727449720794266
5	33	0.04689443169746507
31	42	0.046649383376268505
5	26	0.04661447298635024
16	42	0.04643695991971522
13	15	0.046372055065196344
8	41	0.046266744182696634
9	11	0.046208971975956914
15	53	0.04619473147467333
23	30	0.04583029645073414
53	55	0.045517486677236096
23	32	0.045436707142566035
3	28	0.045425443772077384
19	20	0.045367055789924754
12	34	0.04503751455406052
18	21	0.04494388572628341
29	43	0.044886805607774
2	54	0.04466044288498145
20	28	0.04464461386353852
10	18	0.04460823719771692
45	48	0.04448834894646633
35	45	0.044442470105765255
24	43	0.044316814705936625
5	19	0.043996386103067775
49	54	0.04390757461916915
1	16	0.043576539127220926
2	42	0.04352915904152081
23	35	0.04346826264606243
4	11	0.043323295828827796
32	50	0.043262823213361404
41	50	0.043189859947666304
1	4	0.04316220144765093
17	27	0.043108385259303106
1	5	0.04292191484340066
29	46	0.042863270752789784
4	7	0.042742412662435864
29	52	0.04267172940327385
5	52	0.042451105180300625
21	36	0.041951499453744434
28	35	0.04185715300971332
34	41	0.041803550460295436
19	26	0.041561651747410056
27	30	0.04147004164669521
28	44	0.04118181581179127
33	35	0.040375232196862856
6	13	0.04035642050398529
18	24	0.04031194712877956
2	8	0.040224378245904496
1	8	0.04021520103960921
14	30	0.04015355691239894
20	42	0.04012156403290748
3	25	0.039944650029659634
8	42	0.03970036877152977
44	52	0.0396904797144262
48	51	0.03959736382305225
22	36	0.03941736486283079
18	25	0.03928442702681978
27	48	0.039205264036254905
43	55	0.03917255374334766
4	27	0.039013313603849326
3	31	0.038958616210587535
48	55	0.03886283222573214
5	27	0.03832412917366626
39	45	0.03818719010822394
24	26	0.03756669240502328
29	38	0.03718183710444142
2	44	0.03705664948929818
12	31	0.036977919757999744
15	22	0.03680340751209843
17	50	0.036751999341851124
24	39	0.036402271527488594
4	43	0.036338279873893375
14	18	0.03618885568304722
16	52	0.03601815286870175
8	43	0.03600986470583592
36	43	0.035541277484718886
15	33	0.035423632569251906
40	52	0.0354106399848778
29	33	0.03528642923057873
24	46	0.03527838476668524
23	36	0.03522916860962594
2	11	0.03505880614287345
24	51	0.03495615132069496
29	48	0.03437505708719063
22	29	0.03425420977473739
7	40	0.03400545749265439
31	41	0.03364137165880292
17	24	0.03349443405896291
7	33	0.033214926285812144
25	26	0.033098474820520224
39	43	0.03305693093535059
24	38	0.033005037656858194
16	19	0.03284186670496125
6	54	0.03280678484341179
13	53	0.03279048021542191
21	33	0.03264583396435486
20	21	0.032410455806321875
19	21	0.032240328325380874
1	54	0.03217504629870656
23	24	0.032053304735456506
24	42	0.03200843421598351
8	33	0.03175042606156467
29	37	0.03163654595187762
26	29	0.0316174871587038
17	43	0.0315518089622219
25	27	0.03128919800494959
7	28	0.03122681899895577
31	46	0.03114193113739444
41	42	0.030870112603363337
54	55	0.03078225412098136
5	14	0.03076827630600093
1	28	0.030709804213339353
3	19	0.03069635114062691
40	42	0.03063833984308395
14	51	0.03051091396913852
8	28	0.03047937644455273
13	31	0.03033176238566075
12	17	0.030185844076945023
44	50	0.030091362356634038
10	43	0.02998695712214028
18	46	0.02992861720808837
12	52	0.029902796350493574
30	39	0.029804833233406103
3	45	0.029385268355067676
22	43	0.029274269726479313
2	53	0.029233619073560632
24	48	0.029146638734080826
31	33	0.029110203880804347
11	41	0.0289615327897213
41	49	0.028834528125925643
14	42	0.028791349263368737
14	21	0.028581895959330195
48	52	0.02850732213093704
21	39	0.028373142799891865
32	41	0.02832097913719933
15	50	0.02814332016325853
45	49	0.027979159994133695
31	38	0.0277717326084789
2	7	0.02775989327187116
36	38	0.027514266135451382
11	14	0.027374205253751366
3	12	0.027267576138660293
3	46	0.027248236085087946
42	54	0.027232825417233333
14	55	0.027111754919311754
6	50	0.02672618595761904
17	55	0.026712990259528696
11	23	0.026689400420176507
1	9	0.02618118834651048
45	50	0.026179568577487836
23	38	0.026162820631059264
28	32	0.026140756570995044
6	24	0.025988970666259076
4	16	0.02578860496449445
21	47	0.025578232289070246
40	53	0.02548666619032952
15	47	0.025389105398994416
46	54	0.0249673696728874
45	53	0.024940500144160924
19	34	0.02486261918939567
8	10	0.02473691697580571
16	32	0.024615517746808868
39	48	0.024543585741023027
7	16	0.024493590839904322
23	39	0.02406003656058872
37	43	0.02384925543841457
7	36	0.023776981782337073
9	42	0.023703661373281365
11	18	0.023610249510297582
23	46	0.023576163607016837
21	41	0.0235645536340387
18	29	0.02356170011341127
26	54	0.023499111731922123
21	29	0.023264135045255457
1	44	0.023258133143412754
6	32	0.023211806907449978
14	20	0.023109302401811888
21	23	0.022797443873181167
25	30	0.022767295008261107
22	23	0.02271511953376182
40	44	0.022687339703258938
14	43	0.02262164910728659
2	5	0.02248979891470511
48	54	0.022247414539465174
25	44	0.022218035145438908
40	47	0.021803297354549195
32	52	0.021603952332282406
30	47	0.021501198129733383
9	41	0.02146046121462261
23	31	0.021444240008406862
33	39	0.021408986872790553
18	23	0.02133774272632044
8	12	0.021332207337508666
37	46	0.02132806167447368
9	19	0.021287052195288036
51	54	0.021236088087780144
7	32	0.021232502480007506
22	39	0.021184652871701903
22	47	0.020739839714073435
31	53	0.020683257650123382
23	41	0.020622102022710892
30	33	0.020349213682551492
47	51	0.019980691388717102
21	37	0.019917697873052365
22	33	0.019883508985256287
4	35	0.019537651031596215
23	42	0.019453857767915916
15	42	0.019425672651878972
13	52	0.0193758908789029
15	21	0.019202562742937607
24	31	0.019153999972750246
9	21	0.019110338664652726
39	42	0.019038553017531212
12	24	0.01901205580356022
27	46	0.018989356024535387
37	52	0.018805049671966334
24	29	0.018697230698042355
11	29	0.018607265104002513
32	44	0.018529354289024497
10	55	0.018318063644867905
40	49	0.018068928393137507
29	36	0.017989820461796285
4	9	0.01793924849963581
22	27	0.017935249781294876
38	43	0.017858975405854266
23	34	0.01784842684324489
17	48	0.01778203761541236
15	37	0.017642009320494118
35	43	0.017578241937586003
40	50	0.017571592910111844
10	35	0.01753157440449185
15	45	0.017470795411580017
40	51	0.017453356825666483
3	4	0.017447879560807678
13	17	0.01738215094657014
1	13	0.017374118218762835
16	30	0.017330475214395735
11	55	0.01722351358692767
39	49	0.016790877482995487
5	16	0.016725925714400874
21	27	0.016664519328180666
5	12	0.01661658576236627
6	10	0.016556707969533194
25	38	0.016528933792767958
2	12	0.01651708607073979
15	27	0.016515610885677698
13	46	0.016512868896876753
2	35	0.016464914718550966
30	36	0.016211371177307532
17	38	0.016074405780264867
11	40	0.015956615982347072
33	42	0.015895268694165327
7	23	0.015838955174603403
21	48	0.0157566557963702
27	44	0.015728587640220754
20	33	0.015681986995310176
23	48	0.015583792214955622
41	43	0.015580676058198906
8	30	0.01545505471912842
1	49	0.015437652823500417
11	54	0.015424595928095447
28	48	0.015304586887221694
6	22	0.015245058532636982
18	20	0.015109263667047096
14	19	0.014916109388872723
27	33	0.014879566163862629
19	40	0.014640712055764782
3	55	0.01446105839383209
23	47	0.014410817253937669
13	51	0.014363816466469115
14	38	0.014100435214096485
3	51	0.014085858719903005
50	52	0.013932549804427985
10	12	0.013880588062095717
10	44	0.013593127732900043
29	53	0.013587797236274665
43	49	0.01355657350063802
27	38	0.01351391869365759
15	49	0.013494901107919482
16	47	0.013400843863962522
35	50	0.01321936489841083
8	52	0.013078132500297573
15	34	0.01303939845152377
4	12	0.0129877799747736
36	47	0.012961491586146012
5	47	0.012894271097895572
32	34	0.012500677555640882
4	34	0.012471020373604036
25	47	0.0124434780918605
25	33	0.012420663781508218
38	47	0.012373938912630972
11	25	0.012308171400419371
2	26	0.012250152501187148
18	35	0.012200509884004673
20	43	0.012186741686331853
30	32	0.011975157744870624
3	39	0.01193831627283376
46	52	0.011926026403339077
13	39	0.011911825960394085
6	26	0.011857459585129362
7	44	0.011840288374696237
32	47	0.011743921185631598
21	31	0.011725542345998707
15	18	0.011713599586229723
26	34	0.011712751778537311
35	48	0.01169753051847125
7	39	0.011686333183912087
24	41	0.01164722768535452
12	51	0.011583946777657034
37	47	0.011542106488454648
4	19	0.011533360020307637
37	40	0.01153212367263487
41	48	0.011511487811517548
5	6	0.01151053546189211
28	34	0.011198919014475436
13	49	0.011186340934331324
51	53	0.010939096446009919
42	50	0.010893840632591606
46	50	0.010844331837081833
22	25	0.010578732954665299
39	51	0.01051421507968106
18	47	0.010490974869412348
49	51	0.010388538588457882
11	15	0.010375164829348929
14	47	0.01037102654307799
18	27	0.010329269362010979
31	47	0.010246619117945749
12	41	0.010151999643315049
2	28	0.010120048344812768
1	51	0.01009116838773888
1	47	0.009881898399243846
31	34	0.00986098768944596
5	30	0.009825209391866874
35	54	0.009606872631326493
31	44	0.009403331032705797
15	16	0.009353358405048279
31	45	0.00934098863104324
1	53	0.009143034634198507
28	33	0.009090135523832643
8	44	0.009019471513449034
6	53	0.008991762579289256
42	51	0.008874612033811208
7	54	0.00873016205015159
20	34	0.008619015904512889
20	38	0.00860956995461773
18	39	0.008604712345813309
4	40	0.008563443678827776
47	48	0.00853005190800872
7	47	0.008520065247232277
9	13	0.008514470565303633
33	37	0.008512442113126212
13	14	0.008489423523119488
30	43	0.008406018745700683
20	47	0.008077538126905898
35	53	0.00792502534424716
41	44	0.00792436689996931
16	23	0.00785412807155994
17	34	0.00775107028780736
4	26	0.0076466303154124615
7	9	0.007643868774652479
15	48	0.007545765955630765
37	55	0.007453203455380447
34	47	0.007398977602675147
24	28	0.0073709421542309805
4	32	0.00732569636449637
42	52	0.007299430807435059
21	30	0.007289751053037252
8	17	0.007200389809340152
10	20	0.0071495307237551264
21	22	0.006912490571959334
51	52	0.006881807416066546
6	17	0.006779286583664654
7	17	0.00676603343454063
26	36	0.006754582121965502
36	45	0.006741138663611673
3	11	0.006688148665733376
4	47	0.006687474383278151
27	47	0.006687068814524744
15	46	0.0066837405779685
19	47	0.006641003147693211
41	46	0.006539171352649725
10	53	0.006519432726382918
28	47	0.006503100312381632
44	54	0.006329052377141778
50	51	0.0061918297737850875
35	49	0.006097591426008714
4	45	0.006069708000937937
48	49	0.0060571054024225884
22	32	0.005907257703076596
19	55	0.005888955358601539
23	53	0.005883969276067241
16	22	0.005763141924576498
14	40	0.005742261413596961
7	13	0.0056903962504186445
6	20	0.005684098438641358
13	40	0.005468968963943777
39	50	0.00538351092994907
13	32	0.005341829107421786
7	49	0.005324883482832693
8	26	0.005322644212939126
47	49	0.00526357384808266
14	26	0.005230019339102526
8	19	0.005178739791585396
26	41	0.005119929187452965
2	21	0.00507360511362509
37	41	0.005071566535356703
5	54	0.005040353696396799
21	32	0.0050348653391905085
39	40	0.004805735707551134
12	13	0.004690263703554479
17	22	0.004604282533930387
19	52	0.0045746808067398115
8	47	0.004552727158218008
24	35	0.004411666780182122
34	51	0.004214613279463153
19	30	0.0041954783042359445
22	48	0.004157475390111659
20	39	0.004098343594302972
17	47	0.004076319329518949
5	45	0.004050967076050405
14	48	0.004030764737251724
33	41	0.003963183306394474
17	20	0.003935966422882575
10	46	0.0037754676409033627
12	32	0.0037726340498450694
15	29	0.0037597055916836625
3	43	0.003679776467998719
1	55	0.0036663346618075743
14	52	0.003635815259573044
37	51	0.003522214267755619
11	36	0.003369222637634367
8	23	0.003321175013596689
1	25	0.0032965558231657782
30	35	0.0032574715199778087
5	40	0.0032247656038932315
39	47	0.0032194494836763204
5	23	0.0032001466022187064
43	47	0.003198084490517797
11	38	0.0030580595432637137
8	38	0.003048137329615286
48	50	0.002970243947368112
34	50	0.0029479703591735185
3	27	0.002820788160246779
32	55	0.0027129599987645303
4	52	0.002636372832147682
17	26	0.0025222509415405436
10	38	0.002395955140432615
27	41	0.002256452015160587
9	37	0.002247513765277903
17	51	0.0021793654457533396
2	20	0.002042952712675697
46	49	0.002041239756415708
6	31	0.0019981037371464283
1	3	0.001990820664104026
47	50	0.001956621085857313
25	45	0.0019052450030019041
30	45	0.0018706992627066793
16	26	0.0018255859825950793
19	24	0.0016980274287210773
47	55	0.0015280086110160962
11	48	0.0014751867245467176
20	54	0.0014715367337291702
14	24	0.0014073418737175214
5	22	0.0013659602864054265
44	47	0.0013642568786053771
15	40	0.0011959791207318965
37	39	0.0009316193971498354
4	33	0.000929767122660699
12	29	0.000848254504626722
12	54	0.0008466313759757232
17	21	0.0006646076966932146
14	54	0.000653352846145927
6	36	0.00045840741772369686
10	48	0.00045244799534127633
6	34	0.0003991904621310771
10	34	0.00021504299800864657
10	30	0.00019618033525142797
16	50	6.408069288796336e-05
40	43	5.60109292619404e-05
10	37	4.1924382227026546e-05
5	35	4.058996526193348e-05
13	48	2.9617076697519007e-05
29	44	6.698206501537518e-07
40	55	-0.00029982616872362144
37	48	-0.00031765792376398094
9	39	-0.000338211981413275
12	15	-0.0004137590700967475
2	49	-0.0004433620130685212
12	23	-0.0005466127835696832
32	45	-0.0005660626706708027
6	51	-0.000681104145921374
22	28	-0.0007598283592833988
2	38	-0.0008140394092479991
3	47	-0.0009971970283624704
29	42	-0.0010348235487523394
12	42	-0.0010352934863219754
38	39	-0.001096803154668008
34	43	-0.0011179833683583884
20	49	-0.001245804322352967
22	26	-0.0013042150184990053
16	49	-0.0014908682503652487
26	31	-0.0016109534754116528
6	19	-0.0016130958154846609
8	18	-0.0016286994940193644
13	24	-0.001632157083746144
4	10	-0.0016663483375385646
9	46	-0.001694538744667906
9	47	-0.0017242470557137096
12	14	-0.0017328873906369835
35	55	-0.0017679438480831533
7	14	-0.0017970009905596968
13	22	-0.0017990189337938056
33	36	-0.002082552234139473
24	36	-0.0021335804356069077
32	38	-0.0021476724121482216
45	52	-0.0021592392585115666
16	51	-0.0022858623871326866
24	54	-0.002452641479193121
28	50	-0.0024649332092757936
14	49	-0.0026027168623649205
8	27	-0.0026121958197769246
2	3	-0.002639057214978799
19	33	-0.002746342435854171
16	17	-0.002752450841830928
24	47	-0.0027701858510098126
2	4	-0.002879074814070043
2	15	-0.003132907294556647
11	34	-0.003230224662043313
13	27	-0.0032823515566506034
32	54	-0.003293085684160549
30	31	-0.003437722750767036
26	47	-0.003590584522434395
2	43	-0.0036040970216820317
13	37	-0.0036366887321867547
19	29	-0.0039160920568373225
22	55	-0.003952690233512607
26	40	-0.004015712111381992
44	46	-0.004039162277271788
15	23	-0.004178658434011717
12	21	-0.0042694948488010975
29	51	-0.004309035551807311
13	34	-0.004349918684009579
9	44	-0.0045237302291094295
5	11	-0.004607002885889916
28	53	-0.00472677415218016
8	48	-0.0047365318235106785
39	54	-0.004786624821510391
3	53	-0.004836834599039969
24	50	-0.00492109922590607
14	41	-0.005011545615189211
13	55	-0.005012769263524786
25	35	-0.005090303922556216
12	22	-0.005167137300184366
6	43	-0.005263972542699197
7	55	-0.0052665834502578085
12	20	-0.005355236590371265
37	50	-0.005495406931825611
30	51	-0.005502432299771362
4	22	-0.00551518419560415
13	43	-0.005563484090790355
9	43	-0.00564907682412033
16	53	-0.005853500227580924
34	52	-0.005876739131192507
13	45	-0.005883850250984091
33	47	-0.005941930639150099
13	16	-0.00610908048113247
2	51	-0.006121413016059299
10	14	-0.006152145769764916
23	29	-0.006204680469310692
36	41	-0.006251272889871595
22	41	-0.006255309450682395
32	36	-0.006272973705375634
28	51	-0.006366567985346169
11	43	-0.0065710600890982185
28	39	-0.0065795440039998765
12	48	-0.0066808974217583555
14	45	-0.00670718048803895
30	53	-0.006710782758263131
29	55	-0.0068073968122348005
1	12	-0.006814752471255986
32	37	-0.006843848660934737
14	53	-0.006881895724877338
18	43	-0.007121493681130825
52	55	-0.007140214537498871
28	46	-0.007385421453615509
8	37	-0.007425171273220177
8	39	-0.007561935457281843
19	42	-0.0078350391234977
27	40	-0.007843011228789332
26	39	-0.007857036982316129
20	55	-0.007872932634193808
48	53	-0.007914483920295604
24	52	-0.008110790668729773
10	47	-0.008115826356971431
16	44	-0.008124238189224545
34	48	-0.008212604922217703
18	33	-0.008242198597314593
11	12	-0.008254565918989737
3	30	-0.008335968864730092
5	50	-0.008367814868783241
2	18	-0.008446092420735615
20	53	-0.00848698731853785
7	20	-0.008673743491862243
10	50	-0.008793678927199886
6	35	-0.008832556650113066
7	51	-0.008862431326642231
17	45	-0.008879050016756151
18	50	-0.008940579367575086
26	44	-0.008957921432069499
1	52	-0.008965935030906522
5	38	-0.008981375448540274
13	33	-0.009077911792260862
13	26	-0.009183497988654477
29	34	-0.00929335989701105
38	51	-0.009298126542999136
44	48	-0.009406471464045649
26	42	-0.009507929013964994
34	44	-0.009616875451230314
35	37	-0.009638833090753196
31	39	-0.009747056152804107
11	50	-0.009792553644423899
8	49	-0.009874310622545235
4	13	-0.010115149863674344
20	24	-0.010118321755485327
6	39	-0.010157678414247584
1	18	-0.01020683841585375
8	14	-0.010236367668872454
1	20	-0.010360966215518033
16	37	-0.010396099169824508
25	49	-0.010417995383931233
11	47	-0.01048492885815877
6	49	-0.010615119837283624
11	32	-0.01086424425981522
40	54	-0.01097448948864821
3	54	-0.010999211951215934
11	33	-0.01103388044552231
12	53	-0.011050074840565985
4	50	-0.011090010616493284
28	30	-0.011181825204142945
8	46	-0.011217104735948086
11	13	-0.011264963099816436
17	53	-0.011288552317015185
31	50	-0.011348178037151962
21	54	-0.011389837980498863
34	54	-0.011572207558117859
16	45	-0.011611065979433274
22	30	-0.01172706309041438
5	53	-0.011815320664613008
24	55	-0.011832912857969335
1	11	-0.011918284410635235
17	25	-0.01194222727754321
33	38	-0.012026313958554719
22	44	-0.012066489281845116
9	33	-0.012121138068515391
33	55	-0.012163824617118194
18	32	-0.012220042217766236
7	11	-0.01237863287033858
14	34	-0.01245984571201969
32	39	-0.012484836981661779
2	27	-0.012567449650337625
26	52	-0.012587688300512184
21	46	-0.012685099300371233
33	48	-0.012781911476971788
16	43	-0.012819902187162946
36	51	-0.012923452624622772
45	55	-0.013014326440894439
14	33	-0.013017492201062714
16	21	-0.013179794955521656
1	19	-0.013193107675152208
12	37	-0.013211686414312251
24	45	-0.013294478411173594
46	53	-0.013308375817290746
15	38	-0.013373004926666945
7	34	-0.013427272522974418
2	39	-0.013484315971381514
7	35	-0.013565629747228233
15	20	-0.013575875935197892
21	43	-0.01361012131615974
10	45	-0.013629518206064145
25	39	-0.013689747873237929
27	36	-0.01371257464529696
29	30	-0.013768527814868148
32	49	-0.01394115855375766
41	51	-0.014027998675686049
17	36	-0.014102340175827094
34	40	-0.014109688011563884
5	20	-0.014117752782359577
3	33	-0.014191077243650443
17	33	-0.014460675175831661
10	27	-0.014495913772570784
20	29	-0.014546810639581992
44	51	-0.014566181524665947
1	15	-0.014620458413731094
9	17	-0.01463036961138725
3	6	-0.014633755182364178
4	25	-0.014684860215593953
9	18	-0.014707909897558241
29	54	-0.014749427012663893
5	43	-0.014755411081063124
14	50	-0.014972173083645679
6	52	-0.014981557829669812
11	46	-0.015004518776477599
34	46	-0.015010282811613207
9	24	-0.015046357844436684
13	54	-0.015083584535284175
19	44	-0.015094813664624507
23	51	-0.015134588769504076
3	50	-0.015148736062507065
8	35	-0.015150042752908571
10	52	-0.015339638387208115
11	16	-0.015426539243333232
1	24	-0.01549980397608089
2	55	-0.015519519734869092
18	41	-0.015526341907041913
17	35	-0.015573131530224466
17	31	-0.01564508521560104
30	52	-0.015667142968800257
42	44	-0.015717521740756607
12	44	-0.015910990472423392
15	32	-0.015920136406225513
31	54	-0.01599453536310437
5	41	-0.015997240108500455
17	37	-0.016010903221335276
10	54	-0.01603604252744785
20	44	-0.016099152307256337
7	25	-0.01616999006125784
42	55	-0.016220990050894557
15	36	-0.016297659122264718
30	55	-0.016422826274295685
11	24	-0.016465562269236234
12	39	-0.016584087235191003
13	18	-0.016641538213637563
22	46	-0.01668779802803963
3	48	-0.016696117896498844
3	17	-0.016715938142092213
8	36	-0.016748534912936153
13	30	-0.016773729886287572
17	40	-0.016883123385851767
30	34	-0.016886357747848177
6	14	-0.016914558280256786
13	19	-0.016975337733269896
2	22	-0.016988756035486746
42	48	-0.01703502483776645
23	27	-0.017048123498956624
9	51	-0.017066371651688533
3	41	-0.017139809323339722
13	29	-0.017209809324212233
27	43	-0.017221415622845127
35	44	-0.01724303014642753
40	45	-0.017265357706124182
8	11	-0.017339777667565087
12	18	-0.01743680597561223
11	31	-0.017463138227030467
2	50	-0.017577034280971154
1	38	-0.017578575201654803
34	42	-0.017859562657771194
25	43	-0.018059738319868623
3	29	-0.01818781647802291
31	40	-0.01819283806300767
3	18	-0.018208523517307812
24	34	-0.018209074379213347
10	25	-0.01821567587189371
28	55	-0.01837466667162445
16	29	-0.018437539587091212
9	12	-0.018495730734337898
6	15	-0.0185120084008749
13	36	-0.018534162030512447
8	51	-0.018598376941061145
36	53	-0.018614142097043235
14	27	-0.018716875912671543
19	39	-0.018822822996670596
16	18	-0.01885268856784661
42	45	-0.01886108468990913
9	52	-0.018880603430872472
16	31	-0.018932893901719733
1	37	-0.018972046876151297
28	49	-0.019019981309257014
1	33	-0.019027098465911593
6	37	-0.01904693369056308
10	19	-0.01914229191694622
18	40	-0.01919543429700979
18	45	-0.01921042286524327
4	53	-0.019258291098661603
34	53	-0.019341318448511585
9	14	-0.01937637527551761
4	51	-0.019449002851481517
14	23	-0.019579187808070775
2	47	-0.019583887555465078
28	43	-0.019606924050408953
38	42	-0.019626657297154043
31	52	-0.01966183667458113
33	45	-0.0196811697971528
3	35	-0.01975217248436531
28	36	-0.01976751576514832
18	49	-0.01982690732523794
27	39	-0.019989506740309082
7	43	-0.020013024800687007
22	35	-0.020022459716768554
4	54	-0.020039237641732252
13	25	-0.02003964611030294
11	26	-0.020136275081654997
25	37	-0.020161304589405044
15	26	-0.02020114830907578
1	10	-0.020244466714087056
35	47	-0.020265228287496988
13	20	-0.02028457990244023
33	43	-0.020356647569895553
16	28	-0.02040485052517098
44	45	-0.020414114041309522
7	19	-0.020511743502976548
21	44	-0.02058243026705492
8	34	-0.020646214383217967
34	37	-0.020702557591399634
3	38	-0.020745605933375558
5	9	-0.020763645563241076
1	36	-0.02082409884991568
23	54	-0.020903938366242908
26	32	-0.02091951974117981
28	45	-0.020994522400470367
6	9	-0.021116163220471676
41	55	-0.021116627075522226
3	22	-0.021129087737299518
6	27	-0.02124386439395548
25	52	-0.021244367563347605
19	49	-0.0212529941373045
1	26	-0.02130907325394936
13	35	-0.021378662345879332
17	54	-0.02142545480415292
20	23	-0.02148031692906599
2	40	-0.021482140430938837
9	31	-0.021523719385983103
31	35	-0.02154046828884429
7	10	-0.021548224628802584
7	53	-0.02155851421645512
10	13	-0.021601797988017785
32	42	-0.02161724120919095
15	39	-0.021808566724455275
20	22	-0.0218857590504328
25	36	-0.02197074413327388
38	49	-0.022073580938663795
6	48	-0.02211792477395659
26	46	-0.02212850002083372
6	42	-0.022138047767352245
10	32	-0.02223803322066492
5	37	-0.022338410999450525
10	22	-0.022397567619531017
26	53	-0.022424005023383473
3	13	-0.022487882060938408
39	46	-0.022495419314091214
29	41	-0.022627265985907613
12	55	-0.022747838234116247
17	52	-0.022829762305541096
28	42	-0.022878162684650427
3	36	-0.02294970367478963
10	42	-0.02295471131910229
10	29	-0.02298991361165728
23	45	-0.02304942834971388
39	55	-0.023065189719488705
11	27	-0.02307666172548639
12	28	-0.02316621852229432
3	24	-0.023175774065770455
6	47	-0.023222845502063806
4	31	-0.023266485694777017
16	35	-0.023553334607388787
35	52	-0.023621327827614932
5	28	-0.023658826218254297
38	50	-0.02373010286839697
24	49	-0.023752353550975186
47	54	-0.023752357449730054
14	44	-0.023764333333901544
6	25	-0.023772964745376476
6	8	-0.02377495402048739
19	25	-0.023849354829371866
9	20	-0.02388860443937832
18	55	-0.023920986197758676
2	36	-0.02394700039215311
9	38	-0.023948163288504354
23	43	-0.024104159333855485
23	55	-0.024104708912307232
4	18	-0.024114144493901285
14	37	-0.02413085225330361
9	15	-0.02413456176834257
2	14	-0.024258682561414766
2	48	-0.02437456214779371
3	20	-0.02437495675015111
2	17	-0.024393611110196625
5	13	-0.02442690920660026
9	36	-0.024471498036469794
3	40	-0.024497973775025994
15	35	-0.024498682037613656
2	34	-0.02452064884588863
15	17	-0.024609870641721335
43	44	-0.024625096267577
47	53	-0.024654189737018627
16	27	-0.02466770583106323
33	51	-0.02482235410281619
5	51	-0.024899410642651873
4	36	-0.02490239657639226
20	45	-0.025270777308251585
51	55	-0.025568981628472195
10	39	-0.02570123913285538
1	34	-0.02590205845951446
35	36	-0.025916189513870924
1	45	-0.025960009105590612
19	45	-0.02601626823179451
8	50	-0.026033170733552255
38	41	-0.0260933287436671
4	49	-0.02610929781647106
12	49	-0.026162704482867102
8	21	-0.026164859457650402
5	15	-0.026169533739928336
30	42	-0.026366244838991
31	36	-0.026403839165417664
39	52	-0.026512156791054522
15	24	-0.02652388074813218
10	51	-0.02660710422704382
2	25	-0.026608389829917894
38	45	-0.02664833615391178
37	42	-0.026667610438615208
17	19	-0.026719802498342132
29	47	-0.026766760945863804
24	44	-0.0269353177853332
38	55	-0.027205408584582425
8	54	-0.02724217493505253
11	19	-0.027341620504755776
33	44	-0.02738080736499096
42	53	-0.027551398123645904
1	35	-0.027573057570638673
6	46	-0.027818098161137145
6	55	-0.027952411461124732
36	44	-0.027986688864918646
18	31	-0.028060260232632972
9	32	-0.028207429544844453
37	44	-0.02846187993409624
24	27	-0.028478939961205763
9	48	-0.028501700856667492
21	42	-0.0285057173928584
1	14	-0.028549110228001245
2	32	-0.02859319508232533
16	54	-0.028714239211094034
20	35	-0.0287562791374599
16	55	-0.028763144600974122
4	21	-0.028834542642440675
1	46	-0.029041975914160537
39	41	-0.029127968606822083
15	25	-0.029233886247603202
27	52	-0.02943210785348893
3	32	-0.029500067758216675
3	23	-0.029506409639621284
31	43	-0.029514160028772135
46	47	-0.02959539965493
13	42	-0.02960047173501032
30	46	-0.029857760685121776
27	51	-0.02988936971683298
13	47	-0.029975269447037177
14	17	-0.029979587302075394
4	24	-0.03005771497905163
5	31	-0.030085721390842174
39	53	-0.03011407419924242
7	26	-0.030207697201423453
8	25	-0.03022194981833043
4	23	-0.030293530826423193
3	14	-0.03037657818217196
1	41	-0.03040423131792759
1	17	-0.030440532230987985
21	40	-0.030455114575832942
25	40	-0.030550602645294217
22	51	-0.030613098238789854
2	24	-0.030660822540254234
2	45	-0.030677642687233178
17	28	-0.030699358597875842
16	38	-0.030723161824616596
9	55	-0.030782852006870698
5	49	-0.030865766057914634
33	49	-0.031001629711863654
35	46	-0.0310018006352486
7	48	-0.0310235952468534
41	47	-0.03122381611500906
33	52	-0.031306232681977214
47	52	-0.03138139131503228
43	50	-0.031420604277905134
7	21	-0.031426332977721544
30	37	-0.03150245392790649
28	40	-0.03158262958248981
12	33	-0.03171849224975121
3	34	-0.031794820355692574
45	47	-0.03188895944398276
27	45	-0.0319341326438963
17	46	-0.031948205899951315
7	24	-0.032124961335347355
12	36	-0.03213305305087141
2	16	-0.032151581734829945
35	40	-0.032209954368320526
10	41	-0.03224014566386664
25	50	-0.032247154193680835
12	47	-0.032508980732905375
9	54	-0.03258882814327002
27	55	-0.03263057422181562
22	40	-0.032702984615322395
28	37	-0.03273067262971108
16	20	-0.03280245141546306
8	53	-0.032927086715722725
8	20	-0.032976861063484214
2	41	-0.03311709611205198
4	41	-0.03326966766125386
6	21	-0.03336716489344828
3	16	-0.03338549368248808
27	54	-0.03343677933813606
17	41	-0.03346455760646308
1	21	-0.03362213842852957
3	37	-0.033739373437246895
25	55	-0.033761189455200485
42	47	-0.03380951293648991
1	23	-0.03380966744283506
36	46	-0.03385101381454017
25	51	-0.03390705100189417
4	28	-0.03405624941231085
31	48	-0.03416634090040924
15	31	-0.0342888291742119
29	45	-0.03434754233435949
1	42	-0.034361671939209776
13	38	-0.03443132047824578
17	29	-0.034439067343211366
32	53	-0.03482652953579353
2	33	-0.03482683060871597
5	44	-0.03484863505087067
25	54	-0.034861666230117785
33	53	-0.034896939828420834
20	32	-0.03503797682885976
14	29	-0.03534503749524062
12	35	-0.03535998292391157
4	15	-0.03536203381096896
11	42	-0.035389393263152935
1	48	-0.03542180347664238
30	48	-0.035456530068432704
4	37	-0.03549431609579734
15	44	-0.035657769721765945
22	52	-0.03569366002840621
11	45	-0.03586737239122287
20	25	-0.03588974340883397
31	55	-0.035895483106960197
6	28	-0.03591801267406411
2	30	-0.03599458796262735
13	21	-0.03603926475939498
20	52	-0.03625322356248234
43	45	-0.03647926208139321
19	41	-0.03648507796495101
23	40	-0.03657504921724236
7	22	-0.03667383245071636
20	40	-0.036821775764132425
30	40	-0.036909344022238555
20	50	-0.03694986620159468
16	34	-0.03696949332822122
6	44	-0.037054893773750375
21	50	-0.03714484092030343
16	39	-0.037160303031759684
15	28	-0.03731402546602676
26	49	-0.03735151426198126
3	15	-0.037368664517797245
19	50	-0.03741167688345312
23	37	-0.03741330091333456
19	38	-0.03755266203292423
1	39	-0.03769310690265708
22	54	-0.037752423012683764
16	46	-0.03784702242176763
19	23	-0.038029209952013754
22	50	-0.03805741823625866
16	33	-0.03810581304384099
29	40	-0.03814690199330245
10	26	-0.038250612233765274
4	38	-0.03826455739245255
33	54	-0.03828999686495761
6	33	-0.03832878648914653
6	18	-0.03855895305065922
6	23	-0.038703895034550254
35	42	-0.03875557928912651
6	11	-0.03875839245247381
15	30	-0.03882883312824345
1	22	-0.03884178398341964
40	41	-0.038931255157444944
34	45	-0.03895836909715236
6	38	-0.038988528344297
22	31	-0.039077793124833116
32	48	-0.03908487345922432
23	28	-0.03916208995704956
37	49	-0.039172631627257384
2	23	-0.03920871947640549
14	32	-0.0393614466709305
7	52	-0.0395445219839312
11	28	-0.03958956181555866
11	21	-0.039764507341659705
30	54	-0.03976835373815164
11	39	-0.03983974846596414
27	53	-0.03985516004434511
30	49	-0.039878906015552607
34	49	-0.04002973192340657
10	31	-0.040159595848928226
22	53	-0.04020117176719533
7	37	-0.04022224613703222
15	55	-0.0402694811693837
9	29	-0.04028664997716726
8	40	-0.040308573594099256
20	26	-0.04045338704354573
18	19	-0.04047970444035262
3	44	-0.04077829878073379
11	22	-0.04081525699238553
4	46	-0.04095756575404311
23	26	-0.04097801823822678
23	50	-0.04099332090495643
9	49	-0.04101117303378764
7	30	-0.04105896355650791
38	54	-0.04113824712749456
9	22	-0.04131272467203889
4	44	-0.04151235148885239
13	23	-0.041571301147630385
26	55	-0.041579537429386554
16	48	-0.04162299781796713
17	23	-0.04170016319592479
6	45	-0.04176161329364193
12	30	-0.04192819963166303
39	44	-0.042111601749906136
38	40	-0.042193642885396454
6	30	-0.04219824209705088
26	33	-0.04228204721154935
20	41	-0.04259840554919139
26	43	-0.042604077623249276
12	43	-0.042652993619325646
21	25	-0.04275640360795155
6	41	-0.04279955976459911
43	52	-0.04282741261131068
1	30	-0.0429535945000275
7	38	-0.04300704291319171
8	16	-0.043274479249949094
26	48	-0.043451549150971436
42	49	-0.04352774857586858
22	45	-0.04358405577436211
16	25	-0.043635696252408096
34	35	-0.043649825142095575
19	31	-0.0437172360772865
7	18	-0.04376061276441291
19	53	-0.043784868913976524
10	15	-0.043888948316177845
19	54	-0.043924235793774566
5	10	-0.044047206436316017
36	55	-0.04405195401348877
2	31	-0.04410715029325317
1	27	-0.044388698155776535
10	21	-0.04463471641645722
34	38	-0.04469778880148173
43	53	-0.04472539716855041
19	46	-0.04486592853258825
29	50	-0.04501651708855205
16	41	-0.0451872751965226
31	37	-0.045440087652760364
27	35	-0.04548615000209513
2	19	-0.04575402994860055
38	53	-0.045811961337867815
19	28	-0.045896831380277225
24	40	-0.04592927737849084
3	52	-0.04614125844092504
25	53	-0.04623674024516364
18	42	-0.04632415040513163
4	39	-0.046377664881626174
15	43	-0.046438707958725955
26	38	-0.04667727490615875
31	51	-0.04675495654955067
20	51	-0.046775524927580525
28	54	-0.04680342631418569
8	31	-0.04682319266575935
4	48	-0.04683481390496552
27	34	-0.04688570634783787
9	34	-0.046923344047257856
3	42	-0.047164625076320243
13	41	-0.04717145331445201
14	31	-0.04718322592627125
25	46	-0.04725270048460453
9	53	-0.047300621959795494
16	24	-0.047544455278298786
25	41	-0.0477726431631796
5	25	-0.04793989486847225
18	48	-0.048202069351174104
35	39	-0.048202752806062094
21	53	-0.048585719324706414
23	49	-0.04861523239501955
24	53	-0.0486744655875867
36	37	-0.04875143391680836
10	17	-0.048806997512707034
7	46	-0.04887025372454484
24	33	-0.04888934990268201
40	48	-0.049042244293176745
19	48	-0.04910709453251488
38	52	-0.04922062274726534
32	33	-0.049320952624814285
8	45	-0.04936561376276552
7	31	-0.04945986233028185
2	29	-0.04949690065010623
17	49	-0.04953476589030752
5	55	-0.04991721634931373
5	34	-0.04999322376540494
32	51	-0.05010070889984794
17	44	-0.050289132713692175
12	25	-0.05079223464988719
33	50	-0.05086376914925135
21	34	-0.050883071790184364
11	17	-0.051151529483018876
10	40	-0.051319467167272786
32	46	-0.05156939565823146
17	32	-0.05179231162456535
26	50	-0.051910381350018645
7	42	-0.051974556429342594
21	52	-0.05214774684790788
24	37	-0.05244866659474817
21	55	-0.05248267010509042
18	52	-0.05256904840691265
20	31	-0.052570452808530926
18	54	-0.05274324431113783
18	34	-0.05355333128324641
7	27	-0.05375061412117134
18	51	-0.05386257360453714
30	44	-0.0539173875906884
9	27	-0.054041871654676776
36	52	-0.054146691673808034
14	28	-0.05422404858751703
8	32	-0.0542353076201737
30	50	-0.05426460793636172
22	42	-0.054563818301026856
40	46	-0.054590173998566874
7	15	-0.05464032704624516
20	46	-0.054730709903898195
5	32	-0.054853081980036855
19	35	-0.05495010953488383
10	16	-0.05502105733963669
36	39	-0.05503463089645505
26	51	-0.05505198818324919
33	40	-0.05514699531649778
1	31	-0.05515323395807713
9	50	-0.05538637121221647
29	39	-0.055594289978796646
28	41	-0.05564881035046161
18	53	-0.055734393108623215
23	52	-0.05582451953577208
27	49	-0.0560219218246332
11	30	-0.0560367141786836
18	26	-0.0560461028553389
5	29	-0.056129462791116636
36	49	-0.05643343410858638
27	50	-0.05653934219243412
8	13	-0.05656053900457492
25	48	-0.0566639208570511
29	49	-0.057192264554297795
3	21	-0.05743651211968173
28	52	-0.057463626793493885
2	37	-0.057560720842982235
12	46	-0.05775105552368766
8	22	-0.05802833837130614
12	27	-0.05815746909918626
6	29	-0.05819072219363698
12	45	-0.05821625032245137
5	36	-0.05839735128939552
12	38	-0.058569894113737114
37	54	-0.05859340647875502
5	18	-0.05876513484770712
23	25	-0.05946693351102875
38	44	-0.05956747704249507
1	29	-0.06040394530863663
5	42	-0.060577685256077624
43	54	-0.06074560966442609
14	46	-0.0609773131185343
36	54	-0.061197541380545256
1	43	-0.06133745473300445
36	50	-0.06175444390958351
7	29	-0.062350150923730266
12	50	-0.06257318312908855
25	34	-0.06267182722954096
32	43	-0.06282574376452896
7	45	-0.06336347621770022
21	49	-0.06341673505320845
28	38	-0.06373519840079772
11	35	-0.06407220302928204
5	21	-0.06479710147192402
37	53	-0.06536163683361913
8	15	-0.06679285451278169
7	41	-0.0668097845797829
18	44	-0.06686423317432169
22	24	-0.06688178635857836
32	35	-0.0671340560385543
43	51	-0.06777388559238251
24	30	-0.06828705242309288
18	28	-0.06836321402065978
11	51	-0.06885239516316613
3	26	-0.07042655214063104
4	17	-0.0711022305880514
5	48	-0.07126948049226395
9	40	-0.07235025990850887
8	29	-0.07242970550144398
22	49	-0.07259090479019328
9	23	-0.0726782791596408
4	55	-0.07357495476805087
10	33	-0.07407950687344489
19	43	-0.07433917205301843
38	48	-0.07441381711629172
26	27	-0.0745564020767702
14	35	-0.07653580525101883
30	41	-0.07694826533737197
9	16	-0.07855536904751771
10	28	-0.0786662227288793
14	39	-0.07975328768231568
5	46	-0.08026925642830361
4	29	-0.08264259708782162
5	24	-0.08362380682992307
19	32	-0.08465513675686695
8	24	-0.08539535426544836
11	37	-0.0963273934745339
4	42	-0.10220255478097903