#==========================================================================
# The first and second rows contain site pairs (i, j) such that j > i
# The third row contains coevolutionary scores obtained 
# using plmDCA-pydca algorithm.
# Note that in this data sites are counted/labelled starting from 1
#==========================================================================
39	47	0.5210058505474174
38	48	0.5046751930316662
37	49	0.4330241153693478
36	50	0.41914204049482484
14	29	0.41569415553914474
9	21	0.3816815272063673
8	59	0.23404793214203062
6	61	0.2318856827433392
5	62	0.21033483131506
4	63	0.19392970993374226
40	46	0.1751644020273782
2	55	0.15490334014665819
57	58	0.15435916591479643
8	24	0.15177670796642653
9	23	0.15087350649150566
5	6	0.14608719883129873
26	43	0.14110674190698042
21	23	0.12852049578991115
24	27	0.11933588852133484
23	26	0.11554540248483244
25	27	0.1150700969775989
27	48	0.11245158367180222
11	33	0.11229674488358182
2	39	0.10941272512110478
24	59	0.1086198312487959
61	64	0.10841206040482029
17	33	0.10707712584297857
2	3	0.10605842363088669
41	42	0.10518318296852316
11	32	0.10488312255895907
51	52	0.1045968681935873
54	64	0.10443804330892989
18	57	0.10335879008085615
27	49	0.10229648521793874
33	35	0.10166374303469067
27	37	0.10143843942678601
8	25	0.100993510138911
38	39	0.10069340058819817
26	27	0.09820677016879362
55	58	0.09542180760885033
28	30	0.09512159846430031
15	64	0.09510702261701717
12	18	0.09507552360024024
3	64	0.09405341101316828
4	44	0.0931218537484029
5	15	0.0917929133425332
51	56	0.09142992459939751
11	17	0.09110157390942997
13	30	0.09104983053074328
36	46	0.09085360771482469
30	54	0.09075721019866309
15	47	0.09050318609909494
51	53	0.08978609683145726
11	35	0.0894971899426853
37	43	0.0893579921636678
52	56	0.08851776834866884
61	62	0.08788742093124646
8	58	0.08748161303961022
36	37	0.08735585833899953
35	51	0.08723847876791091
52	53	0.08679116967565689
4	59	0.08664016218659099
45	46	0.08652009572880415
6	49	0.08624856673651182
18	54	0.0862061439990514
53	56	0.08567362101222575
12	33	0.08550094026347851
27	38	0.08480949077386826
27	46	0.08431587831698287
35	52	0.08300366008377903
62	63	0.08212069019733298
43	61	0.08194401969376444
32	36	0.0817120980797647
46	50	0.08158419282165291
10	16	0.0805776295889601
17	35	0.08034919490203724
5	46	0.07957685894553668
37	50	0.0792309040463999
13	22	0.07881409728356523
24	26	0.07878502332173251
31	64	0.07872894862927565
7	23	0.0786495659931628
39	48	0.07830695923913672
15	39	0.07795939035931015
8	27	0.07771371988825584
3	49	0.07707399318600508
3	30	0.07654978807691745
5	23	0.07640249129137988
7	54	0.07611186466760655
59	61	0.07599473681622154
45	64	0.07557179074740736
22	26	0.07465900300155039
11	12	0.07458949827569775
25	29	0.07353536556710336
35	56	0.07352825406952719
55	62	0.07319225689221681
22	49	0.07253422884472907
14	37	0.072222357851978
20	34	0.07210905471111934
48	59	0.07178240288963822
35	53	0.07161325146609582
18	40	0.07126237374747241
59	64	0.07118993419838568
19	20	0.07107600734075889
19	34	0.07106012150383696
4	23	0.07081318908431242
44	60	0.0707002649142039
1	23	0.07026062185932125
26	45	0.0702388600571821
3	28	0.0698161458123398
6	62	0.06974826105866608
10	20	0.06933548470711683
10	34	0.06931912951217312
3	59	0.06908271931049309
4	57	0.06891203663652315
16	20	0.0687075316964053
16	34	0.06869119963542761
14	33	0.06846697375147807
12	17	0.06830427742504509
10	19	0.06823452217675045
32	33	0.06802624871667762
7	60	0.06795062401618206
16	53	0.06777473493549989
3	46	0.06772490660649996
2	23	0.06763673237721185
63	64	0.06762764537915558
16	19	0.06758777494408345
5	59	0.06754725427426858
23	24	0.06740549908972149
2	58	0.06691021925107939
7	61	0.0666238189014337
4	50	0.06658619825709083
37	46	0.06584205054372416
37	38	0.06558130221913175
25	48	0.06524590003976946
26	54	0.06518951443977433
32	63	0.0647952565742842
1	41	0.06470158612317686
8	32	0.06468315952397743
15	26	0.06465983563546529
14	25	0.06402614580542643
3	62	0.06394368981096762
24	64	0.06391257044209547
1	4	0.0636393372976355
20	56	0.06349540634248195
34	56	0.06347863559130637
12	13	0.06325236880883361
47	50	0.06310764322856374
17	20	0.06304790171334704
17	34	0.06303078764485429
31	43	0.0627953959997614
32	60	0.0624912963962978
20	53	0.06238237874357855
19	56	0.06237616254757258
34	53	0.06236548839657974
27	62	0.06235766088866887
17	19	0.06180640291884603
23	42	0.06167149075878456
32	38	0.06150262635696087
1	26	0.06140717302374096
23	62	0.061304458264685585
42	45	0.06128402085779695
19	53	0.06122872330238062
4	39	0.0609457202206157
38	61	0.060905284454613934
49	64	0.06058639736366861
57	63	0.060457379976974784
11	14	0.060255972037752806
10	56	0.060163887578152817
40	50	0.06007004627632154
1	28	0.059942711850803285
18	61	0.0597560931836596
47	62	0.05974325365100394
3	5	0.05957359856336228
3	23	0.05952853387693685
16	56	0.05941675509015513
10	17	0.05925226569709452
44	45	0.05919620572150461
18	26	0.059009032975622044
10	53	0.058906245737416756
16	17	0.05874706643338061
36	40	0.058732036618035874
27	29	0.05830545074306581
55	57	0.05789996695233132
24	57	0.05788179756165099
21	57	0.057141679591256433
5	40	0.05710461023790585
12	35	0.05661948764723105
4	15	0.05653374572581993
1	5	0.05645988677996214
8	41	0.056406144761560126
15	49	0.05618466810238715
9	57	0.056011943629445185
5	47	0.05597947171854445
20	51	0.05567148246318731
34	51	0.0556547532125927
32	50	0.055507705736789856
28	47	0.05513127437405488
7	63	0.05505260128903294
2	46	0.05503941681678051
7	45	0.05500657529434752
25	63	0.05500308234476098
20	33	0.05490855165167775
33	34	0.05489162751831258
60	63	0.05485275681121983
46	54	0.05468576126171126
43	45	0.05462626288786801
19	51	0.05457862716187587
29	62	0.054571462264786735
20	52	0.05444425750421166
34	52	0.05442724514196195
1	42	0.0543258471747457
28	64	0.054312931349993876
4	58	0.0541835507940466
25	59	0.05385465356159727
19	33	0.05372246845208719
31	58	0.05370910932262872
14	35	0.053512510262293755
19	52	0.05332504455904679
7	25	0.05290832590338754
7	29	0.05284723175317041
8	44	0.052807594951520195
17	56	0.05261698381894623
10	51	0.05234917081499694
11	20	0.052095402938148745
11	34	0.05207721158872007
6	42	0.05179967436819635
30	32	0.05173395085426258
16	51	0.05158088327272544
32	47	0.051523274279686365
14	27	0.05132870219357155
25	64	0.05126653205469667
4	60	0.05125999919982624
10	33	0.05121262429608426
17	53	0.051199574840264085
10	52	0.051018951167413444
11	19	0.05086851868428048
16	33	0.05072022185861177
1	2	0.05069702163062298
30	38	0.05048455204227688
1	3	0.05046161759193518
16	52	0.050232600658112074
43	63	0.05002632811128929
5	55	0.04994158467693392
17	32	0.04993357637692117
4	49	0.04920784500029807
5	39	0.04913791880378185
14	17	0.04873746660216775
14	50	0.04856890819686528
5	7	0.04849647437926671
10	11	0.04824479354973205
11	28	0.047842512384229194
11	16	0.0477873585514763
28	39	0.04776300291801852
19	30	0.0476730997504405
3	40	0.047549548327071534
7	22	0.0475168212192523
58	59	0.047507145048207466
26	46	0.04728751530136566
1	8	0.047076403982853746
8	43	0.04686081591240465
3	61	0.04666343936065773
40	54	0.04634842750332535
3	63	0.04629934649063669
13	18	0.046270699178909386
37	40	0.04623424737266507
36	42	0.04580142546427707
31	47	0.045710976744213774
12	16	0.04568476547360088
10	12	0.04554359204494048
12	43	0.04533664456318147
12	22	0.04518784335255856
20	35	0.04505240967814364
34	35	0.04503565749822225
13	16	0.04475426437621383
33	56	0.04468557886910438
17	51	0.044554912711353874
55	56	0.04452377596584156
54	55	0.04449040696070476
8	57	0.04440208131669346
12	44	0.044377067537077985
52	55	0.044270747770614446
38	47	0.04420100783390504
12	14	0.044175836990517844
25	54	0.044161932002067555
7	14	0.04414399871685343
47	63	0.04404328184471465
19	35	0.04397607323757379
25	44	0.0439524941352742
1	27	0.04371320168912768
28	44	0.04366413841598625
24	38	0.04352659209597229
18	43	0.043485906992544274
4	7	0.04345879654463383
25	28	0.04342966871814952
51	55	0.043382837155872135
43	57	0.04338280177808812
33	53	0.04333013014216063
44	62	0.04304651158354887
10	31	0.0430390164707483
17	52	0.04303085909537998
1	63	0.04294454891180127
13	54	0.04219624497169627
53	55	0.041955392364068804
3	32	0.04189215913757993
16	30	0.04174233599014622
37	55	0.0415236560614935
52	60	0.04146526810467873
11	56	0.04146090325215215
18	25	0.041260348293455235
45	48	0.04115814211003087
13	20	0.04114041592546209
10	35	0.04112890803856492
13	34	0.04111797144386725
13	15	0.041067692285262095
48	61	0.04102591775341055
19	22	0.04092950330211978
3	6	0.04074793908914218
42	50	0.04070292613446534
16	35	0.040557873826859416
22	41	0.04010606955307988
41	47	0.04010052020198211
11	53	0.04009939428662228
27	40	0.039902162656973286
13	19	0.0396670283322538
20	30	0.03936370265146522
12	20	0.039349906668334385
30	34	0.03933796373760551
12	34	0.03933194741773168
32	48	0.039101481448854045
51	60	0.038901287179332306
28	32	0.038753446280925086
11	52	0.03869714401044169
12	29	0.038455762266814644
56	60	0.03837269860196643
8	42	0.038335867166841495
2	63	0.038235883635072326
12	19	0.03820278640078571
40	44	0.03815830481186472
15	23	0.038142393012127795
30	48	0.03812905320047458
8	64	0.03812677673407819
43	46	0.03812662163335917
31	39	0.03786658450037386
8	60	0.03738408172807196
6	8	0.037267989864172624
23	30	0.037234952884537
42	49	0.037111924978294034
10	13	0.03706483562850229
32	35	0.037052564784889025
31	42	0.036927770320516154
30	31	0.03681429758143134
15	24	0.03677582212697922
13	53	0.03658579913289396
2	45	0.03650049286846055
1	39	0.036441015987816
53	60	0.03636040129937005
38	49	0.0363469988308848
4	36	0.036254714496538304
33	51	0.036173595638711864
25	42	0.03601211533828891
2	26	0.03586651293020518
29	50	0.03586596474070751
47	48	0.035639556295972236
32	39	0.035424604045980995
38	45	0.03537781265653231
25	40	0.035272592409902076
20	31	0.035038384277136715
31	34	0.03500626243545767
45	59	0.03493606625555201
8	46	0.034863175628656706
28	37	0.0348151423880983
33	52	0.03472584647985502
27	43	0.03463222130280652
38	64	0.03458432597449787
20	22	0.03450344436970966
22	34	0.03447949573062579
25	41	0.03436298587175515
3	15	0.03420022831410696
25	55	0.034136874831331696
30	53	0.034111899380270275
14	62	0.03407610392359714
10	30	0.034056833941570164
4	6	0.03398475232080653
18	64	0.03385979853916593
3	37	0.033771760996612055
41	49	0.03345334091882228
6	23	0.033348730625156725
15	38	0.033148759260036936
19	31	0.03294228905309564
11	51	0.03288940581120858
13	42	0.032542722482005015
40	41	0.032231559315048106
2	31	0.031791396956745474
5	64	0.031743780316491055
7	50	0.03158128025222939
15	22	0.03149189530642446
6	58	0.03135034994033617
57	61	0.03124776620520811
2	40	0.031054096985113674
41	43	0.031000458402554096
42	44	0.030989473432891768
29	35	0.03089562473360652
37	48	0.030894268687364446
39	41	0.03088053649522568
39	63	0.030827822163644214
17	22	0.030772445227736957
26	59	0.030495808030549576
46	58	0.030464030028854908
18	44	0.03045740617544067
4	45	0.030361426725378504
27	59	0.03011320223963157
9	15	0.0300238081692539
5	42	0.029856929448218536
1	64	0.029826000710900663
42	64	0.029778625379401458
13	56	0.029529320895911967
47	55	0.029413779058874615
25	26	0.029362958980836906
29	37	0.029166150816426956
28	42	0.028872109016065475
10	22	0.02878248066397706
16	31	0.02875000379907599
31	45	0.028655227417703308
36	45	0.028628836838370628
16	22	0.028539832289382956
46	62	0.028522855107575074
20	55	0.028498483857094442
32	45	0.028497453021083766
34	55	0.028473746075881552
44	50	0.028458439317714634
2	43	0.02828678237516688
37	44	0.028018002304031606
58	61	0.027818188538886013
59	60	0.02778107996540266
5	61	0.027731579598872874
24	43	0.027614528740477845
2	47	0.02740753506408017
39	64	0.027389736299212014
12	56	0.027355283504294246
30	56	0.027309359285877334
3	8	0.027251977035567226
6	45	0.027246543048363325
19	55	0.02720147007851475
62	64	0.027101020078998284
13	17	0.02706511717323999
60	62	0.026705687928647734
6	15	0.02647032921980988
11	31	0.026192218607976256
25	36	0.026187112404579327
22	60	0.02601092224530696
39	45	0.02593197027407576
12	53	0.02580100003574176
6	59	0.025763214001359475
38	59	0.0255995829155663
1	43	0.025528337034252502
9	26	0.02549018642380016
7	59	0.025421607444263722
14	61	0.025326938720856396
46	47	0.025051333675533555
28	49	0.025023360267908745
13	43	0.024843508665031447
25	43	0.024826092669627098
6	21	0.0247940813818482
3	42	0.024636373841091408
19	60	0.024542232095513192
38	63	0.02452976488017966
3	18	0.024470224511677185
6	37	0.02432915422871826
7	44	0.024103800730898295
5	54	0.023876854862327795
10	55	0.02356010769893592
20	21	0.023482950782445403
26	62	0.023472901300179178
21	34	0.023463274242990682
3	25	0.023432840713556086
31	56	0.023425590936481548
16	55	0.023322975441488238
28	59	0.023264316252728512
3	54	0.023090480213538322
2	36	0.02282255984301443
46	59	0.02271901037116361
22	56	0.022685837298362814
19	21	0.022496695458508555
60	64	0.022441725710712415
4	24	0.022306138991639773
17	30	0.022262158812079005
17	31	0.022225084662882248
29	58	0.022180982337908592
10	29	0.02189308725827932
44	63	0.02185332112777541
31	53	0.021666784653113072
3	41	0.021657920488540428
3	39	0.021555157406931258
7	55	0.021475205098940797
42	54	0.021402968174792716
48	49	0.021371038681481158
27	28	0.021257854672597803
9	20	0.021074857601192307
9	34	0.021054059911375135
22	43	0.02105084711960943
29	59	0.02095616576206677
10	21	0.020953210406977153
16	29	0.020915724349531838
13	64	0.02088573749019125
24	28	0.020858288454883328
44	58	0.020853167626531194
22	53	0.020817742275415226
30	52	0.02078538602917914
43	47	0.02069626413332845
29	53	0.020672543015066824
6	25	0.02063221177812377
2	42	0.02059793284424727
13	51	0.020546266171940816
36	44	0.020520549304428065
7	9	0.0205201882366714
18	22	0.020504365120725454
1	59	0.020500247474898023
11	50	0.02041917784214052
25	60	0.020403951441748933
24	63	0.02035465401614489
16	21	0.020182701500192267
21	54	0.02017450617574415
20	29	0.020172595721216248
24	45	0.020169693359868276
29	34	0.020162495824041622
6	7	0.020154364046531287
35	55	0.02013004367855044
5	28	0.02001052035021783
9	19	0.01998113713244684
48	64	0.019927419712322314
31	46	0.01991078377947919
1	25	0.01986178906236402
24	54	0.01969371403799683
19	29	0.019672863343532167
35	45	0.01963033065003425
27	36	0.019610111317338474
26	47	0.019526273943671152
1	24	0.019381331004964933
29	54	0.01930847964155734
45	63	0.0192873710637127
6	32	0.019158109775377047
29	56	0.019136200588434155
34	60	0.019027074143934994
13	52	0.018933388727294623
20	60	0.018930559633192998
17	29	0.01892793716734749
26	41	0.01878287431408257
1	40	0.01875920133042276
23	40	0.018743138021306005
26	64	0.018633072779697057
4	43	0.018567642740225987
49	61	0.018468248857806513
12	51	0.018467366807292877
42	59	0.018428287583597644
39	55	0.01842571712222975
30	51	0.0183736219985702
9	10	0.018340780586341046
44	46	0.018284226929915867
15	21	0.018190773244778677
7	62	0.018098632560219513
17	21	0.018019876369959505
28	63	0.017945706724894345
25	37	0.017910282434255492
6	41	0.01787148617667267
4	64	0.01781248311316136
45	54	0.01776426899432143
42	43	0.017714265675913873
29	51	0.017596499713897415
15	42	0.017538787367518974
9	16	0.0175233940159912
12	52	0.017326348593902516
13	33	0.017257574991333235
8	54	0.017185503260290863
15	58	0.016899742008923677
1	57	0.016812318894218373
54	60	0.016635894651195207
12	32	0.01651098102977315
3	57	0.016463194006702597
21	61	0.01639278490844545
23	47	0.016339120611361807
12	31	0.016334581793963215
29	52	0.01626914544530511
17	50	0.016156212065179865
1	47	0.016109687792380645
2	24	0.016082063844111483
35	36	0.01601495212114616
24	41	0.015958399858873984
5	9	0.01585277262538831
21	56	0.015828201551943956
22	33	0.015747978975675474
2	44	0.015671837925388107
8	9	0.015437992485724444
25	47	0.015386471578928251
40	42	0.015303713304713876
21	53	0.015290444232741666
17	55	0.015235214186206734
27	61	0.01511668490801013
58	64	0.015070170304326988
28	33	0.014996931079384601
56	57	0.01490602253692691
1	13	0.01480335481155419
14	49	0.014760082704017297
38	44	0.014575244379193178
14	28	0.014466657230996438
21	48	0.014432252196967685
25	38	0.014390727560152528
11	13	0.014370867820578996
46	60	0.014288075792944083
61	63	0.014241734052722443
44	49	0.014209402546680558
31	51	0.01419731861873584
40	47	0.014167432827993251
10	60	0.014139180196546627
4	47	0.014076144322150708
28	61	0.014072146938935187
5	13	0.014026833988685872
12	40	0.013992415253734264
4	12	0.01387201775675477
26	28	0.01386758577597133
11	30	0.013857365856432054
54	59	0.013842079734190271
23	25	0.01383613522709723
24	48	0.013810344016341958
33	50	0.01375839815669462
44	54	0.01372495202519769
11	60	0.013721488487412697
27	44	0.013690155053742437
24	40	0.013482412053903534
16	60	0.013448172174666692
58	60	0.013296039114998826
15	50	0.013294845397666025
41	54	0.013170746725033863
31	33	0.013166020000007342
5	44	0.013137109015489257
29	33	0.0131274341901918
22	51	0.013106812447003353
35	60	0.013073889087679785
13	62	0.013064497951748757
18	42	0.0130179520725682
20	32	0.012955130025669781
32	34	0.012930588274225878
52	57	0.012770794771118268
9	56	0.012708338403916448
30	33	0.012638256990003316
31	52	0.012631716111222983
32	57	0.012594104240367679
53	57	0.012548129000927319
10	50	0.012255099725065985
2	22	0.012178856424538698
7	57	0.012130790337816943
9	53	0.012024714757335207
9	62	0.011903737069679038
23	28	0.011782388119342402
3	43	0.011735123675026188
21	26	0.011641260340730542
14	54	0.011485929429809721
18	39	0.011441919191078842
15	55	0.011399204852900663
6	57	0.011322978411598239
9	17	0.011260014817349097
22	52	0.011231266887268963
6	9	0.011195485128193253
51	57	0.011147797834053022
7	46	0.011057582435103741
58	63	0.010794051533000615
20	50	0.010761736784586362
34	50	0.010757348531257802
57	59	0.010708194903096907
2	28	0.010671554170665315
18	23	0.010667953425800042
19	50	0.010659045417076844
47	58	0.010610711925375271
21	52	0.010554766820669553
49	54	0.010542497653036081
14	44	0.010495841529247027
2	50	0.010474467919106722
20	36	0.010212385280355604
34	36	0.010201593212955357
29	49	0.010185612010100653
48	62	0.010155756531987442
10	14	0.010090392555051828
50	52	0.010006840099163347
14	53	0.009985153119775533
40	55	0.009974788995056522
19	32	0.009971263788751593
47	57	0.00991130245945221
50	51	0.009885867676416651
29	61	0.009869362471310816
23	41	0.009846041576459241
9	45	0.009845204514254594
21	51	0.009718132075882888
2	7	0.009645936537086647
10	36	0.009592870963719254
19	36	0.009534481639973467
5	21	0.009500019426933376
49	59	0.009463661894497793
54	63	0.009457146533528749
40	59	0.009455652236060458
50	53	0.009382472834775113
40	48	0.009262407732147787
29	41	0.00925127431712694
28	41	0.009240002683036791
9	38	0.009194335834809456
30	60	0.009193048143953372
37	45	0.00912550235420731
56	58	0.009115872649833101
14	16	0.009066978364066253
4	27	0.008975615499100226
14	41	0.008973738240508192
29	60	0.008923922088648353
18	45	0.008813126967176538
17	60	0.00877299238068091
5	29	0.008742587736025043
27	50	0.008721648181090697
23	45	0.00869419490423709
21	38	0.008635596976758572
25	50	0.008603380351455359
6	27	0.008575249330734586
14	52	0.008536785062619873
3	44	0.008517260889460795
41	48	0.008507377701206797
16	36	0.008491801463733004
38	46	0.008434810586107039
33	44	0.008352062539060137
24	39	0.008329621588833935
3	12	0.008320307765075613
16	50	0.008286198986554624
21	33	0.008279922026822817
14	51	0.008241301967659084
14	60	0.00809088973053329
14	56	0.00800994921090492
21	22	0.007979104412163887
54	61	0.007916657990262421
57	62	0.007896285054377034
45	62	0.007840867376876837
40	43	0.007671187280649999
1	54	0.007657279951047577
18	19	0.007646002000080268
10	32	0.0076140331611352224
57	64	0.007535098021405118
16	32	0.007502056807120613
9	30	0.007488078592347638
31	55	0.007453433288687403
39	62	0.0074341825822693
11	55	0.0073202058607160225
8	15	0.007281749978507279
14	20	0.007235035971874831
14	34	0.007223231804204214
44	64	0.007198669233061464
1	61	0.007194762390057188
13	35	0.006978050446096493
6	46	0.006969108649663103
9	52	0.006893529003919596
6	55	0.006886548770449058
2	41	0.006874428778946146
30	42	0.006868644877429955
46	49	0.00686308206861444
25	46	0.006861205697460543
21	27	0.006826776792835387
47	61	0.0067849484229815515
8	45	0.0066682713103694835
21	49	0.006640820744979514
29	40	0.006585392927379738
18	20	0.006572812567992435
18	34	0.006551928596645794
9	63	0.006548179933229342
50	56	0.00653930797463196
14	19	0.0065330190532229965
23	61	0.0064666867301574615
9	51	0.006404991027874153
9	48	0.00638667933430416
33	63	0.006332243259638798
36	47	0.006314352984069765
23	48	0.0062637823755547495
14	32	0.006148995885187164
43	49	0.0061176416643938525
2	12	0.006057923745182395
22	54	0.006008873066607398
44	61	0.005945687149762333
21	30	0.0058943477460250415
18	31	0.005887183751017447
6	40	0.005874911658670295
44	47	0.005869331872320013
53	58	0.005851020076083284
17	36	0.005834186592593889
21	58	0.00567197506456199
21	39	0.005634891741180065
29	44	0.005622210975717454
18	58	0.005564843123169627
14	59	0.005543316251650998
36	53	0.00551787290969849
28	62	0.005447704133914044
24	30	0.0053037163580202384
36	56	0.005228282750440398
24	61	0.005207417471331216
11	36	0.005168501490320401
51	58	0.0048063335694710635
22	63	0.004786219040290127
2	5	0.004688829124285421
34	57	0.004661446572846208
36	52	0.004658871302775411
20	57	0.004609632994875858
41	62	0.004591750596632416
38	40	0.004525598519877688
1	6	0.004482848644065784
21	35	0.0044827203026409496
14	40	0.004418033933743695
49	55	0.004333443185694688
21	45	0.004328043076773633
40	49	0.004308265993981222
33	55	0.004307389989900254
26	61	0.004281990167658317
24	62	0.004041281921768836
9	58	0.004013574955145233
27	32	0.0038760701341269688
27	60	0.003837218245342236
7	49	0.003795304683897577
45	57	0.003770069160814557
26	42	0.0037656836947719124
12	15	0.0037621642243631515
8	40	0.003718664119951462
9	54	0.003605996098776182
1	22	0.0035427946297210827
10	18	0.0035199867429349177
8	61	0.0034689433364009925
21	60	0.0034665191759207653
14	58	0.003406608054630972
11	21	0.003366223772241342
16	18	0.003359080855338148
30	35	0.00326506907524151
31	32	0.0032494546395603757
28	54	0.0032410143650256074
15	25	0.00322266414514627
14	36	0.00318325413794876
4	30	0.0031825610177626945
23	39	0.003073619785952053
26	55	0.002894678344428109
13	29	0.002843613594347122
27	41	0.002820440830277174
45	58	0.002804166445233097
11	22	0.002776434485853234
8	12	0.0027251727398448777
48	58	0.002723026819658178
9	60	0.0027049708318407084
30	63	0.002696017055235367
6	44	0.002632475184195876
38	54	0.0025848384320172058
52	58	0.0024960351581575085
18	27	0.002217163400671046
48	57	0.0021989067288184228
45	60	0.002018192389397544
19	57	0.0019454543571540417
13	46	0.0018412126559320952
24	46	0.0018290351912549907
6	18	0.0017504602392945656
7	36	0.0017449680033967685
9	33	0.0016923066298448336
17	28	0.0016690162140570175
40	58	0.0015988001960419856
5	14	0.00156318094855884
36	51	0.0015562614872450392
39	61	0.0014110476511808856
11	29	0.0013409196310099347
3	47	0.0012877277602038606
37	58	0.0011847519547749652
31	35	0.001121420342222415
33	61	0.0010846983761183399
20	58	0.0010836276554552424
23	38	0.0010687421160693877
33	36	0.0010478626767646965
34	58	0.001030709904517084
9	35	0.0010252265753985662
8	55	0.0009854620973319683
2	60	0.0008475731138285342
4	38	0.0008466241516113526
31	60	0.0008044392594496186
18	36	0.0007972646068621636
18	35	0.0007751435797103134
9	55	0.0007357201959398152
32	56	0.000609046598697642
9	11	0.0004029108063831749
12	21	0.00021099372159640029
9	61	7.259256652247803e-05
39	58	-4.972564340671726e-05
11	39	-0.0001572510154227852
24	44	-0.0001628024657668592
15	51	-0.00020773616170619014
9	13	-0.00020859545521863254
37	62	-0.0002186300150294196
49	57	-0.00023441150950581635
22	42	-0.00023445202771220364
21	62	-0.000287058544624047
58	62	-0.00028771926926279834
25	32	-0.00031759631772046437
2	37	-0.00038717350834829856
25	39	-0.00038851069718545683
13	21	-0.0004061630703573321
11	47	-0.00047783441002634264
33	60	-0.0004783838210483532
4	5	-0.0005712717106531318
26	40	-0.0007192461481983353
5	30	-0.0007459773269366671
9	22	-0.0007657721091392372
32	53	-0.0009601198107674555
15	46	-0.0009956842389227116
7	21	-0.0010254415502414238
40	45	-0.0010405337666578862
2	9	-0.0010706430254110444
4	42	-0.0012157438735991705
21	37	-0.0012167557621221292
2	62	-0.0012212955022585792
6	48	-0.0012401144443039136
48	60	-0.001353865556029829
35	63	-0.001426075143750552
18	56	-0.0014919853698858593
15	54	-0.0015418659200771567
1	51	-0.0015632792959788602
28	40	-0.0015704200492686338
23	27	-0.001581184655820106
16	57	-0.0016888078590905423
19	58	-0.001775504783140272
8	62	-0.0018098601680169024
23	55	-0.0018653379870197662
15	36	-0.002037469391559646
10	57	-0.002090225790170021
39	49	-0.0021285004529184304
31	40	-0.002173650651548925
5	49	-0.0022027246662719435
22	35	-0.0022530292324070417
13	40	-0.002292324179967664
15	45	-0.002399539417323432
11	45	-0.002419684438611777
40	64	-0.0024634968085970876
41	64	-0.002523062442944604
12	59	-0.002591247993658674
13	36	-0.0026471099016487504
24	49	-0.002754923474591303
18	53	-0.002884914034706372
18	59	-0.0028892348706789917
2	4	-0.002905272663513536
41	63	-0.0029707158459864463
11	63	-0.002974401948785177
18	47	-0.0029922345411033946
24	31	-0.0029956842116401344
29	36	-0.0030981075915623574
16	24	-0.003101730982885846
46	63	-0.003268869043733108
42	62	-0.003353552269579216
4	33	-0.0033994832162073246
28	38	-0.003440467970863864
35	43	-0.0036004980650043705
39	42	-0.00375630468169158
15	52	-0.0038585653407674086
38	41	-0.004065228608115243
7	58	-0.004395601511089808
9	12	-0.004528813985552632
27	42	-0.004540626342984105
17	18	-0.00467593464060527
3	31	-0.004750807218013811
55	59	-0.0047704378551279986
17	61	-0.004853227682729555
31	38	-0.004909968881042823
1	50	-0.005016395607590138
30	36	-0.005023242369101941
29	43	-0.005065118855178172
15	37	-0.005163777595370761
9	27	-0.005173564414949178
18	51	-0.005194893053397889
49	63	-0.005207796136521614
1	52	-0.005324692346880093
32	64	-0.005352789108007239
11	18	-0.005390285534423125
7	37	-0.005401890654788799
48	63	-0.005461383953190013
3	13	-0.005531945695970458
12	63	-0.005569150086315033
32	52	-0.005633707030687898
41	45	-0.00565940101284243
6	52	-0.005673077828278292
54	58	-0.005746557891588913
32	44	-0.005819953707156794
26	39	-0.005822770942673056
45	47	-0.00588097626999845
4	37	-0.005983516689058388
24	58	-0.005994961284457034
39	44	-0.006040535904823244
12	30	-0.006096093450458029
36	62	-0.006098304290100304
13	47	-0.006107430888772372
2	57	-0.006108867879907276
38	57	-0.006193846923003121
4	31	-0.006245778838782037
3	4	-0.006248034428449845
14	63	-0.006362048604901915
47	49	-0.006364866161775368
36	54	-0.006395518606362241
5	41	-0.006431192215681655
37	42	-0.006499671373810689
3	22	-0.0065960067237237074
30	59	-0.006637726184489504
6	13	-0.0066473399572426345
9	49	-0.006714218469816707
18	52	-0.006722609845318694
7	19	-0.006734364295067463
13	48	-0.006736356035896604
37	52	-0.006797056915060343
39	46	-0.006801866795566047
18	21	-0.00680978800349373
28	34	-0.006897505221910613
5	27	-0.006903523116481597
20	28	-0.006903788812869599
36	43	-0.006999713338236943
22	64	-0.00701294858062991
9	42	-0.007054553210058323
10	58	-0.0070614228419278585
32	51	-0.0071265886907181525
6	28	-0.007163019457972347
15	62	-0.0073944161906074335
22	50	-0.007483081650336509
13	59	-0.007542702961786746
6	51	-0.007554013783826349
7	20	-0.007626578208750914
7	34	-0.007651409109216231
1	49	-0.007707645686388778
24	34	-0.007720043624020331
20	24	-0.007743849341734818
16	58	-0.00784326597497853
2	10	-0.008092933016245071
19	28	-0.008098332365869848
15	31	-0.008131718410569935
1	7	-0.008147402126982756
11	44	-0.008156586195511129
7	8	-0.008224001911331824
25	61	-0.008317388974156709
15	59	-0.008365389193159184
43	62	-0.008401948421363409
4	26	-0.008547030022452384
30	40	-0.008585198292698895
31	54	-0.008631452537848139
23	57	-0.008699182480248521
12	42	-0.008708996379446415
15	56	-0.008795218447271505
35	44	-0.008827845007532864
22	27	-0.008949990103860259
39	40	-0.009095091633536695
17	44	-0.009259064490734943
13	55	-0.009271042267168655
8	18	-0.009325137342985762
6	24	-0.009331086481896927
41	46	-0.009352062068944234
50	54	-0.009402713607799582
35	46	-0.009446035375114875
31	62	-0.009478142023832958
50	63	-0.009606380273938037
6	53	-0.009730423679836633
10	28	-0.009735487573778429
49	52	-0.009796852812232665
19	24	-0.009852078421426408
41	53	-0.010016441463656947
37	61	-0.010053199577016114
10	41	-0.010137842736770049
9	43	-0.010196052200823008
24	53	-0.010336601400023626
13	38	-0.010341992367922645
43	44	-0.010359123930161473
41	56	-0.010482831627584302
32	46	-0.010483161829683035
55	60	-0.010505884979880378
16	41	-0.010513805179760444
16	28	-0.010529664347248308
4	41	-0.010556487692710462
19	41	-0.010687922575619624
26	57	-0.010691841567967764
28	36	-0.010707113138693575
17	41	-0.010721417290223176
22	29	-0.010777902989718854
27	54	-0.010821811502649381
15	40	-0.010889931958456917
27	64	-0.010974356711020622
10	15	-0.010981999031754883
8	35	-0.011005986473977741
31	59	-0.011108277031601083
28	29	-0.011167461177010007
18	33	-0.01117568905660872
22	62	-0.01119610583227118
2	15	-0.01119666067425898
37	51	-0.011208110177977432
7	10	-0.01121020462505555
1	58	-0.011228857086376193
31	48	-0.01124970222373936
12	55	-0.011329862445866049
18	46	-0.011357434051303905
29	30	-0.011393191725045798
34	41	-0.011442367078851066
20	41	-0.01144733903115152
6	16	-0.011512848300477746
15	44	-0.011550851857366567
13	63	-0.011552083941048147
14	18	-0.011565273964330589
2	59	-0.011616934586496958
13	50	-0.011658195585409176
7	16	-0.01189388525120666
28	48	-0.011898912058568967
3	26	-0.011916156124690297
32	41	-0.012035639360250663
49	60	-0.012074350905827716
30	55	-0.0120999296425362
6	56	-0.012115059004512943
18	48	-0.012192261121575093
47	64	-0.012220661861482629
17	63	-0.012269656820162123
41	58	-0.012275609232615864
18	28	-0.012299658405053315
42	60	-0.0123157332716623
13	14	-0.012391920334850343
42	57	-0.012435006929182271
35	61	-0.012471357719472803
10	24	-0.012515780393191296
15	53	-0.012531051540586674
31	49	-0.012598008494419069
23	37	-0.012633527317018944
13	31	-0.012723409759010165
32	54	-0.012768124332695835
7	26	-0.013090293360612598
25	49	-0.013220653296667079
8	31	-0.013263566753538125
31	41	-0.013285029351632976
41	61	-0.013305433692583732
41	44	-0.013340816861411087
48	51	-0.013344612345601484
4	13	-0.01334934872689865
14	43	-0.013395161749150356
7	30	-0.013411247017045186
46	55	-0.013429829480355038
44	51	-0.01344876926818954
4	28	-0.013457977343485666
42	48	-0.013635862307145225
18	29	-0.013717957928339741
4	32	-0.013782238196645591
3	48	-0.01379854217358159
5	45	-0.013805546175300332
25	45	-0.013884381465550849
7	41	-0.013899113591408427
24	32	-0.013933604257459709
49	51	-0.013955270413989654
1	35	-0.013992388119227692
8	39	-0.014004594235260792
18	30	-0.01407684425422634
50	62	-0.014083286302931652
28	56	-0.014128124214851392
4	40	-0.014128571860390071
44	59	-0.01418258161147895
48	52	-0.01419354184970835
21	55	-0.014218973043373231
15	29	-0.014236596687139766
22	32	-0.014254082015020958
22	61	-0.014334175269984414
1	29	-0.014365077864923484
8	26	-0.01440311146495138
23	54	-0.014424524544297962
37	64	-0.014457051113721114
19	26	-0.014466938043734917
18	41	-0.014472090592067569
28	53	-0.01449394091524657
38	58	-0.014564296627376905
6	20	-0.014887873712800842
7	43	-0.014902738948801814
6	34	-0.01490308825593363
6	19	-0.014962954920042001
41	51	-0.015004623094493817
21	41	-0.015041376678819912
38	60	-0.01504971751006852
1	10	-0.015101054285041313
44	52	-0.015111216288966417
13	61	-0.0151115320836335
36	55	-0.01511698825408471
37	53	-0.015317513350774525
22	24	-0.015324507633694986
6	60	-0.015336292946666899
7	24	-0.01540874921114399
17	57	-0.015469779220809679
13	49	-0.01547966777755154
8	28	-0.015505046487467006
23	64	-0.015649783436958664
26	30	-0.01566036796435183
45	61	-0.015668078018957532
15	18	-0.015835683307103304
1	44	-0.015843292288737557
11	43	-0.015857222184000236
45	50	-0.01595665163541113
49	58	-0.0159819746651986
15	48	-0.015992622707471676
21	32	-0.0160258612270521
11	41	-0.016091122727996378
9	41	-0.01614496684021037
22	39	-0.016172739331339017
2	16	-0.01621232979035403
30	50	-0.01630167731897364
19	43	-0.016330777877687865
21	29	-0.016350242065376316
2	61	-0.016418318814765992
2	8	-0.016424785615929194
22	55	-0.01647477146537059
7	56	-0.016521026538348818
22	47	-0.01652262902271505
46	48	-0.016582026241012543
25	58	-0.016614368746078106
30	62	-0.016737757830668012
2	27	-0.016754372706273557
45	51	-0.01696694941908001
3	24	-0.016989516071703764
36	63	-0.017045594984241075
6	10	-0.017051144142953306
5	25	-0.017062799313458943
30	41	-0.017062830245960198
2	38	-0.017085472519215494
7	53	-0.01711519204649685
12	26	-0.017230219576669314
14	15	-0.017268406773976175
1	14	-0.01734943198198549
33	41	-0.017368891623808787
7	48	-0.017407891041351015
41	52	-0.017444022684859298
34	43	-0.017496336534918625
40	63	-0.01758123177687021
28	31	-0.017589465766817705
1	38	-0.017625614115806973
20	26	-0.017698313858491438
20	43	-0.017701765137679702
30	64	-0.017774469351683517
26	34	-0.017782778280017994
7	12	-0.017898366807856197
22	30	-0.01802571493881526
54	56	-0.018041047635557722
22	46	-0.018049719078250537
38	51	-0.018058715809664103
5	8	-0.01806758878432596
12	58	-0.01808917186107102
35	57	-0.018111870568025656
12	36	-0.0181744762781548
3	7	-0.01827605656618747
7	27	-0.018406703743851838
2	54	-0.018441682566848805
30	43	-0.018520398533851762
24	56	-0.018622303132629664
28	35	-0.01866202683093507
28	51	-0.018825824564235677
23	31	-0.018907416532448068
3	27	-0.019020488453215745
21	31	-0.019072574148284602
37	57	-0.01912964202552858
22	36	-0.0192779031554806
35	49	-0.019313527123461252
49	53	-0.01933917203745858
3	35	-0.01938416294451316
48	56	-0.019469671832532842
45	52	-0.01948557963336682
24	42	-0.019599834844012065
7	35	-0.019642516865409493
26	29	-0.01964277106350612
5	57	-0.019654176041372956
6	11	-0.01968901533959254
2	18	-0.019885155215997236
28	45	-0.019886990319344613
4	62	-0.019922466117424514
31	63	-0.019962216195970814
7	17	-0.02003507853438055
46	57	-0.020094600906658974
9	46	-0.020167582051816263
5	48	-0.020184759519749268
9	32	-0.020189803027377412
16	38	-0.02025937447340656
5	60	-0.020326701881288378
4	48	-0.020331729153577338
10	38	-0.020342650590540204
9	24	-0.02045188690529337
5	22	-0.02046695773403802
26	31	-0.02052517276529442
27	58	-0.02062557338083945
23	46	-0.020693457857687336
35	41	-0.020726695339169383
21	42	-0.020852874843326555
1	21	-0.020899006522176786
1	56	-0.0209850078846449
5	38	-0.021059552371456403
42	61	-0.02121546809386954
35	50	-0.021232322288064806
21	46	-0.021242313595464343
41	50	-0.02137848531498543
2	11	-0.021437734559942703
2	49	-0.02148597596958976
28	57	-0.021504617860671482
21	24	-0.021547366786401165
7	64	-0.02155422393007289
53	54	-0.021558673904785913
13	28	-0.021682887757638034
39	43	-0.02168777476913869
39	57	-0.02172758147222556
36	57	-0.02174762330083703
36	58	-0.02182856887095995
42	47	-0.02185992360998891
29	31	-0.021876832821747752
1	15	-0.021916630933473832
12	25	-0.02191861032204373
43	60	-0.02197009004587025
28	52	-0.021989409812871633
1	31	-0.022152470427054538
4	14	-0.022269510643227824
51	54	-0.02227875819651709
38	56	-0.02228963702143398
37	56	-0.02232169744108195
5	26	-0.02232426437282367
18	50	-0.022357744522274015
28	46	-0.02243695888626962
4	17	-0.02248259394110648
7	18	-0.02258973422060878
26	48	-0.022600533488677466
12	23	-0.022669776000871306
22	40	-0.0226709845970183
23	29	-0.022706846914062676
22	37	-0.02274736497030813
7	38	-0.02276002242705727
22	31	-0.02284498271130664
50	58	-0.022893281862196538
23	34	-0.022968368363441655
21	43	-0.022973759974661473
43	55	-0.022975484506345623
15	41	-0.02297787600511679
12	47	-0.022997872531957092
20	23	-0.023034982768431772
12	60	-0.02306246893778799
16	43	-0.02306514066216863
7	39	-0.023084392622863714
7	51	-0.023142056455506724
43	52	-0.02315059604837949
17	58	-0.023159324960756504
52	54	-0.02316648943519234
11	37	-0.023189174044960306
42	55	-0.023219950455700272
16	62	-0.023247955300144924
15	60	-0.023296736048821515
8	19	-0.023302907513462257
4	9	-0.023415008362321132
45	55	-0.02343741612701683
2	64	-0.023437618465618093
18	32	-0.023602796164580053
5	24	-0.02371075096115688
8	36	-0.023748439614419053
8	21	-0.023812672453620315
13	37	-0.02383637644330655
48	53	-0.023887604227643675
13	41	-0.023920038749831597
8	63	-0.023933781409450294
59	63	-0.023944101043962718
29	63	-0.023961997219928838
7	52	-0.02404458132790052
39	50	-0.024047729366248605
26	49	-0.02405663966325025
33	45	-0.024060964858662548
9	39	-0.024106611352537777
12	41	-0.024267578260538797
15	20	-0.02426945328377232
11	64	-0.02427540925612212
15	34	-0.024300490606455324
8	34	-0.02446809576121764
8	20	-0.02449908883623793
10	43	-0.024554061318226815
39	60	-0.024583340211789872
1	17	-0.024689510467320645
2	32	-0.02473876419817482
39	52	-0.02486496943008741
36	61	-0.024874246737104894
38	52	-0.02492220543586643
13	32	-0.02498210656271166
1	30	-0.025007782860582334
17	24	-0.025080577229829926
32	43	-0.025146388973073128
1	53	-0.02515557064454503
33	57	-0.025161915890931946
37	47	-0.02528451601526069
15	16	-0.02536683691286605
15	43	-0.025378940385235166
26	37	-0.025382261780103416
5	34	-0.025459620283512147
18	63	-0.025461890889931504
6	17	-0.02552484110955862
5	20	-0.025582886969480384
19	23	-0.025584528550252894
12	57	-0.025634508927204647
16	26	-0.025669332948072235
16	48	-0.025770783857766558
36	59	-0.025780295371302775
26	50	-0.025785658061132172
11	58	-0.02581936826635091
15	19	-0.025859956539621753
9	31	-0.025922175137618325
43	54	-0.026034619239949625
34	38	-0.02607556091984449
20	38	-0.026076338139149835
22	23	-0.02612336068762021
8	37	-0.026275429582425652
35	58	-0.026306074795781537
38	53	-0.02633018677947027
49	56	-0.02640000479782842
13	60	-0.026402537970451972
24	51	-0.02640334145103934
23	43	-0.02644487691020872
39	51	-0.026482314378570945
11	57	-0.02652371389608657
2	34	-0.026530310631292867
2	20	-0.026565686460240878
11	48	-0.026597312845069124
14	22	-0.026712299692023392
40	62	-0.026785160464746008
5	33	-0.02681890494406665
11	38	-0.02687196695327812
22	25	-0.026928195082607326
10	48	-0.026933455563426606
33	47	-0.02697796125555202
15	35	-0.026993814347750347
24	52	-0.027007733803900105
10	26	-0.027017288159744857
26	63	-0.027241651348132806
20	48	-0.027258193853079024
7	33	-0.027265392667764635
34	48	-0.02728418261311205
37	41	-0.027289140224750943
4	25	-0.027292383572516177
13	57	-0.02734181795233341
2	35	-0.02735875078391581
18	62	-0.027415486150707796
11	46	-0.02770134274612443
2	48	-0.027710315949548786
40	61	-0.027735474076383257
14	23	-0.027780556065749612
42	58	-0.027828595918440557
43	51	-0.027900193569574808
25	35	-0.02794348478549595
19	38	-0.027970901074007765
35	37	-0.02798124075306624
34	54	-0.028087267586404563
5	19	-0.02815032607930862
20	54	-0.02815388492373473
1	12	-0.028168825469688505
39	59	-0.028267128578351147
16	23	-0.02831008704503389
9	37	-0.028389265917951156
8	10	-0.02842581446678734
4	11	-0.028446913937666296
40	57	-0.02848250639389599
1	19	-0.028521936895524257
41	60	-0.028555464904919836
2	19	-0.028585898025810325
27	63	-0.02863519952690599
41	59	-0.0286656590629418
12	62	-0.02870477558847445
50	64	-0.028902491298503058
5	10	-0.02897949918119057
6	33	-0.02907250013589406
8	16	-0.029092223932405237
14	48	-0.02909981856623653
1	16	-0.029106181696235987
1	34	-0.029135044730067824
33	58	-0.02913618991923468
10	23	-0.02913795832262392
1	20	-0.029138757532421074
42	53	-0.029204220650223427
27	31	-0.029530359807024995
10	42	-0.029547575438411113
1	45	-0.02956867639128062
17	42	-0.029616311358312816
5	63	-0.029635621037361504
16	25	-0.029672039525036317
30	46	-0.02969215238314378
19	48	-0.029801730430462733
22	38	-0.02984051757138373
32	42	-0.029850753939539093
42	56	-0.029873763283664048
12	54	-0.02988971815708727
5	16	-0.030047893937150738
8	52	-0.03005368366227419
4	61	-0.030070370841412453
50	60	-0.030071560882029863
24	35	-0.030094750189110245
16	42	-0.03009846106193824
1	18	-0.030162947934698855
47	51	-0.030322221486210083
26	56	-0.03034028003589928
9	29	-0.03037806053519268
43	53	-0.03044660305092784
43	56	-0.030476916752238216
32	37	-0.030514713429744933
24	47	-0.030624195946765687
7	42	-0.03068956092557483
19	42	-0.030705196598670936
6	38	-0.03072472296229814
8	51	-0.030772990720947635
26	36	-0.030773038831435395
33	39	-0.03087868042356262
23	44	-0.030888950892690975
4	8	-0.030891489545211592
35	47	-0.030894281259868137
5	17	-0.030904209987715245
19	25	-0.030934507527467098
6	63	-0.03093946846873777
31	50	-0.030966842335400716
22	59	-0.03098044250650943
22	28	-0.031163546530476732
29	55	-0.031174511164305946
33	59	-0.03125679093909664
28	50	-0.031290366367587835
5	52	-0.03129441972119866
30	57	-0.03139342308557293
34	42	-0.03140771358623523
20	42	-0.03141295567155812
12	27	-0.03143035577755253
17	40	-0.031480492084182014
35	64	-0.031533146690972264
11	24	-0.03154097443453073
19	54	-0.03154433228834798
12	24	-0.031668795468126246
44	48	-0.03171046235106004
40	53	-0.031710880610999755
3	45	-0.03175129841566954
2	52	-0.03175423114569027
53	62	-0.03177538102762627
7	40	-0.03183815970263605
8	53	-0.03186912566919836
14	21	-0.03192046973634727
10	40	-0.0320592520162465
33	64	-0.032068546180726465
9	18	-0.0321714294445503
6	64	-0.03227879390107663
8	56	-0.032306880067668256
40	56	-0.03232786022154788
1	46	-0.03232950577734228
26	53	-0.03239301484642032
16	44	-0.032697812880277406
22	48	-0.03271572881156268
14	30	-0.032761180104753054
16	40	-0.032774655759019694
42	63	-0.0328325322254331
24	33	-0.03283954218192449
41	55	-0.0329776321175336
22	58	-0.03302452989922772
3	60	-0.033029765389490165
11	61	-0.03307856053717276
5	37	-0.03314623937720884
26	44	-0.033181060113045155
19	40	-0.03319699537519948
21	50	-0.03324547084048787
53	61	-0.03325412402381113
44	56	-0.03328217783284221
33	48	-0.033292748333754146
23	35	-0.033371316447795965
15	27	-0.03343549170086732
44	53	-0.0334355353501931
14	55	-0.03344171386912752
10	44	-0.03354949222233006
33	37	-0.03363626995563107
33	49	-0.0336646492733923
50	57	-0.033672192559820985
56	61	-0.03372999572178284
38	43	-0.03375003832161633
1	36	-0.03375411450963513
42	52	-0.03378361220211097
29	42	-0.03381348093365945
34	40	-0.03397312607841964
20	40	-0.033976651471325225
4	55	-0.034012699923790884
36	41	-0.03411457411135953
10	46	-0.03413326906188982
17	47	-0.03417270084513141
17	49	-0.034349520003491396
3	10	-0.034367446637743715
17	38	-0.03437167591559204
19	44	-0.034386447897916485
56	62	-0.034407738192815784
2	17	-0.03444020754089963
33	38	-0.03454105721330078
19	62	-0.034541190455202944
1	48	-0.034561196640240335
8	49	-0.034581336624919745
1	37	-0.034826331732654134
34	44	-0.034838837486229644
20	44	-0.034839997470769525
50	59	-0.03485476944870641
47	52	-0.034892057064782295
6	26	-0.034958051866591955
12	50	-0.03497478146941399
14	31	-0.03497820322368443
13	58	-0.034984686821959696
18	60	-0.03503246771327738
4	22	-0.035056578354125234
25	57	-0.035159288001195804
50	61	-0.03520246340039679
2	56	-0.03522866335950055
2	53	-0.03525027292658271
23	59	-0.035329105436746916
57	60	-0.0354044998162624
46	52	-0.03541146635767209
5	51	-0.03542600501473574
43	50	-0.03544111539744381
2	21	-0.035488808453868134
42	51	-0.03554725122584998
15	17	-0.03557550243411746
30	58	-0.03558154951830966
19	27	-0.03561572364551621
6	22	-0.03566836314321553
2	6	-0.03567911161820697
1	9	-0.035703182931750274
18	38	-0.035732795936544076
10	54	-0.035887555503885435
16	45	-0.03591720695386979
31	36	-0.03596648515976368
2	51	-0.036052931304341354
10	45	-0.03608021954283449
5	53	-0.0360839547121037
33	43	-0.036093387871049126
8	30	-0.03613475906368975
46	51	-0.036242908623856984
15	28	-0.0362527363326898
8	17	-0.036279053863948446
6	43	-0.0363362967314918
16	54	-0.03633842603403109
5	56	-0.036363597042253434
7	31	-0.03639632469312218
30	49	-0.036419528805036405
7	11	-0.03645687293688901
36	64	-0.0365029649447505
30	45	-0.036529511966283526
20	25	-0.03655499085207237
25	34	-0.03659214929382634
12	45	-0.0366190812545321
1	33	-0.03682817840734169
11	23	-0.03683807254426487
23	52	-0.036863730741665074
47	54	-0.03688708697055418
31	44	-0.037038440600409755
1	32	-0.03708082931147011
17	48	-0.03726907597348482
22	57	-0.037276989913227226
14	42	-0.037281371442787536
45	56	-0.037372615765087644
54	57	-0.03745413865638879
26	32	-0.03751159614849045
41	57	-0.0375232943964125
33	42	-0.03757229813602988
15	33	-0.03759840601367781
23	56	-0.03762874000891986
37	54	-0.03768325287092017
2	33	-0.03769425310945733
19	45	-0.037725457053356594
8	22	-0.037727229473851015
17	59	-0.03775092830588109
21	44	-0.03777520149165968
14	26	-0.037831557805001276
52	62	-0.03786891073625773
45	53	-0.037887285635954025
45	49	-0.03800120518191297
40	51	-0.038008670775322544
34	62	-0.038081506876680396
20	62	-0.03810722156093735
36	39	-0.0382428324301721
10	62	-0.038249003079947996
27	35	-0.03831563427965648
26	52	-0.03834063851451003
17	43	-0.038424681114744744
11	42	-0.038426957127312825
17	26	-0.03843471885599371
13	26	-0.03845762518880076
23	53	-0.038477331880951704
8	47	-0.03848981746861074
34	45	-0.03857758678952444
20	45	-0.03858249133041159
34	46	-0.038612733144578956
20	46	-0.038619040700435925
26	51	-0.038640684670879596
40	52	-0.0386445297336884
12	46	-0.0386573036072661
8	33	-0.03875095013621438
13	39	-0.03875354807789662
11	15	-0.03880328951468426
33	40	-0.03884988444406805
11	40	-0.038991685185344974
4	34	-0.03901241945659657
4	20	-0.039029393527958284
4	54	-0.03908007084919754
23	51	-0.039085816593590464
1	11	-0.039087977691300985
31	37	-0.03938423210007615
6	54	-0.03940089230031524
16	46	-0.03946910436839268
1	55	-0.03952454173986905
43	48	-0.03954458947321546
16	49	-0.03955405411073552
17	23	-0.03958321863739504
36	60	-0.039617278172848144
15	61	-0.039675714007564394
51	61	-0.03985398696009629
17	45	-0.03985979159674954
21	63	-0.03988010549050247
5	43	-0.039915101696339994
16	37	-0.03992612962843384
3	33	-0.03997444150141784
31	57	-0.04002363406033983
35	59	-0.040058096824188136
35	42	-0.04018417429103187
18	37	-0.04020291935883147
32	58	-0.0402834920563757
38	42	-0.04032811666172449
23	63	-0.040404467935244326
56	59	-0.040453768741483515
9	50	-0.040470107440112243
37	63	-0.04054060282614824
50	55	-0.040542572726781786
27	34	-0.04076106859032143
20	27	-0.04076657674766111
4	35	-0.040802399902566705
47	59	-0.04080562844073776
32	61	-0.04084792163492321
28	55	-0.040910253113426914
17	54	-0.04091595428898609
19	61	-0.04109022714774967
1	62	-0.041200980586001745
10	63	-0.04123511463770134
44	55	-0.04137825449896132
3	19	-0.04142172518454201
10	64	-0.04143234894918478
4	46	-0.04148954054718523
10	25	-0.04152299358782095
35	40	-0.0415265342643876
13	23	-0.04161713531407708
20	61	-0.04166682452506949
34	61	-0.041711717358831085
51	62	-0.041769387878299605
29	32	-0.041789760053101005
17	37	-0.041882088733428566
10	59	-0.041890389704384565
16	63	-0.04191072438026225
53	59	-0.0419874707659868
38	50	-0.04207183401083123
43	58	-0.042140015885856225
52	61	-0.042170878903522196
24	29	-0.042194898454870886
25	53	-0.042406709357440245
39	56	-0.042419934012027344
23	60	-0.04263729562648169
12	39	-0.04266525685965726
3	52	-0.042851418725396925
16	47	-0.04286490332648252
4	19	-0.042916083664150007
19	46	-0.042943902240779194
21	28	-0.04306378534139352
56	64	-0.04309007395637361
7	28	-0.04312560535492918
39	53	-0.04335253168028559
29	46	-0.043430106940619884
9	59	-0.043494238976257565
7	47	-0.043558951894818426
11	26	-0.04357198118473292
27	45	-0.043603633380139895
4	52	-0.04374410820726392
16	59	-0.04376600865257478
54	62	-0.04381512107238192
37	60	-0.04387838302831609
6	30	-0.04388160673436288
17	39	-0.044040445295439226
32	55	-0.044213125902254624
43	64	-0.044287192047588686
24	25	-0.044291963927666295
10	47	-0.04443198592846613
23	33	-0.04451526299816162
24	50	-0.044554983587019675
7	13	-0.04465649941617829
15	30	-0.04468965093207039
3	38	-0.04469015339797883
38	62	-0.04473287900731804
16	64	-0.04475188215852367
2	13	-0.044846375678978576
3	29	-0.04485684454503122
25	31	-0.044948184446134756
17	25	-0.04508017346297982
12	37	-0.045095657186028315
10	61	-0.04515087480288804
16	61	-0.04515347261107712
6	36	-0.04522292939056037
33	46	-0.045342840626009295
11	59	-0.045374576927119936
3	14	-0.045472487379505794
53	64	-0.04547794695933262
39	54	-0.04552901546753957
14	24	-0.04556735768704283
33	54	-0.04564930575920634
56	63	-0.045677456618119214
47	60	-0.045698634603120084
25	33	-0.04575646275835833
15	57	-0.045824639552231844
10	27	-0.04586995890472512
60	61	-0.04602428507903371
52	64	-0.046074626709970076
10	49	-0.046219122049002984
25	51	-0.04623122385837326
6	35	-0.04623801995627784
24	37	-0.046331184745658005
18	55	-0.046332489700720195
19	63	-0.046341318642253285
20	63	-0.0463619369501837
34	63	-0.046398942688192654
51	59	-0.04640635424449954
8	11	-0.04642303378722018
20	59	-0.04662684975825973
34	59	-0.046672041532735284
30	39	-0.046743052901662724
6	29	-0.04677604397367732
16	27	-0.04680007113686034
5	31	-0.04683164127954048
16	39	-0.046837040230465685
53	63	-0.04693458768178313
9	44	-0.046999485232664506
28	60	-0.04701031621218632
13	24	-0.047126804042495404
9	14	-0.04723577840275049
12	48	-0.047266611309930165
15	63	-0.04750412375024521
40	60	-0.04772463116361625
25	56	-0.04772794687789901
26	38	-0.047859064855565875
6	47	-0.047905904989443304
4	29	-0.047905999817893063
23	36	-0.04791394416644744
12	28	-0.047941491432641356
26	33	-0.0481458086789759
3	11	-0.048166350609552336
4	16	-0.04830251399587289
8	48	-0.0483210879243422
19	59	-0.048325834468837814
51	64	-0.04834242518543633
4	10	-0.04834863809962432
31	61	-0.04842264017588975
6	39	-0.048427397320396415
42	46	-0.04843555405139836
19	64	-0.04855779029835959
29	57	-0.04856728061540809
37	59	-0.048607841345846864
26	35	-0.048679207120887094
5	58	-0.04870639016881917
35	39	-0.04872615553195042
2	30	-0.04876728217602301
3	34	-0.04878101037504848
3	20	-0.048804755787203974
4	51	-0.04881725673930726
3	16	-0.04889724617737387
3	9	-0.04916169374773588
27	30	-0.04916281760812072
24	36	-0.04920113959833719
3	17	-0.04935828267987487
17	64	-0.049360038790735666
25	52	-0.04948266161100552
11	49	-0.04959357110015532
27	55	-0.04962313742513472
18	24	-0.04973092851213895
59	62	-0.04977834519015317
44	57	-0.04978704344018589
34	64	-0.04983108338216741
20	64	-0.04990573163274119
3	51	-0.04996068571632095
24	60	-0.05000786566888257
8	13	-0.05008505230857431
21	36	-0.050232804736089584
52	59	-0.050724971895770396
10	37	-0.05081498182294697
52	63	-0.05107174775937538
49	62	-0.05110053061142206
1	60	-0.051145546926005356
27	52	-0.05122374584356436
12	38	-0.05132397536243817
22	45	-0.05134968859564831
19	47	-0.051390911704897846
6	31	-0.05151731583081631
27	56	-0.05156593316143719
20	37	-0.05166772741514346
34	37	-0.05176826106088893
47	56	-0.05192329617557653
30	47	-0.05192364516914784
17	27	-0.05197081425075893
5	11	-0.052047882024567324
35	48	-0.05207603869204583
33	62	-0.05214490602368059
4	21	-0.05220058621166371
26	58	-0.05221216663112346
25	62	-0.05223199594612424
27	53	-0.05231419970171568
55	63	-0.05247770041567046
12	49	-0.052661117818792444
8	38	-0.05276431078593122
13	45	-0.05277467129892728
47	53	-0.05288107572389811
27	51	-0.052900301880228
13	44	-0.05307278711591615
9	36	-0.053304804291571306
48	55	-0.053386790527726505
19	37	-0.053461985342801416
27	33	-0.05356316328176279
51	63	-0.053586677487243425
14	46	-0.05362593682349778
25	30	-0.05363781864593724
23	32	-0.0536892124363713
3	36	-0.05393664521706454
20	49	-0.054155816880757074
11	62	-0.054166495540004286
34	49	-0.0541796813330295
11	54	-0.05438461123939503
19	49	-0.05448531732134215
36	49	-0.054620634123318135
35	54	-0.05492832782215598
48	54	-0.05493553222166281
10	39	-0.05506905203648109
55	61	-0.05508196304346055
32	59	-0.05511960662352047
17	62	-0.05533163721509904
14	39	-0.055334194054384306
11	25	-0.055372814780314666
12	64	-0.055458214323645824
29	39	-0.05567260681329786
34	47	-0.055816025547342094
20	47	-0.05584585856831219
15	32	-0.055972766511446004
36	38	-0.056291570425765824
14	45	-0.05653324513426872
30	37	-0.056701842264056376
5	35	-0.05680020031919557
30	61	-0.05683271385517488
9	28	-0.05687655767845011
2	25	-0.05689025339947304
29	48	-0.05690234011521206
17	46	-0.05697912007079764
21	47	-0.057542906080466416
26	60	-0.057892144025611034
27	47	-0.05802016599782095
35	38	-0.05802711820923884
8	50	-0.05812496610426718
24	55	-0.05818944422291569
46	56	-0.05826654754046476
9	25	-0.05833737109719944
35	62	-0.05850609170524737
3	50	-0.05861674202150158
32	40	-0.05862188783549868
46	53	-0.05870467650051865
6	12	-0.058787832416565
3	53	-0.05905153077802036
3	21	-0.059140907833311884
32	62	-0.059574261968601244
55	64	-0.059623505127531756
4	56	-0.059698180608152907
22	44	-0.06012608144055555
4	53	-0.06015996545803019
6	14	-0.06035021414370062
3	55	-0.06049202118416258
29	64	-0.060672365487202645
23	58	-0.06068577286053309
3	56	-0.06128024559037282
6	50	-0.06147503829667879
21	25	-0.06164971817954218
28	58	-0.06209038873057113
23	49	-0.06214276547196168
28	43	-0.06216314225730682
14	64	-0.06234661965739638
27	57	-0.062392866620294
46	61	-0.06256073664034509
29	45	-0.06270481432076225
2	29	-0.06319355042687114
5	12	-0.06353323007760822
37	39	-0.06406320980686164
49	50	-0.06415914913697146
19	39	-0.0642067442022949
7	32	-0.06500290138483922
9	64	-0.06535241240090058
21	59	-0.06540982281119576
2	14	-0.06577512086773193
43	59	-0.06628340256544024
13	27	-0.06631471775631205
23	50	-0.06657982900127404
34	39	-0.06674737728017893
20	39	-0.06681160398534969
30	44	-0.06709622227497876
8	23	-0.06740480037134805
21	40	-0.06750611614021829
5	18	-0.06763493659194844
29	47	-0.06822461459551613
13	25	-0.06924062918337287
48	50	-0.06938898008915649
5	36	-0.0695450326261628
14	57	-0.06960243844171485
9	40	-0.0697748935562759
7	15	-0.0698916688687507
11	27	-0.07072365766653338
4	18	-0.07099525360611461
38	55	-0.07141371225898434
8	29	-0.0732380631151966
14	47	-0.07439988021582264
8	14	-0.07469823061953829
5	32	-0.07614236655163903
12	61	-0.07668323911502198
21	64	-0.07714100893307055
9	47	-0.07756561303005649
46	64	-0.07837802637011601
36	48	-0.07898660203496394
29	38	-0.08022611824662348
27	39	-0.08052796953730673
18	49	-0.08089520943634709
3	58	-0.08130701100990897
5	50	-0.08320801806209138
14	38	-0.08427748055250234
32	49	-0.08736161917815485