#==========================================================================
# The first and second rows contain site pairs (i, j) such that j > i
# The third row contains coevolutionary scores obtained 
# using plmDCA-pydca algorithm.
# Note that in this data sites are counted/labelled starting from 1
#==========================================================================
14	75	0.014177707564007751
2	15	0.013809080411974293
2	16	0.013809080411974293
15	16	0.013809080411974293
2	7	0.013809080358700643
2	8	0.013809080358700643
2	9	0.013809080358700643
2	13	0.013809080358700643
7	15	0.013809080358700643
7	16	0.013809080358700643
8	15	0.013809080358700643
8	16	0.013809080358700643
9	15	0.013809080358700643
9	16	0.013809080358700643
13	15	0.013809080358700643
13	16	0.013809080358700643
7	8	0.013809080305426994
7	9	0.013809080305426994
7	13	0.013809080305426994
8	9	0.013809080305426994
8	13	0.013809080305426994
9	13	0.013809080305426994
11	73	0.012596012563452462
2	75	0.012450141563005755
15	75	0.012450141563005755
16	75	0.012450141563005755
7	75	0.012450141510266344
8	75	0.012450141510266344
9	75	0.012450141510266344
13	75	0.012450141510266344
15	76	0.011269293015768879
16	76	0.011269293015768879
7	76	0.011269292963571355
8	76	0.011269292963571355
9	76	0.011269292963571355
13	76	0.011269292963571355
2	76	0.01126928929047858
14	76	0.010996231378357466
2	14	0.01060293006255382
7	14	0.010602930010341127
8	14	0.010602930010341127
9	14	0.010602930010341127
13	14	0.010602930010341127
14	15	0.010602926337263521
14	16	0.010602926337263521
2	3	0.010158759149745147
3	15	0.010158759149745147
3	16	0.010158759149745147
3	7	0.010158759098017087
3	8	0.010158759098017087
3	9	0.010158759098017087
3	13	0.010158759098017087
75	76	0.00960329945455575
3	75	0.008356342504061722
1	74	0.008297604269174658
5	74	0.008297600900937858
1	5	0.008297600671403463
4	5	0.006986317732496864
4	74	0.006986317607843004
1	4	0.006986317383466049
5	6	0.006933639680750926
6	74	0.006933637693198394
1	6	0.006933637468365096
3	76	0.006782025086797195
1	10	0.006754743783333121
5	10	0.006754740414490146
10	74	0.006754740287187533
11	15	0.00628404371562968
11	16	0.00628404371562968
11	13	0.006284043664244142
2	11	0.006284041852984534
7	11	0.00628403993895385
8	11	0.00628403993895385
9	11	0.00628403993895385
3	14	0.005790633147839844
4	6	0.005700167968774879
4	10	0.005392904580401998
6	10	0.005343334989027147
2	73	0.004567786645558656
15	73	0.004567786645558656
16	73	0.004567786645558656
7	73	0.004567786594394548
8	73	0.004567786594394548
9	73	0.004567786594394548
13	73	0.004567786594394548
3	11	0.004227992160803343
11	14	0.004135186978187634
11	75	0.004092124259518579
12	74	0.00407082244243492
5	12	0.0040708207040987265
1	12	0.004070820356033643
4	12	0.002867090941787616
6	12	0.0028203701322088784
10	73	0.0028118600135362617
73	75	0.002332102260923917
11	76	0.002212289251319336
10	12	0.002174403085161359
11	12	0.0019325669649872465
14	73	0.0013950113189740536
3	73	0.001152233906944064
6	11	0.0009666027862672219
73	76	0.0006539053366223131
17	18	0.00046080458198079904
17	20	0.00046080458198079904
17	21	0.00046080458198079904
17	22	0.00046080458198079904
17	23	0.00046080458198079904
17	24	0.00046080458198079904
17	26	0.00046080458198079904
17	27	0.00046080458198079904
17	28	0.00046080458198079904
17	30	0.00046080458198079904
17	31	0.00046080458198079904
17	33	0.00046080458198079904
17	34	0.00046080458198079904
17	39	0.00046080458198079904
17	40	0.00046080458198079904
17	41	0.00046080458198079904
17	42	0.00046080458198079904
17	43	0.00046080458198079904
17	44	0.00046080458198079904
17	45	0.00046080458198079904
17	46	0.00046080458198079904
17	47	0.00046080458198079904
17	50	0.00046080458198079904
17	51	0.00046080458198079904
17	55	0.00046080458198079904
17	58	0.00046080458198079904
17	59	0.00046080458198079904
17	60	0.00046080458198079904
17	61	0.00046080458198079904
17	62	0.00046080458198079904
17	63	0.00046080458198079904
17	64	0.00046080458198079904
17	65	0.00046080458198079904
17	66	0.00046080458198079904
17	67	0.00046080458198079904
17	68	0.00046080458198079904
17	69	0.00046080458198079904
17	70	0.00046080458198079904
17	72	0.00046080458198079904
18	20	0.00046080458198079904
18	21	0.00046080458198079904
18	22	0.00046080458198079904
18	23	0.00046080458198079904
18	24	0.00046080458198079904
18	26	0.00046080458198079904
18	27	0.00046080458198079904
18	28	0.00046080458198079904
18	30	0.00046080458198079904
18	31	0.00046080458198079904
18	33	0.00046080458198079904
18	34	0.00046080458198079904
18	39	0.00046080458198079904
18	40	0.00046080458198079904
18	41	0.00046080458198079904
18	42	0.00046080458198079904
18	43	0.00046080458198079904
18	44	0.00046080458198079904
18	45	0.00046080458198079904
18	46	0.00046080458198079904
18	47	0.00046080458198079904
18	50	0.00046080458198079904
18	51	0.00046080458198079904
18	55	0.00046080458198079904
18	58	0.00046080458198079904
18	59	0.00046080458198079904
18	60	0.00046080458198079904
18	61	0.00046080458198079904
18	62	0.00046080458198079904
18	63	0.00046080458198079904
18	64	0.00046080458198079904
18	65	0.00046080458198079904
18	66	0.00046080458198079904
18	67	0.00046080458198079904
18	68	0.00046080458198079904
18	69	0.00046080458198079904
18	70	0.00046080458198079904
18	72	0.00046080458198079904
20	21	0.00046080458198079904
20	22	0.00046080458198079904
20	23	0.00046080458198079904
20	24	0.00046080458198079904
20	26	0.00046080458198079904
20	27	0.00046080458198079904
20	28	0.00046080458198079904
20	30	0.00046080458198079904
20	31	0.00046080458198079904
20	33	0.00046080458198079904
20	34	0.00046080458198079904
20	39	0.00046080458198079904
20	40	0.00046080458198079904
20	41	0.00046080458198079904
20	42	0.00046080458198079904
20	43	0.00046080458198079904
20	44	0.00046080458198079904
20	45	0.00046080458198079904
20	46	0.00046080458198079904
20	47	0.00046080458198079904
20	50	0.00046080458198079904
20	51	0.00046080458198079904
20	55	0.00046080458198079904
20	58	0.00046080458198079904
20	59	0.00046080458198079904
20	60	0.00046080458198079904
20	61	0.00046080458198079904
20	62	0.00046080458198079904
20	63	0.00046080458198079904
20	64	0.00046080458198079904
20	65	0.00046080458198079904
20	66	0.00046080458198079904
20	67	0.00046080458198079904
20	68	0.00046080458198079904
20	69	0.00046080458198079904
20	70	0.00046080458198079904
20	72	0.00046080458198079904
21	22	0.00046080458198079904
21	23	0.00046080458198079904
21	24	0.00046080458198079904
21	26	0.00046080458198079904
21	27	0.00046080458198079904
21	28	0.00046080458198079904
21	30	0.00046080458198079904
21	31	0.00046080458198079904
21	33	0.00046080458198079904
21	34	0.00046080458198079904
21	39	0.00046080458198079904
21	40	0.00046080458198079904
21	41	0.00046080458198079904
21	42	0.00046080458198079904
21	43	0.00046080458198079904
21	44	0.00046080458198079904
21	45	0.00046080458198079904
21	46	0.00046080458198079904
21	47	0.00046080458198079904
21	50	0.00046080458198079904
21	51	0.00046080458198079904
21	55	0.00046080458198079904
21	58	0.00046080458198079904
21	59	0.00046080458198079904
21	60	0.00046080458198079904
21	61	0.00046080458198079904
21	62	0.00046080458198079904
21	63	0.00046080458198079904
21	64	0.00046080458198079904
21	65	0.00046080458198079904
21	66	0.00046080458198079904
21	67	0.00046080458198079904
21	68	0.00046080458198079904
21	69	0.00046080458198079904
21	70	0.00046080458198079904
21	72	0.00046080458198079904
22	23	0.00046080458198079904
22	24	0.00046080458198079904
22	26	0.00046080458198079904
22	27	0.00046080458198079904
22	28	0.00046080458198079904
22	30	0.00046080458198079904
22	31	0.00046080458198079904
22	33	0.00046080458198079904
22	34	0.00046080458198079904
22	39	0.00046080458198079904
22	40	0.00046080458198079904
22	41	0.00046080458198079904
22	42	0.00046080458198079904
22	43	0.00046080458198079904
22	44	0.00046080458198079904
22	45	0.00046080458198079904
22	46	0.00046080458198079904
22	47	0.00046080458198079904
22	50	0.00046080458198079904
22	51	0.00046080458198079904
22	55	0.00046080458198079904
22	58	0.00046080458198079904
22	59	0.00046080458198079904
22	60	0.00046080458198079904
22	61	0.00046080458198079904
22	62	0.00046080458198079904
22	63	0.00046080458198079904
22	64	0.00046080458198079904
22	65	0.00046080458198079904
22	66	0.00046080458198079904
22	67	0.00046080458198079904
22	68	0.00046080458198079904
22	69	0.00046080458198079904
22	70	0.00046080458198079904
22	72	0.00046080458198079904
23	24	0.00046080458198079904
23	26	0.00046080458198079904
23	27	0.00046080458198079904
23	28	0.00046080458198079904
23	30	0.00046080458198079904
23	31	0.00046080458198079904
23	33	0.00046080458198079904
23	34	0.00046080458198079904
23	39	0.00046080458198079904
23	40	0.00046080458198079904
23	41	0.00046080458198079904
23	42	0.00046080458198079904
23	43	0.00046080458198079904
23	44	0.00046080458198079904
23	45	0.00046080458198079904
23	46	0.00046080458198079904
23	47	0.00046080458198079904
23	50	0.00046080458198079904
23	51	0.00046080458198079904
23	55	0.00046080458198079904
23	58	0.00046080458198079904
23	59	0.00046080458198079904
23	60	0.00046080458198079904
23	61	0.00046080458198079904
23	62	0.00046080458198079904
23	63	0.00046080458198079904
23	64	0.00046080458198079904
23	65	0.00046080458198079904
23	66	0.00046080458198079904
23	67	0.00046080458198079904
23	68	0.00046080458198079904
23	69	0.00046080458198079904
23	70	0.00046080458198079904
23	72	0.00046080458198079904
24	26	0.00046080458198079904
24	27	0.00046080458198079904
24	28	0.00046080458198079904
24	30	0.00046080458198079904
24	31	0.00046080458198079904
24	33	0.00046080458198079904
24	34	0.00046080458198079904
24	39	0.00046080458198079904
24	40	0.00046080458198079904
24	41	0.00046080458198079904
24	42	0.00046080458198079904
24	43	0.00046080458198079904
24	44	0.00046080458198079904
24	45	0.00046080458198079904
24	46	0.00046080458198079904
24	47	0.00046080458198079904
24	50	0.00046080458198079904
24	51	0.00046080458198079904
24	55	0.00046080458198079904
24	58	0.00046080458198079904
24	59	0.00046080458198079904
24	60	0.00046080458198079904
24	61	0.00046080458198079904
24	62	0.00046080458198079904
24	63	0.00046080458198079904
24	64	0.00046080458198079904
24	65	0.00046080458198079904
24	66	0.00046080458198079904
24	67	0.00046080458198079904
24	68	0.00046080458198079904
24	69	0.00046080458198079904
24	70	0.00046080458198079904
24	72	0.00046080458198079904
26	27	0.00046080458198079904
26	28	0.00046080458198079904
26	30	0.00046080458198079904
26	31	0.00046080458198079904
26	33	0.00046080458198079904
26	34	0.00046080458198079904
26	39	0.00046080458198079904
26	40	0.00046080458198079904
26	41	0.00046080458198079904
26	42	0.00046080458198079904
26	43	0.00046080458198079904
26	44	0.00046080458198079904
26	45	0.00046080458198079904
26	46	0.00046080458198079904
26	47	0.00046080458198079904
26	50	0.00046080458198079904
26	51	0.00046080458198079904
26	55	0.00046080458198079904
26	58	0.00046080458198079904
26	59	0.00046080458198079904
26	60	0.00046080458198079904
26	61	0.00046080458198079904
26	62	0.00046080458198079904
26	63	0.00046080458198079904
26	64	0.00046080458198079904
26	65	0.00046080458198079904
26	66	0.00046080458198079904
26	67	0.00046080458198079904
26	68	0.00046080458198079904
26	69	0.00046080458198079904
26	70	0.00046080458198079904
26	72	0.00046080458198079904
27	28	0.00046080458198079904
27	30	0.00046080458198079904
27	31	0.00046080458198079904
27	33	0.00046080458198079904
27	34	0.00046080458198079904
27	39	0.00046080458198079904
27	40	0.00046080458198079904
27	41	0.00046080458198079904
27	42	0.00046080458198079904
27	43	0.00046080458198079904
27	44	0.00046080458198079904
27	45	0.00046080458198079904
27	46	0.00046080458198079904
27	47	0.00046080458198079904
27	50	0.00046080458198079904
27	51	0.00046080458198079904
27	55	0.00046080458198079904
27	58	0.00046080458198079904
27	59	0.00046080458198079904
27	60	0.00046080458198079904
27	61	0.00046080458198079904
27	62	0.00046080458198079904
27	63	0.00046080458198079904
27	64	0.00046080458198079904
27	65	0.00046080458198079904
27	66	0.00046080458198079904
27	67	0.00046080458198079904
27	68	0.00046080458198079904
27	69	0.00046080458198079904
27	70	0.00046080458198079904
27	72	0.00046080458198079904
28	30	0.00046080458198079904
28	31	0.00046080458198079904
28	33	0.00046080458198079904
28	34	0.00046080458198079904
28	39	0.00046080458198079904
28	40	0.00046080458198079904
28	41	0.00046080458198079904
28	42	0.00046080458198079904
28	43	0.00046080458198079904
28	44	0.00046080458198079904
28	45	0.00046080458198079904
28	46	0.00046080458198079904
28	47	0.00046080458198079904
28	50	0.00046080458198079904
28	51	0.00046080458198079904
28	55	0.00046080458198079904
28	58	0.00046080458198079904
28	59	0.00046080458198079904
28	60	0.00046080458198079904
28	61	0.00046080458198079904
28	62	0.00046080458198079904
28	63	0.00046080458198079904
28	64	0.00046080458198079904
28	65	0.00046080458198079904
28	66	0.00046080458198079904
28	67	0.00046080458198079904
28	68	0.00046080458198079904
28	69	0.00046080458198079904
28	70	0.00046080458198079904
28	72	0.00046080458198079904
30	31	0.00046080458198079904
30	33	0.00046080458198079904
30	34	0.00046080458198079904
30	39	0.00046080458198079904
30	40	0.00046080458198079904
30	41	0.00046080458198079904
30	42	0.00046080458198079904
30	43	0.00046080458198079904
30	44	0.00046080458198079904
30	45	0.00046080458198079904
30	46	0.00046080458198079904
30	47	0.00046080458198079904
30	50	0.00046080458198079904
30	51	0.00046080458198079904
30	55	0.00046080458198079904
30	58	0.00046080458198079904
30	59	0.00046080458198079904
30	60	0.00046080458198079904
30	61	0.00046080458198079904
30	62	0.00046080458198079904
30	63	0.00046080458198079904
30	64	0.00046080458198079904
30	65	0.00046080458198079904
30	66	0.00046080458198079904
30	67	0.00046080458198079904
30	68	0.00046080458198079904
30	69	0.00046080458198079904
30	70	0.00046080458198079904
30	72	0.00046080458198079904
31	33	0.00046080458198079904
31	34	0.00046080458198079904
31	39	0.00046080458198079904
31	40	0.00046080458198079904
31	41	0.00046080458198079904
31	42	0.00046080458198079904
31	43	0.00046080458198079904
31	44	0.00046080458198079904
31	45	0.00046080458198079904
31	46	0.00046080458198079904
31	47	0.00046080458198079904
31	50	0.00046080458198079904
31	51	0.00046080458198079904
31	55	0.00046080458198079904
31	58	0.00046080458198079904
31	59	0.00046080458198079904
31	60	0.00046080458198079904
31	61	0.00046080458198079904
31	62	0.00046080458198079904
31	63	0.00046080458198079904
31	64	0.00046080458198079904
31	65	0.00046080458198079904
31	66	0.00046080458198079904
31	67	0.00046080458198079904
31	68	0.00046080458198079904
31	69	0.00046080458198079904
31	70	0.00046080458198079904
31	72	0.00046080458198079904
33	34	0.00046080458198079904
33	39	0.00046080458198079904
33	40	0.00046080458198079904
33	41	0.00046080458198079904
33	42	0.00046080458198079904
33	43	0.00046080458198079904
33	44	0.00046080458198079904
33	45	0.00046080458198079904
33	46	0.00046080458198079904
33	47	0.00046080458198079904
33	50	0.00046080458198079904
33	51	0.00046080458198079904
33	55	0.00046080458198079904
33	58	0.00046080458198079904
33	59	0.00046080458198079904
33	60	0.00046080458198079904
33	61	0.00046080458198079904
33	62	0.00046080458198079904
33	63	0.00046080458198079904
33	64	0.00046080458198079904
33	65	0.00046080458198079904
33	66	0.00046080458198079904
33	67	0.00046080458198079904
33	68	0.00046080458198079904
33	69	0.00046080458198079904
33	70	0.00046080458198079904
33	72	0.00046080458198079904
34	39	0.00046080458198079904
34	40	0.00046080458198079904
34	41	0.00046080458198079904
34	42	0.00046080458198079904
34	43	0.00046080458198079904
34	44	0.00046080458198079904
34	45	0.00046080458198079904
34	46	0.00046080458198079904
34	47	0.00046080458198079904
34	50	0.00046080458198079904
34	51	0.00046080458198079904
34	55	0.00046080458198079904
34	58	0.00046080458198079904
34	59	0.00046080458198079904
34	60	0.00046080458198079904
34	61	0.00046080458198079904
34	62	0.00046080458198079904
34	63	0.00046080458198079904
34	64	0.00046080458198079904
34	65	0.00046080458198079904
34	66	0.00046080458198079904
34	67	0.00046080458198079904
34	68	0.00046080458198079904
34	69	0.00046080458198079904
34	70	0.00046080458198079904
34	72	0.00046080458198079904
39	40	0.00046080458198079904
39	41	0.00046080458198079904
39	42	0.00046080458198079904
39	43	0.00046080458198079904
39	44	0.00046080458198079904
39	45	0.00046080458198079904
39	46	0.00046080458198079904
39	47	0.00046080458198079904
39	50	0.00046080458198079904
39	51	0.00046080458198079904
39	55	0.00046080458198079904
39	58	0.00046080458198079904
39	59	0.00046080458198079904
39	60	0.00046080458198079904
39	61	0.00046080458198079904
39	62	0.00046080458198079904
39	63	0.00046080458198079904
39	64	0.00046080458198079904
39	65	0.00046080458198079904
39	66	0.00046080458198079904
39	67	0.00046080458198079904
39	68	0.00046080458198079904
39	69	0.00046080458198079904
39	70	0.00046080458198079904
39	72	0.00046080458198079904
40	41	0.00046080458198079904
40	42	0.00046080458198079904
40	43	0.00046080458198079904
40	44	0.00046080458198079904
40	45	0.00046080458198079904
40	46	0.00046080458198079904
40	47	0.00046080458198079904
40	50	0.00046080458198079904
40	51	0.00046080458198079904
40	55	0.00046080458198079904
40	58	0.00046080458198079904
40	59	0.00046080458198079904
40	60	0.00046080458198079904
40	61	0.00046080458198079904
40	62	0.00046080458198079904
40	63	0.00046080458198079904
40	64	0.00046080458198079904
40	65	0.00046080458198079904
40	66	0.00046080458198079904
40	67	0.00046080458198079904
40	68	0.00046080458198079904
40	69	0.00046080458198079904
40	70	0.00046080458198079904
40	72	0.00046080458198079904
41	42	0.00046080458198079904
41	43	0.00046080458198079904
41	44	0.00046080458198079904
41	45	0.00046080458198079904
41	46	0.00046080458198079904
41	47	0.00046080458198079904
41	50	0.00046080458198079904
41	51	0.00046080458198079904
41	55	0.00046080458198079904
41	58	0.00046080458198079904
41	59	0.00046080458198079904
41	60	0.00046080458198079904
41	61	0.00046080458198079904
41	62	0.00046080458198079904
41	63	0.00046080458198079904
41	64	0.00046080458198079904
41	65	0.00046080458198079904
41	66	0.00046080458198079904
41	67	0.00046080458198079904
41	68	0.00046080458198079904
41	69	0.00046080458198079904
41	70	0.00046080458198079904
41	72	0.00046080458198079904
42	43	0.00046080458198079904
42	44	0.00046080458198079904
42	45	0.00046080458198079904
42	46	0.00046080458198079904
42	47	0.00046080458198079904
42	50	0.00046080458198079904
42	51	0.00046080458198079904
42	55	0.00046080458198079904
42	58	0.00046080458198079904
42	59	0.00046080458198079904
42	60	0.00046080458198079904
42	61	0.00046080458198079904
42	62	0.00046080458198079904
42	63	0.00046080458198079904
42	64	0.00046080458198079904
42	65	0.00046080458198079904
42	66	0.00046080458198079904
42	67	0.00046080458198079904
42	68	0.00046080458198079904
42	69	0.00046080458198079904
42	70	0.00046080458198079904
42	72	0.00046080458198079904
43	44	0.00046080458198079904
43	45	0.00046080458198079904
43	46	0.00046080458198079904
43	47	0.00046080458198079904
43	50	0.00046080458198079904
43	51	0.00046080458198079904
43	55	0.00046080458198079904
43	58	0.00046080458198079904
43	59	0.00046080458198079904
43	60	0.00046080458198079904
43	61	0.00046080458198079904
43	62	0.00046080458198079904
43	63	0.00046080458198079904
43	64	0.00046080458198079904
43	65	0.00046080458198079904
43	66	0.00046080458198079904
43	67	0.00046080458198079904
43	68	0.00046080458198079904
43	69	0.00046080458198079904
43	70	0.00046080458198079904
43	72	0.00046080458198079904
44	45	0.00046080458198079904
44	46	0.00046080458198079904
44	47	0.00046080458198079904
44	50	0.00046080458198079904
44	51	0.00046080458198079904
44	55	0.00046080458198079904
44	58	0.00046080458198079904
44	59	0.00046080458198079904
44	60	0.00046080458198079904
44	61	0.00046080458198079904
44	62	0.00046080458198079904
44	63	0.00046080458198079904
44	64	0.00046080458198079904
44	65	0.00046080458198079904
44	66	0.00046080458198079904
44	67	0.00046080458198079904
44	68	0.00046080458198079904
44	69	0.00046080458198079904
44	70	0.00046080458198079904
44	72	0.00046080458198079904
45	46	0.00046080458198079904
45	47	0.00046080458198079904
45	50	0.00046080458198079904
45	51	0.00046080458198079904
45	55	0.00046080458198079904
45	58	0.00046080458198079904
45	59	0.00046080458198079904
45	60	0.00046080458198079904
45	61	0.00046080458198079904
45	62	0.00046080458198079904
45	63	0.00046080458198079904
45	64	0.00046080458198079904
45	65	0.00046080458198079904
45	66	0.00046080458198079904
45	67	0.00046080458198079904
45	68	0.00046080458198079904
45	69	0.00046080458198079904
45	70	0.00046080458198079904
45	72	0.00046080458198079904
46	47	0.00046080458198079904
46	50	0.00046080458198079904
46	51	0.00046080458198079904
46	55	0.00046080458198079904
46	58	0.00046080458198079904
46	59	0.00046080458198079904
46	60	0.00046080458198079904
46	61	0.00046080458198079904
46	62	0.00046080458198079904
46	63	0.00046080458198079904
46	64	0.00046080458198079904
46	65	0.00046080458198079904
46	66	0.00046080458198079904
46	67	0.00046080458198079904
46	68	0.00046080458198079904
46	69	0.00046080458198079904
46	70	0.00046080458198079904
46	72	0.00046080458198079904
47	50	0.00046080458198079904
47	51	0.00046080458198079904
47	55	0.00046080458198079904
47	58	0.00046080458198079904
47	59	0.00046080458198079904
47	60	0.00046080458198079904
47	61	0.00046080458198079904
47	62	0.00046080458198079904
47	63	0.00046080458198079904
47	64	0.00046080458198079904
47	65	0.00046080458198079904
47	66	0.00046080458198079904
47	67	0.00046080458198079904
47	68	0.00046080458198079904
47	69	0.00046080458198079904
47	70	0.00046080458198079904
47	72	0.00046080458198079904
50	51	0.00046080458198079904
50	55	0.00046080458198079904
50	58	0.00046080458198079904
50	59	0.00046080458198079904
50	60	0.00046080458198079904
50	61	0.00046080458198079904
50	62	0.00046080458198079904
50	63	0.00046080458198079904
50	64	0.00046080458198079904
50	65	0.00046080458198079904
50	66	0.00046080458198079904
50	67	0.00046080458198079904
50	68	0.00046080458198079904
50	69	0.00046080458198079904
50	70	0.00046080458198079904
50	72	0.00046080458198079904
51	55	0.00046080458198079904
51	58	0.00046080458198079904
51	59	0.00046080458198079904
51	60	0.00046080458198079904
51	61	0.00046080458198079904
51	62	0.00046080458198079904
51	63	0.00046080458198079904
51	64	0.00046080458198079904
51	65	0.00046080458198079904
51	66	0.00046080458198079904
51	67	0.00046080458198079904
51	68	0.00046080458198079904
51	69	0.00046080458198079904
51	70	0.00046080458198079904
51	72	0.00046080458198079904
55	58	0.00046080458198079904
55	59	0.00046080458198079904
55	60	0.00046080458198079904
55	61	0.00046080458198079904
55	62	0.00046080458198079904
55	63	0.00046080458198079904
55	64	0.00046080458198079904
55	65	0.00046080458198079904
55	66	0.00046080458198079904
55	67	0.00046080458198079904
55	68	0.00046080458198079904
55	69	0.00046080458198079904
55	70	0.00046080458198079904
55	72	0.00046080458198079904
58	59	0.00046080458198079904
58	60	0.00046080458198079904
58	61	0.00046080458198079904
58	62	0.00046080458198079904
58	63	0.00046080458198079904
58	64	0.00046080458198079904
58	65	0.00046080458198079904
58	66	0.00046080458198079904
58	67	0.00046080458198079904
58	68	0.00046080458198079904
58	69	0.00046080458198079904
58	70	0.00046080458198079904
58	72	0.00046080458198079904
59	60	0.00046080458198079904
59	61	0.00046080458198079904
59	62	0.00046080458198079904
59	63	0.00046080458198079904
59	64	0.00046080458198079904
59	65	0.00046080458198079904
59	66	0.00046080458198079904
59	67	0.00046080458198079904
59	68	0.00046080458198079904
59	69	0.00046080458198079904
59	70	0.00046080458198079904
59	72	0.00046080458198079904
60	61	0.00046080458198079904
60	62	0.00046080458198079904
60	63	0.00046080458198079904
60	64	0.00046080458198079904
60	65	0.00046080458198079904
60	66	0.00046080458198079904
60	67	0.00046080458198079904
60	68	0.00046080458198079904
60	69	0.00046080458198079904
60	70	0.00046080458198079904
60	72	0.00046080458198079904
61	62	0.00046080458198079904
61	63	0.00046080458198079904
61	64	0.00046080458198079904
61	65	0.00046080458198079904
61	66	0.00046080458198079904
61	67	0.00046080458198079904
61	68	0.00046080458198079904
61	69	0.00046080458198079904
61	70	0.00046080458198079904
61	72	0.00046080458198079904
62	63	0.00046080458198079904
62	64	0.00046080458198079904
62	65	0.00046080458198079904
62	66	0.00046080458198079904
62	67	0.00046080458198079904
62	68	0.00046080458198079904
62	69	0.00046080458198079904
62	70	0.00046080458198079904
62	72	0.00046080458198079904
63	64	0.00046080458198079904
63	65	0.00046080458198079904
63	66	0.00046080458198079904
63	67	0.00046080458198079904
63	68	0.00046080458198079904
63	69	0.00046080458198079904
63	70	0.00046080458198079904
63	72	0.00046080458198079904
64	65	0.00046080458198079904
64	66	0.00046080458198079904
64	67	0.00046080458198079904
64	68	0.00046080458198079904
64	69	0.00046080458198079904
64	70	0.00046080458198079904
64	72	0.00046080458198079904
65	66	0.00046080458198079904
65	67	0.00046080458198079904
65	68	0.00046080458198079904
65	69	0.00046080458198079904
65	70	0.00046080458198079904
65	72	0.00046080458198079904
66	67	0.00046080458198079904
66	68	0.00046080458198079904
66	69	0.00046080458198079904
66	70	0.00046080458198079904
66	72	0.00046080458198079904
67	68	0.00046080458198079904
67	69	0.00046080458198079904
67	70	0.00046080458198079904
67	72	0.00046080458198079904
68	69	0.00046080458198079904
68	70	0.00046080458198079904
68	72	0.00046080458198079904
69	70	0.00046080458198079904
69	72	0.00046080458198079904
70	72	0.00046080458198079904
17	19	0.0004608045575421743
17	25	0.0004608045575421743
17	29	0.0004608045575421743
17	32	0.0004608045575421743
17	35	0.0004608045575421743
17	36	0.0004608045575421743
17	37	0.0004608045575421743
17	38	0.0004608045575421743
17	48	0.0004608045575421743
17	49	0.0004608045575421743
17	52	0.0004608045575421743
17	53	0.0004608045575421743
17	54	0.0004608045575421743
17	56	0.0004608045575421743
17	57	0.0004608045575421743
17	71	0.0004608045575421743
18	19	0.0004608045575421743
18	25	0.0004608045575421743
18	29	0.0004608045575421743
18	32	0.0004608045575421743
18	35	0.0004608045575421743
18	36	0.0004608045575421743
18	37	0.0004608045575421743
18	38	0.0004608045575421743
18	48	0.0004608045575421743
18	49	0.0004608045575421743
18	52	0.0004608045575421743
18	53	0.0004608045575421743
18	54	0.0004608045575421743
18	56	0.0004608045575421743
18	57	0.0004608045575421743
18	71	0.0004608045575421743
19	20	0.0004608045575421743
19	21	0.0004608045575421743
19	22	0.0004608045575421743
19	23	0.0004608045575421743
19	24	0.0004608045575421743
19	26	0.0004608045575421743
19	27	0.0004608045575421743
19	28	0.0004608045575421743
19	30	0.0004608045575421743
19	31	0.0004608045575421743
19	33	0.0004608045575421743
19	34	0.0004608045575421743
19	39	0.0004608045575421743
19	40	0.0004608045575421743
19	41	0.0004608045575421743
19	42	0.0004608045575421743
19	43	0.0004608045575421743
19	44	0.0004608045575421743
19	45	0.0004608045575421743
19	46	0.0004608045575421743
19	47	0.0004608045575421743
19	50	0.0004608045575421743
19	51	0.0004608045575421743
19	55	0.0004608045575421743
19	58	0.0004608045575421743
19	59	0.0004608045575421743
19	60	0.0004608045575421743
19	61	0.0004608045575421743
19	62	0.0004608045575421743
19	63	0.0004608045575421743
19	64	0.0004608045575421743
19	65	0.0004608045575421743
19	66	0.0004608045575421743
19	67	0.0004608045575421743
19	68	0.0004608045575421743
19	69	0.0004608045575421743
19	70	0.0004608045575421743
19	72	0.0004608045575421743
20	25	0.0004608045575421743
20	29	0.0004608045575421743
20	32	0.0004608045575421743
20	35	0.0004608045575421743
20	36	0.0004608045575421743
20	37	0.0004608045575421743
20	38	0.0004608045575421743
20	48	0.0004608045575421743
20	49	0.0004608045575421743
20	52	0.0004608045575421743
20	53	0.0004608045575421743
20	54	0.0004608045575421743
20	56	0.0004608045575421743
20	57	0.0004608045575421743
20	71	0.0004608045575421743
21	25	0.0004608045575421743
21	29	0.0004608045575421743
21	32	0.0004608045575421743
21	35	0.0004608045575421743
21	36	0.0004608045575421743
21	37	0.0004608045575421743
21	38	0.0004608045575421743
21	48	0.0004608045575421743
21	49	0.0004608045575421743
21	52	0.0004608045575421743
21	53	0.0004608045575421743
21	54	0.0004608045575421743
21	56	0.0004608045575421743
21	57	0.0004608045575421743
21	71	0.0004608045575421743
22	25	0.0004608045575421743
22	29	0.0004608045575421743
22	32	0.0004608045575421743
22	35	0.0004608045575421743
22	36	0.0004608045575421743
22	37	0.0004608045575421743
22	38	0.0004608045575421743
22	48	0.0004608045575421743
22	49	0.0004608045575421743
22	52	0.0004608045575421743
22	53	0.0004608045575421743
22	54	0.0004608045575421743
22	56	0.0004608045575421743
22	57	0.0004608045575421743
22	71	0.0004608045575421743
23	25	0.0004608045575421743
23	29	0.0004608045575421743
23	32	0.0004608045575421743
23	35	0.0004608045575421743
23	36	0.0004608045575421743
23	37	0.0004608045575421743
23	38	0.0004608045575421743
23	48	0.0004608045575421743
23	49	0.0004608045575421743
23	52	0.0004608045575421743
23	53	0.0004608045575421743
23	54	0.0004608045575421743
23	56	0.0004608045575421743
23	57	0.0004608045575421743
23	71	0.0004608045575421743
24	25	0.0004608045575421743
24	29	0.0004608045575421743
24	32	0.0004608045575421743
24	35	0.0004608045575421743
24	36	0.0004608045575421743
24	37	0.0004608045575421743
24	38	0.0004608045575421743
24	48	0.0004608045575421743
24	49	0.0004608045575421743
24	52	0.0004608045575421743
24	53	0.0004608045575421743
24	54	0.0004608045575421743
24	56	0.0004608045575421743
24	57	0.0004608045575421743
24	71	0.0004608045575421743
25	26	0.0004608045575421743
25	27	0.0004608045575421743
25	28	0.0004608045575421743
25	30	0.0004608045575421743
25	31	0.0004608045575421743
25	33	0.0004608045575421743
25	34	0.0004608045575421743
25	39	0.0004608045575421743
25	40	0.0004608045575421743
25	41	0.0004608045575421743
25	42	0.0004608045575421743
25	43	0.0004608045575421743
25	44	0.0004608045575421743
25	45	0.0004608045575421743
25	46	0.0004608045575421743
25	47	0.0004608045575421743
25	50	0.0004608045575421743
25	51	0.0004608045575421743
25	55	0.0004608045575421743
25	58	0.0004608045575421743
25	59	0.0004608045575421743
25	60	0.0004608045575421743
25	61	0.0004608045575421743
25	62	0.0004608045575421743
25	63	0.0004608045575421743
25	64	0.0004608045575421743
25	65	0.0004608045575421743
25	66	0.0004608045575421743
25	67	0.0004608045575421743
25	68	0.0004608045575421743
25	69	0.0004608045575421743
25	70	0.0004608045575421743
25	72	0.0004608045575421743
26	29	0.0004608045575421743
26	32	0.0004608045575421743
26	35	0.0004608045575421743
26	36	0.0004608045575421743
26	37	0.0004608045575421743
26	38	0.0004608045575421743
26	48	0.0004608045575421743
26	49	0.0004608045575421743
26	52	0.0004608045575421743
26	53	0.0004608045575421743
26	54	0.0004608045575421743
26	56	0.0004608045575421743
26	57	0.0004608045575421743
26	71	0.0004608045575421743
27	29	0.0004608045575421743
27	32	0.0004608045575421743
27	35	0.0004608045575421743
27	36	0.0004608045575421743
27	37	0.0004608045575421743
27	38	0.0004608045575421743
27	48	0.0004608045575421743
27	49	0.0004608045575421743
27	52	0.0004608045575421743
27	53	0.0004608045575421743
27	54	0.0004608045575421743
27	56	0.0004608045575421743
27	57	0.0004608045575421743
27	71	0.0004608045575421743
28	29	0.0004608045575421743
28	32	0.0004608045575421743
28	35	0.0004608045575421743
28	36	0.0004608045575421743
28	37	0.0004608045575421743
28	38	0.0004608045575421743
28	48	0.0004608045575421743
28	49	0.0004608045575421743
28	52	0.0004608045575421743
28	53	0.0004608045575421743
28	54	0.0004608045575421743
28	56	0.0004608045575421743
28	57	0.0004608045575421743
28	71	0.0004608045575421743
29	30	0.0004608045575421743
29	31	0.0004608045575421743
29	33	0.0004608045575421743
29	34	0.0004608045575421743
29	39	0.0004608045575421743
29	40	0.0004608045575421743
29	41	0.0004608045575421743
29	42	0.0004608045575421743
29	43	0.0004608045575421743
29	44	0.0004608045575421743
29	45	0.0004608045575421743
29	46	0.0004608045575421743
29	47	0.0004608045575421743
29	50	0.0004608045575421743
29	51	0.0004608045575421743
29	55	0.0004608045575421743
29	58	0.0004608045575421743
29	59	0.0004608045575421743
29	60	0.0004608045575421743
29	61	0.0004608045575421743
29	62	0.0004608045575421743
29	63	0.0004608045575421743
29	64	0.0004608045575421743
29	65	0.0004608045575421743
29	66	0.0004608045575421743
29	67	0.0004608045575421743
29	68	0.0004608045575421743
29	69	0.0004608045575421743
29	70	0.0004608045575421743
29	72	0.0004608045575421743
30	32	0.0004608045575421743
30	35	0.0004608045575421743
30	36	0.0004608045575421743
30	37	0.0004608045575421743
30	38	0.0004608045575421743
30	48	0.0004608045575421743
30	49	0.0004608045575421743
30	52	0.0004608045575421743
30	53	0.0004608045575421743
30	54	0.0004608045575421743
30	56	0.0004608045575421743
30	57	0.0004608045575421743
30	71	0.0004608045575421743
31	32	0.0004608045575421743
31	35	0.0004608045575421743
31	36	0.0004608045575421743
31	37	0.0004608045575421743
31	38	0.0004608045575421743
31	48	0.0004608045575421743
31	49	0.0004608045575421743
31	52	0.0004608045575421743
31	53	0.0004608045575421743
31	54	0.0004608045575421743
31	56	0.0004608045575421743
31	57	0.0004608045575421743
31	71	0.0004608045575421743
32	33	0.0004608045575421743
32	34	0.0004608045575421743
32	39	0.0004608045575421743
32	40	0.0004608045575421743
32	41	0.0004608045575421743
32	42	0.0004608045575421743
32	43	0.0004608045575421743
32	44	0.0004608045575421743
32	45	0.0004608045575421743
32	46	0.0004608045575421743
32	47	0.0004608045575421743
32	50	0.0004608045575421743
32	51	0.0004608045575421743
32	55	0.0004608045575421743
32	58	0.0004608045575421743
32	59	0.0004608045575421743
32	60	0.0004608045575421743
32	61	0.0004608045575421743
32	62	0.0004608045575421743
32	63	0.0004608045575421743
32	64	0.0004608045575421743
32	65	0.0004608045575421743
32	66	0.0004608045575421743
32	67	0.0004608045575421743
32	68	0.0004608045575421743
32	69	0.0004608045575421743
32	70	0.0004608045575421743
32	72	0.0004608045575421743
33	35	0.0004608045575421743
33	36	0.0004608045575421743
33	37	0.0004608045575421743
33	38	0.0004608045575421743
33	48	0.0004608045575421743
33	49	0.0004608045575421743
33	52	0.0004608045575421743
33	53	0.0004608045575421743
33	54	0.0004608045575421743
33	56	0.0004608045575421743
33	57	0.0004608045575421743
33	71	0.0004608045575421743
34	35	0.0004608045575421743
34	36	0.0004608045575421743
34	37	0.0004608045575421743
34	38	0.0004608045575421743
34	48	0.0004608045575421743
34	49	0.0004608045575421743
34	52	0.0004608045575421743
34	53	0.0004608045575421743
34	54	0.0004608045575421743
34	56	0.0004608045575421743
34	57	0.0004608045575421743
34	71	0.0004608045575421743
35	39	0.0004608045575421743
35	40	0.0004608045575421743
35	41	0.0004608045575421743
35	42	0.0004608045575421743
35	43	0.0004608045575421743
35	44	0.0004608045575421743
35	45	0.0004608045575421743
35	46	0.0004608045575421743
35	47	0.0004608045575421743
35	50	0.0004608045575421743
35	51	0.0004608045575421743
35	55	0.0004608045575421743
35	58	0.0004608045575421743
35	59	0.0004608045575421743
35	60	0.0004608045575421743
35	61	0.0004608045575421743
35	62	0.0004608045575421743
35	63	0.0004608045575421743
35	64	0.0004608045575421743
35	65	0.0004608045575421743
35	66	0.0004608045575421743
35	67	0.0004608045575421743
35	68	0.0004608045575421743
35	69	0.0004608045575421743
35	70	0.0004608045575421743
35	72	0.0004608045575421743
36	39	0.0004608045575421743
36	40	0.0004608045575421743
36	41	0.0004608045575421743
36	42	0.0004608045575421743
36	43	0.0004608045575421743
36	44	0.0004608045575421743
36	45	0.0004608045575421743
36	46	0.0004608045575421743
36	47	0.0004608045575421743
36	50	0.0004608045575421743
36	51	0.0004608045575421743
36	55	0.0004608045575421743
36	58	0.0004608045575421743
36	59	0.0004608045575421743
36	60	0.0004608045575421743
36	61	0.0004608045575421743
36	62	0.0004608045575421743
36	63	0.0004608045575421743
36	64	0.0004608045575421743
36	65	0.0004608045575421743
36	66	0.0004608045575421743
36	67	0.0004608045575421743
36	68	0.0004608045575421743
36	69	0.0004608045575421743
36	70	0.0004608045575421743
36	72	0.0004608045575421743
37	39	0.0004608045575421743
37	40	0.0004608045575421743
37	41	0.0004608045575421743
37	42	0.0004608045575421743
37	43	0.0004608045575421743
37	44	0.0004608045575421743
37	45	0.0004608045575421743
37	46	0.0004608045575421743
37	47	0.0004608045575421743
37	50	0.0004608045575421743
37	51	0.0004608045575421743
37	55	0.0004608045575421743
37	58	0.0004608045575421743
37	59	0.0004608045575421743
37	60	0.0004608045575421743
37	61	0.0004608045575421743
37	62	0.0004608045575421743
37	63	0.0004608045575421743
37	64	0.0004608045575421743
37	65	0.0004608045575421743
37	66	0.0004608045575421743
37	67	0.0004608045575421743
37	68	0.0004608045575421743
37	69	0.0004608045575421743
37	70	0.0004608045575421743
37	72	0.0004608045575421743
38	39	0.0004608045575421743
38	40	0.0004608045575421743
38	41	0.0004608045575421743
38	42	0.0004608045575421743
38	43	0.0004608045575421743
38	44	0.0004608045575421743
38	45	0.0004608045575421743
38	46	0.0004608045575421743
38	47	0.0004608045575421743
38	50	0.0004608045575421743
38	51	0.0004608045575421743
38	55	0.0004608045575421743
38	58	0.0004608045575421743
38	59	0.0004608045575421743
38	60	0.0004608045575421743
38	61	0.0004608045575421743
38	62	0.0004608045575421743
38	63	0.0004608045575421743
38	64	0.0004608045575421743
38	65	0.0004608045575421743
38	66	0.0004608045575421743
38	67	0.0004608045575421743
38	68	0.0004608045575421743
38	69	0.0004608045575421743
38	70	0.0004608045575421743
38	72	0.0004608045575421743
39	48	0.0004608045575421743
39	49	0.0004608045575421743
39	52	0.0004608045575421743
39	53	0.0004608045575421743
39	54	0.0004608045575421743
39	56	0.0004608045575421743
39	57	0.0004608045575421743
39	71	0.0004608045575421743
40	48	0.0004608045575421743
40	49	0.0004608045575421743
40	52	0.0004608045575421743
40	53	0.0004608045575421743
40	54	0.0004608045575421743
40	56	0.0004608045575421743
40	57	0.0004608045575421743
40	71	0.0004608045575421743
41	48	0.0004608045575421743
41	49	0.0004608045575421743
41	52	0.0004608045575421743
41	53	0.0004608045575421743
41	54	0.0004608045575421743
41	56	0.0004608045575421743
41	57	0.0004608045575421743
41	71	0.0004608045575421743
42	48	0.0004608045575421743
42	49	0.0004608045575421743
42	52	0.0004608045575421743
42	53	0.0004608045575421743
42	54	0.0004608045575421743
42	56	0.0004608045575421743
42	57	0.0004608045575421743
42	71	0.0004608045575421743
43	48	0.0004608045575421743
43	49	0.0004608045575421743
43	52	0.0004608045575421743
43	53	0.0004608045575421743
43	54	0.0004608045575421743
43	56	0.0004608045575421743
43	57	0.0004608045575421743
43	71	0.0004608045575421743
44	48	0.0004608045575421743
44	49	0.0004608045575421743
44	52	0.0004608045575421743
44	53	0.0004608045575421743
44	54	0.0004608045575421743
44	56	0.0004608045575421743
44	57	0.0004608045575421743
44	71	0.0004608045575421743
45	48	0.0004608045575421743
45	49	0.0004608045575421743
45	52	0.0004608045575421743
45	53	0.0004608045575421743
45	54	0.0004608045575421743
45	56	0.0004608045575421743
45	57	0.0004608045575421743
45	71	0.0004608045575421743
46	48	0.0004608045575421743
46	49	0.0004608045575421743
46	52	0.0004608045575421743
46	53	0.0004608045575421743
46	54	0.0004608045575421743
46	56	0.0004608045575421743
46	57	0.0004608045575421743
46	71	0.0004608045575421743
47	48	0.0004608045575421743
47	49	0.0004608045575421743
47	52	0.0004608045575421743
47	53	0.0004608045575421743
47	54	0.0004608045575421743
47	56	0.0004608045575421743
47	57	0.0004608045575421743
47	71	0.0004608045575421743
48	50	0.0004608045575421743
48	51	0.0004608045575421743
48	55	0.0004608045575421743
48	58	0.0004608045575421743
48	59	0.0004608045575421743
48	60	0.0004608045575421743
48	61	0.0004608045575421743
48	62	0.0004608045575421743
48	63	0.0004608045575421743
48	64	0.0004608045575421743
48	65	0.0004608045575421743
48	66	0.0004608045575421743
48	67	0.0004608045575421743
48	68	0.0004608045575421743
48	69	0.0004608045575421743
48	70	0.0004608045575421743
48	72	0.0004608045575421743
49	50	0.0004608045575421743
49	51	0.0004608045575421743
49	55	0.0004608045575421743
49	58	0.0004608045575421743
49	59	0.0004608045575421743
49	60	0.0004608045575421743
49	61	0.0004608045575421743
49	62	0.0004608045575421743
49	63	0.0004608045575421743
49	64	0.0004608045575421743
49	65	0.0004608045575421743
49	66	0.0004608045575421743
49	67	0.0004608045575421743
49	68	0.0004608045575421743
49	69	0.0004608045575421743
49	70	0.0004608045575421743
49	72	0.0004608045575421743
50	52	0.0004608045575421743
50	53	0.0004608045575421743
50	54	0.0004608045575421743
50	56	0.0004608045575421743
50	57	0.0004608045575421743
50	71	0.0004608045575421743
51	52	0.0004608045575421743
51	53	0.0004608045575421743
51	54	0.0004608045575421743
51	56	0.0004608045575421743
51	57	0.0004608045575421743
51	71	0.0004608045575421743
52	55	0.0004608045575421743
52	58	0.0004608045575421743
52	59	0.0004608045575421743
52	60	0.0004608045575421743
52	61	0.0004608045575421743
52	62	0.0004608045575421743
52	63	0.0004608045575421743
52	64	0.0004608045575421743
52	65	0.0004608045575421743
52	66	0.0004608045575421743
52	67	0.0004608045575421743
52	68	0.0004608045575421743
52	69	0.0004608045575421743
52	70	0.0004608045575421743
52	72	0.0004608045575421743
53	55	0.0004608045575421743
53	58	0.0004608045575421743
53	59	0.0004608045575421743
53	60	0.0004608045575421743
53	61	0.0004608045575421743
53	62	0.0004608045575421743
53	63	0.0004608045575421743
53	64	0.0004608045575421743
53	65	0.0004608045575421743
53	66	0.0004608045575421743
53	67	0.0004608045575421743
53	68	0.0004608045575421743
53	69	0.0004608045575421743
53	70	0.0004608045575421743
53	72	0.0004608045575421743
54	55	0.0004608045575421743
54	58	0.0004608045575421743
54	59	0.0004608045575421743
54	60	0.0004608045575421743
54	61	0.0004608045575421743
54	62	0.0004608045575421743
54	63	0.0004608045575421743
54	64	0.0004608045575421743
54	65	0.0004608045575421743
54	66	0.0004608045575421743
54	67	0.0004608045575421743
54	68	0.0004608045575421743
54	69	0.0004608045575421743
54	70	0.0004608045575421743
54	72	0.0004608045575421743
55	56	0.0004608045575421743
55	57	0.0004608045575421743
55	71	0.0004608045575421743
56	58	0.0004608045575421743
56	59	0.0004608045575421743
56	60	0.0004608045575421743
56	61	0.0004608045575421743
56	62	0.0004608045575421743
56	63	0.0004608045575421743
56	64	0.0004608045575421743
56	65	0.0004608045575421743
56	66	0.0004608045575421743
56	67	0.0004608045575421743
56	68	0.0004608045575421743
56	69	0.0004608045575421743
56	70	0.0004608045575421743
56	72	0.0004608045575421743
57	58	0.0004608045575421743
57	59	0.0004608045575421743
57	60	0.0004608045575421743
57	61	0.0004608045575421743
57	62	0.0004608045575421743
57	63	0.0004608045575421743
57	64	0.0004608045575421743
57	65	0.0004608045575421743
57	66	0.0004608045575421743
57	67	0.0004608045575421743
57	68	0.0004608045575421743
57	69	0.0004608045575421743
57	70	0.0004608045575421743
57	72	0.0004608045575421743
58	71	0.0004608045575421743
59	71	0.0004608045575421743
60	71	0.0004608045575421743
61	71	0.0004608045575421743
62	71	0.0004608045575421743
63	71	0.0004608045575421743
64	71	0.0004608045575421743
65	71	0.0004608045575421743
66	71	0.0004608045575421743
67	71	0.0004608045575421743
68	71	0.0004608045575421743
69	71	0.0004608045575421743
70	71	0.0004608045575421743
71	72	0.0004608045575421743
19	25	0.0004608045331035496
19	29	0.0004608045331035496
19	32	0.0004608045331035496
19	35	0.0004608045331035496
19	36	0.0004608045331035496
19	37	0.0004608045331035496
19	38	0.0004608045331035496
19	48	0.0004608045331035496
19	49	0.0004608045331035496
19	52	0.0004608045331035496
19	53	0.0004608045331035496
19	54	0.0004608045331035496
19	56	0.0004608045331035496
19	57	0.0004608045331035496
19	71	0.0004608045331035496
25	29	0.0004608045331035496
25	32	0.0004608045331035496
25	35	0.0004608045331035496
25	36	0.0004608045331035496
25	37	0.0004608045331035496
25	38	0.0004608045331035496
25	48	0.0004608045331035496
25	49	0.0004608045331035496
25	52	0.0004608045331035496
25	53	0.0004608045331035496
25	54	0.0004608045331035496
25	56	0.0004608045331035496
25	57	0.0004608045331035496
25	71	0.0004608045331035496
29	32	0.0004608045331035496
29	35	0.0004608045331035496
29	36	0.0004608045331035496
29	37	0.0004608045331035496
29	38	0.0004608045331035496
29	48	0.0004608045331035496
29	49	0.0004608045331035496
29	52	0.0004608045331035496
29	53	0.0004608045331035496
29	54	0.0004608045331035496
29	56	0.0004608045331035496
29	57	0.0004608045331035496
29	71	0.0004608045331035496
32	35	0.0004608045331035496
32	36	0.0004608045331035496
32	37	0.0004608045331035496
32	38	0.0004608045331035496
32	48	0.0004608045331035496
32	49	0.0004608045331035496
32	52	0.0004608045331035496
32	53	0.0004608045331035496
32	54	0.0004608045331035496
32	56	0.0004608045331035496
32	57	0.0004608045331035496
32	71	0.0004608045331035496
35	36	0.0004608045331035496
35	37	0.0004608045331035496
35	38	0.0004608045331035496
35	48	0.0004608045331035496
35	49	0.0004608045331035496
35	52	0.0004608045331035496
35	53	0.0004608045331035496
35	54	0.0004608045331035496
35	56	0.0004608045331035496
35	57	0.0004608045331035496
35	71	0.0004608045331035496
36	37	0.0004608045331035496
36	38	0.0004608045331035496
36	48	0.0004608045331035496
36	49	0.0004608045331035496
36	52	0.0004608045331035496
36	53	0.0004608045331035496
36	54	0.0004608045331035496
36	56	0.0004608045331035496
36	57	0.0004608045331035496
36	71	0.0004608045331035496
37	38	0.0004608045331035496
37	48	0.0004608045331035496
37	49	0.0004608045331035496
37	52	0.0004608045331035496
37	53	0.0004608045331035496
37	54	0.0004608045331035496
37	56	0.0004608045331035496
37	57	0.0004608045331035496
37	71	0.0004608045331035496
38	48	0.0004608045331035496
38	49	0.0004608045331035496
38	52	0.0004608045331035496
38	53	0.0004608045331035496
38	54	0.0004608045331035496
38	56	0.0004608045331035496
38	57	0.0004608045331035496
38	71	0.0004608045331035496
48	49	0.0004608045331035496
48	52	0.0004608045331035496
48	53	0.0004608045331035496
48	54	0.0004608045331035496
48	56	0.0004608045331035496
48	57	0.0004608045331035496
48	71	0.0004608045331035496
49	52	0.0004608045331035496
49	53	0.0004608045331035496
49	54	0.0004608045331035496
49	56	0.0004608045331035496
49	57	0.0004608045331035496
49	71	0.0004608045331035496
52	53	0.0004608045331035496
52	54	0.0004608045331035496
52	56	0.0004608045331035496
52	57	0.0004608045331035496
52	71	0.0004608045331035496
53	54	0.0004608045331035496
53	56	0.0004608045331035496
53	57	0.0004608045331035496
53	71	0.0004608045331035496
54	56	0.0004608045331035496
54	57	0.0004608045331035496
54	71	0.0004608045331035496
56	57	0.0004608045331035496
56	71	0.0004608045331035496
57	71	0.0004608045331035496
12	73	0.00019306967468486064
4	17	0.00011536650831990916
4	18	0.00011536650831990916
4	20	0.00011536650831990916
4	21	0.00011536650831990916
4	22	0.00011536650831990916
4	23	0.00011536650831990916
4	24	0.00011536650831990916
4	26	0.00011536650831990916
4	27	0.00011536650831990916
4	28	0.00011536650831990916
4	30	0.00011536650831990916
4	31	0.00011536650831990916
4	33	0.00011536650831990916
4	34	0.00011536650831990916
4	39	0.00011536650831990916
4	40	0.00011536650831990916
4	41	0.00011536650831990916
4	42	0.00011536650831990916
4	43	0.00011536650831990916
4	44	0.00011536650831990916
4	45	0.00011536650831990916
4	46	0.00011536650831990916
4	47	0.00011536650831990916
4	50	0.00011536650831990916
4	51	0.00011536650831990916
4	55	0.00011536650831990916
4	58	0.00011536650831990916
4	59	0.00011536650831990916
4	60	0.00011536650831990916
4	61	0.00011536650831990916
4	62	0.00011536650831990916
4	63	0.00011536650831990916
4	64	0.00011536650831990916
4	65	0.00011536650831990916
4	66	0.00011536650831990916
4	67	0.00011536650831990916
4	68	0.00011536650831990916
4	69	0.00011536650831990916
4	70	0.00011536650831990916
4	72	0.00011536650831990916
4	19	0.00011536648338913297
4	25	0.00011536648338913297
4	29	0.00011536648338913297
4	32	0.00011536648338913297
4	35	0.00011536648338913297
4	36	0.00011536648338913297
4	37	0.00011536648338913297
4	38	0.00011536648338913297
4	48	0.00011536648338913297
4	49	0.00011536648338913297
4	52	0.00011536648338913297
4	53	0.00011536648338913297
4	54	0.00011536648338913297
4	56	0.00011536648338913297
4	57	0.00011536648338913297
4	71	0.00011536648338913297
6	30	7.118022229960289e-05
6	39	7.118022229960289e-05
6	40	7.118022229960289e-05
6	43	7.118022229960289e-05
6	44	7.118022229960289e-05
6	45	7.118022229960289e-05
6	46	7.118022229960289e-05
6	47	7.118022229960289e-05
6	19	7.11801973181242e-05
6	25	7.11801973181242e-05
6	29	7.11801973181242e-05
6	32	7.11801973181242e-05
6	35	7.11801973181242e-05
6	36	7.11801973181242e-05
6	37	7.11801973181242e-05
6	38	7.11801973181242e-05
6	48	7.11801973181242e-05
6	49	7.11801973181242e-05
6	52	7.11801973181242e-05
6	53	7.11801973181242e-05
6	54	7.11801973181242e-05
6	56	7.11801973181242e-05
6	57	7.11801973181242e-05
6	71	7.11801973181242e-05
6	17	7.117835965445365e-05
6	18	7.117835965445365e-05
6	20	7.117835965445365e-05
6	21	7.117835965445365e-05
6	22	7.117835965445365e-05
6	23	7.117835965445365e-05
6	24	7.117835965445365e-05
6	26	7.117835965445365e-05
6	27	7.117835965445365e-05
6	28	7.117835965445365e-05
6	31	7.117835965445365e-05
6	33	7.117835965445365e-05
6	34	7.117835965445365e-05
6	41	7.117835965445365e-05
6	42	7.117835965445365e-05
6	50	7.117835965445365e-05
6	51	7.117835965445365e-05
6	55	7.117835965445365e-05
6	58	7.117835965445365e-05
6	59	7.117835965445365e-05
6	60	7.117835965445365e-05
6	61	7.117835965445365e-05
6	62	7.117835965445365e-05
6	63	7.117835965445365e-05
6	64	7.117835965445365e-05
6	65	7.117835965445365e-05
6	66	7.117835965445365e-05
6	67	7.117835965445365e-05
6	68	7.117835965445365e-05
6	69	7.117835965445365e-05
6	70	7.117835965445365e-05
6	72	7.117835965445365e-05
12	17	2.5882350770081025e-05
12	18	2.5882350770081025e-05
12	20	2.5882350770081025e-05
12	21	2.5882350770081025e-05
12	22	2.5882350770081025e-05
12	23	2.5882350770081025e-05
12	24	2.5882350770081025e-05
12	26	2.5882350770081025e-05
12	27	2.5882350770081025e-05
12	28	2.5882350770081025e-05
12	31	2.5882350770081025e-05
12	33	2.5882350770081025e-05
12	34	2.5882350770081025e-05
12	41	2.5882350770081025e-05
12	42	2.5882350770081025e-05
12	50	2.5882350770081025e-05
12	51	2.5882350770081025e-05
12	55	2.5882350770081025e-05
12	58	2.5882350770081025e-05
12	59	2.5882350770081025e-05
12	60	2.5882350770081025e-05
12	61	2.5882350770081025e-05
12	62	2.5882350770081025e-05
12	63	2.5882350770081025e-05
12	64	2.5882350770081025e-05
12	65	2.5882350770081025e-05
12	66	2.5882350770081025e-05
12	67	2.5882350770081025e-05
12	68	2.5882350770081025e-05
12	69	2.5882350770081025e-05
12	70	2.5882350770081025e-05
12	72	2.5882350770081025e-05
12	19	2.5882325908291315e-05
12	25	2.5882325908291315e-05
12	29	2.5882325908291315e-05
12	32	2.5882325908291315e-05
12	35	2.5882325908291315e-05
12	36	2.5882325908291315e-05
12	37	2.5882325908291315e-05
12	38	2.5882325908291315e-05
12	48	2.5882325908291315e-05
12	49	2.5882325908291315e-05
12	52	2.5882325908291315e-05
12	53	2.5882325908291315e-05
12	54	2.5882325908291315e-05
12	56	2.5882325908291315e-05
12	57	2.5882325908291315e-05
12	71	2.5882325908291315e-05
12	30	2.5880488124931794e-05
12	39	2.5880488124931794e-05
12	40	2.5880488124931794e-05
12	43	2.5880488124931794e-05
12	44	2.5880488124931794e-05
12	45	2.5880488124931794e-05
12	46	2.5880488124931794e-05
12	47	2.5880488124931794e-05
5	73	-0.00011249308776742004
73	74	-0.00011249321567768575
1	73	-0.00011249344591617375
10	11	-0.00024664630663236153
5	17	-0.00042911324983948423
5	18	-0.00042911324983948423
5	20	-0.00042911324983948423
5	21	-0.00042911324983948423
5	22	-0.00042911324983948423
5	23	-0.00042911324983948423
5	24	-0.00042911324983948423
5	26	-0.00042911324983948423
5	27	-0.00042911324983948423
5	28	-0.00042911324983948423
5	30	-0.00042911324983948423
5	31	-0.00042911324983948423
5	33	-0.00042911324983948423
5	34	-0.00042911324983948423
5	39	-0.00042911324983948423
5	40	-0.00042911324983948423
5	41	-0.00042911324983948423
5	42	-0.00042911324983948423
5	43	-0.00042911324983948423
5	44	-0.00042911324983948423
5	45	-0.00042911324983948423
5	46	-0.00042911324983948423
5	47	-0.00042911324983948423
5	50	-0.00042911324983948423
5	51	-0.00042911324983948423
5	55	-0.00042911324983948423
5	58	-0.00042911324983948423
5	59	-0.00042911324983948423
5	60	-0.00042911324983948423
5	61	-0.00042911324983948423
5	62	-0.00042911324983948423
5	63	-0.00042911324983948423
5	64	-0.00042911324983948423
5	65	-0.00042911324983948423
5	66	-0.00042911324983948423
5	67	-0.00042911324983948423
5	68	-0.00042911324983948423
5	69	-0.00042911324983948423
5	70	-0.00042911324983948423
5	72	-0.00042911324983948423
5	19	-0.000429113275343309
5	25	-0.000429113275343309
5	29	-0.000429113275343309
5	32	-0.000429113275343309
5	35	-0.000429113275343309
5	36	-0.000429113275343309
5	37	-0.000429113275343309
5	38	-0.000429113275343309
5	48	-0.000429113275343309
5	49	-0.000429113275343309
5	52	-0.000429113275343309
5	53	-0.000429113275343309
5	54	-0.000429113275343309
5	56	-0.000429113275343309
5	57	-0.000429113275343309
5	71	-0.000429113275343309
17	74	-0.0004291133720326079
18	74	-0.0004291133720326079
20	74	-0.0004291133720326079
21	74	-0.0004291133720326079
22	74	-0.0004291133720326079
23	74	-0.0004291133720326079
24	74	-0.0004291133720326079
26	74	-0.0004291133720326079
27	74	-0.0004291133720326079
28	74	-0.0004291133720326079
30	74	-0.0004291133720326079
31	74	-0.0004291133720326079
33	74	-0.0004291133720326079
34	74	-0.0004291133720326079
39	74	-0.0004291133720326079
40	74	-0.0004291133720326079
41	74	-0.0004291133720326079
42	74	-0.0004291133720326079
43	74	-0.0004291133720326079
44	74	-0.0004291133720326079
45	74	-0.0004291133720326079
46	74	-0.0004291133720326079
47	74	-0.0004291133720326079
50	74	-0.0004291133720326079
51	74	-0.0004291133720326079
55	74	-0.0004291133720326079
58	74	-0.0004291133720326079
59	74	-0.0004291133720326079
60	74	-0.0004291133720326079
61	74	-0.0004291133720326079
62	74	-0.0004291133720326079
63	74	-0.0004291133720326079
64	74	-0.0004291133720326079
65	74	-0.0004291133720326079
66	74	-0.0004291133720326079
67	74	-0.0004291133720326079
68	74	-0.0004291133720326079
69	74	-0.0004291133720326079
70	74	-0.0004291133720326079
72	74	-0.0004291133720326079
19	74	-0.0004291133975364292
25	74	-0.0004291133975364292
29	74	-0.0004291133975364292
32	74	-0.0004291133975364292
35	74	-0.0004291133975364292
36	74	-0.0004291133975364292
37	74	-0.0004291133975364292
38	74	-0.0004291133975364292
48	74	-0.0004291133975364292
49	74	-0.0004291133975364292
52	74	-0.0004291133975364292
53	74	-0.0004291133975364292
54	74	-0.0004291133975364292
56	74	-0.0004291133975364292
57	74	-0.0004291133975364292
71	74	-0.0004291133975364292
1	17	-0.00042911359198022705
1	18	-0.00042911359198022705
1	20	-0.00042911359198022705
1	21	-0.00042911359198022705
1	22	-0.00042911359198022705
1	23	-0.00042911359198022705
1	24	-0.00042911359198022705
1	26	-0.00042911359198022705
1	27	-0.00042911359198022705
1	28	-0.00042911359198022705
1	30	-0.00042911359198022705
1	31	-0.00042911359198022705
1	33	-0.00042911359198022705
1	34	-0.00042911359198022705
1	39	-0.00042911359198022705
1	40	-0.00042911359198022705
1	41	-0.00042911359198022705
1	42	-0.00042911359198022705
1	43	-0.00042911359198022705
1	44	-0.00042911359198022705
1	45	-0.00042911359198022705
1	46	-0.00042911359198022705
1	47	-0.00042911359198022705
1	50	-0.00042911359198022705
1	51	-0.00042911359198022705
1	55	-0.00042911359198022705
1	58	-0.00042911359198022705
1	59	-0.00042911359198022705
1	60	-0.00042911359198022705
1	61	-0.00042911359198022705
1	62	-0.00042911359198022705
1	63	-0.00042911359198022705
1	64	-0.00042911359198022705
1	65	-0.00042911359198022705
1	66	-0.00042911359198022705
1	67	-0.00042911359198022705
1	68	-0.00042911359198022705
1	69	-0.00042911359198022705
1	70	-0.00042911359198022705
1	72	-0.00042911359198022705
1	19	-0.0004291136174840518
1	25	-0.0004291136174840518
1	29	-0.0004291136174840518
1	32	-0.0004291136174840518
1	35	-0.0004291136174840518
1	36	-0.0004291136174840518
1	37	-0.0004291136174840518
1	38	-0.0004291136174840518
1	48	-0.0004291136174840518
1	49	-0.0004291136174840518
1	52	-0.0004291136174840518
1	53	-0.0004291136174840518
1	54	-0.0004291136174840518
1	56	-0.0004291136174840518
1	57	-0.0004291136174840518
1	71	-0.0004291136174840518
10	17	-0.00044367914310655676
10	18	-0.00044367914310655676
10	20	-0.00044367914310655676
10	21	-0.00044367914310655676
10	22	-0.00044367914310655676
10	23	-0.00044367914310655676
10	24	-0.00044367914310655676
10	26	-0.00044367914310655676
10	27	-0.00044367914310655676
10	28	-0.00044367914310655676
10	30	-0.00044367914310655676
10	31	-0.00044367914310655676
10	33	-0.00044367914310655676
10	34	-0.00044367914310655676
10	39	-0.00044367914310655676
10	40	-0.00044367914310655676
10	41	-0.00044367914310655676
10	42	-0.00044367914310655676
10	43	-0.00044367914310655676
10	44	-0.00044367914310655676
10	45	-0.00044367914310655676
10	46	-0.00044367914310655676
10	47	-0.00044367914310655676
10	50	-0.00044367914310655676
10	51	-0.00044367914310655676
10	55	-0.00044367914310655676
10	58	-0.00044367914310655676
10	59	-0.00044367914310655676
10	60	-0.00044367914310655676
10	61	-0.00044367914310655676
10	62	-0.00044367914310655676
10	63	-0.00044367914310655676
10	64	-0.00044367914310655676
10	65	-0.00044367914310655676
10	66	-0.00044367914310655676
10	67	-0.00044367914310655676
10	68	-0.00044367914310655676
10	69	-0.00044367914310655676
10	70	-0.00044367914310655676
10	72	-0.00044367914310655676
10	19	-0.00044367916856707934
10	25	-0.00044367916856707934
10	29	-0.00044367916856707934
10	32	-0.00044367916856707934
10	35	-0.00044367916856707934
10	36	-0.00044367916856707934
10	37	-0.00044367916856707934
10	38	-0.00044367916856707934
10	48	-0.00044367916856707934
10	49	-0.00044367916856707934
10	52	-0.00044367916856707934
10	53	-0.00044367916856707934
10	54	-0.00044367916856707934
10	56	-0.00044367916856707934
10	57	-0.00044367916856707934
10	71	-0.00044367916856707934
7	10	-0.0005701245780205082
8	10	-0.0005701245780205082
9	10	-0.0005701245780205082
2	10	-0.0005701263897446088
10	15	-0.0005701263897446088
10	16	-0.0005701263897446088
10	13	-0.0005701264406656609
4	73	-0.0006801342042747141
6	73	-0.0007329527164243212
3	10	-0.0008258203950721292
17	73	-0.0009047093190952017
18	73	-0.0009047093190952017
20	73	-0.0009047093190952017
21	73	-0.0009047093190952017
22	73	-0.0009047093190952017
23	73	-0.0009047093190952017
24	73	-0.0009047093190952017
26	73	-0.0009047093190952017
27	73	-0.0009047093190952017
28	73	-0.0009047093190952017
30	73	-0.0009047093190952017
31	73	-0.0009047093190952017
33	73	-0.0009047093190952017
34	73	-0.0009047093190952017
39	73	-0.0009047093190952017
40	73	-0.0009047093190952017
41	73	-0.0009047093190952017
42	73	-0.0009047093190952017
43	73	-0.0009047093190952017
44	73	-0.0009047093190952017
45	73	-0.0009047093190952017
46	73	-0.0009047093190952017
47	73	-0.0009047093190952017
50	73	-0.0009047093190952017
51	73	-0.0009047093190952017
55	73	-0.0009047093190952017
58	73	-0.0009047093190952017
59	73	-0.0009047093190952017
60	73	-0.0009047093190952017
61	73	-0.0009047093190952017
62	73	-0.0009047093190952017
63	73	-0.0009047093190952017
64	73	-0.0009047093190952017
65	73	-0.0009047093190952017
66	73	-0.0009047093190952017
67	73	-0.0009047093190952017
68	73	-0.0009047093190952017
69	73	-0.0009047093190952017
70	73	-0.0009047093190952017
72	73	-0.0009047093190952017
19	73	-0.0009047093446772556
25	73	-0.0009047093446772556
29	73	-0.0009047093446772556
32	73	-0.0009047093446772556
35	73	-0.0009047093446772556
36	73	-0.0009047093446772556
37	73	-0.0009047093446772556
38	73	-0.0009047093446772556
48	73	-0.0009047093446772556
49	73	-0.0009047093446772556
52	73	-0.0009047093446772556
53	73	-0.0009047093446772556
54	73	-0.0009047093446772556
56	73	-0.0009047093446772556
57	73	-0.0009047093446772556
71	73	-0.0009047093446772556
10	75	-0.0009236460352635284
1	2	-0.0010012794297692314
1	15	-0.0010012794297692314
1	16	-0.0010012794297692314
1	7	-0.0010012794807768774
1	8	-0.0010012794807768774
1	9	-0.0010012794807768774
1	13	-0.0010012794807768774
2	5	-0.0010012809194988592
5	15	-0.0010012809194988592
5	16	-0.0010012809194988592
5	7	-0.0010012809705065052
5	8	-0.0010012809705065052
5	9	-0.0010012809705065052
5	13	-0.0010012809705065052
2	74	-0.0010012810526829723
15	74	-0.0010012810526829723
16	74	-0.0010012810526829723
7	74	-0.0010012811036906148
8	74	-0.0010012811036906148
9	74	-0.0010012811036906148
13	74	-0.0010012811036906148
11	17	-0.001137344832965348
11	18	-0.001137344832965348
11	20	-0.001137344832965348
11	21	-0.001137344832965348
11	22	-0.001137344832965348
11	23	-0.001137344832965348
11	24	-0.001137344832965348
11	26	-0.001137344832965348
11	27	-0.001137344832965348
11	28	-0.001137344832965348
11	30	-0.001137344832965348
11	31	-0.001137344832965348
11	33	-0.001137344832965348
11	34	-0.001137344832965348
11	39	-0.001137344832965348
11	40	-0.001137344832965348
11	41	-0.001137344832965348
11	42	-0.001137344832965348
11	43	-0.001137344832965348
11	44	-0.001137344832965348
11	45	-0.001137344832965348
11	46	-0.001137344832965348
11	47	-0.001137344832965348
11	50	-0.001137344832965348
11	51	-0.001137344832965348
11	55	-0.001137344832965348
11	58	-0.001137344832965348
11	59	-0.001137344832965348
11	60	-0.001137344832965348
11	61	-0.001137344832965348
11	62	-0.001137344832965348
11	63	-0.001137344832965348
11	64	-0.001137344832965348
11	65	-0.001137344832965348
11	66	-0.001137344832965348
11	67	-0.001137344832965348
11	68	-0.001137344832965348
11	69	-0.001137344832965348
11	70	-0.001137344832965348
11	72	-0.001137344832965348
11	19	-0.0011373448586581188
11	25	-0.0011373448586581188
11	29	-0.0011373448586581188
11	32	-0.0011373448586581188
11	35	-0.0011373448586581188
11	36	-0.0011373448586581188
11	37	-0.0011373448586581188
11	38	-0.0011373448586581188
11	48	-0.0011373448586581188
11	49	-0.0011373448586581188
11	52	-0.0011373448586581188
11	53	-0.0011373448586581188
11	54	-0.0011373448586581188
11	56	-0.0011373448586581188
11	57	-0.0011373448586581188
11	71	-0.0011373448586581188
3	17	-0.0013922188932471782
3	18	-0.0013922188932471782
3	20	-0.0013922188932471782
3	21	-0.0013922188932471782
3	22	-0.0013922188932471782
3	23	-0.0013922188932471782
3	24	-0.0013922188932471782
3	26	-0.0013922188932471782
3	27	-0.0013922188932471782
3	28	-0.0013922188932471782
3	30	-0.0013922188932471782
3	31	-0.0013922188932471782
3	33	-0.0013922188932471782
3	34	-0.0013922188932471782
3	39	-0.0013922188932471782
3	40	-0.0013922188932471782
3	41	-0.0013922188932471782
3	42	-0.0013922188932471782
3	43	-0.0013922188932471782
3	44	-0.0013922188932471782
3	45	-0.0013922188932471782
3	46	-0.0013922188932471782
3	47	-0.0013922188932471782
3	50	-0.0013922188932471782
3	51	-0.0013922188932471782
3	55	-0.0013922188932471782
3	58	-0.0013922188932471782
3	59	-0.0013922188932471782
3	60	-0.0013922188932471782
3	61	-0.0013922188932471782
3	62	-0.0013922188932471782
3	63	-0.0013922188932471782
3	64	-0.0013922188932471782
3	65	-0.0013922188932471782
3	66	-0.0013922188932471782
3	67	-0.0013922188932471782
3	68	-0.0013922188932471782
3	69	-0.0013922188932471782
3	70	-0.0013922188932471782
3	72	-0.0013922188932471782
3	19	-0.001392218919111208
3	25	-0.001392218919111208
3	29	-0.001392218919111208
3	32	-0.001392218919111208
3	35	-0.001392218919111208
3	36	-0.001392218919111208
3	37	-0.001392218919111208
3	38	-0.001392218919111208
3	48	-0.001392218919111208
3	49	-0.001392218919111208
3	52	-0.001392218919111208
3	53	-0.001392218919111208
3	54	-0.001392218919111208
3	56	-0.001392218919111208
3	57	-0.001392218919111208
3	71	-0.001392218919111208
74	75	-0.0015267755614439132
1	75	-0.0015267757987712516
5	75	-0.0015267772922405443
12	76	-0.0015785071221978697
14	17	-0.0016079708221610166
14	18	-0.0016079708221610166
14	20	-0.0016079708221610166
14	21	-0.0016079708221610166
14	22	-0.0016079708221610166
14	23	-0.0016079708221610166
14	24	-0.0016079708221610166
14	26	-0.0016079708221610166
14	27	-0.0016079708221610166
14	28	-0.0016079708221610166
14	30	-0.0016079708221610166
14	31	-0.0016079708221610166
14	33	-0.0016079708221610166
14	34	-0.0016079708221610166
14	39	-0.0016079708221610166
14	40	-0.0016079708221610166
14	41	-0.0016079708221610166
14	42	-0.0016079708221610166
14	43	-0.0016079708221610166
14	44	-0.0016079708221610166
14	45	-0.0016079708221610166
14	46	-0.0016079708221610166
14	47	-0.0016079708221610166
14	50	-0.0016079708221610166
14	51	-0.0016079708221610166
14	55	-0.0016079708221610166
14	58	-0.0016079708221610166
14	59	-0.0016079708221610166
14	60	-0.0016079708221610166
14	61	-0.0016079708221610166
14	62	-0.0016079708221610166
14	63	-0.0016079708221610166
14	64	-0.0016079708221610166
14	65	-0.0016079708221610166
14	66	-0.0016079708221610166
14	67	-0.0016079708221610166
14	68	-0.0016079708221610166
14	69	-0.0016079708221610166
14	70	-0.0016079708221610166
14	72	-0.0016079708221610166
14	19	-0.0016079708482673628
14	25	-0.0016079708482673628
14	29	-0.0016079708482673628
14	32	-0.0016079708482673628
14	35	-0.0016079708482673628
14	36	-0.0016079708482673628
14	37	-0.0016079708482673628
14	38	-0.0016079708482673628
14	48	-0.0016079708482673628
14	49	-0.0016079708482673628
14	52	-0.0016079708482673628
14	53	-0.0016079708482673628
14	54	-0.0016079708482673628
14	56	-0.0016079708482673628
14	57	-0.0016079708482673628
14	71	-0.0016079708482673628
17	76	-0.0016275462904157337
18	76	-0.0016275462904157337
20	76	-0.0016275462904157337
21	76	-0.0016275462904157337
22	76	-0.0016275462904157337
23	76	-0.0016275462904157337
24	76	-0.0016275462904157337
26	76	-0.0016275462904157337
27	76	-0.0016275462904157337
28	76	-0.0016275462904157337
30	76	-0.0016275462904157337
31	76	-0.0016275462904157337
33	76	-0.0016275462904157337
34	76	-0.0016275462904157337
39	76	-0.0016275462904157337
40	76	-0.0016275462904157337
41	76	-0.0016275462904157337
42	76	-0.0016275462904157337
43	76	-0.0016275462904157337
44	76	-0.0016275462904157337
45	76	-0.0016275462904157337
46	76	-0.0016275462904157337
47	76	-0.0016275462904157337
50	76	-0.0016275462904157337
51	76	-0.0016275462904157337
55	76	-0.0016275462904157337
58	76	-0.0016275462904157337
59	76	-0.0016275462904157337
60	76	-0.0016275462904157337
61	76	-0.0016275462904157337
62	76	-0.0016275462904157337
63	76	-0.0016275462904157337
64	76	-0.0016275462904157337
65	76	-0.0016275462904157337
66	76	-0.0016275462904157337
67	76	-0.0016275462904157337
68	76	-0.0016275462904157337
69	76	-0.0016275462904157337
70	76	-0.0016275462904157337
72	76	-0.0016275462904157337
19	76	-0.0016275463165144957
25	76	-0.0016275463165144957
29	76	-0.0016275463165144957
32	76	-0.0016275463165144957
35	76	-0.0016275463165144957
36	76	-0.0016275463165144957
37	76	-0.0016275463165144957
38	76	-0.0016275463165144957
48	76	-0.0016275463165144957
49	76	-0.0016275463165144957
52	76	-0.0016275463165144957
53	76	-0.0016275463165144957
54	76	-0.0016275463165144957
56	76	-0.0016275463165144957
57	76	-0.0016275463165144957
71	76	-0.0016275463165144957
12	14	-0.0017562968612591448
1	76	-0.0017843493566356457
5	76	-0.0017843508538981367
74	76	-0.0017843509843919435
3	5	-0.0018776605188011268
3	74	-0.0018776606481212647
1	3	-0.0018776608808975283
17	75	-0.0019510677067908072
18	75	-0.0019510677067908072
20	75	-0.0019510677067908072
21	75	-0.0019510677067908072
22	75	-0.0019510677067908072
23	75	-0.0019510677067908072
24	75	-0.0019510677067908072
26	75	-0.0019510677067908072
27	75	-0.0019510677067908072
28	75	-0.0019510677067908072
30	75	-0.0019510677067908072
31	75	-0.0019510677067908072
33	75	-0.0019510677067908072
34	75	-0.0019510677067908072
39	75	-0.0019510677067908072
40	75	-0.0019510677067908072
41	75	-0.0019510677067908072
42	75	-0.0019510677067908072
43	75	-0.0019510677067908072
44	75	-0.0019510677067908072
45	75	-0.0019510677067908072
46	75	-0.0019510677067908072
47	75	-0.0019510677067908072
50	75	-0.0019510677067908072
51	75	-0.0019510677067908072
55	75	-0.0019510677067908072
58	75	-0.0019510677067908072
59	75	-0.0019510677067908072
60	75	-0.0019510677067908072
61	75	-0.0019510677067908072
62	75	-0.0019510677067908072
63	75	-0.0019510677067908072
64	75	-0.0019510677067908072
65	75	-0.0019510677067908072
66	75	-0.0019510677067908072
67	75	-0.0019510677067908072
68	75	-0.0019510677067908072
69	75	-0.0019510677067908072
70	75	-0.0019510677067908072
72	75	-0.0019510677067908072
19	75	-0.0019510677331605122
25	75	-0.0019510677331605122
29	75	-0.0019510677331605122
32	75	-0.0019510677331605122
35	75	-0.0019510677331605122
36	75	-0.0019510677331605122
37	75	-0.0019510677331605122
38	75	-0.0019510677331605122
48	75	-0.0019510677331605122
49	75	-0.0019510677331605122
52	75	-0.0019510677331605122
53	75	-0.0019510677331605122
54	75	-0.0019510677331605122
56	75	-0.0019510677331605122
57	75	-0.0019510677331605122
71	75	-0.0019510677331605122
2	12	-0.001956723247893387
7	12	-0.0019567232976169698
8	12	-0.0019567232976169698
9	12	-0.0019567232976169698
12	15	-0.001956725110538536
12	16	-0.001956725110538536
12	13	-0.0019567251602621225
12	75	-0.00200655722238325
10	76	-0.002143428419797637
11	74	-0.0021744630467190017
1	11	-0.0021744632779539114
5	11	-0.0021744647809003106
14	74	-0.0022058977100784492
1	14	-0.0022058979450355724
5	14	-0.002205899442191867
2	17	-0.002222449057796203
2	18	-0.002222449057796203
2	20	-0.002222449057796203
2	21	-0.002222449057796203
2	22	-0.002222449057796203
2	23	-0.002222449057796203
2	24	-0.002222449057796203
2	26	-0.002222449057796203
2	27	-0.002222449057796203
2	28	-0.002222449057796203
2	30	-0.002222449057796203
2	31	-0.002222449057796203
2	33	-0.002222449057796203
2	34	-0.002222449057796203
2	39	-0.002222449057796203
2	40	-0.002222449057796203
2	41	-0.002222449057796203
2	42	-0.002222449057796203
2	43	-0.002222449057796203
2	44	-0.002222449057796203
2	45	-0.002222449057796203
2	46	-0.002222449057796203
2	47	-0.002222449057796203
2	50	-0.002222449057796203
2	51	-0.002222449057796203
2	55	-0.002222449057796203
2	58	-0.002222449057796203
2	59	-0.002222449057796203
2	60	-0.002222449057796203
2	61	-0.002222449057796203
2	62	-0.002222449057796203
2	63	-0.002222449057796203
2	64	-0.002222449057796203
2	65	-0.002222449057796203
2	66	-0.002222449057796203
2	67	-0.002222449057796203
2	68	-0.002222449057796203
2	69	-0.002222449057796203
2	70	-0.002222449057796203
2	72	-0.002222449057796203
15	17	-0.002222449057796203
15	18	-0.002222449057796203
15	20	-0.002222449057796203
15	21	-0.002222449057796203
15	22	-0.002222449057796203
15	23	-0.002222449057796203
15	24	-0.002222449057796203
15	26	-0.002222449057796203
15	27	-0.002222449057796203
15	28	-0.002222449057796203
15	30	-0.002222449057796203
15	31	-0.002222449057796203
15	33	-0.002222449057796203
15	34	-0.002222449057796203
15	39	-0.002222449057796203
15	40	-0.002222449057796203
15	41	-0.002222449057796203
15	42	-0.002222449057796203
15	43	-0.002222449057796203
15	44	-0.002222449057796203
15	45	-0.002222449057796203
15	46	-0.002222449057796203
15	47	-0.002222449057796203
15	50	-0.002222449057796203
15	51	-0.002222449057796203
15	55	-0.002222449057796203
15	58	-0.002222449057796203
15	59	-0.002222449057796203
15	60	-0.002222449057796203
15	61	-0.002222449057796203
15	62	-0.002222449057796203
15	63	-0.002222449057796203
15	64	-0.002222449057796203
15	65	-0.002222449057796203
15	66	-0.002222449057796203
15	67	-0.002222449057796203
15	68	-0.002222449057796203
15	69	-0.002222449057796203
15	70	-0.002222449057796203
15	72	-0.002222449057796203
16	17	-0.002222449057796203
16	18	-0.002222449057796203
16	20	-0.002222449057796203
16	21	-0.002222449057796203
16	22	-0.002222449057796203
16	23	-0.002222449057796203
16	24	-0.002222449057796203
16	26	-0.002222449057796203
16	27	-0.002222449057796203
16	28	-0.002222449057796203
16	30	-0.002222449057796203
16	31	-0.002222449057796203
16	33	-0.002222449057796203
16	34	-0.002222449057796203
16	39	-0.002222449057796203
16	40	-0.002222449057796203
16	41	-0.002222449057796203
16	42	-0.002222449057796203
16	43	-0.002222449057796203
16	44	-0.002222449057796203
16	45	-0.002222449057796203
16	46	-0.002222449057796203
16	47	-0.002222449057796203
16	50	-0.002222449057796203
16	51	-0.002222449057796203
16	55	-0.002222449057796203
16	58	-0.002222449057796203
16	59	-0.002222449057796203
16	60	-0.002222449057796203
16	61	-0.002222449057796203
16	62	-0.002222449057796203
16	63	-0.002222449057796203
16	64	-0.002222449057796203
16	65	-0.002222449057796203
16	66	-0.002222449057796203
16	67	-0.002222449057796203
16	68	-0.002222449057796203
16	69	-0.002222449057796203
16	70	-0.002222449057796203
16	72	-0.002222449057796203
2	19	-0.002222449084433028
2	25	-0.002222449084433028
2	29	-0.002222449084433028
2	32	-0.002222449084433028
2	35	-0.002222449084433028
2	36	-0.002222449084433028
2	37	-0.002222449084433028
2	38	-0.002222449084433028
2	48	-0.002222449084433028
2	49	-0.002222449084433028
2	52	-0.002222449084433028
2	53	-0.002222449084433028
2	54	-0.002222449084433028
2	56	-0.002222449084433028
2	57	-0.002222449084433028
2	71	-0.002222449084433028
15	19	-0.002222449084433028
15	25	-0.002222449084433028
15	29	-0.002222449084433028
15	32	-0.002222449084433028
15	35	-0.002222449084433028
15	36	-0.002222449084433028
15	37	-0.002222449084433028
15	38	-0.002222449084433028
15	48	-0.002222449084433028
15	49	-0.002222449084433028
15	52	-0.002222449084433028
15	53	-0.002222449084433028
15	54	-0.002222449084433028
15	56	-0.002222449084433028
15	57	-0.002222449084433028
15	71	-0.002222449084433028
16	19	-0.002222449084433028
16	25	-0.002222449084433028
16	29	-0.002222449084433028
16	32	-0.002222449084433028
16	35	-0.002222449084433028
16	36	-0.002222449084433028
16	37	-0.002222449084433028
16	38	-0.002222449084433028
16	48	-0.002222449084433028
16	49	-0.002222449084433028
16	52	-0.002222449084433028
16	53	-0.002222449084433028
16	54	-0.002222449084433028
16	56	-0.002222449084433028
16	57	-0.002222449084433028
16	71	-0.002222449084433028
7	17	-0.002222449106673456
7	18	-0.002222449106673456
7	20	-0.002222449106673456
7	21	-0.002222449106673456
7	22	-0.002222449106673456
7	23	-0.002222449106673456
7	24	-0.002222449106673456
7	26	-0.002222449106673456
7	27	-0.002222449106673456
7	28	-0.002222449106673456
7	30	-0.002222449106673456
7	31	-0.002222449106673456
7	33	-0.002222449106673456
7	34	-0.002222449106673456
7	39	-0.002222449106673456
7	40	-0.002222449106673456
7	41	-0.002222449106673456
7	42	-0.002222449106673456
7	43	-0.002222449106673456
7	44	-0.002222449106673456
7	45	-0.002222449106673456
7	46	-0.002222449106673456
7	47	-0.002222449106673456
7	50	-0.002222449106673456
7	51	-0.002222449106673456
7	55	-0.002222449106673456
7	58	-0.002222449106673456
7	59	-0.002222449106673456
7	60	-0.002222449106673456
7	61	-0.002222449106673456
7	62	-0.002222449106673456
7	63	-0.002222449106673456
7	64	-0.002222449106673456
7	65	-0.002222449106673456
7	66	-0.002222449106673456
7	67	-0.002222449106673456
7	68	-0.002222449106673456
7	69	-0.002222449106673456
7	70	-0.002222449106673456
7	72	-0.002222449106673456
8	17	-0.002222449106673456
8	18	-0.002222449106673456
8	20	-0.002222449106673456
8	21	-0.002222449106673456
8	22	-0.002222449106673456
8	23	-0.002222449106673456
8	24	-0.002222449106673456
8	26	-0.002222449106673456
8	27	-0.002222449106673456
8	28	-0.002222449106673456
8	30	-0.002222449106673456
8	31	-0.002222449106673456
8	33	-0.002222449106673456
8	34	-0.002222449106673456
8	39	-0.002222449106673456
8	40	-0.002222449106673456
8	41	-0.002222449106673456
8	42	-0.002222449106673456
8	43	-0.002222449106673456
8	44	-0.002222449106673456
8	45	-0.002222449106673456
8	46	-0.002222449106673456
8	47	-0.002222449106673456
8	50	-0.002222449106673456
8	51	-0.002222449106673456
8	55	-0.002222449106673456
8	58	-0.002222449106673456
8	59	-0.002222449106673456
8	60	-0.002222449106673456
8	61	-0.002222449106673456
8	62	-0.002222449106673456
8	63	-0.002222449106673456
8	64	-0.002222449106673456
8	65	-0.002222449106673456
8	66	-0.002222449106673456
8	67	-0.002222449106673456
8	68	-0.002222449106673456
8	69	-0.002222449106673456
8	70	-0.002222449106673456
8	72	-0.002222449106673456
9	17	-0.002222449106673456
9	18	-0.002222449106673456
9	20	-0.002222449106673456
9	21	-0.002222449106673456
9	22	-0.002222449106673456
9	23	-0.002222449106673456
9	24	-0.002222449106673456
9	26	-0.002222449106673456
9	27	-0.002222449106673456
9	28	-0.002222449106673456
9	30	-0.002222449106673456
9	31	-0.002222449106673456
9	33	-0.002222449106673456
9	34	-0.002222449106673456
9	39	-0.002222449106673456
9	40	-0.002222449106673456
9	41	-0.002222449106673456
9	42	-0.002222449106673456
9	43	-0.002222449106673456
9	44	-0.002222449106673456
9	45	-0.002222449106673456
9	46	-0.002222449106673456
9	47	-0.002222449106673456
9	50	-0.002222449106673456
9	51	-0.002222449106673456
9	55	-0.002222449106673456
9	58	-0.002222449106673456
9	59	-0.002222449106673456
9	60	-0.002222449106673456
9	61	-0.002222449106673456
9	62	-0.002222449106673456
9	63	-0.002222449106673456
9	64	-0.002222449106673456
9	65	-0.002222449106673456
9	66	-0.002222449106673456
9	67	-0.002222449106673456
9	68	-0.002222449106673456
9	69	-0.002222449106673456
9	70	-0.002222449106673456
9	72	-0.002222449106673456
13	17	-0.002222449106673456
13	18	-0.002222449106673456
13	20	-0.002222449106673456
13	21	-0.002222449106673456
13	22	-0.002222449106673456
13	23	-0.002222449106673456
13	24	-0.002222449106673456
13	26	-0.002222449106673456
13	27	-0.002222449106673456
13	28	-0.002222449106673456
13	30	-0.002222449106673456
13	31	-0.002222449106673456
13	33	-0.002222449106673456
13	34	-0.002222449106673456
13	39	-0.002222449106673456
13	40	-0.002222449106673456
13	41	-0.002222449106673456
13	42	-0.002222449106673456
13	43	-0.002222449106673456
13	44	-0.002222449106673456
13	45	-0.002222449106673456
13	46	-0.002222449106673456
13	47	-0.002222449106673456
13	50	-0.002222449106673456
13	51	-0.002222449106673456
13	55	-0.002222449106673456
13	58	-0.002222449106673456
13	59	-0.002222449106673456
13	60	-0.002222449106673456
13	61	-0.002222449106673456
13	62	-0.002222449106673456
13	63	-0.002222449106673456
13	64	-0.002222449106673456
13	65	-0.002222449106673456
13	66	-0.002222449106673456
13	67	-0.002222449106673456
13	68	-0.002222449106673456
13	69	-0.002222449106673456
13	70	-0.002222449106673456
13	72	-0.002222449106673456
7	19	-0.002222449133310281
7	25	-0.002222449133310281
7	29	-0.002222449133310281
7	32	-0.002222449133310281
7	35	-0.002222449133310281
7	36	-0.002222449133310281
7	37	-0.002222449133310281
7	38	-0.002222449133310281
7	48	-0.002222449133310281
7	49	-0.002222449133310281
7	52	-0.002222449133310281
7	53	-0.002222449133310281
7	54	-0.002222449133310281
7	56	-0.002222449133310281
7	57	-0.002222449133310281
7	71	-0.002222449133310281
8	19	-0.002222449133310281
8	25	-0.002222449133310281
8	29	-0.002222449133310281
8	32	-0.002222449133310281
8	35	-0.002222449133310281
8	36	-0.002222449133310281
8	37	-0.002222449133310281
8	38	-0.002222449133310281
8	48	-0.002222449133310281
8	49	-0.002222449133310281
8	52	-0.002222449133310281
8	53	-0.002222449133310281
8	54	-0.002222449133310281
8	56	-0.002222449133310281
8	57	-0.002222449133310281
8	71	-0.002222449133310281
9	19	-0.002222449133310281
9	25	-0.002222449133310281
9	29	-0.002222449133310281
9	32	-0.002222449133310281
9	35	-0.002222449133310281
9	36	-0.002222449133310281
9	37	-0.002222449133310281
9	38	-0.002222449133310281
9	48	-0.002222449133310281
9	49	-0.002222449133310281
9	52	-0.002222449133310281
9	53	-0.002222449133310281
9	54	-0.002222449133310281
9	56	-0.002222449133310281
9	57	-0.002222449133310281
9	71	-0.002222449133310281
13	19	-0.002222449133310281
13	25	-0.002222449133310281
13	29	-0.002222449133310281
13	32	-0.002222449133310281
13	35	-0.002222449133310281
13	36	-0.002222449133310281
13	37	-0.002222449133310281
13	38	-0.002222449133310281
13	48	-0.002222449133310281
13	49	-0.002222449133310281
13	52	-0.002222449133310281
13	53	-0.002222449133310281
13	54	-0.002222449133310281
13	56	-0.002222449133310281
13	57	-0.002222449133310281
13	71	-0.002222449133310281
10	14	-0.0024316313424781015
4	11	-0.002888906391999211
2	4	-0.003177563498997317
4	15	-0.003177563498997317
4	16	-0.003177563498997317
4	7	-0.003177563548858866
4	8	-0.003177563548858866
4	9	-0.003177563548858866
4	13	-0.003177563548858866
2	6	-0.0032777484522891476
6	15	-0.0032777484522891476
6	16	-0.0032777484522891476
6	7	-0.003277748502252105
6	8	-0.003277748502252105
6	9	-0.003277748502252105
6	13	-0.003277748502252105
3	4	-0.0036846046710446202
4	75	-0.0036906436982426273
3	6	-0.0037587560700353614
6	75	-0.0037808443021750335
4	76	-0.0038175692346306307
6	76	-0.0038990357277075734
4	14	-0.004288291981136786
6	14	-0.004368831818474434
3	12	-0.004586962484207376