#==========================================================================
# The first and second rows contain site pairs (i, j) such that j > i
# The third row contains coevolutionary scores obtained 
# using plmDCA-pydca algorithm.
# Note that in this data sites are counted/labelled starting from 1
#==========================================================================
8	17	0.024685075007923378
9	16	0.022677597567556593
7	18	0.02049579018656938
3	5	0.01797682410530301
6	11	0.01694109628893715
6	19	0.01626673151287446
6	71	0.015914354247215944
13	14	0.015812335923105363
12	13	0.014757461772271805
12	14	0.014737593887852955
2	9	0.013068394157787624
2	16	0.013068389535890419
1	5	0.01140471380591191
7	10	0.010892321538914479
10	18	0.010892320851627498
1	2	0.010742837873909127
15	17	0.01040503786422075
8	15	0.010405037755055503
10	15	0.009872158069296193
2	7	0.009690000161500522
2	18	0.009689999461026375
1	17	0.009656297350440709
1	8	0.009656297238568874
3	10	0.009198038430014283
2	8	0.009145110052496928
2	17	0.009145106439282492
1	9	0.009129314328914704
1	16	0.009129313433940033
1	13	0.009010112919940243
10	17	0.009007610938597727
8	10	0.009007610828631808
9	18	0.008500331056052586
7	9	0.008500328024726948
7	16	0.008500327134195983
16	18	0.008500326440231298
3	7	0.008433962418859322
3	18	0.008433961728922496
2	71	0.008280059735882146
5	17	0.00807254885876358
5	8	0.008072548749150987
11	71	0.007903932072803665
1	12	0.007892462560018194
11	19	0.007803197877344039
6	15	0.0077725708103521425
1	3	0.007412486233598484
9	13	0.007093485462945307
13	16	0.007093484585205798
1	14	0.007077691121156669
1	7	0.006695727891358166
1	18	0.006695723466868905
10	13	0.006439114574046296
15	18	0.0059429558852210004
7	15	0.005942952842213502
3	17	0.005870318507075152
3	8	0.00587031839668526
19	71	0.0054628557082677005
3	9	0.005397408629251432
3	16	0.005397407746132295
2	6	0.005385500787524228
7	8	0.005329027472065841
17	18	0.005329026885207533
8	18	0.00532902677389116
7	17	0.005329023858091916
11	14	0.005267404661585064
4	19	0.005033212631799816
14	17	0.004974800426758089
8	14	0.004974798454630808
7	13	0.004811093092696485
13	18	0.004811092406962491
2	12	0.004795690517482992
12	71	0.004677003200346894
2	13	0.004503119148846192
5	16	0.004472506883261142
5	9	0.004472505897516729
14	71	0.00426024787077511
3	4	0.0042493678539381186
2	14	0.004224370130079279
5	19	0.003994967812699476
5	10	0.003971492365929599
9	17	0.003758275693767875
8	9	0.0037582755827335335
16	17	0.0037582748001042873
8	16	0.003758274689069939
11	15	0.0033992637103368827
5	7	0.003189923253810706
5	18	0.0031899225687320037
3	15	0.0031360057560562843
2	3	0.0031279805025561484
4	15	0.002813076875565163
2	5	0.002748820314280122
1	71	0.0027471343467866532
2	10	0.002545863177370343
2	11	0.0025441680631136387
13	17	0.002513270311524169
8	13	0.0025132702018067325
2	15	0.002188246840038894
16	71	0.0021708128441690865
9	71	0.002170811863846347
10	14	0.0021529201899149267
1	10	0.0021243535414831177
9	12	0.002074331357967786
12	16	0.0020743286224264024
6	7	0.001959780562245682
6	18	0.0019597761471691413
13	71	0.0018729606646087082
4	17	0.0017674156630556083
4	8	0.0017674155565306215
11	12	0.00175716029254459
3	19	0.0015879177683364824
7	71	0.0015833288709020225
18	71	0.0015833263189424934
15	71	0.0015365440365455278
4	10	0.0014456570028691489
6	14	0.0011335541066808917
12	18	0.0010770236421722597
7	12	0.0010770224614772977
9	10	0.0010217571250086092
10	16	0.0010217562452812766
9	14	0.0008622593444270049
14	16	0.0008622584685699757
9	15	0.000586330489966376
15	16	0.0005863240287089476
11	13	0.0005499276341277767
6	17	0.0005324689751547672
6	8	0.0005324688647889673
54	56	0.0004773477310555385
57	58	0.0004773477310555385
57	66	0.0004773477310555385
57	68	0.0004773477310555385
57	69	0.0004773477310555385
57	70	0.0004773477310555385
49	51	0.00047734773105553505
50	51	0.00047734773105553505
49	56	0.0004773477048037461
50	56	0.0004773477048037461
54	58	0.00047734770480374264
54	66	0.00047734770480374264
54	68	0.00047734770480374264
54	69	0.00047734770480374264
54	70	0.00047734770480374264
49	58	0.0004773476785519537
49	66	0.0004773476785519537
49	68	0.0004773476785519537
49	69	0.0004773476785519537
49	70	0.0004773476785519537
50	58	0.0004773476785519537
50	66	0.0004773476785519537
50	68	0.0004773476785519537
50	69	0.0004773476785519537
50	70	0.0004773476785519537
35	36	0.00047734767855195023
57	59	0.00047734767855195023
57	61	0.00047734767855195023
57	62	0.00047734767855195023
57	63	0.00047734767855195023
37	39	0.0004773476523001613
37	46	0.0004773476523001613
38	39	0.0004773476523001613
38	46	0.0004773476523001613
54	59	0.0004773476523001578
54	61	0.0004773476523001578
54	62	0.0004773476523001578
54	63	0.0004773476523001578
35	39	0.0004773476260483654
35	46	0.0004773476260483654
49	59	0.0004773476260483654
49	61	0.0004773476260483654
49	62	0.0004773476260483654
49	63	0.0004773476260483654
50	59	0.0004773476260483654
50	61	0.0004773476260483654
50	62	0.0004773476260483654
50	63	0.0004773476260483654
37	41	0.000477347599796573
37	42	0.000477347599796573
37	43	0.000477347599796573
37	51	0.000477347599796573
38	41	0.000477347599796573
38	42	0.000477347599796573
38	43	0.000477347599796573
38	51	0.000477347599796573
37	56	0.0004773475735447841
38	56	0.0004773475735447841
35	41	0.0004773475735447806
35	42	0.0004773475735447806
35	43	0.0004773475735447806
35	51	0.0004773475735447806
35	56	0.00047734754729299167
37	58	0.00047734754729299167
37	66	0.00047734754729299167
37	68	0.00047734754729299167
37	69	0.00047734754729299167
37	70	0.00047734754729299167
38	58	0.00047734754729299167
38	66	0.00047734754729299167
38	68	0.00047734754729299167
38	69	0.00047734754729299167
38	70	0.00047734754729299167
35	58	0.0004773475210411958
35	66	0.0004773475210411958
35	68	0.0004773475210411958
35	69	0.0004773475210411958
35	70	0.0004773475210411958
37	59	0.0004773474947894034
37	61	0.0004773474947894034
37	62	0.0004773474947894034
37	63	0.0004773474947894034
38	59	0.0004773474947894034
38	61	0.0004773474947894034
38	62	0.0004773474947894034
38	63	0.0004773474947894034
35	59	0.000477347468537611
35	61	0.000477347468537611
35	62	0.000477347468537611
35	63	0.000477347468537611
20	21	0.00047734744228582204
20	28	0.00047734744228582204
20	30	0.00047734744228582204
20	31	0.00047734744228582204
20	32	0.00047734744228582204
20	34	0.00047734744228582204
20	36	0.00047734741603402964
20	23	0.00047734738978223723
20	24	0.00047734738978223723
20	25	0.00047734738978223723
20	26	0.00047734738978223723
20	39	0.0004773473635304448
20	46	0.0004773473635304448
20	41	0.00047734731102685654
20	42	0.00047734731102685654
20	43	0.00047734731102685654
20	51	0.00047734731102685654
20	56	0.0004773472847750676
20	58	0.00047734725852327173
20	66	0.00047734725852327173
20	68	0.00047734725852327173
20	69	0.00047734725852327173
20	70	0.00047734725852327173
21	22	0.0004773472322714828
21	40	0.0004773472322714828
21	47	0.0004773472322714828
21	48	0.0004773472322714828
21	52	0.0004773472322714828
21	53	0.0004773472322714828
21	55	0.0004773472322714828
21	64	0.0004773472322714828
21	65	0.0004773472322714828
21	67	0.0004773472322714828
22	28	0.0004773472322714828
22	30	0.0004773472322714828
22	31	0.0004773472322714828
22	32	0.0004773472322714828
22	34	0.0004773472322714828
28	40	0.0004773472322714828
28	47	0.0004773472322714828
28	48	0.0004773472322714828
28	52	0.0004773472322714828
28	53	0.0004773472322714828
28	55	0.0004773472322714828
28	64	0.0004773472322714828
28	65	0.0004773472322714828
28	67	0.0004773472322714828
30	40	0.0004773472322714828
30	47	0.0004773472322714828
30	48	0.0004773472322714828
30	52	0.0004773472322714828
30	53	0.0004773472322714828
30	55	0.0004773472322714828
30	64	0.0004773472322714828
30	65	0.0004773472322714828
30	67	0.0004773472322714828
31	40	0.0004773472322714828
31	47	0.0004773472322714828
31	48	0.0004773472322714828
31	52	0.0004773472322714828
31	53	0.0004773472322714828
31	55	0.0004773472322714828
31	64	0.0004773472322714828
31	65	0.0004773472322714828
31	67	0.0004773472322714828
32	40	0.0004773472322714828
32	47	0.0004773472322714828
32	48	0.0004773472322714828
32	52	0.0004773472322714828
32	53	0.0004773472322714828
32	55	0.0004773472322714828
32	64	0.0004773472322714828
32	65	0.0004773472322714828
32	67	0.0004773472322714828
34	40	0.0004773472322714828
34	47	0.0004773472322714828
34	48	0.0004773472322714828
34	52	0.0004773472322714828
34	53	0.0004773472322714828
34	55	0.0004773472322714828
34	64	0.0004773472322714828
34	65	0.0004773472322714828
34	67	0.0004773472322714828
22	36	0.0004773472060196904
22	57	0.0004773472060196904
29	30	0.0004773472060196904
29	31	0.0004773472060196904
29	32	0.0004773472060196904
29	34	0.0004773472060196904
33	34	0.0004773472060196904
36	40	0.0004773472060196904
36	47	0.0004773472060196904
36	48	0.0004773472060196904
36	52	0.0004773472060196904
36	53	0.0004773472060196904
36	55	0.0004773472060196904
36	64	0.0004773472060196904
36	65	0.0004773472060196904
36	67	0.0004773472060196904
40	57	0.0004773472060196904
47	57	0.0004773472060196904
48	57	0.0004773472060196904
52	57	0.0004773472060196904
53	57	0.0004773472060196904
55	57	0.0004773472060196904
57	64	0.0004773472060196904
57	65	0.0004773472060196904
57	67	0.0004773472060196904
20	59	0.0004773472060196869
20	61	0.0004773472060196869
20	62	0.0004773472060196869
20	63	0.0004773472060196869
21	29	0.0004773472060196869
21	33	0.0004773472060196869
28	29	0.0004773472060196869
28	33	0.0004773472060196869
30	33	0.0004773472060196869
31	33	0.0004773472060196869
32	33	0.0004773472060196869
21	44	0.000477347179767898
21	45	0.000477347179767898
21	60	0.000477347179767898
28	44	0.000477347179767898
28	45	0.000477347179767898
28	60	0.000477347179767898
29	36	0.000477347179767898
29	57	0.000477347179767898
30	44	0.000477347179767898
30	45	0.000477347179767898
30	60	0.000477347179767898
31	44	0.000477347179767898
31	45	0.000477347179767898
31	60	0.000477347179767898
32	44	0.000477347179767898
32	45	0.000477347179767898
32	60	0.000477347179767898
33	36	0.000477347179767898
33	57	0.000477347179767898
34	44	0.000477347179767898
34	45	0.000477347179767898
34	60	0.000477347179767898
22	23	0.0004773471797678945
22	24	0.0004773471797678945
22	25	0.0004773471797678945
22	26	0.0004773471797678945
22	54	0.0004773471797678945
23	40	0.0004773471797678945
23	47	0.0004773471797678945
23	48	0.0004773471797678945
23	52	0.0004773471797678945
23	53	0.0004773471797678945
23	55	0.0004773471797678945
23	64	0.0004773471797678945
23	65	0.0004773471797678945
23	67	0.0004773471797678945
24	40	0.0004773471797678945
24	47	0.0004773471797678945
24	48	0.0004773471797678945
24	52	0.0004773471797678945
24	53	0.0004773471797678945
24	55	0.0004773471797678945
24	64	0.0004773471797678945
24	65	0.0004773471797678945
24	67	0.0004773471797678945
25	40	0.0004773471797678945
25	47	0.0004773471797678945
25	48	0.0004773471797678945
25	52	0.0004773471797678945
25	53	0.0004773471797678945
25	55	0.0004773471797678945
25	64	0.0004773471797678945
25	65	0.0004773471797678945
25	67	0.0004773471797678945
26	40	0.0004773471797678945
26	47	0.0004773471797678945
26	48	0.0004773471797678945
26	52	0.0004773471797678945
26	53	0.0004773471797678945
26	55	0.0004773471797678945
26	64	0.0004773471797678945
26	65	0.0004773471797678945
26	67	0.0004773471797678945
40	54	0.0004773471797678945
47	54	0.0004773471797678945
48	54	0.0004773471797678945
52	54	0.0004773471797678945
53	54	0.0004773471797678945
54	55	0.0004773471797678945
54	64	0.0004773471797678945
54	65	0.0004773471797678945
54	67	0.0004773471797678945
21	27	0.00047734715351610557
27	28	0.00047734715351610557
27	30	0.00047734715351610557
27	31	0.00047734715351610557
27	32	0.00047734715351610557
27	34	0.00047734715351610557
36	44	0.00047734715351610557
36	45	0.00047734715351610557
36	60	0.00047734715351610557
39	40	0.00047734715351610557
39	47	0.00047734715351610557
39	48	0.00047734715351610557
39	52	0.00047734715351610557
39	53	0.00047734715351610557
39	55	0.00047734715351610557
39	64	0.00047734715351610557
39	65	0.00047734715351610557
39	67	0.00047734715351610557
44	57	0.00047734715351610557
45	57	0.00047734715351610557
46	47	0.00047734715351610557
46	48	0.00047734715351610557
46	52	0.00047734715351610557
46	53	0.00047734715351610557
46	55	0.00047734715351610557
46	64	0.00047734715351610557
46	65	0.00047734715351610557
46	67	0.00047734715351610557
49	52	0.00047734715351610557
49	53	0.00047734715351610557
49	55	0.00047734715351610557
49	64	0.00047734715351610557
49	65	0.00047734715351610557
49	67	0.00047734715351610557
50	52	0.00047734715351610557
50	53	0.00047734715351610557
50	55	0.00047734715351610557
50	64	0.00047734715351610557
50	65	0.00047734715351610557
50	67	0.00047734715351610557
57	60	0.00047734715351610557
22	39	0.0004773471535161021
22	46	0.0004773471535161021
22	49	0.0004773471535161021
22	50	0.0004773471535161021
23	29	0.0004773471535161021
23	33	0.0004773471535161021
24	29	0.0004773471535161021
24	33	0.0004773471535161021
25	29	0.0004773471535161021
25	33	0.0004773471535161021
26	29	0.0004773471535161021
26	33	0.0004773471535161021
29	54	0.0004773471535161021
33	54	0.0004773471535161021
40	46	0.0004773471535161021
40	49	0.0004773471535161021
40	50	0.0004773471535161021
47	49	0.0004773471535161021
47	50	0.0004773471535161021
48	49	0.0004773471535161021
48	50	0.0004773471535161021
27	36	0.00047734712726431663
27	57	0.00047734712726431663
23	44	0.0004773471272643097
23	45	0.0004773471272643097
23	60	0.0004773471272643097
24	44	0.0004773471272643097
24	45	0.0004773471272643097
24	60	0.0004773471272643097
25	44	0.0004773471272643097
25	45	0.0004773471272643097
25	60	0.0004773471272643097
26	44	0.0004773471272643097
26	45	0.0004773471272643097
26	60	0.0004773471272643097
29	39	0.0004773471272643097
29	46	0.0004773471272643097
29	49	0.0004773471272643097
29	50	0.0004773471272643097
33	39	0.0004773471272643097
33	46	0.0004773471272643097
33	49	0.0004773471272643097
33	50	0.0004773471272643097
44	54	0.0004773471272643097
45	54	0.0004773471272643097
54	60	0.0004773471272643097
27	54	0.00047734710101252076
22	41	0.0004773471010125173
22	42	0.0004773471010125173
22	43	0.0004773471010125173
22	51	0.0004773471010125173
23	27	0.0004773471010125173
24	27	0.0004773471010125173
25	27	0.0004773471010125173
26	27	0.0004773471010125173
39	44	0.0004773471010125173
39	45	0.0004773471010125173
39	60	0.0004773471010125173
40	41	0.0004773471010125173
40	42	0.0004773471010125173
40	43	0.0004773471010125173
40	51	0.0004773471010125173
41	47	0.0004773471010125173
41	48	0.0004773471010125173
41	52	0.0004773471010125173
41	53	0.0004773471010125173
41	55	0.0004773471010125173
41	64	0.0004773471010125173
41	65	0.0004773471010125173
41	67	0.0004773471010125173
42	47	0.0004773471010125173
42	48	0.0004773471010125173
42	52	0.0004773471010125173
42	53	0.0004773471010125173
42	55	0.0004773471010125173
42	64	0.0004773471010125173
42	65	0.0004773471010125173
42	67	0.0004773471010125173
43	47	0.0004773471010125173
43	48	0.0004773471010125173
43	52	0.0004773471010125173
43	53	0.0004773471010125173
43	55	0.0004773471010125173
43	64	0.0004773471010125173
43	65	0.0004773471010125173
43	67	0.0004773471010125173
44	46	0.0004773471010125173
44	49	0.0004773471010125173
44	50	0.0004773471010125173
45	46	0.0004773471010125173
45	49	0.0004773471010125173
45	50	0.0004773471010125173
46	60	0.0004773471010125173
47	51	0.0004773471010125173
48	51	0.0004773471010125173
49	60	0.0004773471010125173
50	60	0.0004773471010125173
51	52	0.0004773471010125173
51	53	0.0004773471010125173
51	55	0.0004773471010125173
51	64	0.0004773471010125173
51	65	0.0004773471010125173
51	67	0.0004773471010125173
22	56	0.00047734707476072835
27	39	0.00047734707476072835
27	46	0.00047734707476072835
27	49	0.00047734707476072835
27	50	0.00047734707476072835
40	56	0.00047734707476072835
47	56	0.00047734707476072835
48	56	0.00047734707476072835
52	56	0.00047734707476072835
53	56	0.00047734707476072835
55	56	0.00047734707476072835
56	64	0.0004773470747607249
56	65	0.0004773470747607249
56	67	0.0004773470747607249
29	41	0.0004773470747607214
29	42	0.0004773470747607214
29	43	0.0004773470747607214
29	51	0.0004773470747607214
33	41	0.0004773470747607214
33	42	0.0004773470747607214
33	43	0.0004773470747607214
33	51	0.0004773470747607214
22	58	0.0004773470485089325
22	66	0.0004773470485089325
22	68	0.0004773470485089325
22	69	0.0004773470485089325
22	70	0.0004773470485089325
29	56	0.0004773470485089325
33	56	0.0004773470485089325
40	58	0.0004773470485089325
40	66	0.0004773470485089325
40	68	0.0004773470485089325
40	69	0.0004773470485089325
40	70	0.0004773470485089325
41	44	0.0004773470485089325
41	45	0.0004773470485089325
41	60	0.0004773470485089325
42	44	0.0004773470485089325
42	45	0.0004773470485089325
42	60	0.0004773470485089325
43	44	0.0004773470485089325
43	45	0.0004773470485089325
43	60	0.0004773470485089325
44	51	0.0004773470485089325
45	51	0.0004773470485089325
47	58	0.0004773470485089325
47	66	0.0004773470485089325
47	68	0.0004773470485089325
47	69	0.0004773470485089325
47	70	0.0004773470485089325
48	58	0.0004773470485089325
48	66	0.0004773470485089325
48	68	0.0004773470485089325
48	69	0.0004773470485089325
48	70	0.0004773470485089325
51	60	0.0004773470485089325
52	58	0.0004773470485089325
52	66	0.0004773470485089325
52	68	0.0004773470485089325
52	69	0.0004773470485089325
52	70	0.0004773470485089325
53	58	0.0004773470485089325
53	66	0.0004773470485089325
53	68	0.0004773470485089325
53	69	0.0004773470485089325
53	70	0.0004773470485089325
55	58	0.0004773470485089325
55	66	0.0004773470485089325
55	68	0.0004773470485089325
55	69	0.0004773470485089325
55	70	0.0004773470485089325
58	64	0.0004773470485089325
58	65	0.0004773470485089325
58	67	0.0004773470485089325
64	66	0.0004773470485089325
64	68	0.0004773470485089325
64	69	0.0004773470485089325
64	70	0.0004773470485089325
65	66	0.0004773470485089325
65	68	0.0004773470485089325
65	69	0.0004773470485089325
65	70	0.0004773470485089325
66	67	0.0004773470485089325
67	68	0.0004773470485089325
67	69	0.0004773470485089325
67	70	0.0004773470485089325
44	56	0.00047734702225714354
45	56	0.00047734702225714354
22	37	0.00047734702225714007
22	38	0.00047734702225714007
27	41	0.00047734702225714007
27	42	0.00047734702225714007
27	43	0.00047734702225714007
27	51	0.00047734702225714007
37	40	0.00047734702225714007
37	47	0.00047734702225714007
37	48	0.00047734702225714007
37	52	0.00047734702225714007
37	53	0.00047734702225714007
37	55	0.00047734702225714007
37	64	0.00047734702225714007
37	65	0.00047734702225714007
37	67	0.00047734702225714007
38	40	0.00047734702225714007
38	47	0.00047734702225714007
38	48	0.00047734702225714007
38	52	0.00047734702225714007
38	53	0.00047734702225714007
38	55	0.00047734702225714007
38	64	0.00047734702225714007
38	65	0.00047734702225714007
38	67	0.00047734702225714007
56	60	0.00047734702225714007
29	58	0.0004773470222571366
29	66	0.0004773470222571366
29	68	0.0004773470222571366
29	69	0.0004773470222571366
29	70	0.0004773470222571366
33	58	0.0004773470222571366
33	66	0.0004773470222571366
33	68	0.0004773470222571366
33	69	0.0004773470222571366
33	70	0.0004773470222571366
27	56	0.00047734699600535113
44	58	0.00047734699600534766
44	66	0.00047734699600534766
44	68	0.00047734699600534766
44	69	0.00047734699600534766
44	70	0.00047734699600534766
45	58	0.00047734699600534766
45	66	0.00047734699600534766
45	68	0.00047734699600534766
45	69	0.00047734699600534766
45	70	0.00047734699600534766
60	66	0.00047734699600534766
60	68	0.00047734699600534766
60	69	0.00047734699600534766
60	70	0.00047734699600534766
22	35	0.0004773469960053442
22	59	0.0004773469960053442
22	61	0.0004773469960053442
22	62	0.0004773469960053442
22	63	0.0004773469960053442
29	37	0.0004773469960053442
29	38	0.0004773469960053442
33	37	0.0004773469960053442
33	38	0.0004773469960053442
35	40	0.0004773469960053442
35	47	0.0004773469960053442
35	48	0.0004773469960053442
35	52	0.0004773469960053442
35	53	0.0004773469960053442
35	55	0.0004773469960053442
35	64	0.0004773469960053442
35	65	0.0004773469960053442
35	67	0.0004773469960053442
40	59	0.0004773469960053442
40	61	0.0004773469960053442
40	62	0.0004773469960053442
40	63	0.0004773469960053442
47	59	0.0004773469960053442
47	61	0.0004773469960053442
47	62	0.0004773469960053442
47	63	0.0004773469960053442
48	59	0.0004773469960053442
48	61	0.0004773469960053442
48	62	0.0004773469960053442
48	63	0.0004773469960053442
52	59	0.0004773469960053442
52	61	0.0004773469960053442
52	62	0.0004773469960053442
52	63	0.0004773469960053442
53	59	0.0004773469960053442
53	61	0.0004773469960053442
53	62	0.0004773469960053442
53	63	0.0004773469960053442
55	59	0.0004773469960053442
55	61	0.0004773469960053442
55	62	0.0004773469960053442
55	63	0.0004773469960053442
58	60	0.0004773469960053442
59	64	0.0004773469960053442
59	65	0.0004773469960053442
59	67	0.0004773469960053442
61	64	0.0004773469960053442
61	65	0.0004773469960053442
61	67	0.0004773469960053442
62	64	0.0004773469960053442
62	65	0.0004773469960053442
62	67	0.0004773469960053442
63	64	0.0004773469960053442
63	65	0.0004773469960053442
63	67	0.0004773469960053442
27	58	0.00047734696975355526
27	66	0.00047734696975355526
27	68	0.00047734696975355526
27	69	0.00047734696975355526
27	70	0.00047734696975355526
37	44	0.00047734696975355526
37	45	0.00047734696975355526
37	60	0.00047734696975355526
38	44	0.00047734696975355526
38	45	0.00047734696975355526
38	60	0.00047734696975355526
29	35	0.0004773469697535518
29	59	0.0004773469697535518
29	61	0.0004773469697535518
29	62	0.0004773469697535518
29	63	0.0004773469697535518
33	35	0.0004773469697535518
33	59	0.0004773469697535518
33	61	0.0004773469697535518
33	62	0.0004773469697535518
33	63	0.0004773469697535518
27	37	0.00047734694350176285
27	38	0.00047734694350176285
35	44	0.0004773469435017594
35	45	0.0004773469435017594
35	60	0.0004773469435017594
44	59	0.0004773469435017594
44	61	0.0004773469435017594
44	62	0.0004773469435017594
44	63	0.0004773469435017594
45	59	0.0004773469435017594
45	61	0.0004773469435017594
45	62	0.0004773469435017594
45	63	0.0004773469435017594
59	60	0.0004773469435017594
60	61	0.0004773469435017594
60	62	0.0004773469435017594
60	63	0.0004773469435017594
27	35	0.00047734691724997044
27	59	0.00047734691724997044
27	61	0.00047734691724997044
27	62	0.00047734691724997044
27	63	0.00047734691724997044
20	22	0.00047734673348741666
20	40	0.00047734673348741666
20	47	0.00047734673348741666
20	48	0.00047734673348741666
20	52	0.00047734673348741666
20	53	0.00047734673348741666
20	55	0.00047734673348741666
20	64	0.00047734673348741666
20	65	0.00047734673348741666
20	67	0.00047734673348741666
20	29	0.0004773467072356208
20	33	0.0004773467072356208
20	44	0.0004773466809838284
20	45	0.0004773466809838284
20	60	0.0004773466809838284
20	27	0.00047734665473203944
22	40	0.00047734652347307047
22	47	0.00047734652347307047
22	48	0.00047734652347307047
22	52	0.00047734652347307047
22	53	0.00047734652347307047
22	55	0.00047734652347307047
22	64	0.00047734652347307047
22	65	0.00047734652347307047
22	67	0.00047734652347307047
40	47	0.00047734652347307047
40	48	0.00047734652347307047
40	52	0.00047734652347307047
40	53	0.00047734652347307047
40	55	0.00047734652347307047
40	64	0.00047734652347307047
40	65	0.00047734652347307047
40	67	0.00047734652347307047
47	48	0.00047734652347307047
47	52	0.00047734652347307047
47	53	0.00047734652347307047
47	55	0.00047734652347307047
47	64	0.00047734652347307047
47	65	0.00047734652347307047
47	67	0.00047734652347307047
48	52	0.00047734652347307047
48	53	0.00047734652347307047
48	55	0.00047734652347307047
48	64	0.00047734652347307047
48	65	0.00047734652347307047
48	67	0.00047734652347307047
52	53	0.00047734652347307047
52	55	0.00047734652347307047
52	64	0.00047734652347307047
52	65	0.00047734652347307047
52	67	0.00047734652347307047
53	55	0.00047734652347307047
53	64	0.00047734652347307047
53	65	0.00047734652347307047
53	67	0.00047734652347307047
55	64	0.00047734652347307047
55	65	0.00047734652347307047
55	67	0.00047734652347307047
64	65	0.00047734652347307047
64	67	0.00047734652347307047
65	67	0.00047734652347307047
22	29	0.0004773464972212746
22	33	0.0004773464972212746
29	40	0.0004773464972212746
29	47	0.0004773464972212746
29	48	0.0004773464972212746
29	52	0.0004773464972212746
29	53	0.0004773464972212746
29	55	0.0004773464972212746
29	64	0.0004773464972212746
29	65	0.0004773464972212746
29	67	0.0004773464972212746
33	40	0.0004773464972212746
33	47	0.0004773464972212746
33	48	0.0004773464972212746
33	52	0.0004773464972212746
33	53	0.0004773464972212746
33	55	0.0004773464972212746
33	64	0.0004773464972212746
33	65	0.0004773464972212746
33	67	0.0004773464972212746
44	47	0.00047734647096948565
44	48	0.00047734647096948565
44	52	0.00047734647096948565
44	53	0.00047734647096948565
44	55	0.00047734647096948565
44	64	0.00047734647096948565
44	65	0.00047734647096948565
44	67	0.00047734647096948565
45	47	0.00047734647096948565
45	48	0.00047734647096948565
45	52	0.00047734647096948565
45	53	0.00047734647096948565
45	55	0.00047734647096948565
45	64	0.00047734647096948565
45	65	0.00047734647096948565
45	67	0.00047734647096948565
60	64	0.00047734647096948565
60	65	0.00047734647096948565
60	67	0.00047734647096948565
22	44	0.0004773464709694822
22	45	0.0004773464709694822
22	60	0.0004773464709694822
29	33	0.0004773464709694822
40	44	0.0004773464709694822
40	45	0.0004773464709694822
40	60	0.0004773464709694822
47	60	0.0004773464709694822
48	60	0.0004773464709694822
52	60	0.0004773464709694822
53	60	0.0004773464709694822
55	60	0.0004773464709694822
27	40	0.00047734644471769325
27	47	0.00047734644471769325
27	48	0.00047734644471769325
27	52	0.00047734644471769325
27	53	0.00047734644471769325
27	55	0.00047734644471769325
27	64	0.00047734644471769325
27	65	0.00047734644471769325
27	67	0.00047734644471769325
22	27	0.0004773464447176898
29	44	0.0004773464447176898
29	45	0.0004773464447176898
29	60	0.0004773464447176898
33	44	0.0004773464447176898
33	45	0.0004773464447176898
33	60	0.0004773464447176898
27	29	0.00047734641846589737
27	33	0.00047734641846589737
44	45	0.00047734641846589737
44	60	0.00047734641846589737
45	60	0.00047734641846589737
27	44	0.00047734639221410496
27	45	0.00047734639221410496
27	60	0.00047734639221410496
21	28	0.00047734607842472507
21	30	0.00047734607842472507
21	31	0.00047734607842472507
21	32	0.00047734607842472507
21	34	0.00047734607842472507
28	30	0.00047734607842472507
28	31	0.00047734607842472507
28	32	0.00047734607842472507
28	34	0.00047734607842472507
30	31	0.00047734607842472507
30	32	0.00047734607842472507
30	34	0.00047734607842472507
31	32	0.00047734607842472507
31	34	0.00047734607842472507
32	34	0.00047734607842472507
21	36	0.00047734605217293266
21	57	0.00047734605217293266
28	36	0.00047734605217293266
28	57	0.00047734605217293266
30	36	0.00047734605217293266
30	57	0.00047734605217293266
31	36	0.00047734605217293266
31	57	0.00047734605217293266
32	36	0.00047734605217293266
32	57	0.00047734605217293266
34	36	0.00047734605217293266
34	57	0.00047734605217293266
23	28	0.00047734602592114025
23	30	0.00047734602592114025
23	31	0.00047734602592114025
23	32	0.00047734602592114025
23	34	0.00047734602592114025
24	28	0.00047734602592114025
24	30	0.00047734602592114025
24	31	0.00047734602592114025
24	32	0.00047734602592114025
24	34	0.00047734602592114025
25	28	0.00047734602592114025
25	30	0.00047734602592114025
25	31	0.00047734602592114025
25	32	0.00047734602592114025
25	34	0.00047734602592114025
26	28	0.00047734602592114025
26	30	0.00047734602592114025
26	31	0.00047734602592114025
26	32	0.00047734602592114025
26	34	0.00047734602592114025
36	57	0.00047734602592114025
21	23	0.0004773460259211368
21	24	0.0004773460259211368
21	25	0.0004773460259211368
21	26	0.0004773460259211368
21	54	0.0004773460259211368
28	54	0.0004773460259211368
30	54	0.0004773460259211368
31	54	0.0004773460259211368
32	54	0.0004773460259211368
34	54	0.0004773460259211368
21	39	0.00047734599966934785
21	46	0.00047734599966934785
21	49	0.00047734599966934785
21	50	0.00047734599966934785
23	36	0.00047734599966934785
23	57	0.00047734599966934785
24	36	0.00047734599966934785
24	57	0.00047734599966934785
25	36	0.00047734599966934785
25	57	0.00047734599966934785
26	36	0.00047734599966934785
26	57	0.00047734599966934785
28	39	0.00047734599966934785
28	46	0.00047734599966934785
28	49	0.00047734599966934785
28	50	0.00047734599966934785
30	39	0.00047734599966934785
30	46	0.00047734599966934785
30	49	0.00047734599966934785
30	50	0.00047734599966934785
31	39	0.00047734599966934785
31	46	0.00047734599966934785
31	49	0.00047734599966934785
31	50	0.00047734599966934785
32	39	0.00047734599966934785
32	46	0.00047734599966934785
32	49	0.00047734599966934785
32	50	0.00047734599966934785
34	39	0.00047734599966934785
34	46	0.00047734599966934785
34	49	0.00047734599966934785
34	50	0.00047734599966934785
36	54	0.00047734599966934785
54	57	0.00047734599966934785
36	39	0.00047734597341755544
36	46	0.00047734597341755544
36	49	0.00047734597341755544
36	50	0.00047734597341755544
39	57	0.00047734597341755544
46	57	0.00047734597341755544
49	57	0.00047734597341755544
50	57	0.00047734597341755544
23	24	0.00047734597341755197
23	25	0.00047734597341755197
23	26	0.00047734597341755197
23	54	0.00047734597341755197
24	25	0.00047734597341755197
24	26	0.00047734597341755197
24	54	0.00047734597341755197
25	26	0.00047734597341755197
25	54	0.00047734597341755197
26	54	0.00047734597341755197
21	41	0.00047734594716576303
21	42	0.00047734594716576303
21	43	0.00047734594716576303
21	51	0.00047734594716576303
23	39	0.00047734594716576303
23	46	0.00047734594716576303
23	49	0.00047734594716576303
23	50	0.00047734594716576303
24	39	0.00047734594716576303
24	46	0.00047734594716576303
24	49	0.00047734594716576303
24	50	0.00047734594716576303
25	39	0.00047734594716576303
25	46	0.00047734594716576303
25	49	0.00047734594716576303
25	50	0.00047734594716576303
26	39	0.00047734594716576303
26	46	0.00047734594716576303
26	49	0.00047734594716576303
26	50	0.00047734594716576303
28	41	0.00047734594716576303
28	42	0.00047734594716576303
28	43	0.00047734594716576303
28	51	0.00047734594716576303
30	41	0.00047734594716576303
30	42	0.00047734594716576303
30	43	0.00047734594716576303
30	51	0.00047734594716576303
31	41	0.00047734594716576303
31	42	0.00047734594716576303
31	43	0.00047734594716576303
31	51	0.00047734594716576303
32	41	0.00047734594716576303
32	42	0.00047734594716576303
32	43	0.00047734594716576303
32	51	0.00047734594716576303
34	41	0.00047734594716576303
34	42	0.00047734594716576303
34	43	0.00047734594716576303
34	51	0.00047734594716576303
39	54	0.00047734594716576303
46	54	0.00047734594716576303
49	54	0.00047734594716576303
50	54	0.00047734594716576303
21	56	0.0004773459209139741
28	56	0.0004773459209139741
30	56	0.0004773459209139741
31	56	0.0004773459209139741
32	56	0.0004773459209139741
34	56	0.0004773459209139741
36	41	0.00047734592091397063
36	42	0.00047734592091397063
36	43	0.00047734592091397063
36	51	0.00047734592091397063
39	46	0.00047734592091397063
39	49	0.00047734592091397063
39	50	0.00047734592091397063
41	57	0.00047734592091397063
42	57	0.00047734592091397063
43	57	0.00047734592091397063
46	49	0.00047734592091397063
46	50	0.00047734592091397063
49	50	0.00047734592091397063
51	57	0.00047734592091397063
36	56	0.0004773458946621817
56	57	0.0004773458946621817
21	58	0.0004773458946621782
21	66	0.0004773458946621782
21	68	0.0004773458946621782
21	69	0.0004773458946621782
21	70	0.0004773458946621782
23	41	0.0004773458946621782
23	42	0.0004773458946621782
23	43	0.0004773458946621782
23	51	0.0004773458946621782
24	41	0.0004773458946621782
24	42	0.0004773458946621782
24	43	0.0004773458946621782
24	51	0.0004773458946621782
25	41	0.0004773458946621782
25	42	0.0004773458946621782
25	43	0.0004773458946621782
25	51	0.0004773458946621782
26	41	0.0004773458946621782
26	42	0.0004773458946621782
26	43	0.0004773458946621782
26	51	0.0004773458946621782
28	58	0.0004773458946621782
28	66	0.0004773458946621782
28	68	0.0004773458946621782
28	69	0.0004773458946621782
28	70	0.0004773458946621782
30	58	0.0004773458946621782
30	66	0.0004773458946621782
30	68	0.0004773458946621782
30	69	0.0004773458946621782
30	70	0.0004773458946621782
31	58	0.0004773458946621782
31	66	0.0004773458946621782
31	68	0.0004773458946621782
31	69	0.0004773458946621782
31	70	0.0004773458946621782
32	58	0.0004773458946621782
32	66	0.0004773458946621782
32	68	0.0004773458946621782
32	69	0.0004773458946621782
32	70	0.0004773458946621782
34	58	0.0004773458946621782
34	66	0.0004773458946621782
34	68	0.0004773458946621782
34	69	0.0004773458946621782
34	70	0.0004773458946621782
41	54	0.0004773458946621782
42	54	0.0004773458946621782
43	54	0.0004773458946621782
51	54	0.0004773458946621782
21	37	0.0004773458684103893
21	38	0.0004773458684103893
23	56	0.0004773458684103893
24	56	0.0004773458684103893
25	56	0.0004773458684103893
26	56	0.0004773458684103893
28	37	0.0004773458684103893
28	38	0.0004773458684103893
30	37	0.0004773458684103893
30	38	0.0004773458684103893
31	37	0.0004773458684103893
31	38	0.0004773458684103893
32	37	0.0004773458684103893
32	38	0.0004773458684103893
34	37	0.0004773458684103893
34	38	0.0004773458684103893
36	58	0.0004773458684103893
36	66	0.0004773458684103893
36	68	0.0004773458684103893
36	69	0.0004773458684103893
36	70	0.0004773458684103893
39	41	0.0004773458684103858
39	42	0.0004773458684103858
39	43	0.0004773458684103858
39	51	0.0004773458684103858
41	46	0.0004773458684103858
41	49	0.0004773458684103858
41	50	0.0004773458684103858
42	46	0.0004773458684103858
42	49	0.0004773458684103858
42	50	0.0004773458684103858
43	46	0.0004773458684103858
43	49	0.0004773458684103858
43	50	0.0004773458684103858
46	51	0.0004773458684103858
36	37	0.0004773458421585969
36	38	0.0004773458421585969
37	57	0.0004773458421585969
38	57	0.0004773458421585969
39	56	0.0004773458421585969
46	56	0.0004773458421585969
21	35	0.0004773458421585934
21	59	0.0004773458421585934
21	61	0.0004773458421585934
21	62	0.0004773458421585934
21	63	0.0004773458421585934
23	58	0.0004773458421585934
23	66	0.0004773458421585934
23	68	0.0004773458421585934
23	69	0.0004773458421585934
23	70	0.0004773458421585934
24	58	0.0004773458421585934
24	66	0.0004773458421585934
24	68	0.0004773458421585934
24	69	0.0004773458421585934
24	70	0.0004773458421585934
25	58	0.0004773458421585934
25	66	0.0004773458421585934
25	68	0.0004773458421585934
25	69	0.0004773458421585934
25	70	0.0004773458421585934
26	58	0.0004773458421585934
26	66	0.0004773458421585934
26	68	0.0004773458421585934
26	69	0.0004773458421585934
26	70	0.0004773458421585934
28	35	0.0004773458421585934
28	59	0.0004773458421585934
28	61	0.0004773458421585934
28	62	0.0004773458421585934
28	63	0.0004773458421585934
30	35	0.0004773458421585934
30	59	0.0004773458421585934
30	61	0.0004773458421585934
30	62	0.0004773458421585934
30	63	0.0004773458421585934
31	35	0.0004773458421585934
31	59	0.0004773458421585934
31	61	0.0004773458421585934
31	62	0.0004773458421585934
31	63	0.0004773458421585934
32	35	0.0004773458421585934
32	59	0.0004773458421585934
32	61	0.0004773458421585934
32	62	0.0004773458421585934
32	63	0.0004773458421585934
34	35	0.0004773458421585934
34	59	0.0004773458421585934
34	61	0.0004773458421585934
34	62	0.0004773458421585934
34	63	0.0004773458421585934
39	58	0.00047734581590680447
39	66	0.00047734581590680447
39	68	0.00047734581590680447
39	69	0.00047734581590680447
39	70	0.00047734581590680447
46	58	0.00047734581590680447
46	66	0.00047734581590680447
46	68	0.00047734581590680447
46	69	0.00047734581590680447
46	70	0.00047734581590680447
23	37	0.000477345815906801
23	38	0.000477345815906801
24	37	0.000477345815906801
24	38	0.000477345815906801
25	37	0.000477345815906801
25	38	0.000477345815906801
26	37	0.000477345815906801
26	38	0.000477345815906801
35	57	0.000477345815906801
36	59	0.000477345815906801
36	61	0.000477345815906801
36	62	0.000477345815906801
36	63	0.000477345815906801
37	54	0.000477345815906801
38	54	0.000477345815906801
41	42	0.000477345815906801
41	43	0.000477345815906801
41	51	0.000477345815906801
42	43	0.000477345815906801
42	51	0.000477345815906801
43	51	0.000477345815906801
37	49	0.00047734578965501206
37	50	0.00047734578965501206
38	49	0.00047734578965501206
38	50	0.00047734578965501206
41	56	0.00047734578965501206
42	56	0.00047734578965501206
43	56	0.00047734578965501206
51	56	0.00047734578965501206
23	35	0.0004773457896550086
23	59	0.0004773457896550086
23	61	0.0004773457896550086
23	62	0.0004773457896550086
23	63	0.0004773457896550086
24	35	0.0004773457896550086
24	59	0.0004773457896550086
24	61	0.0004773457896550086
24	62	0.0004773457896550086
24	63	0.0004773457896550086
25	35	0.0004773457896550086
25	59	0.0004773457896550086
25	61	0.0004773457896550086
25	62	0.0004773457896550086
25	63	0.0004773457896550086
26	35	0.0004773457896550086
26	59	0.0004773457896550086
26	61	0.0004773457896550086
26	62	0.0004773457896550086
26	63	0.0004773457896550086
35	54	0.0004773457896550086
35	49	0.0004773457634032162
35	50	0.0004773457634032162
39	59	0.0004773457634032162
39	61	0.0004773457634032162
39	62	0.0004773457634032162
39	63	0.0004773457634032162
41	58	0.0004773457634032162
41	66	0.0004773457634032162
41	68	0.0004773457634032162
41	69	0.0004773457634032162
41	70	0.0004773457634032162
42	58	0.0004773457634032162
42	66	0.0004773457634032162
42	68	0.0004773457634032162
42	69	0.0004773457634032162
42	70	0.0004773457634032162
43	58	0.0004773457634032162
43	66	0.0004773457634032162
43	68	0.0004773457634032162
43	69	0.0004773457634032162
43	70	0.0004773457634032162
46	59	0.0004773457634032162
46	61	0.0004773457634032162
46	62	0.0004773457634032162
46	63	0.0004773457634032162
51	58	0.0004773457634032162
51	66	0.0004773457634032162
51	68	0.0004773457634032162
51	69	0.0004773457634032162
51	70	0.0004773457634032162
56	58	0.00047734573715142725
56	66	0.00047734573715142725
56	68	0.00047734573715142725
56	69	0.00047734573715142725
56	70	0.00047734573715142725
41	59	0.0004773457108996314
41	61	0.0004773457108996314
41	62	0.0004773457108996314
41	63	0.0004773457108996314
42	59	0.0004773457108996314
42	61	0.0004773457108996314
42	62	0.0004773457108996314
42	63	0.0004773457108996314
43	59	0.0004773457108996314
43	61	0.0004773457108996314
43	62	0.0004773457108996314
43	63	0.0004773457108996314
51	59	0.0004773457108996314
51	61	0.0004773457108996314
51	62	0.0004773457108996314
51	63	0.0004773457108996314
58	66	0.0004773457108996314
58	68	0.0004773457108996314
58	69	0.0004773457108996314
58	70	0.0004773457108996314
66	68	0.0004773457108996314
66	69	0.0004773457108996314
66	70	0.0004773457108996314
68	69	0.0004773457108996314
68	70	0.0004773457108996314
69	70	0.0004773457108996314
56	59	0.00047734568464784244
56	61	0.00047734568464784244
56	62	0.00047734568464784244
56	63	0.00047734568464784244
37	38	0.00047734565839605003
58	59	0.00047734565839604656
58	61	0.00047734565839604656
58	62	0.00047734565839604656
58	63	0.00047734565839604656
59	66	0.00047734565839604656
59	68	0.00047734565839604656
59	69	0.00047734565839604656
59	70	0.00047734565839604656
61	66	0.00047734565839604656
61	68	0.00047734565839604656
61	69	0.00047734565839604656
61	70	0.00047734565839604656
62	66	0.00047734565839604656
62	68	0.00047734565839604656
62	69	0.00047734565839604656
62	70	0.00047734565839604656
63	66	0.00047734565839604656
63	68	0.00047734565839604656
63	69	0.00047734565839604656
63	70	0.00047734565839604656
35	37	0.00047734563214425416
35	38	0.00047734563214425416
59	61	0.00047734560589246175
59	62	0.00047734560589246175
59	63	0.00047734560589246175
61	62	0.00047734560589246175
61	63	0.00047734560589246175
62	63	0.00047734560589246175
20	57	0.0004773455533888804
20	54	0.000477345527137088
20	49	0.0004773455008852956
20	50	0.0004773455008852956
20	37	0.00047734536962633356
20	38	0.00047734536962633356
20	35	0.0004773453433745377
5	13	0.00043136760878081937
8	71	0.000392511179146824
17	71	0.000392509426791976
4	21	0.00022722307059792543
4	28	0.00022722307059792543
4	30	0.00022722307059792543
4	31	0.00022722307059792543
4	32	0.00022722307059792543
4	34	0.00022722307059792543
4	36	0.0002272230439666796
4	57	0.0002272230439666796
4	23	0.0002272230173354338
4	24	0.0002272230173354338
4	25	0.0002272230173354338
4	26	0.0002272230173354338
4	54	0.0002272230173354338
4	39	0.00022722299070418797
4	46	0.00022722299070418797
4	49	0.00022722299070418797
4	50	0.00022722299070418797
4	41	0.00022722293744169286
4	42	0.00022722293744169286
4	43	0.00022722293744169286
4	51	0.00022722293744169286
4	56	0.0002272229108104505
4	58	0.00022722288417920122
4	66	0.00022722288417920122
4	68	0.00022722288417920122
4	69	0.00022722288417920122
4	70	0.00022722288417920122
4	37	0.0002272228575479554
4	38	0.0002272228575479554
4	35	0.00022722283091670611
4	59	0.00022722283091670611
4	61	0.00022722283091670611
4	62	0.00022722283091670611
4	63	0.00022722283091670611
4	20	0.00022722256460424098
4	22	0.00022722235155426748
4	40	0.00022722235155426748
4	47	0.00022722235155426748
4	48	0.00022722235155426748
4	52	0.00022722235155426748
4	53	0.00022722235155426748
4	55	0.00022722235155426748
4	64	0.00022722235155426748
4	65	0.00022722235155426748
4	67	0.00022722235155426748
4	29	0.0002272223249230182
4	33	0.0002272223249230182
4	44	0.00022722229829177237
4	45	0.00022722229829177237
4	60	0.00022722229829177237
4	27	0.00022722227166052655
19	57	0.0001779056289554666
19	54	0.0001779056021348098
19	49	0.00017790557531415646
19	50	0.00017790557531415646
19	37	0.00017790544121088284
19	38	0.00017790544121088284
19	35	0.00017790541439022603
19	20	0.0001779051461836753
19	22	0.00017790493161843474
19	40	0.00017790493161843474
19	47	0.00017790493161843474
19	48	0.00017790493161843474
19	52	0.00017790493161843474
19	53	0.00017790493161843474
19	55	0.00017790493161843474
19	64	0.00017790493161843474
19	65	0.00017790493161843474
19	67	0.00017790493161843474
19	29	0.00017790490479777793
19	33	0.00017790490479777793
19	44	0.00017790487797712112
19	45	0.00017790487797712112
19	60	0.00017790487797712112
19	27	0.00017790485115646779
19	21	0.00017790379313097418
19	28	0.00017790379313097418
19	30	0.00017790379313097418
19	31	0.00017790379313097418
19	32	0.00017790379313097418
19	34	0.00017790379313097418
19	36	0.00017790376631031737
19	23	0.00017790373948966057
19	24	0.00017790373948966057
19	25	0.00017790373948966057
19	26	0.00017790373948966057
19	39	0.00017790371266900723
19	46	0.00017790371266900723
19	41	0.00017790365902769709
19	42	0.00017790365902769709
19	43	0.00017790365902769709
19	51	0.00017790365902769709
19	56	0.00017790363220704375
19	58	0.00017790360538638694
19	66	0.00017790360538638694
19	68	0.00017790360538638694
19	69	0.00017790360538638694
19	70	0.00017790360538638694
19	59	0.0001779035517450768
19	61	0.0001779035517450768
19	62	0.0001779035517450768
19	63	0.0001779035517450768
4	12	9.308484334616049e-05
6	9	2.2977623109113332e-05
6	16	2.297301489242662e-05
1	11	-0.00011627084954715997
12	17	-0.0001194449544530303
8	12	-0.00011944506356505874
4	5	-0.0002973605247342595
11	21	-0.00035970317374683924
11	28	-0.00035970317374683924
11	30	-0.00035970317374683924
11	31	-0.00035970317374683924
11	32	-0.00035970317374683924
11	34	-0.00035970317374683924
11	36	-0.0003597032006662851
11	23	-0.0003597032275857344
11	24	-0.0003597032275857344
11	25	-0.0003597032275857344
11	26	-0.0003597032275857344
11	39	-0.00035970325450518023
11	46	-0.00035970325450518023
11	41	-0.0003597033083440719
11	42	-0.0003597033083440719
11	43	-0.0003597033083440719
11	51	-0.0003597033083440719
11	56	-0.00035970333526351775
11	58	-0.0003597033621829636
11	66	-0.0003597033621829636
11	68	-0.0003597033621829636
11	69	-0.0003597033621829636
11	70	-0.0003597033621829636
11	59	-0.00035970341602185874
11	61	-0.00035970341602185874
11	62	-0.00035970341602185874
11	63	-0.00035970341602185874
11	57	-0.00035970692595658355
11	54	-0.00035970695287603285
11	49	-0.0003597069797954787
11	50	-0.0003597069797954787
11	37	-0.0003597071143927079
11	38	-0.0003597071143927079
11	35	-0.0003597071413121572
11	20	-0.0003597074105066225
11	22	-0.0003597094885073454
11	40	-0.0003597094885073454
11	47	-0.0003597094885073454
11	48	-0.0003597094885073454
11	52	-0.0003597094885073454
11	53	-0.0003597094885073454
11	55	-0.0003597094885073454
11	64	-0.0003597094885073454
11	65	-0.0003597094885073454
11	67	-0.0003597094885073454
11	29	-0.0003597095154267947
11	33	-0.0003597095154267947
11	44	-0.00035970954234624056
11	45	-0.00035970954234624056
11	60	-0.00035970954234624056
11	27	-0.0003597095692656864
12	19	-0.0003741630168698981
12	21	-0.0008490762543909118
12	28	-0.0008490762543909118
12	30	-0.0008490762543909118
12	31	-0.0008490762543909118
12	32	-0.0008490762543909118
12	34	-0.0008490762543909118
12	36	-0.000849076281668918
12	57	-0.000849076281668918
12	23	-0.0008490763089469278
12	24	-0.0008490763089469278
12	25	-0.0008490763089469278
12	26	-0.0008490763089469278
12	54	-0.0008490763089469278
12	39	-0.000849076336224934
12	46	-0.000849076336224934
12	49	-0.000849076336224934
12	50	-0.000849076336224934
12	41	-0.00084907639078095
12	42	-0.00084907639078095
12	43	-0.00084907639078095
12	51	-0.00084907639078095
12	56	-0.0008490764180589527
12	58	-0.0008490764453369624
12	66	-0.0008490764453369624
12	68	-0.0008490764453369624
12	69	-0.0008490764453369624
12	70	-0.0008490764453369624
12	37	-0.0008490764726149687
12	38	-0.0008490764726149687
12	35	-0.0008490764998929784
12	59	-0.0008490764998929784
12	61	-0.0008490764998929784
12	62	-0.0008490764998929784
12	63	-0.0008490764998929784
12	20	-0.0008490767726730478
12	22	-0.0008490769908971081
12	40	-0.0008490769908971081
12	47	-0.0008490769908971081
12	48	-0.0008490769908971081
12	52	-0.0008490769908971081
12	53	-0.0008490769908971081
12	55	-0.0008490769908971081
12	64	-0.0008490769908971081
12	65	-0.0008490769908971081
12	67	-0.0008490769908971081
12	29	-0.0008490770181751178
12	33	-0.0008490770181751178
12	44	-0.0008490770454531241
12	45	-0.0008490770454531241
12	60	-0.0008490770454531241
12	27	-0.0008490770727311303
21	71	-0.0009203641419826304
28	71	-0.0009203641419826304
30	71	-0.0009203641419826304
31	71	-0.0009203641419826304
32	71	-0.0009203641419826304
34	71	-0.0009203641419826304
36	71	-0.0009203641695552031
57	71	-0.0009203641695552031
23	71	-0.0009203641971277793
24	71	-0.0009203641971277793
25	71	-0.0009203641971277793
26	71	-0.0009203641971277793
54	71	-0.0009203641971277793
39	71	-0.000920364224700352
46	71	-0.000920364224700352
49	71	-0.000920364224700352
50	71	-0.000920364224700352
41	71	-0.0009203642798455043
42	71	-0.0009203642798455043
43	71	-0.0009203642798455043
51	71	-0.0009203642798455043
56	71	-0.000920364307418077
58	71	-0.0009203643349906532
66	71	-0.0009203643349906532
68	71	-0.0009203643349906532
69	71	-0.0009203643349906532
70	71	-0.0009203643349906532
37	71	-0.0009203643625632293
38	71	-0.0009203643625632293
35	71	-0.0009203643901358055
59	71	-0.0009203643901358055
61	71	-0.0009203643901358055
62	71	-0.0009203643901358055
63	71	-0.0009203643901358055
20	71	-0.0009203646658615568
22	71	-0.0009203648864421592
40	71	-0.0009203648864421592
47	71	-0.0009203648864421592
48	71	-0.0009203648864421592
52	71	-0.0009203648864421592
53	71	-0.0009203648864421592
55	71	-0.0009203648864421592
64	71	-0.0009203648864421592
65	71	-0.0009203648864421592
67	71	-0.0009203648864421592
29	71	-0.0009203649140147353
33	71	-0.0009203649140147353
44	71	-0.000920364941587308
45	71	-0.000920364941587308
60	71	-0.000920364941587308
27	71	-0.0009203649691598842
15	21	-0.0009797988801574752
15	28	-0.0009797988801574752
15	30	-0.0009797988801574752
15	31	-0.0009797988801574752
15	32	-0.0009797988801574752
15	34	-0.0009797988801574752
15	36	-0.0009797989074487867
15	57	-0.0009797989074487867
15	23	-0.0009797989347401018
15	24	-0.0009797989347401018
15	25	-0.0009797989347401018
15	26	-0.0009797989347401018
15	54	-0.0009797989347401018
15	39	-0.0009797989620314099
15	46	-0.0009797989620314099
15	49	-0.0009797989620314099
15	50	-0.0009797989620314099
15	41	-0.0009797990166140365
15	42	-0.0009797990166140365
15	43	-0.0009797990166140365
15	51	-0.0009797990166140365
15	56	-0.0009797990439053446
15	58	-0.0009797990711966562
15	66	-0.0009797990711966562
15	68	-0.0009797990711966562
15	69	-0.0009797990711966562
15	70	-0.0009797990711966562
15	37	-0.0009797990984879677
15	38	-0.0009797990984879677
15	35	-0.0009797991257792828
15	59	-0.0009797991257792828
15	61	-0.0009797991257792828
15	62	-0.0009797991257792828
15	63	-0.0009797991257792828
15	20	-0.0009797993986923985
15	22	-0.000979799617022891
15	40	-0.000979799617022891
15	47	-0.000979799617022891
15	48	-0.000979799617022891
15	52	-0.000979799617022891
15	53	-0.000979799617022891
15	55	-0.000979799617022891
15	64	-0.000979799617022891
15	65	-0.000979799617022891
15	67	-0.000979799617022891
15	29	-0.000979799644314206
15	33	-0.000979799644314206
15	44	-0.0009797996716055177
15	45	-0.0009797996716055177
15	60	-0.0009797996716055177
15	27	-0.0009797996988968292
6	21	-0.0009975935236832614
6	28	-0.0009975935236832614
6	30	-0.0009975935236832614
6	31	-0.0009975935236832614
6	32	-0.0009975935236832614
6	34	-0.0009975935236832614
6	36	-0.000997593551274708
6	57	-0.000997593551274708
6	23	-0.0009975935788661613
6	24	-0.0009975935788661613
6	25	-0.0009975935788661613
6	26	-0.0009975935788661613
6	54	-0.0009975935788661613
6	39	-0.0009975936064576078
6	46	-0.0009975936064576078
6	49	-0.0009975936064576078
6	50	-0.0009975936064576078
6	41	-0.0009975936616405078
6	42	-0.0009975936616405078
6	43	-0.0009975936616405078
6	51	-0.0009975936616405078
6	56	-0.0009975936892319542
6	58	-0.0009975937168234077
6	66	-0.0009975937168234077
6	68	-0.0009975937168234077
6	69	-0.0009975937168234077
6	70	-0.0009975937168234077
6	37	-0.0009975937444148542
6	38	-0.0009975937444148542
6	35	-0.0009975937720063076
6	59	-0.0009975937720063076
6	61	-0.0009975937720063076
6	62	-0.0009975937720063076
6	63	-0.0009975937720063076
6	20	-0.0009975940479208002
6	22	-0.0009975942686523964
6	40	-0.0009975942686523964
6	47	-0.0009975942686523964
6	48	-0.0009975942686523964
6	52	-0.0009975942686523964
6	53	-0.0009975942686523964
6	55	-0.0009975942686523964
6	64	-0.0009975942686523964
6	65	-0.0009975942686523964
6	67	-0.0009975942686523964
6	29	-0.0009975942962438498
6	33	-0.0009975942962438498
6	44	-0.0009975943238352963
6	45	-0.0009975943238352963
6	60	-0.0009975943238352963
6	27	-0.0009975943514267463
5	12	-0.0010126993786452008
5	28	-0.0010273171124472943
5	30	-0.0010273171124472943
5	31	-0.0010273171124472943
5	32	-0.0010273171124472943
5	34	-0.0010273171124472943
5	36	-0.00102731713985044
5	23	-0.0010273171672535893
5	24	-0.0010273171672535893
5	25	-0.0010273171672535893
5	26	-0.0010273171672535893
5	46	-0.0010273171946567385
5	41	-0.0010273172494630334
5	42	-0.0010273172494630334
5	43	-0.0010273172494630334
5	51	-0.0010273172494630334
5	66	-0.0010273173042693283
5	68	-0.0010273173042693283
5	69	-0.0010273173042693283
5	70	-0.0010273173042693283
5	59	-0.0010273173590756232
5	61	-0.0010273173590756232
5	62	-0.0010273173590756232
5	63	-0.0010273173590756232
5	47	-0.001027317852332288
5	48	-0.001027317852332288
5	52	-0.001027317852332288
5	53	-0.001027317852332288
5	64	-0.001027317852332288
5	65	-0.001027317852332288
5	67	-0.001027317852332288
5	29	-0.001027317879735437
5	33	-0.001027317879735437
5	44	-0.0010273179071385828
5	45	-0.0010273179071385828
5	60	-0.0010273179071385828
5	27	-0.0010273179345417285
5	54	-0.0010273190298987385
5	49	-0.0010273190573018877
5	50	-0.0010273190573018877
5	35	-0.0010273192217207724
5	21	-0.0010273208377375928
5	57	-0.0010273208651407385
5	39	-0.001027320919947037
5	56	-0.0010273210021564776
5	58	-0.0010273210295596268
5	37	-0.0010273210569627725
5	38	-0.0010273210569627725
5	20	-0.0010273213583973997
5	22	-0.0010273215776225864
5	40	-0.0010273215776225864
5	55	-0.0010273215776225864
14	57	-0.0010514441899533815
14	54	-0.0010514442173239144
14	49	-0.0010514442446944439
14	50	-0.0010514442446944439
14	37	-0.001051444381547105
14	38	-0.001051444381547105
14	35	-0.001051444408917638
14	20	-0.0010514446826229602
14	29	-0.0010514467916029023
14	33	-0.0010514467916029023
14	27	-0.0010514468463439647
14	21	-0.001051447887873147
14	28	-0.001051447887873147
14	30	-0.001051447887873147
14	31	-0.001051447887873147
14	32	-0.001051447887873147
14	34	-0.001051447887873147
14	36	-0.00105144791524368
14	23	-0.0010514479426142129
14	24	-0.0010514479426142129
14	25	-0.0010514479426142129
14	26	-0.0010514479426142129
14	39	-0.0010514479699847423
14	46	-0.0010514479699847423
14	41	-0.0010514480247258082
14	42	-0.0010514480247258082
14	43	-0.0010514480247258082
14	51	-0.0010514480247258082
14	56	-0.0010514480520963376
14	58	-0.0010514480794668705
14	66	-0.0010514480794668705
14	68	-0.0010514480794668705
14	69	-0.0010514480794668705
14	70	-0.0010514480794668705
14	59	-0.0010514481342079364
14	61	-0.0010514481342079364
14	62	-0.0010514481342079364
14	63	-0.0010514481342079364
14	22	-0.0010514486268775151
14	40	-0.0010514486268775151
14	47	-0.0010514486268775151
14	48	-0.0010514486268775151
14	52	-0.0010514486268775151
14	53	-0.0010514486268775151
14	55	-0.0010514486268775151
14	64	-0.0010514486268775151
14	65	-0.0010514486268775151
14	67	-0.0010514486268775151
14	44	-0.001051448681618581
14	45	-0.001051448681618581
14	60	-0.001051448681618581
6	10	-0.0011634096232620884
4	11	-0.0011712403456434102
14	15	-0.0011932674796224334
4	6	-0.0012426259436981932
13	21	-0.0012868074800692492
13	28	-0.0012868074800692492
13	30	-0.0012868074800692492
13	31	-0.0012868074800692492
13	32	-0.0012868074800692492
13	34	-0.0012868074800692492
13	36	-0.0012868075074986066
13	57	-0.0012868075074986066
13	23	-0.001286807534927971
13	24	-0.001286807534927971
13	25	-0.001286807534927971
13	26	-0.001286807534927971
13	54	-0.001286807534927971
13	39	-0.0012868075623573283
13	46	-0.0012868075623573283
13	49	-0.0012868075623573283
13	50	-0.0012868075623573283
13	41	-0.0012868076172160466
13	42	-0.0012868076172160466
13	43	-0.0012868076172160466
13	51	-0.0012868076172160466
13	56	-0.001286807644645404
13	58	-0.0012868076720747648
13	66	-0.0012868076720747648
13	68	-0.0012868076720747648
13	69	-0.0012868076720747648
13	70	-0.0012868076720747648
13	37	-0.0012868076995041257
13	38	-0.0012868076995041257
13	35	-0.0012868077269334866
13	59	-0.0012868077269334866
13	61	-0.0012868077269334866
13	62	-0.0012868077269334866
13	63	-0.0012868077269334866
13	20	-0.0012868080012270813
13	22	-0.0012868082206619579
13	40	-0.0012868082206619579
13	47	-0.0012868082206619579
13	48	-0.0012868082206619579
13	52	-0.0012868082206619579
13	53	-0.0012868082206619579
13	55	-0.0012868082206619579
13	64	-0.0012868082206619579
13	65	-0.0012868082206619579
13	67	-0.0012868082206619579
13	29	-0.0012868082480913187
13	33	-0.0012868082480913187
13	44	-0.0012868082755206761
13	45	-0.0012868082755206761
13	60	-0.0012868082755206761
13	27	-0.001286808302950037
10	21	-0.0012995712202829648
10	23	-0.001299571275265924
10	24	-0.001299571275265924
10	25	-0.001299571275265924
10	26	-0.001299571275265924
10	39	-0.0012995713027574018
10	41	-0.001299571357740361
10	42	-0.001299571357740361
10	43	-0.001299571357740361
10	56	-0.0012995713852318388
10	58	-0.0012995714127233202
10	59	-0.0012995714677062793
10	61	-0.0012995714677062793
10	62	-0.0012995714677062793
10	63	-0.0012995714677062793
10	22	-0.0012995738251980506
10	40	-0.0012995738251980506
10	55	-0.0012995738251980506
10	44	-0.0012995738801810097
10	45	-0.0012995738801810097
10	60	-0.0012995738801810097
10	27	-0.0012995739076724876
10	28	-0.0012995749455732633
10	30	-0.0012995749455732633
10	31	-0.0012995749455732633
10	32	-0.0012995749455732633
10	34	-0.0012995749455732633
10	36	-0.0012995749730647412
10	57	-0.0012995749730647412
10	46	-0.0012995750280477003
10	51	-0.0012995750830306595
10	66	-0.0012995751380136186
10	68	-0.0012995751380136186
10	69	-0.0012995751380136186
10	70	-0.0012995751380136186
10	37	-0.0012995751655050965
10	38	-0.0012995751655050965
10	20	-0.0012995754679113666
10	54	-0.0012995768632013717
10	49	-0.0012995768906928495
10	50	-0.0012995768906928495
10	35	-0.001299577055641727
10	47	-0.001299577550488349
10	48	-0.001299577550488349
10	52	-0.001299577550488349
10	53	-0.001299577550488349
10	64	-0.001299577550488349
10	65	-0.001299577550488349
10	67	-0.001299577550488349
10	29	-0.0012995775779798303
10	33	-0.0012995775779798303
3	21	-0.001303498584822451
3	28	-0.001303498584822451
3	30	-0.001303498584822451
3	31	-0.001303498584822451
3	32	-0.001303498584822451
3	34	-0.001303498584822451
3	36	-0.0013034986124199205
3	23	-0.0013034986400173969
3	24	-0.0013034986400173969
3	25	-0.0013034986400173969
3	26	-0.0013034986400173969
3	39	-0.0013034986676148698
3	46	-0.0013034986676148698
3	41	-0.0013034987228098156
3	42	-0.0013034987228098156
3	43	-0.0013034987228098156
3	51	-0.0013034987228098156
3	56	-0.001303498750407285
3	58	-0.001303498778004758
3	66	-0.001303498778004758
3	68	-0.001303498778004758
3	69	-0.001303498778004758
3	70	-0.001303498778004758
3	59	-0.0013034988331997073
3	61	-0.0013034988331997073
3	62	-0.0013034988331997073
3	63	-0.0013034988331997073
3	22	-0.0013034993299542198
3	40	-0.0013034993299542198
3	47	-0.0013034993299542198
3	48	-0.0013034993299542198
3	52	-0.0013034993299542198
3	53	-0.0013034993299542198
3	55	-0.0013034993299542198
3	64	-0.0013034993299542198
3	65	-0.0013034993299542198
3	67	-0.0013034993299542198
3	29	-0.0013034993575516927
3	33	-0.0013034993575516927
3	44	-0.0013034993851491657
3	45	-0.0013034993851491657
3	60	-0.0013034993851491657
3	27	-0.0013034994127466386
3	57	-0.0013035004750650697
3	54	-0.001303500502662546
3	49	-0.001303500530260019
3	50	-0.001303500530260019
3	37	-0.0013035006682473801
3	38	-0.0013035006682473801
3	35	-0.0013035006958448565
3	20	-0.0013035009718195822
5	14	-0.0013073837179372362
7	14	-0.0013148884198381852
14	18	-0.0013148909667466402
14	19	-0.0013485367751533417
1	15	-0.0015359459367862462
13	15	-0.0015642091782384522
3	12	-0.0015688361660602182
4	71	-0.0015725785589527606
10	12	-0.0016290732249276928
16	21	-0.0016380734452175194
16	28	-0.0016380734452175194
16	30	-0.0016380734452175194
16	31	-0.0016380734452175194
16	32	-0.0016380734452175194
16	34	-0.0016380734452175194
16	36	-0.0016380734729761065
16	23	-0.0016380735007346936
16	24	-0.0016380735007346936
16	25	-0.0016380735007346936
16	26	-0.0016380735007346936
16	39	-0.0016380735284932807
16	46	-0.0016380735284932807
16	41	-0.0016380735840104549
16	42	-0.0016380735840104549
16	43	-0.0016380735840104549
16	51	-0.0016380735840104549
16	56	-0.0016380736117690385
16	58	-0.001638073639527629
16	66	-0.001638073639527629
16	68	-0.001638073639527629
16	69	-0.001638073639527629
16	70	-0.001638073639527629
16	59	-0.0016380736950448033
16	61	-0.0016380736950448033
16	62	-0.0016380736950448033
16	63	-0.0016380736950448033
16	22	-0.0016380741946993745
16	40	-0.0016380741946993745
16	47	-0.0016380741946993745
16	48	-0.0016380741946993745
16	52	-0.0016380741946993745
16	53	-0.0016380741946993745
16	55	-0.0016380741946993745
16	64	-0.0016380741946993745
16	65	-0.0016380741946993745
16	67	-0.0016380741946993745
16	29	-0.0016380742224579616
16	33	-0.0016380742224579616
16	44	-0.0016380742502165486
16	45	-0.0016380742502165486
16	60	-0.0016380742502165486
16	27	-0.0016380742779751357
9	21	-0.001638074467805315
9	28	-0.001638074467805315
9	30	-0.001638074467805315
9	31	-0.001638074467805315
9	32	-0.001638074467805315
9	34	-0.001638074467805315
9	36	-0.0016380744955638987
9	57	-0.0016380744955638987
9	23	-0.0016380745233224893
9	24	-0.0016380745233224893
9	25	-0.0016380745233224893
9	26	-0.0016380745233224893
9	54	-0.0016380745233224893
9	39	-0.001638074551081073
9	46	-0.001638074551081073
9	49	-0.001638074551081073
9	50	-0.001638074551081073
9	41	-0.001638074606598247
9	42	-0.001638074606598247
9	43	-0.001638074606598247
9	51	-0.001638074606598247
9	56	-0.0016380746343568307
9	58	-0.0016380746621154178
9	66	-0.0016380746621154178
9	68	-0.0016380746621154178
9	69	-0.0016380746621154178
9	70	-0.0016380746621154178
9	37	-0.0016380746898740015
9	38	-0.0016380746898740015
9	35	-0.001638074717632592
9	59	-0.001638074717632592
9	61	-0.001638074717632592
9	62	-0.001638074717632592
9	63	-0.001638074717632592
9	20	-0.0016380749952184526
9	22	-0.0016380752172871424
9	40	-0.0016380752172871424
9	47	-0.0016380752172871424
9	48	-0.0016380752172871424
9	52	-0.0016380752172871424
9	53	-0.0016380752172871424
9	55	-0.0016380752172871424
9	64	-0.0016380752172871424
9	65	-0.0016380752172871424
9	67	-0.0016380752172871424
9	29	-0.0016380752450457295
9	33	-0.0016380752450457295
9	44	-0.0016380752728043166
9	45	-0.0016380752728043166
9	60	-0.0016380752728043166
9	27	-0.0016380753005629002
16	57	-0.0016380753356212557
16	54	-0.0016380753633798428
16	49	-0.00163807539113843
16	50	-0.00163807539113843
16	37	-0.0016380755299313654
16	38	-0.0016380755299313654
16	35	-0.0016380755576899525
16	20	-0.0016380758352758235
10	11	-0.001649698163834052
7	21	-0.0017441919829211429
7	28	-0.0017441919829211429
7	30	-0.0017441919829211429
7	31	-0.0017441919829211429
7	32	-0.0017441919829211429
7	34	-0.0017441919829211429
7	36	-0.0017441920107502326
7	23	-0.0017441920385793293
7	24	-0.0017441920385793293
7	25	-0.0017441920385793293
7	26	-0.0017441920385793293
7	39	-0.001744192066408419
7	46	-0.001744192066408419
7	41	-0.0017441921220666054
7	42	-0.0017441921220666054
7	43	-0.0017441921220666054
7	51	-0.0017441921220666054
7	56	-0.0017441921498956951
7	58	-0.0017441921777247883
7	66	-0.0017441921777247883
7	68	-0.0017441921777247883
7	69	-0.0017441921777247883
7	70	-0.0017441921777247883
7	59	-0.0017441922333829747
7	61	-0.0017441922333829747
7	62	-0.0017441922333829747
7	63	-0.0017441922333829747
18	21	-0.0017441926392159496
18	28	-0.0017441926392159496
18	30	-0.0017441926392159496
18	31	-0.0017441926392159496
18	32	-0.0017441926392159496
18	34	-0.0017441926392159496
18	36	-0.0017441926670450428
18	23	-0.0017441926948741394
18	24	-0.0017441926948741394
18	25	-0.0017441926948741394
18	26	-0.0017441926948741394
18	39	-0.0017441927227032326
18	46	-0.0017441927227032326
18	41	-0.001744192778361419
18	42	-0.001744192778361419
18	43	-0.001744192778361419
18	51	-0.001744192778361419
18	56	-0.0017441928061905088
18	58	-0.001744192834019602
18	66	-0.001744192834019602
18	68	-0.001744192834019602
18	69	-0.001744192834019602
18	70	-0.001744192834019602
18	59	-0.0017441928896777918
18	61	-0.0017441928896777918
18	62	-0.0017441928896777918
18	63	-0.0017441928896777918
18	57	-0.001744194529690192
18	54	-0.0017441945575192887
18	49	-0.0017441945853483819
18	50	-0.0017441945853483819
18	37	-0.0017441947244938444
18	38	-0.0017441947244938444
18	35	-0.001744194752322941
18	20	-0.001744195030613873
18	22	-0.0017441952532466186
18	40	-0.0017441952532466186
18	47	-0.0017441952532466186
18	48	-0.0017441952532466186
18	52	-0.0017441952532466186
18	53	-0.0017441952532466186
18	55	-0.0017441952532466186
18	64	-0.0017441952532466186
18	65	-0.0017441952532466186
18	67	-0.0017441952532466186
18	29	-0.0017441952810757153
18	33	-0.0017441952810757153
18	44	-0.0017441953089048085
18	45	-0.0017441953089048085
18	60	-0.0017441953089048085
18	27	-0.0017441953367339016
7	57	-0.001744195736040531
7	54	-0.0017441957638696277
7	49	-0.0017441957916987175
7	50	-0.0017441957916987175
7	37	-0.00174419593084418
7	38	-0.00174419593084418
7	35	-0.0017441959586732732
7	20	-0.0017441962369641982
7	22	-0.0017441964595969403
7	40	-0.0017441964595969403
7	47	-0.0017441964595969403
7	48	-0.0017441964595969403
7	52	-0.0017441964595969403
7	53	-0.0017441964595969403
7	55	-0.0017441964595969403
7	64	-0.0017441964595969403
7	65	-0.0017441964595969403
7	67	-0.0017441964595969403
7	29	-0.0017441964874260335
7	33	-0.0017441964874260335
7	44	-0.0017441965152551267
7	45	-0.0017441965152551267
7	60	-0.0017441965152551267
7	27	-0.00174419654308422
9	11	-0.0017609078822736005
11	16	-0.00176091246898619
1	6	-0.0018307220074473309
17	21	-0.0018736577400585465
17	28	-0.0018736577400585465
17	30	-0.0018736577400585465
17	31	-0.0018736577400585465
17	32	-0.0018736577400585465
17	34	-0.0018736577400585465
17	36	-0.0018736577679855301
17	57	-0.0018736577679855301
17	23	-0.0018736577959125207
17	24	-0.0018736577959125207
17	25	-0.0018736577959125207
17	26	-0.0018736577959125207
17	54	-0.0018736577959125207
17	39	-0.0018736578238395044
17	46	-0.0018736578238395044
17	49	-0.0018736578238395044
17	50	-0.0018736578238395044
8	21	-0.0018736578450657161
8	28	-0.0018736578450657161
8	30	-0.0018736578450657161
8	31	-0.0018736578450657161
8	32	-0.0018736578450657161
8	34	-0.0018736578450657161
8	36	-0.0018736578729926998
8	57	-0.0018736578729926998
17	41	-0.001873657879693482
17	42	-0.001873657879693482
17	43	-0.001873657879693482
17	51	-0.001873657879693482
8	23	-0.0018736579009196903
8	24	-0.0018736579009196903
8	25	-0.0018736579009196903
8	26	-0.0018736579009196903
8	54	-0.0018736579009196903
17	56	-0.0018736579076204657
8	39	-0.0018736579288466775
8	46	-0.0018736579288466775
8	49	-0.0018736579288466775
8	50	-0.0018736579288466775
17	58	-0.0018736579355474528
17	66	-0.0018736579355474528
17	68	-0.0018736579355474528
17	69	-0.0018736579355474528
17	70	-0.0018736579355474528
17	37	-0.00187365796347444
17	38	-0.00187365796347444
8	41	-0.0018736579847006517
8	42	-0.0018736579847006517
8	43	-0.0018736579847006517
8	51	-0.0018736579847006517
17	35	-0.001873657991401427
17	59	-0.001873657991401427
17	61	-0.001873657991401427
17	62	-0.001873657991401427
17	63	-0.001873657991401427
8	56	-0.0018736580126276353
8	58	-0.0018736580405546224
8	66	-0.0018736580405546224
8	68	-0.0018736580405546224
8	69	-0.0018736580405546224
8	70	-0.0018736580405546224
8	37	-0.0018736580684816095
8	38	-0.0018736580684816095
8	35	-0.0018736580964086001
8	59	-0.0018736580964086001
8	61	-0.0018736580964086001
8	62	-0.0018736580964086001
8	63	-0.0018736580964086001
17	20	-0.0018736582706712981
8	20	-0.0018736583756784712
17	22	-0.001873658494087195
17	40	-0.001873658494087195
17	47	-0.001873658494087195
17	48	-0.001873658494087195
17	52	-0.001873658494087195
17	53	-0.001873658494087195
17	55	-0.001873658494087195
17	64	-0.001873658494087195
17	65	-0.001873658494087195
17	67	-0.001873658494087195
17	29	-0.0018736585220141856
17	33	-0.0018736585220141856
17	44	-0.0018736585499411693
17	45	-0.0018736585499411693
17	60	-0.0018736585499411693
17	27	-0.0018736585778681564
8	22	-0.0018736585990943681
8	40	-0.0018736585990943681
8	47	-0.0018736585990943681
8	48	-0.0018736585990943681
8	52	-0.0018736585990943681
8	53	-0.0018736585990943681
8	55	-0.0018736585990943681
8	64	-0.0018736585990943681
8	65	-0.0018736585990943681
8	67	-0.0018736585990943681
8	29	-0.0018736586270213552
8	33	-0.0018736586270213552
8	44	-0.0018736586549483424
8	45	-0.0018736586549483424
8	60	-0.0018736586549483424
8	27	-0.0018736586828753295
6	12	-0.0019031782782039097
1	21	-0.001958242034354355
1	28	-0.001958242034354355
1	30	-0.001958242034354355
1	31	-0.001958242034354355
1	32	-0.001958242034354355
1	34	-0.001958242034354355
1	36	-0.001958242062322313
1	23	-0.001958242090290274
1	24	-0.001958242090290274
1	25	-0.001958242090290274
1	26	-0.001958242090290274
1	39	-0.001958242118258232
1	46	-0.001958242118258232
1	41	-0.001958242174194151
1	42	-0.001958242174194151
1	43	-0.001958242174194151
1	51	-0.001958242174194151
1	56	-0.0019582422021621054
1	58	-0.0019582422301300632
1	66	-0.0019582422301300632
1	68	-0.0019582422301300632
1	69	-0.0019582422301300632
1	70	-0.0019582422301300632
1	59	-0.0019582422860659823
1	61	-0.0019582422860659823
1	62	-0.0019582422860659823
1	63	-0.0019582422860659823
1	22	-0.0019582427894892333
1	40	-0.0019582427894892333
1	47	-0.0019582427894892333
1	48	-0.0019582427894892333
1	52	-0.0019582427894892333
1	53	-0.0019582427894892333
1	55	-0.0019582427894892333
1	64	-0.0019582427894892333
1	65	-0.0019582427894892333
1	67	-0.0019582427894892333
1	29	-0.0019582428174571946
1	33	-0.0019582428174571946
1	44	-0.001958242845425149
1	45	-0.001958242845425149
1	60	-0.001958242845425149
1	27	-0.0019582428733931068
1	57	-0.001958243924967462
1	54	-0.0019582439529354234
1	49	-0.0019582439809033812
1	50	-0.0019582439809033812
1	37	-0.0019582441207431703
1	38	-0.0019582441207431703
1	35	-0.0019582441487111316
1	20	-0.001958244428390713
2	21	-0.0020464376010210263
2	28	-0.0020464376010210263
2	30	-0.0020464376010210263
2	31	-0.0020464376010210263
2	32	-0.0020464376010210263
2	34	-0.0020464376010210263
2	36	-0.0020464376290399884
2	57	-0.0020464376290399884
2	23	-0.0020464376570589575
2	24	-0.0020464376570589575
2	25	-0.0020464376570589575
2	26	-0.0020464376570589575
2	54	-0.0020464376570589575
2	39	-0.002046437685077923
2	46	-0.002046437685077923
2	49	-0.002046437685077923
2	50	-0.002046437685077923
2	41	-0.0020464377411158544
2	42	-0.0020464377411158544
2	43	-0.0020464377411158544
2	51	-0.0020464377411158544
2	56	-0.0020464377691348165
2	58	-0.0020464377971537856
2	66	-0.0020464377971537856
2	68	-0.0020464377971537856
2	69	-0.0020464377971537856
2	70	-0.0020464377971537856
2	37	-0.0020464378251727477
2	38	-0.0020464378251727477
2	35	-0.002046437853191717
2	59	-0.002046437853191717
2	61	-0.002046437853191717
2	62	-0.002046437853191717
2	63	-0.002046437853191717
2	20	-0.002046438133381373
2	22	-0.0020464383575331015
2	40	-0.0020464383575331015
2	47	-0.0020464383575331015
2	48	-0.0020464383575331015
2	52	-0.0020464383575331015
2	53	-0.0020464383575331015
2	55	-0.0020464383575331015
2	64	-0.0020464383575331015
2	65	-0.0020464383575331015
2	67	-0.0020464383575331015
2	29	-0.002046438385552067
2	33	-0.002046438385552067
2	44	-0.0020464384135710327
2	45	-0.0020464384135710327
2	60	-0.0020464384135710327
2	27	-0.0020464384415899983
1	19	-0.0021806541814973664
13	19	-0.0022646769864443014
15	19	-0.0023758368018134066
4	9	-0.002516999546997842
4	16	-0.0025170022618428885
1	4	-0.0025474816309132634
7	11	-0.00258591127337442
11	18	-0.002585911946360587
4	7	-0.0026857293650561324
4	18	-0.0026857300308373022
3	14	-0.0027144558708275084
5	71	-0.002812306685186783
4	14	-0.002813974856564136
2	4	-0.002944547655088031
5	15	-0.0029514112270218676
11	17	-0.002974156088618809
8	11	-0.0029741561962965957
3	13	-0.003093319412614915
3	6	-0.003145873838756707
6	13	-0.0031548945517758144
3	11	-0.003678484218893812
10	19	-0.0038106724671194137
9	19	-0.004189078562447417
16	19	-0.004189079420708387
5	6	-0.004204125763761505
10	71	-0.0042365456972422895
12	15	-0.0043626784795917535
3	71	-0.004484575201849528
17	19	-0.0052947088948651876
8	19	-0.005294709002147811
7	19	-0.005735079778867971
18	19	-0.005735080449384349
4	13	-0.005742357552048428
2	19	-0.006236772021127036
5	11	-0.0062793480871349595