#==========================================================================
# The first and second rows contain site pairs (i, j) such that j > i
# The third row contains coevolutionary scores obtained 
# using PSICOV algorithm.
# Note that in this data sites are counted/labelled starting from 1
#==========================================================================
29	41	0.90291
2	71	0.902313
3	70	0.902181
51	63	0.901624
50	64	0.901501
7	66	0.900878
31	39	0.900446
28	42	0.90015
12	23	0.899891
5	68	0.899528
4	69	0.899324
6	67	0.896504
49	65	0.889353
30	40	0.886785
27	43	0.879465
11	24	0.87296
52	62	0.863023
1	72	0.852672
15	48	0.619051
10	25	0.429434
22	46	0.309169
53	61	0.299628
13	22	0.276909
36	37	0.275378
9	23	0.192121
32	38	0.174221
19	56	0.158981
35	73	0.151867
36	38	0.147381
9	13	0.141682
34	35	0.13975
9	12	0.139029
32	36	0.114924
56	57	0.091722
13	47	0.090921
18	56	0.090104
18	55	0.090055
13	46	0.089876
44	45	0.089086
34	72	0.088271
34	36	0.082495
18	19	0.080653
8	21	0.077463
11	13	0.074321
18	57	0.073637
11	36	0.073282
53	54	0.073171
35	72	0.072198
16	19	0.071858
36	39	0.070966
20	56	0.070636
19	20	0.070364
8	14	0.069637
19	57	0.069445
47	48	0.069421
54	60	0.069254
69	70	0.069155
9	26	0.06864
37	38	0.068577
13	24	0.067783
10	45	0.067496
43	44	0.067361
34	73	0.067272
31	36	0.067045
18	26	0.066705
53	58	0.066693
12	13	0.066575
18	20	0.065693
54	61	0.065289
44	60	0.065085
3	4	0.06486
35	40	0.064552
1	73	0.064476
15	59	0.064281
56	61	0.064019
19	54	0.063514
58	60	0.06348
25	32	0.063337
46	47	0.062873
26	44	0.062691
35	38	0.062611
16	56	0.062503
34	40	0.062415
58	61	0.06238
26	47	0.062162
35	36	0.062011
18	48	0.061938
1	18	0.061892
13	23	0.061823
22	45	0.061679
54	58	0.061447
22	47	0.061376
35	37	0.061347
19	61	0.061206
18	54	0.061099
20	60	0.060958
19	53	0.060725
55	61	0.060646
9	36	0.060426
18	61	0.060337
45	60	0.060324
36	47	0.060164
7	49	0.059965
32	68	0.059559
7	34	0.059168
53	60	0.059047
48	67	0.058997
14	21	0.058962
1	35	0.058955
13	15	0.058884
72	73	0.058834
19	55	0.058734
11	47	0.058573
16	18	0.058392
2	48	0.05839
24	47	0.058298
56	58	0.058274
45	68	0.058249
19	60	0.05815
55	57	0.057988
21	48	0.057886
3	69	0.057873
23	44	0.057806
26	45	0.057723
19	26	0.057626
70	71	0.057509
24	35	0.057423
3	36	0.057375
1	2	0.057327
11	35	0.05727
16	17	0.057196
26	34	0.057093
55	58	0.056986
18	44	0.056908
48	72	0.056877
15	56	0.056872
9	44	0.056869
44	47	0.056807
13	45	0.056795
38	49	0.056756
47	56	0.056658
36	70	0.056618
15	47	0.05658
55	60	0.056557
48	59	0.056508
34	48	0.056439
15	46	0.056371
21	22	0.056359
54	56	0.056354
22	24	0.0563
43	57	0.05628
24	72	0.056279
32	47	0.056245
20	35	0.05623
49	66	0.056137
13	21	0.056131
53	55	0.055987
1	15	0.055983
34	47	0.055982
9	19	0.055907
30	34	0.055859
53	56	0.055855
32	71	0.055749
24	36	0.055737
3	32	0.055728
18	53	0.055718
45	67	0.055615
36	43	0.055613
56	60	0.055585
20	54	0.055553
51	57	0.055487
61	62	0.055449
59	71	0.055342
11	15	0.05531
18	47	0.055302
13	25	0.055298
5	69	0.05528
48	53	0.055263
22	65	0.055221
18	60	0.055198
18	58	0.055123
54	55	0.055037
44	54	0.055029
31	35	0.055006
45	69	0.054971
55	62	0.054965
45	47	0.054873
15	19	0.054681
20	72	0.054531
17	73	0.054524
16	48	0.054508
30	35	0.054423
51	73	0.054399
37	73	0.054325
46	48	0.054273
15	43	0.054251
1	8	0.054229
15	21	0.05421
24	45	0.054188
59	60	0.054111
12	26	0.054087
9	21	0.054078
4	70	0.054042
35	45	0.053984
13	19	0.053949
13	34	0.053946
11	45	0.053927
15	18	0.053918
26	59	0.053886
48	62	0.053856
24	32	0.053835
19	47	0.053758
11	32	0.053754
55	56	0.053753
25	34	0.053748
17	19	0.05374
17	47	0.053721
3	73	0.053667
9	45	0.053642
46	57	0.053575
17	46	0.05355
4	45	0.053545
25	56	0.053544
44	69	0.053507
13	17	0.05349
26	46	0.053462
21	23	0.053446
18	59	0.053439
52	55	0.053413
17	26	0.053347
8	16	0.053345
20	45	0.05332
24	34	0.053312
19	44	0.053312
2	8	0.053308
36	73	0.053283
26	51	0.053195
57	58	0.053191
47	57	0.053142
53	62	0.053136
14	16	0.053123
23	45	0.053112
57	73	0.0531
60	61	0.053051
17	35	0.053042
24	25	0.053033
9	22	0.053031
34	64	0.052967
3	59	0.052967
16	55	0.052939
47	55	0.052896
4	26	0.052896
4	46	0.052864
16	20	0.052857
2	59	0.052807
15	22	0.0528
44	46	0.052716
19	58	0.05271
46	60	0.052696
16	50	0.052693
57	63	0.052685
13	18	0.052666
38	45	0.052623
57	60	0.052622
36	60	0.052621
1	38	0.052589
32	46	0.052587
52	61	0.052573
1	71	0.052555
4	5	0.052551
34	57	0.052551
1	19	0.052535
2	70	0.052524
19	45	0.052375
9	52	0.052336
32	37	0.052265
42	48	0.052258
16	49	0.052209
11	22	0.052164
2	72	0.052155
27	60	0.052154
54	72	0.052132
34	66	0.052129
45	59	0.052095
26	48	0.052092
21	36	0.052089
6	59	0.052066
22	44	0.052
13	26	0.051946
11	59	0.051928
17	59	0.051898
9	62	0.051894
9	56	0.051891
46	73	0.051888
57	59	0.051875
20	53	0.051827
22	68	0.051811
8	18	0.05181
8	15	0.051796
15	55	0.051784
26	57	0.05178
16	45	0.051757
8	48	0.05175
1	56	0.051746
54	59	0.051672
54	57	0.051667
16	66	0.051665
46	53	0.051646
1	55	0.051643
15	26	0.051642
18	51	0.051635
51	59	0.051614
11	26	0.051596
27	34	0.051596
45	49	0.051585
48	54	0.051574
22	36	0.051514
18	52	0.051435
45	46	0.051435
20	30	0.051433
3	20	0.051403
16	53	0.051344
17	56	0.051334
1	33	0.051315
1	74	0.051315
1	75	0.051315
1	76	0.051315
2	33	0.051315
2	74	0.051315
2	75	0.051315
2	76	0.051315
3	33	0.051315
3	74	0.051315
3	75	0.051315
3	76	0.051315
4	33	0.051315
4	74	0.051315
4	75	0.051315
4	76	0.051315
5	33	0.051315
5	74	0.051315
5	75	0.051315
5	76	0.051315
6	33	0.051315
6	74	0.051315
6	75	0.051315
6	76	0.051315
7	33	0.051315
7	74	0.051315
7	75	0.051315
7	76	0.051315
8	33	0.051315
8	74	0.051315
8	75	0.051315
8	76	0.051315
9	33	0.051315
9	74	0.051315
9	75	0.051315
9	76	0.051315
10	33	0.051315
10	74	0.051315
10	75	0.051315
10	76	0.051315
11	33	0.051315
11	74	0.051315
11	75	0.051315
11	76	0.051315
12	33	0.051315
12	74	0.051315
12	75	0.051315
12	76	0.051315
13	33	0.051315
13	74	0.051315
13	75	0.051315
13	76	0.051315
14	33	0.051315
14	74	0.051315
14	75	0.051315
14	76	0.051315
15	33	0.051315
15	74	0.051315
15	75	0.051315
15	76	0.051315
16	33	0.051315
16	74	0.051315
16	75	0.051315
16	76	0.051315
17	33	0.051315
17	74	0.051315
17	75	0.051315
17	76	0.051315
18	33	0.051315
18	74	0.051315
18	75	0.051315
18	76	0.051315
19	33	0.051315
19	74	0.051315
19	75	0.051315
19	76	0.051315
20	33	0.051315
20	74	0.051315
20	75	0.051315
20	76	0.051315
21	33	0.051315
21	74	0.051315
21	75	0.051315
21	76	0.051315
22	33	0.051315
22	74	0.051315
22	75	0.051315
22	76	0.051315
23	33	0.051315
23	74	0.051315
23	75	0.051315
23	76	0.051315
24	33	0.051315
24	74	0.051315
24	75	0.051315
24	76	0.051315
25	33	0.051315
25	74	0.051315
25	75	0.051315
25	76	0.051315
26	33	0.051315
26	74	0.051315
26	75	0.051315
26	76	0.051315
27	33	0.051315
27	74	0.051315
27	75	0.051315
27	76	0.051315
28	33	0.051315
28	74	0.051315
28	75	0.051315
28	76	0.051315
29	33	0.051315
29	74	0.051315
29	75	0.051315
29	76	0.051315
30	33	0.051315
30	74	0.051315
30	75	0.051315
30	76	0.051315
31	33	0.051315
31	74	0.051315
31	75	0.051315
31	76	0.051315
32	33	0.051315
32	74	0.051315
32	75	0.051315
32	76	0.051315
33	34	0.051315
33	35	0.051315
33	36	0.051315
33	37	0.051315
33	38	0.051315
33	39	0.051315
33	40	0.051315
33	41	0.051315
33	42	0.051315
33	43	0.051315
33	44	0.051315
33	45	0.051315
33	46	0.051315
33	47	0.051315
33	48	0.051315
33	49	0.051315
33	50	0.051315
33	51	0.051315
33	52	0.051315
33	53	0.051315
33	54	0.051315
33	55	0.051315
33	56	0.051315
33	57	0.051315
33	58	0.051315
33	59	0.051315
33	60	0.051315
33	61	0.051315
33	62	0.051315
33	63	0.051315
33	64	0.051315
33	65	0.051315
33	66	0.051315
33	67	0.051315
33	68	0.051315
33	69	0.051315
33	70	0.051315
33	71	0.051315
33	72	0.051315
33	73	0.051315
33	74	0.051315
33	75	0.051315
33	76	0.051315
34	74	0.051315
34	75	0.051315
34	76	0.051315
35	74	0.051315
35	75	0.051315
35	76	0.051315
36	74	0.051315
36	75	0.051315
36	76	0.051315
37	74	0.051315
37	75	0.051315
37	76	0.051315
38	74	0.051315
38	75	0.051315
38	76	0.051315
39	74	0.051315
39	75	0.051315
39	76	0.051315
40	74	0.051315
40	75	0.051315
40	76	0.051315
41	74	0.051315
41	75	0.051315
41	76	0.051315
42	74	0.051315
42	75	0.051315
42	76	0.051315
43	74	0.051315
43	75	0.051315
43	76	0.051315
44	74	0.051315
44	75	0.051315
44	76	0.051315
45	74	0.051315
45	75	0.051315
45	76	0.051315
46	74	0.051315
46	75	0.051315
46	76	0.051315
47	74	0.051315
47	75	0.051315
47	76	0.051315
48	74	0.051315
48	75	0.051315
48	76	0.051315
49	74	0.051315
49	75	0.051315
49	76	0.051315
50	74	0.051315
50	75	0.051315
50	76	0.051315
51	74	0.051315
51	75	0.051315
51	76	0.051315
52	74	0.051315
52	75	0.051315
52	76	0.051315
53	74	0.051315
53	75	0.051315
53	76	0.051315
54	74	0.051315
54	75	0.051315
54	76	0.051315
55	74	0.051315
55	75	0.051315
55	76	0.051315
56	74	0.051315
56	75	0.051315
56	76	0.051315
57	74	0.051315
57	75	0.051315
57	76	0.051315
58	74	0.051315
58	75	0.051315
58	76	0.051315
59	74	0.051315
59	75	0.051315
59	76	0.051315
60	74	0.051315
60	75	0.051315
60	76	0.051315
61	74	0.051315
61	75	0.051315
61	76	0.051315
62	74	0.051315
62	75	0.051315
62	76	0.051315
63	74	0.051315
63	75	0.051315
63	76	0.051315
64	74	0.051315
64	75	0.051315
64	76	0.051315
65	74	0.051315
65	75	0.051315
65	76	0.051315
66	74	0.051315
66	75	0.051315
66	76	0.051315
67	74	0.051315
67	75	0.051315
67	76	0.051315
68	74	0.051315
68	75	0.051315
68	76	0.051315
69	74	0.051315
69	75	0.051315
69	76	0.051315
70	74	0.051315
70	75	0.051315
70	76	0.051315
71	74	0.051315
71	75	0.051315
71	76	0.051315
72	74	0.051315
72	75	0.051315
72	76	0.051315
73	74	0.051315
73	75	0.051315
73	76	0.051315
74	75	0.051315
74	76	0.051315
75	76	0.051315
3	45	0.051309
38	50	0.051309
19	73	0.051303
27	57	0.051294
14	17	0.05129
14	59	0.051267
8	17	0.051263
17	21	0.051253
17	58	0.051247
14	58	0.051244
44	56	0.051243
17	20	0.051231
14	20	0.051229
17	55	0.051219
8	59	0.051217
14	55	0.051215
53	65	0.05121
9	18	0.051207
17	54	0.051206
14	54	0.051202
17	60	0.051198
21	59	0.051197
17	57	0.051196
14	60	0.051194
14	57	0.051192
14	26	0.051191
16	59	0.051188
58	59	0.051186
17	44	0.051185
59	70	0.051183
14	44	0.051181
19	72	0.051178
17	37	0.051176
14	73	0.051173
14	37	0.051172
8	58	0.05117
32	73	0.051169
18	46	0.051168
10	17	0.05116
20	59	0.051157
10	14	0.051155
5	47	0.051148
16	21	0.051143
46	59	0.051141
21	58	0.051141
8	20	0.051138
17	25	0.051135
55	59	0.051132
14	25	0.051129
16	58	0.051127
17	61	0.051121
16	61	0.051116
14	61	0.051114
6	9	0.051114
17	32	0.051113
17	53	0.051113
17	45	0.051112
8	55	0.051111
14	47	0.051108
14	32	0.051107
14	53	0.051106
14	45	0.051105
17	38	0.051104
36	63	0.051103
20	21	0.051101
14	38	0.051096
9	16	0.051096
8	54	0.051084
20	58	0.051081
44	59	0.05107
21	55	0.051068
8	60	0.051068
14	46	0.051064
8	57	0.051063
8	26	0.051061
59	73	0.051055
37	59	0.051053
17	34	0.051047
14	56	0.051045
8	44	0.051041
47	60	0.051041
14	34	0.051038
21	54	0.051036
17	18	0.051032
8	73	0.051024
14	19	0.051023
14	18	0.051023
10	59	0.051022
8	37	0.051021
21	60	0.051016
16	54	0.051014
9	17	0.051012
21	57	0.05101
21	26	0.051008
9	14	0.051001
24	26	0.050999
14	35	0.050997
35	46	0.050994
16	60	0.050993
20	55	0.050991
8	10	0.050987
16	57	0.050986
21	44	0.050984
16	26	0.050984
26	58	0.05098
25	59	0.050976
17	27	0.050974
17	22	0.050971
17	52	0.050969
21	73	0.050964
17	62	0.050963
14	27	0.050963
21	37	0.050961
14	22	0.050959
16	44	0.050958
14	52	0.050957
44	58	0.050953
14	62	0.050951
59	61	0.050948
17	30	0.050947
15	17	0.050943
8	19	0.050937
16	73	0.050936
47	59	0.050936
8	25	0.050935
14	30	0.050935
32	59	0.050934
53	59	0.050933
16	37	0.050932
58	73	0.050931
14	15	0.05093
37	58	0.050927
10	21	0.05092
38	59	0.050916
7	45	0.050914
17	65	0.050914
17	43	0.050907
20	57	0.050907
17	40	0.050906
8	61	0.050905
20	26	0.050905
14	65	0.0509
14	43	0.050893
17	49	0.050893
14	40	0.050892
8	47	0.050891
8	32	0.050889
10	16	0.050888
8	53	0.050887
8	45	0.050885
13	14	0.050882
10	58	0.050882
9	54	0.050882
17	28	0.050881
17	48	0.050881
17	42	0.05088
6	17	0.050879
14	49	0.050878
20	44	0.050872
8	38	0.050868
14	28	0.050867
14	48	0.050866
14	42	0.050865
6	14	0.050865
23	26	0.050857
21	25	0.050857
45	54	0.050856
17	67	0.050847
20	73	0.050846
11	17	0.050845
1	17	0.050843
26	55	0.050841
20	37	0.050841
17	72	0.050834
17	68	0.050832
14	67	0.050831
11	14	0.05083
17	39	0.050829
17	24	0.050827
1	14	0.050827
17	50	0.050826
17	31	0.050825
5	17	0.050825
17	51	0.050824
17	63	0.050824
17	66	0.050823
56	59	0.050822
16	25	0.05082
21	61	0.05082
7	17	0.050819
14	72	0.050817
14	68	0.050816
25	58	0.050814
25	45	0.050814
14	39	0.050812
14	24	0.050811
16	47	0.05081
13	72	0.05081
34	59	0.05081
14	50	0.050809
14	31	0.050809
5	14	0.050808
14	51	0.050807
14	63	0.050807
14	66	0.050807
44	55	0.050803
21	47	0.050803
8	46	0.050803
17	64	0.050802
7	14	0.050802
21	32	0.050801
21	53	0.050799
17	41	0.050799
17	29	0.050797
21	45	0.050796
10	20	0.050786
14	64	0.050785
19	59	0.050781
14	41	0.050781
26	54	0.05078
14	29	0.050779
17	69	0.050778
21	38	0.050776
4	17	0.050776
3	46	0.050773
55	73	0.050773
17	36	0.050771
48	61	0.05077
19	48	0.050769
37	55	0.050768
8	56	0.050764
22	35	0.050763
14	69	0.05076
16	32	0.05076
4	14	0.050758
47	58	0.050755
14	36	0.050752
32	58	0.050752
12	17	0.050752
8	34	0.050749
45	58	0.050747
9	59	0.050743
26	60	0.050742
35	59	0.050735
12	14	0.050733
16	38	0.050733
17	71	0.050731
17	23	0.050726
2	17	0.050726
38	58	0.050725
22	39	0.050721
14	71	0.050711
14	23	0.050707
2	14	0.050706
20	47	0.050706
10	55	0.050704
54	73	0.050703
20	25	0.050702
21	46	0.050697
37	54	0.050697
17	70	0.050693
3	17	0.050685
44	57	0.050684
8	9	0.050675
27	59	0.050673
14	70	0.050672
22	59	0.050666
8	35	0.050666
3	14	0.050664
52	59	0.050663
60	73	0.05066
20	61	0.050653
37	60	0.050653
59	62	0.050651
21	56	0.05065
16	64	0.05065
16	46	0.050648
6	48	0.050647
3	10	0.050645
26	73	0.050642
46	58	0.050639
37	57	0.050639
26	37	0.050635
21	34	0.050633
26	43	0.050631
3	44	0.050627
20	32	0.050627
10	54	0.050625
30	59	0.050622
21	71	0.050616
2	16	0.050615
15	16	0.050612
36	64	0.05061
25	55	0.050607
9	57	0.050598
8	27	0.050596
47	53	0.050596
19	21	0.050595
18	21	0.050595
20	38	0.050594
8	22	0.050589
44	73	0.050588
8	52	0.050585
37	44	0.050581
8	71	0.050579
16	34	0.050578
10	60	0.050576
8	62	0.050572
60	70	0.050571
34	58	0.050569
11	25	0.050564
10	57	0.050561
18	37	0.05056
59	65	0.050558
10	26	0.050557
43	59	0.050546
40	59	0.050543
8	30	0.050539
21	35	0.050532
13	59	0.050526
32	55	0.050521
49	59	0.050519
25	54	0.050516
45	55	0.050514
28	59	0.050498
26	72	0.050498
10	44	0.050496
42	59	0.050495
20	46	0.050489
16	72	0.050488
38	55	0.050483
9	58	0.05047
16	35	0.050469
8	65	0.050468
4	38	0.05046
18	45	0.05046
25	60	0.050459
35	58	0.050458
8	43	0.050455
8	40	0.050452
21	27	0.050448
10	73	0.050448
25	57	0.050442
10	37	0.050439
25	26	0.050437
21	52	0.050435
8	13	0.050433
59	67	0.050433
1	59	0.050425
8	49	0.050425
47	54	0.050423
13	44	0.050423
1	9	0.05042
21	62	0.050419
32	54	0.050419
59	72	0.050408
59	68	0.050405
20	34	0.050403
8	28	0.050401
39	59	0.050399
8	42	0.050398
38	39	0.050397
6	8	0.050397
24	59	0.050396
50	59	0.050393
31	59	0.050393
5	59	0.050392
59	63	0.05039
59	66	0.050389
7	59	0.050381
15	57	0.050381
21	30	0.05038
16	27	0.050379
15	71	0.050379
38	54	0.050376
57	61	0.050372
60	69	0.05037
16	22	0.05037
27	58	0.050367
25	44	0.050367
26	61	0.050366
16	52	0.050365
46	55	0.050362
22	58	0.050357
32	60	0.050355
52	58	0.050353
59	64	0.05035
16	62	0.050348
41	59	0.050342
29	59	0.050339
32	57	0.050336
58	62	0.050336
53	57	0.050333
38	72	0.050331
26	32	0.05033
8	67	0.050328
45	57	0.050327
26	53	0.050327
26	38	0.050327
8	11	0.050326
15	58	0.050323
47	61	0.05032
25	73	0.050311
38	60	0.050309
16	30	0.050305
59	69	0.050304
16	68	0.050304
8	72	0.050301
25	37	0.050301
4	59	0.0503
8	68	0.050298
21	65	0.050295
48	50	0.050294
30	58	0.050292
38	47	0.050292
44	61	0.050291
36	59	0.05029
8	39	0.05029
38	57	0.050288
8	24	0.050287
8	50	0.050284
8	31	0.050283
9	20	0.050283
5	8	0.050283
8	51	0.050281
8	63	0.05028
8	66	0.050279
21	43	0.050279
21	40	0.050274
7	8	0.05027
34	55	0.050263
12	59	0.050255
70	73	0.050253
32	44	0.050252
44	53	0.050248
16	71	0.050245
21	49	0.050242
15	42	0.05024
46	54	0.050239
8	64	0.050236
61	73	0.050231
12	21	0.050229
8	41	0.050227
8	29	0.050224
37	61	0.05022
16	65	0.050213
21	28	0.050213
21	42	0.05021
6	21	0.050208
23	59	0.050207
5	45	0.050203
38	44	0.0502
58	65	0.050199
16	43	0.050196
47	73	0.050195
16	40	0.050192
53	73	0.050185
8	69	0.050185
37	47	0.050183
43	58	0.050182
26	62	0.05018
4	8	0.05018
45	73	0.050179
40	58	0.050177
37	53	0.050174
8	36	0.050169
37	45	0.050167
13	16	0.050167
32	62	0.050159
20	27	0.050157
13	58	0.050152
46	52	0.050148
20	22	0.050145
2	32	0.050143
49	58	0.050141
20	52	0.050139
38	73	0.050135
8	12	0.05013
34	54	0.050128
16	28	0.050126
21	67	0.050126
9	55	0.050125
11	21	0.050123
16	42	0.050122
6	16	0.05012
26	63	0.05012
20	62	0.050118
1	21	0.050116
15	67	0.050114
28	58	0.05011
48	58	0.05011
35	55	0.050108
42	58	0.050107
6	58	0.050105
10	61	0.050094
21	72	0.050093
21	68	0.050089
21	39	0.05008
21	24	0.050076
8	23	0.050076
23	57	0.050075
21	50	0.050073
21	31	0.050072
5	21	0.050071
21	51	0.050069
21	63	0.050068
37	66	0.050067
21	66	0.050067
7	21	0.050056
10	47	0.050053
15	20	0.050051
10	32	0.050047
34	60	0.050044
26	56	0.050043
10	53	0.050043
26	68	0.050042
16	67	0.050032
11	16	0.050028
5	67	0.050021
1	16	0.05002
58	67	0.050015
21	64	0.050014
13	20	0.050013
11	58	0.050011
8	70	0.050006
21	41	0.050004
1	58	0.050004
21	29	0.05
3	8	0.04999
4	37	0.04999
43	48	0.04999
10	38	0.049986
16	39	0.049982
27	55	0.049979
58	72	0.049979
16	24	0.049978
58	68	0.049974
16	31	0.049973
5	16	0.049972
16	51	0.04997
16	63	0.04997
22	55	0.049966
39	58	0.049965
24	58	0.049961
50	58	0.049957
7	16	0.049956
31	58	0.049956
5	58	0.049955
21	69	0.049953
35	54	0.049953
51	58	0.049952
20	65	0.049952
58	63	0.049952
58	66	0.04995
37	46	0.04995
34	46	0.04995
4	21	0.049947
7	58	0.049939
48	52	0.049934
20	43	0.049931
49	57	0.049929
20	40	0.049925
34	44	0.049907
25	61	0.049902
16	41	0.049901
16	29	0.049896
58	64	0.049893
1	4	0.04989
19	46	0.049884
41	58	0.049882
20	49	0.049882
48	57	0.049882
4	32	0.04988
1	45	0.049879
29	58	0.049878
9	60	0.049877
30	55	0.049874
48	64	0.049872
48	56	0.049865
56	73	0.049862
35	60	0.049857
25	47	0.049854
37	56	0.049847
16	69	0.049845
20	28	0.049844
20	48	0.049843
25	53	0.049843
20	42	0.04984
4	16	0.049839
6	20	0.049837
60	66	0.049831
35	57	0.049827
58	69	0.049826
16	36	0.049825
2	21	0.049823
4	60	0.049821
4	58	0.04982
26	35	0.049818
34	37	0.049809
27	54	0.049809
36	58	0.049806
10	46	0.049794
22	54	0.049793
5	20	0.049789
52	54	0.049786
25	38	0.049777
12	16	0.049774
54	62	0.049759
12	58	0.049754
27	44	0.049747
55	65	0.049744
15	54	0.049744
18	73	0.049741
21	70	0.049738
32	61	0.049731
20	67	0.049728
1	25	0.049726
19	37	0.049726
11	20	0.049724
3	21	0.04972
43	55	0.049719
45	61	0.049717
1	20	0.049714
40	55	0.049713
51	56	0.049711
39	44	0.049711
35	68	0.04971
16	23	0.049705
35	44	0.0497
58	71	0.049697
13	38	0.049692
30	54	0.04969
22	60	0.049686
23	58	0.049684
2	58	0.049684
10	56	0.049679
20	68	0.049679
13	55	0.049678
52	60	0.049678
20	39	0.049667
32	53	0.049664
49	55	0.049663
20	24	0.049662
26	27	0.049659
20	50	0.049657
20	31	0.049656
32	45	0.049655
38	61	0.049655
22	57	0.049652
20	51	0.049652
20	63	0.049651
45	53	0.04965
20	66	0.049649
60	62	0.049649
12	57	0.049648
52	57	0.049645
22	26	0.049642
10	34	0.049636
7	20	0.049635
26	52	0.049635
9	73	0.049629
28	55	0.049619
48	55	0.049618
57	62	0.049615
42	55	0.049614
16	70	0.049614
9	37	0.049612
6	55	0.049612
44	51	0.049608
3	16	0.049594
58	70	0.049592
38	53	0.049585
52	56	0.049584
20	64	0.04958
30	60	0.049576
3	58	0.049571
20	41	0.049566
20	29	0.049561
1	69	0.049559
18	25	0.049556
15	60	0.049555
25	46	0.049555
2	60	0.04955
68	69	0.049547
10	19	0.049544
10	18	0.049543
54	65	0.049543
15	45	0.049542
30	57	0.04954
26	30	0.049529
43	54	0.049516
40	54	0.049508
44	52	0.049503
20	69	0.049498
4	20	0.04949
55	67	0.049486
11	55	0.049481
45	70	0.049478
20	36	0.049474
40	46	0.049472
44	62	0.04947
13	54	0.049469
31	44	0.049465
49	54	0.049452
63	72	0.049448
43	46	0.049448
38	46	0.049436
55	72	0.049435
55	68	0.049429
27	73	0.049424
60	65	0.049419
9	10	0.049417
1	60	0.049417
46	61	0.049416
39	55	0.049416
12	20	0.04941
24	55	0.04941
41	47	0.049409
27	37	0.049405
22	73	0.049405
50	55	0.049405
28	54	0.049403
31	55	0.049403
5	55	0.049402
22	49	0.049399
4	44	0.049399
51	55	0.049398
55	63	0.049398
42	54	0.049398
52	73	0.049396
55	66	0.049395
6	54	0.049395
1	34	0.049393
10	35	0.049391
43	60	0.049389
30	44	0.049389
22	37	0.049386
40	60	0.049381
20	70	0.049381
57	65	0.04938
25	70	0.04938
7	55	0.049379
37	52	0.049377
26	65	0.049368
15	44	0.049367
62	73	0.049362
1	54	0.049358
43	45	0.049346
37	62	0.049342
40	57	0.049342
20	71	0.049341
13	60	0.049339
47	67	0.049339
12	44	0.049331
26	40	0.04933
20	23	0.049325
2	20	0.049325
7	73	0.049325
49	60	0.049321
55	64	0.049315
6	52	0.049311
38	65	0.049309
41	55	0.0493
13	57	0.049299
29	55	0.049294
5	56	0.049279
6	26	0.049278
66	73	0.049277
30	73	0.049276
32	35	0.049275
46	69	0.049274
15	61	0.049274
28	60	0.049269
26	49	0.049268
48	60	0.049268
19	25	0.049267
42	60	0.049263
6	60	0.04926
30	37	0.049256
54	67	0.049253
15	73	0.049252
11	54	0.049248
13	53	0.049242
51	54	0.049237
12	34	0.049233
15	37	0.049232
28	57	0.049227
55	69	0.049222
42	57	0.049221
34	61	0.04922
6	57	0.049218
44	65	0.049216
13	61	0.049215
26	28	0.049215
4	55	0.049213
26	42	0.049209
32	56	0.049195
36	55	0.049194
54	68	0.049189
10	27	0.049188
71	73	0.049185
19	43	0.049181
45	56	0.049176
40	44	0.049175
39	54	0.049174
24	54	0.049168
10	22	0.049166
32	48	0.049165
38	69	0.049163
50	54	0.049162
31	54	0.04916
5	54	0.049158
10	52	0.049156
44	67	0.049155
54	63	0.049154
54	66	0.049151
32	34	0.04914
34	65	0.049136
34	53	0.049133
7	54	0.049133
43	47	0.049131
12	55	0.049121
34	45	0.049121
9	25	0.049121
10	62	0.049118
44	49	0.049108
60	67	0.049108
11	60	0.049102
18	22	0.049098
38	56	0.049093
65	73	0.049093
25	35	0.04909
25	71	0.049083
4	28	0.049081
19	52	0.049077
12	46	0.049072
37	65	0.049071
57	67	0.049063
45	72	0.049062
54	64	0.049061
43	73	0.049059
11	57	0.049058
15	53	0.049055
28	44	0.049051
26	67	0.04905
40	73	0.049049
44	48	0.049049
60	72	0.049048
10	24	0.049047
41	54	0.049044
1	57	0.049044
42	44	0.049044
55	71	0.049041
6	44	0.04904
60	68	0.04904
29	54	0.049037
34	38	0.049036
37	43	0.049036
1	26	0.04903
37	40	0.049027
39	60	0.049024
23	55	0.049023
2	55	0.049023
10	30	0.049022
19	32	0.049021
18	32	0.04902
24	60	0.049017
46	56	0.049013
50	60	0.049011
31	60	0.049009
5	60	0.049007
15	25	0.049004
51	60	0.049003
60	63	0.049002
57	72	0.049002
13	73	0.049001
10	15	0.048995
57	68	0.048994
7	60	0.04898
49	73	0.048979
67	68	0.048979
39	57	0.048978
13	37	0.048977
24	57	0.048971
50	57	0.048964
26	39	0.048964
31	57	0.048962
5	57	0.048961
54	69	0.048956
37	49	0.048956
57	66	0.048953
26	50	0.04895
38	70	0.048949
9	61	0.048948
26	31	0.048948
5	26	0.048946
4	54	0.048946
26	66	0.048938
7	57	0.048933
36	54	0.048924
28	73	0.048918
7	26	0.048918
48	73	0.048917
37	41	0.048915
35	61	0.048915
19	38	0.048912
42	73	0.048911
18	38	0.048911
52	53	0.048909
6	73	0.048908
60	64	0.048903
55	70	0.048894
28	37	0.048894
37	48	0.048893
37	42	0.048887
41	60	0.048885
6	37	0.048883
29	60	0.048878
32	40	0.048877
24	38	0.04887
9	47	0.04887
3	18	0.048869
11	44	0.048867
3	55	0.048866
18	62	0.048863
9	32	0.048858
25	27	0.048856
57	64	0.048855
1	44	0.048852
9	53	0.04885
12	54	0.048843
26	64	0.04884
41	57	0.048836
35	47	0.048836
22	25	0.048831
29	57	0.048829
26	41	0.048821
25	52	0.04882
10	65	0.048816
35	53	0.048816
26	29	0.048814
44	72	0.048806
38	63	0.048802
44	68	0.048798
3	60	0.048795
11	48	0.048784
10	43	0.048778
9	35	0.048777
25	62	0.048776
24	44	0.048773
10	40	0.048767
44	50	0.048765
5	44	0.048762
44	63	0.048756
54	71	0.048753
44	66	0.048753
9	38	0.048741
57	69	0.04874
23	54	0.048733
2	54	0.048733
7	44	0.048731
67	73	0.048731
4	57	0.048729
26	69	0.048725
11	73	0.048724
29	45	0.048716
10	13	0.048712
18	63	0.048709
39	73	0.048706
36	57	0.048706
53	72	0.048705
37	67	0.048705
18	43	0.048703
36	44	0.048699
11	37	0.048698
26	36	0.04869
10	49	0.048688
46	62	0.048683
1	37	0.048682
38	67	0.048673
12	60	0.04867
25	30	0.048665
27	61	0.048663
68	73	0.048651
44	64	0.048647
22	61	0.048636
37	72	0.048634
41	44	0.048627
24	73	0.048625
37	68	0.048625
10	28	0.04862
29	44	0.048619
10	48	0.048618
50	73	0.048617
31	73	0.048615
5	73	0.048613
10	42	0.048612
6	10	0.048608
63	73	0.048607
37	39	0.048606
10	70	0.048604
24	37	0.048598
15	40	0.048593
37	50	0.04859
54	70	0.048588
31	37	0.048588
5	37	0.048586
37	51	0.048581
38	40	0.04858
37	63	0.04858
27	47	0.048576
60	71	0.048574
47	69	0.04857
27	32	0.048562
23	34	0.048559
2	3	0.048558
3	54	0.048556
27	53	0.048554
7	37	0.048554
23	60	0.048553
25	67	0.048548
15	29	0.048544
27	45	0.048538
47	52	0.048535
22	32	0.048534
25	48	0.048527
22	53	0.048526
32	52	0.048521
57	71	0.048519
31	45	0.048517
34	56	0.048516
15	52	0.048515
30	38	0.048503
3	19	0.048502
26	71	0.048502
45	52	0.048497
2	57	0.048497
24	66	0.048497
64	73	0.048492
6	47	0.048491
27	48	0.04849
47	62	0.048486
32	65	0.048481
2	26	0.04848
19	34	0.048475
41	73	0.048471
37	64	0.048464
29	73	0.048462
30	61	0.048457
35	66	0.048457
45	50	0.048449
45	62	0.048448
7	47	0.048444
29	37	0.048433
27	38	0.048432
25	65	0.048428
36	40	0.048425
10	67	0.04841
12	24	0.048404
22	38	0.048402
10	11	0.048402
38	52	0.048389
13	36	0.048386
1	10	0.048385
25	43	0.048384
9	34	0.048381
11	34	0.04838
9	46	0.048374
25	40	0.048372
44	70	0.048371
30	47	0.048363
36	45	0.048363
69	73	0.048361
15	30	0.048352
4	73	0.048348
30	32	0.048348
30	53	0.04834
57	70	0.04834
38	62	0.048338
37	69	0.048331
10	72	0.048331
30	45	0.048323
26	70	0.048322
10	68	0.048321
15	32	0.048314
40	62	0.04831
3	57	0.048305
1	53	0.048303
10	39	0.0483
18	34	0.048287
3	26	0.048287
44	71	0.048284
10	50	0.048282
25	49	0.048281
10	31	0.04828
5	10	0.048278
10	51	0.048272
10	63	0.048271
22	31	0.048268
10	66	0.048268
2	44	0.04826
7	10	0.048242
38	64	0.048237
48	71	0.048232
56	68	0.048231
37	70	0.048226
12	73	0.04822
25	28	0.048203
56	72	0.048202
61	65	0.048202
25	42	0.048193
12	37	0.048189
6	25	0.048189
35	63	0.048174
15	38	0.048172
5	32	0.048156
43	61	0.048155
15	34	0.048143
10	64	0.048142
40	61	0.048142
10	41	0.048118
35	56	0.048112
10	29	0.048109
47	65	0.0481
42	52	0.048091
23	73	0.048084
2	73	0.048083
37	71	0.048076
38	51	0.048069
45	65	0.048057
32	69	0.048052
5	35	0.048052
23	37	0.048051
2	37	0.048051
49	61	0.048045
40	47	0.048038
32	43	0.048035
41	45	0.048025
43	53	0.048025
27	46	0.048023
40	53	0.048012
11	72	0.048007
10	69	0.047995
40	45	0.047993
7	43	0.047982
4	10	0.047981
46	51	0.047972
43	49	0.047971
32	39	0.04797
28	61	0.04796
9	67	0.047955
12	47	0.047952
10	36	0.047951
13	32	0.047951
42	61	0.04795
6	61	0.047945
71	72	0.047944
28	32	0.047942
47	49	0.047938
35	64	0.047934
34	68	0.047934
56	64	0.047928
19	70	0.047922
32	49	0.047921
49	53	0.047911
2	35	0.047894
38	43	0.04788
25	72	0.04787
31	34	0.047867
25	68	0.047859
19	35	0.047853
18	35	0.047851
28	47	0.04785
42	47	0.04784
10	12	0.047838
25	39	0.047834
19	62	0.047834
22	62	0.047832
3	37	0.047829
29	52	0.047827
28	53	0.047823
32	42	0.047823
6	32	0.047817
25	50	0.047814
42	53	0.047812
25	31	0.047812
5	25	0.047809
29	62	0.047809
6	53	0.047807
28	45	0.047803
25	51	0.047803
25	63	0.047802
45	48	0.047801
25	66	0.047797
40	48	0.047797
42	45	0.047793
6	45	0.047788
27	56	0.047778
30	46	0.047769
9	39	0.047768
7	25	0.047768
22	56	0.047743
34	50	0.047728
1	7	0.04772
10	71	0.047713
61	67	0.0477
11	61	0.047691
10	23	0.047685
2	10	0.047685
1	61	0.047669
28	38	0.047669
38	48	0.047667
56	62	0.047664
40	52	0.04766
38	42	0.047658
25	64	0.047653
6	38	0.047653
22	34	0.047652
34	52	0.047635
25	41	0.047626
23	46	0.047625
22	52	0.047621
25	29	0.047615
46	71	0.047608
61	72	0.047603
61	68	0.04759
47	66	0.047579
34	62	0.047571
39	61	0.047564
32	67	0.047563
45	66	0.047561
2	56	0.047555
24	61	0.047554
53	67	0.047552
15	23	0.047552
1	47	0.04755
11	53	0.047543
50	61	0.047543
1	62	0.047542
31	61	0.04754
5	61	0.047537
15	24	0.047537
2	46	0.047537
1	32	0.047532
51	61	0.04753
45	64	0.04753
61	63	0.047529
61	66	0.047524
5	65	0.047523
30	56	0.047506
50	67	0.047502
19	27	0.047494
7	61	0.047493
18	27	0.047492
25	69	0.047485
11	65	0.047482
47	72	0.047481
5	48	0.047476
47	68	0.047475
4	25	0.047469
32	72	0.047462
32	70	0.047458
19	22	0.047455
46	65	0.047455
15	72	0.047447
39	47	0.047442
53	68	0.047438
25	36	0.047434
2	34	0.047433
42	62	0.047428
18	65	0.047428
47	50	0.04742
31	47	0.047417
39	53	0.047411
47	51	0.047407
47	63	0.047406
29	47	0.047404
35	51	0.047403
32	50	0.0474
24	53	0.0474
31	32	0.047397
39	45	0.04739
50	53	0.047389
32	51	0.047388
32	63	0.047386
31	53	0.047386
5	53	0.047383
32	66	0.047381
11	38	0.047378
51	53	0.047376
53	63	0.047375
53	66	0.04737
61	64	0.04737
2	25	0.047367
45	51	0.047354
45	63	0.047353
7	32	0.047349
50	56	0.047348
41	61	0.04734
7	53	0.047337
29	61	0.047328
13	56	0.047315
12	25	0.047304
39	46	0.047296
13	52	0.047282
38	68	0.047269
46	49	0.047261
31	52	0.04726
24	65	0.047257
47	64	0.047241
9	27	0.047226
19	51	0.047222
32	64	0.047221
31	38	0.047214
5	38	0.047211
53	64	0.047209
19	30	0.047201
18	30	0.047198
38	66	0.047197
32	41	0.047191
61	69	0.047189
46	66	0.047179
41	53	0.047179
29	32	0.047178
15	41	0.047173
4	61	0.047172
56	65	0.04717
27	35	0.047169
29	53	0.047166
7	38	0.047163
15	64	0.047162
28	46	0.047156
42	46	0.047144
6	46	0.047138
36	61	0.047134
15	62	0.047133
23	25	0.047129
35	71	0.047126
36	41	0.047123
18	49	0.047111
31	62	0.04711
35	52	0.047109
43	56	0.047108
13	62	0.047105
40	56	0.047091
2	47	0.047077
30	64	0.047073
5	6	0.047053
22	23	0.047051
34	49	0.047039
4	47	0.047037
35	62	0.047036
18	72	0.047024
53	69	0.047021
22	48	0.047009
4	53	0.047003
34	43	0.047001
38	41	0.046998
12	61	0.046994
65	71	0.046991
29	38	0.046985
36	53	0.046965
49	56	0.046963
46	70	0.046934
9	30	0.046913
28	67	0.046882
19	64	0.046877
29	34	0.046876
9	15	0.046862
28	56	0.046851
3	35	0.046851
3	25	0.046847
61	71	0.046841
19	65	0.046838
42	56	0.046838
46	67	0.046837
12	32	0.046832
6	56	0.046831
11	46	0.046826
11	66	0.046825
12	53	0.046819
23	61	0.046806
2	61	0.046806
15	35	0.046801
1	46	0.046799
22	71	0.046798
12	45	0.046794
39	40	0.046775
19	50	0.046758
18	36	0.046756
19	40	0.046753
18	40	0.04675
28	34	0.046738
7	46	0.046731
30	52	0.046729
34	42	0.046725
6	34	0.046718
46	72	0.046717
34	70	0.046716
46	68	0.046702
22	27	0.046697
47	71	0.046696
13	65	0.046691
6	72	0.046689
27	52	0.046676
29	49	0.046666
28	52	0.046662
23	47	0.046661
53	71	0.046659
24	46	0.046657
23	56	0.046657
36	65	0.046657
46	50	0.046644
31	46	0.04664
12	56	0.046639
23	32	0.046638
5	46	0.046637
35	49	0.046635
45	71	0.046634
46	63	0.046627
23	53	0.046624
12	38	0.046624
2	53	0.046623
19	49	0.046615
2	45	0.046598
27	62	0.046596
24	48	0.04659
30	43	0.046573
61	70	0.046558
24	40	0.04654
9	65	0.046527
13	48	0.046523
56	67	0.046509
3	61	0.046504
34	67	0.046501
40	43	0.046498
11	56	0.046497
19	28	0.046495
18	28	0.046493
19	42	0.046481
19	41	0.046479
18	42	0.046478
6	19	0.046474
6	18	0.046471
5	34	0.046463
35	65	0.046461
38	71	0.046457
9	43	0.046455
5	22	0.046454
41	48	0.046453
15	27	0.046448
9	40	0.046435
46	64	0.046432
15	63	0.046422
23	38	0.04642
2	38	0.04642
6	62	0.046417
40	72	0.046416
9	31	0.046411
47	70	0.046405
41	46	0.046396
27	30	0.046395
28	48	0.046392
35	43	0.046389
29	46	0.046381
31	41	0.046367
53	70	0.046366
15	50	0.046357
3	47	0.046349
22	30	0.046346
7	27	0.046335
39	56	0.046331
12	70	0.046322
24	56	0.046317
3	53	0.04631
31	56	0.046299
9	49	0.046289
56	63	0.046285
56	66	0.046279
43	63	0.046277
5	19	0.046274
13	35	0.046265
3	71	0.046262
30	62	0.046238
7	56	0.046238
64	67	0.046215
34	39	0.046206
43	66	0.046191
19	66	0.046167
22	64	0.046167
1	48	0.046166
15	68	0.046165
9	28	0.046161
34	51	0.046161
34	63	0.046159
9	48	0.046158
9	72	0.046147
9	42	0.046146
36	46	0.046143
19	67	0.046127
18	67	0.046125
11	19	0.046115
11	18	0.046112
56	71	0.046108
3	38	0.046093
28	35	0.04609
35	48	0.046087
7	18	0.046081
35	42	0.046075
6	35	0.046068
27	72	0.046057
7	72	0.046048
41	56	0.046038
29	56	0.046022
27	66	0.046014
24	49	0.046008
6	27	0.045986
19	68	0.045973
18	68	0.04597
27	65	0.045966
56	70	0.04595
6	15	0.04594
19	39	0.045936
18	39	0.045933
19	24	0.045921
4	67	0.045919
18	24	0.045918
34	41	0.045906
18	50	0.045903
19	31	0.045902
18	31	0.045899
5	18	0.045895
4	22	0.04589
52	65	0.045889
19	63	0.045887
18	66	0.045877
27	40	0.045864
56	69	0.045839
7	19	0.045835
22	43	0.045833
4	56	0.045816
29	43	0.045813
1	63	0.045811
22	40	0.045811
43	52	0.045808
62	65	0.045796
35	67	0.045794
36	56	0.045768
9	11	0.045755
13	27	0.045751
2	69	0.045746
35	50	0.045745
28	62	0.045727
65	68	0.045724
43	62	0.045714
34	69	0.045703
27	49	0.045701
4	34	0.045679
9	68	0.045674
3	56	0.045673
62	72	0.045663
18	64	0.045659
48	63	0.045657
65	67	0.04563
49	52	0.045621
18	41	0.045618
7	50	0.045614
51	64	0.045604
19	29	0.045604
18	29	0.045601
30	36	0.045589
6	24	0.045583
30	65	0.045563
27	28	0.04556
9	24	0.045549
6	28	0.045547
27	42	0.045543
27	36	0.045535
30	50	0.045534
9	50	0.045533
27	67	0.045526
5	9	0.045525
64	68	0.045524
49	62	0.045524
40	50	0.045518
9	51	0.045514
9	63	0.045513
9	66	0.045506
22	28	0.045503
31	40	0.045503
15	65	0.045497
3	6	0.045492
23	24	0.045489
35	39	0.045487
22	42	0.045486
6	22	0.045478
9	69	0.045475
18	69	0.045469
24	43	0.04546
7	9	0.045458
4	48	0.04544
29	65	0.045428
6	7	0.045426
1	52	0.045413
19	69	0.045407
36	51	0.045401
4	19	0.045383
4	18	0.04538
7	35	0.045379
1	40	0.045367
13	30	0.045332
19	36	0.045331
4	68	0.045323
24	27	0.045316
12	18	0.04531
30	49	0.045279
3	15	0.045278
9	64	0.045273
1	49	0.045272
34	71	0.045266
9	41	0.04523
39	48	0.045228
9	29	0.045212
15	49	0.045211
27	39	0.045172
52	72	0.045165
22	63	0.045151
35	41	0.045147
7	65	0.045146
6	66	0.045145
12	19	0.045134
29	35	0.045129
28	30	0.045128
30	48	0.045124
1	5	0.045113
11	27	0.04511
30	42	0.04511
6	30	0.045101
1	6	0.045085
49	69	0.045083
1	27	0.045074
22	67	0.045065
15	28	0.045058
30	39	0.04505
52	67	0.045037
11	52	0.045021
65	66	0.045014
1	22	0.045013
5	36	0.045012
30	31	0.044999
4	9	0.044977
22	51	0.044975
43	65	0.044974
48	51	0.044962
11	39	0.044962
40	65	0.044948
27	68	0.044943
12	52	0.044937
11	49	0.044932
2	65	0.044932
62	67	0.04493
24	30	0.044929
19	71	0.044919
35	69	0.044918
18	71	0.044915
11	62	0.044915
41	52	0.044914
4	49	0.044908
22	72	0.044901
4	35	0.044891
31	66	0.04489
24	39	0.044883
41	62	0.044874
19	23	0.044871
2	19	0.04487
18	23	0.044867
2	18	0.044867
27	50	0.044863
27	31	0.044859
5	27	0.044854
22	50	0.044853
52	68	0.044852
3	27	0.044847
27	51	0.044843
27	63	0.044841
29	31	0.044832
39	52	0.044808
24	52	0.04479
3	34	0.044787
50	52	0.044771
22	66	0.04477
5	52	0.044762
51	52	0.044751
52	63	0.044749
62	68	0.044742
52	66	0.044741
23	39	0.044724
13	43	0.044721
12	15	0.044718
7	22	0.044717
39	62	0.044698
13	40	0.044695
1	50	0.044693
7	52	0.044688
24	62	0.044679
7	51	0.044677
30	67	0.044663
50	62	0.044661
6	50	0.044652
5	62	0.044651
11	30	0.044647
51	62	0.04464
62	63	0.044638
40	49	0.044637
22	69	0.044634
62	66	0.04463
12	35	0.044623
1	30	0.044609
27	29	0.044607
28	65	0.044596
48	65	0.044592
42	65	0.044577
27	64	0.044576
7	62	0.044576
6	65	0.044567
1	66	0.044564
36	49	0.044548
30	72	0.044529
27	41	0.044528
18	70	0.04452
12	62	0.044507
15	39	0.044501
13	49	0.0445
28	43	0.044497
9	71	0.044483
52	64	0.04448
42	43	0.044478
64	66	0.044473
28	40	0.04447
6	43	0.044468
30	68	0.044468
22	41	0.044462
40	42	0.044451
22	29	0.044441
6	40	0.044441
2	9	0.044431
50	66	0.044411
12	65	0.044404
49	72	0.044393
36	50	0.04439
3	22	0.044382
5	30	0.044373
36	68	0.044373
28	63	0.044368
62	64	0.044365
30	51	0.044361
30	63	0.044359
30	66	0.044351
42	67	0.044344
23	35	0.04434
67	69	0.044331
13	28	0.04433
13	42	0.04431
15	31	0.0443
12	22	0.0443
6	13	0.0443
5	15	0.044295
7	30	0.044295
15	51	0.044283
50	72	0.044281
27	69	0.044277
15	66	0.044273
28	49	0.044269
1	28	0.044269
48	49	0.044265
42	49	0.044249
4	27	0.044248
6	49	0.044239
41	49	0.044235
11	12	0.044221
7	15	0.044216
11	50	0.044197
39	43	0.044193
1	24	0.044188
52	69	0.044177
1	11	0.044173
41	71	0.044168
4	52	0.044148
29	48	0.044139
3	9	0.044134
4	36	0.044116
6	11	0.044109
66	67	0.044107
36	52	0.044086
9	70	0.044064
62	69	0.044057
6	42	0.044042
11	43	0.044041
1	65	0.044036
4	62	0.044028
30	41	0.044024
1	42	0.044024
1	3	0.04402
23	64	0.044011
29	30	0.044003
43	67	0.043989
62	71	0.043985
35	70	0.043967
36	62	0.043964
40	64	0.043963
40	67	0.04396
12	27	0.043955
6	70	0.043952
66	72	0.04395
11	40	0.043942
36	72	0.04394
1	43	0.04393
2	22	0.043912
65	72	0.043907
43	50	0.043906
4	15	0.043902
27	70	0.043895
13	71	0.043862
12	69	0.043849
40	66	0.043843
39	65	0.043834
7	11	0.04382
50	68	0.043816
7	24	0.043811
13	67	0.04381
51	72	0.043808
41	43	0.043802
31	72	0.043802
43	72	0.043799
43	51	0.043795
50	65	0.043792
31	65	0.043787
15	70	0.04378
43	68	0.043776
51	65	0.043769
63	65	0.043767
11	64	0.043758
30	69	0.043756
62	70	0.043752
1	13	0.043749
40	68	0.043746
49	67	0.043745
4	30	0.043725
15	69	0.043708
27	71	0.043702
31	43	0.043678
5	43	0.043672
67	72	0.043658
41	67	0.043648
23	27	0.043646
2	27	0.043645
5	40	0.043642
2	52	0.043641
40	51	0.043629
22	70	0.043628
40	63	0.043627
63	66	0.043618
7	40	0.043612
2	24	0.043607
29	36	0.043599
52	71	0.043595
13	68	0.043592
7	13	0.043587
15	36	0.043575
13	39	0.04354
11	28	0.043539
23	52	0.043538
49	68	0.043525
11	42	0.043517
41	65	0.0435
6	68	0.0435
13	50	0.043497
13	31	0.043492
5	13	0.043486
39	64	0.043483
28	71	0.043474
13	51	0.043473
39	49	0.043473
13	63	0.043471
11	31	0.043462
64	65	0.043462
13	66	0.043461
43	69	0.043435
49	50	0.04343
31	49	0.043424
29	67	0.043423
5	49	0.043419
12	30	0.043413
7	67	0.043409
23	62	0.043408
2	62	0.043408
49	51	0.043405
49	63	0.043403
11	68	0.043394
48	68	0.043385
39	63	0.043372
28	72	0.043358
43	64	0.043348
23	70	0.043343
42	72	0.043336
1	31	0.043335
28	68	0.043333
2	15	0.043331
52	70	0.043322
2	6	0.043317
42	68	0.04331
7	64	0.043305
49	71	0.043291
28	39	0.04328
40	41	0.04326
24	28	0.043258
39	42	0.043257
6	39	0.043246
5	64	0.043243
29	40	0.043237
28	50	0.043235
24	42	0.043235
28	31	0.04323
2	67	0.043229
1	51	0.043226
31	48	0.043225
5	28	0.043224
42	50	0.043213
28	51	0.04321
5	12	0.043209
4	6	0.043208
31	42	0.043207
5	42	0.043201
28	66	0.043198
6	31	0.043196
48	66	0.043194
42	51	0.043187
42	63	0.043185
6	51	0.043176
42	66	0.043175
6	63	0.043174
13	64	0.043155
30	71	0.043143
7	28	0.043134
7	48	0.043129
65	69	0.043117
7	42	0.043111
13	41	0.043097
39	50	0.043085
49	64	0.043084
4	65	0.043084
23	30	0.043083
2	30	0.043082
13	29	0.043073
3	52	0.043035
4	43	0.04303
12	48	0.043025
51	66	0.043022
24	71	0.043006
6	64	0.042989
40	69	0.042967
11	67	0.042966
4	40	0.042933
1	67	0.042919
3	62	0.042898
1	64	0.042896
28	64	0.042883
43	71	0.042875
6	29	0.042865
42	64	0.042859
4	72	0.042849
28	41	0.042823
41	42	0.042799
28	29	0.042799
13	69	0.042798
6	41	0.042787
5	70	0.042777
29	42	0.042775
7	63	0.042766
4	13	0.042764
39	67	0.04269
1	68	0.042678
24	67	0.042666
12	64	0.042651
30	70	0.042649
31	67	0.042636
12	43	0.042625
1	39	0.04262
51	67	0.042616
63	67	0.042613
11	41	0.04261
5	11	0.04261
11	51	0.042595
11	63	0.042592
12	40	0.042591
24	31	0.042579
3	30	0.042554
48	69	0.042549
3	5	0.042548
68	72	0.042528
28	69	0.042515
12	63	0.042514
50	63	0.042501
42	69	0.04249
3	42	0.042485
6	69	0.042478
24	63	0.042477
4	31	0.042474
39	72	0.04247
5	50	0.042469
4	42	0.042455
2	49	0.042455
39	68	0.042442
1	36	0.042431
24	68	0.042418
5	72	0.042409
28	36	0.042405
36	48	0.042399
23	65	0.042393
31	68	0.042387
1	41	0.042386
36	42	0.04238
1	29	0.042369
6	36	0.042367
51	68	0.042366
11	23	0.042365
63	68	0.042364
24	51	0.042358
66	68	0.042353
36	69	0.042352
1	70	0.042342
12	49	0.04234
43	70	0.04233
3	43	0.042327
5	39	0.042322
3	65	0.042321
64	72	0.042314
24	50	0.04231
39	51	0.042307
5	24	0.042298
40	71	0.042296
39	66	0.042294
7	68	0.042283
31	50	0.042279
5	31	0.042267
23	43	0.042265
2	43	0.042264
50	51	0.042258
31	51	0.042252
31	63	0.042249
5	51	0.042246
5	63	0.042243
5	66	0.042232
23	40	0.04223
2	40	0.042229
7	39	0.042223
2	13	0.042216
29	39	0.04217
7	31	0.042167
5	7	0.042161
4	24	0.042155
11	29	0.042155
4	71	0.042151
39	41	0.04215
23	48	0.042147
12	28	0.042122
41	50	0.042103
12	42	0.042096
6	12	0.042083
23	63	0.042073
65	70	0.042052
2	36	0.042016
1	23	0.041997
41	72	0.041972
23	49	0.04197
42	71	0.041947
29	50	0.041945
29	72	0.041945
41	68	0.041943
24	64	0.041921
29	68	0.041916
31	64	0.041889
6	23	0.041873
63	64	0.041864
24	41	0.041856
11	69	0.041852
2	28	0.041851
24	29	0.041829
5	41	0.041817
4	11	0.041815
41	51	0.041801
41	63	0.041799
1	12	0.041796
5	29	0.04179
41	66	0.041787
3	67	0.041775
2	41	0.041774
29	51	0.041774
6	71	0.041772
12	39	0.041772
29	63	0.041771
29	66	0.04176
36	67	0.041757
40	70	0.041756
12	68	0.041754
23	28	0.041743
64	69	0.041743
31	70	0.041727
23	42	0.041717
2	42	0.041716
7	41	0.041713
24	69	0.041706
7	29	0.041686
2	4	0.041685
3	40	0.041652
69	72	0.041636
39	71	0.041636
4	63	0.041573
13	70	0.041566
39	69	0.041543
12	66	0.041542
3	48	0.041533
67	71	0.041528
4	39	0.041504
50	69	0.04149
49	70	0.041484
31	69	0.041484
3	13	0.04146
51	69	0.04146
63	69	0.041458
12	67	0.041456
4	50	0.041451
66	69	0.041446
41	64	0.041423
4	51	0.041421
4	66	0.041407
3	23	0.0414
29	64	0.041395
3	49	0.041377
7	69	0.041369
4	7	0.04133
36	66	0.041324
29	71	0.041299
28	70	0.041247
7	36	0.041246
48	70	0.041241
23	72	0.041221
42	70	0.041219
29	70	0.041213
12	72	0.041208
31	71	0.041193
2	39	0.041171
3	28	0.041138
68	70	0.041137
4	41	0.041121
11	71	0.041103
2	51	0.04108
12	50	0.041056
23	67	0.041054
12	31	0.04105
4	64	0.04103
2	11	0.041029
12	51	0.041025
41	69	0.040999
39	70	0.040985
29	69	0.04097
7	12	0.040931
4	29	0.04093
68	71	0.04084
12	71	0.04081
23	31	0.040793
23	68	0.040765
2	68	0.040764
50	71	0.040715
69	71	0.040712
23	69	0.040712
5	71	0.040701
51	71	0.040684
63	71	0.040681
66	71	0.040668
23	50	0.04064
2	50	0.040639
2	29	0.040634
2	31	0.040632
5	23	0.040626
2	5	0.040625
3	72	0.040617
23	51	0.040608
2	63	0.040604
23	66	0.040593
2	66	0.040591
7	71	0.040586
12	41	0.040547
67	70	0.040526
12	29	0.040517
7	23	0.04051
2	7	0.040509
11	70	0.040501
3	11	0.040385
64	71	0.040267
70	72	0.040258
2	64	0.040187
24	70	0.040124
4	12	0.040124
23	41	0.040112
3	68	0.040106
50	70	0.040094
23	29	0.040081
2	12	0.040076
51	70	0.040061
63	70	0.040058
66	70	0.040045
3	39	0.040034
12	36	0.040031
3	24	0.040005
3	50	0.039974
3	31	0.039967
7	70	0.039959
3	51	0.039941
3	63	0.039938
3	66	0.039925
3	41	0.039912
3	29	0.039845
3	7	0.039838
41	70	0.039792
4	23	0.039675
36	71	0.039661
64	70	0.039623
23	36	0.039579
3	64	0.039499
3	12	0.039146
23	71	0.038827
2	23	0.038739