#==========================================================================
# The first and second rows contain site pairs (i, j) such that j > i
# The third row contains coevolutionary scores obtained 
# using PSICOV algorithm.
# Note that in this data sites are counted/labelled starting from 1
#==========================================================================
18	23	0.903998
47	54	0.903978
46	55	0.903978
28	66	0.90396
30	64	0.903955
29	65	0.903949
17	24	0.903883
48	53	0.903668
16	25	0.903562
31	63	0.903315
44	57	0.903057
27	67	0.901694
32	62	0.895714
33	61	0.894846
45	56	0.413289
36	58	0.360607
92	93	0.338544
19	21	0.253923
37	58	0.252254
36	37	0.251699
89	91	0.250481
91	94	0.243746
37	43	0.239974
91	92	0.231737
36	43	0.227257
43	58	0.226949
3	13	0.205118
88	91	0.191932
91	93	0.188011
93	95	0.185858
49	51	0.173578
86	92	0.166786
88	90	0.162701
92	94	0.156998
90	93	0.156888
90	92	0.153151
89	92	0.14789
41	43	0.144076
37	41	0.140179
37	45	0.138582
56	58	0.136757
2	3	0.136053
87	91	0.134946
36	56	0.133914
45	58	0.133756
1	13	0.133701
36	45	0.132869
41	58	0.132427
43	45	0.131863
89	93	0.129684
2	62	0.128045
36	41	0.126848
50	51	0.126464
1	69	0.124985
87	93	0.120445
86	93	0.11933
87	94	0.118623
94	96	0.116454
84	87	0.115477
90	99	0.111366
37	56	0.110253
15	69	0.108899
2	32	0.108753
70	72	0.108114
43	56	0.107384
2	14	0.106826
88	93	0.106138
91	98	0.105858
51	52	0.10548
93	94	0.104796
89	90	0.103415
87	89	0.102885
88	92	0.101893
88	96	0.10048
49	50	0.100061
93	99	0.09872
84	90	0.097885
86	91	0.097093
15	26	0.09658
41	45	0.095146
42	43	0.092457
89	95	0.09236
14	43	0.092117
27	51	0.091266
84	91	0.091257
85	88	0.091072
40	61	0.090871
2	43	0.090517
40	52	0.090504
90	95	0.089981
42	67	0.089229
68	69	0.088972
27	49	0.088738
84	85	0.087894
90	91	0.087703
83	88	0.087392
22	23	0.086935
32	44	0.085705
31	42	0.085664
37	42	0.085171
1	71	0.085056
51	53	0.084558
51	67	0.084407
24	32	0.084392
14	45	0.083668
3	68	0.083046
82	84	0.08303
85	86	0.082013
49	52	0.081971
32	57	0.081959
15	70	0.081909
95	96	0.081798
50	52	0.081424
14	58	0.081297
18	22	0.081245
13	71	0.081156
83	85	0.081118
1	66	0.080187
14	36	0.079604
1	15	0.079356
96	97	0.079315
93	98	0.079156
86	89	0.078121
40	42	0.078001
95	99	0.077759
68	72	0.077741
90	94	0.077127
19	20	0.076832
65	68	0.076783
45	62	0.076459
15	54	0.076402
15	68	0.076152
14	37	0.076112
2	64	0.075696
91	99	0.075512
2	37	0.075445
88	89	0.075048
94	98	0.074906
21	22	0.074748
75	76	0.074654
68	94	0.074642
1	49	0.074632
98	99	0.074331
27	50	0.074269
27	68	0.074245
85	95	0.07376
91	95	0.073514
86	88	0.073496
84	93	0.073412
97	99	0.073379
24	40	0.073355
82	95	0.073162
87	90	0.07304
52	74	0.072786
86	95	0.072775
47	66	0.072675
83	89	0.072528
2	58	0.072465
42	52	0.071989
42	58	0.071859
41	57	0.071819
86	99	0.071685
20	21	0.071419
58	71	0.071335
87	92	0.071318
30	42	0.071266
13	53	0.070997
95	97	0.070954
61	68	0.070925
3	42	0.070782
3	57	0.070651
87	88	0.07059
71	77	0.070547
2	45	0.070372
84	88	0.070027
2	36	0.069891
41	56	0.069797
91	97	0.069666
3	43	0.069552
94	97	0.069488
15	24	0.069455
2	57	0.069187
19	69	0.06905
67	76	0.069024
92	98	0.068931
3	22	0.068852
92	95	0.068696
96	98	0.068481
36	42	0.068325
40	50	0.068024
40	68	0.068003
65	73	0.067958
92	99	0.067874
2	56	0.067819
3	96	0.067671
43	57	0.06753
70	71	0.067515
14	56	0.067499
19	22	0.067445
14	62	0.0673
32	64	0.067214
14	71	0.067148
31	64	0.06708
86	97	0.067029
42	63	0.067003
50	67	0.066982
3	36	0.06686
74	77	0.066765
14	31	0.066621
49	70	0.066591
90	96	0.066537
26	29	0.066403
88	95	0.066328
26	57	0.066312
2	44	0.066235
15	41	0.066132
43	44	0.066009
74	76	0.065812
73	90	0.065773
1	51	0.065723
97	98	0.065716
1	29	0.065693
36	71	0.065555
3	44	0.065528
31	40	0.065493
14	57	0.065249
27	42	0.065238
82	87	0.065231
14	44	0.065127
83	93	0.065127
82	85	0.064888
26	65	0.064809
26	53	0.064665
21	23	0.064305
32	61	0.064247
26	54	0.064205
16	22	0.064184
26	28	0.063819
89	97	0.063791
48	72	0.06367
32	40	0.063654
1	40	0.06363
30	32	0.063472
90	98	0.063459
88	94	0.063397
75	77	0.063206
89	99	0.063197
83	92	0.063193
74	75	0.063062
14	41	0.062948
84	89	0.062928
87	97	0.062874
32	45	0.062803
57	75	0.062794
32	72	0.06279
67	70	0.062734
88	98	0.062691
56	71	0.062606
84	97	0.06249
3	21	0.062489
68	73	0.062397
82	83	0.06237
85	94	0.062353
26	67	0.062281
86	90	0.062209
26	72	0.062204
82	91	0.062185
16	61	0.062181
26	30	0.062087
93	96	0.062033
28	54	0.061857
15	42	0.061799
3	31	0.06178
3	24	0.06172
13	51	0.061655
40	69	0.061638
1	65	0.061599
21	26	0.061541
94	99	0.061515
40	57	0.061513
3	58	0.0615
70	77	0.061384
72	73	0.061344
3	47	0.061094
17	32	0.060977
15	40	0.060958
77	94	0.060848
50	54	0.060806
2	42	0.060793
44	77	0.060777
75	86	0.060644
49	67	0.060599
77	84	0.060503
95	98	0.060354
86	96	0.060337
20	40	0.060333
47	52	0.060325
85	90	0.060308
69	84	0.060304
3	28	0.060277
46	74	0.060251
40	98	0.060241
13	49	0.060225
20	28	0.060118
3	62	0.060085
70	76	0.059926
15	51	0.059924
30	71	0.059795
32	69	0.059772
37	57	0.059737
2	41	0.059709
37	44	0.059632
51	73	0.059507
89	94	0.059445
84	95	0.059434
92	97	0.059421
41	65	0.059328
22	64	0.059305
64	71	0.059213
82	89	0.059172
42	61	0.059103
32	76	0.059102
37	62	0.059099
56	57	0.059053
22	26	0.05904
21	56	0.059017
28	47	0.059007
43	62	0.058964
47	50	0.058958
1	75	0.058837
40	73	0.058818
86	98	0.058782
51	70	0.058722
18	21	0.058679
48	74	0.058581
3	95	0.058515
44	62	0.058489
49	73	0.058475
3	37	0.058468
30	62	0.058438
57	62	0.058398
21	46	0.058266
20	25	0.058247
44	58	0.058129
3	46	0.05795
1	70	0.057926
37	71	0.057869
84	86	0.057742
85	92	0.057685
83	86	0.057594
22	44	0.057585
89	96	0.057564
17	51	0.057562
13	48	0.057535
85	97	0.057517
40	74	0.057504
73	76	0.057492
20	31	0.057488
46	73	0.057475
14	86	0.057473
69	73	0.057469
19	42	0.057467
88	99	0.057439
86	87	0.057402
40	44	0.057397
27	74	0.057391
58	62	0.057359
58	67	0.057352
82	97	0.057344
36	62	0.057274
52	68	0.057259
36	44	0.057249
91	96	0.057234
32	85	0.057224
3	55	0.05722
50	71	0.057198
21	74	0.057177
56	62	0.057124
41	44	0.057123
44	75	0.057123
53	74	0.057116
82	88	0.057101
71	72	0.057091
16	33	0.057039
31	62	0.057004
73	77	0.056974
77	87	0.056933
56	72	0.056921
45	72	0.056896
87	96	0.056895
15	48	0.056818
73	85	0.056708
51	57	0.056684
26	43	0.056472
18	70	0.056401
26	44	0.056393
41	71	0.056362
89	98	0.056315
19	29	0.056298
69	71	0.056282
36	57	0.056276
57	58	0.056241
27	52	0.056229
14	28	0.056202
77	91	0.056179
82	93	0.056148
19	64	0.056129
2	26	0.056114
83	90	0.056093
13	94	0.056084
41	48	0.056055
17	25	0.056043
70	75	0.056042
64	72	0.056042
29	74	0.055958
19	30	0.055952
15	96	0.055927
3	20	0.05587
46	49	0.055865
83	98	0.05586
92	96	0.055805
19	85	0.055777
27	71	0.055766
36	67	0.055731
26	40	0.055731
14	32	0.055725
44	45	0.055708
78	83	0.055701
41	72	0.055682
29	68	0.055569
84	98	0.055566
73	75	0.055539
43	71	0.055538
2	51	0.05553
42	86	0.055504
71	99	0.055499
85	98	0.055487
40	51	0.05535
31	66	0.055337
31	72	0.055322
13	44	0.055286
19	70	0.055242
52	89	0.055191
41	53	0.055188
45	57	0.055094
1	54	0.055037
52	76	0.055011
42	64	0.05501
22	55	0.055002
72	90	0.055001
14	77	0.054925
16	21	0.054896
69	85	0.054881
64	77	0.054868
67	74	0.054822
3	45	0.054821
68	83	0.054816
32	48	0.054793
71	75	0.054783
52	70	0.054781
14	83	0.054774
22	57	0.054773
19	87	0.054773
21	57	0.054772
16	40	0.054762
62	69	0.054696
41	67	0.054618
55	70	0.05459
1	2	0.054583
15	28	0.054582
44	56	0.054549
72	74	0.054549
21	55	0.054503
31	56	0.054465
42	87	0.054462
27	40	0.05443
77	96	0.054429
14	48	0.054409
73	74	0.054379
14	15	0.054351
66	76	0.054334
15	50	0.054332
21	64	0.054322
63	71	0.054317
3	30	0.054303
85	91	0.054289
25	72	0.054237
77	92	0.054211
3	14	0.054168
70	94	0.054146
32	49	0.053992
19	75	0.053941
3	32	0.053887
29	82	0.053861
30	63	0.053852
32	37	0.053684
69	77	0.053681
48	51	0.053667
45	71	0.053661
61	63	0.053654
41	49	0.053646
20	66	0.053606
73	98	0.053588
19	65	0.05357
15	33	0.053541
42	76	0.053478
2	31	0.053464
57	77	0.053418
74	92	0.053415
83	87	0.053395
73	88	0.053394
52	73	0.053386
72	89	0.05336
37	67	0.053355
67	71	0.053333
28	99	0.053267
22	46	0.053264
40	92	0.053208
21	96	0.053195
63	87	0.053188
83	97	0.05315
15	17	0.053135
1	28	0.053112
40	90	0.053109
94	95	0.053096
41	47	0.053087
49	54	0.053086
15	27	0.053073
52	72	0.053048
83	91	0.053039
1	73	0.053039
56	66	0.053035
20	30	0.053008
96	99	0.052995
77	98	0.052993
31	76	0.05296
13	42	0.05295
15	36	0.052932
41	55	0.052872
84	96	0.05281
17	77	0.05279
84	94	0.05279
14	87	0.052782
43	67	0.05277
25	26	0.052766
32	43	0.052765
15	53	0.052729
32	56	0.052711
62	75	0.052678
2	74	0.052668
66	69	0.05266
32	73	0.052643
44	53	0.05262
51	88	0.05261
44	71	0.052608
20	54	0.052608
13	15	0.052578
15	77	0.05257
81	85	0.052569
22	49	0.052548
22	25	0.052527
43	72	0.052523
19	77	0.052517
52	98	0.052513
15	78	0.05251
19	73	0.052505
14	72	0.052501
44	49	0.052471
20	22	0.052454
3	26	0.052407
22	96	0.052338
52	54	0.052334
93	97	0.052323
2	30	0.052294
20	52	0.052287
17	19	0.052261
24	69	0.052259
21	25	0.052257
14	74	0.052251
30	56	0.052223
31	73	0.052195
46	51	0.052189
21	77	0.052183
84	99	0.052172
3	64	0.052158
18	51	0.052154
75	99	0.052119
13	57	0.052114
74	89	0.052099
40	63	0.052097
1	99	0.052065
20	64	0.052061
48	75	0.052003
53	72	0.051949
62	72	0.051929
73	96	0.051906
15	19	0.051871
23	50	0.051856
72	87	0.051775
48	77	0.051773
48	54	0.051765
31	71	0.051747
83	84	0.051742
33	68	0.051735
63	73	0.051734
85	87	0.051731
19	97	0.05173
17	72	0.051722
71	73	0.051721
29	73	0.05172
16	19	0.051715
30	75	0.051712
71	78	0.051704
2	86	0.051668
31	70	0.05166
21	94	0.051649
65	66	0.051642
74	85	0.051628
81	95	0.051595
42	62	0.051585
26	69	0.051573
28	72	0.051572
75	94	0.05157
19	63	0.051556
27	70	0.051537
1	56	0.051531
1	21	0.051515
30	77	0.051515
87	98	0.051502
14	64	0.051496
14	95	0.05149
23	70	0.051477
20	72	0.051471
63	83	0.051463
53	77	0.05146
62	76	0.051434
68	70	0.051426
23	73	0.051409
69	99	0.051391
15	72	0.051388
49	76	0.051382
16	72	0.05137
17	20	0.05137
2	15	0.051369
51	84	0.051308
1	4	0.051306
1	5	0.051306
1	6	0.051306
1	7	0.051306
1	8	0.051306
1	9	0.051306
1	10	0.051306
1	11	0.051306
1	12	0.051306
1	34	0.051306
1	35	0.051306
1	38	0.051306
1	39	0.051306
1	59	0.051306
1	60	0.051306
1	79	0.051306
1	80	0.051306
2	4	0.051306
2	5	0.051306
2	6	0.051306
2	7	0.051306
2	8	0.051306
2	9	0.051306
2	10	0.051306
2	11	0.051306
2	12	0.051306
2	34	0.051306
2	35	0.051306
2	38	0.051306
2	39	0.051306
2	59	0.051306
2	60	0.051306
2	79	0.051306
2	80	0.051306
3	4	0.051306
3	5	0.051306
3	6	0.051306
3	7	0.051306
3	8	0.051306
3	9	0.051306
3	10	0.051306
3	11	0.051306
3	12	0.051306
3	34	0.051306
3	35	0.051306
3	38	0.051306
3	39	0.051306
3	59	0.051306
3	60	0.051306
3	79	0.051306
3	80	0.051306
4	5	0.051306
4	6	0.051306
4	7	0.051306
4	8	0.051306
4	9	0.051306
4	10	0.051306
4	11	0.051306
4	12	0.051306
4	13	0.051306
4	14	0.051306
4	15	0.051306
4	16	0.051306
4	17	0.051306
4	18	0.051306
4	19	0.051306
4	20	0.051306
4	21	0.051306
4	22	0.051306
4	23	0.051306
4	24	0.051306
4	25	0.051306
4	26	0.051306
4	27	0.051306
4	28	0.051306
4	29	0.051306
4	30	0.051306
4	31	0.051306
4	32	0.051306
4	33	0.051306
4	34	0.051306
4	35	0.051306
4	36	0.051306
4	37	0.051306
4	38	0.051306
4	39	0.051306
4	40	0.051306
4	41	0.051306
4	42	0.051306
4	43	0.051306
4	44	0.051306
4	45	0.051306
4	46	0.051306
4	47	0.051306
4	48	0.051306
4	49	0.051306
4	50	0.051306
4	51	0.051306
4	52	0.051306
4	53	0.051306
4	54	0.051306
4	55	0.051306
4	56	0.051306
4	57	0.051306
4	58	0.051306
4	59	0.051306
4	60	0.051306
4	61	0.051306
4	62	0.051306
4	63	0.051306
4	64	0.051306
4	65	0.051306
4	66	0.051306
4	67	0.051306
4	68	0.051306
4	69	0.051306
4	70	0.051306
4	71	0.051306
4	72	0.051306
4	73	0.051306
4	74	0.051306
4	75	0.051306
4	76	0.051306
4	77	0.051306
4	78	0.051306
4	79	0.051306
4	80	0.051306
4	81	0.051306
4	82	0.051306
4	83	0.051306
4	84	0.051306
4	85	0.051306
4	86	0.051306
4	87	0.051306
4	88	0.051306
4	89	0.051306
4	90	0.051306
4	91	0.051306
4	92	0.051306
4	93	0.051306
4	94	0.051306
4	95	0.051306
4	96	0.051306
4	97	0.051306
4	98	0.051306
4	99	0.051306
5	6	0.051306
5	7	0.051306
5	8	0.051306
5	9	0.051306
5	10	0.051306
5	11	0.051306
5	12	0.051306
5	13	0.051306
5	14	0.051306
5	15	0.051306
5	16	0.051306
5	17	0.051306
5	18	0.051306
5	19	0.051306
5	20	0.051306
5	21	0.051306
5	22	0.051306
5	23	0.051306
5	24	0.051306
5	25	0.051306
5	26	0.051306
5	27	0.051306
5	28	0.051306
5	29	0.051306
5	30	0.051306
5	31	0.051306
5	32	0.051306
5	33	0.051306
5	34	0.051306
5	35	0.051306
5	36	0.051306
5	37	0.051306
5	38	0.051306
5	39	0.051306
5	40	0.051306
5	41	0.051306
5	42	0.051306
5	43	0.051306
5	44	0.051306
5	45	0.051306
5	46	0.051306
5	47	0.051306
5	48	0.051306
5	49	0.051306
5	50	0.051306
5	51	0.051306
5	52	0.051306
5	53	0.051306
5	54	0.051306
5	55	0.051306
5	56	0.051306
5	57	0.051306
5	58	0.051306
5	59	0.051306
5	60	0.051306
5	61	0.051306
5	62	0.051306
5	63	0.051306
5	64	0.051306
5	65	0.051306
5	66	0.051306
5	67	0.051306
5	68	0.051306
5	69	0.051306
5	70	0.051306
5	71	0.051306
5	72	0.051306
5	73	0.051306
5	74	0.051306
5	75	0.051306
5	76	0.051306
5	77	0.051306
5	78	0.051306
5	79	0.051306
5	80	0.051306
5	81	0.051306
5	82	0.051306
5	83	0.051306
5	84	0.051306
5	85	0.051306
5	86	0.051306
5	87	0.051306
5	88	0.051306
5	89	0.051306
5	90	0.051306
5	91	0.051306
5	92	0.051306
5	93	0.051306
5	94	0.051306
5	95	0.051306
5	96	0.051306
5	97	0.051306
5	98	0.051306
5	99	0.051306
6	7	0.051306
6	8	0.051306
6	9	0.051306
6	10	0.051306
6	11	0.051306
6	12	0.051306
6	13	0.051306
6	14	0.051306
6	15	0.051306
6	16	0.051306
6	17	0.051306
6	18	0.051306
6	19	0.051306
6	20	0.051306
6	21	0.051306
6	22	0.051306
6	23	0.051306
6	24	0.051306
6	25	0.051306
6	26	0.051306
6	27	0.051306
6	28	0.051306
6	29	0.051306
6	30	0.051306
6	31	0.051306
6	32	0.051306
6	33	0.051306
6	34	0.051306
6	35	0.051306
6	36	0.051306
6	37	0.051306
6	38	0.051306
6	39	0.051306
6	40	0.051306
6	41	0.051306
6	42	0.051306
6	43	0.051306
6	44	0.051306
6	45	0.051306
6	46	0.051306
6	47	0.051306
6	48	0.051306
6	49	0.051306
6	50	0.051306
6	51	0.051306
6	52	0.051306
6	53	0.051306
6	54	0.051306
6	55	0.051306
6	56	0.051306
6	57	0.051306
6	58	0.051306
6	59	0.051306
6	60	0.051306
6	61	0.051306
6	62	0.051306
6	63	0.051306
6	64	0.051306
6	65	0.051306
6	66	0.051306
6	67	0.051306
6	68	0.051306
6	69	0.051306
6	70	0.051306
6	71	0.051306
6	72	0.051306
6	73	0.051306
6	74	0.051306
6	75	0.051306
6	76	0.051306
6	77	0.051306
6	78	0.051306
6	79	0.051306
6	80	0.051306
6	81	0.051306
6	82	0.051306
6	83	0.051306
6	84	0.051306
6	85	0.051306
6	86	0.051306
6	87	0.051306
6	88	0.051306
6	89	0.051306
6	90	0.051306
6	91	0.051306
6	92	0.051306
6	93	0.051306
6	94	0.051306
6	95	0.051306
6	96	0.051306
6	97	0.051306
6	98	0.051306
6	99	0.051306
7	8	0.051306
7	9	0.051306
7	10	0.051306
7	11	0.051306
7	12	0.051306
7	13	0.051306
7	14	0.051306
7	15	0.051306
7	16	0.051306
7	17	0.051306
7	18	0.051306
7	19	0.051306
7	20	0.051306
7	21	0.051306
7	22	0.051306
7	23	0.051306
7	24	0.051306
7	25	0.051306
7	26	0.051306
7	27	0.051306
7	28	0.051306
7	29	0.051306
7	30	0.051306
7	31	0.051306
7	32	0.051306
7	33	0.051306
7	34	0.051306
7	35	0.051306
7	36	0.051306
7	37	0.051306
7	38	0.051306
7	39	0.051306
7	40	0.051306
7	41	0.051306
7	42	0.051306
7	43	0.051306
7	44	0.051306
7	45	0.051306
7	46	0.051306
7	47	0.051306
7	48	0.051306
7	49	0.051306
7	50	0.051306
7	51	0.051306
7	52	0.051306
7	53	0.051306
7	54	0.051306
7	55	0.051306
7	56	0.051306
7	57	0.051306
7	58	0.051306
7	59	0.051306
7	60	0.051306
7	61	0.051306
7	62	0.051306
7	63	0.051306
7	64	0.051306
7	65	0.051306
7	66	0.051306
7	67	0.051306
7	68	0.051306
7	69	0.051306
7	70	0.051306
7	71	0.051306
7	72	0.051306
7	73	0.051306
7	74	0.051306
7	75	0.051306
7	76	0.051306
7	77	0.051306
7	78	0.051306
7	79	0.051306
7	80	0.051306
7	81	0.051306
7	82	0.051306
7	83	0.051306
7	84	0.051306
7	85	0.051306
7	86	0.051306
7	87	0.051306
7	88	0.051306
7	89	0.051306
7	90	0.051306
7	91	0.051306
7	92	0.051306
7	93	0.051306
7	94	0.051306
7	95	0.051306
7	96	0.051306
7	97	0.051306
7	98	0.051306
7	99	0.051306
8	9	0.051306
8	10	0.051306
8	11	0.051306
8	12	0.051306
8	13	0.051306
8	14	0.051306
8	15	0.051306
8	16	0.051306
8	17	0.051306
8	18	0.051306
8	19	0.051306
8	20	0.051306
8	21	0.051306
8	22	0.051306
8	23	0.051306
8	24	0.051306
8	25	0.051306
8	26	0.051306
8	27	0.051306
8	28	0.051306
8	29	0.051306
8	30	0.051306
8	31	0.051306
8	32	0.051306
8	33	0.051306
8	34	0.051306
8	35	0.051306
8	36	0.051306
8	37	0.051306
8	38	0.051306
8	39	0.051306
8	40	0.051306
8	41	0.051306
8	42	0.051306
8	43	0.051306
8	44	0.051306
8	45	0.051306
8	46	0.051306
8	47	0.051306
8	48	0.051306
8	49	0.051306
8	50	0.051306
8	51	0.051306
8	52	0.051306
8	53	0.051306
8	54	0.051306
8	55	0.051306
8	56	0.051306
8	57	0.051306
8	58	0.051306
8	59	0.051306
8	60	0.051306
8	61	0.051306
8	62	0.051306
8	63	0.051306
8	64	0.051306
8	65	0.051306
8	66	0.051306
8	67	0.051306
8	68	0.051306
8	69	0.051306
8	70	0.051306
8	71	0.051306
8	72	0.051306
8	73	0.051306
8	74	0.051306
8	75	0.051306
8	76	0.051306
8	77	0.051306
8	78	0.051306
8	79	0.051306
8	80	0.051306
8	81	0.051306
8	82	0.051306
8	83	0.051306
8	84	0.051306
8	85	0.051306
8	86	0.051306
8	87	0.051306
8	88	0.051306
8	89	0.051306
8	90	0.051306
8	91	0.051306
8	92	0.051306
8	93	0.051306
8	94	0.051306
8	95	0.051306
8	96	0.051306
8	97	0.051306
8	98	0.051306
8	99	0.051306
9	10	0.051306
9	11	0.051306
9	12	0.051306
9	13	0.051306
9	14	0.051306
9	15	0.051306
9	16	0.051306
9	17	0.051306
9	18	0.051306
9	19	0.051306
9	20	0.051306
9	21	0.051306
9	22	0.051306
9	23	0.051306
9	24	0.051306
9	25	0.051306
9	26	0.051306
9	27	0.051306
9	28	0.051306
9	29	0.051306
9	30	0.051306
9	31	0.051306
9	32	0.051306
9	33	0.051306
9	34	0.051306
9	35	0.051306
9	36	0.051306
9	37	0.051306
9	38	0.051306
9	39	0.051306
9	40	0.051306
9	41	0.051306
9	42	0.051306
9	43	0.051306
9	44	0.051306
9	45	0.051306
9	46	0.051306
9	47	0.051306
9	48	0.051306
9	49	0.051306
9	50	0.051306
9	51	0.051306
9	52	0.051306
9	53	0.051306
9	54	0.051306
9	55	0.051306
9	56	0.051306
9	57	0.051306
9	58	0.051306
9	59	0.051306
9	60	0.051306
9	61	0.051306
9	62	0.051306
9	63	0.051306
9	64	0.051306
9	65	0.051306
9	66	0.051306
9	67	0.051306
9	68	0.051306
9	69	0.051306
9	70	0.051306
9	71	0.051306
9	72	0.051306
9	73	0.051306
9	74	0.051306
9	75	0.051306
9	76	0.051306
9	77	0.051306
9	78	0.051306
9	79	0.051306
9	80	0.051306
9	81	0.051306
9	82	0.051306
9	83	0.051306
9	84	0.051306
9	85	0.051306
9	86	0.051306
9	87	0.051306
9	88	0.051306
9	89	0.051306
9	90	0.051306
9	91	0.051306
9	92	0.051306
9	93	0.051306
9	94	0.051306
9	95	0.051306
9	96	0.051306
9	97	0.051306
9	98	0.051306
9	99	0.051306
10	11	0.051306
10	12	0.051306
10	13	0.051306
10	14	0.051306
10	15	0.051306
10	16	0.051306
10	17	0.051306
10	18	0.051306
10	19	0.051306
10	20	0.051306
10	21	0.051306
10	22	0.051306
10	23	0.051306
10	24	0.051306
10	25	0.051306
10	26	0.051306
10	27	0.051306
10	28	0.051306
10	29	0.051306
10	30	0.051306
10	31	0.051306
10	32	0.051306
10	33	0.051306
10	34	0.051306
10	35	0.051306
10	36	0.051306
10	37	0.051306
10	38	0.051306
10	39	0.051306
10	40	0.051306
10	41	0.051306
10	42	0.051306
10	43	0.051306
10	44	0.051306
10	45	0.051306
10	46	0.051306
10	47	0.051306
10	48	0.051306
10	49	0.051306
10	50	0.051306
10	51	0.051306
10	52	0.051306
10	53	0.051306
10	54	0.051306
10	55	0.051306
10	56	0.051306
10	57	0.051306
10	58	0.051306
10	59	0.051306
10	60	0.051306
10	61	0.051306
10	62	0.051306
10	63	0.051306
10	64	0.051306
10	65	0.051306
10	66	0.051306
10	67	0.051306
10	68	0.051306
10	69	0.051306
10	70	0.051306
10	71	0.051306
10	72	0.051306
10	73	0.051306
10	74	0.051306
10	75	0.051306
10	76	0.051306
10	77	0.051306
10	78	0.051306
10	79	0.051306
10	80	0.051306
10	81	0.051306
10	82	0.051306
10	83	0.051306
10	84	0.051306
10	85	0.051306
10	86	0.051306
10	87	0.051306
10	88	0.051306
10	89	0.051306
10	90	0.051306
10	91	0.051306
10	92	0.051306
10	93	0.051306
10	94	0.051306
10	95	0.051306
10	96	0.051306
10	97	0.051306
10	98	0.051306
10	99	0.051306
11	12	0.051306
11	13	0.051306
11	14	0.051306
11	15	0.051306
11	16	0.051306
11	17	0.051306
11	18	0.051306
11	19	0.051306
11	20	0.051306
11	21	0.051306
11	22	0.051306
11	23	0.051306
11	24	0.051306
11	25	0.051306
11	26	0.051306
11	27	0.051306
11	28	0.051306
11	29	0.051306
11	30	0.051306
11	31	0.051306
11	32	0.051306
11	33	0.051306
11	34	0.051306
11	35	0.051306
11	36	0.051306
11	37	0.051306
11	38	0.051306
11	39	0.051306
11	40	0.051306
11	41	0.051306
11	42	0.051306
11	43	0.051306
11	44	0.051306
11	45	0.051306
11	46	0.051306
11	47	0.051306
11	48	0.051306
11	49	0.051306
11	50	0.051306
11	51	0.051306
11	52	0.051306
11	53	0.051306
11	54	0.051306
11	55	0.051306
11	56	0.051306
11	57	0.051306
11	58	0.051306
11	59	0.051306
11	60	0.051306
11	61	0.051306
11	62	0.051306
11	63	0.051306
11	64	0.051306
11	65	0.051306
11	66	0.051306
11	67	0.051306
11	68	0.051306
11	69	0.051306
11	70	0.051306
11	71	0.051306
11	72	0.051306
11	73	0.051306
11	74	0.051306
11	75	0.051306
11	76	0.051306
11	77	0.051306
11	78	0.051306
11	79	0.051306
11	80	0.051306
11	81	0.051306
11	82	0.051306
11	83	0.051306
11	84	0.051306
11	85	0.051306
11	86	0.051306
11	87	0.051306
11	88	0.051306
11	89	0.051306
11	90	0.051306
11	91	0.051306
11	92	0.051306
11	93	0.051306
11	94	0.051306
11	95	0.051306
11	96	0.051306
11	97	0.051306
11	98	0.051306
11	99	0.051306
12	13	0.051306
12	14	0.051306
12	15	0.051306
12	16	0.051306
12	17	0.051306
12	18	0.051306
12	19	0.051306
12	20	0.051306
12	21	0.051306
12	22	0.051306
12	23	0.051306
12	24	0.051306
12	25	0.051306
12	26	0.051306
12	27	0.051306
12	28	0.051306
12	29	0.051306
12	30	0.051306
12	31	0.051306
12	32	0.051306
12	33	0.051306
12	34	0.051306
12	35	0.051306
12	36	0.051306
12	37	0.051306
12	38	0.051306
12	39	0.051306
12	40	0.051306
12	41	0.051306
12	42	0.051306
12	43	0.051306
12	44	0.051306
12	45	0.051306
12	46	0.051306
12	47	0.051306
12	48	0.051306
12	49	0.051306
12	50	0.051306
12	51	0.051306
12	52	0.051306
12	53	0.051306
12	54	0.051306
12	55	0.051306
12	56	0.051306
12	57	0.051306
12	58	0.051306
12	59	0.051306
12	60	0.051306
12	61	0.051306
12	62	0.051306
12	63	0.051306
12	64	0.051306
12	65	0.051306
12	66	0.051306
12	67	0.051306
12	68	0.051306
12	69	0.051306
12	70	0.051306
12	71	0.051306
12	72	0.051306
12	73	0.051306
12	74	0.051306
12	75	0.051306
12	76	0.051306
12	77	0.051306
12	78	0.051306
12	79	0.051306
12	80	0.051306
12	81	0.051306
12	82	0.051306
12	83	0.051306
12	84	0.051306
12	85	0.051306
12	86	0.051306
12	87	0.051306
12	88	0.051306
12	89	0.051306
12	90	0.051306
12	91	0.051306
12	92	0.051306
12	93	0.051306
12	94	0.051306
12	95	0.051306
12	96	0.051306
12	97	0.051306
12	98	0.051306
12	99	0.051306
13	34	0.051306
13	35	0.051306
13	38	0.051306
13	39	0.051306
13	59	0.051306
13	60	0.051306
13	79	0.051306
13	80	0.051306
14	34	0.051306
14	35	0.051306
14	38	0.051306
14	39	0.051306
14	59	0.051306
14	60	0.051306
14	79	0.051306
14	80	0.051306
15	34	0.051306
15	35	0.051306
15	38	0.051306
15	39	0.051306
15	59	0.051306
15	60	0.051306
15	79	0.051306
15	80	0.051306
16	34	0.051306
16	35	0.051306
16	38	0.051306
16	39	0.051306
16	59	0.051306
16	60	0.051306
16	79	0.051306
16	80	0.051306
17	34	0.051306
17	35	0.051306
17	38	0.051306
17	39	0.051306
17	59	0.051306
17	60	0.051306
17	79	0.051306
17	80	0.051306
18	34	0.051306
18	35	0.051306
18	38	0.051306
18	39	0.051306
18	59	0.051306
18	60	0.051306
18	79	0.051306
18	80	0.051306
19	34	0.051306
19	35	0.051306
19	38	0.051306
19	39	0.051306
19	59	0.051306
19	60	0.051306
19	79	0.051306
19	80	0.051306
20	34	0.051306
20	35	0.051306
20	38	0.051306
20	39	0.051306
20	59	0.051306
20	60	0.051306
20	79	0.051306
20	80	0.051306
21	34	0.051306
21	35	0.051306
21	38	0.051306
21	39	0.051306
21	59	0.051306
21	60	0.051306
21	79	0.051306
21	80	0.051306
22	34	0.051306
22	35	0.051306
22	38	0.051306
22	39	0.051306
22	59	0.051306
22	60	0.051306
22	79	0.051306
22	80	0.051306
23	34	0.051306
23	35	0.051306
23	38	0.051306
23	39	0.051306
23	59	0.051306
23	60	0.051306
23	79	0.051306
23	80	0.051306
24	34	0.051306
24	35	0.051306
24	38	0.051306
24	39	0.051306
24	59	0.051306
24	60	0.051306
24	79	0.051306
24	80	0.051306
25	34	0.051306
25	35	0.051306
25	38	0.051306
25	39	0.051306
25	59	0.051306
25	60	0.051306
25	79	0.051306
25	80	0.051306
26	34	0.051306
26	35	0.051306
26	38	0.051306
26	39	0.051306
26	59	0.051306
26	60	0.051306
26	79	0.051306
26	80	0.051306
27	34	0.051306
27	35	0.051306
27	38	0.051306
27	39	0.051306
27	59	0.051306
27	60	0.051306
27	79	0.051306
27	80	0.051306
28	34	0.051306
28	35	0.051306
28	38	0.051306
28	39	0.051306
28	59	0.051306
28	60	0.051306
28	79	0.051306
28	80	0.051306
29	34	0.051306
29	35	0.051306
29	38	0.051306
29	39	0.051306
29	59	0.051306
29	60	0.051306
29	79	0.051306
29	80	0.051306
30	34	0.051306
30	35	0.051306
30	38	0.051306
30	39	0.051306
30	59	0.051306
30	60	0.051306
30	79	0.051306
30	80	0.051306
31	34	0.051306
31	35	0.051306
31	38	0.051306
31	39	0.051306
31	59	0.051306
31	60	0.051306
31	79	0.051306
31	80	0.051306
32	34	0.051306
32	35	0.051306
32	38	0.051306
32	39	0.051306
32	59	0.051306
32	60	0.051306
32	79	0.051306
32	80	0.051306
33	34	0.051306
33	35	0.051306
33	38	0.051306
33	39	0.051306
33	59	0.051306
33	60	0.051306
33	79	0.051306
33	80	0.051306
34	35	0.051306
34	36	0.051306
34	37	0.051306
34	38	0.051306
34	39	0.051306
34	40	0.051306
34	41	0.051306
34	42	0.051306
34	43	0.051306
34	44	0.051306
34	45	0.051306
34	46	0.051306
34	47	0.051306
34	48	0.051306
34	49	0.051306
34	50	0.051306
34	51	0.051306
34	52	0.051306
34	53	0.051306
34	54	0.051306
34	55	0.051306
34	56	0.051306
34	57	0.051306
34	58	0.051306
34	59	0.051306
34	60	0.051306
34	61	0.051306
34	62	0.051306
34	63	0.051306
34	64	0.051306
34	65	0.051306
34	66	0.051306
34	67	0.051306
34	68	0.051306
34	69	0.051306
34	70	0.051306
34	71	0.051306
34	72	0.051306
34	73	0.051306
34	74	0.051306
34	75	0.051306
34	76	0.051306
34	77	0.051306
34	78	0.051306
34	79	0.051306
34	80	0.051306
34	81	0.051306
34	82	0.051306
34	83	0.051306
34	84	0.051306
34	85	0.051306
34	86	0.051306
34	87	0.051306
34	88	0.051306
34	89	0.051306
34	90	0.051306
34	91	0.051306
34	92	0.051306
34	93	0.051306
34	94	0.051306
34	95	0.051306
34	96	0.051306
34	97	0.051306
34	98	0.051306
34	99	0.051306
35	36	0.051306
35	37	0.051306
35	38	0.051306
35	39	0.051306
35	40	0.051306
35	41	0.051306
35	42	0.051306
35	43	0.051306
35	44	0.051306
35	45	0.051306
35	46	0.051306
35	47	0.051306
35	48	0.051306
35	49	0.051306
35	50	0.051306
35	51	0.051306
35	52	0.051306
35	53	0.051306
35	54	0.051306
35	55	0.051306
35	56	0.051306
35	57	0.051306
35	58	0.051306
35	59	0.051306
35	60	0.051306
35	61	0.051306
35	62	0.051306
35	63	0.051306
35	64	0.051306
35	65	0.051306
35	66	0.051306
35	67	0.051306
35	68	0.051306
35	69	0.051306
35	70	0.051306
35	71	0.051306
35	72	0.051306
35	73	0.051306
35	74	0.051306
35	75	0.051306
35	76	0.051306
35	77	0.051306
35	78	0.051306
35	79	0.051306
35	80	0.051306
35	81	0.051306
35	82	0.051306
35	83	0.051306
35	84	0.051306
35	85	0.051306
35	86	0.051306
35	87	0.051306
35	88	0.051306
35	89	0.051306
35	90	0.051306
35	91	0.051306
35	92	0.051306
35	93	0.051306
35	94	0.051306
35	95	0.051306
35	96	0.051306
35	97	0.051306
35	98	0.051306
35	99	0.051306
36	38	0.051306
36	39	0.051306
36	59	0.051306
36	60	0.051306
36	79	0.051306
36	80	0.051306
37	38	0.051306
37	39	0.051306
37	59	0.051306
37	60	0.051306
37	79	0.051306
37	80	0.051306
38	39	0.051306
38	40	0.051306
38	41	0.051306
38	42	0.051306
38	43	0.051306
38	44	0.051306
38	45	0.051306
38	46	0.051306
38	47	0.051306
38	48	0.051306
38	49	0.051306
38	50	0.051306
38	51	0.051306
38	52	0.051306
38	53	0.051306
38	54	0.051306
38	55	0.051306
38	56	0.051306
38	57	0.051306
38	58	0.051306
38	59	0.051306
38	60	0.051306
38	61	0.051306
38	62	0.051306
38	63	0.051306
38	64	0.051306
38	65	0.051306
38	66	0.051306
38	67	0.051306
38	68	0.051306
38	69	0.051306
38	70	0.051306
38	71	0.051306
38	72	0.051306
38	73	0.051306
38	74	0.051306
38	75	0.051306
38	76	0.051306
38	77	0.051306
38	78	0.051306
38	79	0.051306
38	80	0.051306
38	81	0.051306
38	82	0.051306
38	83	0.051306
38	84	0.051306
38	85	0.051306
38	86	0.051306
38	87	0.051306
38	88	0.051306
38	89	0.051306
38	90	0.051306
38	91	0.051306
38	92	0.051306
38	93	0.051306
38	94	0.051306
38	95	0.051306
38	96	0.051306
38	97	0.051306
38	98	0.051306
38	99	0.051306
39	40	0.051306
39	41	0.051306
39	42	0.051306
39	43	0.051306
39	44	0.051306
39	45	0.051306
39	46	0.051306
39	47	0.051306
39	48	0.051306
39	49	0.051306
39	50	0.051306
39	51	0.051306
39	52	0.051306
39	53	0.051306
39	54	0.051306
39	55	0.051306
39	56	0.051306
39	57	0.051306
39	58	0.051306
39	59	0.051306
39	60	0.051306
39	61	0.051306
39	62	0.051306
39	63	0.051306
39	64	0.051306
39	65	0.051306
39	66	0.051306
39	67	0.051306
39	68	0.051306
39	69	0.051306
39	70	0.051306
39	71	0.051306
39	72	0.051306
39	73	0.051306
39	74	0.051306
39	75	0.051306
39	76	0.051306
39	77	0.051306
39	78	0.051306
39	79	0.051306
39	80	0.051306
39	81	0.051306
39	82	0.051306
39	83	0.051306
39	84	0.051306
39	85	0.051306
39	86	0.051306
39	87	0.051306
39	88	0.051306
39	89	0.051306
39	90	0.051306
39	91	0.051306
39	92	0.051306
39	93	0.051306
39	94	0.051306
39	95	0.051306
39	96	0.051306
39	97	0.051306
39	98	0.051306
39	99	0.051306
40	59	0.051306
40	60	0.051306
40	79	0.051306
40	80	0.051306
41	59	0.051306
41	60	0.051306
41	79	0.051306
41	80	0.051306
42	59	0.051306
42	60	0.051306
42	79	0.051306
42	80	0.051306
43	59	0.051306
43	60	0.051306
43	79	0.051306
43	80	0.051306
44	59	0.051306
44	60	0.051306
44	79	0.051306
44	80	0.051306
45	59	0.051306
45	60	0.051306
45	79	0.051306
45	80	0.051306
46	59	0.051306
46	60	0.051306
46	79	0.051306
46	80	0.051306
47	59	0.051306
47	60	0.051306
47	79	0.051306
47	80	0.051306
48	59	0.051306
48	60	0.051306
48	79	0.051306
48	80	0.051306
49	59	0.051306
49	60	0.051306
49	79	0.051306
49	80	0.051306
50	59	0.051306
50	60	0.051306
50	79	0.051306
50	80	0.051306
51	59	0.051306
51	60	0.051306
51	79	0.051306
51	80	0.051306
52	59	0.051306
52	60	0.051306
52	79	0.051306
52	80	0.051306
53	59	0.051306
53	60	0.051306
53	79	0.051306
53	80	0.051306
54	59	0.051306
54	60	0.051306
54	79	0.051306
54	80	0.051306
55	59	0.051306
55	60	0.051306
55	79	0.051306
55	80	0.051306
56	59	0.051306
56	60	0.051306
56	79	0.051306
56	80	0.051306
57	59	0.051306
57	60	0.051306
57	79	0.051306
57	80	0.051306
58	59	0.051306
58	60	0.051306
58	79	0.051306
58	80	0.051306
59	60	0.051306
59	61	0.051306
59	62	0.051306
59	63	0.051306
59	64	0.051306
59	65	0.051306
59	66	0.051306
59	67	0.051306
59	68	0.051306
59	69	0.051306
59	70	0.051306
59	71	0.051306
59	72	0.051306
59	73	0.051306
59	74	0.051306
59	75	0.051306
59	76	0.051306
59	77	0.051306
59	78	0.051306
59	79	0.051306
59	80	0.051306
59	81	0.051306
59	82	0.051306
59	83	0.051306
59	84	0.051306
59	85	0.051306
59	86	0.051306
59	87	0.051306
59	88	0.051306
59	89	0.051306
59	90	0.051306
59	91	0.051306
59	92	0.051306
59	93	0.051306
59	94	0.051306
59	95	0.051306
59	96	0.051306
59	97	0.051306
59	98	0.051306
59	99	0.051306
60	61	0.051306
60	62	0.051306
60	63	0.051306
60	64	0.051306
60	65	0.051306
60	66	0.051306
60	67	0.051306
60	68	0.051306
60	69	0.051306
60	70	0.051306
60	71	0.051306
60	72	0.051306
60	73	0.051306
60	74	0.051306
60	75	0.051306
60	76	0.051306
60	77	0.051306
60	78	0.051306
60	79	0.051306
60	80	0.051306
60	81	0.051306
60	82	0.051306
60	83	0.051306
60	84	0.051306
60	85	0.051306
60	86	0.051306
60	87	0.051306
60	88	0.051306
60	89	0.051306
60	90	0.051306
60	91	0.051306
60	92	0.051306
60	93	0.051306
60	94	0.051306
60	95	0.051306
60	96	0.051306
60	97	0.051306
60	98	0.051306
60	99	0.051306
61	79	0.051306
61	80	0.051306
62	79	0.051306
62	80	0.051306
63	79	0.051306
63	80	0.051306
64	79	0.051306
64	80	0.051306
65	79	0.051306
65	80	0.051306
66	79	0.051306
66	80	0.051306
67	79	0.051306
67	80	0.051306
68	79	0.051306
68	80	0.051306
69	79	0.051306
69	80	0.051306
70	79	0.051306
70	80	0.051306
71	79	0.051306
71	80	0.051306
72	79	0.051306
72	80	0.051306
73	79	0.051306
73	80	0.051306
74	79	0.051306
74	80	0.051306
75	79	0.051306
75	80	0.051306
76	79	0.051306
76	80	0.051306
77	79	0.051306
77	80	0.051306
78	79	0.051306
78	80	0.051306
79	80	0.051306
79	81	0.051306
79	82	0.051306
79	83	0.051306
79	84	0.051306
79	85	0.051306
79	86	0.051306
79	87	0.051306
79	88	0.051306
79	89	0.051306
79	90	0.051306
79	91	0.051306
79	92	0.051306
79	93	0.051306
79	94	0.051306
79	95	0.051306
79	96	0.051306
79	97	0.051306
79	98	0.051306
79	99	0.051306
80	81	0.051306
80	82	0.051306
80	83	0.051306
80	84	0.051306
80	85	0.051306
80	86	0.051306
80	87	0.051306
80	88	0.051306
80	89	0.051306
80	90	0.051306
80	91	0.051306
80	92	0.051306
80	93	0.051306
80	94	0.051306
80	95	0.051306
80	96	0.051306
80	97	0.051306
80	98	0.051306
80	99	0.051306
78	81	0.051306
76	81	0.051302
75	81	0.051302
20	81	0.051302
81	82	0.051301
74	81	0.051301
77	81	0.0513
73	81	0.0513
81	83	0.051299
70	81	0.051299
81	97	0.051299
22	81	0.051298
50	81	0.051298
52	81	0.051298
69	81	0.051297
13	81	0.051297
68	81	0.051297
19	81	0.051297
81	98	0.051297
72	81	0.051296
81	96	0.051296
81	99	0.051296
21	81	0.051295
26	81	0.051295
49	81	0.051294
81	84	0.051294
71	81	0.051294
76	78	0.051293
33	81	0.051292
40	81	0.051292
1	81	0.051292
15	81	0.051292
81	86	0.051291
81	87	0.051291
75	78	0.051291
20	78	0.051291
51	81	0.05129
42	81	0.05129
61	81	0.051289
78	82	0.051289
81	88	0.051288
81	89	0.051287
81	94	0.051287
74	78	0.051286
81	90	0.051286
14	81	0.051286
41	81	0.051284
77	78	0.051284
25	81	0.051284
73	78	0.051283
56	81	0.051283
16	81	0.051283
63	81	0.051282
2	81	0.051282
81	92	0.051281
70	78	0.05128
27	81	0.05128
45	81	0.05128
81	93	0.05128
29	81	0.051279
78	97	0.051279
48	81	0.051279
53	81	0.051279
21	83	0.051279
37	81	0.051278
81	91	0.051278
65	81	0.051278
22	78	0.051278
31	81	0.051278
3	81	0.051278
17	81	0.051277
50	78	0.051277
55	81	0.051277
67	81	0.051277
24	81	0.051277
36	81	0.051276
62	81	0.051276
46	81	0.051276
52	78	0.051276
43	81	0.051276
58	81	0.051276
69	78	0.051274
47	81	0.051274
13	78	0.051273
78	85	0.051273
68	78	0.051273
19	78	0.051273
54	81	0.051272
78	98	0.051272
23	81	0.051272
18	81	0.051271
30	81	0.05127
64	81	0.051269
72	78	0.051269
32	81	0.051268
78	96	0.051268
78	99	0.051268
28	81	0.051267
57	81	0.051267
66	81	0.051266
44	81	0.051266
21	78	0.051263
26	78	0.051263
49	78	0.051263
78	84	0.051262
33	78	0.051255
40	78	0.051255
1	78	0.051253
78	86	0.051251
78	95	0.051251
78	87	0.05125
50	73	0.051246
51	78	0.051246
42	78	0.051245
75	91	0.051243
61	78	0.051243
78	88	0.051236
78	89	0.051236
78	94	0.051235
78	90	0.051232
14	78	0.051231
41	78	0.051225
25	78	0.051223
56	78	0.051218
21	44	0.051218
16	78	0.051218
63	78	0.051216
2	78	0.051216
78	92	0.051211
27	78	0.051209
45	78	0.051208
78	93	0.051207
50	72	0.051206
29	78	0.051206
48	78	0.051203
53	78	0.051203
37	78	0.051202
78	91	0.051202
65	78	0.0512
31	78	0.0512
3	78	0.051199
17	78	0.051198
55	78	0.051196
67	78	0.051195
24	78	0.051195
36	78	0.051194
62	78	0.051193
13	69	0.051193
46	78	0.051193
43	78	0.051191
58	78	0.051191
47	78	0.051185
54	78	0.051178
23	78	0.051176
18	78	0.051174
30	78	0.051168
42	69	0.051167
64	78	0.051166
32	78	0.051163
16	20	0.051161
15	97	0.05116
28	78	0.051159
57	78	0.051159
66	78	0.051156
44	78	0.051153
15	25	0.051123
19	83	0.051122
57	76	0.051112
2	72	0.051076
54	83	0.051073
20	76	0.051048
22	88	0.05103
76	82	0.05102
20	75	0.051012
76	77	0.050984
75	82	0.05098
20	82	0.050975
14	49	0.050958
20	73	0.050952
75	85	0.05095
16	26	0.050929
20	74	0.050927
57	72	0.050908
29	72	0.050908
76	98	0.050903
76	83	0.050898
19	23	0.050896
20	77	0.050885
74	82	0.050885
21	63	0.050875
76	97	0.050857
41	51	0.05085
75	83	0.050841
77	82	0.050838
20	47	0.050838
20	83	0.050834
22	76	0.050834
75	87	0.050825
73	82	0.050818
15	71	0.050818
50	76	0.050818
82	94	0.050809
20	70	0.050807
2	67	0.050806
65	83	0.050802
63	85	0.050801
26	48	0.050801
75	97	0.050795
20	97	0.050788
19	24	0.050783
25	33	0.050769
22	75	0.050768
1	26	0.050767
69	76	0.050767
13	76	0.050753
70	82	0.050752
50	75	0.05075
76	85	0.050749
68	76	0.050749
20	53	0.050749
51	76	0.050748
19	76	0.050746
20	50	0.050742
74	99	0.050736
52	75	0.050732
74	83	0.050705
3	15	0.050703
22	82	0.050701
29	76	0.0507
69	75	0.050692
15	99	0.050685
20	69	0.050683
72	76	0.050683
50	82	0.05068
53	85	0.050679
13	75	0.050676
1	85	0.050674
68	75	0.050672
2	22	0.050672
70	74	0.05067
76	96	0.05067
13	20	0.050667
76	99	0.050666
20	85	0.050664
20	68	0.050663
52	82	0.05066
54	99	0.050651
75	98	0.050651
74	97	0.050646
20	98	0.050642
77	83	0.050639
69	82	0.050615
22	74	0.050612
73	83	0.050611
72	75	0.050597
13	82	0.050597
68	82	0.050592
21	76	0.050589
26	76	0.050588
50	74	0.050588
19	82	0.050588
75	96	0.050582
27	76	0.050579
20	44	0.050577
77	97	0.050574
20	96	0.050572
70	73	0.05057
82	98	0.050568
20	99	0.050567
76	84	0.050564
72	95	0.050553
73	97	0.050542
22	77	0.050536
15	85	0.050528
71	76	0.050519
21	40	0.050518
70	83	0.050516
69	74	0.050513
18	49	0.050511
50	77	0.050509
72	82	0.050508
22	73	0.050502
13	74	0.050492
82	96	0.050491
21	75	0.050489
26	75	0.050489
68	74	0.050487
82	99	0.050485
52	77	0.050484
18	73	0.050483
19	74	0.050482
20	90	0.050482
76	86	0.050479
20	26	0.050478
49	75	0.050476
22	50	0.050473
20	49	0.050465
75	84	0.050461
74	98	0.05046
21	52	0.050452
33	76	0.050451
20	84	0.05045
40	76	0.050446
22	83	0.050443
70	97	0.050439
1	76	0.050422
84	92	0.050421
51	74	0.050415
50	83	0.050414
14	42	0.050413
87	95	0.050412
15	76	0.050408
13	77	0.050404
22	53	0.050401
77	85	0.050398
20	71	0.050398
68	77	0.050398
42	74	0.050396
49	69	0.050395
22	70	0.050394
47	55	0.050389
21	82	0.050387
26	82	0.050386
52	83	0.050386
76	95	0.05038
85	99	0.050372
49	82	0.050372
74	96	0.050371
13	73	0.050365
76	87	0.050365
19	47	0.050363
50	70	0.050363
22	97	0.050359
51	94	0.050338
33	75	0.050333
48	85	0.050328
40	75	0.050328
50	97	0.050327
16	76	0.050325
45	67	0.050324
69	83	0.050321
20	33	0.05032
1	95	0.050318
29	83	0.050308
15	87	0.050306
70	84	0.050301
83	96	0.0503
71	82	0.050297
52	97	0.050296
13	83	0.050296
72	77	0.050291
54	74	0.050288
1	20	0.050286
15	75	0.050284
2	96	0.050279
15	20	0.05027
69	70	0.050264
77	99	0.050263
75	95	0.050252
26	74	0.050251
20	86	0.050248
23	51	0.050244
22	52	0.050243
61	76	0.050241
20	95	0.050238
13	70	0.050238
54	69	0.050235
49	74	0.050235
70	85	0.050231
3	69	0.050231
68	97	0.050228
23	26	0.050228
69	97	0.050225
40	48	0.050223
2	21	0.050221
20	87	0.05022
73	99	0.050217
74	84	0.050216
52	55	0.050215
33	82	0.050211
52	69	0.050205
40	82	0.050205
13	97	0.050197
70	98	0.050195
24	49	0.050175
1	82	0.050174
72	83	0.05017
22	69	0.050169
24	73	0.050162
51	75	0.050159
15	82	0.050156
71	74	0.05015
20	51	0.050143
13	22	0.050139
42	75	0.050139
83	99	0.050138
76	88	0.050137
26	77	0.050137
22	85	0.050132
22	68	0.050131
82	86	0.050131
50	69	0.05013
76	89	0.050129
25	74	0.050123
20	42	0.050123
49	77	0.050118
76	94	0.050115
20	63	0.050113
54	76	0.050112
24	51	0.050111
75	92	0.050109
13	50	0.050099
61	75	0.050094
22	98	0.050092
50	85	0.050092
50	68	0.050091
21	73	0.050087
26	73	0.050086
19	50	0.050084
53	84	0.050083
44	73	0.050081
70	96	0.050078
20	61	0.050077
70	99	0.050071
14	63	0.05007
76	90	0.050063
13	52	0.050062
72	97	0.050059
52	85	0.050054
33	74	0.050051
50	98	0.050051
14	76	0.050049
19	52	0.050046
73	84	0.050045
65	72	0.050036
54	66	0.050026
32	58	0.050024
51	82	0.050015
1	74	0.050009
56	63	0.049999
26	83	0.049997
22	72	0.049994
42	82	0.049993
15	74	0.049988
31	75	0.049984
75	88	0.049977
49	83	0.049976
1	16	0.049972
75	89	0.049967
21	30	0.049967
74	86	0.049959
20	88	0.049958
22	99	0.049957
20	89	0.049949
74	95	0.049947
20	46	0.049943
61	82	0.049942
41	76	0.04994
20	94	0.049933
13	85	0.049932
13	68	0.049931
74	87	0.049924
13	19	0.049923
68	85	0.049923
21	70	0.049923
68	98	0.049922
26	70	0.049922
69	98	0.049921
50	96	0.04992
25	76	0.049915
33	77	0.049915
19	68	0.049913
50	99	0.049911
40	77	0.049907
85	96	0.049905
75	90	0.049892
13	98	0.049885
26	45	0.049885
54	71	0.049885
52	96	0.049877
14	75	0.049876
71	83	0.049871
21	97	0.04987
26	97	0.049869
1	77	0.049868
52	99	0.049868
19	98	0.049867
21	51	0.049862
14	20	0.049856
33	73	0.049855
24	77	0.049854
49	97	0.049847
56	76	0.049839
32	36	0.049828
77	86	0.049813
69	72	0.049809
63	76	0.049805
77	95	0.049799
2	76	0.049797
15	73	0.049782
44	83	0.04978
69	96	0.049776
13	72	0.04977
18	26	0.049769
72	85	0.049761
41	75	0.049753
19	72	0.049751
50	89	0.04975
73	86	0.049749
33	83	0.049749
22	84	0.049744
21	50	0.049744
26	50	0.049743
61	74	0.049743
1	92	0.049741
40	83	0.04974
13	96	0.049737
73	95	0.049734
22	30	0.049733
71	97	0.049732
20	41	0.049732
13	99	0.049727
68	96	0.049726
83	95	0.049726
25	75	0.049724
26	86	0.049721
19	96	0.049717
40	96	0.049717
68	99	0.049717
82	90	0.049715
73	87	0.049709
72	98	0.049709
19	99	0.049708
76	92	0.049707
14	82	0.049697
1	83	0.049696
26	52	0.049695
50	84	0.049691
21	65	0.049683
47	76	0.049681
63	94	0.049672
15	83	0.049671
51	77	0.049667
1	25	0.049666
33	70	0.04966
45	76	0.04966
76	93	0.049656
40	70	0.04965
22	71	0.04965
52	84	0.049641
42	77	0.049638
56	75	0.049638
16	75	0.049632
20	56	0.049615
63	75	0.049598
33	97	0.049598
74	88	0.049592
15	22	0.049592
2	75	0.04959
40	97	0.049588
48	76	0.049588
3	83	0.049585
53	76	0.049583
21	69	0.049583
61	77	0.049574
37	76	0.049568
2	20	0.049567
42	73	0.049566
24	74	0.049565
74	94	0.04956
76	91	0.049559
41	82	0.049559
31	89	0.049549
72	96	0.049542
52	71	0.04954
70	86	0.04954
1	97	0.04954
13	21	0.049539
13	26	0.049537
40	41	0.049534
65	76	0.049533
72	99	0.049531
21	85	0.049528
26	85	0.049527
25	82	0.049527
21	68	0.049527
26	68	0.049526
70	95	0.049524
3	76	0.049523
19	26	0.049516
2	68	0.049511
22	33	0.049509
69	86	0.049507
17	76	0.049502
19	84	0.049501
61	73	0.0495
49	85	0.049499
22	40	0.049499
20	32	0.049498
49	68	0.049498
70	87	0.049494
90	97	0.049494
19	49	0.049488
74	90	0.049484
32	41	0.049479
13	84	0.049479
51	83	0.049472
21	98	0.049468
26	98	0.049467
68	84	0.049466
20	92	0.049463
55	76	0.04946
64	76	0.049456
24	76	0.049453
27	75	0.049451
1	22	0.049449
33	50	0.049448
27	48	0.049445
42	83	0.04944
49	98	0.049438
36	76	0.049437
45	75	0.049434
56	82	0.04943
75	93	0.049429
20	27	0.049425
16	82	0.049424
46	76	0.049414
20	45	0.049409
77	88	0.049407
22	31	0.049405
20	93	0.049404
24	84	0.049403
29	75	0.049394
77	89	0.049394
33	52	0.049391
43	76	0.049387
63	82	0.049386
1	50	0.049386
68	71	0.049385
58	76	0.049381
22	86	0.049379
2	82	0.049377
61	83	0.049368
20	29	0.049368
85	89	0.049365
22	95	0.049361
71	85	0.049357
42	45	0.049348
53	75	0.049347
19	71	0.049345
42	70	0.049333
65	75	0.049331
37	75	0.04933
22	87	0.049329
1	52	0.049326
20	48	0.049326
16	23	0.049324
21	72	0.04932
30	69	0.049316
50	86	0.049313
73	89	0.049312
3	66	0.049306
41	74	0.049305
20	37	0.049303
15	52	0.049295
50	95	0.049295
51	97	0.049294
20	91	0.049293
71	98	0.049291
73	94	0.049289
49	72	0.049288
77	90	0.049287
3	75	0.049279
26	96	0.049276
33	49	0.049275
17	26	0.049268
21	99	0.049265
26	99	0.049263
20	65	0.049263
50	87	0.049262
82	92	0.049262
42	97	0.049259
61	70	0.049258
33	69	0.049257
17	75	0.049256
72	84	0.049252
52	86	0.049252
49	96	0.049244
52	95	0.049232
49	99	0.049232
57	71	0.049231
27	82	0.04922
58	66	0.049214
55	75	0.049208
13	33	0.049205
45	82	0.049201
67	75	0.0492
24	75	0.049199
52	87	0.049198
13	40	0.049192
33	85	0.049192
22	51	0.04919
36	75	0.049182
61	97	0.049181
40	85	0.04918
20	55	0.049179
19	33	0.049179
14	73	0.049177
20	67	0.049171
20	24	0.049171
19	40	0.049166
41	70	0.049159
20	57	0.049159
56	74	0.049158
46	75	0.049155
22	42	0.049153
20	36	0.049153
65	82	0.049153
16	74	0.04915
83	94	0.049143
23	76	0.049135
20	62	0.049129
43	75	0.049125
2	19	0.049121
33	98	0.049121
1	68	0.049119
58	75	0.049118
48	82	0.04911
62	84	0.04911
18	76	0.049109
63	74	0.049107
1	19	0.049107
53	82	0.049104
63	69	0.049104
46	94	0.049103
28	69	0.049097
20	43	0.049095
41	77	0.04909
69	95	0.049088
20	58	0.049088
37	82	0.049085
71	96	0.049083
42	50	0.04908
22	61	0.049071
68	92	0.04907
72	92	0.049068
49	62	0.049064
70	88	0.049061
70	90	0.04906
13	86	0.049052
69	87	0.049052
25	77	0.049049
1	98	0.049048
70	89	0.049046
68	86	0.049037
31	82	0.049034
13	95	0.049031
3	82	0.049027
19	86	0.049025
68	95	0.049016
15	98	0.049012
30	76	0.049009
40	95	0.049008
77	93	0.049006
47	75	0.049003
19	95	0.049003
17	82	0.049001
50	61	0.048996
41	73	0.048995
13	87	0.048994
21	49	0.048985
26	49	0.048984
68	87	0.048978
88	97	0.048977
21	87	0.048971
57	83	0.048969
40	99	0.048961
25	73	0.048953
40	72	0.04895
55	82	0.048948
33	72	0.048945
21	84	0.048945
26	84	0.048943
67	82	0.048939
24	82	0.048938
56	77	0.048927
26	87	0.048925
52	61	0.048924
16	77	0.048919
36	82	0.048919
49	84	0.048907
23	49	0.048905
45	74	0.048897
33	96	0.048895
51	69	0.048894
14	70	0.048893
62	82	0.048891
74	93	0.048891
46	82	0.048889
30	67	0.048888
16	18	0.048884
33	99	0.04888
54	75	0.04888
63	77	0.048871
30	98	0.04887
28	76	0.048868
1	72	0.048866
18	19	0.04886
2	77	0.04886
28	83	0.048856
43	82	0.048854
58	82	0.048846
22	89	0.04884
23	75	0.04884
1	93	0.048833
41	83	0.048828
56	73	0.048825
69	89	0.048818
51	85	0.048818
16	73	0.048817
51	68	0.048816
63	84	0.048815
1	96	0.048814
22	94	0.048812
18	75	0.04881
20	23	0.048806
21	71	0.048803
14	97	0.048803
26	71	0.048802
19	51	0.048802
13	64	0.048794
16	49	0.048785
25	83	0.048783
18	20	0.048776
42	85	0.048775
72	86	0.048775
50	88	0.048775
42	68	0.048773
22	63	0.048765
44	76	0.048765
37	74	0.048764
49	71	0.048763
61	69	0.048759
2	73	0.048755
74	91	0.048751
18	50	0.048749
63	72	0.048748
55	74	0.048746
1	17	0.048741
51	98	0.048734
50	94	0.048728
71	84	0.048719
47	82	0.048718
65	74	0.048713
31	74	0.048706
40	55	0.048706
22	90	0.048703
3	74	0.048698
52	88	0.048697
13	61	0.048694
42	98	0.04869
61	85	0.048679
14	22	0.048674
16	46	0.048672
17	74	0.048669
64	75	0.048663
27	77	0.048662
19	61	0.048662
52	94	0.048648
56	83	0.048646
25	70	0.04864
45	77	0.048639
87	99	0.048638
16	83	0.048637
3	63	0.048626
50	90	0.048615
32	75	0.048605
73	92	0.048604
21	33	0.048593
26	33	0.048591
61	98	0.048591
41	97	0.04859
14	50	0.048585
29	77	0.048582
54	82	0.04858
52	53	0.048579
21	93	0.048577
36	74	0.048574
2	83	0.048571
27	73	0.048549
62	74	0.048543
25	97	0.04854
28	75	0.048536
23	82	0.048535
40	49	0.048533
52	90	0.048532
51	72	0.048528
45	73	0.048525
73	93	0.048518
69	88	0.048516
18	82	0.048502
14	52	0.048502
33	84	0.048501
43	74	0.048501
26	58	0.048496
56	70	0.048495
58	74	0.048492
37	77	0.048492
27	58	0.048491
22	32	0.048489
16	70	0.048486
40	84	0.048485
48	68	0.04848
42	72	0.04848
32	53	0.04848
66	75	0.048471
51	96	0.048469
69	94	0.048464
40	47	0.04846
15	21	0.048458
51	99	0.048452
46	50	0.048451
22	41	0.04845
13	88	0.048445
65	77	0.048435
63	70	0.04843
48	73	0.04843
21	29	0.04843
1	3	0.048428
31	77	0.048428
68	88	0.048426
13	89	0.048425
42	96	0.048421
3	77	0.048419
2	70	0.048417
15	49	0.048412
19	88	0.04841
55	77	0.048408
1	84	0.048408
68	89	0.048406
42	99	0.048403
21	86	0.048398
53	73	0.048397
22	29	0.048395
56	97	0.04839
19	89	0.04839
47	96	0.048388
52	67	0.048386
16	97	0.048381
30	82	0.048374
61	72	0.048373
37	73	0.048372
21	95	0.04837
26	95	0.048369
46	54	0.048364
57	73	0.048364
15	84	0.048362
73	91	0.048358
19	94	0.048356
14	66	0.048356
41	50	0.048354
49	86	0.048351
27	83	0.048351
47	74	0.048346
69	90	0.048341
64	82	0.048337
33	71	0.048334
45	83	0.048325
49	95	0.048323
63	97	0.048323
40	71	0.048317
61	96	0.048311
2	97	0.048309
67	77	0.048308
14	69	0.048308
25	50	0.048301
3	73	0.048296
61	99	0.048293
36	77	0.048283
18	42	0.048279
49	87	0.048275
32	82	0.048272
13	90	0.048265
41	52	0.048264
17	73	0.048263
27	89	0.048262
62	77	0.048248
70	92	0.048246
68	90	0.048245
46	77	0.048245
22	56	0.048241
52	63	0.048236
13	14	0.048232
30	49	0.048228
19	90	0.048228
23	71	0.048217
14	85	0.048214
14	68	0.048211
25	52	0.048209
58	72	0.048206
43	77	0.048202
16	69	0.048199
26	55	0.048197
48	83	0.048197
28	82	0.048195
14	19	0.048194
55	73	0.048192
58	77	0.048192
53	83	0.048188
57	82	0.048184
67	73	0.048181
21	54	0.048171
46	47	0.048163
37	83	0.048162
45	70	0.048157
36	73	0.048154
70	93	0.048149
50	56	0.048138
23	74	0.048137
16	50	0.048128
66	82	0.048122
71	86	0.048121
62	73	0.048119
26	51	0.048114
49	64	0.048112
14	98	0.048111
17	95	0.048109
18	74	0.048099
72	88	0.048095
49	57	0.048093
71	95	0.048092
29	70	0.048091
31	83	0.04809
23	97	0.048072
43	73	0.04807
27	97	0.048068
33	40	0.048067
50	63	0.048065
44	82	0.048065
21	42	0.048061
58	73	0.04806
26	42	0.048059
41	69	0.048054
2	50	0.04805
17	83	0.048044
52	56	0.048041
45	97	0.04804
71	87	0.04804
72	94	0.048035
16	52	0.048031
47	77	0.048031
48	70	0.048021
53	70	0.048013
42	49	0.048009
25	69	0.047995
3	84	0.047993
37	70	0.047985
1	33	0.047978
14	26	0.047976
13	41	0.047972
29	97	0.047971
22	92	0.04797
55	83	0.047969
70	91	0.047968
67	83	0.047957
24	83	0.047955
30	74	0.047954
41	85	0.047952
42	84	0.047952
64	69	0.047952
2	52	0.047951
41	68	0.047949
25	61	0.047943
14	99	0.04794
21	61	0.047938
26	61	0.047936
19	41	0.047931
36	83	0.047929
65	70	0.047918
13	25	0.047911
64	74	0.047911
22	27	0.047903
48	97	0.047899
3	70	0.047899
47	73	0.047892
25	85	0.047892
53	97	0.047891
62	83	0.04789
25	68	0.047889
46	83	0.047886
49	61	0.047885
22	45	0.047873
19	25	0.04787
22	93	0.047865
37	97	0.047861
17	70	0.047861
50	92	0.047859
54	77	0.047857
33	86	0.047855
53	88	0.047845
41	98	0.047841
37	72	0.04784
43	83	0.047838
32	74	0.047838
40	86	0.047835
58	83	0.047827
61	84	0.047826
33	95	0.047823
25	46	0.047822
56	69	0.047817
30	73	0.047816
51	71	0.047813
62	63	0.047804
23	77	0.0478
65	97	0.047792
16	67	0.047784
14	96	0.047784
31	97	0.047783
25	98	0.047778
42	95	0.047773
3	97	0.047772
24	70	0.047767
33	87	0.047767
18	77	0.047759
45	50	0.047758
17	28	0.047756
66	73	0.047754
42	71	0.047754
52	92	0.047753
28	74	0.04775
50	93	0.04775
40	87	0.047747
1	86	0.047741
36	70	0.047739
57	74	0.047738
17	97	0.047733
13	56	0.047729
22	48	0.047726
2	69	0.04772
13	16	0.047717
54	73	0.047711
56	85	0.047708
56	68	0.047705
62	70	0.047699
64	73	0.047699
16	85	0.047697
46	70	0.047694
16	68	0.047693
2	63	0.047691
22	37	0.047686
19	56	0.047685
15	86	0.047685
29	50	0.047684
22	91	0.047668
66	74	0.047667
15	95	0.047651
55	97	0.047651
45	52	0.04765
1	87	0.04765
47	83	0.047648
13	63	0.047647
13	93	0.047645
43	70	0.047644
52	93	0.047641
67	97	0.047638
24	97	0.047636
2	28	0.047633
26	32	0.047632
58	70	0.047632
2	13	0.04763
63	68	0.047622
26	27	0.047622
61	71	0.04762
21	88	0.04762
26	37	0.047618
26	88	0.047618
22	65	0.047613
1	36	0.047612
2	85	0.047609
36	97	0.047607
48	50	0.047607
14	40	0.047603
44	74	0.047602
50	53	0.047597
21	89	0.047595
26	89	0.047593
3	86	0.047589
56	98	0.047589
30	72	0.047588
28	50	0.047583
16	98	0.047577
29	52	0.047574
37	50	0.047565
62	97	0.047565
29	96	0.047564
49	88	0.047562
46	97	0.047561
17	22	0.047551
26	94	0.04755
50	91	0.047546
14	47	0.047541
49	89	0.047536
33	51	0.047522
67	69	0.04752
19	54	0.047512
69	92	0.04751
43	97	0.047508
63	98	0.047503
58	97	0.047496
48	52	0.047494
49	94	0.047493
50	65	0.04749
41	96	0.047487
2	98	0.047486
31	50	0.047481
32	77	0.04747
3	50	0.047469
3	19	0.047464
41	99	0.047464
33	42	0.047458
37	52	0.047451
22	67	0.047451
22	24	0.04745
47	70	0.047443
55	85	0.04744
27	69	0.047434
27	36	0.047433
52	91	0.047432
17	50	0.047426
22	36	0.047419
25	96	0.047418
27	29	0.047415
13	92	0.047414
29	98	0.047406
65	67	0.047402
45	69	0.0474
25	99	0.047395
23	83	0.047392
21	90	0.047391
69	93	0.04739
26	90	0.047388
22	62	0.047375
52	65	0.047374
28	77	0.047374
19	92	0.047367
31	52	0.047364
55	84	0.047358
17	49	0.047355
3	52	0.047352
14	21	0.047348
18	83	0.047346
50	55	0.047338
13	27	0.047336
31	84	0.047332
1	42	0.047331
49	90	0.047329
24	50	0.047321
29	69	0.047318
22	43	0.047316
27	85	0.047313
17	52	0.047308
22	58	0.047303
13	45	0.047302
47	97	0.047301
22	54	0.047297
36	50	0.04729
19	27	0.047288
17	23	0.047286
66	77	0.047282
45	85	0.047279
45	68	0.047275
71	88	0.047273
85	93	0.047269
68	93	0.047266
51	86	0.047253
19	45	0.047253
71	89	0.047245
50	62	0.047245
19	93	0.047243
54	70	0.04724
48	69	0.047233
53	69	0.047223
55	94	0.047222
13	29	0.047218
62	64	0.047217
14	84	0.047216
51	95	0.047216
56	96	0.04721
28	73	0.047209
25	29	0.047201
24	52	0.0472
71	94	0.047199
16	96	0.047197
29	85	0.047195
37	69	0.047188
56	99	0.047186
43	50	0.047183
1	61	0.047182
27	98	0.047181
53	94	0.047173
16	99	0.047172
50	58	0.04717
36	52	0.047168
30	83	0.047168
69	91	0.047167
24	54	0.047164
51	87	0.04715
45	98	0.047145
44	48	0.04714
36	72	0.047133
52	62	0.047121
15	61	0.047118
63	96	0.047117
46	52	0.047117
64	83	0.047115
65	69	0.047106
25	86	0.047105
22	47	0.047098
31	69	0.047095
28	71	0.047094
53	68	0.047093
63	99	0.047092
26	36	0.04709
54	97	0.04709
13	37	0.047085
1	24	0.047082
19	48	0.04708
2	99	0.047072
19	53	0.04707
28	43	0.047067
13	91	0.047064
37	85	0.04706
43	52	0.047058
37	68	0.047057
52	58	0.047045
24	42	0.047036
68	91	0.047036
48	71	0.047036
17	69	0.047036
19	37	0.047033
61	86	0.04703
1	45	0.047029
32	83	0.047025
71	90	0.047023
21	41	0.047016
26	41	0.047013
19	91	0.047012
3	71	0.047009
13	65	0.047
66	99	0.046997
15	64	0.046995
61	95	0.046991
13	31	0.04699
53	99	0.046984
53	62	0.046984
65	85	0.046976
2	71	0.046974
18	97	0.046971
48	98	0.046968
31	85	0.046965
31	68	0.046961
26	47	0.046961
53	98	0.046957
3	85	0.046952
33	88	0.046939
55	69	0.046938
19	31	0.046937
30	70	0.046937
13	17	0.046929
18	71	0.046928
17	44	0.046925
61	87	0.046922
37	98	0.04692
40	88	0.046914
53	96	0.046912
33	89	0.046909
48	99	0.046904
17	85	0.046904
17	68	0.0469
36	69	0.046886
40	89	0.046884
64	70	0.046882
41	84	0.046874
25	49	0.04687
33	94	0.046859
27	72	0.046856
25	55	0.046847
40	94	0.046834
65	98	0.046833
46	69	0.046831
13	55	0.046829
31	98	0.046822
66	83	0.046816
13	67	0.046813
13	24	0.046811
3	98	0.046808
72	93	0.046807
27	45	0.046802
55	68	0.0468
1	88	0.046795
25	84	0.046795
42	51	0.04679
67	85	0.046787
32	70	0.046787
24	85	0.046785
67	68	0.046783
24	68	0.046781
30	97	0.046777
13	36	0.046775
19	55	0.046775
43	69	0.046769
1	89	0.046765
3	90	0.046764
27	96	0.046764
17	98	0.046759
19	67	0.046758
58	69	0.046755
44	50	0.046752
36	85	0.04675
36	68	0.046745
27	99	0.046736
30	52	0.046734
15	88	0.046726
13	62	0.046725
45	96	0.046724
19	36	0.046721
64	97	0.046719
13	46	0.046719
1	94	0.046713
26	56	0.046704
62	85	0.046699
21	45	0.046698
45	99	0.046697
15	89	0.046695
62	68	0.046695
46	85	0.046693
46	68	0.046689
49	92	0.046678
28	70	0.046674
33	63	0.04667
19	62	0.046669
33	90	0.046669
19	46	0.046664
57	70	0.046658
13	43	0.046656
55	98	0.046655
30	45	0.046649
15	94	0.046642
13	58	0.046641
17	40	0.046641
67	98	0.046638
24	98	0.046636
49	56	0.046634
43	85	0.04663
43	68	0.046625
51	61	0.046622
32	97	0.046621
14	33	0.046618
58	85	0.046615
58	68	0.04661
29	99	0.046601
19	43	0.0466
26	63	0.0466
36	98	0.0466
40	54	0.046596
21	47	0.046595
1	27	0.046592
19	58	0.046585
66	70	0.046567
56	84	0.046555
72	91	0.046552
62	98	0.046547
86	94	0.046545
46	98	0.046542
16	84	0.04654
25	71	0.046531
48	96	0.04653
49	63	0.046528
47	69	0.046523
1	90	0.046517
23	52	0.046516
2	49	0.046506
28	97	0.046505
57	95	0.046501
17	71	0.04649
57	97	0.046487
44	70	0.046484
37	96	0.046477
43	98	0.046476
27	65	0.046469
1	14	0.046465
58	98	0.04646
18	52	0.04646
3	72	0.046455
37	99	0.046448
15	90	0.046444
14	92	0.04644
2	84	0.046425
29	64	0.046422
13	47	0.046404
66	97	0.046394
30	50	0.046392
65	96	0.046382
47	85	0.046376
41	62	0.046374
47	68	0.046372
31	96	0.04637
25	40	0.046358
16	63	0.046356
65	99	0.046352
52	64	0.046348
31	99	0.04634
50	64	0.04633
3	99	0.046325
44	97	0.046307
21	92	0.046307
26	92	0.046304
47	94	0.0463
17	96	0.0463
48	57	0.046293
55	72	0.046291
67	72	0.046273
24	72	0.046271
17	99	0.04627
22	28	0.046264
16	71	0.046262
17	33	0.046245
33	41	0.046229
32	50	0.046224
47	98	0.046215
27	43	0.046209
21	27	0.046208
27	55	0.046206
23	69	0.046192
55	96	0.046187
64	67	0.046182
45	64	0.046177
42	88	0.046175
15	56	0.046175
46	72	0.046169
67	96	0.046169
24	96	0.046167
25	88	0.046161
55	99	0.046157
51	89	0.046151
26	93	0.046149
13	54	0.046148
22	66	0.046148
67	99	0.046138
24	99	0.046136
49	53	0.046133
18	69	0.046132
36	96	0.046126
54	85	0.046119
26	62	0.046117
54	68	0.046114
36	99	0.046095
36	66	0.04609
45	49	0.046083
50	57	0.04608
32	52	0.046071
28	41	0.046071
49	93	0.046071
62	96	0.046069
44	72	0.046065
13	23	0.046065
42	89	0.046065
1	41	0.046063
46	96	0.046063
44	55	0.046061
41	46	0.046048
27	84	0.04604
62	99	0.046037
23	85	0.046035
46	99	0.046031
23	68	0.046031
66	71	0.04602
42	94	0.046005
13	18	0.046004
45	84	0.045995
15	67	0.045994
43	96	0.045991
50	66	0.045979
29	49	0.045976
40	67	0.045975
18	85	0.045974
58	96	0.045974
18	68	0.045969
54	95	0.045964
43	99	0.045959
24	71	0.045957
54	98	0.045949
21	48	0.045947
28	52	0.045942
58	99	0.045942
17	84	0.045935
21	53	0.045934
52	57	0.045923
61	88	0.045907
21	37	0.045888
31	51	0.045888
29	84	0.045886
41	86	0.045873
51	90	0.045872
61	89	0.045871
33	56	0.045866
48	49	0.045864
23	98	0.045863
21	91	0.045862
26	91	0.045859
71	92	0.045843
40	56	0.045836
1	57	0.045826
28	87	0.045826
41	95	0.045823
44	86	0.045823
52	66	0.045819
47	72	0.045818
14	51	0.045813
61	94	0.045809
18	24	0.045808
37	49	0.045804
18	98	0.0458
42	90	0.045781
49	91	0.045777
29	71	0.045774
48	84	0.045772
13	30	0.045769
21	31	0.045768
26	31	0.045765
1	67	0.045759
26	66	0.045752
30	85	0.045738
41	87	0.045737
30	68	0.045733
25	95	0.045727
44	52	0.045723
53	71	0.045723
18	40	0.045721
54	96	0.045721
2	33	0.045718
37	84	0.045711
49	65	0.045696
48	95	0.045693
17	21	0.045691
2	40	0.045687
31	49	0.045682
71	93	0.045674
47	99	0.045671
15	92	0.045671
64	85	0.045668
3	49	0.045665
64	68	0.045663
25	87	0.045638
14	53	0.04561
1	58	0.045605
65	84	0.045602
28	31	0.045595
15	16	0.045586
13	32	0.045581
61	90	0.045577
18	61	0.045571
1	63	0.045563
57	69	0.045561
30	96	0.045554
15	58	0.04555
21	67	0.045544
32	68	0.045544
21	24	0.045542
24	26	0.045539
15	46	0.045538
54	72	0.045533
14	61	0.045515
19	32	0.045513
64	96	0.045502
21	36	0.045497
56	86	0.045486
64	98	0.045485
49	55	0.045476
15	63	0.045476
16	86	0.045468
13	28	0.04544
23	72	0.04544
51	92	0.045438
23	40	0.045437
56	95	0.045434
21	62	0.045433
28	29	0.045425
26	46	0.045423
16	95	0.045415
17	66	0.045414
15	47	0.045413
28	85	0.045408
36	49	0.045407
28	68	0.045402
33	92	0.045397
57	85	0.045387
57	68	0.045381
18	72	0.045373
19	28	0.045371
16	88	0.045363
32	98	0.045362
71	91	0.045359
67	84	0.045357
63	86	0.045356
56	67	0.045356
19	57	0.04535
44	69	0.045349
21	43	0.045346
56	87	0.045341
21	58	0.045327
64	99	0.045323
16	87	0.045322
23	96	0.04532
45	66	0.045309
36	84	0.045308
13	66	0.045307
63	95	0.045302
30	44	0.045302
2	27	0.045286
23	99	0.045284
27	33	0.045282
16	17	0.04528
2	95	0.045275
66	85	0.045273
65	71	0.045273
66	68	0.045268
41	42	0.045262
27	56	0.045258
25	51	0.045256
43	49	0.045254
18	96	0.045251
19	66	0.045235
46	84	0.045235
49	58	0.045234
33	45	0.04523
28	98	0.045216
33	93	0.045216
18	99	0.045215
40	45	0.045197
57	98	0.045195
31	90	0.045189
40	93	0.045182
2	87	0.04518
44	85	0.045168
30	66	0.045165
44	68	0.045163
62	71	0.045158
25	42	0.045156
43	84	0.045152
55	86	0.045148
58	84	0.045133
19	44	0.04513
29	33	0.045107
14	30	0.045102
66	98	0.045078
29	41	0.045074
33	53	0.045073
29	40	0.045072
57	86	0.045061
41	61	0.04504
55	71	0.045037
66	72	0.045012
1	62	0.04501
63	66	0.045007
14	88	0.044983
1	37	0.044982
33	48	0.044977
44	98	0.044969
32	96	0.044962
30	99	0.044948
31	86	0.044947
14	89	0.044941
51	56	0.04494
15	45	0.044939
47	49	0.044931
40	53	0.044926
15	93	0.044924
16	51	0.04492
33	37	0.044908
46	71	0.044886
31	87	0.04488
33	91	0.044877
37	40	0.044873
14	94	0.04487
27	86	0.044864
63	89	0.044848
40	91	0.044842
65	86	0.044841
54	87	0.044835
42	56	0.044835
47	84	0.044824
16	42	0.044814
15	29	0.04481
45	86	0.044809
27	95	0.044806
18	88	0.044804
51	63	0.044798
33	65	0.044784
1	48	0.044774
31	33	0.044768
1	53	0.044757
53	89	0.044752
45	95	0.044751
3	33	0.044748
40	65	0.044748
24	41	0.044747
25	67	0.044739
32	99	0.044734
18	41	0.044724
3	40	0.044712
27	87	0.044704
1	47	0.04468
3	41	0.044679
29	86	0.044678
28	62	0.044672
1	91	0.044671
51	55	0.044658
48	56	0.044656
45	87	0.044648
3	87	0.04462
29	95	0.044618
17	42	0.044615
28	96	0.044613
15	37	0.044603
14	90	0.044601
56	61	0.044599
25	54	0.044592
57	96	0.04459
53	90	0.044587
15	91	0.044571
44	64	0.044561
1	31	0.044558
23	42	0.044556
17	46	0.044555
56	64	0.044554
57	99	0.04455
48	86	0.04454
33	55	0.044531
53	86	0.044523
29	87	0.044513
33	67	0.044506
24	33	0.044504
54	84	0.044492
15	65	0.044473
41	88	0.044467
37	86	0.044467
66	96	0.044462
53	95	0.044462
15	31	0.044457
47	71	0.044454
33	36	0.044451
41	89	0.044422
2	61	0.044419
36	40	0.044413
37	95	0.044405
44	96	0.044393
23	84	0.044384
33	62	0.044376
48	87	0.044373
33	46	0.044369
14	54	0.044368
67	89	0.044362
53	87	0.044355
41	94	0.044345
16	24	0.044344
40	62	0.044338
3	56	0.044335
40	46	0.04433
1	55	0.044314
18	84	0.044305
44	99	0.044303
25	89	0.044302
37	87	0.044298
15	23	0.044291
65	88	0.044287
42	92	0.044284
33	43	0.044275
65	95	0.044272
31	95	0.044255
33	58	0.044253
23	41	0.044251
40	43	0.044236
66	87	0.044225
25	94	0.044225
3	17	0.044222
17	86	0.044221
40	58	0.044214
15	55	0.044209
45	51	0.044204
3	51	0.044193
51	93	0.044188
65	87	0.044162
30	86	0.044162
1	46	0.044147
26	64	0.044137
30	57	0.044107
23	88	0.044094
42	93	0.044071
1	43	0.044067
29	51	0.044061
41	90	0.044056
15	62	0.044048
17	87	0.044047
67	86	0.044039
24	86	0.044036
61	92	0.044029
30	84	0.044001
55	95	0.044
21	32	0.043992
56	88	0.043988
43	66	0.043981
31	45	0.04398
36	86	0.04398
67	95	0.043974
24	95	0.043971
44	51	0.043952
29	42	0.043942
15	43	0.043942
56	89	0.04394
25	90	0.043931
16	89	0.043917
36	95	0.043915
64	84	0.043911
33	47	0.043904
62	86	0.043901
46	86	0.043893
27	61	0.043889
55	87	0.043887
67	87	0.04386
56	94	0.043859
24	87	0.043857
14	25	0.043853
14	67	0.043844
1	23	0.043836
16	94	0.043836
62	95	0.043835
37	51	0.043832
63	88	0.043827
45	61	0.043826
46	95	0.043826
21	28	0.043815
48	94	0.043813
61	93	0.043809
30	31	0.043808
14	27	0.043805
36	87	0.0438
51	91	0.043797
2	88	0.043794
43	86	0.043793
42	48	0.043791
37	47	0.043785
42	53	0.043772
58	86	0.04377
32	95	0.043762
63	90	0.043761
32	84	0.043757
2	89	0.043744
64	86	0.043729
43	95	0.043726
62	87	0.043719
46	87	0.043711
58	95	0.043703
28	49	0.043701
51	65	0.043689
29	61	0.043677
42	91	0.043674
2	94	0.043661
21	66	0.043647
43	87	0.043609
58	87	0.043585
28	84	0.043576
42	65	0.043564
56	90	0.043551
57	84	0.043549
49	66	0.043531
33	54	0.043529
16	90	0.043528
48	61	0.04352
28	65	0.043512
24	66	0.043509
24	47	0.043501
53	61	0.043501
47	95	0.043481
17	67	0.043464
14	16	0.043445
37	61	0.043436
15	18	0.043435
18	45	0.043423
28	51	0.043415
23	33	0.043406
66	84	0.043403
47	86	0.043399
61	91	0.043399
25	48	0.043363
2	90	0.043346
32	71	0.043331
25	27	0.043321
18	33	0.043317
63	65	0.043316
25	92	0.043313
36	51	0.043305
61	65	0.043286
48	58	0.043279
44	84	0.043268
42	55	0.043268
31	61	0.043267
17	41	0.043266
25	41	0.043253
28	42	0.043248
3	61	0.043243
65	90	0.04322
27	88	0.04322
54	67	0.043219
51	62	0.043219
47	87	0.043206
29	89	0.043204
27	53	0.043183
17	61	0.043157
45	88	0.043152
43	51	0.043102
45	89	0.043099
36	48	0.043082
42	46	0.043078
1	18	0.043078
27	94	0.043078
51	58	0.043077
53	91	0.043054
45	48	0.043021
45	94	0.043009
54	86	0.043
29	88	0.04299
55	61	0.04298
30	33	0.042974
16	54	0.042971
23	27	0.04296
61	67	0.042951
24	61	0.042947
53	57	0.042943
30	40	0.042929
3	48	0.042907
36	61	0.042884
23	67	0.042878
33	64	0.042873
23	86	0.042871
31	41	0.042864
18	66	0.042864
29	94	0.042845
40	64	0.042828
48	88	0.042821
16	41	0.042816
23	95	0.042796
61	62	0.042794
18	56	0.042791
46	61	0.042784
18	86	0.042776
48	89	0.042766
15	66	0.042754
27	90	0.042741
37	88	0.042731
1	30	0.042713
18	95	0.042701
32	33	0.0427
17	18	0.042698
25	56	0.042697
54	65	0.042692
47	51	0.042675
37	89	0.042675
43	61	0.042671
45	90	0.04267
23	87	0.042666
41	63	0.042658
58	61	0.042645
1	64	0.042609
25	63	0.042596
47	56	0.042589
15	30	0.042586
37	94	0.042581
27	41	0.042575
23	61	0.042573
18	87	0.042569
14	93	0.04256
46	63	0.042553
31	88	0.042547
28	30	0.042542
42	47	0.042536
3	88	0.042521
65	89	0.042511
28	37	0.042506
29	90	0.042499
28	33	0.042496
1	44	0.04248
2	25	0.042472
33	57	0.042465
3	89	0.042465
28	40	0.042448
1	32	0.042431
17	88	0.042429
65	94	0.042416
14	29	0.042407
25	31	0.042396
31	94	0.042395
17	89	0.042372
3	94	0.042368
30	95	0.042334
48	90	0.042321
33	66	0.042301
15	32	0.0423
45	63	0.042292
17	94	0.042275
40	66	0.042253
48	62	0.042251
51	54	0.042244
55	88	0.042237
16	56	0.042233
37	90	0.042226
64	95	0.042226
47	61	0.042224
67	88	0.042206
24	88	0.042202
30	87	0.042198
55	89	0.042179
29	63	0.042175
33	44	0.04215
24	89	0.042144
41	92	0.042138
36	88	0.042134
32	86	0.042122
42	54	0.042098
63	92	0.042096
14	91	0.042089
64	87	0.042088
44	92	0.042088
66	86	0.042075
36	89	0.042074
15	57	0.042055
67	94	0.042048
24	94	0.042044
62	88	0.042036
46	88	0.042026
2	16	0.041997
62	89	0.041977
36	94	0.041975
47	58	0.041969
46	89	0.041966
14	65	0.041959
62	66	0.041922
44	95	0.041917
17	90	0.041909
28	86	0.041905
43	88	0.041904
32	87	0.041901
32	51	0.041893
62	94	0.041876
58	88	0.041876
41	93	0.041867
43	89	0.041844
17	43	0.041833
55	63	0.041831
28	95	0.041823
24	62	0.041822
58	89	0.041815
14	17	0.041811
25	53	0.041808
54	61	0.041773
43	94	0.041742
25	45	0.04173
15	44	0.041727
23	66	0.041724
32	42	0.041723
58	94	0.041713
25	93	0.041708
55	90	0.041707
55	93	0.041706
43	48	0.041702
67	90	0.041674
24	90	0.04167
57	87	0.041646
25	44	0.041635
66	95	0.041615
27	37	0.041613
30	51	0.041608
14	55	0.041608
44	46	0.041603
36	90	0.041598
14	24	0.04157
28	53	0.041541
66	94	0.041534
3	23	0.041528
56	92	0.041515
62	90	0.041496
51	64	0.041492
16	92	0.041485
46	90	0.041485
51	66	0.041467
53	56	0.041454
47	88	0.041422
37	64	0.041394
36	47	0.041391
18	28	0.041389
14	46	0.041384
46	65	0.041368
41	91	0.041363
47	89	0.041359
43	90	0.041357
58	90	0.041327
44	87	0.041305
16	27	0.041301
2	53	0.041298
16	55	0.041283
30	37	0.041277
2	92	0.041262
54	55	0.041251
25	37	0.041243
32	63	0.041243
56	93	0.041227
16	45	0.04122
16	93	0.041197
25	91	0.041196
16	29	0.041193
31	92	0.041169
29	30	0.041166
55	66	0.041162
24	67	0.041134
27	63	0.041118
30	61	0.041108
45	53	0.041081
28	89	0.041078
16	31	0.041078
53	55	0.04106
25	65	0.041055
29	56	0.041054
48	67	0.041053
62	67	0.041026
63	93	0.041012
3	25	0.041002
23	45	0.041
18	67	0.040999
61	64	0.040987
16	53	0.040982
2	93	0.040968
44	94	0.040954
16	48	0.040943
16	66	0.040942
3	53	0.040939
54	88	0.040936
63	64	0.040925
54	94	0.040881
54	89	0.04087
42	57	0.040863
47	90	0.04085
29	66	0.040834
43	53	0.04082
2	29	0.040791
23	56	0.040765
23	89	0.040711
16	37	0.04071
56	91	0.040693
2	66	0.040681
31	48	0.040677
57	64	0.040675
42	66	0.040673
16	91	0.040661
37	48	0.040637
36	64	0.040636
24	25	0.040634
48	63	0.040628
53	63	0.040603
23	94	0.040598
18	89	0.040595
2	48	0.040582
14	18	0.040579
23	25	0.040576
25	36	0.040555
56	65	0.040546
17	27	0.040542
28	61	0.040536
27	92	0.040518
37	63	0.040518
16	65	0.040514
57	90	0.040507
57	61	0.0405
42	44	0.040497
18	94	0.040482
43	47	0.040477
31	46	0.040472
63	91	0.040468
2	17	0.040462
3	16	0.040458
25	62	0.040443
45	92	0.040431
14	23	0.040424
2	91	0.040422
28	32	0.040387
24	44	0.040385
17	56	0.040379
54	90	0.040339
57	92	0.040319
66	92	0.040309
61	66	0.040304
25	43	0.040292
24	28	0.040291
17	55	0.04028
2	65	0.040271
25	58	0.040259
17	37	0.040226
29	92	0.040222
30	88	0.040221
17	91	0.040218
27	93	0.040205
23	90	0.040173
29	31	0.040173
24	53	0.040165
30	89	0.040151
55	56	0.040149
17	63	0.040149
44	61	0.040123
45	93	0.040116
24	56	0.040107
64	88	0.04009
48	91	0.040079
30	36	0.040063
18	25	0.040056
18	90	0.040053
30	94	0.040033
24	92	0.040029
37	66	0.040026
64	89	0.04002
48	92	0.040004
16	36	0.039991
53	92	0.039977
30	58	0.039975
29	45	0.039927
27	64	0.039904
29	93	0.039902
64	94	0.039901
46	56	0.039896
18	27	0.039892
37	92	0.039887
63	67	0.039875
16	62	0.039874
24	63	0.039871
32	88	0.039868
2	55	0.039866
2	24	0.039823
58	63	0.039821
41	54	0.039808
32	89	0.039796
36	63	0.039787
29	91	0.039764
28	45	0.039743
53	66	0.039739
25	47	0.039738
28	94	0.039726
16	43	0.039716
54	56	0.039706
31	58	0.039688
16	58	0.039681
65	92	0.039678
48	93	0.039678
32	94	0.039675
53	93	0.039651
53	64	0.039635
3	18	0.039634
27	91	0.039625
3	92	0.039618
2	46	0.039607
28	88	0.039605
28	55	0.0396
37	54	0.039597
57	94	0.039593
30	90	0.039589
53	58	0.039587
57	88	0.039566
55	91	0.039562
37	93	0.039559
58	64	0.039551
45	91	0.039532
43	63	0.039508
17	92	0.0395
57	89	0.039493
23	24	0.039492
29	48	0.039482
29	53	0.039454
64	90	0.039452
27	31	0.039438
3	27	0.039404
45	65	0.039371
29	37	0.039362
66	88	0.039356
65	93	0.039345
31	93	0.039318
28	48	0.039312
36	53	0.0393
3	93	0.039283
66	89	0.039282
55	92	0.039254
55	67	0.039226
32	90	0.039219
67	92	0.039213
17	45	0.039189
44	88	0.039162
17	93	0.039162
28	90	0.039154
16	47	0.039138
36	92	0.039121
37	53	0.0391
44	89	0.039087
3	29	0.039082
47	48	0.039079
24	27	0.039044
28	63	0.039002
62	92	0.038996
46	92	0.038983
17	58	0.038968
17	29	0.038959
37	91	0.03895
45	55	0.038937
31	37	0.03893
47	63	0.038921
48	65	0.038908
24	45	0.038891
53	65	0.038879
2	47	0.038869
53	67	0.038869
67	93	0.038869
28	36	0.038866
24	93	0.038864
31	53	0.038851
44	66	0.038845
43	92	0.038828
23	93	0.038803
29	54	0.038791
58	92	0.038791
37	65	0.038783
36	93	0.038774
27	62	0.038773
17	47	0.038766
46	93	0.038764
27	46	0.03876
30	43	0.038752
24	64	0.038751
65	91	0.038726
17	48	0.03872
31	36	0.03871
54	63	0.038709
29	55	0.038704
31	91	0.038698
17	53	0.03869
66	90	0.038683
3	91	0.038662
29	67	0.038661
45	46	0.038661
24	29	0.038657
62	93	0.038647
28	58	0.038639
25	66	0.03859
30	41	0.038571
25	57	0.038568
29	36	0.038566
31	65	0.038527
24	31	0.038492
3	65	0.038492
44	90	0.03848
43	93	0.038474
31	32	0.038468
48	55	0.03846
54	58	0.038443
58	93	0.038437
29	62	0.038436
41	64	0.038424
29	46	0.038423
24	48	0.038413
17	30	0.03838
25	30	0.038365
17	65	0.038364
32	66	0.038357
17	31	0.038334
46	66	0.038333
37	55	0.038331
17	54	0.03831
24	37	0.038283
2	54	0.038277
28	44	0.03827
29	43	0.038261
17	36	0.038235
67	91	0.03823
24	91	0.038225
29	58	0.038223
25	64	0.038216
47	92	0.038213
28	46	0.038189
46	48	0.038175
46	53	0.038145
23	63	0.03814
36	91	0.038131
45	54	0.038106
55	65	0.038098
2	23	0.038085
24	46	0.038075
31	55	0.038068
24	65	0.038049
37	46	0.038043
48	66	0.038027
31	67	0.038024
45	47	0.038014
18	63	0.038001
62	91	0.037998
3	67	0.037987
46	91	0.037984
27	47	0.037978
25	32	0.037963
36	65	0.037955
36	54	0.037951
2	18	0.037946
27	30	0.037943
55	57	0.037887
47	93	0.037845
28	56	0.037839
43	64	0.037837
62	65	0.03782
43	91	0.037818
57	65	0.037816
58	91	0.037779
32	92	0.037745
18	55	0.037743
17	62	0.037732
16	28	0.037727
16	30	0.037705
24	43	0.037702
25	28	0.037664
48	64	0.037646
43	65	0.037638
29	47	0.037624
47	53	0.037622
31	43	0.037608
41	66	0.0376
58	65	0.037599
54	92	0.037596
24	55	0.037576
17	57	0.037551
16	64	0.037551
18	46	0.037511
27	54	0.037506
36	55	0.037479
24	36	0.037428
23	92	0.037395
16	44	0.037381
55	62	0.03734
16	32	0.037287
46	67	0.03728
18	92	0.03725
47	67	0.037234
54	93	0.037213
53	54	0.037187
36	46	0.037176
31	47	0.037172
47	91	0.037163
43	55	0.037153
55	58	0.037113
23	28	0.037088
24	58	0.037061
28	64	0.037051
46	62	0.037035
47	65	0.036976
16	57	0.03693
57	63	0.036899
44	63	0.036876
43	54	0.036872
23	62	0.036861
18	93	0.03686
43	46	0.036844
46	58	0.036803
23	29	0.036776
30	92	0.036692
55	64	0.036626
18	29	0.036626
18	53	0.036547
64	92	0.036529
54	91	0.036506
23	48	0.036503
30	53	0.036487
23	53	0.03647
32	67	0.036456
24	30	0.036435
23	37	0.036358
18	48	0.036351
23	91	0.036293
30	93	0.03629
57	66	0.036286
31	54	0.036279
3	54	0.036275
18	37	0.036204
47	62	0.036167
18	91	0.036139
64	93	0.036123
17	64	0.036101
23	65	0.036097
23	31	0.036064
30	48	0.036045
27	32	0.035986
18	65	0.035941
28	92	0.03592
23	55	0.035914
18	31	0.035907
32	93	0.035837
44	93	0.035725
23	46	0.035699
28	57	0.035697
27	28	0.035652
29	57	0.035652
30	47	0.035638
27	57	0.035603
29	32	0.03559
57	93	0.035572
30	91	0.035546
28	93	0.035501
47	64	0.0355
54	62	0.035474
46	57	0.035444
18	62	0.035414
23	36	0.035404
64	91	0.035373
46	64	0.035355
64	66	0.03535
30	65	0.035343
27	66	0.035337
23	32	0.035303
18	32	0.035281
31	44	0.035265
18	36	0.035242
18	58	0.035228
44	65	0.035223
66	93	0.035184
32	46	0.035175
64	65	0.035167
27	44	0.035092
32	91	0.035076
23	43	0.035041
23	58	0.034996
18	43	0.034876
32	65	0.034868
54	57	0.034857
30	55	0.034795
28	91	0.034728
18	54	0.03468
29	44	0.034678
57	91	0.034676
32	55	0.034661
47	57	0.034631
24	57	0.034529
54	64	0.034509
30	46	0.034447
31	57	0.034428
66	91	0.034398
23	47	0.034282
44	91	0.034142
18	47	0.034112
28	67	0.033893
57	67	0.033839
23	57	0.033617
66	67	0.033551
23	54	0.033525
18	64	0.033428
44	67	0.033398
23	64	0.033378
18	57	0.033334
32	47	0.032946
44	47	0.032944
32	54	0.032695
30	54	0.032678
23	30	0.032485
44	54	0.032484
18	30	0.032242
23	44	0.03183
18	44	0.03166