#==========================================================================
# The first and second rows contain site pairs (i, j) such that j > i
# The third row contains coevolutionary scores obtained 
# using PSICOV algorithm.
# Note that in this data sites are counted/labelled starting from 1
#==========================================================================
15	40	0.903991
70	81	0.903944
16	39	0.903942
71	80	0.903928
17	38	0.903787
26	67	0.903773
72	79	0.903604
22	30	0.903247
13	41	0.902332
69	82	0.899807
42	60	0.898956
4	90	0.889001
25	68	0.884929
64	85	0.883246
18	37	0.86049
48	55	0.860225
8	86	0.838506
28	65	0.829787
3	91	0.829162
27	66	0.82156
5	89	0.821428
73	78	0.787568
43	59	0.716126
32	33	0.522146
2	92	0.423993
61	62	0.398575
17	18	0.179118
71	81	0.175944
9	63	0.171371
8	26	0.154688
17	37	0.153604
80	81	0.150776
1	93	0.149632
23	29	0.146307
70	71	0.143423
53	54	0.128002
25	26	0.119799
70	80	0.116043
78	79	0.115523
14	40	0.115004
14	15	0.112111
3	4	0.107656
87	88	0.10178
13	92	0.100031
14	17	0.099967
14	38	0.099772
21	31	0.098687
5	64	0.096177
64	69	0.09541
14	41	0.089892
4	27	0.088859
3	14	0.087262
3	9	0.086456
92	93	0.086378
19	37	0.086189
64	66	0.085133
9	34	0.083571
4	64	0.082861
72	73	0.079956
9	54	0.079602
85	86	0.079421
62	63	0.079076
86	91	0.078015
22	91	0.077918
4	37	0.077887
8	22	0.076148
8	64	0.076042
2	93	0.075948
1	2	0.075885
77	78	0.075049
14	60	0.074836
8	85	0.074669
74	75	0.07458
9	38	0.073659
37	62	0.073376
75	76	0.073199
13	26	0.072953
14	85	0.072935
83	85	0.072923
17	32	0.072436
1	3	0.072401
61	85	0.07227
8	30	0.072194
26	41	0.07209
1	14	0.071938
46	55	0.071201
88	90	0.071183
30	91	0.07092
62	65	0.069935
1	8	0.069829
63	84	0.069174
30	86	0.069165
86	87	0.069083
42	89	0.067776
8	13	0.067723
82	83	0.067444
88	89	0.067413
28	41	0.067349
3	30	0.06721
14	42	0.066932
62	91	0.066685
9	42	0.066618
3	5	0.066487
62	89	0.066453
65	66	0.066318
4	5	0.066162
64	82	0.065618
41	92	0.065389
8	23	0.065314
5	60	0.065281
22	64	0.064763
24	67	0.064733
2	3	0.064038
32	37	0.064011
13	14	0.064009
24	40	0.063946
87	90	0.063934
30	64	0.063909
76	77	0.063672
87	89	0.063502
81	84	0.06344
68	83	0.063376
33	34	0.063304
25	37	0.063253
23	65	0.063232
8	29	0.06307
18	73	0.062789
17	66	0.062609
24	37	0.062607
5	92	0.062368
18	32	0.062116
76	78	0.061733
38	66	0.061663
37	38	0.061586
70	84	0.061501
29	65	0.061497
23	86	0.061401
27	90	0.060995
53	55	0.060898
60	77	0.06073
25	41	0.060598
89	91	0.060555
68	76	0.060413
24	48	0.060331
85	87	0.060284
73	79	0.060171
68	92	0.059972
89	92	0.0598
67	68	0.05968
22	86	0.059645
74	76	0.059498
30	92	0.059475
32	67	0.059456
15	24	0.05916
86	88	0.059135
62	92	0.059095
53	69	0.05904
80	84	0.058785
1	92	0.058784
4	25	0.058736
70	93	0.058663
83	87	0.058662
22	92	0.05861
13	93	0.058579
5	14	0.058516
91	92	0.058457
3	25	0.058423
26	75	0.058407
62	81	0.058382
72	78	0.058343
2	71	0.058324
43	60	0.058243
14	91	0.058227
69	83	0.058188
27	38	0.058185
14	70	0.058067
64	86	0.058061
3	38	0.058038
66	85	0.057995
75	79	0.05792
2	5	0.057787
17	27	0.057776
13	28	0.057752
9	62	0.057694
9	43	0.05763
4	13	0.057628
87	91	0.057627
88	91	0.057608
14	84	0.057605
62	69	0.057605
9	53	0.057585
14	92	0.057577
24	70	0.057439
9	17	0.057433
9	76	0.057427
25	83	0.057373
60	83	0.057252
2	79	0.057198
84	87	0.057129
26	74	0.057122
9	84	0.057088
22	93	0.056992
26	66	0.056984
60	62	0.056959
8	65	0.056921
38	40	0.056894
15	38	0.056876
24	81	0.056724
33	42	0.056608
2	15	0.056521
60	76	0.056517
1	30	0.056392
91	93	0.056367
81	93	0.05625
84	88	0.05618
8	73	0.05609
32	83	0.056088
64	84	0.056063
14	28	0.05604
55	89	0.056034
83	88	0.056031
90	92	0.056026
46	48	0.056007
14	63	0.055964
22	61	0.055938
42	69	0.055926
86	93	0.055863
85	88	0.055826
16	93	0.055806
30	61	0.055764
19	42	0.055726
62	82	0.055705
5	84	0.055692
15	17	0.055671
39	93	0.055624
1	13	0.055586
1	64	0.055527
34	76	0.055479
16	17	0.055372
5	18	0.055304
2	40	0.055266
53	72	0.055256
1	63	0.055214
54	89	0.055183
25	63	0.055121
80	83	0.055108
59	90	0.055034
90	91	0.054989
71	74	0.054976
63	65	0.054962
17	40	0.054953
63	85	0.05493
53	86	0.054853
14	86	0.054767
33	67	0.054749
24	63	0.05473
8	67	0.054609
24	80	0.054571
63	83	0.054568
23	25	0.054534
17	77	0.054408
24	55	0.054407
63	73	0.054384
33	70	0.054364
63	64	0.054337
42	62	0.054314
1	40	0.054313
17	39	0.054275
86	89	0.054242
1	18	0.054228
41	54	0.054216
14	89	0.054204
38	84	0.054203
3	65	0.054194
41	68	0.054154
13	54	0.054134
76	79	0.054121
88	92	0.05411
14	54	0.054101
54	65	0.054087
26	86	0.054019
75	77	0.053984
61	65	0.053959
64	65	0.053945
87	93	0.053929
61	66	0.053834
4	42	0.053792
84	86	0.053788
43	90	0.053777
5	41	0.053756
13	83	0.053732
37	61	0.05371
3	62	0.053631
88	93	0.05358
34	40	0.05356
18	62	0.053552
33	92	0.053535
23	64	0.053529
18	53	0.053493
14	23	0.053492
29	70	0.053478
19	32	0.053468
53	92	0.053442
3	29	0.053434
84	93	0.053371
42	93	0.053355
14	55	0.053339
64	88	0.053273
19	22	0.053244
22	37	0.053227
19	30	0.053227
68	84	0.053211
38	53	0.053174
74	83	0.053172
2	38	0.05311
40	53	0.053105
60	67	0.053087
84	89	0.053028
53	82	0.053023
25	53	0.052998
41	89	0.052974
37	63	0.052944
49	53	0.052936
5	26	0.05293
59	66	0.052919
80	92	0.052909
24	29	0.052903
67	77	0.052886
3	93	0.052865
18	76	0.052851
24	61	0.052839
5	10	0.052785
63	77	0.052772
28	62	0.052742
77	80	0.05273
83	84	0.052728
9	60	0.052713
14	64	0.052709
3	22	0.052678
25	29	0.052651
54	55	0.052646
34	81	0.052645
19	91	0.052642
23	61	0.052609
3	8	0.052596
27	64	0.052592
42	83	0.052578
68	73	0.052574
75	78	0.052523
66	86	0.052515
14	24	0.052484
8	14	0.05248
25	76	0.052466
18	77	0.05242
9	89	0.052407
90	93	0.052397
63	81	0.05237
9	85	0.052331
1	15	0.052331
48	53	0.052295
14	81	0.052271
34	54	0.052265
15	34	0.052247
71	84	0.052228
5	73	0.052209
54	63	0.052198
66	68	0.052156
1	42	0.052155
13	74	0.052154
26	37	0.052127
79	83	0.052102
8	66	0.052088
1	9	0.052081
13	84	0.052043
5	63	0.052001
37	64	0.051979
70	75	0.051959
70	74	0.051952
22	24	0.051922
64	83	0.051921
1	67	0.051918
38	91	0.051901
74	78	0.051863
24	30	0.05186
17	91	0.051849
72	75	0.051843
18	39	0.051805
32	89	0.0518
14	76	0.051788
9	93	0.051771
1	54	0.051743
14	74	0.051732
37	74	0.051688
43	89	0.051688
41	93	0.051664
24	38	0.051657
41	83	0.051628
39	75	0.051586
18	93	0.051564
34	37	0.051558
1	22	0.051554
27	43	0.051541
15	86	0.051525
68	93	0.051508
74	77	0.051489
74	81	0.051489
18	48	0.051484
14	29	0.051477
18	63	0.051466
2	41	0.051407
5	74	0.051397
33	77	0.051378
27	82	0.051358
41	75	0.051347
52	53	0.051345
3	27	0.05134
61	83	0.051313
1	6	0.051295
1	7	0.051295
1	11	0.051295
1	12	0.051295
1	20	0.051295
1	35	0.051295
1	36	0.051295
1	44	0.051295
1	45	0.051295
1	47	0.051295
1	50	0.051295
1	51	0.051295
1	56	0.051295
1	57	0.051295
1	58	0.051295
1	94	0.051295
2	6	0.051295
2	7	0.051295
2	11	0.051295
2	12	0.051295
2	20	0.051295
2	35	0.051295
2	36	0.051295
2	44	0.051295
2	45	0.051295
2	47	0.051295
2	50	0.051295
2	51	0.051295
2	56	0.051295
2	57	0.051295
2	58	0.051295
2	94	0.051295
3	6	0.051295
3	7	0.051295
3	11	0.051295
3	12	0.051295
3	20	0.051295
3	35	0.051295
3	36	0.051295
3	44	0.051295
3	45	0.051295
3	47	0.051295
3	50	0.051295
3	51	0.051295
3	56	0.051295
3	57	0.051295
3	58	0.051295
3	94	0.051295
4	6	0.051295
4	7	0.051295
4	11	0.051295
4	12	0.051295
4	20	0.051295
4	35	0.051295
4	36	0.051295
4	44	0.051295
4	45	0.051295
4	47	0.051295
4	50	0.051295
4	51	0.051295
4	56	0.051295
4	57	0.051295
4	58	0.051295
4	94	0.051295
5	6	0.051295
5	7	0.051295
5	11	0.051295
5	12	0.051295
5	20	0.051295
5	35	0.051295
5	36	0.051295
5	44	0.051295
5	45	0.051295
5	47	0.051295
5	50	0.051295
5	51	0.051295
5	56	0.051295
5	57	0.051295
5	58	0.051295
5	94	0.051295
6	7	0.051295
6	8	0.051295
6	9	0.051295
6	10	0.051295
6	11	0.051295
6	12	0.051295
6	13	0.051295
6	14	0.051295
6	15	0.051295
6	16	0.051295
6	17	0.051295
6	18	0.051295
6	19	0.051295
6	20	0.051295
6	21	0.051295
6	22	0.051295
6	23	0.051295
6	24	0.051295
6	25	0.051295
6	26	0.051295
6	27	0.051295
6	28	0.051295
6	29	0.051295
6	30	0.051295
6	31	0.051295
6	32	0.051295
6	33	0.051295
6	34	0.051295
6	35	0.051295
6	36	0.051295
6	37	0.051295
6	38	0.051295
6	39	0.051295
6	40	0.051295
6	41	0.051295
6	42	0.051295
6	43	0.051295
6	44	0.051295
6	45	0.051295
6	46	0.051295
6	47	0.051295
6	48	0.051295
6	49	0.051295
6	50	0.051295
6	51	0.051295
6	52	0.051295
6	53	0.051295
6	54	0.051295
6	55	0.051295
6	56	0.051295
6	57	0.051295
6	58	0.051295
6	59	0.051295
6	60	0.051295
6	61	0.051295
6	62	0.051295
6	63	0.051295
6	64	0.051295
6	65	0.051295
6	66	0.051295
6	67	0.051295
6	68	0.051295
6	69	0.051295
6	70	0.051295
6	71	0.051295
6	72	0.051295
6	73	0.051295
6	74	0.051295
6	75	0.051295
6	76	0.051295
6	77	0.051295
6	78	0.051295
6	79	0.051295
6	80	0.051295
6	81	0.051295
6	82	0.051295
6	83	0.051295
6	84	0.051295
6	85	0.051295
6	86	0.051295
6	87	0.051295
6	88	0.051295
6	89	0.051295
6	90	0.051295
6	91	0.051295
6	92	0.051295
6	93	0.051295
6	94	0.051295
7	8	0.051295
7	9	0.051295
7	10	0.051295
7	11	0.051295
7	12	0.051295
7	13	0.051295
7	14	0.051295
7	15	0.051295
7	16	0.051295
7	17	0.051295
7	18	0.051295
7	19	0.051295
7	20	0.051295
7	21	0.051295
7	22	0.051295
7	23	0.051295
7	24	0.051295
7	25	0.051295
7	26	0.051295
7	27	0.051295
7	28	0.051295
7	29	0.051295
7	30	0.051295
7	31	0.051295
7	32	0.051295
7	33	0.051295
7	34	0.051295
7	35	0.051295
7	36	0.051295
7	37	0.051295
7	38	0.051295
7	39	0.051295
7	40	0.051295
7	41	0.051295
7	42	0.051295
7	43	0.051295
7	44	0.051295
7	45	0.051295
7	46	0.051295
7	47	0.051295
7	48	0.051295
7	49	0.051295
7	50	0.051295
7	51	0.051295
7	52	0.051295
7	53	0.051295
7	54	0.051295
7	55	0.051295
7	56	0.051295
7	57	0.051295
7	58	0.051295
7	59	0.051295
7	60	0.051295
7	61	0.051295
7	62	0.051295
7	63	0.051295
7	64	0.051295
7	65	0.051295
7	66	0.051295
7	67	0.051295
7	68	0.051295
7	69	0.051295
7	70	0.051295
7	71	0.051295
7	72	0.051295
7	73	0.051295
7	74	0.051295
7	75	0.051295
7	76	0.051295
7	77	0.051295
7	78	0.051295
7	79	0.051295
7	80	0.051295
7	81	0.051295
7	82	0.051295
7	83	0.051295
7	84	0.051295
7	85	0.051295
7	86	0.051295
7	87	0.051295
7	88	0.051295
7	89	0.051295
7	90	0.051295
7	91	0.051295
7	92	0.051295
7	93	0.051295
7	94	0.051295
8	11	0.051295
8	12	0.051295
8	20	0.051295
8	35	0.051295
8	36	0.051295
8	44	0.051295
8	45	0.051295
8	47	0.051295
8	50	0.051295
8	51	0.051295
8	56	0.051295
8	57	0.051295
8	58	0.051295
8	94	0.051295
9	11	0.051295
9	12	0.051295
9	20	0.051295
9	35	0.051295
9	36	0.051295
9	44	0.051295
9	45	0.051295
9	47	0.051295
9	50	0.051295
9	51	0.051295
9	56	0.051295
9	57	0.051295
9	58	0.051295
9	94	0.051295
10	11	0.051295
10	12	0.051295
10	20	0.051295
10	35	0.051295
10	36	0.051295
10	44	0.051295
10	45	0.051295
10	47	0.051295
10	50	0.051295
10	51	0.051295
10	56	0.051295
10	57	0.051295
10	58	0.051295
10	94	0.051295
11	12	0.051295
11	13	0.051295
11	14	0.051295
11	15	0.051295
11	16	0.051295
11	17	0.051295
11	18	0.051295
11	19	0.051295
11	20	0.051295
11	21	0.051295
11	22	0.051295
11	23	0.051295
11	24	0.051295
11	25	0.051295
11	26	0.051295
11	27	0.051295
11	28	0.051295
11	29	0.051295
11	30	0.051295
11	31	0.051295
11	32	0.051295
11	33	0.051295
11	34	0.051295
11	35	0.051295
11	36	0.051295
11	37	0.051295
11	38	0.051295
11	39	0.051295
11	40	0.051295
11	41	0.051295
11	42	0.051295
11	43	0.051295
11	44	0.051295
11	45	0.051295
11	46	0.051295
11	47	0.051295
11	48	0.051295
11	49	0.051295
11	50	0.051295
11	51	0.051295
11	52	0.051295
11	53	0.051295
11	54	0.051295
11	55	0.051295
11	56	0.051295
11	57	0.051295
11	58	0.051295
11	59	0.051295
11	60	0.051295
11	61	0.051295
11	62	0.051295
11	63	0.051295
11	64	0.051295
11	65	0.051295
11	66	0.051295
11	67	0.051295
11	68	0.051295
11	69	0.051295
11	70	0.051295
11	71	0.051295
11	72	0.051295
11	73	0.051295
11	74	0.051295
11	75	0.051295
11	76	0.051295
11	77	0.051295
11	78	0.051295
11	79	0.051295
11	80	0.051295
11	81	0.051295
11	82	0.051295
11	83	0.051295
11	84	0.051295
11	85	0.051295
11	86	0.051295
11	87	0.051295
11	88	0.051295
11	89	0.051295
11	90	0.051295
11	91	0.051295
11	92	0.051295
11	93	0.051295
11	94	0.051295
12	13	0.051295
12	14	0.051295
12	15	0.051295
12	16	0.051295
12	17	0.051295
12	18	0.051295
12	19	0.051295
12	20	0.051295
12	21	0.051295
12	22	0.051295
12	23	0.051295
12	24	0.051295
12	25	0.051295
12	26	0.051295
12	27	0.051295
12	28	0.051295
12	29	0.051295
12	30	0.051295
12	31	0.051295
12	32	0.051295
12	33	0.051295
12	34	0.051295
12	35	0.051295
12	36	0.051295
12	37	0.051295
12	38	0.051295
12	39	0.051295
12	40	0.051295
12	41	0.051295
12	42	0.051295
12	43	0.051295
12	44	0.051295
12	45	0.051295
12	46	0.051295
12	47	0.051295
12	48	0.051295
12	49	0.051295
12	50	0.051295
12	51	0.051295
12	52	0.051295
12	53	0.051295
12	54	0.051295
12	55	0.051295
12	56	0.051295
12	57	0.051295
12	58	0.051295
12	59	0.051295
12	60	0.051295
12	61	0.051295
12	62	0.051295
12	63	0.051295
12	64	0.051295
12	65	0.051295
12	66	0.051295
12	67	0.051295
12	68	0.051295
12	69	0.051295
12	70	0.051295
12	71	0.051295
12	72	0.051295
12	73	0.051295
12	74	0.051295
12	75	0.051295
12	76	0.051295
12	77	0.051295
12	78	0.051295
12	79	0.051295
12	80	0.051295
12	81	0.051295
12	82	0.051295
12	83	0.051295
12	84	0.051295
12	85	0.051295
12	86	0.051295
12	87	0.051295
12	88	0.051295
12	89	0.051295
12	90	0.051295
12	91	0.051295
12	92	0.051295
12	93	0.051295
12	94	0.051295
13	20	0.051295
13	35	0.051295
13	36	0.051295
13	44	0.051295
13	45	0.051295
13	47	0.051295
13	50	0.051295
13	51	0.051295
13	56	0.051295
13	57	0.051295
13	58	0.051295
13	94	0.051295
14	20	0.051295
14	35	0.051295
14	36	0.051295
14	44	0.051295
14	45	0.051295
14	47	0.051295
14	50	0.051295
14	51	0.051295
14	56	0.051295
14	57	0.051295
14	58	0.051295
14	94	0.051295
15	20	0.051295
15	35	0.051295
15	36	0.051295
15	44	0.051295
15	45	0.051295
15	47	0.051295
15	50	0.051295
15	51	0.051295
15	56	0.051295
15	57	0.051295
15	58	0.051295
15	94	0.051295
16	20	0.051295
16	35	0.051295
16	36	0.051295
16	44	0.051295
16	45	0.051295
16	47	0.051295
16	50	0.051295
16	51	0.051295
16	56	0.051295
16	57	0.051295
16	58	0.051295
16	94	0.051295
17	20	0.051295
17	35	0.051295
17	36	0.051295
17	44	0.051295
17	45	0.051295
17	47	0.051295
17	50	0.051295
17	51	0.051295
17	56	0.051295
17	57	0.051295
17	58	0.051295
17	94	0.051295
18	20	0.051295
18	35	0.051295
18	36	0.051295
18	44	0.051295
18	45	0.051295
18	47	0.051295
18	50	0.051295
18	51	0.051295
18	56	0.051295
18	57	0.051295
18	58	0.051295
18	94	0.051295
19	20	0.051295
19	35	0.051295
19	36	0.051295
19	44	0.051295
19	45	0.051295
19	47	0.051295
19	50	0.051295
19	51	0.051295
19	56	0.051295
19	57	0.051295
19	58	0.051295
19	94	0.051295
20	21	0.051295
20	22	0.051295
20	23	0.051295
20	24	0.051295
20	25	0.051295
20	26	0.051295
20	27	0.051295
20	28	0.051295
20	29	0.051295
20	30	0.051295
20	31	0.051295
20	32	0.051295
20	33	0.051295
20	34	0.051295
20	35	0.051295
20	36	0.051295
20	37	0.051295
20	38	0.051295
20	39	0.051295
20	40	0.051295
20	41	0.051295
20	42	0.051295
20	43	0.051295
20	44	0.051295
20	45	0.051295
20	46	0.051295
20	47	0.051295
20	48	0.051295
20	49	0.051295
20	50	0.051295
20	51	0.051295
20	52	0.051295
20	53	0.051295
20	54	0.051295
20	55	0.051295
20	56	0.051295
20	57	0.051295
20	58	0.051295
20	59	0.051295
20	60	0.051295
20	61	0.051295
20	62	0.051295
20	63	0.051295
20	64	0.051295
20	65	0.051295
20	66	0.051295
20	67	0.051295
20	68	0.051295
20	69	0.051295
20	70	0.051295
20	71	0.051295
20	72	0.051295
20	73	0.051295
20	74	0.051295
20	75	0.051295
20	76	0.051295
20	77	0.051295
20	78	0.051295
20	79	0.051295
20	80	0.051295
20	81	0.051295
20	82	0.051295
20	83	0.051295
20	84	0.051295
20	85	0.051295
20	86	0.051295
20	87	0.051295
20	88	0.051295
20	89	0.051295
20	90	0.051295
20	91	0.051295
20	92	0.051295
20	93	0.051295
20	94	0.051295
21	35	0.051295
21	36	0.051295
21	44	0.051295
21	45	0.051295
21	47	0.051295
21	50	0.051295
21	51	0.051295
21	56	0.051295
21	57	0.051295
21	58	0.051295
21	94	0.051295
22	35	0.051295
22	36	0.051295
22	44	0.051295
22	45	0.051295
22	47	0.051295
22	50	0.051295
22	51	0.051295
22	56	0.051295
22	57	0.051295
22	58	0.051295
22	94	0.051295
23	35	0.051295
23	36	0.051295
23	44	0.051295
23	45	0.051295
23	47	0.051295
23	50	0.051295
23	51	0.051295
23	56	0.051295
23	57	0.051295
23	58	0.051295
23	94	0.051295
24	35	0.051295
24	36	0.051295
24	44	0.051295
24	45	0.051295
24	47	0.051295
24	50	0.051295
24	51	0.051295
24	56	0.051295
24	57	0.051295
24	58	0.051295
24	94	0.051295
25	35	0.051295
25	36	0.051295
25	44	0.051295
25	45	0.051295
25	47	0.051295
25	50	0.051295
25	51	0.051295
25	56	0.051295
25	57	0.051295
25	58	0.051295
25	94	0.051295
26	35	0.051295
26	36	0.051295
26	44	0.051295
26	45	0.051295
26	47	0.051295
26	50	0.051295
26	51	0.051295
26	56	0.051295
26	57	0.051295
26	58	0.051295
26	94	0.051295
27	35	0.051295
27	36	0.051295
27	44	0.051295
27	45	0.051295
27	47	0.051295
27	50	0.051295
27	51	0.051295
27	56	0.051295
27	57	0.051295
27	58	0.051295
27	94	0.051295
28	35	0.051295
28	36	0.051295
28	44	0.051295
28	45	0.051295
28	47	0.051295
28	50	0.051295
28	51	0.051295
28	56	0.051295
28	57	0.051295
28	58	0.051295
28	94	0.051295
29	35	0.051295
29	36	0.051295
29	44	0.051295
29	45	0.051295
29	47	0.051295
29	50	0.051295
29	51	0.051295
29	56	0.051295
29	57	0.051295
29	58	0.051295
29	94	0.051295
30	35	0.051295
30	36	0.051295
30	44	0.051295
30	45	0.051295
30	47	0.051295
30	50	0.051295
30	51	0.051295
30	56	0.051295
30	57	0.051295
30	58	0.051295
30	94	0.051295
31	35	0.051295
31	36	0.051295
31	44	0.051295
31	45	0.051295
31	47	0.051295
31	50	0.051295
31	51	0.051295
31	56	0.051295
31	57	0.051295
31	58	0.051295
31	94	0.051295
32	35	0.051295
32	36	0.051295
32	44	0.051295
32	45	0.051295
32	47	0.051295
32	50	0.051295
32	51	0.051295
32	56	0.051295
32	57	0.051295
32	58	0.051295
32	94	0.051295
33	35	0.051295
33	36	0.051295
33	44	0.051295
33	45	0.051295
33	47	0.051295
33	50	0.051295
33	51	0.051295
33	56	0.051295
33	57	0.051295
33	58	0.051295
33	94	0.051295
34	35	0.051295
34	36	0.051295
34	44	0.051295
34	45	0.051295
34	47	0.051295
34	50	0.051295
34	51	0.051295
34	56	0.051295
34	57	0.051295
34	58	0.051295
34	94	0.051295
35	36	0.051295
35	37	0.051295
35	38	0.051295
35	39	0.051295
35	40	0.051295
35	41	0.051295
35	42	0.051295
35	43	0.051295
35	44	0.051295
35	45	0.051295
35	46	0.051295
35	47	0.051295
35	48	0.051295
35	49	0.051295
35	50	0.051295
35	51	0.051295
35	52	0.051295
35	53	0.051295
35	54	0.051295
35	55	0.051295
35	56	0.051295
35	57	0.051295
35	58	0.051295
35	59	0.051295
35	60	0.051295
35	61	0.051295
35	62	0.051295
35	63	0.051295
35	64	0.051295
35	65	0.051295
35	66	0.051295
35	67	0.051295
35	68	0.051295
35	69	0.051295
35	70	0.051295
35	71	0.051295
35	72	0.051295
35	73	0.051295
35	74	0.051295
35	75	0.051295
35	76	0.051295
35	77	0.051295
35	78	0.051295
35	79	0.051295
35	80	0.051295
35	81	0.051295
35	82	0.051295
35	83	0.051295
35	84	0.051295
35	85	0.051295
35	86	0.051295
35	87	0.051295
35	88	0.051295
35	89	0.051295
35	90	0.051295
35	91	0.051295
35	92	0.051295
35	93	0.051295
35	94	0.051295
36	37	0.051295
36	38	0.051295
36	39	0.051295
36	40	0.051295
36	41	0.051295
36	42	0.051295
36	43	0.051295
36	44	0.051295
36	45	0.051295
36	46	0.051295
36	47	0.051295
36	48	0.051295
36	49	0.051295
36	50	0.051295
36	51	0.051295
36	52	0.051295
36	53	0.051295
36	54	0.051295
36	55	0.051295
36	56	0.051295
36	57	0.051295
36	58	0.051295
36	59	0.051295
36	60	0.051295
36	61	0.051295
36	62	0.051295
36	63	0.051295
36	64	0.051295
36	65	0.051295
36	66	0.051295
36	67	0.051295
36	68	0.051295
36	69	0.051295
36	70	0.051295
36	71	0.051295
36	72	0.051295
36	73	0.051295
36	74	0.051295
36	75	0.051295
36	76	0.051295
36	77	0.051295
36	78	0.051295
36	79	0.051295
36	80	0.051295
36	81	0.051295
36	82	0.051295
36	83	0.051295
36	84	0.051295
36	85	0.051295
36	86	0.051295
36	87	0.051295
36	88	0.051295
36	89	0.051295
36	90	0.051295
36	91	0.051295
36	92	0.051295
36	93	0.051295
36	94	0.051295
37	44	0.051295
37	45	0.051295
37	47	0.051295
37	50	0.051295
37	51	0.051295
37	56	0.051295
37	57	0.051295
37	58	0.051295
37	94	0.051295
38	44	0.051295
38	45	0.051295
38	47	0.051295
38	50	0.051295
38	51	0.051295
38	56	0.051295
38	57	0.051295
38	58	0.051295
38	94	0.051295
39	44	0.051295
39	45	0.051295
39	47	0.051295
39	50	0.051295
39	51	0.051295
39	56	0.051295
39	57	0.051295
39	58	0.051295
39	94	0.051295
40	44	0.051295
40	45	0.051295
40	47	0.051295
40	50	0.051295
40	51	0.051295
40	56	0.051295
40	57	0.051295
40	58	0.051295
40	94	0.051295
41	44	0.051295
41	45	0.051295
41	47	0.051295
41	50	0.051295
41	51	0.051295
41	56	0.051295
41	57	0.051295
41	58	0.051295
41	94	0.051295
42	44	0.051295
42	45	0.051295
42	47	0.051295
42	50	0.051295
42	51	0.051295
42	56	0.051295
42	57	0.051295
42	58	0.051295
42	94	0.051295
43	44	0.051295
43	45	0.051295
43	47	0.051295
43	50	0.051295
43	51	0.051295
43	56	0.051295
43	57	0.051295
43	58	0.051295
43	94	0.051295
44	45	0.051295
44	46	0.051295
44	47	0.051295
44	48	0.051295
44	49	0.051295
44	50	0.051295
44	51	0.051295
44	52	0.051295
44	53	0.051295
44	54	0.051295
44	55	0.051295
44	56	0.051295
44	57	0.051295
44	58	0.051295
44	59	0.051295
44	60	0.051295
44	61	0.051295
44	62	0.051295
44	63	0.051295
44	64	0.051295
44	65	0.051295
44	66	0.051295
44	67	0.051295
44	68	0.051295
44	69	0.051295
44	70	0.051295
44	71	0.051295
44	72	0.051295
44	73	0.051295
44	74	0.051295
44	75	0.051295
44	76	0.051295
44	77	0.051295
44	78	0.051295
44	79	0.051295
44	80	0.051295
44	81	0.051295
44	82	0.051295
44	83	0.051295
44	84	0.051295
44	85	0.051295
44	86	0.051295
44	87	0.051295
44	88	0.051295
44	89	0.051295
44	90	0.051295
44	91	0.051295
44	92	0.051295
44	93	0.051295
44	94	0.051295
45	46	0.051295
45	47	0.051295
45	48	0.051295
45	49	0.051295
45	50	0.051295
45	51	0.051295
45	52	0.051295
45	53	0.051295
45	54	0.051295
45	55	0.051295
45	56	0.051295
45	57	0.051295
45	58	0.051295
45	59	0.051295
45	60	0.051295
45	61	0.051295
45	62	0.051295
45	63	0.051295
45	64	0.051295
45	65	0.051295
45	66	0.051295
45	67	0.051295
45	68	0.051295
45	69	0.051295
45	70	0.051295
45	71	0.051295
45	72	0.051295
45	73	0.051295
45	74	0.051295
45	75	0.051295
45	76	0.051295
45	77	0.051295
45	78	0.051295
45	79	0.051295
45	80	0.051295
45	81	0.051295
45	82	0.051295
45	83	0.051295
45	84	0.051295
45	85	0.051295
45	86	0.051295
45	87	0.051295
45	88	0.051295
45	89	0.051295
45	90	0.051295
45	91	0.051295
45	92	0.051295
45	93	0.051295
45	94	0.051295
46	47	0.051295
46	50	0.051295
46	51	0.051295
46	56	0.051295
46	57	0.051295
46	58	0.051295
46	94	0.051295
47	48	0.051295
47	49	0.051295
47	50	0.051295
47	51	0.051295
47	52	0.051295
47	53	0.051295
47	54	0.051295
47	55	0.051295
47	56	0.051295
47	57	0.051295
47	58	0.051295
47	59	0.051295
47	60	0.051295
47	61	0.051295
47	62	0.051295
47	63	0.051295
47	64	0.051295
47	65	0.051295
47	66	0.051295
47	67	0.051295
47	68	0.051295
47	69	0.051295
47	70	0.051295
47	71	0.051295
47	72	0.051295
47	73	0.051295
47	74	0.051295
47	75	0.051295
47	76	0.051295
47	77	0.051295
47	78	0.051295
47	79	0.051295
47	80	0.051295
47	81	0.051295
47	82	0.051295
47	83	0.051295
47	84	0.051295
47	85	0.051295
47	86	0.051295
47	87	0.051295
47	88	0.051295
47	89	0.051295
47	90	0.051295
47	91	0.051295
47	92	0.051295
47	93	0.051295
47	94	0.051295
48	50	0.051295
48	51	0.051295
48	56	0.051295
48	57	0.051295
48	58	0.051295
48	94	0.051295
49	50	0.051295
49	51	0.051295
49	56	0.051295
49	57	0.051295
49	58	0.051295
49	94	0.051295
50	51	0.051295
50	52	0.051295
50	53	0.051295
50	54	0.051295
50	55	0.051295
50	56	0.051295
50	57	0.051295
50	58	0.051295
50	59	0.051295
50	60	0.051295
50	61	0.051295
50	62	0.051295
50	63	0.051295
50	64	0.051295
50	65	0.051295
50	66	0.051295
50	67	0.051295
50	68	0.051295
50	69	0.051295
50	70	0.051295
50	71	0.051295
50	72	0.051295
50	73	0.051295
50	74	0.051295
50	75	0.051295
50	76	0.051295
50	77	0.051295
50	78	0.051295
50	79	0.051295
50	80	0.051295
50	81	0.051295
50	82	0.051295
50	83	0.051295
50	84	0.051295
50	85	0.051295
50	86	0.051295
50	87	0.051295
50	88	0.051295
50	89	0.051295
50	90	0.051295
50	91	0.051295
50	92	0.051295
50	93	0.051295
50	94	0.051295
51	52	0.051295
51	53	0.051295
51	54	0.051295
51	55	0.051295
51	56	0.051295
51	57	0.051295
51	58	0.051295
51	59	0.051295
51	60	0.051295
51	61	0.051295
51	62	0.051295
51	63	0.051295
51	64	0.051295
51	65	0.051295
51	66	0.051295
51	67	0.051295
51	68	0.051295
51	69	0.051295
51	70	0.051295
51	71	0.051295
51	72	0.051295
51	73	0.051295
51	74	0.051295
51	75	0.051295
51	76	0.051295
51	77	0.051295
51	78	0.051295
51	79	0.051295
51	80	0.051295
51	81	0.051295
51	82	0.051295
51	83	0.051295
51	84	0.051295
51	85	0.051295
51	86	0.051295
51	87	0.051295
51	88	0.051295
51	89	0.051295
51	90	0.051295
51	91	0.051295
51	92	0.051295
51	93	0.051295
51	94	0.051295
52	56	0.051295
52	57	0.051295
52	58	0.051295
52	94	0.051295
53	56	0.051295
53	57	0.051295
53	58	0.051295
53	94	0.051295
54	56	0.051295
54	57	0.051295
54	58	0.051295
54	94	0.051295
55	56	0.051295
55	57	0.051295
55	58	0.051295
55	94	0.051295
56	57	0.051295
56	58	0.051295
56	59	0.051295
56	60	0.051295
56	61	0.051295
56	62	0.051295
56	63	0.051295
56	64	0.051295
56	65	0.051295
56	66	0.051295
56	67	0.051295
56	68	0.051295
56	69	0.051295
56	70	0.051295
56	71	0.051295
56	72	0.051295
56	73	0.051295
56	74	0.051295
56	75	0.051295
56	76	0.051295
56	77	0.051295
56	78	0.051295
56	79	0.051295
56	80	0.051295
56	81	0.051295
56	82	0.051295
56	83	0.051295
56	84	0.051295
56	85	0.051295
56	86	0.051295
56	87	0.051295
56	88	0.051295
56	89	0.051295
56	90	0.051295
56	91	0.051295
56	92	0.051295
56	93	0.051295
56	94	0.051295
57	58	0.051295
57	59	0.051295
57	60	0.051295
57	61	0.051295
57	62	0.051295
57	63	0.051295
57	64	0.051295
57	65	0.051295
57	66	0.051295
57	67	0.051295
57	68	0.051295
57	69	0.051295
57	70	0.051295
57	71	0.051295
57	72	0.051295
57	73	0.051295
57	74	0.051295
57	75	0.051295
57	76	0.051295
57	77	0.051295
57	78	0.051295
57	79	0.051295
57	80	0.051295
57	81	0.051295
57	82	0.051295
57	83	0.051295
57	84	0.051295
57	85	0.051295
57	86	0.051295
57	87	0.051295
57	88	0.051295
57	89	0.051295
57	90	0.051295
57	91	0.051295
57	92	0.051295
57	93	0.051295
57	94	0.051295
58	59	0.051295
58	60	0.051295
58	61	0.051295
58	62	0.051295
58	63	0.051295
58	64	0.051295
58	65	0.051295
58	66	0.051295
58	67	0.051295
58	68	0.051295
58	69	0.051295
58	70	0.051295
58	71	0.051295
58	72	0.051295
58	73	0.051295
58	74	0.051295
58	75	0.051295
58	76	0.051295
58	77	0.051295
58	78	0.051295
58	79	0.051295
58	80	0.051295
58	81	0.051295
58	82	0.051295
58	83	0.051295
58	84	0.051295
58	85	0.051295
58	86	0.051295
58	87	0.051295
58	88	0.051295
58	89	0.051295
58	90	0.051295
58	91	0.051295
58	92	0.051295
58	93	0.051295
58	94	0.051295
59	94	0.051295
60	94	0.051295
61	94	0.051295
62	94	0.051295
63	94	0.051295
64	94	0.051295
65	94	0.051295
66	94	0.051295
67	94	0.051295
68	94	0.051295
69	94	0.051295
70	94	0.051295
71	94	0.051295
72	94	0.051295
73	94	0.051295
74	94	0.051295
75	94	0.051295
76	94	0.051295
77	94	0.051295
78	94	0.051295
79	94	0.051295
80	94	0.051295
81	94	0.051295
82	94	0.051295
83	94	0.051295
84	94	0.051295
85	94	0.051295
86	94	0.051295
87	94	0.051295
88	94	0.051295
89	94	0.051295
90	94	0.051295
91	94	0.051295
92	94	0.051295
93	94	0.051295
10	52	0.051295
49	52	0.051295
46	52	0.051295
21	52	0.051295
31	52	0.051295
19	52	0.051295
10	49	0.051295
34	52	0.051295
52	74	0.051295
52	77	0.051295
52	75	0.051295
52	76	0.051295
29	52	0.051295
52	87	0.051295
23	52	0.051295
52	88	0.051295
24	52	0.051295
52	54	0.051295
52	83	0.051295
52	84	0.051295
52	61	0.051295
33	52	0.051295
52	59	0.051295
52	63	0.051295
43	52	0.051295
32	52	0.051295
1	52	0.051295
52	93	0.051295
28	52	0.051295
48	52	0.051295
9	52	0.051295
52	55	0.051295
52	73	0.051295
2	52	0.051295
52	78	0.051295
27	52	0.051295
52	65	0.051295
52	62	0.051295
52	92	0.051295
52	68	0.051295
52	66	0.051294
52	90	0.051294
18	52	0.051294
52	60	0.051294
42	52	0.051294
52	85	0.051294
52	82	0.051294
25	52	0.051294
5	52	0.051294
52	69	0.051294
52	91	0.051294
52	89	0.051294
10	46	0.051294
52	72	0.051294
52	86	0.051294
46	49	0.051294
52	79	0.051294
4	52	0.051294
16	52	0.051294
39	52	0.051294
37	52	0.051294
3	52	0.051294
52	64	0.051294
52	67	0.051294
8	52	0.051294
30	52	0.051294
22	52	0.051294
14	52	0.051294
41	52	0.051294
13	52	0.051294
26	52	0.051294
10	21	0.051294
10	31	0.051294
52	80	0.051294
38	52	0.051294
52	71	0.051294
15	52	0.051294
21	49	0.051294
31	49	0.051294
40	52	0.051294
52	70	0.051294
17	52	0.051294
52	81	0.051294
10	19	0.051293
19	49	0.051293
10	34	0.051293
34	49	0.051293
10	74	0.051293
49	74	0.051293
10	77	0.051293
49	77	0.051292
10	75	0.051292
49	75	0.051292
10	76	0.051291
10	29	0.051291
49	76	0.051291
29	49	0.051291
10	87	0.051291
10	23	0.05129
10	88	0.05129
10	24	0.05129
10	54	0.05129
49	87	0.05129
10	53	0.05129
23	49	0.05129
49	88	0.05129
24	49	0.05129
49	54	0.05129
10	83	0.05129
10	84	0.051289
49	83	0.051289
49	84	0.051289
10	61	0.051287
10	33	0.051287
10	59	0.051287
49	61	0.051286
10	63	0.051286
33	49	0.051286
49	59	0.051286
10	43	0.051286
49	63	0.051285
10	32	0.051285
43	49	0.051285
32	49	0.051284
1	10	0.051284
10	93	0.051284
1	49	0.051283
10	28	0.051283
49	93	0.051283
10	48	0.051282
28	49	0.051282
9	10	0.051282
10	55	0.051281
48	49	0.051281
10	73	0.051281
9	49	0.051281
2	10	0.05128
10	78	0.05128
49	55	0.05128
49	73	0.05128
10	27	0.05128
2	49	0.051279
49	78	0.051279
10	65	0.051278
27	49	0.051278
10	62	0.051278
10	92	0.051277
49	65	0.051277
10	68	0.051277
49	62	0.051277
10	66	0.051276
49	92	0.051276
10	90	0.051276
21	46	0.051275
31	46	0.051275
49	68	0.051275
49	66	0.051274
49	90	0.051274
10	18	0.051273
10	60	0.051273
10	42	0.051273
10	85	0.051272
10	82	0.051272
10	25	0.051271
18	49	0.051271
49	60	0.051271
42	49	0.051271
10	69	0.051271
10	91	0.05127
49	85	0.05127
10	89	0.05127
19	46	0.05127
49	82	0.05127
24	85	0.05127
25	49	0.051269
5	49	0.051269
10	72	0.051269
49	69	0.051268
10	86	0.051268
49	91	0.051268
49	89	0.051268
49	72	0.051266
10	79	0.051266
49	86	0.051266
4	10	0.051265
34	46	0.051264
10	16	0.051264
10	39	0.051264
49	79	0.051264
67	83	0.051263
10	37	0.051263
3	10	0.051262
4	49	0.051262
10	64	0.051262
10	67	0.051262
16	49	0.051262
46	74	0.051261
14	53	0.051261
39	49	0.051261
8	10	0.05126
10	30	0.05126
37	49	0.05126
10	22	0.05126
3	49	0.05126
49	64	0.051259
49	67	0.051259
46	77	0.051258
10	14	0.051258
4	54	0.051258
8	49	0.051257
10	41	0.051257
10	13	0.051257
30	49	0.051257
22	49	0.051257
10	26	0.051256
19	21	0.051255
19	31	0.051255
14	49	0.051255
41	49	0.051254
13	49	0.051254
10	80	0.051254
10	38	0.051253
10	71	0.051253
26	49	0.051253
10	15	0.051252
46	75	0.051251
10	40	0.051251
49	80	0.05125
38	49	0.05125
49	71	0.05125
10	70	0.051249
10	17	0.051249
15	49	0.051248
10	81	0.051248
40	49	0.051247
21	34	0.051247
31	34	0.051247
49	70	0.051245
17	49	0.051245
49	81	0.051244
21	74	0.051242
31	74	0.051242
46	76	0.051241
29	46	0.051239
21	77	0.051237
31	77	0.051237
19	34	0.051234
46	87	0.051228
19	74	0.051228
23	46	0.051227
21	75	0.051226
31	75	0.051226
46	88	0.051225
81	88	0.051224
24	46	0.051223
46	54	0.051222
19	77	0.051222
46	53	0.051221
75	86	0.051219
34	74	0.051214
46	83	0.051213
21	76	0.051211
31	76	0.051211
61	67	0.051209
46	84	0.051208
19	75	0.051207
29	31	0.051207
21	29	0.051207
82	84	0.051207
34	77	0.051206
63	76	0.051191
21	87	0.051189
31	87	0.051189
34	75	0.051189
21	23	0.051188
23	31	0.051188
19	76	0.051188
27	59	0.051187
13	25	0.051186
21	88	0.051186
31	88	0.051186
23	70	0.051184
19	29	0.051182
21	24	0.051182
24	31	0.051182
21	54	0.051181
31	54	0.051181
38	63	0.05118
21	53	0.051179
31	53	0.051179
46	61	0.051177
4	14	0.051173
33	46	0.051172
46	59	0.05117
21	83	0.051166
31	83	0.051166
46	63	0.051164
19	87	0.05116
29	34	0.051159
19	23	0.051159
21	84	0.051158
31	84	0.051158
43	46	0.051158
18	33	0.051157
19	88	0.051156
19	24	0.051151
19	54	0.051149
32	46	0.051148
19	53	0.051147
29	74	0.051145
1	46	0.051135
77	79	0.051132
34	87	0.051132
29	77	0.051132
19	83	0.051131
23	34	0.05113
46	93	0.051128
34	88	0.051126
13	75	0.051123
19	84	0.051121
24	34	0.051121
34	53	0.051116
74	87	0.051116
28	46	0.051116
23	74	0.051114
21	61	0.05111
31	61	0.05111
74	88	0.05111
24	74	0.051104
54	74	0.051102
21	33	0.051101
31	33	0.051101
29	75	0.0511
77	87	0.0511
24	54	0.051099
21	59	0.051099
31	59	0.051099
53	74	0.051099
9	46	0.051098
23	77	0.051097
34	83	0.051097
77	88	0.051093
21	63	0.051089
31	63	0.051089
24	77	0.051086
46	73	0.051085
34	84	0.051084
54	77	0.051084
53	77	0.051081
2	46	0.05108
21	43	0.051079
31	43	0.051079
68	77	0.051079
46	78	0.051076
27	46	0.051067
21	32	0.051064
31	32	0.051064
74	84	0.051064
75	87	0.051062
19	61	0.05106
23	75	0.051059
77	83	0.051058
29	76	0.051056
24	25	0.051056
75	88	0.051054
46	65	0.05105
1	23	0.051048
19	33	0.051048
24	75	0.051046
19	59	0.051045
46	62	0.051045
1	21	0.051044
1	31	0.051044
54	75	0.051043
77	84	0.051043
53	75	0.051039
21	93	0.051033
31	93	0.051033
19	63	0.051033
46	92	0.051032
46	68	0.051026
65	84	0.051026
9	32	0.051021
19	43	0.05102
32	53	0.05102
79	84	0.051017
21	28	0.051014
28	31	0.051014
75	83	0.051012
46	66	0.051011
34	61	0.051011
76	87	0.05101
46	90	0.051009
23	76	0.051006
76	88	0.051
29	87	0.050996
75	84	0.050994
34	59	0.050993
2	76	0.050993
21	48	0.050991
31	48	0.050991
24	76	0.05099
54	76	0.050987
29	88	0.050985
9	21	0.050985
9	31	0.050985
61	74	0.050983
53	76	0.050982
34	63	0.050978
32	74	0.050977
21	55	0.050977
31	55	0.050977
1	19	0.050975
16	75	0.050974
18	46	0.050972
29	54	0.050972
46	60	0.05097
33	74	0.050967
29	53	0.050967
42	46	0.050966
21	73	0.050965
31	73	0.050965
59	74	0.050963
34	43	0.050963
19	93	0.050962
46	85	0.050957
2	21	0.050957
2	31	0.050957
61	77	0.050954
46	82	0.050952
21	78	0.050952
31	78	0.050952
76	83	0.050948
25	46	0.050948
63	74	0.050947
72	76	0.050947
5	46	0.050946
32	34	0.05094
19	28	0.050937
21	27	0.050936
27	31	0.050936
46	69	0.050935
23	87	0.050933
59	77	0.050933
13	90	0.050933
29	83	0.050931
33	78	0.050931
43	74	0.05093
17	24	0.05093
46	91	0.050929
46	89	0.050928
76	84	0.050927
23	88	0.05092
23	24	0.050914
24	87	0.050913
87	92	0.05091
21	65	0.05091
31	65	0.05091
13	81	0.050909
54	87	0.050909
29	84	0.050908
1	34	0.050908
46	72	0.050908
19	48	0.050908
73	76	0.050908
5	25	0.050907
23	54	0.050904
30	37	0.050903
53	87	0.050903
21	62	0.050902
31	62	0.050902
46	86	0.050902
9	19	0.050901
24	88	0.050899
23	53	0.050898
43	77	0.050897
54	88	0.050895
34	93	0.050892
19	55	0.05089
53	88	0.050889
61	75	0.050888
21	92	0.050882
31	92	0.050882
24	53	0.050875
19	73	0.050874
21	68	0.050873
31	68	0.050873
46	79	0.050872
1	74	0.05087
32	77	0.050869
33	75	0.050868
2	19	0.050865
59	75	0.050863
28	34	0.050863
19	78	0.050858
23	83	0.050855
74	93	0.050853
4	46	0.050853
21	66	0.050849
31	66	0.050849
21	90	0.050846
31	90	0.050846
16	46	0.050844
63	75	0.050842
19	27	0.050838
39	46	0.050838
41	74	0.050833
2	83	0.050832
54	67	0.050832
1	77	0.050831
24	83	0.05083
23	84	0.050827
34	48	0.050827
54	83	0.050825
37	46	0.050823
28	74	0.05082
43	75	0.05082
53	83	0.050818
3	46	0.050817
41	63	0.050816
46	64	0.050813
77	93	0.050812
46	67	0.050811
34	55	0.050805
19	65	0.050805
15	74	0.050801
24	84	0.050801
61	76	0.050798
54	84	0.050796
19	62	0.050795
1	85	0.050789
18	21	0.050789
18	31	0.050789
8	46	0.050788
53	84	0.050788
32	75	0.050787
34	73	0.050787
21	60	0.050785
31	60	0.050785
30	46	0.050784
48	81	0.050784
83	91	0.050783
78	93	0.050783
22	46	0.050782
63	68	0.050782
48	74	0.050782
21	42	0.050778
31	42	0.050778
28	77	0.050777
2	34	0.050775
29	61	0.050773
33	76	0.050773
9	74	0.050772
19	92	0.05077
14	75	0.050768
75	81	0.050767
59	76	0.050767
34	78	0.050766
21	85	0.050765
31	85	0.050765
19	68	0.050758
55	74	0.050758
14	46	0.050757
21	82	0.050757
31	82	0.050757
24	60	0.050753
69	77	0.05075
21	25	0.05075
25	31	0.05075
5	21	0.050747
5	31	0.050747
29	33	0.050747
27	34	0.050743
41	46	0.050743
1	75	0.050742
13	46	0.050742
29	59	0.050741
73	74	0.050737
48	77	0.050734
21	69	0.050731
31	69	0.050731
19	66	0.050728
2	74	0.050724
9	77	0.050724
19	90	0.050724
26	46	0.050724
21	91	0.050721
31	91	0.050721
75	93	0.050719
21	89	0.050719
31	89	0.050719
13	70	0.050715
29	63	0.050714
43	76	0.050714
55	77	0.050708
2	9	0.050708
34	65	0.050703
46	80	0.050694
34	62	0.050691
27	74	0.050689
21	72	0.050688
31	72	0.050688
73	77	0.050686
29	43	0.050685
38	46	0.050685
46	71	0.050685
21	86	0.050679
31	86	0.050679
28	75	0.050677
61	70	0.050676
32	76	0.050674
2	77	0.050672
61	87	0.050672
15	46	0.050663
34	92	0.05066
40	46	0.050654
18	19	0.05065
61	88	0.05065
2	14	0.050649
34	68	0.050647
19	60	0.050646
1	84	0.050646
65	74	0.050646
29	32	0.050644
41	70	0.050641
33	87	0.05064
15	53	0.05064
3	92	0.050638
29	66	0.050637
27	77	0.050634
59	87	0.050633
23	33	0.050632
62	74	0.050632
21	79	0.050632
31	79	0.050632
46	70	0.050626
48	75	0.050626
23	59	0.050625
54	61	0.050621
19	85	0.050621
1	76	0.050619
33	88	0.050618
17	46	0.050617
9	75	0.050614
53	61	0.050611
19	82	0.05061
59	88	0.05061
34	66	0.050609
46	81	0.050608
34	90	0.050605
4	21	0.050602
4	31	0.050602
63	87	0.050601
19	25	0.050601
74	92	0.050598
5	19	0.050598
55	75	0.050595
24	33	0.050595
23	63	0.050593
76	93	0.050591
16	21	0.050588
16	31	0.050588
33	54	0.050588
24	59	0.050587
1	29	0.050586
65	77	0.050586
68	74	0.050584
54	59	0.05058
21	39	0.050578
31	39	0.050578
63	88	0.050577
19	69	0.050577
33	53	0.050577
62	77	0.050571
53	59	0.050569
73	75	0.050569
43	87	0.050567
19	89	0.050562
23	43	0.050558
64	74	0.050558
29	93	0.050557
21	37	0.050555
31	37	0.050555
48	89	0.050553
2	75	0.050552
3	21	0.050545
3	31	0.050545
66	74	0.050543
43	88	0.050542
28	76	0.05054
21	64	0.050539
31	64	0.050539
74	90	0.050538
21	67	0.050537
31	67	0.050537
2	18	0.050537
77	92	0.050534
53	63	0.050534
77	82	0.050533
19	72	0.050522
33	61	0.050521
32	87	0.050517
18	34	0.050516
24	43	0.050516
66	82	0.050511
34	60	0.050511
19	86	0.050511
43	54	0.050508
23	32	0.050507
27	75	0.050506
28	29	0.050503
33	93	0.050502
8	21	0.050501
8	31	0.050501
34	42	0.0505
33	83	0.0505
43	53	0.050496
21	30	0.050494
30	31	0.050494
21	22	0.050491
22	31	0.050491
59	83	0.050491
61	84	0.05049
32	88	0.05049
34	85	0.05048
48	76	0.050478
66	77	0.050474
77	90	0.050468
34	82	0.050468
24	32	0.050463
17	54	0.050459
25	34	0.050457
32	54	0.050454
5	34	0.050453
14	21	0.050452
14	31	0.050452
19	79	0.050451
33	84	0.05045
65	75	0.05045
1	87	0.050448
18	74	0.050441
59	84	0.05044
55	76	0.05044
29	48	0.050438
26	54	0.050437
60	74	0.050435
62	75	0.050432
21	41	0.050429
31	41	0.050429
34	69	0.050428
13	21	0.050428
13	31	0.050428
42	74	0.050423
9	29	0.050422
1	88	0.050419
34	91	0.050413
4	19	0.050413
42	84	0.050411
43	83	0.050411
34	89	0.05041
18	90	0.050405
23	93	0.050403
74	85	0.050401
19	38	0.0504
26	31	0.0504
21	26	0.0504
41	81	0.050399
29	55	0.050398
16	19	0.050396
3	23	0.050394
1	24	0.050389
75	92	0.050388
74	82	0.050388
19	39	0.050383
25	74	0.050376
40	74	0.050372
68	75	0.050369
2	53	0.050367
1	53	0.050366
29	73	0.050364
34	72	0.050362
4	67	0.05036
43	84	0.050355
21	80	0.050353
31	80	0.050353
24	93	0.050352
28	87	0.050349
34	86	0.050348
69	74	0.050344
42	77	0.050343
2	29	0.050343
54	93	0.050343
3	19	0.050341
21	38	0.050339
31	38	0.050339
21	71	0.050339
31	71	0.050339
5	13	0.050337
23	28	0.050337
19	64	0.050333
27	76	0.050332
19	67	0.050331
53	93	0.050328
74	91	0.050328
29	78	0.050327
74	89	0.050324
77	85	0.050319
28	88	0.050316
66	75	0.050316
75	90	0.050309
15	21	0.050304
15	31	0.050304
32	92	0.050295
9	69	0.050293
25	77	0.050292
32	84	0.050291
21	40	0.05029
31	40	0.05029
5	77	0.050286
8	19	0.050285
27	29	0.050284
24	28	0.050283
8	15	0.05028
76	90	0.050277
34	79	0.050276
28	54	0.050273
48	87	0.050272
72	74	0.050271
1	83	0.050267
65	76	0.050262
23	48	0.050259
28	53	0.050257
74	86	0.050256
9	87	0.050253
21	70	0.050248
31	70	0.050248
62	76	0.050241
9	23	0.05024
77	91	0.050239
48	88	0.050236
77	89	0.050235
17	21	0.050233
17	31	0.050233
4	34	0.05023
19	40	0.05023
83	93	0.050225
55	87	0.050225
14	19	0.050223
21	81	0.050219
31	81	0.050219
9	88	0.050217
23	55	0.050211
16	34	0.050209
17	53	0.050207
19	41	0.050194
34	39	0.050194
13	19	0.050192
48	54	0.05019
29	62	0.050189
55	88	0.050187
76	92	0.050187
73	87	0.050184
18	75	0.050184
9	24	0.050181
40	86	0.050179
72	77	0.050178
74	79	0.050177
60	75	0.050176
23	73	0.05017
42	75	0.050161
77	86	0.050161
2	87	0.050158
71	78	0.050157
19	26	0.050157
69	86	0.050155
28	83	0.050146
73	88	0.050145
2	23	0.050144
3	34	0.050143
59	61	0.050143
9	86	0.050142
78	87	0.05014
69	75	0.050136
34	64	0.050134
29	92	0.050133
75	85	0.050132
34	67	0.050131
4	74	0.050127
54	64	0.050125
23	78	0.050125
2	88	0.050119
75	82	0.050115
29	68	0.050109
24	73	0.050107
30	77	0.050104
16	74	0.050104
78	88	0.0501
66	76	0.0501
25	75	0.050099
19	80	0.050097
3	54	0.050095
3	37	0.050095
54	73	0.050095
5	75	0.050093
27	87	0.050089
61	63	0.050088
39	74	0.050088
33	59	0.050086
19	71	0.05008
2	24	0.050079
53	73	0.050076
8	34	0.050076
28	84	0.050075
23	27	0.050074
2	54	0.050067
30	34	0.050065
22	34	0.050061
24	78	0.05006
48	83	0.050053
26	84	0.050051
27	88	0.050047
54	78	0.050047
75	91	0.050037
15	19	0.050036
29	90	0.050033
75	89	0.050032
3	74	0.050032
9	83	0.05003
43	61	0.050028
53	78	0.050028
33	63	0.050028
3	76	0.050024
4	77	0.05002
67	74	0.050018
59	63	0.050014
25	84	0.050012
24	27	0.050005
65	87	0.050003
14	34	0.050001
25	65	0.049997
55	83	0.049996
16	77	0.049995
27	54	0.049992
25	90	0.049991
9	27	0.049978
39	77	0.049977
62	87	0.049976
48	84	0.049975
27	53	0.049972
34	41	0.049966
33	43	0.049965
19	70	0.049964
13	34	0.049964
23	62	0.049959
65	88	0.049958
8	74	0.049958
22	63	0.049948
30	74	0.049946
73	83	0.049946
17	19	0.049946
32	61	0.049942
22	74	0.049942
37	77	0.049935
83	90	0.049932
70	77	0.049931
62	88	0.04993
19	81	0.049928
26	34	0.049921
3	77	0.049917
55	84	0.049915
24	65	0.049913
42	76	0.049911
89	90	0.049908
64	77	0.049905
66	72	0.049903
60	84	0.049895
78	83	0.049893
23	92	0.049892
43	63	0.049887
24	62	0.049884
68	87	0.04988
53	65	0.049878
76	85	0.049876
54	71	0.049873
18	29	0.049872
54	62	0.04987
79	81	0.049869
81	89	0.049863
23	68	0.049862
73	84	0.049862
29	60	0.049862
32	59	0.049859
76	82	0.049854
34	80	0.04985
53	62	0.049848
5	76	0.049847
29	42	0.049843
77	81	0.049843
2	84	0.049839
8	77	0.049836
27	83	0.049831
68	88	0.049831
69	73	0.049831
34	38	0.049829
34	71	0.049828
65	86	0.049828
8	54	0.049826
4	32	0.049826
1	61	0.049823
9	18	0.049822
22	77	0.049819
1	91	0.049819
24	92	0.049813
29	85	0.049806
78	84	0.049806
18	55	0.0498
66	87	0.049799
54	92	0.049798
32	63	0.049791
69	76	0.049785
29	82	0.049784
24	68	0.049782
33	71	0.049781
23	66	0.049781
4	75	0.049776
23	90	0.04977
54	68	0.049767
61	93	0.049763
76	91	0.04976
5	29	0.049756
76	89	0.049754
1	33	0.04975
66	88	0.049748
14	77	0.049747
84	85	0.049744
53	68	0.049743
27	84	0.04974
2	37	0.049738
1	59	0.049733
17	76	0.049732
65	83	0.049727
17	74	0.049721
32	43	0.049717
29	86	0.049715
29	69	0.049711
74	80	0.04971
41	77	0.049705
13	77	0.049702
24	66	0.049696
62	83	0.049694
34	70	0.049689
38	74	0.049687
24	90	0.049685
29	91	0.049685
54	66	0.04968
29	89	0.049679
37	75	0.049676
69	93	0.049673
82	93	0.049671
59	93	0.04967
54	90	0.049669
17	34	0.049667
5	53	0.049656
53	66	0.049655
3	75	0.049654
28	61	0.049652
26	77	0.049651
76	86	0.049646
53	90	0.049644
64	75	0.04964
2	22	0.04964
67	75	0.049636
81	83	0.049627
54	85	0.049615
83	92	0.049614
18	87	0.049598
62	84	0.049595
63	93	0.049593
29	72	0.049592
63	79	0.04959
60	87	0.049586
1	43	0.049579
18	23	0.049577
28	33	0.04957
64	68	0.049566
23	60	0.049565
42	87	0.049564
8	75	0.049558
28	59	0.049551
23	85	0.049551
71	75	0.049546
65	82	0.049545
85	91	0.049543
30	75	0.049543
23	42	0.049542
71	77	0.049542
38	77	0.049541
18	88	0.04954
22	75	0.049538
60	88	0.049528
2	62	0.049524
48	61	0.049519
5	9	0.049512
84	92	0.049509
43	93	0.049509
42	88	0.049504
39	83	0.049504
9	15	0.049494
82	87	0.049494
9	61	0.049486
66	83	0.049481
18	24	0.049481
15	77	0.049477
69	72	0.049472
23	82	0.049471
25	87	0.04947
28	63	0.049469
18	54	0.049462
1	32	0.049462
3	70	0.049461
5	87	0.049461
16	83	0.04946
40	77	0.049452
1	86	0.049451
54	60	0.04945
24	42	0.049444
72	80	0.049443
4	76	0.049443
5	23	0.049438
55	61	0.049437
29	79	0.049436
82	88	0.049432
33	48	0.049431
42	54	0.049426
53	60	0.049422
48	59	0.04941
25	88	0.049408
69	87	0.049407
16	76	0.049407
13	62	0.049404
5	88	0.049398
42	53	0.049397
9	33	0.049397
32	93	0.049388
23	69	0.049384
39	76	0.049381
28	43	0.049379
9	59	0.049376
24	82	0.049369
66	84	0.049369
61	73	0.049367
84	90	0.049356
4	29	0.049353
23	91	0.049352
54	82	0.04935
53	85	0.04935
33	55	0.049345
23	89	0.049344
69	88	0.049342
5	24	0.049334
40	89	0.049328
25	54	0.049325
55	59	0.049324
2	61	0.049324
48	63	0.049321
37	76	0.04932
16	29	0.049315
5	54	0.049314
61	78	0.049292
68	79	0.04929
29	39	0.049288
43	67	0.049284
64	76	0.049277
24	69	0.049277
67	76	0.049272
33	73	0.049272
79	93	0.049265
72	87	0.049265
54	69	0.049257
59	73	0.04925
28	32	0.049249
24	91	0.049243
23	72	0.04924
18	83	0.049238
75	80	0.049237
24	89	0.049236
55	63	0.049231
2	33	0.049226
43	48	0.049224
29	37	0.049224
54	91	0.049223
38	75	0.049208
27	61	0.049204
2	59	0.049203
66	90	0.0492
72	88	0.049196
8	93	0.049195
53	91	0.049191
53	89	0.049184
29	64	0.049179
32	42	0.049179
8	76	0.049177
29	67	0.049174
73	80	0.049172
59	78	0.049169
30	76	0.049159
2	30	0.049158
22	76	0.049152
37	90	0.049141
15	75	0.049133
43	55	0.04913
24	72	0.049125
1	26	0.049124
18	84	0.04911
2	63	0.049105
54	72	0.049104
40	75	0.049102
27	33	0.049101
24	86	0.049093
9	66	0.049089
32	48	0.049084
48	93	0.049082
79	87	0.04908
5	83	0.049072
1	28	0.049071
54	86	0.049071
63	78	0.049069
29	30	0.049055
3	83	0.049053
23	79	0.049053
22	29	0.049048
43	73	0.049048
5	48	0.049024
79	88	0.049004
2	43	0.048997
22	48	0.048993
41	76	0.048989
13	76	0.048984
9	40	0.048984
32	55	0.048983
28	93	0.048981
4	87	0.048981
30	38	0.04898
17	75	0.04898
27	63	0.048972
3	90	0.048961
83	89	0.04896
43	78	0.04896
4	23	0.048952
62	78	0.048952
33	65	0.048945
16	87	0.048937
24	79	0.048928
30	54	0.048921
59	65	0.048919
26	76	0.048911
16	23	0.048908
39	87	0.048905
54	79	0.048904
4	88	0.048902
32	73	0.048897
33	62	0.048897
61	92	0.048895
1	48	0.048892
13	68	0.048882
29	41	0.048877
23	39	0.048875
13	29	0.048873
59	62	0.04887
53	79	0.048868
69	84	0.048866
16	88	0.048856
33	41	0.048849
61	68	0.048845
2	32	0.048843
18	78	0.048842
72	83	0.048836
37	87	0.048829
84	91	0.048826
39	88	0.048823
4	24	0.048822
8	63	0.048806
32	78	0.048803
83	86	0.048801
23	37	0.048798
3	53	0.048797
26	29	0.048796
3	87	0.048796
76	80	0.048788
1	55	0.048783
64	87	0.048776
16	24	0.048775
67	87	0.048769
4	53	0.04876
38	76	0.048752
71	76	0.048752
16	54	0.04875
59	92	0.048749
37	88	0.048745
24	39	0.048741
23	67	0.048738
33	68	0.048725
22	54	0.048724
60	68	0.048716
39	54	0.048715
16	53	0.048712
3	88	0.04871
67	84	0.048709
59	68	0.048696
27	32	0.048695
61	90	0.04869
1	73	0.048688
17	63	0.048688
63	72	0.048686
43	65	0.048686
72	84	0.048684
67	88	0.048683
55	93	0.048681
39	53	0.048677
29	80	0.048667
2	42	0.048662
15	76	0.048661
8	87	0.048651
1	66	0.048643
37	54	0.048633
43	62	0.048632
63	92	0.04863
29	38	0.04863
29	71	0.048629
30	87	0.048629
3	24	0.048624
40	76	0.048624
22	87	0.04862
28	48	0.048615
8	32	0.048612
81	87	0.048603
24	64	0.048603
23	30	0.048596
37	53	0.048593
4	84	0.048587
22	23	0.048587
1	78	0.048587
73	93	0.048583
33	66	0.04858
9	28	0.048566
33	90	0.048562
8	88	0.048561
26	65	0.04855
62	72	0.048542
30	88	0.048538
53	64	0.048535
15	29	0.048534
2	4	0.048531
22	88	0.048529
53	67	0.048528
9	67	0.048527
42	43	0.048518
70	76	0.048513
32	65	0.048511
43	92	0.0485
29	40	0.048496
4	83	0.048493
28	55	0.048493
14	87	0.048492
8	24	0.04847
1	27	0.048469
37	65	0.048455
32	62	0.048454
8	53	0.048445
43	68	0.048442
79	82	0.048441
76	81	0.048438
63	66	0.048422
41	87	0.048418
13	87	0.048412
17	84	0.048409
27	42	0.048408
63	90	0.048403
14	88	0.048397
28	73	0.048388
85	89	0.048387
23	41	0.048382
40	61	0.048378
13	23	0.048377
30	53	0.048375
22	53	0.048366
18	61	0.048363
82	86	0.048362
30	93	0.04836
27	93	0.048356
80	91	0.048355
9	48	0.048348
60	61	0.048343
62	70	0.04834
17	29	0.04834
2	28	0.048323
26	87	0.048321
41	88	0.04832
2	80	0.048315
13	88	0.048314
37	83	0.04831
42	61	0.048304
29	81	0.048301
16	18	0.048292
23	26	0.048284
43	66	0.048282
28	78	0.048275
1	65	0.04827
16	84	0.048265
67	73	0.048263
15	61	0.048259
32	68	0.048251
18	38	0.048226
39	84	0.048224
24	41	0.048221
26	88	0.04822
13	24	0.048215
9	55	0.048214
1	62	0.048208
81	82	0.048205
33	60	0.048199
69	92	0.048187
18	59	0.048186
61	82	0.048185
80	87	0.048168
59	60	0.048165
48	73	0.048156
65	93	0.048149
25	61	0.048145
27	28	0.048145
41	53	0.048144
8	25	0.048143
13	53	0.048138
23	80	0.04813
5	61	0.048129
37	84	0.048127
38	87	0.048124
42	59	0.048124
71	87	0.048123
24	26	0.048118
16	63	0.048117
70	78	0.048104
33	39	0.048103
9	73	0.048099
8	83	0.048096
85	93	0.048095
2	48	0.048086
23	38	0.048085
3	84	0.048085
23	71	0.048084
62	93	0.048084
32	66	0.048081
33	85	0.04808
71	83	0.048077
30	83	0.048069
80	88	0.048062
32	90	0.048059
22	83	0.048059
59	85	0.048046
26	53	0.048039
61	69	0.048038
48	78	0.048034
33	82	0.048033
5	93	0.048033
16	33	0.048027
60	63	0.048019
38	88	0.048017
71	88	0.048016
55	73	0.048014
15	87	0.048011
59	82	0.047997
25	33	0.047991
1	68	0.047988
61	91	0.047984
33	91	0.047978
42	63	0.047976
9	78	0.047975
5	33	0.047974
61	89	0.047972
15	23	0.047971
40	87	0.047966
25	59	0.047955
2	55	0.04794
5	59	0.047938
23	40	0.047925
54	80	0.047922
24	71	0.047907
8	92	0.047906
14	83	0.047904
8	84	0.0479
15	88	0.0479
27	48	0.047893
2	66	0.047889
15	89	0.047889
55	78	0.047887
18	43	0.047883
25	67	0.047882
33	69	0.047879
38	54	0.047875
53	80	0.047872
30	84	0.047872
62	86	0.047869
27	39	0.047868
22	84	0.047861
70	89	0.047857
40	88	0.047853
63	82	0.047844
59	69	0.047842
70	87	0.047828
53	71	0.047823
2	73	0.047816
33	89	0.047809
1	60	0.047804
61	72	0.047796
73	90	0.047788
59	91	0.047784
17	87	0.047781
1	90	0.047781
59	89	0.047772
5	39	0.047759
15	54	0.047753
61	86	0.047744
2	65	0.047743
27	55	0.04774
17	23	0.047738
43	85	0.04773
70	88	0.047711
5	67	0.04771
40	54	0.047704
26	83	0.047699
22	85	0.047698
23	81	0.047692
28	92	0.047685
2	78	0.047681
63	69	0.047681
43	82	0.047677
41	67	0.047669
32	79	0.047668
66	93	0.047665
17	88	0.047663
60	93	0.04766
48	65	0.047655
32	60	0.047632
25	43	0.047631
33	72	0.047626
63	91	0.047621
5	43	0.047612
28	68	0.047611
27	73	0.047608
63	89	0.047608
41	84	0.047603
40	91	0.047599
9	65	0.04759
59	72	0.047586
17	33	0.047582
48	62	0.047581
62	71	0.047578
54	70	0.047573
33	86	0.047571
41	86	0.047568
59	86	0.047531
2	27	0.047526
26	68	0.047507
43	69	0.047507
53	70	0.047501
32	85	0.047493
55	65	0.047491
61	79	0.047482
27	78	0.047466
38	83	0.047463
54	81	0.047456
73	89	0.047454
43	91	0.047444
32	82	0.047437
55	62	0.047414
28	66	0.047406
53	81	0.0474
26	59	0.047399
48	92	0.047398
25	32	0.047387
9	82	0.047385
28	90	0.04738
5	32	0.047368
63	86	0.047357
65	73	0.047351
39	66	0.047351
78	85	0.047342
9	92	0.047329
15	83	0.047327
48	68	0.047318
4	61	0.047314
30	32	0.047306
33	79	0.047297
4	66	0.047277
40	83	0.047272
62	73	0.047271
32	69	0.047255
59	79	0.047254
9	68	0.047247
16	61	0.047239
43	72	0.047227
55	92	0.047224
30	85	0.047221
79	80	0.047216
65	78	0.047199
32	91	0.047189
39	61	0.047185
14	30	0.047181
43	86	0.047167
55	68	0.04714
66	67	0.047129
4	33	0.047121
13	63	0.047116
70	83	0.047107
1	82	0.047107
48	66	0.047098
68	85	0.047094
15	84	0.047086
4	59	0.047077
73	92	0.047073
48	90	0.04707
1	25	0.047054
9	80	0.047052
17	83	0.047051
78	80	0.047036
1	5	0.047032
60	89	0.04703
40	84	0.047028
27	65	0.047024
3	61	0.047001
42	82	0.046998
16	59	0.046997
9	90	0.046995
22	32	0.04699
61	64	0.046967
32	72	0.046958
4	69	0.046947
1	72	0.046946
39	59	0.04694
27	62	0.046938
78	92	0.046912
1	69	0.046911
55	66	0.046911
18	28	0.046896
32	86	0.046895
2	68	0.046892
25	93	0.046886
4	63	0.046882
55	90	0.046881
28	60	0.046867
43	79	0.046864
63	70	0.04686
33	37	0.046852
1	89	0.046823
68	78	0.046822
28	42	0.04681
37	59	0.046804
3	33	0.046794
42	78	0.046763
33	64	0.046758
8	61	0.046757
66	73	0.046749
3	59	0.046746
39	63	0.04674
27	92	0.046725
59	64	0.04671
2	89	0.046704
28	85	0.0467
59	67	0.046698
26	33	0.046679
4	43	0.046671
2	82	0.046656
89	93	0.046646
62	67	0.046643
28	82	0.046633
27	68	0.046631
8	91	0.046628
2	90	0.046618
16	43	0.046584
25	73	0.046576
66	78	0.046576
25	28	0.046574
69	79	0.046569
30	89	0.046561
5	28	0.04655
78	90	0.046545
8	33	0.046538
3	63	0.046537
39	43	0.046522
48	60	0.046519
30	33	0.046499
42	68	0.04649
14	61	0.04649
8	59	0.046487
63	67	0.046487
22	33	0.046485
37	93	0.046481
42	48	0.046457
30	59	0.046448
22	59	0.046433
37	71	0.046424
28	69	0.046416
65	92	0.046409
5	65	0.046406
72	93	0.046404
37	43	0.046374
41	61	0.046365
13	61	0.046355
48	85	0.046339
28	91	0.046336
5	55	0.046332
28	89	0.046319
1	38	0.046317
3	43	0.04631
4	41	0.046309
65	68	0.046309
55	60	0.046306
26	27	0.046303
42	92	0.046277
16	32	0.046275
71	93	0.046271
43	64	0.046271
48	82	0.046267
14	33	0.046259
42	55	0.046242
60	78	0.046227
30	63	0.046226
62	68	0.046209
32	39	0.046209
14	32	0.046206
14	59	0.046205
25	48	0.046204
26	61	0.046203
8	41	0.046196
3	32	0.046184
22	89	0.046176
1	79	0.046173
73	85	0.04617
16	60	0.046167
5	16	0.046142
62	85	0.046124
60	73	0.046124
48	70	0.046121
2	13	0.046121
55	85	0.04612
13	33	0.046119
9	25	0.046114
40	43	0.046102
9	14	0.046101
2	17	0.046092
73	82	0.046083
41	59	0.046073
85	92	0.046069
13	59	0.046064
28	72	0.04606
42	73	0.046058
15	91	0.046055
39	42	0.046047
2	72	0.046047
55	82	0.046044
48	69	0.046034
71	92	0.046032
8	43	0.046028
2	60	0.046011
65	90	0.046002
5	38	0.045987
30	43	0.045985
28	86	0.045984
66	89	0.045981
25	55	0.045978
16	65	0.04597
22	43	0.045969
64	93	0.045954
1	4	0.045951
48	91	0.045949
61	80	0.045947
32	64	0.045942
80	93	0.04594
62	66	0.045931
8	38	0.045911
26	32	0.04591
62	90	0.045896
38	61	0.045873
61	71	0.045872
1	70	0.04587
9	91	0.045855
1	16	0.045852
3	55	0.045841
2	85	0.045814
55	69	0.045801
37	80	0.045791
1	39	0.04578
9	37	0.045769
4	93	0.045741
18	27	0.045737
65	85	0.045736
14	62	0.04573
14	43	0.04572
55	91	0.045713
86	92	0.045704
27	60	0.045701
69	81	0.045701
33	80	0.045692
13	78	0.045688
71	89	0.045687
66	92	0.045672
2	25	0.045665
3	13	0.045662
26	63	0.045657
48	72	0.045652
13	86	0.045647
78	82	0.045647
59	80	0.045633
33	38	0.045615
1	37	0.04561
28	79	0.0456
42	66	0.045596
18	72	0.045595
41	43	0.045577
25	78	0.045577
78	91	0.045573
48	86	0.045571
13	43	0.045566
16	66	0.045557
38	59	0.045555
9	72	0.045554
59	71	0.045553
5	78	0.045548
41	82	0.045534
68	90	0.045521
26	62	0.045512
73	91	0.04551
1	71	0.045495
27	85	0.045493
41	62	0.045488
18	26	0.045487
38	89	0.04548
2	69	0.045478
27	69	0.045473
65	89	0.045472
26	73	0.045449
22	38	0.045428
15	33	0.045417
55	72	0.045404
78	81	0.045404
26	43	0.045391
69	78	0.045387
2	91	0.045384
3	66	0.045378
63	80	0.045376
13	82	0.045373
18	65	0.045357
15	59	0.045355
4	28	0.045354
16	64	0.045349
16	27	0.045341
33	40	0.045338
25	27	0.045336
60	65	0.045319
55	86	0.045319
5	27	0.045307
17	61	0.045302
63	71	0.045293
14	65	0.045285
40	59	0.045275
78	89	0.045271
8	40	0.045267
67	93	0.045251
16	28	0.045245
42	65	0.045243
61	81	0.045225
3	28	0.045209
32	41	0.045206
13	32	0.045194
39	73	0.045193
70	82	0.045185
13	67	0.04517
28	39	0.045166
48	79	0.045158
37	92	0.045154
14	22	0.045142
78	86	0.045139
18	64	0.045128
73	86	0.045103
43	80	0.045097
14	69	0.045088
69	89	0.045088
15	63	0.045086
9	79	0.045051
27	91	0.04504
59	70	0.045034
64	73	0.045025
27	89	0.045018
38	43	0.045012
43	71	0.045011
40	63	0.045003
28	37	0.044978
2	86	0.044969
17	59	0.044952
18	92	0.044949
18	42	0.044947
33	81	0.044938
71	73	0.044933
82	92	0.04492
60	92	0.044908
55	81	0.0449
4	48	0.044895
25	66	0.044895
55	79	0.044889
4	73	0.044874
59	81	0.044871
28	64	0.044848
82	85	0.044832
28	67	0.044831
18	68	0.044822
2	8	0.044819
25	62	0.044805
15	43	0.044795
4	9	0.044784
18	25	0.044782
16	48	0.044778
5	62	0.044773
5	37	0.044749
13	65	0.044721
65	69	0.044721
37	78	0.044719
3	73	0.044715
37	73	0.044713
1	41	0.044698
27	72	0.044697
32	80	0.044697
17	30	0.044695
39	48	0.044693
9	16	0.044664
65	91	0.044616
4	55	0.044615
14	93	0.044613
38	73	0.044609
32	38	0.044607
32	71	0.044605
27	86	0.044603
2	26	0.044599
9	39	0.044579
86	90	0.044562
8	28	0.044541
25	92	0.044495
16	55	0.044493
37	48	0.044492
28	30	0.044487
16	73	0.044483
17	62	0.044482
18	66	0.044474
22	28	0.044467
9	64	0.044447
43	70	0.044446
22	25	0.044445
68	82	0.044444
26	28	0.044441
60	66	0.04443
2	39	0.044422
66	79	0.044406
39	55	0.044406
3	48	0.044405
4	68	0.044389
5	79	0.044387
60	90	0.044386
15	32	0.044377
17	43	0.044357
48	64	0.044352
48	67	0.044335
5	68	0.044326
42	90	0.044299
8	27	0.044292
2	67	0.044287
32	40	0.044285
43	81	0.044269
65	72	0.044252
39	60	0.044233
26	93	0.044223
82	91	0.044222
25	30	0.044201
37	55	0.044196
41	65	0.044163
1	80	0.044151
68	69	0.044133
4	15	0.044133
85	90	0.044133
16	42	0.044129
27	79	0.044126
4	78	0.044119
82	89	0.044116
18	79	0.04411
2	16	0.044099
5	42	0.04409
72	81	0.044081
69	85	0.044052
55	64	0.044051
55	67	0.044033
82	90	0.044031
8	48	0.044024
68	91	0.044019
60	79	0.044019
32	70	0.044007
66	69	0.044001
68	89	0.043994
79	85	0.043993
14	48	0.043989
16	78	0.043988
26	92	0.043982
16	25	0.043972
30	48	0.043966
67	82	0.043956
5	66	0.043953
25	60	0.043934
25	91	0.043909
5	90	0.043906
8	9	0.043899
39	78	0.043894
3	80	0.04389
26	85	0.04389
30	55	0.043863
9	30	0.04384
32	81	0.04382
9	22	0.043818
39	65	0.043804
25	39	0.043794
38	93	0.043776
72	92	0.043774
8	69	0.043744
9	70	0.043739
8	55	0.04371
69	90	0.043702
80	86	0.043696
3	18	0.043685
65	79	0.043645
2	64	0.043633
66	91	0.043631
72	90	0.043629
22	55	0.043627
68	72	0.043625
3	78	0.043574
80	89	0.04357
18	60	0.043561
5	80	0.043559
79	91	0.043549
3	86	0.043521
15	93	0.04352
15	62	0.043517
68	86	0.043517
64	78	0.043516
67	78	0.043496
62	79	0.043496
69	71	0.043469
9	26	0.043436
40	93	0.043417
41	48	0.043416
13	48	0.043401
30	73	0.043378
28	80	0.04337
8	90	0.043369
27	37	0.043357
22	73	0.043355
27	81	0.043348
41	80	0.043343
17	48	0.043336
4	65	0.043322
16	85	0.043316
1	17	0.043307
14	73	0.043307
38	39	0.043288
9	41	0.043281
18	85	0.04328
9	13	0.043267
9	71	0.043265
28	38	0.043264
28	71	0.043262
72	82	0.043235
38	55	0.043233
60	85	0.04323
15	27	0.04322
1	81	0.043207
30	62	0.043195
27	67	0.043176
4	62	0.043168
18	82	0.043167
26	48	0.043165
5	72	0.043157
8	78	0.043152
42	85	0.04313
79	92	0.043129
60	82	0.043116
30	78	0.043087
25	89	0.043078
41	55	0.043078
22	78	0.043063
67	90	0.043063
13	55	0.043063
40	73	0.043053
15	73	0.043052
14	18	0.043034
38	48	0.043028
16	62	0.043021
17	93	0.043003
15	28	0.042992
41	64	0.042986
69	80	0.042972
26	60	0.042958
39	62	0.042916
25	42	0.042914
55	70	0.042911
69	70	0.042891
28	40	0.042883
80	82	0.042841
26	55	0.042817
18	69	0.042803
4	22	0.042792
67	89	0.04279
41	73	0.042788
4	92	0.042787
13	73	0.042773
48	80	0.042772
37	81	0.042768
3	40	0.042753
27	30	0.042752
60	69	0.04275
16	41	0.04274
22	27	0.042727
14	37	0.042724
25	85	0.042718
14	78	0.042692
5	85	0.042677
18	91	0.042671
40	62	0.042663
48	71	0.042656
18	89	0.042641
65	67	0.042638
16	92	0.042635
22	62	0.042625
60	91	0.042617
25	82	0.042598
5	82	0.042556
28	70	0.042555
39	85	0.042547
40	78	0.042529
3	82	0.042528
39	92	0.042525
42	91	0.04251
62	64	0.042493
2	70	0.042479
41	78	0.042478
39	64	0.042475
79	90	0.042475
16	68	0.042466
17	28	0.042444
55	80	0.042409
42	72	0.042392
15	48	0.042368
39	68	0.042355
60	70	0.04235
14	27	0.042342
28	81	0.042334
55	71	0.042288
64	89	0.042275
40	48	0.042252
25	69	0.042212
26	78	0.0422
30	65	0.042188
5	69	0.042168
3	42	0.042165
22	65	0.042162
60	72	0.042154
27	40	0.042142
27	41	0.04212
41	71	0.042119
13	27	0.042104
37	68	0.04209
8	62	0.042086
18	86	0.042084
64	92	0.042084
15	22	0.042066
67	92	0.042061
60	86	0.042027
5	91	0.042026
15	55	0.041989
67	86	0.041989
3	68	0.041975
16	90	0.041945
13	89	0.041916
42	86	0.041914
8	16	0.041899
14	82	0.04189
14	90	0.041888
81	91	0.041885
40	55	0.041869
39	90	0.041828
72	85	0.041828
4	40	0.041807
5	8	0.041802
16	37	0.041779
69	91	0.041777
30	68	0.041654
38	78	0.041639
37	66	0.04161
25	72	0.041582
17	55	0.041517
9	81	0.041504
8	82	0.041491
4	38	0.041475
8	68	0.041475
13	69	0.041458
25	86	0.041448
4	26	0.041445
22	40	0.041445
67	91	0.041422
37	42	0.041414
5	86	0.041401
71	82	0.041397
13	60	0.04139
17	78	0.041387
27	80	0.041382
22	68	0.04137
64	90	0.041356
22	41	0.041351
15	78	0.041319
8	89	0.041311
39	41	0.04128
8	39	0.041271
37	39	0.041269
42	79	0.041266
71	91	0.041252
27	71	0.041249
41	72	0.04123
70	73	0.041167
72	91	0.041121
41	90	0.041117
41	91	0.041093
72	89	0.041086
14	72	0.041076
4	70	0.041055
4	18	0.041043
17	73	0.041041
25	64	0.041036
65	80	0.040996
70	91	0.040992
67	69	0.040992
4	60	0.04098
14	68	0.040931
66	70	0.040927
73	81	0.040915
30	66	0.040888
22	66	0.040858
30	90	0.040823
22	90	0.040793
25	79	0.040773
39	67	0.040738
18	67	0.040735
2	81	0.040701
16	91	0.040697
15	30	0.040695
71	79	0.040691
66	71	0.040663
4	85	0.040618
38	65	0.040602
65	71	0.040599
4	91	0.040577
3	72	0.040547
62	80	0.04054
16	38	0.040521
4	82	0.040472
3	15	0.040458
72	86	0.040443
14	67	0.040426
16	89	0.04041
38	62	0.040401
14	66	0.040399
4	89	0.040398
27	70	0.040388
37	60	0.040361
39	91	0.040344
16	82	0.040283
15	65	0.040251
79	89	0.040241
16	67	0.040236
3	60	0.040228
5	40	0.040219
65	70	0.040216
39	82	0.040148
60	64	0.040147
13	64	0.040137
41	66	0.040136
13	66	0.040116
40	65	0.040111
15	92	0.040079
30	40	0.040032
42	64	0.040014
42	67	0.039987
37	85	0.03998
70	72	0.039935
13	39	0.039928
15	18	0.039927
26	90	0.039913
38	92	0.039908
41	60	0.039897
3	85	0.039843
68	80	0.039841
37	82	0.039827
16	69	0.039808
26	82	0.039807
18	71	0.039806
39	89	0.039787
66	80	0.039763
3	17	0.039761
80	90	0.039751
67	85	0.039732
8	18	0.039717
38	68	0.039693
68	71	0.039691
39	69	0.039668
8	60	0.039647
18	30	0.039629
18	22	0.039597
68	70	0.039591
4	72	0.039588
8	42	0.039568
30	60	0.039559
79	86	0.039551
17	65	0.039547
4	17	0.039541
22	60	0.039526
70	92	0.039502
67	72	0.039496
22	69	0.039489
37	86	0.039476
30	69	0.039422
30	42	0.03942
41	69	0.039409
65	81	0.039406
40	92	0.03939
22	42	0.039386
37	69	0.039334
15	68	0.039318
16	86	0.039314
25	38	0.039304
71	90	0.039281
3	71	0.039258
37	41	0.039235
5	15	0.039222
3	69	0.039191
4	79	0.03919
40	68	0.039168
13	42	0.039161
37	91	0.039155
4	8	0.039125
3	16	0.039116
37	89	0.039115
13	16	0.039099
4	86	0.039081
81	92	0.039046
16	72	0.039036
38	90	0.039033
30	79	0.03901
41	42	0.039001
30	82	0.038991
18	41	0.03898
3	89	0.038969
22	82	0.038957
30	72	0.038924
64	91	0.038921
13	91	0.038921
70	79	0.038899
18	80	0.038898
39	86	0.038892
39	72	0.038888
37	67	0.038841
71	86	0.038834
17	92	0.038796
5	30	0.038792
13	18	0.038779
40	90	0.038763
5	22	0.038757
15	90	0.038736
15	66	0.038715
64	72	0.038634
60	71	0.038611
22	72	0.038592
17	89	0.038588
17	68	0.038564
4	16	0.038561
40	66	0.038559
37	72	0.038536
18	40	0.038528
40	67	0.038507
68	81	0.038413
41	85	0.038297
14	25	0.038281
13	85	0.038275
14	39	0.038246
81	90	0.038227
26	42	0.038198
22	79	0.038166
5	71	0.03812
26	64	0.038113
26	72	0.038071
16	79	0.038049
13	37	0.03804
70	90	0.03801
39	79	0.037891
17	90	0.03785
4	39	0.037785
66	81	0.037774
13	72	0.037771
60	80	0.03776
71	72	0.037752
8	72	0.037723
42	80	0.037603
38	60	0.03759
37	79	0.037516
26	89	0.037509
26	91	0.037472
38	42	0.037432
42	71	0.037429
3	79	0.037354
25	80	0.037312
80	85	0.037304
64	79	0.037256
42	70	0.037246
67	79	0.037224
38	85	0.037196
67	71	0.037184
26	69	0.037167
15	60	0.037159
71	85	0.037126
17	22	0.037092
15	67	0.037009
15	42	0.036996
4	30	0.036993
40	60	0.036987
38	82	0.036945
8	79	0.036925
13	80	0.036834
40	42	0.036823
30	71	0.036787
25	71	0.03678
60	81	0.03676
38	70	0.036717
15	85	0.036686
3	67	0.036649
38	86	0.036643
3	81	0.03664
18	70	0.036556
22	71	0.03655
40	85	0.03651
15	82	0.036497
3	39	0.036494
40	69	0.036441
5	70	0.03644
38	69	0.036353
15	25	0.036332
40	82	0.036319
17	60	0.036296
18	81	0.036211
25	40	0.036152
26	39	0.036127
17	42	0.036126
8	37	0.036047
70	85	0.03598
42	81	0.035952
14	79	0.035892
15	69	0.03589
37	70	0.035884
14	16	0.035876
17	85	0.035801
13	79	0.03578
25	81	0.035759
16	30	0.035727
3	64	0.03571
16	22	0.035685
81	86	0.035672
81	85	0.035645
30	80	0.035613
25	70	0.035612
37	40	0.035605
17	82	0.035603
64	71	0.03557
64	67	0.035567
30	39	0.035547
41	79	0.035542
22	39	0.035505
13	30	0.035433
17	25	0.03543
16	26	0.0354
38	72	0.035398
22	80	0.035381
5	17	0.03536
14	71	0.035353
13	71	0.03535
15	37	0.035217
26	79	0.035186
5	81	0.03518
17	69	0.034968
15	72	0.034913
8	70	0.034826
30	67	0.034789
16	80	0.034766
22	67	0.034746
40	72	0.03472
16	71	0.034613
3	41	0.034593
17	71	0.034558
39	71	0.03454
39	40	0.034448
40	79	0.034343
15	39	0.034189
38	79	0.034185
39	80	0.034109
3	26	0.03409
30	41	0.034032
64	70	0.034031
70	86	0.03398
17	72	0.033946
4	80	0.033758
39	81	0.033731
17	86	0.03373
16	81	0.033681
15	79	0.033672
14	80	0.033632
67	80	0.033621
4	71	0.033547
16	40	0.033498
15	16	0.033496
8	17	0.033255
4	81	0.033072
13	22	0.032816
17	79	0.032653
64	80	0.032486
26	30	0.032386
22	26	0.032338
26	80	0.032268
38	64	0.032268
15	71	0.032261
38	67	0.032227
16	70	0.031895
8	80	0.031732
15	64	0.031716
39	70	0.031684
14	26	0.031641
64	81	0.031588
8	71	0.031504
40	64	0.031497
26	71	0.031274
67	70	0.03123
40	71	0.031184
22	81	0.031063
30	81	0.031028
15	80	0.03098
38	81	0.03095
38	71	0.030904
17	64	0.030621
17	67	0.030577
67	81	0.03036
30	70	0.030158
38	41	0.030132
13	38	0.0301
22	70	0.030058
40	80	0.030055
26	38	0.029682
8	81	0.029597
15	41	0.029541
17	81	0.029529
13	15	0.029508
40	41	0.029306
13	40	0.029273
26	40	0.02898
15	26	0.028976
38	80	0.028844
40	81	0.028669
26	70	0.028455
17	41	0.028372
13	17	0.028338
15	70	0.028228
17	26	0.028076
40	70	0.028036
15	81	0.027877
26	81	0.027556
17	70	0.027452
17	80	0.026893