#==========================================================================
# The first and second rows contain site pairs (i, j) such that j > i
# The third row contains coevolutionary scores obtained 
# using PSICOV algorithm.
# Note that in this data sites are counted/labelled starting from 1
#==========================================================================
45	57	0.903465
46	56	0.903285
17	29	0.902882
18	28	0.90288
44	58	0.902772
43	59	0.902128
15	31	0.900606
16	30	0.896073
6	66	0.885756
47	55	0.884574
42	60	0.881973
14	32	0.871091
4	68	0.863658
19	27	0.855373
7	65	0.816694
13	33	0.796292
5	67	0.738577
3	69	0.716498
2	70	0.231451
21	22	0.157904
9	63	0.153102
51	52	0.143316
42	61	0.127645
12	13	0.117592
22	51	0.111521
53	54	0.09536
23	52	0.086407
22	54	0.08019
20	27	0.078845
50	52	0.077858
21	54	0.073386
12	33	0.072169
70	71	0.071216
12	31	0.071165
69	70	0.070872
22	53	0.07087
65	69	0.069837
21	52	0.069634
19	20	0.06914
51	54	0.066553
24	50	0.066508
68	69	0.065976
22	52	0.065455
21	51	0.06541
13	36	0.064968
1	2	0.064925
52	53	0.064278
18	19	0.064077
21	53	0.064063
7	68	0.06342
52	54	0.063316
36	65	0.063028
32	36	0.062859
5	6	0.062757
3	4	0.061621
22	27	0.061579
51	53	0.061549
68	71	0.06154
13	14	0.060978
1	4	0.060967
60	61	0.060681
6	22	0.05999
22	50	0.059816
4	69	0.059586
50	60	0.059492
12	59	0.059382
60	65	0.058709
66	71	0.058561
65	68	0.058494
3	71	0.058424
50	51	0.058075
5	66	0.058022
30	36	0.057944
23	50	0.057879
14	36	0.057861
3	65	0.057814
69	71	0.057061
1	3	0.057005
2	5	0.056889
12	70	0.056862
6	71	0.056813
33	65	0.056785
47	61	0.056747
66	70	0.056366
1	15	0.056343
12	43	0.0561
36	59	0.056092
22	66	0.055964
23	47	0.055924
43	70	0.055894
27	65	0.05581
3	42	0.055735
2	4	0.055545
16	24	0.05538
27	71	0.055314
2	3	0.05514
2	50	0.05506
1	71	0.054904
20	24	0.054887
3	7	0.054867
17	71	0.054724
23	51	0.054709
19	70	0.054567
59	71	0.054502
23	36	0.054427
2	71	0.054246
45	70	0.054176
6	61	0.054145
1	31	0.054048
12	28	0.054004
14	33	0.053984
50	55	0.053977
1	65	0.053862
45	61	0.053795
24	51	0.053776
13	71	0.05371
4	5	0.053707
67	70	0.053706
36	58	0.053634
19	28	0.053465
24	52	0.053452
6	70	0.053126
59	70	0.053098
23	32	0.053069
1	12	0.053054
24	44	0.052987
36	43	0.052974
50	53	0.052954
31	61	0.052948
50	54	0.052898
19	65	0.052886
50	69	0.052881
24	58	0.052879
50	58	0.052864
13	23	0.052841
20	65	0.052835
21	27	0.052787
19	22	0.052721
33	51	0.052684
24	36	0.052653
20	52	0.052639
42	50	0.052595
20	33	0.052582
19	50	0.052547
28	68	0.052486
19	23	0.052455
14	67	0.052419
13	65	0.052373
59	61	0.052191
50	70	0.052188
32	71	0.052171
55	71	0.052147
3	24	0.052117
14	24	0.052072
23	55	0.052038
24	71	0.052024
36	44	0.052004
18	50	0.051978
20	50	0.051863
1	17	0.05184
24	59	0.051825
23	30	0.051787
9	23	0.051769
20	54	0.051768
1	66	0.051714
19	53	0.051696
1	29	0.051657
12	51	0.051616
50	56	0.051614
1	36	0.051595
21	48	0.051576
24	46	0.051575
23	24	0.051555
20	32	0.051545
20	42	0.051541
32	61	0.051504
43	61	0.051482
36	56	0.051455
2	20	0.051452
1	51	0.051434
4	50	0.05143
12	18	0.051429
23	43	0.051422
16	23	0.051414
1	45	0.051389
20	23	0.051382
19	61	0.051379
42	69	0.051345
7	52	0.051328
6	63	0.051315
23	28	0.051312
1	8	0.051297
1	10	0.051297
1	11	0.051297
1	25	0.051297
1	26	0.051297
1	34	0.051297
1	35	0.051297
1	37	0.051297
1	38	0.051297
1	39	0.051297
1	40	0.051297
1	41	0.051297
1	49	0.051297
1	62	0.051297
1	64	0.051297
2	8	0.051297
2	10	0.051297
2	11	0.051297
2	25	0.051297
2	26	0.051297
2	34	0.051297
2	35	0.051297
2	37	0.051297
2	38	0.051297
2	39	0.051297
2	40	0.051297
2	41	0.051297
2	49	0.051297
2	62	0.051297
2	64	0.051297
3	8	0.051297
3	10	0.051297
3	11	0.051297
3	25	0.051297
3	26	0.051297
3	34	0.051297
3	35	0.051297
3	37	0.051297
3	38	0.051297
3	39	0.051297
3	40	0.051297
3	41	0.051297
3	49	0.051297
3	62	0.051297
3	64	0.051297
4	8	0.051297
4	10	0.051297
4	11	0.051297
4	25	0.051297
4	26	0.051297
4	34	0.051297
4	35	0.051297
4	37	0.051297
4	38	0.051297
4	39	0.051297
4	40	0.051297
4	41	0.051297
4	49	0.051297
4	62	0.051297
4	64	0.051297
5	8	0.051297
5	10	0.051297
5	11	0.051297
5	25	0.051297
5	26	0.051297
5	34	0.051297
5	35	0.051297
5	37	0.051297
5	38	0.051297
5	39	0.051297
5	40	0.051297
5	41	0.051297
5	49	0.051297
5	62	0.051297
5	64	0.051297
6	8	0.051297
6	10	0.051297
6	11	0.051297
6	25	0.051297
6	26	0.051297
6	34	0.051297
6	35	0.051297
6	37	0.051297
6	38	0.051297
6	39	0.051297
6	40	0.051297
6	41	0.051297
6	49	0.051297
6	62	0.051297
6	64	0.051297
7	8	0.051297
7	10	0.051297
7	11	0.051297
7	25	0.051297
7	26	0.051297
7	34	0.051297
7	35	0.051297
7	37	0.051297
7	38	0.051297
7	39	0.051297
7	40	0.051297
7	41	0.051297
7	49	0.051297
7	62	0.051297
7	64	0.051297
8	9	0.051297
8	10	0.051297
8	11	0.051297
8	12	0.051297
8	13	0.051297
8	14	0.051297
8	15	0.051297
8	16	0.051297
8	17	0.051297
8	18	0.051297
8	19	0.051297
8	20	0.051297
8	21	0.051297
8	22	0.051297
8	23	0.051297
8	24	0.051297
8	25	0.051297
8	26	0.051297
8	27	0.051297
8	28	0.051297
8	29	0.051297
8	30	0.051297
8	31	0.051297
8	32	0.051297
8	33	0.051297
8	34	0.051297
8	35	0.051297
8	36	0.051297
8	37	0.051297
8	38	0.051297
8	39	0.051297
8	40	0.051297
8	41	0.051297
8	42	0.051297
8	43	0.051297
8	44	0.051297
8	45	0.051297
8	46	0.051297
8	47	0.051297
8	48	0.051297
8	49	0.051297
8	50	0.051297
8	51	0.051297
8	52	0.051297
8	53	0.051297
8	54	0.051297
8	55	0.051297
8	56	0.051297
8	57	0.051297
8	58	0.051297
8	59	0.051297
8	60	0.051297
8	61	0.051297
8	62	0.051297
8	63	0.051297
8	64	0.051297
8	65	0.051297
8	66	0.051297
8	67	0.051297
8	68	0.051297
8	69	0.051297
8	70	0.051297
8	71	0.051297
9	10	0.051297
9	11	0.051297
9	25	0.051297
9	26	0.051297
9	34	0.051297
9	35	0.051297
9	37	0.051297
9	38	0.051297
9	39	0.051297
9	40	0.051297
9	41	0.051297
9	49	0.051297
9	62	0.051297
9	64	0.051297
10	11	0.051297
10	12	0.051297
10	13	0.051297
10	14	0.051297
10	15	0.051297
10	16	0.051297
10	17	0.051297
10	18	0.051297
10	19	0.051297
10	20	0.051297
10	21	0.051297
10	22	0.051297
10	23	0.051297
10	24	0.051297
10	25	0.051297
10	26	0.051297
10	27	0.051297
10	28	0.051297
10	29	0.051297
10	30	0.051297
10	31	0.051297
10	32	0.051297
10	33	0.051297
10	34	0.051297
10	35	0.051297
10	36	0.051297
10	37	0.051297
10	38	0.051297
10	39	0.051297
10	40	0.051297
10	41	0.051297
10	42	0.051297
10	43	0.051297
10	44	0.051297
10	45	0.051297
10	46	0.051297
10	47	0.051297
10	48	0.051297
10	49	0.051297
10	50	0.051297
10	51	0.051297
10	52	0.051297
10	53	0.051297
10	54	0.051297
10	55	0.051297
10	56	0.051297
10	57	0.051297
10	58	0.051297
10	59	0.051297
10	60	0.051297
10	61	0.051297
10	62	0.051297
10	63	0.051297
10	64	0.051297
10	65	0.051297
10	66	0.051297
10	67	0.051297
10	68	0.051297
10	69	0.051297
10	70	0.051297
10	71	0.051297
11	12	0.051297
11	13	0.051297
11	14	0.051297
11	15	0.051297
11	16	0.051297
11	17	0.051297
11	18	0.051297
11	19	0.051297
11	20	0.051297
11	21	0.051297
11	22	0.051297
11	23	0.051297
11	24	0.051297
11	25	0.051297
11	26	0.051297
11	27	0.051297
11	28	0.051297
11	29	0.051297
11	30	0.051297
11	31	0.051297
11	32	0.051297
11	33	0.051297
11	34	0.051297
11	35	0.051297
11	36	0.051297
11	37	0.051297
11	38	0.051297
11	39	0.051297
11	40	0.051297
11	41	0.051297
11	42	0.051297
11	43	0.051297
11	44	0.051297
11	45	0.051297
11	46	0.051297
11	47	0.051297
11	48	0.051297
11	49	0.051297
11	50	0.051297
11	51	0.051297
11	52	0.051297
11	53	0.051297
11	54	0.051297
11	55	0.051297
11	56	0.051297
11	57	0.051297
11	58	0.051297
11	59	0.051297
11	60	0.051297
11	61	0.051297
11	62	0.051297
11	63	0.051297
11	64	0.051297
11	65	0.051297
11	66	0.051297
11	67	0.051297
11	68	0.051297
11	69	0.051297
11	70	0.051297
11	71	0.051297
12	25	0.051297
12	26	0.051297
12	34	0.051297
12	35	0.051297
12	37	0.051297
12	38	0.051297
12	39	0.051297
12	40	0.051297
12	41	0.051297
12	49	0.051297
12	62	0.051297
12	64	0.051297
13	25	0.051297
13	26	0.051297
13	34	0.051297
13	35	0.051297
13	37	0.051297
13	38	0.051297
13	39	0.051297
13	40	0.051297
13	41	0.051297
13	49	0.051297
13	62	0.051297
13	64	0.051297
14	25	0.051297
14	26	0.051297
14	34	0.051297
14	35	0.051297
14	37	0.051297
14	38	0.051297
14	39	0.051297
14	40	0.051297
14	41	0.051297
14	49	0.051297
14	62	0.051297
14	64	0.051297
15	25	0.051297
15	26	0.051297
15	34	0.051297
15	35	0.051297
15	37	0.051297
15	38	0.051297
15	39	0.051297
15	40	0.051297
15	41	0.051297
15	49	0.051297
15	62	0.051297
15	64	0.051297
16	25	0.051297
16	26	0.051297
16	34	0.051297
16	35	0.051297
16	37	0.051297
16	38	0.051297
16	39	0.051297
16	40	0.051297
16	41	0.051297
16	49	0.051297
16	62	0.051297
16	64	0.051297
17	25	0.051297
17	26	0.051297
17	34	0.051297
17	35	0.051297
17	37	0.051297
17	38	0.051297
17	39	0.051297
17	40	0.051297
17	41	0.051297
17	49	0.051297
17	62	0.051297
17	64	0.051297
18	25	0.051297
18	26	0.051297
18	34	0.051297
18	35	0.051297
18	37	0.051297
18	38	0.051297
18	39	0.051297
18	40	0.051297
18	41	0.051297
18	49	0.051297
18	62	0.051297
18	64	0.051297
19	25	0.051297
19	26	0.051297
19	34	0.051297
19	35	0.051297
19	37	0.051297
19	38	0.051297
19	39	0.051297
19	40	0.051297
19	41	0.051297
19	49	0.051297
19	62	0.051297
19	64	0.051297
20	25	0.051297
20	26	0.051297
20	34	0.051297
20	35	0.051297
20	37	0.051297
20	38	0.051297
20	39	0.051297
20	40	0.051297
20	41	0.051297
20	49	0.051297
20	62	0.051297
20	64	0.051297
21	25	0.051297
21	26	0.051297
21	34	0.051297
21	35	0.051297
21	37	0.051297
21	38	0.051297
21	39	0.051297
21	40	0.051297
21	41	0.051297
21	49	0.051297
21	62	0.051297
21	64	0.051297
22	25	0.051297
22	26	0.051297
22	34	0.051297
22	35	0.051297
22	37	0.051297
22	38	0.051297
22	39	0.051297
22	40	0.051297
22	41	0.051297
22	49	0.051297
22	62	0.051297
22	64	0.051297
23	25	0.051297
23	26	0.051297
23	34	0.051297
23	35	0.051297
23	37	0.051297
23	38	0.051297
23	39	0.051297
23	40	0.051297
23	41	0.051297
23	49	0.051297
23	62	0.051297
23	64	0.051297
24	25	0.051297
24	26	0.051297
24	34	0.051297
24	35	0.051297
24	37	0.051297
24	38	0.051297
24	39	0.051297
24	40	0.051297
24	41	0.051297
24	49	0.051297
24	62	0.051297
24	64	0.051297
25	26	0.051297
25	27	0.051297
25	28	0.051297
25	29	0.051297
25	30	0.051297
25	31	0.051297
25	32	0.051297
25	33	0.051297
25	34	0.051297
25	35	0.051297
25	36	0.051297
25	37	0.051297
25	38	0.051297
25	39	0.051297
25	40	0.051297
25	41	0.051297
25	42	0.051297
25	43	0.051297
25	44	0.051297
25	45	0.051297
25	46	0.051297
25	47	0.051297
25	48	0.051297
25	49	0.051297
25	50	0.051297
25	51	0.051297
25	52	0.051297
25	53	0.051297
25	54	0.051297
25	55	0.051297
25	56	0.051297
25	57	0.051297
25	58	0.051297
25	59	0.051297
25	60	0.051297
25	61	0.051297
25	62	0.051297
25	63	0.051297
25	64	0.051297
25	65	0.051297
25	66	0.051297
25	67	0.051297
25	68	0.051297
25	69	0.051297
25	70	0.051297
25	71	0.051297
26	27	0.051297
26	28	0.051297
26	29	0.051297
26	30	0.051297
26	31	0.051297
26	32	0.051297
26	33	0.051297
26	34	0.051297
26	35	0.051297
26	36	0.051297
26	37	0.051297
26	38	0.051297
26	39	0.051297
26	40	0.051297
26	41	0.051297
26	42	0.051297
26	43	0.051297
26	44	0.051297
26	45	0.051297
26	46	0.051297
26	47	0.051297
26	48	0.051297
26	49	0.051297
26	50	0.051297
26	51	0.051297
26	52	0.051297
26	53	0.051297
26	54	0.051297
26	55	0.051297
26	56	0.051297
26	57	0.051297
26	58	0.051297
26	59	0.051297
26	60	0.051297
26	61	0.051297
26	62	0.051297
26	63	0.051297
26	64	0.051297
26	65	0.051297
26	66	0.051297
26	67	0.051297
26	68	0.051297
26	69	0.051297
26	70	0.051297
26	71	0.051297
27	34	0.051297
27	35	0.051297
27	37	0.051297
27	38	0.051297
27	39	0.051297
27	40	0.051297
27	41	0.051297
27	49	0.051297
27	62	0.051297
27	64	0.051297
28	34	0.051297
28	35	0.051297
28	37	0.051297
28	38	0.051297
28	39	0.051297
28	40	0.051297
28	41	0.051297
28	49	0.051297
28	62	0.051297
28	64	0.051297
29	34	0.051297
29	35	0.051297
29	37	0.051297
29	38	0.051297
29	39	0.051297
29	40	0.051297
29	41	0.051297
29	49	0.051297
29	62	0.051297
29	64	0.051297
30	34	0.051297
30	35	0.051297
30	37	0.051297
30	38	0.051297
30	39	0.051297
30	40	0.051297
30	41	0.051297
30	49	0.051297
30	62	0.051297
30	64	0.051297
31	34	0.051297
31	35	0.051297
31	37	0.051297
31	38	0.051297
31	39	0.051297
31	40	0.051297
31	41	0.051297
31	49	0.051297
31	62	0.051297
31	64	0.051297
32	34	0.051297
32	35	0.051297
32	37	0.051297
32	38	0.051297
32	39	0.051297
32	40	0.051297
32	41	0.051297
32	49	0.051297
32	62	0.051297
32	64	0.051297
33	34	0.051297
33	35	0.051297
33	37	0.051297
33	38	0.051297
33	39	0.051297
33	40	0.051297
33	41	0.051297
33	49	0.051297
33	62	0.051297
33	64	0.051297
34	35	0.051297
34	36	0.051297
34	37	0.051297
34	38	0.051297
34	39	0.051297
34	40	0.051297
34	41	0.051297
34	42	0.051297
34	43	0.051297
34	44	0.051297
34	45	0.051297
34	46	0.051297
34	47	0.051297
34	48	0.051297
34	49	0.051297
34	50	0.051297
34	51	0.051297
34	52	0.051297
34	53	0.051297
34	54	0.051297
34	55	0.051297
34	56	0.051297
34	57	0.051297
34	58	0.051297
34	59	0.051297
34	60	0.051297
34	61	0.051297
34	62	0.051297
34	63	0.051297
34	64	0.051297
34	65	0.051297
34	66	0.051297
34	67	0.051297
34	68	0.051297
34	69	0.051297
34	70	0.051297
34	71	0.051297
35	36	0.051297
35	37	0.051297
35	38	0.051297
35	39	0.051297
35	40	0.051297
35	41	0.051297
35	42	0.051297
35	43	0.051297
35	44	0.051297
35	45	0.051297
35	46	0.051297
35	47	0.051297
35	48	0.051297
35	49	0.051297
35	50	0.051297
35	51	0.051297
35	52	0.051297
35	53	0.051297
35	54	0.051297
35	55	0.051297
35	56	0.051297
35	57	0.051297
35	58	0.051297
35	59	0.051297
35	60	0.051297
35	61	0.051297
35	62	0.051297
35	63	0.051297
35	64	0.051297
35	65	0.051297
35	66	0.051297
35	67	0.051297
35	68	0.051297
35	69	0.051297
35	70	0.051297
35	71	0.051297
36	37	0.051297
36	38	0.051297
36	39	0.051297
36	40	0.051297
36	41	0.051297
36	49	0.051297
36	62	0.051297
36	64	0.051297
37	38	0.051297
37	39	0.051297
37	40	0.051297
37	41	0.051297
37	42	0.051297
37	43	0.051297
37	44	0.051297
37	45	0.051297
37	46	0.051297
37	47	0.051297
37	48	0.051297
37	49	0.051297
37	50	0.051297
37	51	0.051297
37	52	0.051297
37	53	0.051297
37	54	0.051297
37	55	0.051297
37	56	0.051297
37	57	0.051297
37	58	0.051297
37	59	0.051297
37	60	0.051297
37	61	0.051297
37	62	0.051297
37	63	0.051297
37	64	0.051297
37	65	0.051297
37	66	0.051297
37	67	0.051297
37	68	0.051297
37	69	0.051297
37	70	0.051297
37	71	0.051297
38	39	0.051297
38	40	0.051297
38	41	0.051297
38	42	0.051297
38	43	0.051297
38	44	0.051297
38	45	0.051297
38	46	0.051297
38	47	0.051297
38	48	0.051297
38	49	0.051297
38	50	0.051297
38	51	0.051297
38	52	0.051297
38	53	0.051297
38	54	0.051297
38	55	0.051297
38	56	0.051297
38	57	0.051297
38	58	0.051297
38	59	0.051297
38	60	0.051297
38	61	0.051297
38	62	0.051297
38	63	0.051297
38	64	0.051297
38	65	0.051297
38	66	0.051297
38	67	0.051297
38	68	0.051297
38	69	0.051297
38	70	0.051297
38	71	0.051297
39	40	0.051297
39	41	0.051297
39	42	0.051297
39	43	0.051297
39	44	0.051297
39	45	0.051297
39	46	0.051297
39	47	0.051297
39	48	0.051297
39	49	0.051297
39	50	0.051297
39	51	0.051297
39	52	0.051297
39	53	0.051297
39	54	0.051297
39	55	0.051297
39	56	0.051297
39	57	0.051297
39	58	0.051297
39	59	0.051297
39	60	0.051297
39	61	0.051297
39	62	0.051297
39	63	0.051297
39	64	0.051297
39	65	0.051297
39	66	0.051297
39	67	0.051297
39	68	0.051297
39	69	0.051297
39	70	0.051297
39	71	0.051297
40	41	0.051297
40	42	0.051297
40	43	0.051297
40	44	0.051297
40	45	0.051297
40	46	0.051297
40	47	0.051297
40	48	0.051297
40	49	0.051297
40	50	0.051297
40	51	0.051297
40	52	0.051297
40	53	0.051297
40	54	0.051297
40	55	0.051297
40	56	0.051297
40	57	0.051297
40	58	0.051297
40	59	0.051297
40	60	0.051297
40	61	0.051297
40	62	0.051297
40	63	0.051297
40	64	0.051297
40	65	0.051297
40	66	0.051297
40	67	0.051297
40	68	0.051297
40	69	0.051297
40	70	0.051297
40	71	0.051297
41	42	0.051297
41	43	0.051297
41	44	0.051297
41	45	0.051297
41	46	0.051297
41	47	0.051297
41	48	0.051297
41	49	0.051297
41	50	0.051297
41	51	0.051297
41	52	0.051297
41	53	0.051297
41	54	0.051297
41	55	0.051297
41	56	0.051297
41	57	0.051297
41	58	0.051297
41	59	0.051297
41	60	0.051297
41	61	0.051297
41	62	0.051297
41	63	0.051297
41	64	0.051297
41	65	0.051297
41	66	0.051297
41	67	0.051297
41	68	0.051297
41	69	0.051297
41	70	0.051297
41	71	0.051297
42	49	0.051297
42	62	0.051297
42	64	0.051297
43	49	0.051297
43	62	0.051297
43	64	0.051297
44	49	0.051297
44	62	0.051297
44	64	0.051297
45	49	0.051297
45	62	0.051297
45	64	0.051297
46	49	0.051297
46	62	0.051297
46	64	0.051297
47	49	0.051297
47	62	0.051297
47	64	0.051297
48	49	0.051297
48	62	0.051297
48	64	0.051297
49	50	0.051297
49	51	0.051297
49	52	0.051297
49	53	0.051297
49	54	0.051297
49	55	0.051297
49	56	0.051297
49	57	0.051297
49	58	0.051297
49	59	0.051297
49	60	0.051297
49	61	0.051297
49	62	0.051297
49	63	0.051297
49	64	0.051297
49	65	0.051297
49	66	0.051297
49	67	0.051297
49	68	0.051297
49	69	0.051297
49	70	0.051297
49	71	0.051297
50	62	0.051297
50	64	0.051297
51	62	0.051297
51	64	0.051297
52	62	0.051297
52	64	0.051297
53	62	0.051297
53	64	0.051297
54	62	0.051297
54	64	0.051297
55	62	0.051297
55	64	0.051297
56	62	0.051297
56	64	0.051297
57	62	0.051297
57	64	0.051297
58	62	0.051297
58	64	0.051297
59	62	0.051297
59	64	0.051297
60	62	0.051297
60	64	0.051297
61	62	0.051297
61	64	0.051297
62	63	0.051297
62	64	0.051297
62	65	0.051297
62	66	0.051297
62	67	0.051297
62	68	0.051297
62	69	0.051297
62	70	0.051297
62	71	0.051297
63	64	0.051297
64	65	0.051297
64	66	0.051297
64	67	0.051297
64	68	0.051297
64	69	0.051297
64	70	0.051297
64	71	0.051297
24	48	0.051296
9	48	0.051296
48	63	0.051296
20	48	0.051296
1	48	0.051296
23	48	0.051296
36	48	0.051295
48	53	0.051295
48	61	0.051295
48	54	0.051295
48	50	0.051295
48	71	0.051295
2	48	0.051295
12	48	0.051294
48	51	0.051294
48	52	0.051294
22	48	0.051294
48	70	0.051294
48	67	0.051293
5	48	0.051292
7	48	0.051292
3	48	0.051292
48	69	0.051291
32	48	0.051291
48	55	0.051291
47	48	0.051291
14	48	0.051291
4	48	0.051291
30	48	0.051291
16	48	0.05129
48	68	0.05129
27	48	0.05129
33	48	0.05129
19	48	0.05129
48	66	0.05129
48	60	0.05129
48	65	0.05129
13	48	0.05129
15	48	0.05129
42	48	0.051289
31	48	0.051289
43	48	0.051289
6	48	0.051289
28	48	0.051289
29	48	0.051288
48	59	0.051288
44	48	0.051288
48	58	0.051288
17	48	0.051288
48	56	0.051288
18	48	0.051288
46	48	0.051288
48	57	0.051288
45	48	0.051287
20	71	0.051281
24	29	0.051255
18	23	0.051227
12	15	0.051209
32	33	0.051197
16	71	0.051195
22	23	0.051188
6	69	0.051187
54	70	0.051183
7	50	0.05117
12	71	0.05115
9	24	0.051146
24	63	0.051144
1	24	0.051125
9	20	0.051098
20	63	0.051096
24	30	0.051095
53	66	0.051092
1	9	0.051083
1	63	0.051081
23	63	0.051074
1	20	0.051071
24	53	0.051062
65	71	0.051062
1	58	0.051061
1	32	0.051051
23	71	0.051048
20	30	0.051036
1	23	0.051028
24	61	0.051024
9	36	0.051014
36	63	0.051011
24	54	0.051009
9	53	0.051004
53	63	0.051002
20	36	0.050998
20	46	0.050995
12	36	0.050991
20	53	0.050988
54	71	0.050966
1	53	0.050964
9	61	0.050957
16	20	0.050955
21	24	0.050954
61	63	0.050954
2	24	0.05095
36	46	0.050941
9	54	0.050939
20	61	0.050939
54	63	0.050936
23	53	0.05093
6	27	0.050923
67	71	0.050921
1	61	0.050911
9	50	0.05091
50	63	0.050906
12	24	0.050905
1	54	0.05089
9	21	0.050871
23	61	0.050871
9	71	0.050867
21	63	0.050867
2	9	0.050866
63	71	0.050863
2	63	0.050861
1	50	0.050857
36	53	0.050857
23	54	0.050848
20	21	0.050847
1	21	0.050812
9	12	0.05081
12	63	0.050805
36	61	0.050786
1	43	0.050784
12	20	0.050782
9	51	0.050781
51	63	0.050776
24	69	0.050772
53	61	0.050769
21	23	0.050762
36	54	0.050759
2	23	0.050755
20	51	0.050752
22	24	0.05075
24	70	0.050741
12	46	0.050729
36	50	0.050715
9	52	0.050692
52	63	0.050686
12	23	0.050685
21	36	0.050656
54	61	0.050652
36	71	0.05065
2	36	0.050648
13	70	0.050632
53	71	0.050629
2	53	0.050627
27	47	0.05062
24	32	0.050619
9	22	0.050616
22	63	0.05061
1	52	0.050609
9	70	0.050606
50	61	0.0506
63	70	0.050599
31	42	0.050591
45	60	0.050583
24	67	0.050582
20	22	0.050578
52	70	0.050574
20	70	0.050567
12	53	0.05054
5	24	0.050535
21	61	0.050529
51	70	0.050528
1	22	0.050523
61	71	0.050522
36	51	0.050521
2	61	0.05052
7	23	0.050517
1	70	0.050511
6	23	0.050511
61	69	0.050507
7	24	0.050499
2	54	0.050478
33	66	0.050437
12	55	0.05043
23	70	0.05043
36	57	0.050423
21	50	0.050422
51	71	0.050422
12	61	0.050419
5	20	0.050416
50	71	0.050415
9	67	0.050408
33	60	0.050407
63	67	0.0504
36	52	0.050387
12	54	0.050372
51	61	0.050368
20	67	0.050359
5	9	0.050349
17	24	0.050345
6	54	0.050343
5	16	0.050342
5	63	0.05034
13	61	0.050339
21	71	0.050325
12	56	0.050324
2	21	0.050322
54	66	0.050322
6	24	0.050315
24	55	0.05031
15	61	0.050306
7	9	0.050305
12	50	0.050298
7	63	0.050295
24	47	0.050294
1	67	0.050287
1	47	0.05028
22	36	0.050274
3	9	0.050267
4	24	0.050261
36	70	0.050259
3	63	0.050257
61	67	0.050256
7	20	0.05025
2	18	0.050227
53	70	0.050225
1	5	0.05022
24	68	0.050217
24	27	0.050216
24	33	0.050215
3	20	0.05021
52	61	0.050207
36	47	0.050202
19	24	0.0502
12	21	0.050196
2	12	0.050183
23	67	0.050182
9	69	0.050175
1	7	0.05017
24	66	0.050169
33	47	0.050169
24	60	0.050168
63	69	0.050164
18	71	0.050138
1	13	0.050133
24	65	0.050128
18	20	0.050127
2	51	0.050118
20	69	0.050112
5	23	0.050109
13	24	0.050101
9	32	0.050094
12	69	0.050094
24	31	0.050089
1	59	0.050088
33	71	0.050087
32	63	0.050082
15	24	0.050075
14	61	0.050073
22	61	0.050073
9	55	0.050071
55	63	0.050059
6	9	0.050057
61	70	0.050054
9	47	0.050051
12	22	0.050047
9	14	0.050047
47	63	0.050039
14	63	0.050035
1	69	0.050022
4	9	0.050009
9	30	0.050006
3	23	0.050006
6	53	0.050004
20	55	0.050003
24	42	0.050003
4	63	0.049997
30	63	0.049993
20	47	0.049982
14	20	0.049978
19	69	0.049976
9	16	0.049964
36	67	0.049963
9	68	0.049955
9	27	0.049954
9	33	0.049953
16	63	0.049951
63	68	0.049942
27	63	0.049941
33	63	0.04994
4	20	0.049938
9	19	0.049935
58	61	0.049934
24	43	0.049929
19	63	0.049921
53	67	0.04992
52	71	0.04992
2	52	0.049915
24	28	0.049909
1	55	0.049905
19	21	0.049898
9	66	0.049896
9	60	0.049895
23	69	0.04989
1	14	0.049888
12	52	0.049884
4	65	0.049884
63	66	0.049882
60	63	0.049881
20	68	0.049881
23	33	0.04988
5	36	0.049875
24	45	0.049872
23	66	0.049852
13	47	0.049849
9	65	0.049845
63	65	0.049831
1	30	0.04983
5	53	0.049829
20	66	0.049818
20	60	0.049817
9	13	0.049812
7	36	0.049808
24	56	0.049807
28	50	0.049807
33	50	0.049799
13	63	0.049798
29	71	0.049788
1	16	0.049783
18	24	0.049783
9	15	0.049779
1	68	0.049773
1	27	0.049772
1	33	0.049771
15	63	0.049764
7	53	0.04976
3	68	0.049756
3	36	0.049752
1	19	0.04975
22	71	0.04975
2	22	0.049745
3	52	0.049743
21	59	0.049741
21	70	0.049739
24	57	0.049739
14	23	0.049731
12	47	0.049731
13	20	0.04973
1	60	0.049705
3	53	0.049702
15	20	0.049695
9	42	0.04969
4	23	0.049684
13	31	0.049684
42	63	0.049674
42	52	0.049662
33	61	0.049655
9	31	0.049648
31	63	0.049632
2	14	0.049617
54	67	0.049616
23	68	0.049615
23	27	0.049615
36	69	0.049614
9	43	0.049599
5	61	0.049596
43	63	0.049583
9	28	0.049574
53	69	0.04956
28	63	0.049558
20	31	0.049557
56	71	0.049542
23	60	0.049541
9	29	0.049538
29	63	0.049521
21	43	0.049521
27	36	0.049516
7	61	0.049516
36	60	0.049515
9	59	0.049514
9	44	0.04951
20	43	0.049506
5	54	0.049505
9	58	0.049502
59	63	0.049496
6	20	0.049495
44	63	0.049493
58	63	0.049484
50	67	0.049482
20	28	0.049479
23	65	0.049479
1	42	0.049473
9	17	0.049472
6	32	0.049462
36	55	0.04946
17	63	0.049454
1	57	0.049449
3	61	0.049449
9	56	0.049448
20	29	0.049441
20	56	0.049439
32	53	0.049436
56	63	0.04943
7	54	0.049421
9	18	0.049418
20	59	0.049416
58	71	0.049412
20	44	0.049412
46	52	0.049405
60	67	0.049405
20	58	0.049403
53	55	0.049401
18	63	0.0494
9	46	0.049398
15	23	0.049396
46	63	0.049379
17	20	0.049371
47	53	0.04937
4	36	0.049368
9	57	0.049364
14	53	0.049364
5	50	0.049362
1	6	0.049358
3	54	0.04935
57	63	0.049345
1	28	0.049341
67	68	0.049337
4	53	0.049306
16	36	0.049301
30	53	0.0493
21	67	0.049299
66	67	0.049299
36	68	0.049287
23	42	0.049285
33	36	0.049284
13	56	0.049284
2	67	0.049276
1	44	0.049269
42	67	0.049263
20	57	0.049258
19	36	0.049257
9	45	0.049248
16	53	0.049236
23	31	0.049233
45	63	0.049228
27	52	0.049223
53	68	0.049222
27	53	0.049221
33	53	0.049219
36	66	0.049199
1	56	0.049199
3	50	0.049196
54	69	0.049177
5	21	0.049168
5	65	0.049166
1	18	0.049165
54	58	0.04916
5	71	0.049149
1	46	0.049141
20	45	0.049136
53	60	0.04913
55	61	0.049101
23	29	0.049096
5	47	0.049087
7	21	0.049069
23	59	0.049065
23	44	0.04906
53	65	0.049054
23	58	0.04905
7	71	0.049049
2	7	0.049043
30	71	0.049038
32	54	0.049027
15	36	0.049025
46	54	0.049025
12	67	0.049017
17	23	0.049013
13	53	0.049003
4	61	0.048992
30	61	0.048985
3	21	0.048985
54	55	0.048984
23	56	0.048984
2	28	0.048979
15	53	0.048952
47	54	0.048947
14	54	0.04894
23	46	0.04892
23	45	0.04892
16	61	0.048911
61	68	0.048895
27	61	0.048893
36	42	0.048893
51	67	0.048885
6	14	0.048881
23	57	0.048879
21	66	0.048873
4	54	0.048869
5	12	0.048868
47	51	0.048868
30	54	0.048862
19	71	0.048848
32	50	0.048847
2	69	0.048846
31	36	0.048831
22	70	0.048825
42	53	0.048816
61	66	0.04879
16	54	0.048785
21	69	0.04878
65	67	0.048779
54	68	0.048767
27	54	0.048766
33	54	0.048764
47	50	0.048761
7	12	0.048755
14	50	0.048753
31	53	0.048752
6	36	0.048743
19	54	0.04873
5	51	0.048728
28	36	0.048722
61	65	0.048701
33	43	0.048692
7	51	0.048685
43	53	0.048677
30	50	0.04867
29	36	0.048668
3	12	0.04866
54	60	0.048655
28	53	0.048639
44	71	0.048625
47	71	0.048614
21	32	0.048602
27	55	0.0486
16	50	0.048586
29	53	0.048584
2	32	0.048571
17	36	0.048569
50	68	0.048567
27	50	0.048566
14	51	0.048564
54	65	0.048563
22	67	0.048557
21	55	0.048552
53	59	0.048546
44	53	0.04854
53	58	0.048528
2	55	0.04852
21	47	0.048508
3	51	0.048508
13	54	0.048502
14	21	0.048499
18	36	0.04849
17	53	0.048482
2	60	0.048482
4	71	0.048479
52	67	0.048477
2	47	0.048475
14	71	0.048475
68	70	0.048459
50	66	0.048449
53	56	0.048447
15	54	0.04844
57	61	0.048436
51	57	0.048426
3	66	0.04842
4	21	0.048416
21	30	0.048408
18	53	0.048401
2	42	0.04839
2	30	0.048374
46	53	0.048369
50	65	0.048347
7	27	0.048339
53	57	0.048318
16	21	0.048316
43	50	0.048314
6	52	0.048305
21	68	0.048295
5	52	0.048293
21	33	0.048292
2	16	0.048282
13	50	0.048281
42	54	0.048275
5	13	0.048272
51	69	0.048262
2	68	0.048261
47	70	0.04826
2	27	0.048259
2	33	0.048257
36	45	0.048248
2	17	0.048246
57	70	0.048236
12	32	0.048225
28	61	0.048222
2	19	0.048216
15	50	0.048215
31	50	0.048203
31	54	0.048197
21	60	0.048163
29	61	0.048159
14	70	0.048157
5	69	0.048156
12	14	0.048155
45	53	0.048141
60	71	0.048137
2	66	0.048129
47	52	0.04811
44	61	0.048109
43	54	0.048107
52	58	0.048083
28	54	0.04806
21	65	0.048054
32	51	0.048049
17	61	0.048042
2	44	0.048025
2	65	0.048017
4	12	0.048014
29	30	0.048005
12	30	0.048004
17	69	0.048004
56	61	0.048001
29	54	0.047994
51	55	0.047988
13	21	0.047982
3	16	0.047982
54	59	0.047948
18	61	0.047948
4	70	0.047946
2	13	0.047944
44	54	0.047941
4	7	0.047938
19	42	0.04793
5	22	0.047929
46	61	0.047911
15	21	0.047909
12	16	0.047901
15	71	0.04788
5	70	0.047878
12	68	0.047877
12	27	0.047875
17	54	0.04787
46	50	0.04787
2	15	0.04787
3	6	0.047859
50	59	0.047841
6	50	0.047835
54	56	0.047827
12	19	0.047827
4	51	0.047825
30	51	0.047815
43	71	0.047811
15	67	0.047774
7	22	0.047774
18	54	0.047772
52	69	0.047752
2	6	0.047743
29	50	0.047735
12	66	0.04773
12	60	0.047727
27	70	0.047727
7	70	0.047721
27	67	0.04772
21	42	0.047714
5	14	0.047707
16	51	0.047706
13	67	0.047704
42	71	0.047684
51	68	0.047681
27	51	0.047679
44	50	0.047678
7	67	0.047672
54	57	0.047672
46	71	0.047668
28	71	0.047648
3	22	0.047643
2	58	0.047638
19	51	0.047628
21	31	0.047623
3	27	0.047607
12	65	0.047604
17	50	0.047602
6	33	0.047598
31	71	0.047592
3	70	0.047589
21	56	0.047583
2	31	0.047581
17	31	0.047559
2	29	0.047549
51	66	0.047526
51	60	0.047523
66	68	0.047518
13	51	0.047512
32	52	0.047503
6	21	0.047493
33	55	0.047478
2	43	0.047473
21	28	0.047462
45	54	0.047458
55	56	0.047441
52	55	0.047433
6	13	0.047407
51	65	0.047393
50	57	0.047389
21	29	0.047383
12	44	0.04738
33	52	0.04737
14	52	0.04736
18	67	0.047341
22	69	0.047324
21	44	0.047321
21	58	0.047304
2	59	0.047284
12	58	0.047266
4	52	0.047244
17	21	0.047238
30	52	0.047233
2	57	0.04723
28	52	0.047224
15	51	0.047219
12	42	0.047218
7	32	0.047189
4	66	0.047185
45	50	0.047159
17	70	0.047155
2	56	0.04714
12	17	0.047123
18	21	0.047122
16	52	0.047106
28	67	0.047099
21	46	0.047077
52	68	0.047077
32	68	0.047061
18	68	0.047051
22	32	0.047047
2	46	0.047029
19	52	0.047015
21	57	0.047004
42	51	0.046986
43	52	0.046985
32	70	0.046984
3	60	0.046983
22	55	0.046969
57	71	0.046968
6	12	0.046968
7	13	0.04695
55	70	0.046905
5	7	0.046902
22	47	0.046901
52	66	0.046897
52	60	0.046894
14	22	0.046887
4	16	0.046877
31	51	0.046877
12	29	0.046843
5	46	0.046838
5	32	0.046817
15	17	0.04678
52	65	0.046778
4	22	0.046758
13	32	0.046756
21	45	0.046754
43	51	0.04675
14	65	0.046746
22	30	0.046746
5	27	0.046738
44	57	0.046728
6	51	0.046722
45	71	0.046715
2	45	0.046702
18	51	0.046689
28	51	0.046685
30	70	0.046678
13	55	0.046652
13	52	0.046642
33	68	0.046607
16	22	0.046604
33	70	0.046595
29	51	0.046591
22	43	0.046584
46	55	0.04658
44	70	0.046579
22	68	0.046572
3	67	0.046568
22	33	0.046566
32	55	0.046554
15	52	0.046541
16	70	0.046535
51	59	0.046527
44	51	0.046517
46	47	0.046515
51	58	0.046496
31	33	0.046494
17	51	0.046418
12	57	0.046415
19	55	0.046378
22	60	0.046368
15	42	0.046366
51	56	0.046358
59	60	0.046357
42	59	0.046337
15	29	0.046336
60	70	0.046296
44	67	0.046293
6	44	0.046289
3	5	0.046266
5	60	0.04625
46	51	0.046226
22	65	0.0462
67	69	0.04616
31	52	0.046146
12	45	0.046132
65	70	0.046125
3	19	0.046089
13	22	0.046088
7	42	0.046056
15	22	0.045976
3	30	0.045968
4	14	0.045965
52	56	0.04593
7	33	0.045921
15	70	0.045898
47	56	0.045852
32	47	0.045849
45	51	0.045841
14	16	0.045817
29	52	0.045815
13	66	0.045813
44	52	0.045808
32	67	0.045807
5	30	0.045798
31	70	0.045792
7	57	0.045752
7	31	0.045749
31	60	0.045743
52	59	0.045741
55	67	0.045707
7	60	0.045695
22	42	0.045676
4	59	0.04565
27	42	0.045633
47	67	0.04562
55	60	0.045619
17	52	0.045615
59	66	0.045602
42	70	0.045594
7	69	0.045588
22	31	0.045536
7	55	0.045495
4	6	0.04549
19	33	0.045471
58	67	0.045462
18	52	0.045455
4	67	0.045438
30	67	0.045422
5	55	0.045354
7	19	0.045346
16	29	0.045307
52	57	0.045293
22	28	0.045289
15	60	0.045271
16	67	0.045242
56	70	0.045237
3	56	0.045228
27	60	0.045202
28	70	0.045201
33	67	0.045194
44	45	0.045187
22	29	0.045168
46	67	0.045142
5	68	0.045137
31	67	0.045125
4	28	0.045118
19	67	0.045114
22	59	0.045087
42	45	0.045085
29	70	0.045079
22	44	0.045074
5	33	0.04506
22	58	0.045047
33	56	0.045044
27	69	0.045029
7	47	0.044992
3	32	0.044978
60	69	0.044974
7	14	0.044973
4	33	0.044958
58	70	0.044957
45	52	0.044949
17	22	0.044947
13	27	0.044931
14	66	0.044928
13	68	0.044923
42	43	0.044919
46	70	0.044878
17	67	0.044875
22	56	0.04487
3	55	0.044864
13	15	0.044814
7	30	0.044774
18	22	0.04477
3	47	0.044765
33	69	0.044765
3	14	0.044745
5	19	0.044726
22	46	0.044701
5	42	0.044699
18	70	0.044675
15	33	0.044651
5	56	0.044641
56	69	0.044634
6	67	0.044625
22	57	0.04459
7	16	0.044575
4	32	0.044537
14	43	0.044453
13	19	0.044448
32	69	0.044443
14	68	0.044371
13	69	0.044367
32	45	0.044363
18	55	0.04434
29	67	0.04433
15	16	0.044325
55	69	0.04432
14	59	0.04432
16	32	0.044311
58	65	0.044299
3	33	0.04428
7	66	0.044249
44	60	0.044232
29	32	0.044219
47	69	0.044214
14	30	0.044213
22	45	0.044209
6	19	0.044209
14	69	0.044192
47	66	0.044188
3	13	0.04417
16	69	0.044168
30	66	0.044162
17	19	0.04416
3	29	0.044098
13	57	0.044071
13	30	0.044071
30	44	0.04407
29	33	0.044027
5	15	0.044018
30	69	0.043971
16	55	0.043935
42	57	0.043933
18	27	0.043932
27	66	0.043928
7	44	0.043924
56	67	0.043915
3	58	0.043862
5	18	0.043845
19	60	0.043835
13	18	0.043793
4	18	0.043769
46	69	0.043764
33	46	0.04373
7	15	0.043697
42	65	0.043695
43	67	0.043682
13	16	0.043616
7	58	0.043609
14	44	0.043607
14	55	0.04358
16	19	0.043569
3	17	0.043569
32	58	0.043535
18	33	0.043532
5	28	0.043514
57	60	0.043485
55	66	0.043479
30	32	0.043479
14	47	0.043463
46	57	0.043444
5	31	0.04343
29	69	0.043428
3	15	0.043427
7	45	0.043408
66	69	0.043387
4	55	0.043362
42	66	0.043352
32	65	0.043342
30	55	0.043341
59	67	0.043321
32	66	0.0433
17	33	0.043299
17	27	0.043297
28	33	0.043293
31	69	0.043255
4	47	0.043242
30	47	0.043221
5	43	0.043212
27	33	0.043196
27	32	0.043187
15	32	0.043171
32	43	0.043131
16	27	0.043128
27	30	0.043111
19	32	0.043079
19	46	0.043059
55	68	0.043048
3	18	0.043042
5	44	0.043033
43	58	0.04302
59	68	0.042996
6	7	0.042987
16	47	0.042979
6	55	0.042976
15	65	0.042974
4	30	0.042968
5	29	0.04294
47	68	0.042925
14	27	0.042895
19	47	0.042873
7	43	0.042859
32	60	0.042855
6	17	0.042853
4	43	0.042848
5	59	0.042831
3	31	0.042797
14	19	0.042783
5	58	0.042779
15	69	0.042774
7	28	0.042743
27	44	0.042732
19	66	0.042728
42	55	0.042722
3	59	0.042708
57	67	0.042697
5	57	0.042695
14	15	0.042693
47	60	0.042693
3	44	0.042688
4	27	0.042676
5	17	0.042645
30	68	0.042641
30	33	0.042631
7	29	0.042577
4	19	0.042575
17	32	0.042575
3	43	0.042562
43	69	0.042561
16	68	0.042553
14	60	0.042552
31	32	0.042535
19	30	0.042521
19	44	0.04251
6	68	0.042508
7	59	0.042463
6	29	0.042454
3	28	0.042443
55	65	0.042425
6	43	0.042415
18	65	0.042409
3	57	0.042376
16	33	0.042374
57	58	0.042355
15	19	0.042335
27	68	0.042321
4	60	0.042308
33	42	0.042303
47	65	0.042292
30	60	0.042284
17	65	0.042273
7	17	0.04227
43	68	0.042232
13	45	0.042229
45	58	0.042228
45	67	0.042219
19	68	0.042202
3	46	0.042169
7	56	0.042164
29	59	0.042156
7	46	0.042109
14	29	0.042093
33	58	0.042062
4	46	0.042055
42	47	0.042054
15	55	0.042052
15	47	0.042048
7	18	0.042026
14	45	0.042025
16	66	0.042023
16	60	0.042017
6	58	0.042009
30	65	0.04199
60	68	0.041957
14	58	0.041952
29	65	0.041888
59	69	0.041863
4	15	0.041863
4	13	0.041821
32	42	0.041812
16	18	0.041797
3	45	0.041793
4	58	0.041792
31	43	0.041768
13	60	0.041756
28	32	0.041719
28	69	0.041716
16	65	0.041716
6	31	0.041695
5	45	0.041679
33	57	0.041634
6	47	0.041628
15	30	0.0416
58	69	0.041586
60	66	0.041581
28	30	0.041581
13	28	0.041529
18	66	0.041527
6	30	0.041514
17	45	0.041421
27	58	0.041417
44	69	0.041388
16	44	0.041388
14	42	0.041382
16	59	0.041342
31	55	0.041323
29	31	0.04132
57	65	0.041315
45	69	0.04128
65	66	0.041267
13	46	0.041264
16	28	0.041259
15	68	0.041252
15	27	0.041247
32	44	0.041222
44	65	0.041187
44	47	0.04118
31	47	0.041177
30	43	0.041171
56	60	0.041171
14	31	0.041147
16	17	0.041138
47	57	0.041138
16	31	0.041137
4	42	0.041109
30	42	0.041082
43	55	0.041053
43	60	0.041044
32	59	0.041012
43	47	0.040956
18	69	0.040925
28	55	0.040915
4	31	0.040868
28	47	0.040866
47	58	0.040859
15	66	0.040851
30	31	0.040841
33	59	0.040824
30	59	0.040793
27	43	0.040785
16	42	0.040785
27	31	0.040752
14	28	0.040733
57	69	0.040727
45	46	0.040723
29	55	0.040718
42	68	0.040718
44	68	0.040693
45	65	0.040681
33	44	0.040676
55	59	0.040584
18	32	0.040573
29	47	0.040564
44	55	0.040563
29	45	0.040551
30	56	0.040526
4	29	0.040523
55	58	0.04052
6	46	0.040478
17	47	0.040473
31	68	0.040469
30	45	0.040443
27	59	0.04044
47	59	0.040428
31	59	0.040424
19	29	0.040421
32	56	0.040415
55	57	0.040412
17	55	0.040389
31	65	0.040383
31	66	0.04038
18	30	0.040347
58	68	0.040336
56	68	0.040324
19	31	0.040323
27	56	0.04032
19	58	0.040319
33	45	0.040273
16	43	0.040249
6	16	0.040186
14	17	0.040163
44	56	0.040162
32	46	0.040144
6	42	0.040133
14	18	0.040086
4	44	0.040078
13	29	0.040064
14	56	0.040036
19	43	0.040029
4	17	0.040026
27	28	0.040025
45	47	0.040006
30	58	0.040004
45	66	0.039995
32	57	0.039984
42	44	0.039969
28	66	0.039945
43	44	0.039934
18	47	0.039904
16	56	0.039895
30	46	0.039892
28	58	0.039885
27	45	0.039884
17	30	0.039832
29	68	0.039819
27	29	0.039813
27	46	0.039806
28	29	0.0398
28	65	0.039791
6	65	0.039764
57	68	0.039761
42	58	0.039758
14	46	0.039757
17	46	0.039752
43	66	0.039741
4	56	0.039731
13	42	0.03971
6	59	0.0397
16	58	0.039679
13	58	0.039676
6	60	0.039668
17	59	0.039622
45	55	0.039617
28	60	0.039581
18	58	0.039579
14	57	0.039574
46	60	0.039573
19	56	0.039572
56	58	0.039565
17	18	0.039526
19	59	0.03952
15	43	0.039462
43	65	0.039461
57	66	0.039447
17	57	0.039437
17	68	0.039429
18	60	0.039388
44	46	0.039373
29	66	0.039369
29	60	0.039362
15	59	0.039351
15	28	0.039302
4	57	0.039259
56	57	0.039248
18	59	0.039236
30	57	0.039228
18	56	0.039228
44	66	0.039197
45	68	0.039184
16	46	0.039157
58	66	0.039149
58	60	0.039141
13	43	0.039127
17	60	0.039052
46	68	0.039
17	66	0.038967
27	57	0.038959
56	66	0.03889
16	57	0.038885
59	65	0.038834
6	15	0.038816
6	45	0.038814
29	57	0.038755
18	42	0.038692
15	18	0.038656
19	57	0.038643
4	45	0.038618
46	58	0.038609
13	59	0.038584
13	44	0.03856
28	42	0.038555
46	66	0.038523
29	46	0.038478
15	46	0.038432
56	65	0.03843
6	28	0.038356
43	57	0.038343
15	58	0.038326
13	17	0.038319
15	44	0.038309
16	45	0.038228
46	65	0.038118
6	18	0.038038
19	45	0.037975
17	28	0.037967
58	59	0.037947
44	59	0.037946
15	56	0.037916
31	56	0.037887
31	46	0.037886
42	46	0.037854
29	42	0.037834
31	58	0.037812
28	31	0.037776
43	56	0.037757
28	43	0.037704
28	44	0.037654
29	43	0.03762
42	56	0.037557
17	42	0.03739
15	57	0.037383
31	44	0.037336
6	57	0.037256
43	46	0.03722
28	57	0.037105
29	56	0.037103
31	45	0.037081
28	59	0.03702
17	43	0.036986
56	59	0.036985
18	29	0.036817
18	31	0.036717
28	56	0.03671
31	57	0.036671
15	45	0.036662
57	59	0.036658
29	44	0.036534
29	58	0.036477
6	56	0.036473
18	43	0.03647
17	56	0.036411
28	45	0.036411
45	59	0.036332
18	44	0.036287
45	56	0.036187
17	44	0.036055
28	46	0.036014
17	58	0.035996
46	59	0.035848
43	45	0.035506
18	46	0.034848
18	57	0.034605
18	45	0.033975