#==========================================================================
# The first and second rows contain site pairs (i, j) such that j > i
# The third row contains coevolutionary scores obtained 
# using PSICOV algorithm.
# Note that in this data sites are counted/labelled starting from 1
#==========================================================================
25	33	0.904
66	79	0.903998
69	76	0.903936
3	18	0.903902
4	17	0.903516
7	14	0.902746
6	15	0.90191
22	36	0.898369
24	34	0.894042
65	80	0.695584
23	35	0.638395
5	16	0.15887
67	78	0.121197
1	2	0.051262
1	3	0.051262
1	4	0.051262
1	5	0.051262
1	6	0.051262
1	7	0.051262
1	8	0.051262
1	9	0.051262
1	10	0.051262
1	11	0.051262
1	12	0.051262
1	13	0.051262
1	14	0.051262
1	15	0.051262
1	16	0.051262
1	17	0.051262
1	18	0.051262
1	19	0.051262
1	20	0.051262
1	21	0.051262
1	22	0.051262
1	23	0.051262
1	24	0.051262
1	25	0.051262
1	26	0.051262
1	27	0.051262
1	28	0.051262
1	29	0.051262
1	30	0.051262
1	31	0.051262
1	32	0.051262
1	33	0.051262
1	34	0.051262
1	35	0.051262
1	36	0.051262
1	37	0.051262
1	38	0.051262
1	39	0.051262
1	40	0.051262
1	41	0.051262
1	42	0.051262
1	43	0.051262
1	44	0.051262
1	45	0.051262
1	46	0.051262
1	47	0.051262
1	48	0.051262
1	49	0.051262
1	50	0.051262
1	51	0.051262
1	52	0.051262
1	53	0.051262
1	54	0.051262
1	55	0.051262
1	56	0.051262
1	57	0.051262
1	58	0.051262
1	59	0.051262
1	60	0.051262
1	61	0.051262
1	62	0.051262
1	63	0.051262
1	64	0.051262
1	65	0.051262
1	66	0.051262
1	67	0.051262
1	68	0.051262
1	69	0.051262
1	70	0.051262
1	71	0.051262
1	72	0.051262
1	73	0.051262
1	74	0.051262
1	75	0.051262
1	76	0.051262
1	77	0.051262
1	78	0.051262
1	79	0.051262
1	80	0.051262
1	81	0.051262
1	82	0.051262
1	83	0.051262
1	84	0.051262
2	3	0.051262
2	4	0.051262
2	5	0.051262
2	6	0.051262
2	7	0.051262
2	8	0.051262
2	9	0.051262
2	10	0.051262
2	11	0.051262
2	12	0.051262
2	13	0.051262
2	14	0.051262
2	15	0.051262
2	16	0.051262
2	17	0.051262
2	18	0.051262
2	19	0.051262
2	20	0.051262
2	21	0.051262
2	22	0.051262
2	23	0.051262
2	24	0.051262
2	25	0.051262
2	26	0.051262
2	27	0.051262
2	28	0.051262
2	29	0.051262
2	30	0.051262
2	31	0.051262
2	32	0.051262
2	33	0.051262
2	34	0.051262
2	35	0.051262
2	36	0.051262
2	37	0.051262
2	38	0.051262
2	39	0.051262
2	40	0.051262
2	41	0.051262
2	42	0.051262
2	43	0.051262
2	44	0.051262
2	45	0.051262
2	46	0.051262
2	47	0.051262
2	48	0.051262
2	49	0.051262
2	50	0.051262
2	51	0.051262
2	52	0.051262
2	53	0.051262
2	54	0.051262
2	55	0.051262
2	56	0.051262
2	57	0.051262
2	58	0.051262
2	59	0.051262
2	60	0.051262
2	61	0.051262
2	62	0.051262
2	63	0.051262
2	64	0.051262
2	65	0.051262
2	66	0.051262
2	67	0.051262
2	68	0.051262
2	69	0.051262
2	70	0.051262
2	71	0.051262
2	72	0.051262
2	73	0.051262
2	74	0.051262
2	75	0.051262
2	76	0.051262
2	77	0.051262
2	78	0.051262
2	79	0.051262
2	80	0.051262
2	81	0.051262
2	82	0.051262
2	83	0.051262
2	84	0.051262
3	8	0.051262
3	9	0.051262
3	10	0.051262
3	11	0.051262
3	12	0.051262
3	13	0.051262
3	19	0.051262
3	20	0.051262
3	21	0.051262
3	26	0.051262
3	27	0.051262
3	28	0.051262
3	29	0.051262
3	30	0.051262
3	31	0.051262
3	32	0.051262
3	37	0.051262
3	38	0.051262
3	39	0.051262
3	40	0.051262
3	41	0.051262
3	42	0.051262
3	43	0.051262
3	44	0.051262
3	45	0.051262
3	46	0.051262
3	47	0.051262
3	48	0.051262
3	49	0.051262
3	50	0.051262
3	51	0.051262
3	52	0.051262
3	53	0.051262
3	54	0.051262
3	55	0.051262
3	56	0.051262
3	57	0.051262
3	58	0.051262
3	59	0.051262
3	60	0.051262
3	61	0.051262
3	62	0.051262
3	63	0.051262
3	64	0.051262
3	68	0.051262
3	70	0.051262
3	71	0.051262
3	72	0.051262
3	73	0.051262
3	74	0.051262
3	75	0.051262
3	77	0.051262
3	81	0.051262
3	82	0.051262
3	83	0.051262
3	84	0.051262
4	8	0.051262
4	9	0.051262
4	10	0.051262
4	11	0.051262
4	12	0.051262
4	13	0.051262
4	19	0.051262
4	20	0.051262
4	21	0.051262
4	26	0.051262
4	27	0.051262
4	28	0.051262
4	29	0.051262
4	30	0.051262
4	31	0.051262
4	32	0.051262
4	37	0.051262
4	38	0.051262
4	39	0.051262
4	40	0.051262
4	41	0.051262
4	42	0.051262
4	43	0.051262
4	44	0.051262
4	45	0.051262
4	46	0.051262
4	47	0.051262
4	48	0.051262
4	49	0.051262
4	50	0.051262
4	51	0.051262
4	52	0.051262
4	53	0.051262
4	54	0.051262
4	55	0.051262
4	56	0.051262
4	57	0.051262
4	58	0.051262
4	59	0.051262
4	60	0.051262
4	61	0.051262
4	62	0.051262
4	63	0.051262
4	64	0.051262
4	68	0.051262
4	70	0.051262
4	71	0.051262
4	72	0.051262
4	73	0.051262
4	74	0.051262
4	75	0.051262
4	77	0.051262
4	81	0.051262
4	82	0.051262
4	83	0.051262
4	84	0.051262
5	8	0.051262
5	9	0.051262
5	10	0.051262
5	11	0.051262
5	12	0.051262
5	13	0.051262
5	19	0.051262
5	20	0.051262
5	21	0.051262
5	26	0.051262
5	27	0.051262
5	28	0.051262
5	29	0.051262
5	30	0.051262
5	31	0.051262
5	32	0.051262
5	37	0.051262
5	38	0.051262
5	39	0.051262
5	40	0.051262
5	41	0.051262
5	42	0.051262
5	43	0.051262
5	44	0.051262
5	45	0.051262
5	46	0.051262
5	47	0.051262
5	48	0.051262
5	49	0.051262
5	50	0.051262
5	51	0.051262
5	52	0.051262
5	53	0.051262
5	54	0.051262
5	55	0.051262
5	56	0.051262
5	57	0.051262
5	58	0.051262
5	59	0.051262
5	60	0.051262
5	61	0.051262
5	62	0.051262
5	63	0.051262
5	64	0.051262
5	68	0.051262
5	70	0.051262
5	71	0.051262
5	72	0.051262
5	73	0.051262
5	74	0.051262
5	75	0.051262
5	77	0.051262
5	81	0.051262
5	82	0.051262
5	83	0.051262
5	84	0.051262
6	8	0.051262
6	9	0.051262
6	10	0.051262
6	11	0.051262
6	12	0.051262
6	13	0.051262
6	19	0.051262
6	20	0.051262
6	21	0.051262
6	26	0.051262
6	27	0.051262
6	28	0.051262
6	29	0.051262
6	30	0.051262
6	31	0.051262
6	32	0.051262
6	37	0.051262
6	38	0.051262
6	39	0.051262
6	40	0.051262
6	41	0.051262
6	42	0.051262
6	43	0.051262
6	44	0.051262
6	45	0.051262
6	46	0.051262
6	47	0.051262
6	48	0.051262
6	49	0.051262
6	50	0.051262
6	51	0.051262
6	52	0.051262
6	53	0.051262
6	54	0.051262
6	55	0.051262
6	56	0.051262
6	57	0.051262
6	58	0.051262
6	59	0.051262
6	60	0.051262
6	61	0.051262
6	62	0.051262
6	63	0.051262
6	64	0.051262
6	68	0.051262
6	70	0.051262
6	71	0.051262
6	72	0.051262
6	73	0.051262
6	74	0.051262
6	75	0.051262
6	77	0.051262
6	81	0.051262
6	82	0.051262
6	83	0.051262
6	84	0.051262
7	8	0.051262
7	9	0.051262
7	10	0.051262
7	11	0.051262
7	12	0.051262
7	13	0.051262
7	19	0.051262
7	20	0.051262
7	21	0.051262
7	26	0.051262
7	27	0.051262
7	28	0.051262
7	29	0.051262
7	30	0.051262
7	31	0.051262
7	32	0.051262
7	37	0.051262
7	38	0.051262
7	39	0.051262
7	40	0.051262
7	41	0.051262
7	42	0.051262
7	43	0.051262
7	44	0.051262
7	45	0.051262
7	46	0.051262
7	47	0.051262
7	48	0.051262
7	49	0.051262
7	50	0.051262
7	51	0.051262
7	52	0.051262
7	53	0.051262
7	54	0.051262
7	55	0.051262
7	56	0.051262
7	57	0.051262
7	58	0.051262
7	59	0.051262
7	60	0.051262
7	61	0.051262
7	62	0.051262
7	63	0.051262
7	64	0.051262
7	68	0.051262
7	70	0.051262
7	71	0.051262
7	72	0.051262
7	73	0.051262
7	74	0.051262
7	75	0.051262
7	77	0.051262
7	81	0.051262
7	82	0.051262
7	83	0.051262
7	84	0.051262
8	9	0.051262
8	10	0.051262
8	11	0.051262
8	12	0.051262
8	13	0.051262
8	14	0.051262
8	15	0.051262
8	16	0.051262
8	17	0.051262
8	18	0.051262
8	19	0.051262
8	20	0.051262
8	21	0.051262
8	22	0.051262
8	23	0.051262
8	24	0.051262
8	25	0.051262
8	26	0.051262
8	27	0.051262
8	28	0.051262
8	29	0.051262
8	30	0.051262
8	31	0.051262
8	32	0.051262
8	33	0.051262
8	34	0.051262
8	35	0.051262
8	36	0.051262
8	37	0.051262
8	38	0.051262
8	39	0.051262
8	40	0.051262
8	41	0.051262
8	42	0.051262
8	43	0.051262
8	44	0.051262
8	45	0.051262
8	46	0.051262
8	47	0.051262
8	48	0.051262
8	49	0.051262
8	50	0.051262
8	51	0.051262
8	52	0.051262
8	53	0.051262
8	54	0.051262
8	55	0.051262
8	56	0.051262
8	57	0.051262
8	58	0.051262
8	59	0.051262
8	60	0.051262
8	61	0.051262
8	62	0.051262
8	63	0.051262
8	64	0.051262
8	65	0.051262
8	66	0.051262
8	67	0.051262
8	68	0.051262
8	69	0.051262
8	70	0.051262
8	71	0.051262
8	72	0.051262
8	73	0.051262
8	74	0.051262
8	75	0.051262
8	76	0.051262
8	77	0.051262
8	78	0.051262
8	79	0.051262
8	80	0.051262
8	81	0.051262
8	82	0.051262
8	83	0.051262
8	84	0.051262
9	10	0.051262
9	11	0.051262
9	12	0.051262
9	13	0.051262
9	14	0.051262
9	15	0.051262
9	16	0.051262
9	17	0.051262
9	18	0.051262
9	19	0.051262
9	20	0.051262
9	21	0.051262
9	22	0.051262
9	23	0.051262
9	24	0.051262
9	25	0.051262
9	26	0.051262
9	27	0.051262
9	28	0.051262
9	29	0.051262
9	30	0.051262
9	31	0.051262
9	32	0.051262
9	33	0.051262
9	34	0.051262
9	35	0.051262
9	36	0.051262
9	37	0.051262
9	38	0.051262
9	39	0.051262
9	40	0.051262
9	41	0.051262
9	42	0.051262
9	43	0.051262
9	44	0.051262
9	45	0.051262
9	46	0.051262
9	47	0.051262
9	48	0.051262
9	49	0.051262
9	50	0.051262
9	51	0.051262
9	52	0.051262
9	53	0.051262
9	54	0.051262
9	55	0.051262
9	56	0.051262
9	57	0.051262
9	58	0.051262
9	59	0.051262
9	60	0.051262
9	61	0.051262
9	62	0.051262
9	63	0.051262
9	64	0.051262
9	65	0.051262
9	66	0.051262
9	67	0.051262
9	68	0.051262
9	69	0.051262
9	70	0.051262
9	71	0.051262
9	72	0.051262
9	73	0.051262
9	74	0.051262
9	75	0.051262
9	76	0.051262
9	77	0.051262
9	78	0.051262
9	79	0.051262
9	80	0.051262
9	81	0.051262
9	82	0.051262
9	83	0.051262
9	84	0.051262
10	11	0.051262
10	12	0.051262
10	13	0.051262
10	14	0.051262
10	15	0.051262
10	16	0.051262
10	17	0.051262
10	18	0.051262
10	19	0.051262
10	20	0.051262
10	21	0.051262
10	22	0.051262
10	23	0.051262
10	24	0.051262
10	25	0.051262
10	26	0.051262
10	27	0.051262
10	28	0.051262
10	29	0.051262
10	30	0.051262
10	31	0.051262
10	32	0.051262
10	33	0.051262
10	34	0.051262
10	35	0.051262
10	36	0.051262
10	37	0.051262
10	38	0.051262
10	39	0.051262
10	40	0.051262
10	41	0.051262
10	42	0.051262
10	43	0.051262
10	44	0.051262
10	45	0.051262
10	46	0.051262
10	47	0.051262
10	48	0.051262
10	49	0.051262
10	50	0.051262
10	51	0.051262
10	52	0.051262
10	53	0.051262
10	54	0.051262
10	55	0.051262
10	56	0.051262
10	57	0.051262
10	58	0.051262
10	59	0.051262
10	60	0.051262
10	61	0.051262
10	62	0.051262
10	63	0.051262
10	64	0.051262
10	65	0.051262
10	66	0.051262
10	67	0.051262
10	68	0.051262
10	69	0.051262
10	70	0.051262
10	71	0.051262
10	72	0.051262
10	73	0.051262
10	74	0.051262
10	75	0.051262
10	76	0.051262
10	77	0.051262
10	78	0.051262
10	79	0.051262
10	80	0.051262
10	81	0.051262
10	82	0.051262
10	83	0.051262
10	84	0.051262
11	12	0.051262
11	13	0.051262
11	14	0.051262
11	15	0.051262
11	16	0.051262
11	17	0.051262
11	18	0.051262
11	19	0.051262
11	20	0.051262
11	21	0.051262
11	22	0.051262
11	23	0.051262
11	24	0.051262
11	25	0.051262
11	26	0.051262
11	27	0.051262
11	28	0.051262
11	29	0.051262
11	30	0.051262
11	31	0.051262
11	32	0.051262
11	33	0.051262
11	34	0.051262
11	35	0.051262
11	36	0.051262
11	37	0.051262
11	38	0.051262
11	39	0.051262
11	40	0.051262
11	41	0.051262
11	42	0.051262
11	43	0.051262
11	44	0.051262
11	45	0.051262
11	46	0.051262
11	47	0.051262
11	48	0.051262
11	49	0.051262
11	50	0.051262
11	51	0.051262
11	52	0.051262
11	53	0.051262
11	54	0.051262
11	55	0.051262
11	56	0.051262
11	57	0.051262
11	58	0.051262
11	59	0.051262
11	60	0.051262
11	61	0.051262
11	62	0.051262
11	63	0.051262
11	64	0.051262
11	65	0.051262
11	66	0.051262
11	67	0.051262
11	68	0.051262
11	69	0.051262
11	70	0.051262
11	71	0.051262
11	72	0.051262
11	73	0.051262
11	74	0.051262
11	75	0.051262
11	76	0.051262
11	77	0.051262
11	78	0.051262
11	79	0.051262
11	80	0.051262
11	81	0.051262
11	82	0.051262
11	83	0.051262
11	84	0.051262
12	13	0.051262
12	14	0.051262
12	15	0.051262
12	16	0.051262
12	17	0.051262
12	18	0.051262
12	19	0.051262
12	20	0.051262
12	21	0.051262
12	22	0.051262
12	23	0.051262
12	24	0.051262
12	25	0.051262
12	26	0.051262
12	27	0.051262
12	28	0.051262
12	29	0.051262
12	30	0.051262
12	31	0.051262
12	32	0.051262
12	33	0.051262
12	34	0.051262
12	35	0.051262
12	36	0.051262
12	37	0.051262
12	38	0.051262
12	39	0.051262
12	40	0.051262
12	41	0.051262
12	42	0.051262
12	43	0.051262
12	44	0.051262
12	45	0.051262
12	46	0.051262
12	47	0.051262
12	48	0.051262
12	49	0.051262
12	50	0.051262
12	51	0.051262
12	52	0.051262
12	53	0.051262
12	54	0.051262
12	55	0.051262
12	56	0.051262
12	57	0.051262
12	58	0.051262
12	59	0.051262
12	60	0.051262
12	61	0.051262
12	62	0.051262
12	63	0.051262
12	64	0.051262
12	65	0.051262
12	66	0.051262
12	67	0.051262
12	68	0.051262
12	69	0.051262
12	70	0.051262
12	71	0.051262
12	72	0.051262
12	73	0.051262
12	74	0.051262
12	75	0.051262
12	76	0.051262
12	77	0.051262
12	78	0.051262
12	79	0.051262
12	80	0.051262
12	81	0.051262
12	82	0.051262
12	83	0.051262
12	84	0.051262
13	14	0.051262
13	15	0.051262
13	16	0.051262
13	17	0.051262
13	18	0.051262
13	19	0.051262
13	20	0.051262
13	21	0.051262
13	22	0.051262
13	23	0.051262
13	24	0.051262
13	25	0.051262
13	26	0.051262
13	27	0.051262
13	28	0.051262
13	29	0.051262
13	30	0.051262
13	31	0.051262
13	32	0.051262
13	33	0.051262
13	34	0.051262
13	35	0.051262
13	36	0.051262
13	37	0.051262
13	38	0.051262
13	39	0.051262
13	40	0.051262
13	41	0.051262
13	42	0.051262
13	43	0.051262
13	44	0.051262
13	45	0.051262
13	46	0.051262
13	47	0.051262
13	48	0.051262
13	49	0.051262
13	50	0.051262
13	51	0.051262
13	52	0.051262
13	53	0.051262
13	54	0.051262
13	55	0.051262
13	56	0.051262
13	57	0.051262
13	58	0.051262
13	59	0.051262
13	60	0.051262
13	61	0.051262
13	62	0.051262
13	63	0.051262
13	64	0.051262
13	65	0.051262
13	66	0.051262
13	67	0.051262
13	68	0.051262
13	69	0.051262
13	70	0.051262
13	71	0.051262
13	72	0.051262
13	73	0.051262
13	74	0.051262
13	75	0.051262
13	76	0.051262
13	77	0.051262
13	78	0.051262
13	79	0.051262
13	80	0.051262
13	81	0.051262
13	82	0.051262
13	83	0.051262
13	84	0.051262
14	19	0.051262
14	20	0.051262
14	21	0.051262
14	26	0.051262
14	27	0.051262
14	28	0.051262
14	29	0.051262
14	30	0.051262
14	31	0.051262
14	32	0.051262
14	37	0.051262
14	38	0.051262
14	39	0.051262
14	40	0.051262
14	41	0.051262
14	42	0.051262
14	43	0.051262
14	44	0.051262
14	45	0.051262
14	46	0.051262
14	47	0.051262
14	48	0.051262
14	49	0.051262
14	50	0.051262
14	51	0.051262
14	52	0.051262
14	53	0.051262
14	54	0.051262
14	55	0.051262
14	56	0.051262
14	57	0.051262
14	58	0.051262
14	59	0.051262
14	60	0.051262
14	61	0.051262
14	62	0.051262
14	63	0.051262
14	64	0.051262
14	68	0.051262
14	70	0.051262
14	71	0.051262
14	72	0.051262
14	73	0.051262
14	74	0.051262
14	75	0.051262
14	77	0.051262
14	81	0.051262
14	82	0.051262
14	83	0.051262
14	84	0.051262
15	19	0.051262
15	20	0.051262
15	21	0.051262
15	26	0.051262
15	27	0.051262
15	28	0.051262
15	29	0.051262
15	30	0.051262
15	31	0.051262
15	32	0.051262
15	37	0.051262
15	38	0.051262
15	39	0.051262
15	40	0.051262
15	41	0.051262
15	42	0.051262
15	43	0.051262
15	44	0.051262
15	45	0.051262
15	46	0.051262
15	47	0.051262
15	48	0.051262
15	49	0.051262
15	50	0.051262
15	51	0.051262
15	52	0.051262
15	53	0.051262
15	54	0.051262
15	55	0.051262
15	56	0.051262
15	57	0.051262
15	58	0.051262
15	59	0.051262
15	60	0.051262
15	61	0.051262
15	62	0.051262
15	63	0.051262
15	64	0.051262
15	68	0.051262
15	70	0.051262
15	71	0.051262
15	72	0.051262
15	73	0.051262
15	74	0.051262
15	75	0.051262
15	77	0.051262
15	81	0.051262
15	82	0.051262
15	83	0.051262
15	84	0.051262
16	19	0.051262
16	20	0.051262
16	21	0.051262
16	26	0.051262
16	27	0.051262
16	28	0.051262
16	29	0.051262
16	30	0.051262
16	31	0.051262
16	32	0.051262
16	37	0.051262
16	38	0.051262
16	39	0.051262
16	40	0.051262
16	41	0.051262
16	42	0.051262
16	43	0.051262
16	44	0.051262
16	45	0.051262
16	46	0.051262
16	47	0.051262
16	48	0.051262
16	49	0.051262
16	50	0.051262
16	51	0.051262
16	52	0.051262
16	53	0.051262
16	54	0.051262
16	55	0.051262
16	56	0.051262
16	57	0.051262
16	58	0.051262
16	59	0.051262
16	60	0.051262
16	61	0.051262
16	62	0.051262
16	63	0.051262
16	64	0.051262
16	68	0.051262
16	70	0.051262
16	71	0.051262
16	72	0.051262
16	73	0.051262
16	74	0.051262
16	75	0.051262
16	77	0.051262
16	81	0.051262
16	82	0.051262
16	83	0.051262
16	84	0.051262
17	19	0.051262
17	20	0.051262
17	21	0.051262
17	26	0.051262
17	27	0.051262
17	28	0.051262
17	29	0.051262
17	30	0.051262
17	31	0.051262
17	32	0.051262
17	37	0.051262
17	38	0.051262
17	39	0.051262
17	40	0.051262
17	41	0.051262
17	42	0.051262
17	43	0.051262
17	44	0.051262
17	45	0.051262
17	46	0.051262
17	47	0.051262
17	48	0.051262
17	49	0.051262
17	50	0.051262
17	51	0.051262
17	52	0.051262
17	53	0.051262
17	54	0.051262
17	55	0.051262
17	56	0.051262
17	57	0.051262
17	58	0.051262
17	59	0.051262
17	60	0.051262
17	61	0.051262
17	62	0.051262
17	63	0.051262
17	64	0.051262
17	68	0.051262
17	70	0.051262
17	71	0.051262
17	72	0.051262
17	73	0.051262
17	74	0.051262
17	75	0.051262
17	77	0.051262
17	81	0.051262
17	82	0.051262
17	83	0.051262
17	84	0.051262
18	19	0.051262
18	20	0.051262
18	21	0.051262
18	26	0.051262
18	27	0.051262
18	28	0.051262
18	29	0.051262
18	30	0.051262
18	31	0.051262
18	32	0.051262
18	37	0.051262
18	38	0.051262
18	39	0.051262
18	40	0.051262
18	41	0.051262
18	42	0.051262
18	43	0.051262
18	44	0.051262
18	45	0.051262
18	46	0.051262
18	47	0.051262
18	48	0.051262
18	49	0.051262
18	50	0.051262
18	51	0.051262
18	52	0.051262
18	53	0.051262
18	54	0.051262
18	55	0.051262
18	56	0.051262
18	57	0.051262
18	58	0.051262
18	59	0.051262
18	60	0.051262
18	61	0.051262
18	62	0.051262
18	63	0.051262
18	64	0.051262
18	68	0.051262
18	70	0.051262
18	71	0.051262
18	72	0.051262
18	73	0.051262
18	74	0.051262
18	75	0.051262
18	77	0.051262
18	81	0.051262
18	82	0.051262
18	83	0.051262
18	84	0.051262
19	20	0.051262
19	21	0.051262
19	22	0.051262
19	23	0.051262
19	24	0.051262
19	25	0.051262
19	26	0.051262
19	27	0.051262
19	28	0.051262
19	29	0.051262
19	30	0.051262
19	31	0.051262
19	32	0.051262
19	33	0.051262
19	34	0.051262
19	35	0.051262
19	36	0.051262
19	37	0.051262
19	38	0.051262
19	39	0.051262
19	40	0.051262
19	41	0.051262
19	42	0.051262
19	43	0.051262
19	44	0.051262
19	45	0.051262
19	46	0.051262
19	47	0.051262
19	48	0.051262
19	49	0.051262
19	50	0.051262
19	51	0.051262
19	52	0.051262
19	53	0.051262
19	54	0.051262
19	55	0.051262
19	56	0.051262
19	57	0.051262
19	58	0.051262
19	59	0.051262
19	60	0.051262
19	61	0.051262
19	62	0.051262
19	63	0.051262
19	64	0.051262
19	65	0.051262
19	66	0.051262
19	67	0.051262
19	68	0.051262
19	69	0.051262
19	70	0.051262
19	71	0.051262
19	72	0.051262
19	73	0.051262
19	74	0.051262
19	75	0.051262
19	76	0.051262
19	77	0.051262
19	78	0.051262
19	79	0.051262
19	80	0.051262
19	81	0.051262
19	82	0.051262
19	83	0.051262
19	84	0.051262
20	21	0.051262
20	22	0.051262
20	23	0.051262
20	24	0.051262
20	25	0.051262
20	26	0.051262
20	27	0.051262
20	28	0.051262
20	29	0.051262
20	30	0.051262
20	31	0.051262
20	32	0.051262
20	33	0.051262
20	34	0.051262
20	35	0.051262
20	36	0.051262
20	37	0.051262
20	38	0.051262
20	39	0.051262
20	40	0.051262
20	41	0.051262
20	42	0.051262
20	43	0.051262
20	44	0.051262
20	45	0.051262
20	46	0.051262
20	47	0.051262
20	48	0.051262
20	49	0.051262
20	50	0.051262
20	51	0.051262
20	52	0.051262
20	53	0.051262
20	54	0.051262
20	55	0.051262
20	56	0.051262
20	57	0.051262
20	58	0.051262
20	59	0.051262
20	60	0.051262
20	61	0.051262
20	62	0.051262
20	63	0.051262
20	64	0.051262
20	65	0.051262
20	66	0.051262
20	67	0.051262
20	68	0.051262
20	69	0.051262
20	70	0.051262
20	71	0.051262
20	72	0.051262
20	73	0.051262
20	74	0.051262
20	75	0.051262
20	76	0.051262
20	77	0.051262
20	78	0.051262
20	79	0.051262
20	80	0.051262
20	81	0.051262
20	82	0.051262
20	83	0.051262
20	84	0.051262
21	22	0.051262
21	23	0.051262
21	24	0.051262
21	25	0.051262
21	26	0.051262
21	27	0.051262
21	28	0.051262
21	29	0.051262
21	30	0.051262
21	31	0.051262
21	32	0.051262
21	33	0.051262
21	34	0.051262
21	35	0.051262
21	36	0.051262
21	37	0.051262
21	38	0.051262
21	39	0.051262
21	40	0.051262
21	41	0.051262
21	42	0.051262
21	43	0.051262
21	44	0.051262
21	45	0.051262
21	46	0.051262
21	47	0.051262
21	48	0.051262
21	49	0.051262
21	50	0.051262
21	51	0.051262
21	52	0.051262
21	53	0.051262
21	54	0.051262
21	55	0.051262
21	56	0.051262
21	57	0.051262
21	58	0.051262
21	59	0.051262
21	60	0.051262
21	61	0.051262
21	62	0.051262
21	63	0.051262
21	64	0.051262
21	65	0.051262
21	66	0.051262
21	67	0.051262
21	68	0.051262
21	69	0.051262
21	70	0.051262
21	71	0.051262
21	72	0.051262
21	73	0.051262
21	74	0.051262
21	75	0.051262
21	76	0.051262
21	77	0.051262
21	78	0.051262
21	79	0.051262
21	80	0.051262
21	81	0.051262
21	82	0.051262
21	83	0.051262
21	84	0.051262
22	26	0.051262
22	27	0.051262
22	28	0.051262
22	29	0.051262
22	30	0.051262
22	31	0.051262
22	32	0.051262
22	37	0.051262
22	38	0.051262
22	39	0.051262
22	40	0.051262
22	41	0.051262
22	42	0.051262
22	43	0.051262
22	44	0.051262
22	45	0.051262
22	46	0.051262
22	47	0.051262
22	48	0.051262
22	49	0.051262
22	50	0.051262
22	51	0.051262
22	52	0.051262
22	53	0.051262
22	54	0.051262
22	55	0.051262
22	56	0.051262
22	57	0.051262
22	58	0.051262
22	59	0.051262
22	60	0.051262
22	61	0.051262
22	62	0.051262
22	63	0.051262
22	64	0.051262
22	68	0.051262
22	70	0.051262
22	71	0.051262
22	72	0.051262
22	73	0.051262
22	74	0.051262
22	75	0.051262
22	77	0.051262
22	81	0.051262
22	82	0.051262
22	83	0.051262
22	84	0.051262
23	26	0.051262
23	27	0.051262
23	28	0.051262
23	29	0.051262
23	30	0.051262
23	31	0.051262
23	32	0.051262
23	37	0.051262
23	38	0.051262
23	39	0.051262
23	40	0.051262
23	41	0.051262
23	42	0.051262
23	43	0.051262
23	44	0.051262
23	45	0.051262
23	46	0.051262
23	47	0.051262
23	48	0.051262
23	49	0.051262
23	50	0.051262
23	51	0.051262
23	52	0.051262
23	53	0.051262
23	54	0.051262
23	55	0.051262
23	56	0.051262
23	57	0.051262
23	58	0.051262
23	59	0.051262
23	60	0.051262
23	61	0.051262
23	62	0.051262
23	63	0.051262
23	64	0.051262
23	68	0.051262
23	70	0.051262
23	71	0.051262
23	72	0.051262
23	73	0.051262
23	74	0.051262
23	75	0.051262
23	77	0.051262
23	81	0.051262
23	82	0.051262
23	83	0.051262
23	84	0.051262
24	26	0.051262
24	27	0.051262
24	28	0.051262
24	29	0.051262
24	30	0.051262
24	31	0.051262
24	32	0.051262
24	37	0.051262
24	38	0.051262
24	39	0.051262
24	40	0.051262
24	41	0.051262
24	42	0.051262
24	43	0.051262
24	44	0.051262
24	45	0.051262
24	46	0.051262
24	47	0.051262
24	48	0.051262
24	49	0.051262
24	50	0.051262
24	51	0.051262
24	52	0.051262
24	53	0.051262
24	54	0.051262
24	55	0.051262
24	56	0.051262
24	57	0.051262
24	58	0.051262
24	59	0.051262
24	60	0.051262
24	61	0.051262
24	62	0.051262
24	63	0.051262
24	64	0.051262
24	68	0.051262
24	70	0.051262
24	71	0.051262
24	72	0.051262
24	73	0.051262
24	74	0.051262
24	75	0.051262
24	77	0.051262
24	81	0.051262
24	82	0.051262
24	83	0.051262
24	84	0.051262
25	26	0.051262
25	27	0.051262
25	28	0.051262
25	29	0.051262
25	30	0.051262
25	31	0.051262
25	32	0.051262
25	37	0.051262
25	38	0.051262
25	39	0.051262
25	40	0.051262
25	41	0.051262
25	42	0.051262
25	43	0.051262
25	44	0.051262
25	45	0.051262
25	46	0.051262
25	47	0.051262
25	48	0.051262
25	49	0.051262
25	50	0.051262
25	51	0.051262
25	52	0.051262
25	53	0.051262
25	54	0.051262
25	55	0.051262
25	56	0.051262
25	57	0.051262
25	58	0.051262
25	59	0.051262
25	60	0.051262
25	61	0.051262
25	62	0.051262
25	63	0.051262
25	64	0.051262
25	68	0.051262
25	70	0.051262
25	71	0.051262
25	72	0.051262
25	73	0.051262
25	74	0.051262
25	75	0.051262
25	77	0.051262
25	81	0.051262
25	82	0.051262
25	83	0.051262
25	84	0.051262
26	27	0.051262
26	28	0.051262
26	29	0.051262
26	30	0.051262
26	31	0.051262
26	32	0.051262
26	33	0.051262
26	34	0.051262
26	35	0.051262
26	36	0.051262
26	37	0.051262
26	38	0.051262
26	39	0.051262
26	40	0.051262
26	41	0.051262
26	42	0.051262
26	43	0.051262
26	44	0.051262
26	45	0.051262
26	46	0.051262
26	47	0.051262
26	48	0.051262
26	49	0.051262
26	50	0.051262
26	51	0.051262
26	52	0.051262
26	53	0.051262
26	54	0.051262
26	55	0.051262
26	56	0.051262
26	57	0.051262
26	58	0.051262
26	59	0.051262
26	60	0.051262
26	61	0.051262
26	62	0.051262
26	63	0.051262
26	64	0.051262
26	65	0.051262
26	66	0.051262
26	67	0.051262
26	68	0.051262
26	69	0.051262
26	70	0.051262
26	71	0.051262
26	72	0.051262
26	73	0.051262
26	74	0.051262
26	75	0.051262
26	76	0.051262
26	77	0.051262
26	78	0.051262
26	79	0.051262
26	80	0.051262
26	81	0.051262
26	82	0.051262
26	83	0.051262
26	84	0.051262
27	28	0.051262
27	29	0.051262
27	30	0.051262
27	31	0.051262
27	32	0.051262
27	33	0.051262
27	34	0.051262
27	35	0.051262
27	36	0.051262
27	37	0.051262
27	38	0.051262
27	39	0.051262
27	40	0.051262
27	41	0.051262
27	42	0.051262
27	43	0.051262
27	44	0.051262
27	45	0.051262
27	46	0.051262
27	47	0.051262
27	48	0.051262
27	49	0.051262
27	50	0.051262
27	51	0.051262
27	52	0.051262
27	53	0.051262
27	54	0.051262
27	55	0.051262
27	56	0.051262
27	57	0.051262
27	58	0.051262
27	59	0.051262
27	60	0.051262
27	61	0.051262
27	62	0.051262
27	63	0.051262
27	64	0.051262
27	65	0.051262
27	66	0.051262
27	67	0.051262
27	68	0.051262
27	69	0.051262
27	70	0.051262
27	71	0.051262
27	72	0.051262
27	73	0.051262
27	74	0.051262
27	75	0.051262
27	76	0.051262
27	77	0.051262
27	78	0.051262
27	79	0.051262
27	80	0.051262
27	81	0.051262
27	82	0.051262
27	83	0.051262
27	84	0.051262
28	29	0.051262
28	30	0.051262
28	31	0.051262
28	32	0.051262
28	33	0.051262
28	34	0.051262
28	35	0.051262
28	36	0.051262
28	37	0.051262
28	38	0.051262
28	39	0.051262
28	40	0.051262
28	41	0.051262
28	42	0.051262
28	43	0.051262
28	44	0.051262
28	45	0.051262
28	46	0.051262
28	47	0.051262
28	48	0.051262
28	49	0.051262
28	50	0.051262
28	51	0.051262
28	52	0.051262
28	53	0.051262
28	54	0.051262
28	55	0.051262
28	56	0.051262
28	57	0.051262
28	58	0.051262
28	59	0.051262
28	60	0.051262
28	61	0.051262
28	62	0.051262
28	63	0.051262
28	64	0.051262
28	65	0.051262
28	66	0.051262
28	67	0.051262
28	68	0.051262
28	69	0.051262
28	70	0.051262
28	71	0.051262
28	72	0.051262
28	73	0.051262
28	74	0.051262
28	75	0.051262
28	76	0.051262
28	77	0.051262
28	78	0.051262
28	79	0.051262
28	80	0.051262
28	81	0.051262
28	82	0.051262
28	83	0.051262
28	84	0.051262
29	30	0.051262
29	31	0.051262
29	32	0.051262
29	33	0.051262
29	34	0.051262
29	35	0.051262
29	36	0.051262
29	37	0.051262
29	38	0.051262
29	39	0.051262
29	40	0.051262
29	41	0.051262
29	42	0.051262
29	43	0.051262
29	44	0.051262
29	45	0.051262
29	46	0.051262
29	47	0.051262
29	48	0.051262
29	49	0.051262
29	50	0.051262
29	51	0.051262
29	52	0.051262
29	53	0.051262
29	54	0.051262
29	55	0.051262
29	56	0.051262
29	57	0.051262
29	58	0.051262
29	59	0.051262
29	60	0.051262
29	61	0.051262
29	62	0.051262
29	63	0.051262
29	64	0.051262
29	65	0.051262
29	66	0.051262
29	67	0.051262
29	68	0.051262
29	69	0.051262
29	70	0.051262
29	71	0.051262
29	72	0.051262
29	73	0.051262
29	74	0.051262
29	75	0.051262
29	76	0.051262
29	77	0.051262
29	78	0.051262
29	79	0.051262
29	80	0.051262
29	81	0.051262
29	82	0.051262
29	83	0.051262
29	84	0.051262
30	31	0.051262
30	32	0.051262
30	33	0.051262
30	34	0.051262
30	35	0.051262
30	36	0.051262
30	37	0.051262
30	38	0.051262
30	39	0.051262
30	40	0.051262
30	41	0.051262
30	42	0.051262
30	43	0.051262
30	44	0.051262
30	45	0.051262
30	46	0.051262
30	47	0.051262
30	48	0.051262
30	49	0.051262
30	50	0.051262
30	51	0.051262
30	52	0.051262
30	53	0.051262
30	54	0.051262
30	55	0.051262
30	56	0.051262
30	57	0.051262
30	58	0.051262
30	59	0.051262
30	60	0.051262
30	61	0.051262
30	62	0.051262
30	63	0.051262
30	64	0.051262
30	65	0.051262
30	66	0.051262
30	67	0.051262
30	68	0.051262
30	69	0.051262
30	70	0.051262
30	71	0.051262
30	72	0.051262
30	73	0.051262
30	74	0.051262
30	75	0.051262
30	76	0.051262
30	77	0.051262
30	78	0.051262
30	79	0.051262
30	80	0.051262
30	81	0.051262
30	82	0.051262
30	83	0.051262
30	84	0.051262
31	32	0.051262
31	33	0.051262
31	34	0.051262
31	35	0.051262
31	36	0.051262
31	37	0.051262
31	38	0.051262
31	39	0.051262
31	40	0.051262
31	41	0.051262
31	42	0.051262
31	43	0.051262
31	44	0.051262
31	45	0.051262
31	46	0.051262
31	47	0.051262
31	48	0.051262
31	49	0.051262
31	50	0.051262
31	51	0.051262
31	52	0.051262
31	53	0.051262
31	54	0.051262
31	55	0.051262
31	56	0.051262
31	57	0.051262
31	58	0.051262
31	59	0.051262
31	60	0.051262
31	61	0.051262
31	62	0.051262
31	63	0.051262
31	64	0.051262
31	65	0.051262
31	66	0.051262
31	67	0.051262
31	68	0.051262
31	69	0.051262
31	70	0.051262
31	71	0.051262
31	72	0.051262
31	73	0.051262
31	74	0.051262
31	75	0.051262
31	76	0.051262
31	77	0.051262
31	78	0.051262
31	79	0.051262
31	80	0.051262
31	81	0.051262
31	82	0.051262
31	83	0.051262
31	84	0.051262
32	33	0.051262
32	34	0.051262
32	35	0.051262
32	36	0.051262
32	37	0.051262
32	38	0.051262
32	39	0.051262
32	40	0.051262
32	41	0.051262
32	42	0.051262
32	43	0.051262
32	44	0.051262
32	45	0.051262
32	46	0.051262
32	47	0.051262
32	48	0.051262
32	49	0.051262
32	50	0.051262
32	51	0.051262
32	52	0.051262
32	53	0.051262
32	54	0.051262
32	55	0.051262
32	56	0.051262
32	57	0.051262
32	58	0.051262
32	59	0.051262
32	60	0.051262
32	61	0.051262
32	62	0.051262
32	63	0.051262
32	64	0.051262
32	65	0.051262
32	66	0.051262
32	67	0.051262
32	68	0.051262
32	69	0.051262
32	70	0.051262
32	71	0.051262
32	72	0.051262
32	73	0.051262
32	74	0.051262
32	75	0.051262
32	76	0.051262
32	77	0.051262
32	78	0.051262
32	79	0.051262
32	80	0.051262
32	81	0.051262
32	82	0.051262
32	83	0.051262
32	84	0.051262
33	37	0.051262
33	38	0.051262
33	39	0.051262
33	40	0.051262
33	41	0.051262
33	42	0.051262
33	43	0.051262
33	44	0.051262
33	45	0.051262
33	46	0.051262
33	47	0.051262
33	48	0.051262
33	49	0.051262
33	50	0.051262
33	51	0.051262
33	52	0.051262
33	53	0.051262
33	54	0.051262
33	55	0.051262
33	56	0.051262
33	57	0.051262
33	58	0.051262
33	59	0.051262
33	60	0.051262
33	61	0.051262
33	62	0.051262
33	63	0.051262
33	64	0.051262
33	68	0.051262
33	70	0.051262
33	71	0.051262
33	72	0.051262
33	73	0.051262
33	74	0.051262
33	75	0.051262
33	77	0.051262
33	81	0.051262
33	82	0.051262
33	83	0.051262
33	84	0.051262
34	37	0.051262
34	38	0.051262
34	39	0.051262
34	40	0.051262
34	41	0.051262
34	42	0.051262
34	43	0.051262
34	44	0.051262
34	45	0.051262
34	46	0.051262
34	47	0.051262
34	48	0.051262
34	49	0.051262
34	50	0.051262
34	51	0.051262
34	52	0.051262
34	53	0.051262
34	54	0.051262
34	55	0.051262
34	56	0.051262
34	57	0.051262
34	58	0.051262
34	59	0.051262
34	60	0.051262
34	61	0.051262
34	62	0.051262
34	63	0.051262
34	64	0.051262
34	68	0.051262
34	70	0.051262
34	71	0.051262
34	72	0.051262
34	73	0.051262
34	74	0.051262
34	75	0.051262
34	77	0.051262
34	81	0.051262
34	82	0.051262
34	83	0.051262
34	84	0.051262
35	37	0.051262
35	38	0.051262
35	39	0.051262
35	40	0.051262
35	41	0.051262
35	42	0.051262
35	43	0.051262
35	44	0.051262
35	45	0.051262
35	46	0.051262
35	47	0.051262
35	48	0.051262
35	49	0.051262
35	50	0.051262
35	51	0.051262
35	52	0.051262
35	53	0.051262
35	54	0.051262
35	55	0.051262
35	56	0.051262
35	57	0.051262
35	58	0.051262
35	59	0.051262
35	60	0.051262
35	61	0.051262
35	62	0.051262
35	63	0.051262
35	64	0.051262
35	68	0.051262
35	70	0.051262
35	71	0.051262
35	72	0.051262
35	73	0.051262
35	74	0.051262
35	75	0.051262
35	77	0.051262
35	81	0.051262
35	82	0.051262
35	83	0.051262
35	84	0.051262
36	37	0.051262
36	38	0.051262
36	39	0.051262
36	40	0.051262
36	41	0.051262
36	42	0.051262
36	43	0.051262
36	44	0.051262
36	45	0.051262
36	46	0.051262
36	47	0.051262
36	48	0.051262
36	49	0.051262
36	50	0.051262
36	51	0.051262
36	52	0.051262
36	53	0.051262
36	54	0.051262
36	55	0.051262
36	56	0.051262
36	57	0.051262
36	58	0.051262
36	59	0.051262
36	60	0.051262
36	61	0.051262
36	62	0.051262
36	63	0.051262
36	64	0.051262
36	68	0.051262
36	70	0.051262
36	71	0.051262
36	72	0.051262
36	73	0.051262
36	74	0.051262
36	75	0.051262
36	77	0.051262
36	81	0.051262
36	82	0.051262
36	83	0.051262
36	84	0.051262
37	38	0.051262
37	39	0.051262
37	40	0.051262
37	41	0.051262
37	42	0.051262
37	43	0.051262
37	44	0.051262
37	45	0.051262
37	46	0.051262
37	47	0.051262
37	48	0.051262
37	49	0.051262
37	50	0.051262
37	51	0.051262
37	52	0.051262
37	53	0.051262
37	54	0.051262
37	55	0.051262
37	56	0.051262
37	57	0.051262
37	58	0.051262
37	59	0.051262
37	60	0.051262
37	61	0.051262
37	62	0.051262
37	63	0.051262
37	64	0.051262
37	65	0.051262
37	66	0.051262
37	67	0.051262
37	68	0.051262
37	69	0.051262
37	70	0.051262
37	71	0.051262
37	72	0.051262
37	73	0.051262
37	74	0.051262
37	75	0.051262
37	76	0.051262
37	77	0.051262
37	78	0.051262
37	79	0.051262
37	80	0.051262
37	81	0.051262
37	82	0.051262
37	83	0.051262
37	84	0.051262
38	39	0.051262
38	40	0.051262
38	41	0.051262
38	42	0.051262
38	43	0.051262
38	44	0.051262
38	45	0.051262
38	46	0.051262
38	47	0.051262
38	48	0.051262
38	49	0.051262
38	50	0.051262
38	51	0.051262
38	52	0.051262
38	53	0.051262
38	54	0.051262
38	55	0.051262
38	56	0.051262
38	57	0.051262
38	58	0.051262
38	59	0.051262
38	60	0.051262
38	61	0.051262
38	62	0.051262
38	63	0.051262
38	64	0.051262
38	65	0.051262
38	66	0.051262
38	67	0.051262
38	68	0.051262
38	69	0.051262
38	70	0.051262
38	71	0.051262
38	72	0.051262
38	73	0.051262
38	74	0.051262
38	75	0.051262
38	76	0.051262
38	77	0.051262
38	78	0.051262
38	79	0.051262
38	80	0.051262
38	81	0.051262
38	82	0.051262
38	83	0.051262
38	84	0.051262
39	40	0.051262
39	41	0.051262
39	42	0.051262
39	43	0.051262
39	44	0.051262
39	45	0.051262
39	46	0.051262
39	47	0.051262
39	48	0.051262
39	49	0.051262
39	50	0.051262
39	51	0.051262
39	52	0.051262
39	53	0.051262
39	54	0.051262
39	55	0.051262
39	56	0.051262
39	57	0.051262
39	58	0.051262
39	59	0.051262
39	60	0.051262
39	61	0.051262
39	62	0.051262
39	63	0.051262
39	64	0.051262
39	65	0.051262
39	66	0.051262
39	67	0.051262
39	68	0.051262
39	69	0.051262
39	70	0.051262
39	71	0.051262
39	72	0.051262
39	73	0.051262
39	74	0.051262
39	75	0.051262
39	76	0.051262
39	77	0.051262
39	78	0.051262
39	79	0.051262
39	80	0.051262
39	81	0.051262
39	82	0.051262
39	83	0.051262
39	84	0.051262
40	41	0.051262
40	42	0.051262
40	43	0.051262
40	44	0.051262
40	45	0.051262
40	46	0.051262
40	47	0.051262
40	48	0.051262
40	49	0.051262
40	50	0.051262
40	51	0.051262
40	52	0.051262
40	53	0.051262
40	54	0.051262
40	55	0.051262
40	56	0.051262
40	57	0.051262
40	58	0.051262
40	59	0.051262
40	60	0.051262
40	61	0.051262
40	62	0.051262
40	63	0.051262
40	64	0.051262
40	65	0.051262
40	66	0.051262
40	67	0.051262
40	68	0.051262
40	69	0.051262
40	70	0.051262
40	71	0.051262
40	72	0.051262
40	73	0.051262
40	74	0.051262
40	75	0.051262
40	76	0.051262
40	77	0.051262
40	78	0.051262
40	79	0.051262
40	80	0.051262
40	81	0.051262
40	82	0.051262
40	83	0.051262
40	84	0.051262
41	42	0.051262
41	43	0.051262
41	44	0.051262
41	45	0.051262
41	46	0.051262
41	47	0.051262
41	48	0.051262
41	49	0.051262
41	50	0.051262
41	51	0.051262
41	52	0.051262
41	53	0.051262
41	54	0.051262
41	55	0.051262
41	56	0.051262
41	57	0.051262
41	58	0.051262
41	59	0.051262
41	60	0.051262
41	61	0.051262
41	62	0.051262
41	63	0.051262
41	64	0.051262
41	65	0.051262
41	66	0.051262
41	67	0.051262
41	68	0.051262
41	69	0.051262
41	70	0.051262
41	71	0.051262
41	72	0.051262
41	73	0.051262
41	74	0.051262
41	75	0.051262
41	76	0.051262
41	77	0.051262
41	78	0.051262
41	79	0.051262
41	80	0.051262
41	81	0.051262
41	82	0.051262
41	83	0.051262
41	84	0.051262
42	43	0.051262
42	44	0.051262
42	45	0.051262
42	46	0.051262
42	47	0.051262
42	48	0.051262
42	49	0.051262
42	50	0.051262
42	51	0.051262
42	52	0.051262
42	53	0.051262
42	54	0.051262
42	55	0.051262
42	56	0.051262
42	57	0.051262
42	58	0.051262
42	59	0.051262
42	60	0.051262
42	61	0.051262
42	62	0.051262
42	63	0.051262
42	64	0.051262
42	65	0.051262
42	66	0.051262
42	67	0.051262
42	68	0.051262
42	69	0.051262
42	70	0.051262
42	71	0.051262
42	72	0.051262
42	73	0.051262
42	74	0.051262
42	75	0.051262
42	76	0.051262
42	77	0.051262
42	78	0.051262
42	79	0.051262
42	80	0.051262
42	81	0.051262
42	82	0.051262
42	83	0.051262
42	84	0.051262
43	44	0.051262
43	45	0.051262
43	46	0.051262
43	47	0.051262
43	48	0.051262
43	49	0.051262
43	50	0.051262
43	51	0.051262
43	52	0.051262
43	53	0.051262
43	54	0.051262
43	55	0.051262
43	56	0.051262
43	57	0.051262
43	58	0.051262
43	59	0.051262
43	60	0.051262
43	61	0.051262
43	62	0.051262
43	63	0.051262
43	64	0.051262
43	65	0.051262
43	66	0.051262
43	67	0.051262
43	68	0.051262
43	69	0.051262
43	70	0.051262
43	71	0.051262
43	72	0.051262
43	73	0.051262
43	74	0.051262
43	75	0.051262
43	76	0.051262
43	77	0.051262
43	78	0.051262
43	79	0.051262
43	80	0.051262
43	81	0.051262
43	82	0.051262
43	83	0.051262
43	84	0.051262
44	45	0.051262
44	46	0.051262
44	47	0.051262
44	48	0.051262
44	49	0.051262
44	50	0.051262
44	51	0.051262
44	52	0.051262
44	53	0.051262
44	54	0.051262
44	55	0.051262
44	56	0.051262
44	57	0.051262
44	58	0.051262
44	59	0.051262
44	60	0.051262
44	61	0.051262
44	62	0.051262
44	63	0.051262
44	64	0.051262
44	65	0.051262
44	66	0.051262
44	67	0.051262
44	68	0.051262
44	69	0.051262
44	70	0.051262
44	71	0.051262
44	72	0.051262
44	73	0.051262
44	74	0.051262
44	75	0.051262
44	76	0.051262
44	77	0.051262
44	78	0.051262
44	79	0.051262
44	80	0.051262
44	81	0.051262
44	82	0.051262
44	83	0.051262
44	84	0.051262
45	46	0.051262
45	47	0.051262
45	48	0.051262
45	49	0.051262
45	50	0.051262
45	51	0.051262
45	52	0.051262
45	53	0.051262
45	54	0.051262
45	55	0.051262
45	56	0.051262
45	57	0.051262
45	58	0.051262
45	59	0.051262
45	60	0.051262
45	61	0.051262
45	62	0.051262
45	63	0.051262
45	64	0.051262
45	65	0.051262
45	66	0.051262
45	67	0.051262
45	68	0.051262
45	69	0.051262
45	70	0.051262
45	71	0.051262
45	72	0.051262
45	73	0.051262
45	74	0.051262
45	75	0.051262
45	76	0.051262
45	77	0.051262
45	78	0.051262
45	79	0.051262
45	80	0.051262
45	81	0.051262
45	82	0.051262
45	83	0.051262
45	84	0.051262
46	47	0.051262
46	48	0.051262
46	49	0.051262
46	50	0.051262
46	51	0.051262
46	52	0.051262
46	53	0.051262
46	54	0.051262
46	55	0.051262
46	56	0.051262
46	57	0.051262
46	58	0.051262
46	59	0.051262
46	60	0.051262
46	61	0.051262
46	62	0.051262
46	63	0.051262
46	64	0.051262
46	65	0.051262
46	66	0.051262
46	67	0.051262
46	68	0.051262
46	69	0.051262
46	70	0.051262
46	71	0.051262
46	72	0.051262
46	73	0.051262
46	74	0.051262
46	75	0.051262
46	76	0.051262
46	77	0.051262
46	78	0.051262
46	79	0.051262
46	80	0.051262
46	81	0.051262
46	82	0.051262
46	83	0.051262
46	84	0.051262
47	48	0.051262
47	49	0.051262
47	50	0.051262
47	51	0.051262
47	52	0.051262
47	53	0.051262
47	54	0.051262
47	55	0.051262
47	56	0.051262
47	57	0.051262
47	58	0.051262
47	59	0.051262
47	60	0.051262
47	61	0.051262
47	62	0.051262
47	63	0.051262
47	64	0.051262
47	65	0.051262
47	66	0.051262
47	67	0.051262
47	68	0.051262
47	69	0.051262
47	70	0.051262
47	71	0.051262
47	72	0.051262
47	73	0.051262
47	74	0.051262
47	75	0.051262
47	76	0.051262
47	77	0.051262
47	78	0.051262
47	79	0.051262
47	80	0.051262
47	81	0.051262
47	82	0.051262
47	83	0.051262
47	84	0.051262
48	49	0.051262
48	50	0.051262
48	51	0.051262
48	52	0.051262
48	53	0.051262
48	54	0.051262
48	55	0.051262
48	56	0.051262
48	57	0.051262
48	58	0.051262
48	59	0.051262
48	60	0.051262
48	61	0.051262
48	62	0.051262
48	63	0.051262
48	64	0.051262
48	65	0.051262
48	66	0.051262
48	67	0.051262
48	68	0.051262
48	69	0.051262
48	70	0.051262
48	71	0.051262
48	72	0.051262
48	73	0.051262
48	74	0.051262
48	75	0.051262
48	76	0.051262
48	77	0.051262
48	78	0.051262
48	79	0.051262
48	80	0.051262
48	81	0.051262
48	82	0.051262
48	83	0.051262
48	84	0.051262
49	50	0.051262
49	51	0.051262
49	52	0.051262
49	53	0.051262
49	54	0.051262
49	55	0.051262
49	56	0.051262
49	57	0.051262
49	58	0.051262
49	59	0.051262
49	60	0.051262
49	61	0.051262
49	62	0.051262
49	63	0.051262
49	64	0.051262
49	65	0.051262
49	66	0.051262
49	67	0.051262
49	68	0.051262
49	69	0.051262
49	70	0.051262
49	71	0.051262
49	72	0.051262
49	73	0.051262
49	74	0.051262
49	75	0.051262
49	76	0.051262
49	77	0.051262
49	78	0.051262
49	79	0.051262
49	80	0.051262
49	81	0.051262
49	82	0.051262
49	83	0.051262
49	84	0.051262
50	51	0.051262
50	52	0.051262
50	53	0.051262
50	54	0.051262
50	55	0.051262
50	56	0.051262
50	57	0.051262
50	58	0.051262
50	59	0.051262
50	60	0.051262
50	61	0.051262
50	62	0.051262
50	63	0.051262
50	64	0.051262
50	65	0.051262
50	66	0.051262
50	67	0.051262
50	68	0.051262
50	69	0.051262
50	70	0.051262
50	71	0.051262
50	72	0.051262
50	73	0.051262
50	74	0.051262
50	75	0.051262
50	76	0.051262
50	77	0.051262
50	78	0.051262
50	79	0.051262
50	80	0.051262
50	81	0.051262
50	82	0.051262
50	83	0.051262
50	84	0.051262
51	52	0.051262
51	53	0.051262
51	54	0.051262
51	55	0.051262
51	56	0.051262
51	57	0.051262
51	58	0.051262
51	59	0.051262
51	60	0.051262
51	61	0.051262
51	62	0.051262
51	63	0.051262
51	64	0.051262
51	65	0.051262
51	66	0.051262
51	67	0.051262
51	68	0.051262
51	69	0.051262
51	70	0.051262
51	71	0.051262
51	72	0.051262
51	73	0.051262
51	74	0.051262
51	75	0.051262
51	76	0.051262
51	77	0.051262
51	78	0.051262
51	79	0.051262
51	80	0.051262
51	81	0.051262
51	82	0.051262
51	83	0.051262
51	84	0.051262
52	53	0.051262
52	54	0.051262
52	55	0.051262
52	56	0.051262
52	57	0.051262
52	58	0.051262
52	59	0.051262
52	60	0.051262
52	61	0.051262
52	62	0.051262
52	63	0.051262
52	64	0.051262
52	65	0.051262
52	66	0.051262
52	67	0.051262
52	68	0.051262
52	69	0.051262
52	70	0.051262
52	71	0.051262
52	72	0.051262
52	73	0.051262
52	74	0.051262
52	75	0.051262
52	76	0.051262
52	77	0.051262
52	78	0.051262
52	79	0.051262
52	80	0.051262
52	81	0.051262
52	82	0.051262
52	83	0.051262
52	84	0.051262
53	54	0.051262
53	55	0.051262
53	56	0.051262
53	57	0.051262
53	58	0.051262
53	59	0.051262
53	60	0.051262
53	61	0.051262
53	62	0.051262
53	63	0.051262
53	64	0.051262
53	65	0.051262
53	66	0.051262
53	67	0.051262
53	68	0.051262
53	69	0.051262
53	70	0.051262
53	71	0.051262
53	72	0.051262
53	73	0.051262
53	74	0.051262
53	75	0.051262
53	76	0.051262
53	77	0.051262
53	78	0.051262
53	79	0.051262
53	80	0.051262
53	81	0.051262
53	82	0.051262
53	83	0.051262
53	84	0.051262
54	55	0.051262
54	56	0.051262
54	57	0.051262
54	58	0.051262
54	59	0.051262
54	60	0.051262
54	61	0.051262
54	62	0.051262
54	63	0.051262
54	64	0.051262
54	65	0.051262
54	66	0.051262
54	67	0.051262
54	68	0.051262
54	69	0.051262
54	70	0.051262
54	71	0.051262
54	72	0.051262
54	73	0.051262
54	74	0.051262
54	75	0.051262
54	76	0.051262
54	77	0.051262
54	78	0.051262
54	79	0.051262
54	80	0.051262
54	81	0.051262
54	82	0.051262
54	83	0.051262
54	84	0.051262
55	56	0.051262
55	57	0.051262
55	58	0.051262
55	59	0.051262
55	60	0.051262
55	61	0.051262
55	62	0.051262
55	63	0.051262
55	64	0.051262
55	65	0.051262
55	66	0.051262
55	67	0.051262
55	68	0.051262
55	69	0.051262
55	70	0.051262
55	71	0.051262
55	72	0.051262
55	73	0.051262
55	74	0.051262
55	75	0.051262
55	76	0.051262
55	77	0.051262
55	78	0.051262
55	79	0.051262
55	80	0.051262
55	81	0.051262
55	82	0.051262
55	83	0.051262
55	84	0.051262
56	57	0.051262
56	58	0.051262
56	59	0.051262
56	60	0.051262
56	61	0.051262
56	62	0.051262
56	63	0.051262
56	64	0.051262
56	65	0.051262
56	66	0.051262
56	67	0.051262
56	68	0.051262
56	69	0.051262
56	70	0.051262
56	71	0.051262
56	72	0.051262
56	73	0.051262
56	74	0.051262
56	75	0.051262
56	76	0.051262
56	77	0.051262
56	78	0.051262
56	79	0.051262
56	80	0.051262
56	81	0.051262
56	82	0.051262
56	83	0.051262
56	84	0.051262
57	58	0.051262
57	59	0.051262
57	60	0.051262
57	61	0.051262
57	62	0.051262
57	63	0.051262
57	64	0.051262
57	65	0.051262
57	66	0.051262
57	67	0.051262
57	68	0.051262
57	69	0.051262
57	70	0.051262
57	71	0.051262
57	72	0.051262
57	73	0.051262
57	74	0.051262
57	75	0.051262
57	76	0.051262
57	77	0.051262
57	78	0.051262
57	79	0.051262
57	80	0.051262
57	81	0.051262
57	82	0.051262
57	83	0.051262
57	84	0.051262
58	59	0.051262
58	60	0.051262
58	61	0.051262
58	62	0.051262
58	63	0.051262
58	64	0.051262
58	65	0.051262
58	66	0.051262
58	67	0.051262
58	68	0.051262
58	69	0.051262
58	70	0.051262
58	71	0.051262
58	72	0.051262
58	73	0.051262
58	74	0.051262
58	75	0.051262
58	76	0.051262
58	77	0.051262
58	78	0.051262
58	79	0.051262
58	80	0.051262
58	81	0.051262
58	82	0.051262
58	83	0.051262
58	84	0.051262
59	60	0.051262
59	61	0.051262
59	62	0.051262
59	63	0.051262
59	64	0.051262
59	65	0.051262
59	66	0.051262
59	67	0.051262
59	68	0.051262
59	69	0.051262
59	70	0.051262
59	71	0.051262
59	72	0.051262
59	73	0.051262
59	74	0.051262
59	75	0.051262
59	76	0.051262
59	77	0.051262
59	78	0.051262
59	79	0.051262
59	80	0.051262
59	81	0.051262
59	82	0.051262
59	83	0.051262
59	84	0.051262
60	61	0.051262
60	62	0.051262
60	63	0.051262
60	64	0.051262
60	65	0.051262
60	66	0.051262
60	67	0.051262
60	68	0.051262
60	69	0.051262
60	70	0.051262
60	71	0.051262
60	72	0.051262
60	73	0.051262
60	74	0.051262
60	75	0.051262
60	76	0.051262
60	77	0.051262
60	78	0.051262
60	79	0.051262
60	80	0.051262
60	81	0.051262
60	82	0.051262
60	83	0.051262
60	84	0.051262
61	62	0.051262
61	63	0.051262
61	64	0.051262
61	65	0.051262
61	66	0.051262
61	67	0.051262
61	68	0.051262
61	69	0.051262
61	70	0.051262
61	71	0.051262
61	72	0.051262
61	73	0.051262
61	74	0.051262
61	75	0.051262
61	76	0.051262
61	77	0.051262
61	78	0.051262
61	79	0.051262
61	80	0.051262
61	81	0.051262
61	82	0.051262
61	83	0.051262
61	84	0.051262
62	63	0.051262
62	64	0.051262
62	65	0.051262
62	66	0.051262
62	67	0.051262
62	68	0.051262
62	69	0.051262
62	70	0.051262
62	71	0.051262
62	72	0.051262
62	73	0.051262
62	74	0.051262
62	75	0.051262
62	76	0.051262
62	77	0.051262
62	78	0.051262
62	79	0.051262
62	80	0.051262
62	81	0.051262
62	82	0.051262
62	83	0.051262
62	84	0.051262
63	64	0.051262
63	65	0.051262
63	66	0.051262
63	67	0.051262
63	68	0.051262
63	69	0.051262
63	70	0.051262
63	71	0.051262
63	72	0.051262
63	73	0.051262
63	74	0.051262
63	75	0.051262
63	76	0.051262
63	77	0.051262
63	78	0.051262
63	79	0.051262
63	80	0.051262
63	81	0.051262
63	82	0.051262
63	83	0.051262
63	84	0.051262
64	65	0.051262
64	66	0.051262
64	67	0.051262
64	68	0.051262
64	69	0.051262
64	70	0.051262
64	71	0.051262
64	72	0.051262
64	73	0.051262
64	74	0.051262
64	75	0.051262
64	76	0.051262
64	77	0.051262
64	78	0.051262
64	79	0.051262
64	80	0.051262
64	81	0.051262
64	82	0.051262
64	83	0.051262
64	84	0.051262
65	68	0.051262
65	70	0.051262
65	71	0.051262
65	72	0.051262
65	73	0.051262
65	74	0.051262
65	75	0.051262
65	77	0.051262
65	81	0.051262
65	82	0.051262
65	83	0.051262
65	84	0.051262
66	68	0.051262
66	70	0.051262
66	71	0.051262
66	72	0.051262
66	73	0.051262
66	74	0.051262
66	75	0.051262
66	77	0.051262
66	81	0.051262
66	82	0.051262
66	83	0.051262
66	84	0.051262
67	68	0.051262
67	70	0.051262
67	71	0.051262
67	72	0.051262
67	73	0.051262
67	74	0.051262
67	75	0.051262
67	77	0.051262
67	81	0.051262
67	82	0.051262
67	83	0.051262
67	84	0.051262
68	69	0.051262
68	70	0.051262
68	71	0.051262
68	72	0.051262
68	73	0.051262
68	74	0.051262
68	75	0.051262
68	76	0.051262
68	77	0.051262
68	78	0.051262
68	79	0.051262
68	80	0.051262
68	81	0.051262
68	82	0.051262
68	83	0.051262
68	84	0.051262
69	70	0.051262
69	71	0.051262
69	72	0.051262
69	73	0.051262
69	74	0.051262
69	75	0.051262
69	77	0.051262
69	81	0.051262
69	82	0.051262
69	83	0.051262
69	84	0.051262
70	71	0.051262
70	72	0.051262
70	73	0.051262
70	74	0.051262
70	75	0.051262
70	76	0.051262
70	77	0.051262
70	78	0.051262
70	79	0.051262
70	80	0.051262
70	81	0.051262
70	82	0.051262
70	83	0.051262
70	84	0.051262
71	72	0.051262
71	73	0.051262
71	74	0.051262
71	75	0.051262
71	76	0.051262
71	77	0.051262
71	78	0.051262
71	79	0.051262
71	80	0.051262
71	81	0.051262
71	82	0.051262
71	83	0.051262
71	84	0.051262
72	73	0.051262
72	74	0.051262
72	75	0.051262
72	76	0.051262
72	77	0.051262
72	78	0.051262
72	79	0.051262
72	80	0.051262
72	81	0.051262
72	82	0.051262
72	83	0.051262
72	84	0.051262
73	74	0.051262
73	75	0.051262
73	76	0.051262
73	77	0.051262
73	78	0.051262
73	79	0.051262
73	80	0.051262
73	81	0.051262
73	82	0.051262
73	83	0.051262
73	84	0.051262
74	75	0.051262
74	76	0.051262
74	77	0.051262
74	78	0.051262
74	79	0.051262
74	80	0.051262
74	81	0.051262
74	82	0.051262
74	83	0.051262
74	84	0.051262
75	76	0.051262
75	77	0.051262
75	78	0.051262
75	79	0.051262
75	80	0.051262
75	81	0.051262
75	82	0.051262
75	83	0.051262
75	84	0.051262
76	77	0.051262
76	81	0.051262
76	82	0.051262
76	83	0.051262
76	84	0.051262
77	78	0.051262
77	79	0.051262
77	80	0.051262
77	81	0.051262
77	82	0.051262
77	83	0.051262
77	84	0.051262
78	81	0.051262
78	82	0.051262
78	83	0.051262
78	84	0.051262
79	81	0.051262
79	82	0.051262
79	83	0.051262
79	84	0.051262
80	81	0.051262
80	82	0.051262
80	83	0.051262
80	84	0.051262
81	82	0.051262
81	83	0.051262
81	84	0.051262
82	83	0.051262
82	84	0.051262
83	84	0.051262
5	67	0.051019
5	78	0.051019
16	67	0.051019
16	78	0.051019
23	67	0.050548
23	78	0.050548
35	67	0.050548
35	78	0.050548
67	80	0.050484
78	80	0.050484
65	67	0.050484
65	78	0.050484
5	23	0.050307
5	35	0.050307
16	23	0.050307
16	35	0.050307
5	65	0.050222
5	80	0.050222
16	65	0.050222
16	80	0.050222
24	67	0.049833
24	78	0.049833
34	67	0.049833
34	78	0.049833
22	67	0.049718
22	78	0.049718
36	67	0.049718
36	78	0.049718
6	67	0.049519
6	78	0.049519
15	67	0.049519
15	78	0.049519
7	67	0.049416
7	78	0.049416
14	67	0.049416
14	78	0.049416
5	24	0.049356
5	34	0.049356
16	24	0.049356
16	34	0.049356
4	67	0.049223
4	78	0.049223
17	67	0.049223
17	78	0.049223
5	22	0.049203
5	36	0.049203
16	22	0.049203
16	36	0.049203
5	6	0.048939
5	15	0.048939
6	16	0.048939
15	16	0.048939
3	67	0.048897
3	78	0.048897
18	67	0.048897
18	78	0.048897
67	69	0.048809
67	76	0.048809
69	78	0.048809
76	78	0.048809
7	16	0.048802
14	16	0.048802
5	7	0.048802
5	14	0.048802
4	5	0.048547
4	16	0.048547
5	17	0.048547
16	17	0.048547
23	65	0.048255
23	80	0.048255
35	65	0.048255
35	80	0.048255
3	5	0.048116
3	16	0.048116
5	18	0.048116
16	18	0.048116
67	79	0.048092
78	79	0.048092
66	67	0.048092
66	78	0.048092
5	69	0.048001
5	76	0.048001
16	69	0.048001
16	76	0.048001
25	67	0.047061
25	78	0.047061
33	67	0.047061
33	78	0.047061
5	66	0.047057
5	79	0.047057
16	66	0.047057
16	79	0.047057
23	24	0.04584
23	34	0.04584
24	35	0.04584
34	35	0.04584
5	25	0.045708
5	33	0.045708
16	25	0.045708
16	33	0.045708
22	23	0.045422
22	35	0.045422
23	36	0.045422
35	36	0.045422
24	65	0.045376
24	80	0.045376
34	65	0.045376
34	80	0.045376
22	65	0.044926
22	80	0.044926
36	65	0.044926
36	80	0.044926
6	23	0.044703
6	35	0.044703
15	23	0.044703
15	35	0.044703
7	23	0.044335
7	35	0.044335
14	23	0.044335
14	35	0.044335
6	65	0.04415
6	80	0.04415
15	65	0.04415
15	80	0.04415
7	65	0.043753
7	80	0.043753
14	65	0.043753
14	80	0.043753
4	23	0.043652
4	35	0.043652
17	23	0.043652
17	35	0.043652
4	65	0.043018
4	80	0.043018
17	65	0.043018
17	80	0.043018
3	23	0.042515
3	35	0.042515
18	23	0.042515
18	35	0.042515
23	69	0.042213
23	76	0.042213
35	69	0.042213
35	76	0.042213
3	65	0.041796
3	80	0.041796
18	65	0.041796
18	80	0.041796
65	69	0.041473
65	76	0.041473
69	80	0.041473
76	80	0.041473
24	36	0.040147
34	36	0.040147
22	24	0.040147
22	34	0.040147
23	66	0.039797
23	79	0.039797
35	66	0.039797
35	79	0.039797
65	66	0.038889
65	79	0.038889
66	80	0.038889
79	80	0.038889
6	24	0.03887
6	34	0.03887
15	24	0.03887
15	34	0.03887
7	24	0.038222
7	34	0.038222
14	24	0.038222
14	34	0.038222
6	22	0.037996
6	36	0.037996
15	22	0.037996
15	36	0.037996
7	22	0.037312
7	36	0.037312
14	22	0.037312
14	36	0.037312
4	24	0.037038
4	34	0.037038
17	24	0.037038
17	34	0.037038
23	25	0.036502
23	33	0.036502
25	35	0.036502
33	35	0.036502
4	22	0.036061
4	36	0.036061
17	22	0.036061
17	36	0.036061
7	15	0.035773
14	15	0.035773
6	7	0.035773
6	14	0.035773
25	65	0.035387
25	80	0.035387
33	65	0.035387
33	80	0.035387
3	24	0.035105
3	34	0.035105
18	24	0.035105
18	34	0.035105
24	69	0.034601
24	76	0.034601
34	69	0.034601
34	76	0.034601
4	6	0.034417
4	15	0.034417
6	17	0.034417
15	17	0.034417
3	22	0.034027
3	36	0.034027
18	22	0.034027
18	36	0.034027
4	7	0.033594
4	14	0.033594
7	17	0.033594
14	17	0.033594
22	69	0.033499
22	76	0.033499
36	69	0.033499
36	76	0.033499
3	6	0.032225
3	15	0.032225
6	18	0.032225
15	18	0.032225
6	69	0.031658
6	76	0.031658
15	69	0.031658
15	76	0.031658
3	7	0.031327
3	14	0.031327
7	18	0.031327
14	18	0.031327
7	69	0.030743
7	76	0.030743
14	69	0.030743
14	76	0.030743
24	66	0.030693
24	79	0.030693
34	66	0.030693
34	79	0.030693
3	4	0.02971
3	17	0.02971
4	18	0.02971
17	18	0.02971
22	66	0.029422
22	79	0.029422
36	66	0.029422
36	79	0.029422
4	69	0.029096
4	76	0.029096
17	69	0.029096
17	76	0.029096
6	66	0.027326
6	79	0.027326
15	66	0.027326
15	79	0.027326
3	69	0.026491
3	76	0.026491
18	69	0.026491
18	76	0.026491
7	66	0.026297
7	79	0.026297
14	66	0.026297
14	79	0.026297
24	25	0.025738
24	33	0.025738
25	34	0.025738
33	34	0.025738
4	66	0.024469
4	79	0.024469
17	66	0.024469
17	79	0.024469
22	25	0.024313
22	33	0.024313
25	36	0.024313
33	36	0.024313
6	25	0.02201
6	33	0.02201
15	25	0.02201
15	33	0.02201
3	66	0.021643
3	79	0.021643
18	66	0.021643
18	79	0.021643
66	69	0.020938
66	76	0.020938
69	79	0.020938
76	79	0.020938
7	25	0.020901
7	33	0.020901
14	25	0.020901
14	33	0.020901
4	25	0.018968
4	33	0.018968
17	25	0.018968
17	33	0.018968
3	25	0.016078
3	33	0.016078
18	25	0.016078
18	33	0.016078
25	69	0.015376
25	76	0.015376
33	69	0.015376
33	76	0.015376
25	66	0.01062
25	79	0.01062
33	66	0.01062
33	79	0.01062