#==========================================================================
# The first and second rows contain site pairs (i, j) such that j > i
# The third row contains coevolutionary scores obtained 
# using PSICOV algorithm.
# Note that in this data sites are counted/labelled starting from 1
#==========================================================================
63	75	0.903997
62	76	0.903995
61	77	0.903994
15	27	0.903992
84	93	0.903954
4	106	0.903917
42	78	0.90364
34	45	0.903592
64	74	0.903256
3	107	0.901615
5	105	0.901147
35	44	0.900506
14	28	0.899492
8	102	0.897455
16	26	0.893055
50	56	0.888039
51	55	0.878329
31	81	0.86988
56	57	0.846863
83	94	0.834628
13	28	0.829107
41	79	0.80281
10	47	0.799814
7	103	0.785934
6	104	0.770843
49	58	0.760927
2	108	0.644626
13	14	0.558491
65	73	0.515227
33	46	0.464979
57	58	0.373221
9	100	0.345128
30	100	0.269045
96	97	0.248198
96	98	0.242082
49	57	0.178712
97	98	0.157827
90	91	0.154635
49	54	0.146386
52	53	0.140811
44	99	0.13958
103	104	0.136908
13	30	0.135047
89	90	0.134751
35	99	0.132638
86	99	0.130657
38	100	0.129441
30	79	0.12801
54	56	0.119217
89	91	0.118825
49	51	0.115667
107	108	0.115236
49	53	0.114326
38	39	0.11407
13	88	0.113744
30	41	0.113394
49	56	0.111794
106	107	0.11135
30	84	0.111005
30	57	0.110414
30	93	0.110256
22	24	0.108206
99	100	0.107561
5	6	0.106397
50	54	0.105749
21	24	0.104425
49	55	0.099737
53	54	0.098343
7	104	0.098092
8	9	0.097441
9	102	0.096813
87	89	0.096732
86	104	0.096172
87	91	0.095301
39	69	0.095207
30	56	0.093011
2	5	0.091521
59	60	0.091516
21	22	0.09123
23	24	0.090248
27	103	0.08953
13	15	0.089354
15	103	0.08803
7	27	0.087865
69	88	0.087673
87	90	0.087313
3	4	0.087145
38	71	0.08713
4	30	0.086878
7	15	0.0861
52	55	0.08585
70	72	0.08515
14	18	0.083288
20	26	0.081608
49	71	0.081465
3	106	0.080174
16	20	0.07962
13	27	0.079372
18	28	0.078715
6	7	0.078428
4	5	0.078234
2	9	0.078147
20	24	0.077027
39	49	0.077002
69	108	0.076707
45	69	0.076645
6	86	0.076509
86	100	0.075973
55	57	0.07582
67	100	0.075763
24	28	0.075675
34	69	0.075568
30	34	0.075196
23	52	0.075183
38	53	0.074706
23	38	0.07463
39	86	0.074204
86	88	0.074143
66	70	0.074119
69	71	0.074077
52	77	0.073601
99	108	0.073552
50	62	0.073433
56	58	0.073401
1	3	0.073339
50	51	0.073086
59	67	0.07307
7	38	0.072846
21	28	0.072784
22	23	0.072565
21	107	0.072365
34	100	0.071902
45	100	0.071689
23	50	0.071588
9	81	0.071456
5	9	0.071176
38	99	0.071106
6	105	0.070962
54	57	0.070483
95	98	0.070354
50	76	0.070291
21	23	0.070232
13	29	0.070211
27	28	0.069952
15	38	0.069809
79	100	0.069733
13	108	0.069691
61	78	0.069427
68	69	0.069245
52	57	0.069144
58	78	0.069096
54	58	0.069039
40	41	0.068942
71	88	0.068818
30	45	0.068741
4	9	0.068666
2	28	0.06845
67	69	0.068184
1	50	0.068127
13	51	0.068061
17	25	0.068027
41	100	0.067956
69	72	0.067654
1	9	0.067351
1	103	0.06732
69	76	0.067128
51	54	0.067083
102	104	0.066922
12	97	0.06689
68	99	0.066849
47	57	0.066694
6	103	0.066414
9	54	0.066378
39	72	0.0663
47	104	0.066296
55	88	0.066236
9	31	0.066214
20	93	0.066174
14	88	0.066174
38	84	0.065939
7	99	0.065781
38	107	0.065669
38	68	0.065664
28	84	0.065655
28	31	0.065621
20	53	0.065496
53	93	0.065424
38	86	0.065368
5	104	0.065368
58	69	0.065363
88	93	0.065349
39	71	0.065276
67	78	0.065222
49	100	0.065211
39	42	0.06502
47	103	0.064855
38	57	0.064802
53	107	0.064751
50	68	0.064652
76	88	0.064563
45	49	0.064535
3	28	0.064512
9	76	0.064436
1	4	0.064432
2	8	0.064299
13	86	0.063928
47	76	0.06388
50	55	0.06382
13	103	0.063614
2	61	0.063585
100	107	0.063549
56	99	0.063529
42	77	0.063474
2	51	0.063413
39	68	0.06336
61	108	0.063347
9	84	0.063301
66	67	0.063278
9	93	0.063201
15	26	0.063136
68	86	0.063127
3	21	0.063114
8	10	0.063086
71	72	0.063038
104	105	0.062994
54	71	0.062984
49	68	0.062969
86	103	0.062823
67	70	0.062821
62	88	0.062811
3	58	0.062768
47	62	0.062748
12	93	0.062662
3	108	0.06264
38	93	0.062638
20	84	0.062625
5	7	0.062616
8	46	0.062571
1	23	0.062563
42	68	0.062539
14	68	0.06249
84	88	0.062455
52	84	0.062444
54	75	0.062415
39	67	0.062287
69	78	0.062257
10	62	0.062131
98	99	0.062103
41	66	0.062088
45	98	0.061966
1	49	0.061904
70	71	0.061775
3	20	0.061594
11	12	0.061573
30	106	0.061549
58	68	0.06147
15	68	0.061407
9	106	0.061346
58	59	0.061292
10	76	0.061289
27	38	0.061261
58	63	0.061225
87	92	0.061198
66	100	0.061166
15	53	0.061161
4	105	0.061112
2	102	0.06109
14	58	0.060986
21	86	0.060797
39	61	0.060783
51	53	0.060736
72	78	0.060717
12	42	0.060575
68	107	0.060493
27	68	0.060461
52	54	0.060402
29	91	0.060377
8	39	0.060341
57	86	0.060323
68	78	0.060303
66	94	0.060142
66	83	0.060141
1	55	0.060134
16	79	0.060131
35	100	0.060063
2	38	0.060062
98	101	0.060058
42	72	0.059992
87	88	0.059989
85	92	0.059973
16	41	0.059906
2	21	0.059901
10	49	0.059879
1	107	0.05985
68	103	0.059799
105	107	0.059762
12	59	0.05975
20	79	0.059739
23	63	0.059643
47	100	0.059604
13	97	0.059448
3	79	0.059389
42	46	0.059325
92	101	0.05928
14	23	0.059222
57	99	0.059211
53	100	0.059209
56	59	0.059183
78	99	0.059136
53	84	0.059133
39	64	0.05913
19	22	0.05907
28	83	0.058962
35	108	0.058895
14	31	0.058834
77	108	0.058827
23	39	0.058822
13	54	0.058768
53	68	0.058618
88	91	0.058541
14	93	0.058504
92	95	0.058486
26	79	0.058459
1	45	0.058408
39	88	0.058401
9	105	0.058347
26	41	0.058277
58	72	0.058259
34	49	0.058168
95	101	0.058143
68	76	0.058131
58	75	0.058054
62	68	0.05799
49	50	0.057981
23	86	0.057956
44	100	0.057955
28	81	0.057911
60	80	0.057853
93	99	0.057836
23	71	0.057797
39	74	0.057767
29	79	0.05776
9	67	0.057731
57	84	0.05771
51	69	0.057701
14	106	0.057688
23	93	0.057688
47	97	0.057682
20	38	0.057597
63	97	0.057559
1	34	0.057544
38	58	0.057486
12	78	0.057416
91	92	0.057391
95	96	0.057373
7	88	0.05737
2	98	0.057302
20	39	0.057293
18	56	0.057291
101	102	0.05725
28	88	0.057228
68	88	0.057196
28	57	0.057175
20	86	0.057106
11	59	0.0571
27	99	0.057047
52	93	0.057037
1	99	0.057018
23	84	0.056793
18	22	0.056754
92	96	0.056688
20	88	0.056668
14	52	0.056657
13	42	0.056637
29	41	0.056616
34	98	0.05661
34	66	0.056588
46	102	0.05658
20	102	0.056523
1	52	0.056503
60	67	0.056499
42	67	0.056493
80	87	0.056485
14	21	0.056481
12	13	0.05647
10	100	0.056421
85	87	0.056399
20	68	0.056387
1	83	0.056364
71	77	0.056362
12	53	0.056347
96	101	0.056337
18	19	0.056318
24	55	0.056299
28	94	0.05621
38	69	0.056179
38	106	0.056151
50	52	0.056142
45	66	0.056023
15	24	0.056003
1	2	0.055984
1	39	0.055956
87	103	0.055861
52	88	0.05586
20	57	0.055828
61	88	0.05582
23	68	0.055798
4	107	0.055758
71	106	0.05575
87	101	0.05567
4	83	0.055665
30	67	0.05566
66	79	0.05565
3	38	0.055642
39	102	0.055637
18	88	0.055571
28	30	0.055546
67	72	0.055507
22	28	0.055504
51	56	0.055464
1	72	0.055455
49	89	0.055454
38	103	0.055432
103	105	0.055386
28	93	0.055357
97	103	0.055342
25	97	0.05534
12	100	0.055336
1	56	0.055324
20	23	0.055322
16	78	0.055312
69	70	0.055278
23	60	0.055273
35	39	0.055256
101	104	0.055219
92	94	0.055215
20	22	0.055179
24	59	0.055139
22	98	0.055128
21	62	0.055092
52	99	0.055084
54	97	0.055079
30	98	0.05507
57	108	0.05507
83	92	0.05507
93	106	0.055018
91	96	0.054993
57	68	0.054991
69	91	0.054983
34	99	0.054888
9	57	0.054888
24	60	0.054885
23	72	0.054883
52	107	0.054848
22	56	0.054824
12	14	0.054764
76	77	0.054712
16	105	0.054691
10	59	0.054687
55	60	0.05465
34	39	0.054648
2	84	0.054593
16	27	0.054581
27	104	0.054562
10	12	0.054546
47	71	0.054519
88	90	0.054507
54	86	0.054486
67	81	0.054481
39	52	0.054461
20	105	0.054448
30	74	0.054443
61	71	0.054419
63	72	0.054403
42	105	0.054385
52	104	0.054379
23	88	0.054338
59	69	0.054321
47	88	0.054278
20	71	0.054266
10	102	0.054232
77	106	0.054218
60	62	0.054214
9	58	0.054192
87	95	0.054189
1	106	0.054146
58	60	0.054139
23	55	0.054104
21	52	0.0541
42	108	0.054083
52	86	0.05408
22	73	0.054073
11	18	0.054034
21	91	0.054015
55	68	0.054009
20	99	0.054002
85	91	0.053996
98	100	0.053982
46	49	0.053977
2	105	0.053926
5	78	0.053883
91	95	0.053883
12	94	0.05387
66	73	0.053869
12	83	0.053863
7	8	0.053862
72	73	0.053845
79	96	0.053838
20	108	0.053828
12	81	0.053822
88	103	0.053782
13	38	0.053764
58	88	0.053744
37	40	0.053732
14	24	0.053729
21	95	0.053726
22	65	0.053722
8	33	0.053721
24	38	0.053701
15	16	0.053692
14	83	0.053688
18	66	0.053672
72	88	0.053667
54	67	0.053634
1	38	0.053632
5	26	0.053628
29	103	0.053609
9	46	0.053601
65	72	0.053583
91	104	0.05358
63	66	0.053566
53	55	0.053559
84	99	0.053556
19	20	0.053542
10	17	0.053521
62	77	0.053475
23	75	0.05346
66	72	0.053443
52	78	0.053393
1	94	0.053385
102	107	0.053365
47	96	0.053356
41	98	0.053343
53	58	0.053341
89	92	0.053327
54	93	0.053322
1	7	0.053321
31	38	0.053306
31	100	0.053304
1	104	0.053282
21	53	0.053249
44	107	0.053246
29	74	0.053213
35	107	0.05321
4	41	0.053209
33	102	0.053193
49	67	0.053193
47	73	0.053189
1	91	0.05318
54	63	0.053179
9	103	0.053178
15	104	0.053172
57	79	0.053155
22	39	0.053146
67	94	0.053143
67	83	0.053136
52	63	0.053132
69	103	0.053122
28	100	0.05312
7	13	0.053113
11	13	0.053112
14	42	0.053109
1	10	0.053109
1	67	0.053099
82	85	0.053089
29	64	0.053088
10	73	0.053073
73	94	0.053069
73	83	0.053055
32	80	0.053038
47	65	0.053031
3	57	0.053014
88	89	0.052999
100	102	0.052997
2	24	0.052981
64	66	0.05297
99	103	0.052962
80	82	0.052954
4	94	0.052944
82	92	0.05293
91	101	0.052881
80	85	0.052762
69	79	0.05275
39	44	0.052746
90	93	0.052746
13	21	0.05274
54	84	0.052728
65	66	0.052712
4	10	0.052701
50	53	0.052699
31	71	0.052692
30	91	0.05269
92	97	0.052686
22	52	0.052673
38	81	0.052661
14	71	0.052658
10	11	0.052651
90	105	0.052628
97	104	0.052612
76	99	0.052604
57	93	0.0526
52	56	0.052581
58	89	0.052579
92	98	0.052575
85	101	0.052568
95	103	0.05254
60	69	0.052531
9	15	0.052519
80	92	0.052506
79	98	0.052496
24	50	0.052495
42	99	0.052482
10	71	0.052477
7	102	0.052465
38	67	0.052449
55	91	0.052448
39	75	0.052447
2	93	0.05244
2	23	0.052401
20	21	0.052387
92	102	0.052371
10	97	0.05237
41	96	0.052366
11	26	0.052362
10	65	0.05234
56	60	0.052329
30	64	0.052325
2	16	0.052306
56	62	0.052303
12	60	0.052293
2	53	0.052285
3	24	0.052284
12	103	0.052272
54	61	0.05227
3	54	0.052262
63	68	0.052251
95	97	0.052251
101	103	0.052235
5	77	0.05223
20	41	0.052207
14	29	0.052204
77	86	0.052188
89	93	0.052172
37	95	0.052156
85	95	0.05215
6	89	0.052147
90	92	0.052145
97	101	0.052128
88	99	0.052119
20	28	0.05211
23	70	0.052103
26	99	0.052099
51	99	0.052083
65	69	0.052054
65	94	0.052052
11	25	0.052044
92	103	0.05204
65	83	0.052039
11	17	0.052038
35	38	0.05203
32	60	0.052029
26	35	0.052028
55	98	0.051977
7	29	0.051961
23	107	0.05196
53	62	0.051897
60	82	0.051895
2	54	0.051868
11	67	0.051854
9	13	0.051847
59	72	0.051832
71	107	0.051822
44	108	0.051816
72	105	0.051813
12	84	0.051807
14	94	0.051805
60	66	0.051804
7	12	0.05179
28	103	0.051775
27	69	0.05177
12	68	0.051752
105	108	0.051742
19	108	0.051739
69	90	0.051726
49	52	0.051713
29	30	0.051696
60	85	0.051686
14	91	0.051677
70	73	0.051674
1	71	0.051664
49	87	0.051613
11	76	0.051601
94	101	0.0516
83	101	0.0516
85	86	0.051584
7	105	0.051574
40	44	0.051558
96	104	0.051557
15	23	0.051554
42	88	0.051542
69	73	0.051536
8	47	0.051535
9	23	0.05153
13	17	0.051516
1	57	0.051449
24	39	0.051447
18	59	0.051438
63	71	0.051419
13	25	0.051405
12	32	0.051397
68	102	0.051375
39	107	0.051369
9	96	0.051368
48	95	0.051366
33	80	0.051362
85	96	0.05135
51	68	0.051348
14	84	0.051337
45	55	0.051332
60	92	0.05131
1	36	0.051306
1	43	0.051306
2	36	0.051306
2	43	0.051306
3	36	0.051306
3	43	0.051306
4	36	0.051306
4	43	0.051306
5	36	0.051306
5	43	0.051306
6	36	0.051306
6	43	0.051306
7	36	0.051306
7	43	0.051306
8	36	0.051306
8	43	0.051306
9	36	0.051306
9	43	0.051306
10	36	0.051306
10	43	0.051306
11	36	0.051306
11	43	0.051306
12	36	0.051306
12	43	0.051306
13	36	0.051306
13	43	0.051306
14	36	0.051306
14	43	0.051306
15	36	0.051306
15	43	0.051306
16	36	0.051306
16	43	0.051306
17	36	0.051306
17	43	0.051306
18	36	0.051306
18	43	0.051306
19	36	0.051306
19	43	0.051306
20	36	0.051306
20	43	0.051306
21	36	0.051306
21	43	0.051306
22	36	0.051306
22	43	0.051306
23	36	0.051306
23	43	0.051306
24	36	0.051306
24	43	0.051306
25	36	0.051306
25	43	0.051306
26	36	0.051306
26	43	0.051306
27	36	0.051306
27	43	0.051306
28	36	0.051306
28	43	0.051306
29	36	0.051306
29	43	0.051306
30	36	0.051306
30	43	0.051306
31	36	0.051306
31	43	0.051306
32	36	0.051306
32	43	0.051306
33	36	0.051306
33	43	0.051306
34	36	0.051306
34	43	0.051306
35	36	0.051306
35	43	0.051306
36	37	0.051306
36	38	0.051306
36	39	0.051306
36	40	0.051306
36	41	0.051306
36	42	0.051306
36	43	0.051306
36	44	0.051306
36	45	0.051306
36	46	0.051306
36	47	0.051306
36	48	0.051306
36	49	0.051306
36	50	0.051306
36	51	0.051306
36	52	0.051306
36	53	0.051306
36	54	0.051306
36	55	0.051306
36	56	0.051306
36	57	0.051306
36	58	0.051306
36	59	0.051306
36	60	0.051306
36	61	0.051306
36	62	0.051306
36	63	0.051306
36	64	0.051306
36	65	0.051306
36	66	0.051306
36	67	0.051306
36	68	0.051306
36	69	0.051306
36	70	0.051306
36	71	0.051306
36	72	0.051306
36	73	0.051306
36	74	0.051306
36	75	0.051306
36	76	0.051306
36	77	0.051306
36	78	0.051306
36	79	0.051306
36	80	0.051306
36	81	0.051306
36	82	0.051306
36	83	0.051306
36	84	0.051306
36	85	0.051306
36	86	0.051306
36	87	0.051306
36	88	0.051306
36	89	0.051306
36	90	0.051306
36	91	0.051306
36	92	0.051306
36	93	0.051306
36	94	0.051306
36	95	0.051306
36	96	0.051306
36	97	0.051306
36	98	0.051306
36	99	0.051306
36	100	0.051306
36	101	0.051306
36	102	0.051306
36	103	0.051306
36	104	0.051306
36	105	0.051306
36	106	0.051306
36	107	0.051306
36	108	0.051306
37	43	0.051306
38	43	0.051306
39	43	0.051306
40	43	0.051306
41	43	0.051306
42	43	0.051306
43	44	0.051306
43	45	0.051306
43	46	0.051306
43	47	0.051306
43	48	0.051306
43	49	0.051306
43	50	0.051306
43	51	0.051306
43	52	0.051306
43	53	0.051306
43	54	0.051306
43	55	0.051306
43	56	0.051306
43	57	0.051306
43	58	0.051306
43	59	0.051306
43	60	0.051306
43	61	0.051306
43	62	0.051306
43	63	0.051306
43	64	0.051306
43	65	0.051306
43	66	0.051306
43	67	0.051306
43	68	0.051306
43	69	0.051306
43	70	0.051306
43	71	0.051306
43	72	0.051306
43	73	0.051306
43	74	0.051306
43	75	0.051306
43	76	0.051306
43	77	0.051306
43	78	0.051306
43	79	0.051306
43	80	0.051306
43	81	0.051306
43	82	0.051306
43	83	0.051306
43	84	0.051306
43	85	0.051306
43	86	0.051306
43	87	0.051306
43	88	0.051306
43	89	0.051306
43	90	0.051306
43	91	0.051306
43	92	0.051306
43	93	0.051306
43	94	0.051306
43	95	0.051306
43	96	0.051306
43	97	0.051306
43	98	0.051306
43	99	0.051306
43	100	0.051306
43	101	0.051306
43	102	0.051306
43	103	0.051306
43	104	0.051306
43	105	0.051306
43	106	0.051306
43	107	0.051306
43	108	0.051306
32	48	0.051306
37	48	0.051306
48	82	0.051306
19	48	0.051306
48	80	0.051306
17	48	0.051306
40	48	0.051306
25	48	0.051306
48	85	0.051306
11	48	0.051306
48	101	0.051306
29	48	0.051306
48	92	0.051306
48	60	0.051306
48	70	0.051306
18	48	0.051306
48	59	0.051306
48	66	0.051306
12	48	0.051306
32	37	0.051306
22	48	0.051306
48	87	0.051306
48	72	0.051306
33	48	0.051306
48	89	0.051306
48	90	0.051306
48	65	0.051306
48	73	0.051306
46	48	0.051306
48	67	0.051306
48	91	0.051306
21	48	0.051306
24	48	0.051306
48	96	0.051306
48	71	0.051306
48	97	0.051306
32	82	0.051306
48	98	0.051306
20	48	0.051306
37	82	0.051306
23	48	0.051306
48	94	0.051306
48	52	0.051306
48	83	0.051306
1	48	0.051306
48	81	0.051306
48	86	0.051306
31	48	0.051306
10	48	0.051306
48	68	0.051306
48	53	0.051306
47	48	0.051306
48	69	0.051306
6	48	0.051305
39	48	0.051305
41	48	0.051305
48	88	0.051305
48	79	0.051305
48	54	0.051305
7	48	0.051305
2	48	0.051305
48	74	0.051305
48	64	0.051305
8	48	0.051305
16	48	0.051305
48	104	0.051305
26	48	0.051305
48	102	0.051305
48	55	0.051305
48	51	0.051305
48	99	0.051305
19	32	0.051305
44	48	0.051305
48	108	0.051305
35	48	0.051305
38	48	0.051305
48	103	0.051305
48	50	0.051305
48	105	0.051305
9	48	0.051305
48	58	0.051305
17	32	0.051305
32	40	0.051305
19	37	0.051305
30	48	0.051305
34	48	0.051305
45	48	0.051305
25	32	0.051305
3	48	0.051305
48	100	0.051305
5	48	0.051305
32	85	0.051305
37	80	0.051305
48	78	0.051305
42	48	0.051305
17	37	0.051305
48	75	0.051305
48	63	0.051305
25	37	0.051305
48	61	0.051305
13	48	0.051305
11	32	0.051305
48	57	0.051305
48	107	0.051305
14	48	0.051305
48	62	0.051305
48	49	0.051305
48	76	0.051305
48	77	0.051305
48	56	0.051305
37	85	0.051305
4	48	0.051305
27	48	0.051305
48	106	0.051305
15	48	0.051305
48	93	0.051304
48	84	0.051304
11	37	0.051304
19	82	0.051304
28	48	0.051304
17	82	0.051304
40	82	0.051304
25	82	0.051304
32	101	0.051304
32	95	0.051304
29	32	0.051304
11	82	0.051303
37	101	0.051303
32	92	0.051303
29	37	0.051303
32	70	0.051303
37	92	0.051302
18	32	0.051302
37	60	0.051302
37	70	0.051302
32	59	0.051301
19	80	0.051301
18	37	0.051301
32	66	0.051301
17	19	0.051301
82	101	0.051301
82	95	0.051301
19	40	0.051301
29	82	0.051301
19	25	0.051301
37	59	0.0513
17	80	0.0513
40	80	0.0513
19	85	0.0513
17	40	0.0513
25	80	0.0513
37	66	0.0513
22	32	0.051299
32	87	0.051299
32	72	0.051299
25	40	0.051299
12	37	0.051299
32	33	0.051299
11	19	0.051299
32	89	0.051299
17	85	0.051299
40	85	0.051299
32	90	0.051298
70	82	0.051298
32	65	0.051298
25	85	0.051298
32	73	0.051298
11	80	0.051298
22	37	0.051298
18	82	0.051298
37	87	0.051298
32	46	0.051298
37	72	0.051297
32	67	0.051297
11	40	0.051297
33	37	0.051297
37	89	0.051297
32	91	0.051297
37	90	0.051296
59	82	0.051296
21	32	0.051296
24	32	0.051296
37	65	0.051296
32	96	0.051296
11	85	0.051296
37	73	0.051296
32	71	0.051295
37	46	0.051295
32	97	0.051295
66	82	0.051295
37	67	0.051295
12	82	0.051294
37	91	0.051294
21	37	0.051293
24	37	0.051293
37	96	0.051293
32	98	0.051293
19	101	0.051292
19	95	0.051292
20	32	0.051292
37	71	0.051292
37	97	0.051292
19	29	0.051292
22	82	0.051292
82	87	0.051291
72	82	0.051291
25	59	0.051291
33	82	0.051291
23	32	0.051291
80	101	0.05129
80	95	0.05129
32	94	0.05129
29	80	0.05129
32	52	0.05129
32	83	0.05129
82	89	0.05129
17	101	0.05129
17	95	0.05129
40	101	0.05129
40	95	0.051289
82	90	0.051289
37	98	0.051289
1	32	0.051289
17	29	0.051289
29	40	0.051289
32	81	0.051289
20	37	0.051289
32	86	0.051289
31	32	0.051288
19	92	0.051288
65	82	0.051288
10	32	0.051288
32	68	0.051288
25	101	0.051288
25	95	0.051288
73	82	0.051288
32	53	0.051288
32	47	0.051288
25	29	0.051288
46	82	0.051287
32	69	0.051287
67	82	0.051287
19	60	0.051287
23	37	0.051286
6	32	0.051286
32	39	0.051286
37	94	0.051286
19	70	0.051286
29	85	0.051286
37	52	0.051285
32	41	0.051285
37	83	0.051285
82	91	0.051285
32	88	0.051285
17	92	0.051285
1	37	0.051285
40	92	0.051285
37	81	0.051284
32	79	0.051284
21	82	0.051284
37	86	0.051284
24	82	0.051284
31	37	0.051284
82	96	0.051283
10	37	0.051283
21	88	0.051283
37	68	0.051283
37	53	0.051283
11	101	0.051283
25	92	0.051283
11	95	0.051283
37	47	0.051283
70	80	0.051283
17	60	0.051282
71	82	0.051282
40	60	0.051282
11	29	0.051282
37	69	0.051282
82	97	0.051282
17	70	0.051281
40	70	0.051281
32	54	0.051281
6	37	0.05128
37	39	0.05128
25	60	0.05128
18	80	0.05128
7	32	0.05128
2	32	0.05128
32	74	0.05128
37	41	0.05128
32	64	0.051279
19	59	0.051279
25	70	0.051279
8	32	0.051279
16	32	0.051279
37	88	0.051279
17	18	0.051279
18	40	0.051279
37	79	0.051278
32	104	0.051278
26	32	0.051278
32	102	0.051278
32	55	0.051278
82	98	0.051277
32	51	0.051277
32	99	0.051277
32	44	0.051277
19	66	0.051276
32	108	0.051276
18	25	0.051276
70	85	0.051276
32	35	0.051276
20	82	0.051276
11	92	0.051276
32	38	0.051275
59	80	0.051275
32	103	0.051275
12	19	0.051274
32	50	0.051274
17	59	0.051274
37	54	0.051274
40	59	0.051273
32	105	0.051273
18	85	0.051273
7	37	0.051273
2	37	0.051273
37	74	0.051273
11	60	0.051272
37	64	0.051272
66	80	0.051272
23	82	0.051272
8	37	0.051271
16	37	0.051271
9	32	0.051271
82	94	0.051271
11	70	0.051271
32	58	0.051271
52	82	0.05127
82	83	0.05127
37	104	0.05127
17	66	0.05127
26	37	0.05127
37	102	0.05127
40	66	0.05127
37	55	0.05127
12	80	0.051269
37	51	0.051269
37	99	0.051269
1	82	0.051269
81	82	0.051268
37	44	0.051268
37	108	0.051268
30	32	0.051268
1	108	0.051268
32	34	0.051268
35	37	0.051268
82	86	0.051268
32	45	0.051267
31	82	0.051267
25	66	0.051267
12	17	0.051267
59	85	0.051267
37	38	0.051267
19	87	0.051267
12	40	0.051267
10	82	0.051267
68	82	0.051267
19	72	0.051266
3	32	0.051266
37	103	0.051266
53	82	0.051266
47	82	0.051266
32	100	0.051265
19	33	0.051265
37	50	0.051265
69	82	0.051265
37	105	0.051264
12	25	0.051263
5	32	0.051263
32	78	0.051263
66	85	0.051263
19	89	0.051263
32	42	0.051262
6	82	0.051262
9	37	0.051262
39	82	0.051262
19	90	0.051262
69	81	0.051261
22	80	0.051261
37	58	0.051261
29	101	0.051261
29	95	0.051261
41	82	0.051261
72	80	0.05126
32	75	0.05126
82	88	0.051259
17	22	0.051259
12	85	0.051259
22	40	0.051259
19	65	0.051259
17	87	0.051258
40	87	0.051258
17	72	0.051258
32	63	0.051258
40	72	0.051258
30	37	0.051258
79	82	0.051258
34	37	0.051257
19	73	0.051257
37	45	0.051257
32	61	0.051256
80	89	0.051256
17	33	0.051256
19	46	0.051256
13	32	0.051256
33	40	0.051256
3	37	0.051255
32	57	0.051255
11	66	0.051255
32	107	0.051255
80	90	0.051255
22	25	0.051255
19	67	0.051255
14	32	0.051254
25	87	0.051254
37	100	0.051254
32	62	0.051254
32	49	0.051254
25	72	0.051254
17	89	0.051253
32	76	0.051253
40	89	0.051253
20	69	0.051253
32	77	0.051253
17	90	0.051252
32	56	0.051252
40	90	0.051252
5	37	0.051252
25	33	0.051252
65	80	0.051251
37	78	0.051251
37	42	0.05125
73	80	0.05125
54	82	0.05125
19	91	0.05125
22	85	0.051249
25	89	0.051249
7	82	0.051249
17	65	0.051248
40	65	0.051248
46	80	0.051248
2	82	0.051248
74	82	0.051248
72	85	0.051248
25	90	0.051247
64	82	0.051247
29	92	0.051247
19	21	0.051247
17	73	0.051247
37	75	0.051247
67	80	0.051247
40	73	0.051247
4	32	0.051246
8	82	0.051246
19	24	0.051246
16	82	0.051246
33	85	0.051246
27	32	0.051245
32	106	0.051245
15	32	0.051245
19	96	0.051245
17	46	0.051245
40	46	0.051245
37	63	0.051244
82	104	0.051244
26	82	0.051244
82	102	0.051244
55	82	0.051244
17	67	0.051244
25	65	0.051243
40	67	0.051243
37	61	0.051243
19	71	0.051242
85	89	0.051242
60	101	0.051242
60	95	0.051242
32	93	0.051242
13	37	0.051242
32	84	0.051242
51	82	0.051242
19	97	0.051242
82	99	0.051242
25	73	0.051242
80	91	0.051241
37	57	0.051241
37	107	0.051241
44	82	0.051241
85	90	0.051241
29	60	0.051241
82	108	0.051241
14	54	0.05124
14	37	0.05124
53	86	0.05124
35	82	0.05124
25	46	0.05124
70	101	0.05124
37	62	0.05124
70	95	0.051239
37	49	0.051239
11	22	0.051239
37	76	0.051239
11	87	0.051239
38	82	0.051238
25	67	0.051238
21	80	0.051238
17	91	0.051238
11	72	0.051238
29	70	0.051238
37	77	0.051238
40	91	0.051238
37	56	0.051237
24	80	0.051237
82	103	0.051237
64	77	0.051237
65	85	0.051237
28	32	0.051236
80	96	0.051236
11	33	0.051235
50	82	0.051235
73	85	0.051235
17	21	0.051234
21	40	0.051234
82	105	0.051234
18	42	0.051233
17	24	0.051233
24	40	0.051233
71	80	0.051233
18	101	0.051233
46	85	0.051232
18	95	0.051232
17	96	0.051232
80	97	0.051232
40	96	0.051232
25	91	0.051232
66	81	0.051232
11	89	0.051231
67	85	0.051231
18	29	0.05123
4	37	0.05123
11	90	0.05123
9	82	0.051229
17	71	0.051229
27	37	0.051229
58	82	0.051229
37	106	0.051229
15	37	0.051229
40	71	0.051228
19	98	0.051228
17	97	0.051228
21	25	0.051228
40	97	0.051228
24	25	0.051227
38	44	0.051226
25	96	0.051225
11	65	0.051225
37	93	0.051224
37	84	0.051224
30	82	0.051222
11	73	0.051222
25	71	0.051222
34	82	0.051222
45	82	0.051221
11	46	0.05122
70	92	0.051219
21	85	0.051219
59	101	0.051219
59	95	0.051219
24	85	0.051218
3	82	0.051218
28	37	0.051217
29	59	0.051217
80	98	0.051216
82	100	0.051216
19	23	0.051215
20	80	0.051213
71	85	0.051213
19	94	0.051212
5	82	0.051212
85	97	0.051212
17	98	0.051212
40	98	0.051211
78	82	0.051211
19	52	0.051211
19	83	0.05121
60	70	0.05121
18	92	0.05121
66	101	0.05121
66	95	0.051209
42	82	0.051209
11	91	0.051209
17	20	0.051208
20	40	0.051208
29	66	0.051207
1	19	0.051206
19	81	0.051205
11	21	0.051204
75	82	0.051203
25	98	0.051203
19	86	0.051203
11	24	0.051203
19	31	0.051202
11	96	0.051201
12	101	0.051201
12	95	0.051201
23	80	0.051201
10	19	0.0512
19	68	0.0512
18	60	0.0512
20	25	0.0512
63	82	0.051199
19	53	0.051198
12	29	0.051198
80	94	0.051198
19	47	0.051197
11	71	0.051197
61	82	0.051196
52	80	0.051196
80	83	0.051196
18	70	0.051196
11	97	0.051195
13	82	0.051195
17	23	0.051195
19	69	0.051195
23	40	0.051195
57	82	0.051194
82	107	0.051194
59	92	0.051193
14	82	0.051192
85	98	0.051192
17	94	0.051192
40	94	0.051191
1	80	0.051191
62	82	0.051191
49	82	0.051191
17	52	0.05119
17	83	0.05119
80	81	0.05119
40	52	0.05119
40	83	0.051189
76	82	0.051189
20	85	0.051188
77	82	0.051188
80	86	0.051187
6	19	0.051187
19	39	0.051187
56	82	0.051187
31	80	0.051186
23	25	0.051185
49	103	0.051185
1	17	0.051185
1	40	0.051184
10	80	0.051184
68	80	0.051184
19	41	0.051184
17	81	0.051183
40	81	0.051183
53	80	0.051182
25	94	0.051182
87	96	0.051181
17	86	0.051181
47	80	0.051181
40	86	0.05118
66	92	0.05118
25	52	0.05118
19	88	0.05118
17	31	0.05118
22	101	0.05118
25	83	0.051179
68	71	0.051179
22	95	0.051179
31	40	0.051179
69	80	0.051178
17	68	0.051177
10	40	0.051177
40	68	0.051177
72	101	0.051177
72	95	0.051176
19	79	0.051176
22	29	0.051176
59	70	0.051175
17	53	0.051175
40	53	0.051175
71	108	0.051175
29	87	0.051175
4	82	0.051174
1	25	0.051174
17	47	0.051174
40	47	0.051173
29	72	0.051173
25	81	0.051173
11	98	0.051172
27	82	0.051172
23	85	0.051172
82	106	0.051172
15	82	0.051172
33	101	0.051172
33	95	0.051171
17	69	0.051171
40	69	0.05117
25	86	0.05117
12	92	0.051169
6	80	0.051169
39	80	0.051169
15	28	0.051169
25	31	0.051168
85	94	0.051168
29	33	0.051168
11	20	0.051168
10	25	0.051166
52	85	0.051166
25	68	0.051166
83	85	0.051166
41	80	0.051165
89	101	0.051165
82	93	0.051165
82	84	0.051164
89	95	0.051164
25	53	0.051164
25	47	0.051162
6	17	0.051162
17	39	0.051161
90	101	0.051161
6	40	0.051161
39	40	0.051161
90	95	0.051161
29	89	0.051161
80	88	0.051161
1	85	0.05116
25	69	0.051159
81	85	0.051158
17	41	0.051158
29	90	0.051157
79	80	0.051156
19	54	0.051155
31	85	0.051154
17	88	0.051153
28	82	0.051152
40	88	0.051152
7	19	0.051152
65	101	0.051152
65	95	0.051151
10	85	0.051151
68	85	0.051151
2	19	0.051151
19	74	0.051151
6	25	0.051149
11	23	0.051149
25	39	0.051148
12	70	0.051148
53	85	0.051148
17	79	0.051148
19	64	0.051148
40	79	0.051147
73	101	0.051147
29	65	0.051147
73	95	0.051147
47	85	0.051147
8	19	0.051146
16	19	0.051145
25	41	0.051145
11	94	0.051144
35	74	0.051144
69	85	0.051143
29	73	0.051143
46	101	0.051143
46	95	0.051142
11	52	0.051142
11	83	0.051141
22	92	0.051141
7	49	0.05114
19	104	0.05114
19	26	0.051139
25	88	0.051139
19	102	0.051139
19	55	0.051139
67	101	0.051138
67	95	0.051138
29	46	0.051138
72	92	0.051137
14	81	0.051134
1	11	0.051134
25	79	0.051134
26	45	0.051133
19	51	0.051133
29	67	0.051133
19	99	0.051133
11	81	0.051132
54	80	0.051132
6	85	0.051132
39	85	0.051131
12	18	0.051131
19	44	0.051131
33	92	0.051131
11	86	0.051129
19	35	0.051129
7	80	0.051128
2	80	0.051127
41	85	0.051127
11	31	0.051127
74	80	0.051127
19	38	0.051124
64	80	0.051124
11	68	0.051124
22	60	0.051124
17	54	0.051123
40	54	0.051122
60	87	0.051122
8	80	0.051121
85	88	0.051121
11	53	0.051121
19	103	0.051121
16	80	0.05112
60	72	0.05112
11	47	0.051119
7	17	0.051119
7	40	0.051118
2	17	0.051117
17	74	0.051117
2	40	0.051117
50	58	0.051117
40	74	0.051116
59	66	0.051116
22	70	0.051116
79	85	0.051115
80	104	0.051115
19	50	0.051115
11	69	0.051115
17	64	0.051114
26	80	0.051114
70	87	0.051114
40	64	0.051113
80	102	0.051113
55	80	0.051113
21	101	0.051113
33	60	0.051112
19	105	0.051112
8	17	0.051111
24	101	0.051111
8	40	0.05111
16	17	0.05111
24	95	0.05111
16	40	0.05111
21	29	0.051108
51	80	0.051107
80	99	0.051107
25	54	0.051107
29	75	0.051106
24	29	0.051105
44	80	0.051105
65	92	0.051105
17	104	0.051104
33	70	0.051104
80	108	0.051104
40	104	0.051104
17	26	0.051103
17	102	0.051103
17	55	0.051103
26	40	0.051103
60	89	0.051102
7	25	0.051102
40	102	0.051102
40	55	0.051102
29	96	0.051102
35	80	0.051102
6	11	0.051102
11	39	0.051101
2	25	0.051101
25	74	0.0511
9	19	0.0511
73	92	0.051099
71	101	0.051099
71	95	0.051098
19	58	0.051098
60	90	0.051097
25	64	0.051097
38	80	0.051097
17	51	0.051096
17	99	0.051096
11	41	0.051096
40	51	0.051096
40	99	0.051095
8	25	0.051094
17	44	0.051094
70	89	0.051093
18	87	0.051093
16	25	0.051093
29	71	0.051093
46	92	0.051093
17	108	0.051093
80	103	0.051092
40	108	0.051092
18	72	0.051091
17	35	0.051091
29	97	0.05109
35	40	0.05109
11	88	0.051089
26	34	0.051088
70	90	0.051088
67	92	0.051087
25	104	0.051086
50	80	0.051085
25	26	0.051085
17	38	0.051085
54	85	0.051085
25	102	0.051085
25	55	0.051085
38	40	0.051084
60	65	0.051083
21	72	0.051083
80	105	0.051083
18	33	0.051082
11	79	0.051082
19	30	0.051081
17	103	0.051081
7	85	0.05108
40	103	0.05108
19	34	0.05108
2	26	0.051079
2	85	0.051078
74	85	0.051078
25	51	0.051078
25	99	0.051078
19	45	0.051078
60	73	0.051077
12	66	0.051077
25	44	0.051075
64	85	0.051074
25	108	0.051074
65	70	0.051074
17	50	0.051074
40	50	0.051073
25	35	0.051072
8	85	0.051071
17	105	0.051071
18	89	0.051071
3	19	0.05107
46	60	0.05107
87	105	0.05107
16	85	0.05107
40	105	0.05107
9	80	0.051069
27	53	0.051067
58	80	0.051067
25	38	0.051066
18	90	0.051065
19	100	0.051065
85	104	0.051063
26	85	0.051061
85	102	0.051061
25	103	0.051061
55	85	0.051061
46	70	0.05106
22	59	0.051057
9	17	0.051056
9	40	0.051055
21	92	0.051054
59	87	0.051054
17	58	0.051054
5	19	0.051053
51	85	0.051053
85	99	0.051053
25	50	0.051053
40	58	0.051053
24	92	0.051051
19	78	0.051051
44	85	0.05105
25	105	0.05105
18	65	0.051049
85	108	0.051049
30	80	0.051047
19	42	0.051047
11	54	0.051047
35	85	0.051046
34	80	0.051045
29	98	0.051045
20	101	0.051044
20	95	0.051043
45	80	0.051043
60	91	0.051042
31	66	0.051042
18	73	0.051042
12	69	0.051041
33	59	0.051041
7	11	0.051041
38	85	0.05104
2	11	0.051039
11	74	0.051039
20	29	0.051036
71	92	0.051036
3	80	0.051034
85	103	0.051034
11	64	0.051034
18	46	0.051034
42	70	0.051034
9	25	0.051034
17	30	0.051033
30	40	0.051032
17	34	0.051031
25	58	0.051031
19	75	0.051031
70	91	0.05103
34	40	0.05103
8	11	0.05103
22	66	0.05103
11	16	0.051029
17	45	0.051029
80	100	0.051028
21	60	0.051028
40	45	0.051027
59	89	0.051027
66	87	0.051027
18	67	0.051027
50	85	0.051025
85	105	0.051022
11	104	0.05102
59	90	0.05102
60	96	0.05102
19	63	0.05102
3	17	0.05102
3	40	0.051019
11	102	0.051018
11	55	0.051018
21	70	0.051016
5	80	0.051015
17	100	0.051013
33	66	0.051013
24	70	0.051012
78	80	0.051012
35	64	0.051012
40	100	0.051012
19	61	0.051012
11	51	0.051009
11	99	0.051009
25	30	0.051009
13	19	0.051009
23	101	0.051008
42	80	0.051007
70	96	0.051007
23	95	0.051007
60	71	0.051007
25	34	0.051007
2	72	0.051006
11	44	0.051006
12	22	0.051005
19	57	0.051005
19	107	0.051005
9	85	0.051004
11	108	0.051004
25	45	0.051004
60	97	0.051004
12	87	0.051002
59	65	0.051002
58	85	0.051002
18	91	0.051001
11	35	0.051001
14	19	0.051001
23	29	0.051
5	17	0.050999
94	95	0.050999
22	41	0.050999
12	72	0.050999
5	40	0.050998
19	62	0.050998
66	89	0.050997
19	49	0.050997
17	78	0.050996
52	101	0.050995
40	78	0.050995
52	95	0.050994
3	25	0.050994
83	95	0.050994
11	38	0.050993
19	76	0.050993
59	73	0.050993
17	42	0.050991
29	94	0.050991
70	97	0.05099
40	42	0.05099
66	90	0.05099
19	77	0.050989
75	80	0.050989
11	103	0.050987
25	100	0.050987
12	33	0.050987
29	52	0.050986
19	56	0.050986
29	83	0.050985
18	21	0.050985
46	59	0.050984
26	44	0.050982
18	24	0.050981
1	101	0.050981
55	100	0.050981
1	95	0.05098
89	105	0.050978
81	101	0.050977
11	50	0.050977
30	85	0.050977
81	95	0.050977
63	80	0.050976
18	96	0.050976
34	85	0.050975
11	105	0.050973
5	25	0.050972
17	75	0.050972
1	29	0.050972
45	85	0.050971
86	101	0.050971
40	75	0.05097
12	89	0.05097
86	95	0.05097
25	78	0.050969
29	81	0.050968
95	105	0.050967
31	101	0.050967
61	80	0.050967
31	95	0.050966
20	92	0.050964
13	80	0.050964
25	42	0.050963
10	101	0.050962
12	90	0.050962
18	71	0.050961
68	101	0.050961
10	95	0.050961
29	86	0.050961
3	85	0.050961
68	95	0.05096
57	80	0.050959
5	103	0.050959
80	107	0.050959
17	63	0.050959
29	31	0.050958
40	63	0.050957
18	97	0.050957
53	101	0.050955
53	95	0.050954
14	80	0.050954
4	19	0.050953
85	100	0.050952
10	29	0.050952
47	101	0.050952
9	98	0.050952
9	11	0.050952
29	68	0.050951
47	95	0.050951
62	80	0.050951
49	80	0.05095
46	66	0.050949
11	58	0.050949
17	61	0.050949
40	61	0.050947
19	27	0.050947
19	106	0.050946
15	19	0.050946
76	80	0.050945
59	91	0.050945
29	53	0.050945
69	101	0.050944
13	40	0.050944
69	95	0.050943
25	75	0.050942
18	20	0.050942
29	47	0.050942
77	80	0.050941
60	98	0.050941
17	57	0.05094
17	107	0.05094
22	87	0.05094
12	65	0.050939
40	57	0.050939
40	107	0.050938
56	80	0.050937
5	85	0.050936
22	72	0.050936
9	62	0.050935
14	17	0.050935
14	40	0.050934
29	69	0.050933
78	85	0.050932
72	87	0.050932
17	62	0.050931
17	49	0.050931
40	62	0.05093
40	49	0.050929
12	73	0.050928
20	60	0.050928
25	63	0.050928
19	93	0.050927
42	85	0.050926
19	84	0.050926
17	76	0.050926
21	59	0.050926
70	98	0.050925
40	76	0.050924
22	33	0.050921
17	77	0.050921
40	77	0.05092
11	30	0.050919
6	101	0.050919
39	101	0.050918
6	95	0.050918
23	92	0.050918
12	46	0.050917
17	56	0.050917
39	95	0.050917
33	87	0.050917
11	34	0.050917
25	61	0.050917
40	56	0.050916
59	96	0.050915
11	45	0.050913
33	72	0.050912
20	70	0.050912
41	101	0.050909
6	29	0.050908
25	57	0.050908
41	95	0.050908
25	107	0.050907
12	67	0.050907
29	39	0.050907
66	91	0.050906
28	105	0.050903
75	85	0.050903
14	25	0.050902
22	89	0.050901
98	105	0.050901
52	92	0.050901
3	11	0.050901
4	80	0.050899
25	62	0.050898
59	71	0.050898
25	49	0.050897
88	101	0.050895
19	28	0.050894
88	95	0.050894
59	97	0.050893
27	80	0.050892
25	76	0.050892
72	89	0.050892
80	106	0.050892
15	80	0.050892
11	100	0.050891
22	90	0.050891
25	77	0.050887
63	85	0.050887
67	73	0.050885
21	66	0.050885
18	98	0.050884
29	88	0.050883
25	56	0.050883
79	101	0.050883
1	92	0.050882
72	90	0.050882
79	95	0.050881
24	66	0.05088
10	57	0.050879
81	92	0.050878
4	17	0.050877
20	104	0.050876
33	89	0.050876
4	40	0.050875
61	85	0.050875
66	96	0.050873
5	11	0.050872
12	91	0.050871
13	85	0.05087
17	27	0.05087
18	52	0.05087
17	106	0.050869
80	93	0.050869
15	17	0.050869
86	92	0.050869
80	84	0.050868
27	40	0.050868
11	78	0.050868
40	106	0.050868
15	40	0.050867
33	90	0.050865
60	94	0.050865
57	85	0.050865
31	92	0.050864
85	107	0.050864
4	69	0.050864
64	104	0.050862
11	42	0.050861
65	87	0.050859
14	85	0.050858
52	60	0.050858
10	92	0.050858
60	83	0.050857
68	92	0.050857
62	85	0.050854
66	71	0.050854
49	85	0.050853
72	100	0.050853
10	72	0.050851
39	63	0.050849
53	92	0.050849
66	97	0.050848
76	85	0.050848
12	21	0.050848
73	87	0.050846
17	93	0.050846
70	94	0.050846
17	84	0.050845
47	92	0.050844
40	93	0.050844
40	84	0.050843
12	24	0.050842
77	85	0.050842
4	25	0.050839
52	70	0.050839
1	60	0.050838
22	46	0.050838
70	83	0.050837
56	85	0.050837
33	65	0.050836
12	96	0.050834
2	67	0.050834
69	92	0.050834
11	75	0.050833
46	87	0.050833
60	81	0.050833
25	27	0.050831
28	80	0.050831
25	106	0.050831
15	25	0.05083
46	72	0.050827
22	67	0.050826
60	86	0.050823
33	73	0.050823
67	87	0.050821
31	60	0.050818
1	70	0.050817
54	101	0.050816
54	95	0.050814
11	63	0.050814
12	71	0.050814
70	81	0.050812
65	89	0.050812
18	23	0.05081
10	60	0.05081
60	68	0.050809
59	98	0.050807
17	28	0.050806
25	93	0.050805
7	101	0.050804
25	84	0.050804
28	40	0.050804
7	95	0.050803
11	62	0.050803
6	92	0.050802
70	86	0.050802
29	54	0.050802
2	101	0.050801
39	92	0.050801
53	60	0.0508
74	101	0.0508
11	61	0.0508
2	95	0.050799
65	90	0.050799
74	95	0.050799
73	89	0.050798
18	94	0.050797
31	70	0.050797
47	60	0.050796
33	67	0.050796
13	53	0.050795
64	101	0.050792
64	95	0.05079
20	59	0.05079
10	70	0.050789
4	85	0.050789
11	57	0.050788
41	92	0.050788
11	107	0.050788
18	83	0.050788
68	70	0.050787
2	29	0.050786
12	62	0.050786
73	90	0.050785
8	101	0.050784
35	42	0.050784
46	89	0.050783
8	95	0.050783
16	101	0.050782
22	91	0.050782
11	14	0.050781
16	95	0.050781
27	85	0.05078
85	106	0.050779
15	85	0.050779
53	70	0.050778
11	49	0.050775
47	70	0.050774
86	107	0.050771
88	92	0.05077
72	91	0.05077
46	90	0.05077
67	89	0.050769
8	29	0.050769
20	103	0.050769
16	29	0.050767
1	18	0.050766
95	104	0.050765
26	101	0.050763
26	95	0.050762
55	101	0.050761
25	28	0.050761
11	77	0.050761
23	53	0.050761
95	102	0.05076
55	95	0.05076
18	81	0.05076
67	90	0.050756
11	56	0.050756
79	92	0.050754
66	98	0.050753
85	93	0.050751
29	104	0.05075
84	85	0.05075
33	91	0.050749
6	60	0.050749
18	86	0.050748
21	87	0.050748
26	29	0.050748
39	60	0.050747
29	102	0.050746
29	55	0.050746
51	101	0.050745
99	101	0.050744
51	95	0.050743
95	99	0.050743
18	31	0.050743
24	87	0.050741
1	27	0.050738
22	96	0.050738
44	101	0.050738
44	95	0.050736
101	108	0.050735
24	72	0.050735
46	65	0.050735
20	66	0.050734
10	18	0.050734
41	60	0.050733
95	108	0.050733
18	68	0.050733
42	106	0.050729
35	101	0.050729
29	51	0.050728
29	99	0.050728
35	95	0.050728
51	86	0.050727
72	96	0.050725
6	70	0.050724
39	70	0.050723
18	53	0.050723
29	44	0.050721
65	67	0.05072
23	59	0.05072
21	33	0.050719
29	108	0.050718
46	73	0.050718
18	47	0.050717
38	101	0.050715
60	76	0.050715
60	88	0.050714
26	78	0.050714
38	95	0.050713
22	71	0.050713
29	35	0.050713
24	33	0.050713
41	70	0.050709
71	87	0.050707
22	97	0.050706
12	98	0.050704
59	94	0.050704
18	69	0.050703
33	96	0.050703
28	85	0.050702
87	97	0.050699
4	11	0.050699
29	38	0.050698
60	79	0.050696
52	59	0.050694
59	83	0.050693
72	97	0.050692
11	27	0.050689
21	89	0.050689
11	106	0.050688
70	88	0.050688
11	15	0.050688
74	98	0.050688
46	67	0.050685
50	101	0.050683
12	20	0.050683
50	95	0.050682
24	89	0.050682
33	71	0.050676
101	105	0.050676
21	90	0.050674
89	96	0.050671
70	79	0.050669
33	97	0.050668
16	99	0.050668
54	92	0.050667
1	59	0.050667
65	91	0.050666
24	90	0.050666
29	50	0.050666
6	18	0.050663
18	39	0.050661
59	81	0.050659
29	105	0.050658
23	66	0.050657
90	96	0.050655
11	93	0.050655
11	84	0.050653
54	77	0.050653
7	92	0.050652
8	104	0.05065
73	91	0.050648
2	92	0.050648
2	57	0.050647
74	92	0.050647
59	86	0.050646
18	41	0.050645
71	89	0.050643
10	13	0.050642
31	59	0.050639
9	101	0.050636
64	92	0.050636
51	88	0.050636
92	104	0.050636
89	97	0.050635
64	67	0.050635
9	95	0.050635
21	65	0.050632
58	101	0.050631
46	91	0.050629
58	95	0.050629
52	66	0.050629
59	68	0.050627
55	86	0.050627
71	90	0.050627
8	92	0.050626
24	65	0.050624
16	92	0.050623
90	97	0.050618
9	29	0.050617
53	59	0.050616
65	96	0.050613
21	73	0.050613
67	91	0.050611
29	58	0.050611
47	59	0.050609
45	99	0.050608
24	73	0.050605
8	51	0.050602
18	79	0.050602
53	67	0.0506
54	60	0.0506
12	23	0.050599
26	92	0.050599
11	28	0.050598
1	66	0.050598
55	92	0.050597
73	96	0.050593
21	46	0.050593
42	58	0.050585
24	46	0.050584
7	60	0.050583
65	71	0.050583
49	104	0.050582
2	60	0.050579
60	74	0.050578
30	101	0.050575
66	86	0.050575
51	92	0.050575
92	99	0.050574
21	67	0.050574
13	22	0.050574
30	95	0.050574
65	97	0.050574
87	98	0.050573
46	96	0.050572
34	101	0.050571
54	70	0.050569
34	95	0.050569
68	94	0.050569
12	52	0.050568
44	92	0.050566
60	64	0.050566
24	67	0.050566
38	72	0.050565
72	98	0.050565
45	101	0.050564
92	108	0.050562
71	73	0.050562
45	95	0.050562
12	63	0.05056
10	66	0.050557
51	103	0.050555
66	68	0.050555
35	92	0.050555
8	60	0.050555
67	96	0.050553
73	97	0.050553
7	70	0.050552
16	60	0.050551
42	44	0.05055
29	34	0.05055
20	87	0.050548
2	70	0.050547
70	74	0.050546
6	59	0.050545
39	77	0.050544
39	59	0.050543
68	108	0.050543
29	45	0.050542
53	66	0.050542
23	28	0.050541
46	71	0.05054
3	101	0.05054
20	72	0.050539
24	52	0.050538
3	95	0.050538
38	92	0.050536
33	98	0.050536
1	12	0.050535
47	66	0.050535
64	70	0.050533
12	47	0.050531
46	97	0.050531
60	104	0.050528
26	60	0.050524
41	59	0.050524
60	102	0.050523
100	101	0.050522
8	70	0.050522
3	83	0.050521
67	71	0.05052
95	100	0.05052
16	70	0.050519
3	29	0.050518
66	69	0.050517
10	96	0.050515
23	69	0.050511
44	74	0.050511
12	86	0.050511
67	97	0.050511
20	33	0.05051
38	41	0.050509
74	104	0.050503
12	31	0.050502
81	94	0.0505
29	100	0.050499
24	91	0.050498
51	60	0.050498
59	88	0.050497
60	99	0.050497
89	98	0.050496
50	92	0.050495
70	104	0.050495
18	54	0.050491
26	70	0.05049
59	62	0.05049
70	102	0.050489
55	70	0.050488
44	60	0.050488
68	83	0.050487
92	105	0.050485
5	101	0.050485
60	108	0.050484
5	95	0.050483
3	41	0.050482
78	101	0.050478
90	98	0.050476
35	60	0.050476
78	95	0.050476
1	5	0.050476
59	79	0.050473
7	18	0.050472
50	100	0.050469
20	89	0.050468
81	83	0.050467
2	18	0.050467
18	74	0.050466
42	101	0.050464
6	66	0.050464
51	70	0.050463
42	95	0.050462
70	99	0.050462
5	29	0.050462
39	66	0.050462
38	60	0.050455
29	78	0.050454
44	70	0.050452
18	64	0.050452
71	91	0.050449
70	108	0.050448
20	90	0.050448
23	87	0.050446
2	71	0.050443
21	96	0.050441
29	42	0.05044
35	70	0.05044
8	18	0.050439
91	97	0.050438
60	103	0.050438
47	102	0.050437
16	18	0.050435
9	92	0.050434
22	94	0.050431
24	96	0.050431
39	78	0.050427
58	92	0.050426
56	76	0.050425
87	94	0.050422
65	98	0.050422
38	70	0.050418
22	83	0.050416
75	101	0.050412
72	94	0.050412
66	88	0.050411
75	95	0.05041
50	60	0.05041
18	104	0.050409
6	27	0.050409
52	87	0.050409
83	87	0.050406
18	26	0.050404
21	71	0.050403
18	102	0.050402
23	33	0.050402
18	55	0.050401
70	103	0.0504
60	105	0.050399
62	72	0.050399
52	72	0.050398
73	98	0.050396
72	83	0.050396
66	75	0.050395
24	71	0.050393
21	97	0.050392
20	65	0.050391
6	12	0.050389
12	39	0.050387
24	97	0.050381
1	22	0.050378
71	96	0.050377
33	94	0.050377
63	101	0.050377
63	95	0.050375
67	93	0.050374
18	51	0.050374
18	99	0.050373
50	70	0.050371
46	98	0.05037
1	87	0.050368
22	81	0.050368
20	73	0.050365
12	41	0.050364
33	52	0.050363
18	44	0.050362
33	83	0.050361
70	105	0.05036
81	87	0.050358
18	108	0.050358
23	89	0.050355
30	92	0.050355
18	49	0.050355
61	101	0.050351
29	63	0.050351
31	94	0.050349
34	92	0.050349
22	86	0.050348
61	95	0.050348
18	35	0.050348
16	71	0.050348
72	81	0.050346
96	103	0.050346
67	98	0.050346
9	60	0.050343
42	52	0.050343
54	59	0.050343
13	101	0.050341
45	92	0.050339
22	31	0.050339
13	95	0.050339
86	87	0.050338
20	46	0.050338
23	90	0.050332
12	88	0.050332
89	94	0.050329
57	101	0.050329
31	87	0.050329
101	107	0.050328
72	86	0.050327
57	95	0.050326
95	107	0.050325
71	97	0.050325
18	38	0.050325
10	22	0.050324
29	61	0.050323
22	68	0.050321
1	33	0.050321
7	59	0.05032
5	20	0.050317
31	72	0.050317
31	83	0.050316
75	88	0.050316
14	101	0.050315
52	89	0.050314
10	87	0.050313
2	59	0.050313
20	67	0.050313
14	95	0.050312
59	74	0.050312
83	89	0.050311
68	87	0.050311
33	81	0.05031
3	92	0.050309
57	69	0.050308
55	66	0.050308
62	101	0.050305
90	94	0.050305
18	103	0.050305
22	53	0.050304
49	101	0.050303
62	95	0.050303
12	79	0.050303
49	95	0.050301
29	57	0.050301
9	70	0.050301
29	107	0.0503
68	72	0.050299
59	64	0.050296
22	47	0.050295
53	87	0.050294
58	70	0.050292
76	101	0.050291
52	90	0.05029
33	86	0.050289
76	95	0.050288
83	90	0.050287
92	100	0.050285
47	87	0.050285
53	72	0.050282
79	84	0.050282
8	59	0.050281
31	33	0.050279
77	101	0.050278
29	62	0.050277
16	59	0.050276
77	95	0.050275
29	49	0.050275
18	50	0.050272
47	72	0.050272
22	69	0.050272
1	89	0.050269
23	65	0.050268
56	101	0.050268
61	67	0.050266
56	95	0.050265
64	98	0.050264
10	33	0.050263
29	76	0.050262
69	87	0.050261
33	68	0.050261
18	105	0.05026
91	98	0.050259
81	89	0.050258
21	76	0.050257
30	60	0.050255
34	60	0.050249
29	77	0.050248
59	104	0.050245
89	103	0.050244
1	90	0.050244
33	53	0.050242
26	59	0.05024
54	66	0.05024
23	73	0.050238
45	60	0.050238
29	56	0.050238
5	92	0.050238
67	84	0.050238
59	102	0.050237
86	89	0.050236
55	59	0.050236
21	38	0.050233
7	106	0.050233
33	47	0.050233
81	90	0.050232
39	45	0.05023
78	92	0.050228
31	89	0.050226
52	65	0.050223
20	91	0.050223
7	66	0.050215
42	92	0.050211
86	90	0.05021
30	70	0.05021
10	89	0.050209
33	69	0.050208
2	66	0.050207
23	46	0.050207
68	89	0.050206
66	74	0.050206
3	60	0.050204
98	108	0.050204
51	59	0.050203
34	70	0.050203
21	98	0.050203
59	99	0.050203
6	22	0.050202
31	90	0.050199
9	18	0.050195
52	73	0.050192
45	70	0.050192
6	87	0.050191
28	65	0.05019
44	59	0.05019
24	98	0.05019
39	87	0.050188
53	89	0.050187
18	58	0.050185
59	108	0.050185
10	90	0.050182
68	90	0.050179
23	67	0.050179
94	106	0.050178
60	100	0.050178
6	72	0.050177
46	94	0.050177
47	89	0.050177
1	65	0.050174
35	59	0.050174
8	66	0.050171
16	66	0.050166
65	81	0.050162
79	93	0.050161
4	101	0.050161
41	87	0.05016
46	52	0.05016
53	90	0.050159
4	95	0.050158
51	72	0.050158
46	83	0.050157
3	70	0.050157
69	89	0.050151
52	69	0.050149
47	90	0.050149
41	72	0.050147
38	59	0.050146
12	54	0.050145
75	92	0.050143
27	101	0.050142
1	73	0.050142
101	106	0.050141
15	101	0.05014
27	95	0.050139
65	86	0.050138
49	86	0.050138
95	106	0.050138
9	108	0.050137
15	95	0.050137
6	33	0.050134
22	88	0.050133
20	96	0.050133
66	104	0.050132
33	39	0.050131
52	67	0.05013
70	100	0.050129
73	81	0.050129
4	29	0.050128
31	65	0.050127
26	66	0.050126
5	60	0.050126
66	102	0.050123
59	103	0.050122
71	98	0.050122
60	78	0.050115
2	12	0.05011
27	29	0.050109
12	74	0.050109
1	46	0.050108
29	106	0.050107
15	29	0.050107
65	68	0.050106
73	86	0.050105
33	41	0.050102
22	79	0.050099
63	92	0.050097
42	60	0.050096
46	81	0.050095
18	30	0.050094
31	73	0.050093
12	64	0.050089
18	34	0.050087
51	66	0.050086
79	87	0.050086
66	99	0.050085
53	65	0.050085
50	59	0.050084
51	67	0.05008
93	101	0.050078
23	91	0.050077
84	101	0.050075
93	95	0.050075
5	70	0.050075
18	45	0.050075
84	95	0.050072
68	73	0.050071
72	79	0.050071
44	66	0.050071
8	12	0.050071
39	89	0.05007
46	86	0.05007
59	105	0.05007
79	91	0.050067
20	97	0.050066
12	16	0.050066
66	108	0.050065
70	78	0.050064
61	92	0.050063
1	28	0.050063
33	88	0.050061
31	46	0.050058
2	20	0.050057
35	66	0.050053
52	58	0.050052
13	92	0.050051
53	73	0.05005
91	94	0.050043
29	93	0.050043
6	90	0.050043
29	84	0.05004
41	89	0.05004
39	90	0.05004
10	46	0.050039
67	86	0.050038
46	68	0.050036
3	18	0.050035
57	92	0.050034
92	107	0.050033
9	71	0.050033
12	104	0.050028
31	67	0.050026
33	79	0.050024
52	91	0.050024
38	66	0.050022
12	26	0.050022
60	75	0.050021
83	91	0.05002
12	102	0.050019
12	55	0.050017
14	92	0.050016
46	53	0.050014
41	90	0.050009
10	67	0.050006
18	100	0.050006
62	92	0.050004
67	68	0.050003
46	47	0.050002
49	92	0.050002
66	103	0.049996
26	105	0.049992
9	59	0.049992
76	92	0.049985
12	51	0.049978
12	99	0.049977
21	94	0.049976
15	99	0.049976
23	96	0.049975
58	67	0.049974
71	100	0.049974
28	101	0.049972
46	69	0.049972
44	64	0.049971
33	100	0.049971
60	63	0.049971
1	21	0.04997
5	84	0.049968
47	67	0.049968
77	92	0.049968
28	95	0.049968
70	75	0.049966
12	44	0.049962
24	94	0.049961
6	65	0.049961
79	89	0.049958
39	65	0.049957
12	108	0.049955
56	92	0.049955
50	66	0.049954
21	83	0.049952
81	91	0.049951
5	18	0.049945
12	35	0.049942
94	96	0.049938
47	98	0.049938
66	105	0.049938
24	83	0.049936
28	29	0.049934
60	61	0.049933
18	78	0.049933
79	90	0.049924
41	65	0.049924
86	91	0.049924
90	104	0.049923
6	73	0.049922
20	52	0.049922
13	60	0.049919
39	73	0.049919
52	96	0.049918
83	96	0.049914
63	70	0.049913
31	91	0.04991
22	54	0.04991
12	38	0.049908
1	62	0.049906
57	60	0.049901
60	107	0.0499
23	97	0.0499
72	84	0.049898
13	72	0.049897
54	87	0.049895
10	91	0.049888
6	9	0.049885
68	91	0.049885
41	73	0.049885
16	45	0.049883
6	46	0.049882
14	60	0.049882
21	81	0.049879
71	94	0.049879
1	24	0.049879
39	46	0.049879
54	72	0.049878
7	22	0.049877
65	88	0.049877
61	70	0.049874
30	59	0.049874
2	22	0.049868
22	74	0.049866
49	60	0.049865
34	59	0.049865
24	81	0.049863
7	87	0.049862
94	97	0.049861
53	91	0.04986
13	70	0.04986
52	71	0.049857
6	15	0.049855
1	96	0.049855
16	42	0.049854
71	83	0.049853
9	66	0.049853
2	87	0.049852
45	59	0.049851
74	87	0.04985
47	91	0.049847
6	67	0.049846
7	72	0.049845
41	46	0.049844
16	34	0.049843
38	61	0.049842
22	64	0.049842
57	70	0.049841
58	66	0.04984
70	107	0.049839
52	97	0.049839
81	96	0.049839
73	88	0.049836
21	31	0.049836
83	97	0.049835
65	79	0.049835
12	50	0.049835
24	86	0.049834
72	74	0.049833
60	77	0.049829
64	87	0.049827
18	75	0.049825
33	54	0.049824
61	68	0.049822
8	22	0.04982
14	70	0.04982
24	31	0.049819
12	105	0.049817
4	92	0.049817
14	90	0.049815
16	22	0.049814
10	21	0.049813
20	98	0.049811
21	68	0.04981
64	72	0.049809
86	96	0.049809
41	67	0.049806
62	70	0.049806
8	87	0.049805
3	59	0.049805
49	70	0.049803
16	87	0.049799
10	24	0.049796
31	96	0.049794
46	88	0.049794
27	92	0.049793
73	79	0.049793
24	68	0.049792
92	106	0.04979
15	92	0.04979
7	33	0.049789
41	71	0.049787
8	72	0.049787
70	76	0.049784
16	72	0.049781
2	33	0.049779
33	74	0.049777
71	81	0.049775
1	97	0.049773
21	47	0.04977
59	100	0.049769
22	104	0.049769
68	96	0.049767
18	63	0.049767
24	53	0.049766
70	77	0.049765
22	26	0.049761
51	102	0.04976
22	102	0.049758
22	55	0.049756
81	97	0.049756
67	88	0.049755
4	26	0.049754
87	104	0.049753
24	47	0.049752
33	64	0.049752
56	70	0.04975
46	79	0.049749
54	89	0.049747
12	76	0.049747
9	28	0.049745
26	87	0.049745
71	86	0.049744
87	102	0.049741
53	96	0.049741
55	87	0.04974
72	104	0.049735
21	69	0.049734
3	6	0.049734
26	72	0.049727
86	97	0.049725
9	12	0.049724
84	106	0.049724
18	61	0.049723
72	102	0.049723
14	97	0.049723
16	33	0.049722
55	72	0.049722
30	66	0.049721
13	26	0.04972
24	69	0.049716
6	91	0.049714
7	89	0.049711
12	58	0.04971
39	91	0.04971
92	93	0.049709
31	97	0.049709
22	51	0.049709
67	79	0.049709
54	90	0.049708
22	99	0.049708
13	18	0.049708
62	108	0.049706
84	92	0.049706
2	89	0.0497
5	59	0.049698
74	89	0.049698
51	87	0.049692
87	99	0.049691
69	96	0.04969
22	44	0.04969
18	57	0.049687
18	107	0.049685
59	78	0.049684
22	108	0.049682
68	97	0.04968
57	88	0.049679
33	104	0.049675
53	71	0.049673
44	87	0.049673
72	99	0.049672
64	89	0.049672
7	90	0.049672
41	91	0.049671
3	94	0.049668
26	33	0.049666
22	35	0.049666
87	108	0.049665
4	60	0.049662
33	55	0.049661
2	90	0.049661
74	90	0.049658
42	59	0.049657
44	72	0.049653
67	106	0.049652
53	97	0.049652
55	63	0.049651
35	87	0.049649
18	62	0.049648
69	94	0.049648
8	89	0.049648
72	108	0.049645
3	66	0.049645
16	89	0.049641
6	68	0.049636
27	60	0.049635
60	106	0.049632
15	60	0.049632
64	90	0.049632
6	21	0.049629
44	63	0.049629
35	72	0.049629
22	38	0.049626
21	39	0.049625
18	76	0.049625
6	10	0.049614
33	51	0.049611
23	98	0.04961
6	24	0.04961
33	99	0.04961
38	87	0.049608
8	90	0.049607
54	65	0.049605
18	77	0.049603
16	90	0.0496
69	97	0.049599
33	75	0.049596
90	103	0.049596
22	103	0.049592
4	70	0.049591
89	104	0.049591
33	44	0.04959
21	41	0.049584
38	49	0.049584
6	96	0.049582
33	108	0.049582
26	89	0.049582
12	30	0.049582
61	74	0.049581
75	97	0.049579
39	96	0.049578
89	102	0.049578
55	89	0.049576
28	92	0.049572
15	69	0.049571
12	34	0.049571
7	65	0.049566
33	35	0.049565
24	41	0.049564
94	98	0.049564
58	90	0.049563
27	70	0.049563
70	106	0.04956
15	70	0.04956
54	73	0.049557
59	75	0.049557
69	83	0.049554
12	45	0.049554
2	65	0.049554
72	103	0.049553
65	74	0.049552
60	93	0.049543
60	84	0.049539
26	90	0.049539
52	98	0.049538
22	50	0.049537
90	102	0.049535
55	90	0.049534
83	98	0.049533
5	66	0.049527
51	89	0.049523
64	65	0.049523
33	38	0.049522
89	99	0.049522
50	87	0.049518
7	73	0.049516
22	105	0.049516
66	78	0.049511
7	86	0.049508
6	71	0.049507
46	54	0.049506
20	94	0.049505
24	88	0.049505
2	73	0.049504
44	89	0.049502
73	74	0.049502
3	12	0.049499
50	72	0.049497
8	65	0.049497
23	58	0.049495
89	108	0.049493
16	65	0.049489
59	63	0.049488
33	103	0.049486
6	97	0.049485
42	66	0.049483
39	97	0.049481
51	90	0.04948
90	99	0.049478
35	89	0.049475
88	96	0.049475
20	83	0.049473
21	79	0.049473
64	73	0.049473
70	93	0.049467
62	69	0.049467
7	46	0.049465
70	84	0.049463
22	58	0.049462
33	34	0.049459
1	98	0.049459
44	90	0.049457
91	103	0.049457
2	46	0.049452
22	107	0.049452
24	79	0.049452
46	74	0.04945
90	108	0.049448
8	73	0.049445
81	98	0.049438
16	73	0.049438
59	61	0.049437
41	97	0.049436
65	104	0.049435
38	89	0.049431
35	90	0.04943
33	50	0.049428
12	75	0.049427
26	65	0.049425
65	102	0.049421
46	64	0.04942
55	65	0.049419
13	59	0.049418
7	67	0.049418
30	72	0.049412
41	57	0.049412
4	18	0.049411
24	27	0.049408
33	105	0.049406
55	99	0.049405
9	22	0.049405
1	35	0.049403
67	74	0.049402
86	98	0.0494
1	20	0.049396
57	59	0.049394
59	107	0.049392
5	8	0.049392
28	60	0.049391
9	87	0.049385
38	90	0.049384
16	46	0.049384
73	104	0.049381
31	98	0.049381
18	27	0.049381
41	84	0.04938
18	106	0.049378
15	18	0.049377
20	81	0.049375
88	97	0.049372
26	73	0.049372
5	12	0.049371
58	87	0.049368
73	102	0.049367
14	59	0.049367
55	73	0.049365
5	93	0.049365
9	72	0.049362
51	65	0.049361
65	99	0.04936
10	98	0.049352
68	98	0.049347
49	59	0.049345
8	67	0.049343
71	79	0.04934
3	23	0.049339
23	54	0.049339
44	65	0.049338
16	67	0.049335
50	89	0.049332
65	108	0.049328
46	104	0.049326
59	76	0.04932
20	31	0.049316
26	46	0.049316
79	97	0.049315
53	98	0.049313
50	57	0.049312
46	55	0.04931
35	65	0.049309
28	70	0.049309
51	73	0.049306
73	99	0.049305
57	98	0.049298
53	76	0.049297
59	77	0.049295
54	91	0.049294
54	96	0.049291
9	33	0.049288
10	20	0.049286
50	90	0.049283
44	73	0.049282
45	46	0.049278
54	100	0.049277
67	104	0.049275
18	93	0.049275
73	108	0.049272
33	58	0.049271
18	84	0.049271
26	67	0.049265
23	94	0.049264
38	65	0.04926
67	102	0.04926
55	67	0.049259
35	73	0.049253
69	98	0.049249
46	51	0.049249
7	91	0.049248
46	99	0.049248
54	69	0.049245
41	93	0.049245
61	66	0.049239
22	30	0.049234
2	91	0.049234
74	91	0.049231
23	83	0.049228
20	47	0.049227
44	46	0.049224
22	34	0.049221
65	103	0.049219
13	66	0.049218
46	108	0.049214
33	45	0.049212
30	87	0.049212
38	73	0.049202
22	45	0.049201
34	87	0.0492
64	91	0.049197
67	99	0.049195
35	46	0.049194
57	66	0.049192
66	107	0.049189
21	54	0.049188
9	89	0.049185
28	73	0.049184
45	87	0.049179
52	94	0.049177
34	72	0.049175
44	67	0.049171
8	91	0.049166
24	54	0.049163
14	66	0.049162
67	108	0.04916
73	103	0.04916
16	91	0.049157
2	30	0.049154
45	72	0.049154
50	65	0.049153
5	34	0.049146
38	46	0.049142
62	66	0.049141
35	67	0.04914
7	21	0.049139
52	83	0.049139
49	66	0.049138
3	22	0.049135
39	99	0.049134
9	90	0.049133
65	105	0.049127
3	68	0.049122
21	74	0.049122
8	63	0.049118
23	81	0.049117
7	24	0.049114
6	98	0.049112
3	87	0.049112
66	76	0.04911
30	33	0.049107
39	98	0.049107
46	103	0.049098
24	74	0.049097
50	73	0.049092
41	69	0.04909
5	71	0.049088
21	64	0.049086
3	72	0.049086
38	52	0.049086
22	100	0.049084
46	100	0.049083
66	77	0.049083
26	91	0.049082
38	108	0.049079
7	96	0.049078
91	102	0.049077
88	108	0.049074
4	59	0.049069
88	105	0.049066
73	105	0.049066
2	96	0.049063
87	100	0.049061
24	64	0.049061
56	66	0.049061
74	96	0.04906
12	61	0.049058
35	63	0.049054
8	21	0.049054
23	31	0.049051
16	21	0.049044
52	68	0.049042
67	103	0.049042
6	20	0.049038
27	59	0.049033
44	84	0.049032
59	106	0.04903
15	59	0.049029
46	50	0.049028
1	64	0.049028
8	24	0.049028
76	86	0.049027
78	88	0.049024
64	96	0.049024
52	81	0.049024
16	24	0.049018
4	39	0.049018
10	23	0.049016
38	91	0.049015
86	94	0.049012
51	91	0.049007
12	57	0.049006
7	61	0.049006
91	99	0.049005
9	35	0.049005
12	107	0.049004
3	33	0.049002
46	105	0.049001
30	89	0.048995
9	65	0.048993
8	96	0.04899
34	55	0.048987
7	71	0.048982
5	22	0.048982
16	96	0.048981
34	89	0.048981
44	91	0.048979
88	98	0.048977
21	104	0.048977
63	98	0.048976
58	65	0.048972
83	86	0.048971
50	67	0.04897
91	108	0.048968
21	26	0.048965
71	74	0.048964
22	78	0.048961
21	102	0.048959
45	89	0.048958
5	87	0.048958
21	55	0.048957
51	75	0.048955
31	52	0.048954
10	94	0.048954
7	97	0.048954
23	47	0.04895
24	104	0.04895
6	14	0.04895
84	90	0.048948
4	23	0.048948
12	49	0.048948
35	91	0.048945
67	105	0.048943
30	90	0.048938
2	97	0.048938
24	26	0.048938
78	87	0.048937
74	97	0.048935
24	102	0.048932
5	72	0.04893
9	73	0.048927
64	71	0.048926
22	42	0.048924
34	90	0.048924
1	81	0.048922
10	52	0.048919
10	83	0.048912
59	93	0.048909
53	94	0.048908
44	86	0.048908
3	53	0.048907
58	73	0.048907
59	84	0.048904
45	90	0.0489
26	96	0.048899
42	87	0.048899
64	97	0.048896
96	102	0.048893
55	96	0.048891
8	71	0.04889
12	77	0.048888
47	94	0.048887
21	51	0.048886
4	16	0.048885
21	99	0.048885
3	89	0.048884
5	108	0.048879
1	86	0.048874
91	105	0.048871
26	108	0.048867
34	46	0.048865
53	83	0.048865
12	56	0.048864
8	97	0.048861
24	51	0.048858
20	50	0.048858
21	44	0.048857
24	99	0.048857
16	97	0.048851
47	52	0.04885
1	31	0.04885
5	24	0.048847
81	86	0.048847
21	108	0.048845
47	83	0.048843
5	33	0.04884
46	58	0.048838
4	66	0.048833
24	44	0.048829
89	100	0.048828
23	79	0.048826
3	90	0.048825
55	56	0.048824
21	35	0.048821
33	78	0.048818
51	96	0.048818
24	108	0.048817
96	99	0.048817
31	69	0.048814
71	104	0.048808
1	68	0.048806
13	16	0.048802
26	71	0.048795
27	66	0.048794
24	35	0.048793
66	106	0.04879
71	102	0.04879
15	66	0.048789
44	96	0.048788
55	71	0.048788
30	65	0.048786
10	81	0.048785
16	35	0.048782
23	106	0.048781
26	27	0.048779
68	81	0.048779
22	75	0.048779
33	42	0.048778
96	108	0.048776
51	98	0.048774
31	86	0.048773
34	65	0.04877
90	100	0.048767
26	97	0.048764
1	53	0.048764
50	91	0.048761
97	102	0.048759
55	97	0.048757
75	87	0.048752
35	96	0.048752
71	99	0.048751
45	65	0.048746
1	47	0.048741
6	23	0.048737
53	81	0.048735
10	86	0.048734
42	76	0.04873
39	53	0.048729
72	75	0.048723
23	51	0.048717
30	73	0.048715
5	89	0.048714
20	54	0.048713
47	81	0.048713
51	71	0.048711
21	103	0.04871
10	31	0.048709
28	59	0.048704
31	68	0.048702
34	73	0.048699
78	89	0.048691
38	96	0.048689
50	79	0.048688
1	69	0.048682
22	63	0.048681
24	103	0.04868
44	71	0.04868
51	97	0.048679
97	99	0.048678
45	73	0.048673
27	107	0.048673
23	41	0.048668
6	94	0.048667
3	65	0.048665
10	68	0.048663
39	94	0.048661
47	86	0.04866
31	53	0.048658
66	93	0.048656
63	87	0.048653
66	84	0.048651
2	79	0.048651
5	90	0.048651
42	89	0.048649
44	97	0.048648
35	71	0.048642
30	46	0.048641
13	78	0.048636
97	108	0.048635
31	47	0.048634
21	50	0.048628
6	52	0.048628
78	90	0.048627
6	83	0.04862
4	12	0.048618
10	53	0.048618
72	76	0.048617
1	58	0.048616
39	83	0.048614
2	39	0.04861
35	97	0.048609
22	61	0.048607
65	100	0.048604
69	86	0.0486
3	9	0.048597
41	94	0.048597
21	105	0.048596
3	73	0.048591
47	68	0.048587
45	50	0.048585
42	90	0.048584
52	61	0.04858
61	87	0.048579
12	27	0.048575
100	103	0.048573
9	91	0.048573
12	106	0.04857
12	15	0.048569
24	105	0.048565
34	67	0.048556
41	52	0.048556
50	96	0.048553
13	87	0.048552
58	91	0.048549
41	83	0.048548
2	77	0.048547
61	72	0.048547
22	57	0.048546
38	97	0.048544
47	53	0.048541
54	98	0.048538
10	69	0.048531
22	49	0.04853
20	27	0.04853
45	67	0.048529
35	86	0.048529
14	30	0.048529
73	100	0.048528
71	103	0.048522
33	63	0.048521
96	105	0.04852
57	87	0.048517
87	107	0.048514
3	46	0.048514
1	6	0.048509
14	22	0.048507
88	94	0.048505
13	104	0.048504
10	14	0.048488
75	89	0.048488
49	69	0.048488
57	72	0.048485
1	84	0.048484
72	107	0.048482
22	62	0.048481
5	65	0.04848
14	87	0.048478
6	81	0.048478
53	69	0.048477
7	98	0.048475
39	81	0.048471
54	108	0.048465
30	107	0.048458
16	44	0.048456
83	88	0.048455
65	78	0.048455
47	69	0.048452
62	87	0.048451
14	72	0.048445
33	61	0.048443
3	67	0.048443
22	76	0.048441
50	71	0.048435
1	41	0.048434
28	66	0.04843
9	21	0.04843
9	52	0.048423
79	94	0.048423
75	90	0.048419
13	33	0.048415
49	72	0.048413
76	87	0.048411
42	65	0.04841
21	58	0.048405
22	77	0.048404
41	81	0.048402
5	73	0.048401
71	105	0.048401
50	97	0.048399
9	24	0.048397
6	31	0.048393
31	39	0.048386
7	20	0.04838
52	79	0.04838
55	102	0.04838
63	89	0.048379
33	57	0.048378
51	81	0.048376
73	78	0.048375
33	107	0.048375
77	87	0.048374
79	83	0.048372
24	58	0.048372
97	105	0.048365
8	98	0.048364
20	74	0.048357
30	77	0.048352
16	98	0.048352
56	87	0.048346
41	86	0.048344
10	39	0.048341
72	77	0.04834
8	20	0.048339
14	33	0.048337
1	88	0.048337
78	102	0.048332
42	73	0.048329
58	96	0.048324
5	46	0.048318
31	41	0.048315
56	72	0.048311
34	91	0.048311
30	108	0.048311
20	64	0.048309
33	62	0.048309
63	90	0.048308
81	88	0.048305
33	49	0.048304
24	62	0.048298
61	89	0.048297
10	104	0.048293
46	78	0.048292
6	53	0.048291
16	54	0.048283
45	91	0.048282
16	107	0.048278
68	93	0.048276
10	41	0.04827
13	89	0.048268
68	104	0.048267
33	76	0.048267
6	47	0.048264
98	104	0.048264
41	68	0.048262
39	47	0.048257
1	79	0.048251
6	100	0.048249
26	98	0.048248
5	67	0.048243
98	102	0.048241
65	75	0.048235
57	89	0.048229
33	77	0.048228
89	107	0.048226
61	90	0.048224
1	78	0.048222
1	74	0.048217
79	81	0.048217
31	88	0.048214
41	53	0.04821
9	107	0.048208
33	56	0.048198
84	89	0.048196
58	71	0.048196
28	79	0.048195
6	69	0.048195
13	90	0.048194
3	91	0.048188
14	89	0.048186
9	97	0.048185
41	47	0.048183
74	77	0.048181
12	28	0.048181
42	62	0.048174
21	30	0.048174
10	88	0.048167
5	88	0.04816
58	97	0.048158
62	89	0.048157
79	86	0.048155
21	34	0.048155
57	90	0.048154
90	107	0.048151
73	75	0.048149
24	30	0.048138
20	55	0.048137
21	45	0.048124
31	79	0.048124
24	34	0.048119
63	65	0.048116
91	100	0.048116
76	89	0.048112
44	98	0.048109
53	88	0.048106
20	35	0.04809
24	45	0.048088
30	96	0.048086
38	79	0.048085
4	22	0.048082
39	54	0.048081
62	90	0.04808
62	99	0.048076
10	79	0.048076
49	90	0.048075
77	89	0.048072
68	79	0.048068
34	96	0.048067
103	106	0.048065
35	98	0.048063
46	75	0.048059
3	52	0.048056
4	87	0.048048
42	54	0.048042
20	51	0.048041
56	89	0.048041
58	86	0.048037
45	96	0.048036
76	90	0.048035
79	99	0.048034
22	27	0.04803
61	65	0.048027
63	73	0.048027
38	77	0.048027
22	106	0.048025
15	22	0.048024
39	108	0.048013
53	79	0.048013
27	108	0.048013
4	72	0.048011
56	97	0.048007
20	44	0.048002
27	87	0.047996
13	65	0.047995
3	69	0.047995
7	23	0.047994
77	90	0.047994
87	106	0.047991
15	87	0.04799
38	98	0.047984
47	79	0.047984
6	39	0.047982
39	106	0.047981
54	94	0.047981
67	75	0.047977
1	15	0.047976
5	91	0.047971
23	74	0.047967
74	88	0.047966
56	90	0.047961
27	72	0.047958
13	67	0.047955
57	65	0.047953
72	106	0.047953
15	72	0.047951
1	26	0.047951
65	107	0.04795
21	100	0.04795
30	71	0.047949
50	108	0.047946
78	91	0.047941
53	106	0.04794
61	73	0.047936
3	96	0.047934
46	63	0.047934
34	71	0.047929
41	42	0.047928
54	83	0.047922
28	98	0.047919
1	44	0.047919
98	103	0.047918
23	64	0.047914
24	100	0.047912
30	97	0.047908
14	65	0.047907
7	94	0.047905
13	73	0.047903
6	41	0.047902
49	91	0.047901
45	71	0.047896
39	41	0.047894
21	56	0.047892
34	97	0.047888
42	91	0.047888
4	33	0.047887
9	99	0.047885
44	75	0.047883
2	94	0.047882
16	23	0.04788
74	94	0.047878
68	84	0.047876
62	65	0.047875
49	65	0.047869
8	23	0.047864
57	73	0.04786
96	100	0.047856
73	107	0.047856
45	97	0.047855
7	52	0.047854
22	93	0.047853
63	67	0.047849
22	84	0.047846
7	83	0.047845
46	61	0.04784
5	16	0.047839
27	33	0.047832
2	52	0.047831
35	84	0.047831
33	106	0.047827
52	74	0.047827
65	76	0.047826
15	33	0.047826
47	78	0.047825
64	94	0.047823
2	83	0.047822
24	56	0.047822
15	71	0.047821
64	88	0.04782
5	45	0.047818
74	83	0.047817
87	93	0.047817
14	73	0.047812
50	98	0.047812
84	87	0.04781
13	46	0.047807
27	71	0.0478
5	21	0.047797
9	86	0.047792
3	71	0.047791
6	88	0.047788
39	58	0.047785
65	77	0.047783
1	54	0.047782
72	93	0.047781
62	73	0.047779
49	73	0.047773
8	94	0.047772
52	64	0.047771
1	105	0.047768
21	78	0.047766
53	64	0.047766
46	57	0.047762
64	83	0.047762
46	107	0.047758
16	94	0.047758
26	93	0.04775
56	65	0.047749
23	104	0.047748
3	97	0.047748
54	81	0.047744
6	8	0.04774
23	26	0.04773
73	76	0.047729
24	78	0.047726
23	102	0.047722
76	108	0.047721
8	52	0.047719
4	89	0.047714
14	46	0.047713
21	42	0.04771
8	83	0.04771
16	52	0.047705
54	105	0.047705
5	96	0.0477
16	83	0.047695
41	88	0.047695
6	79	0.047686
73	77	0.047684
75	91	0.047682
4	24	0.047681
46	62	0.047679
39	79	0.047677
61	62	0.047676
57	67	0.047673
24	42	0.047669
67	107	0.047669
78	96	0.047668
97	100	0.047666
7	81	0.047663
27	89	0.047657
1	100	0.047657
8	107	0.047655
94	104	0.047653
89	106	0.047651
15	89	0.04765
56	73	0.047649
33	93	0.047645
2	81	0.047639
26	84	0.047638
33	84	0.047637
31	54	0.047637
30	39	0.047637
28	97	0.047636
26	94	0.047635
74	81	0.047634
7	47	0.047632
46	76	0.047628
23	108	0.047627
4	90	0.047627
94	102	0.047626
55	94	0.047623
14	67	0.047623
42	96	0.04761
23	99	0.047609
83	104	0.047589
62	67	0.047588
51	52	0.047585
46	77	0.047582
10	54	0.047582
8	54	0.047581
26	52	0.04758
64	81	0.047575
54	68	0.047573
52	102	0.047571
26	83	0.04757
27	90	0.047569
23	44	0.047568
2	86	0.047566
20	76	0.047563
90	106	0.047563
1	8	0.047562
83	102	0.047562
15	90	0.047561
74	86	0.047561
55	83	0.047558
7	31	0.047554
35	53	0.047549
1	16	0.047547
46	56	0.047546
63	91	0.047543
67	76	0.047535
2	31	0.047529
31	74	0.047524
58	98	0.047524
28	87	0.047522
8	81	0.047521
23	35	0.047514
6	99	0.047514
71	78	0.047513
51	94	0.047513
94	99	0.047511
16	81	0.047506
64	86	0.047501
5	97	0.047501
73	93	0.047498
7	10	0.047498
99	104	0.047497
21	75	0.047494
7	68	0.047489
67	77	0.047488
28	72	0.047479
47	54	0.047476
2	10	0.047473
44	94	0.047468
64	69	0.047468
10	74	0.047467
78	97	0.047467
3	61	0.047467
47	55	0.047466
79	88	0.047466
31	64	0.047464
2	68	0.047463
68	74	0.047458
16	31	0.047456
42	71	0.047454
56	67	0.047451
24	75	0.047451
94	108	0.04745
51	83	0.047446
8	86	0.047446
83	99	0.047444
61	91	0.047439
27	86	0.047436
9	20	0.047432
3	35	0.047432
16	86	0.04743
7	53	0.047424
27	106	0.047421
35	94	0.047413
44	52	0.047411
8	31	0.047408
1	102	0.047408
42	97	0.047407
54	88	0.047407
10	64	0.047406
4	20	0.047404
13	91	0.047401
44	83	0.0474
20	58	0.047398
64	68	0.047397
81	104	0.047394
4	65	0.047394
53	74	0.047393
52	108	0.047392
75	96	0.047389
83	108	0.047382
21	57	0.047381
26	81	0.047374
81	102	0.047365
2	47	0.047364
55	81	0.047362
47	74	0.047359
8	78	0.047358
35	52	0.047355
57	91	0.047352
21	63	0.047348
91	107	0.047348
15	86	0.047346
23	103	0.047346
55	108	0.047345
35	83	0.047345
8	68	0.04734
28	33	0.047336
10	16	0.047334
39	100	0.047334
27	65	0.047332
65	106	0.047325
16	68	0.047324
81	100	0.047324
15	65	0.047324
9	88	0.047324
20	34	0.047322
38	94	0.04732
24	63	0.047303
7	69	0.047301
2	41	0.0473
26	86	0.047296
47	64	0.047296
1	51	0.047288
86	102	0.047287
4	73	0.047285
34	79	0.047279
31	104	0.047277
2	69	0.047275
8	53	0.047273
69	74	0.047269
62	91	0.04726
16	53	0.047257
26	31	0.047257
73	84	0.047255
16	108	0.04725
38	83	0.04725
31	102	0.047248
31	55	0.047244
26	53	0.047244
81	99	0.047242
94	103	0.047241
21	61	0.047239
63	96	0.047239
44	47	0.047239
71	75	0.047223
16	47	0.047221
27	73	0.047221
73	106	0.047215
15	73	0.047213
76	91	0.047203
10	26	0.047196
44	81	0.047196
24	61	0.047193
26	68	0.047186
10	55	0.047184
52	103	0.04718
81	108	0.047176
23	105	0.047175
4	46	0.047172
83	103	0.047169
26	42	0.047156
13	24	0.047153
77	91	0.047152
8	69	0.047146
45	79	0.047142
53	104	0.047138
35	81	0.047137
28	89	0.047136
6	54	0.047134
16	69	0.047129
61	96	0.047127
31	51	0.047123
1	42	0.047123
31	99	0.047121
65	93	0.047118
50	94	0.047114
56	91	0.047112
65	84	0.047109
106	108	0.047109
23	77	0.047108
58	84	0.047108
53	102	0.047107
27	46	0.047106
24	57	0.047101
46	106	0.0471
15	46	0.047098
24	107	0.047097
86	108	0.047095
20	30	0.047091
13	96	0.047086
26	47	0.04708
31	44	0.047074
4	67	0.047068
94	105	0.047066
75	98	0.047061
10	51	0.047061
10	99	0.047058
31	108	0.047054
21	49	0.047044
50	83	0.047041
28	90	0.047036
3	98	0.047034
57	96	0.047033
7	39	0.04703
96	107	0.047029
20	56	0.047028
20	45	0.047025
41	54	0.047024
31	35	0.047013
2	6	0.047013
10	44	0.04701
6	74	0.047007
69	104	0.047006
52	105	0.047003
30	49	0.047003
27	67	0.047001
44	68	0.047
2	107	0.046998
24	49	0.046996
15	67	0.046993
83	105	0.046991
10	108	0.04699
26	69	0.046985
53	99	0.046976
69	102	0.046975
14	96	0.046974
55	69	0.046972
81	103	0.046953
10	35	0.046949
9	69	0.046948
24	76	0.046943
47	51	0.046941
46	84	0.046939
6	64	0.046939
35	68	0.046939
47	99	0.046938
21	77	0.046938
62	96	0.046934
52	75	0.046931
7	41	0.046928
44	53	0.046928
49	96	0.046926
83	106	0.04691
13	71	0.046908
53	108	0.046907
51	64	0.046907
45	68	0.0469
61	97	0.046897
41	74	0.046894
24	77	0.046889
2	55	0.046885
84	96	0.046884
46	93	0.046881
76	96	0.046873
93	94	0.046869
47	108	0.046868
6	16	0.046858
57	71	0.046853
4	71	0.046852
16	39	0.046847
35	47	0.046847
10	38	0.046845
69	99	0.04684
39	76	0.046838
30	42	0.046828
9	44	0.046825
31	103	0.046824
41	64	0.046824
50	81	0.046818
77	96	0.046818
9	94	0.046809
6	13	0.046805
93	96	0.046803
9	53	0.046801
100	104	0.046799
57	97	0.046799
97	107	0.046795
20	100	0.046793
44	69	0.04679
56	96	0.046775
58	94	0.046771
81	105	0.046766
44	88	0.046763
8	41	0.046759
10	103	0.046757
54	79	0.046755
2	88	0.046753
1	77	0.046752
62	71	0.04675
5	98	0.04674
9	83	0.046731
50	86	0.04673
35	69	0.046726
38	47	0.04672
39	104	0.046717
35	75	0.046712
6	26	0.046705
78	98	0.0467
4	91	0.046697
62	97	0.046695
6	102	0.046694
26	39	0.046694
58	83	0.046692
6	55	0.046691
20	42	0.046689
49	97	0.046687
71	76	0.046686
31	50	0.046685
42	69	0.046683
39	55	0.04668
86	105	0.046677
53	103	0.04667
7	79	0.046653
51	74	0.046649
8	55	0.046648
56	71	0.046641
31	105	0.046632
76	97	0.04663
42	98	0.046628
27	91	0.046624
15	52	0.046624
91	106	0.046617
10	50	0.046616
74	79	0.046616
15	91	0.046615
8	88	0.046608
41	104	0.046607
50	102	0.046606
16	88	0.04659
20	78	0.046583
2	50	0.04658
41	102	0.046573
77	97	0.046572
41	55	0.046569
10	105	0.046562
6	51	0.046554
68	105	0.046551
64	79	0.046543
39	51	0.046542
23	30	0.046542
15	20	0.046523
5	23	0.046521
49	99	0.04652
23	34	0.046514
28	46	0.046511
52	100	0.046508
6	44	0.046498
53	63	0.046486
47	50	0.046485
6	108	0.046475
8	79	0.046474
53	105	0.046472
23	45	0.046468
26	107	0.046467
4	21	0.04646
4	14	0.046454
88	104	0.046452
58	81	0.046452
6	56	0.046445
5	106	0.046444
6	35	0.04643
47	105	0.046429
41	51	0.046429
26	88	0.046428
61	64	0.046427
41	99	0.046426
88	102	0.046417
30	94	0.046416
78	86	0.046408
54	107	0.046405
28	67	0.046392
34	94	0.046387
21	27	0.046384
2	56	0.046381
50	69	0.046377
21	106	0.046377
20	61	0.046375
15	21	0.046375
91	93	0.046374
41	44	0.046372
9	104	0.04637
84	91	0.046364
3	39	0.046363
41	108	0.046348
1	14	0.046346
30	52	0.046344
41	50	0.046341
45	94	0.04634
6	45	0.046339
30	83	0.046331
8	100	0.046329
4	96	0.046327
8	50	0.046322
24	106	0.046321
69	105	0.04632
34	52	0.046315
6	38	0.046314
79	104	0.046313
14	103	0.046311
6	34	0.046311
31	58	0.046309
35	41	0.046302
34	83	0.046302
27	56	0.046284
38	78	0.046283
9	10	0.046277
3	10	0.046277
79	102	0.046277
55	79	0.046273
14	79	0.046267
45	52	0.046267
9	68	0.046266
45	83	0.046254
27	96	0.046249
30	54	0.046245
45	106	0.046244
96	106	0.046242
15	96	0.04624
10	58	0.046235
35	88	0.046222
23	100	0.046207
39	103	0.046204
78	106	0.046197
20	75	0.046188
54	102	0.046188
15	108	0.046166
9	47	0.046137
1	30	0.046129
51	79	0.046124
21	93	0.046122
21	84	0.046112
99	106	0.046108
47	58	0.046093
9	49	0.046089
41	103	0.046083
30	81	0.046074
94	100	0.046073
54	62	0.046067
24	93	0.046064
44	79	0.046064
6	50	0.046059
4	97	0.046057
24	84	0.046054
16	30	0.046052
39	50	0.046047
34	81	0.046043
79	108	0.046039
26	54	0.046026
61	98	0.046022
3	55	0.04602
38	88	0.046015
27	54	0.046008
14	20	0.045999
34	68	0.045999
20	63	0.045995
45	81	0.045993
35	79	0.045989
39	105	0.045987
83	100	0.045982
27	97	0.045975
13	98	0.045972
30	86	0.045971
97	106	0.045967
15	97	0.045964
28	91	0.045964
78	108	0.04596
84	98	0.045954
7	54	0.045953
34	86	0.04594
23	78	0.045933
30	31	0.04592
54	74	0.045911
98	107	0.0459
45	86	0.045889
31	34	0.045888
5	31	0.045883
3	44	0.045878
42	53	0.045871
20	62	0.04587
69	106	0.045866
41	105	0.045861
23	42	0.04585
10	30	0.04584
5	94	0.04584
31	45	0.045837
14	78	0.045834
14	86	0.045833
14	98	0.045832
14	108	0.045832
3	81	0.045831
30	68	0.045828
54	64	0.045827
39	62	0.045823
10	34	0.045808
49	64	0.045808
34	50	0.045799
2	7	0.045798
13	20	0.045798
26	30	0.045797
78	94	0.045793
7	74	0.045791
1	93	0.04579
62	98	0.045782
55	58	0.045773
49	98	0.045772
51	78	0.04577
54	55	0.045768
5	52	0.04576
71	93	0.045759
79	103	0.045758
38	51	0.045757
10	45	0.045756
2	74	0.045756
71	84	0.045748
50	88	0.045746
5	83	0.045745
30	53	0.045736
3	86	0.045725
20	107	0.045724
52	106	0.045724
44	49	0.045719
42	94	0.045707
54	76	0.045705
7	64	0.045705
76	98	0.045705
63	88	0.045704
34	53	0.045704
7	108	0.045701
78	83	0.045697
75	108	0.045694
93	97	0.045692
93	98	0.04569
30	47	0.045688
84	97	0.045681
3	31	0.045671
9	39	0.045669
2	64	0.045669
13	68	0.04566
34	47	0.045655
45	53	0.045651
77	98	0.045637
6	58	0.045635
102	103	0.045614
42	83	0.045611
8	105	0.045606
7	16	0.045603
45	47	0.045602
4	79	0.045598
20	49	0.045592
56	98	0.045583
8	74	0.045581
54	104	0.045565
30	69	0.045563
9	79	0.04556
35	55	0.045559
16	74	0.045558
44	55	0.045555
16	51	0.045555
44	51	0.045546
7	51	0.045545
62	86	0.045543
28	96	0.04554
9	41	0.045536
41	45	0.045531
79	105	0.045523
61	86	0.045495
8	64	0.045491
41	58	0.045488
20	77	0.045481
41	106	0.045477
51	57	0.045469
16	64	0.045469
5	81	0.04546
16	58	0.045455
81	106	0.04545
68	100	0.045446
77	104	0.045436
69	77	0.045433
3	47	0.045429
23	49	0.045423
28	51	0.04542
83	93	0.045418
78	81	0.045409
7	26	0.045409
27	88	0.045408
34	105	0.045405
2	104	0.0454
84	94	0.045397
7	55	0.045391
8	16	0.045385
75	94	0.045378
2	76	0.045375
84	86	0.045374
26	74	0.045363
50	107	0.045363
88	100	0.045362
5	39	0.04536
74	102	0.04535
54	99	0.045346
5	86	0.045346
55	74	0.045345
63	104	0.045339
58	76	0.045323
42	81	0.045318
28	71	0.0453
49	63	0.045291
104	108	0.04529
44	54	0.04528
75	83	0.045276
5	107	0.045271
26	64	0.045271
4	42	0.045264
69	107	0.045262
64	102	0.045257
55	64	0.045253
7	9	0.045247
31	78	0.045237
83	84	0.045231
26	51	0.045228
42	86	0.045202
5	10	0.045201
6	30	0.045197
35	54	0.045196
16	104	0.045191
5	68	0.045186
8	26	0.045185
63	102	0.045178
63	108	0.045178
2	99	0.045175
39	57	0.045175
9	27	0.045172
74	99	0.045167
69	100	0.045164
63	94	0.045156
23	61	0.04515
10	78	0.045148
7	44	0.045147
16	102	0.045147
31	42	0.045144
16	55	0.045142
58	79	0.045128
9	75	0.045123
20	106	0.045114
2	44	0.045108
2	58	0.045103
13	23	0.045092
5	53	0.045085
64	99	0.045072
74	108	0.045071
51	100	0.045068
7	35	0.045061
10	42	0.045053
38	54	0.045053
26	76	0.045051
63	83	0.045051
3	56	0.045045
1	75	0.045035
1	76	0.045034
53	78	0.045032
5	47	0.045032
50	64	0.045028
4	98	0.045026
34	54	0.045024
2	35	0.045021
23	57	0.045016
42	47	0.045013
28	102	0.045012
4	99	0.04501
34	41	0.045003
103	108	0.045
61	94	0.04499
26	104	0.044984
8	99	0.044983
56	86	0.044979
64	108	0.044974
75	81	0.044968
55	104	0.044965
13	31	0.044941
78	107	0.044941
26	102	0.044939
26	55	0.044934
54	103	0.044932
13	94	0.044931
27	98	0.044929
1	61	0.044925
98	106	0.044919
15	98	0.044916
8	44	0.044914
68	75	0.044895
5	69	0.044893
8	108	0.044884
61	83	0.044882
23	62	0.044872
38	74	0.044866
13	47	0.04486
57	94	0.044852
94	107	0.044846
75	86	0.044845
75	79	0.044844
13	52	0.044838
30	88	0.044835
8	35	0.044825
13	83	0.044822
1	63	0.0448
34	88	0.044798
42	102	0.044793
4	53	0.04479
23	76	0.044784
31	75	0.044784
51	104	0.04478
44	78	0.044776
52	76	0.044775
38	64	0.044766
6	93	0.044762
31	106	0.044756
2	103	0.04475
2	45	0.044747
62	105	0.044746
57	83	0.044742
74	103	0.044742
6	77	0.04474
45	88	0.044737
5	54	0.044736
83	107	0.044735
28	68	0.044732
63	81	0.044731
78	105	0.044731
28	54	0.044731
99	102	0.04473
5	102	0.044721
45	84	0.044709
62	94	0.044706
44	104	0.044705
49	94	0.044695
10	75	0.044689
93	108	0.044681
8	38	0.044674
15	55	0.044672
44	102	0.044658
5	14	0.044655
51	77	0.04465
16	38	0.044648
23	56	0.044643
64	103	0.04464
8	106	0.044638
102	108	0.044627
3	78	0.044624
47	84	0.044623
1	13	0.044621
76	94	0.044616
35	104	0.044613
30	50	0.044613
52	62	0.04461
63	86	0.044605
7	50	0.044595
62	83	0.044593
30	104	0.044584
49	83	0.044582
2	106	0.044569
35	102	0.044566
53	75	0.044565
61	81	0.044555
63	79	0.04455
8	103	0.044546
6	57	0.044543
50	74	0.044543
31	63	0.044541
3	88	0.04454
47	93	0.044538
77	94	0.044535
6	84	0.044527
16	103	0.04452
75	102	0.044513
47	75	0.044507
76	83	0.044502
8	42	0.044501
58	104	0.044499
34	75	0.044497
13	81	0.044492
35	51	0.044482
61	104	0.044472
56	94	0.044471
74	105	0.044467
35	49	0.04446
45	105	0.044458
38	104	0.044458
10	63	0.044443
26	58	0.044438
57	106	0.04443
27	100	0.044429
6	78	0.044429
51	108	0.044428
26	38	0.044424
45	54	0.044421
77	83	0.044419
38	102	0.044409
57	81	0.044408
38	55	0.044404
61	79	0.044402
81	107	0.044401
14	53	0.044395
7	100	0.044368
4	31	0.044367
41	75	0.044366
64	105	0.044361
31	61	0.04436
69	75	0.044358
56	83	0.044355
6	42	0.044324
45	77	0.044315
16	50	0.044315
5	41	0.044312
2	62	0.044309
26	103	0.044292
7	77	0.044281
55	103	0.044271
56	108	0.044267
4	52	0.044267
10	61	0.044259
47	63	0.044254
41	78	0.044253
62	81	0.044253
6	61	0.044251
49	81	0.044241
31	57	0.044209
31	107	0.044202
3	51	0.044194
4	7	0.044161
76	81	0.044157
41	61	0.044141
15	102	0.044137
53	61	0.044127
50	104	0.044116
28	52	0.044107
3	99	0.044102
4	13	0.044101
63	69	0.0441
10	107	0.044099
41	63	0.044097
27	52	0.044091
26	50	0.044081
77	81	0.044071
47	61	0.044066
9	74	0.044065
7	58	0.044061
31	62	0.044049
31	49	0.044037
10	106	0.044012
58	74	0.044005
56	81	0.044003
61	107	0.043994
3	50	0.043993
84	107	0.043989
44	103	0.043985
102	105	0.043984
55	105	0.043978
53	57	0.043972
9	64	0.043954
31	76	0.043951
13	100	0.04394
61	69	0.043935
28	104	0.043932
6	75	0.04392
34	84	0.043919
2	3	0.043916
28	53	0.043908
86	106	0.043907
51	63	0.043905
47	107	0.043902
58	64	0.043893
51	58	0.043893
23	27	0.04389
5	79	0.043886
35	103	0.043884
26	62	0.043878
76	105	0.043875
49	74	0.043868
77	88	0.043865
56	107	0.043864
31	77	0.043863
51	93	0.043855
50	99	0.043846
13	69	0.043839
78	79	0.043823
9	16	0.043822
69	93	0.043817
14	47	0.043811
16	93	0.043806
31	56	0.043793
8	58	0.043789
51	105	0.043767
44	50	0.043765
99	105	0.043762
9	38	0.043762
16	84	0.043762
10	77	0.043755
55	75	0.043748
84	108	0.043746
68	77	0.043738
47	49	0.043731
38	56	0.043728
4	8	0.043728
2	34	0.043728
42	79	0.043709
27	94	0.0437
15	94	0.043686
10	56	0.043685
44	105	0.043681
6	49	0.043675
13	75	0.043675
56	68	0.043668
35	50	0.043661
14	69	0.043648
6	63	0.043648
53	77	0.043615
35	105	0.043576
9	26	0.043573
27	83	0.043572
15	83	0.043558
9	55	0.04355
47	77	0.04355
53	56	0.043543
7	30	0.043511
58	102	0.043492
4	84	0.04349
38	50	0.043485
47	56	0.043478
74	76	0.043474
77	78	0.043469
7	34	0.043467
34	77	0.043454
4	108	0.043414
54	78	0.043409
34	74	0.043407
38	105	0.043398
7	45	0.043394
58	99	0.043389
5	42	0.043382
9	50	0.043366
69	84	0.043365
13	39	0.043354
16	76	0.043344
50	103	0.043337
93	107	0.043335
45	74	0.043334
9	51	0.043328
86	93	0.043311
56	69	0.043308
4	81	0.043305
34	64	0.043287
6	107	0.043269
14	104	0.043266
14	74	0.043244
30	105	0.043243
56	79	0.043222
8	30	0.043221
3	7	0.043218
45	64	0.043213
8	75	0.043201
27	81	0.043184
100	108	0.043178
8	34	0.043175
13	41	0.043172
44	58	0.043171
15	81	0.043169
4	86	0.043154
14	39	0.043152
58	108	0.043134
58	107	0.043108
8	45	0.0431
3	74	0.043099
6	62	0.043097
45	93	0.04308
41	107	0.043065
35	58	0.04306
49	108	0.04306
8	62	0.043034
50	105	0.043008
44	93	0.042997
6	76	0.042987
3	64	0.042975
16	62	0.042972
14	41	0.042965
28	41	0.04296
27	31	0.042953
4	68	0.042941
15	31	0.042938
44	76	0.042934
2	100	0.04293
74	100	0.04292
34	104	0.042915
30	102	0.042904
30	55	0.042898
41	62	0.04289
14	64	0.04289
41	49	0.042876
51	61	0.042868
49	61	0.042864
39	56	0.042863
3	8	0.042859
34	102	0.042856
8	15	0.042847
45	104	0.042838
10	27	0.042834
3	16	0.042827
75	78	0.042826
10	15	0.042818
38	42	0.042813
88	107	0.042804
68	106	0.042802
8	76	0.042797
64	100	0.042793
45	102	0.042779
41	76	0.042778
81	93	0.042768
35	78	0.042767
62	64	0.042757
81	84	0.042751
4	47	0.042735
16	100	0.042732
58	103	0.042712
3	30	0.042707
13	79	0.042697
7	14	0.042682
41	77	0.042677
45	75	0.042667
30	51	0.042659
30	99	0.042653
42	100	0.042651
16	49	0.042648
34	51	0.04261
49	88	0.042609
27	47	0.042606
41	56	0.042597
26	49	0.042597
47	106	0.042593
2	14	0.042592
3	104	0.04259
15	47	0.04259
45	108	0.042574
79	107	0.04257
30	44	0.042561
5	74	0.042559
27	39	0.042554
7	78	0.042552
4	78	0.042549
3	26	0.042548
34	106	0.042546
45	51	0.04253
3	102	0.042529
31	93	0.042526
51	84	0.042526
34	44	0.042512
31	84	0.042509
2	78	0.042498
4	45	0.042497
93	100	0.042494
74	78	0.042486
2	15	0.042481
34	108	0.042472
2	49	0.042465
30	35	0.042442
44	45	0.042431
5	64	0.042428
7	42	0.042421
10	93	0.042401
34	35	0.042392
55	107	0.042388
62	79	0.042385
10	84	0.042384
49	79	0.042371
62	102	0.042368
2	42	0.042366
58	105	0.042361
26	100	0.042358
42	74	0.042355
64	78	0.042354
49	78	0.042345
56	88	0.042322
35	45	0.042311
15	39	0.042307
76	79	0.042267
34	93	0.042261
7	28	0.042244
4	88	0.042242
30	38	0.042241
5	49	0.04224
28	86	0.042225
5	28	0.042223
42	64	0.04222
28	47	0.042197
34	38	0.04219
77	79	0.04216
14	51	0.042133
38	45	0.042107
30	103	0.042072
27	79	0.042065
34	103	0.04202
4	6	0.042011
34	42	0.041986
58	61	0.041981
104	106	0.041963
76	102	0.041952
5	55	0.041948
78	104	0.041943
45	103	0.041935
7	75	0.041919
35	93	0.041892
55	78	0.041871
2	75	0.041861
6	106	0.041859
74	75	0.041849
4	93	0.041831
58	93	0.041818
57	100	0.041811
42	104	0.041804
42	55	0.041798
14	75	0.041762
15	56	0.041755
61	76	0.041742
64	75	0.041708
15	100	0.041703
10	28	0.041694
5	51	0.041685
5	99	0.04168
15	54	0.041677
14	15	0.041675
3	103	0.041664
27	41	0.041638
44	77	0.04163
15	41	0.04162
35	76	0.04161
51	107	0.04159
7	57	0.041585
7	63	0.041581
5	44	0.041578
50	75	0.041575
34	58	0.041541
16	75	0.04154
2	63	0.041521
63	74	0.041509
57	64	0.04149
2	4	0.041466
42	51	0.041463
9	56	0.04146
5	35	0.041448
39	93	0.041394
88	106	0.041392
28	58	0.041386
63	64	0.041363
39	84	0.041355
15	88	0.041318
103	107	0.041313
35	77	0.041301
93	104	0.041299
93	105	0.041295
56	103	0.041288
2	27	0.041286
3	105	0.041274
75	104	0.041271
28	69	0.04123
5	38	0.041227
75	103	0.041225
26	75	0.041224
42	49	0.041212
8	49	0.041192
16	63	0.04119
2	13	0.041178
15	79	0.041176
13	74	0.041165
9	30	0.041151
62	74	0.041146
14	100	0.041136
42	50	0.041131
45	58	0.041125
7	107	0.041111
4	102	0.0411
9	34	0.041095
44	62	0.041072
15	34	0.041072
30	58	0.04107
100	105	0.041059
34	57	0.041056
79	106	0.041053
57	74	0.041046
74	107	0.041036
13	64	0.041015
9	45	0.041003
62	78	0.041001
30	78	0.041
56	105	0.040982
8	61	0.040968
78	103	0.040956
5	30	0.040941
7	56	0.040935
34	78	0.040933
16	61	0.04093
75	99	0.040907
7	62	0.0409
14	26	0.040889
64	107	0.040884
3	13	0.040876
8	13	0.040875
15	45	0.040865
26	63	0.040864
62	63	0.040858
42	103	0.040805
61	100	0.040802
74	106	0.040783
7	76	0.040764
8	57	0.040753
5	50	0.040743
84	100	0.040741
16	57	0.040714
64	106	0.040674
50	78	0.040657
35	62	0.040643
77	100	0.04063
6	28	0.04062
8	14	0.040618
28	39	0.040596
26	61	0.040596
14	16	0.040578
61	102	0.040574
35	106	0.04057
55	61	0.040566
63	99	0.040537
5	56	0.040531
64	76	0.04053
76	78	0.040518
13	84	0.040513
28	55	0.040504
13	102	0.040478
13	55	0.040469
56	74	0.040467
3	5	0.04046
58	77	0.040449
4	15	0.040438
61	103	0.04043
57	104	0.040425
38	75	0.040422
104	107	0.040414
58	100	0.040396
105	106	0.040396
49	77	0.040385
26	57	0.040374
5	61	0.040356
5	76	0.040354
57	102	0.040351
42	45	0.040344
84	104	0.04031
56	64	0.040308
15	107	0.040308
61	99	0.040262
8	77	0.040259
55	62	0.040228
16	77	0.040218
14	102	0.040211
14	55	0.040203
62	104	0.04019
77	103	0.040183
13	99	0.040164
8	56	0.04016
44	61	0.040148
16	56	0.040119
99	107	0.040107
49	102	0.040097
9	61	0.040092
49	105	0.040088
4	50	0.040078
51	62	0.04007
13	44	0.040049
76	104	0.040046
63	100	0.04004
38	63	0.040038
76	106	0.040013
4	34	0.040009
35	61	0.040001
55	76	0.039962
27	50	0.039947
5	58	0.039942
9	78	0.03994
5	62	0.039933
45	78	0.039924
3	45	0.039918
44	57	0.039918
13	35	0.0399
16	28	0.039891
14	99	0.039891
56	104	0.039878
27	57	0.039871
26	77	0.039865
8	27	0.039851
77	102	0.039841
14	105	0.039837
34	63	0.039833
63	103	0.039833
55	77	0.039832
4	54	0.039801
3	34	0.039794
27	102	0.039791
75	105	0.039784
9	42	0.039775
14	44	0.039773
35	57	0.039768
26	56	0.039763
56	102	0.039739
58	62	0.039666
45	57	0.03966
51	76	0.039651
14	35	0.039622
54	106	0.039618
64	84	0.039609
102	106	0.039573
44	106	0.039546
14	63	0.039528
64	93	0.039521
77	99	0.039511
50	63	0.039505
4	74	0.039478
13	93	0.039446
3	75	0.039392
63	78	0.039391
63	105	0.03938
14	38	0.039366
57	103	0.039331
27	74	0.039307
4	64	0.039306
15	74	0.039285
44	56	0.039285
4	100	0.039266
38	62	0.039264
15	51	0.039223
50	61	0.039208
62	75	0.039163
13	50	0.039155
27	64	0.039133
35	56	0.039128
15	64	0.039112
38	76	0.039109
3	100	0.039106
57	107	0.039087
61	105	0.03908
42	61	0.039069
74	84	0.03906
62	103	0.039047
13	105	0.039038
4	62	0.039009
4	56	0.039001
74	93	0.038977
55	93	0.038943
16	106	0.03891
63	84	0.038908
75	76	0.038905
76	103	0.03889
100	106	0.038871
27	55	0.038859
57	105	0.038831
7	93	0.038811
42	56	0.038807
14	50	0.038807
7	84	0.038788
4	104	0.038777
27	78	0.038764
55	84	0.038741
45	63	0.038737
9	63	0.038723
4	55	0.038684
4	77	0.038673
27	105	0.038608
27	51	0.038549
45	61	0.038542
26	106	0.038522
55	106	0.038486
50	93	0.038468
57	77	0.038429
4	38	0.038404
50	77	0.038396
8	93	0.038372
8	84	0.038349
4	51	0.038344
5	100	0.038343
3	42	0.038323
28	108	0.038318
15	57	0.038305
4	61	0.038277
77	105	0.038261
78	100	0.038241
49	75	0.03822
4	44	0.038206
13	58	0.038196
50	84	0.038196
30	75	0.03818
51	106	0.038141
8	28	0.03813
42	75	0.03809
4	35	0.038037
27	44	0.038019
15	44	0.037996
9	14	0.037986
28	74	0.037954
34	61	0.0379
93	102	0.037895
15	105	0.037879
9	77	0.037877
84	102	0.037871
27	35	0.037849
15	35	0.037825
58	106	0.037809
3	63	0.037807
26	28	0.037752
30	63	0.037729
63	93	0.037724
27	34	0.037718
4	27	0.037716
50	106	0.037712
28	64	0.037693
42	63	0.037656
5	13	0.037648
84	105	0.037638
28	50	0.037617
75	100	0.037614
3	49	0.037591
27	45	0.037579
13	107	0.037567
28	107	0.037543
4	103	0.037513
28	61	0.037506
27	49	0.0375
30	61	0.037395
4	57	0.037391
34	76	0.037327
3	76	0.037307
14	107	0.037213
28	99	0.037205
13	34	0.037202
77	107	0.037195
75	106	0.037187
57	61	0.037174
4	28	0.037145
42	57	0.037134
15	50	0.0371
13	45	0.037081
34	107	0.037031
15	49	0.03702
5	15	0.037012
61	106	0.036959
4	76	0.036927
45	107	0.036909
14	34	0.03687
30	62	0.036826
28	44	0.036794
5	75	0.036791
28	38	0.036755
45	76	0.036753
34	62	0.03675
14	45	0.036747
5	27	0.036738
75	77	0.036733
13	63	0.036697
93	103	0.036654
30	76	0.036647
84	103	0.036628
45	62	0.036627
3	77	0.036618
3	93	0.036589
56	106	0.036488
42	107	0.036453
3	84	0.036431
75	84	0.036366
3	14	0.036353
5	63	0.036303
34	56	0.036283
3	62	0.03623
14	77	0.036221
63	106	0.036204
49	107	0.036181
56	100	0.036171
28	35	0.036163
45	56	0.036156
13	61	0.036148
63	76	0.036111
4	58	0.03611
61	75	0.036098
4	63	0.035996
62	100	0.035928
27	58	0.0359
15	58	0.035873
4	75	0.035837
57	63	0.035816
76	100	0.03574
5	57	0.035642
62	106	0.035544
57	78	0.035523
13	49	0.035516
63	107	0.035397
3	15	0.035392
56	84	0.035214
27	30	0.035196
75	93	0.035073
57	75	0.035049
56	93	0.035014
4	49	0.034962
15	30	0.034913
14	76	0.034833
15	106	0.034795
56	78	0.03478
75	107	0.034757
14	61	0.034632
14	62	0.034535
62	93	0.034306
61	63	0.034265
27	42	0.034255
3	27	0.034212
76	107	0.034142
49	62	0.034091
15	75	0.034031
49	84	0.034
62	107	0.033802
14	57	0.033707
15	78	0.033648
56	75	0.033625
28	63	0.033508
15	77	0.0334
13	57	0.033393
14	56	0.033373
14	49	0.033259
63	77	0.033204
28	75	0.033143
49	76	0.033124
56	63	0.033058
13	62	0.033044
13	56	0.03301
49	93	0.033005
27	75	0.032911
57	62	0.032852
13	76	0.03283
49	106	0.032813
15	42	0.0328
28	34	0.032798
28	45	0.03265
56	61	0.032639
13	77	0.032639
57	76	0.032636
14	27	0.032391
78	93	0.032258
78	84	0.032227
27	84	0.032145
42	93	0.032011
42	84	0.031979
56	77	0.031942
15	63	0.031929
13	106	0.031432
27	93	0.031334
27	63	0.031316
15	61	0.031199
62	84	0.031199
28	78	0.030958
27	61	0.030871
61	93	0.03084
15	76	0.030789
61	84	0.030727
28	42	0.0307
28	77	0.030535
27	62	0.030118
15	62	0.030084
28	49	0.029997
77	93	0.029991
28	106	0.029896
27	76	0.029881
77	84	0.029848
27	77	0.029671
76	93	0.02898
76	84	0.028945
28	56	0.028932
28	62	0.028728
28	76	0.027547
15	93	0.02657
15	84	0.026533