#==========================================================================
# The first and second rows contain site pairs (i, j) such that j > i
# The third row contains coevolutionary scores obtained 
# using PSICOV algorithm.
# Note that in this data sites are counted/labelled starting from 1
#==========================================================================
22	23	0.90394
50	51	0.903583
7	8	0.888907
25	26	0.869415
38	39	0.866451
15	16	0.862311
54	55	0.845725
3	4	0.807014
42	43	0.649021
45	46	0.622407
10	11	0.618316
18	19	0.488972
33	34	0.429148
28	29	0.423668
13	43	0.38138
30	31	0.298656
21	35	0.240852
6	7	0.233517
14	40	0.22822
23	32	0.226052
51	52	0.220122
47	48	0.213951
41	42	0.209989
6	52	0.203134
8	50	0.200318
12	44	0.193807
48	49	0.180883
5	6	0.17727
32	33	0.175906
26	27	0.175903
2	56	0.173117
24	31	0.16887
16	38	0.156996
2	3	0.150516
3	55	0.150049
9	10	0.149218
20	36	0.14448
17	18	0.142224
4	54	0.141737
10	48	0.139841
22	34	0.133168
4	5	0.127413
15	39	0.124221
45	47	0.122462
19	37	0.12149
35	36	0.119753
37	38	0.119375
9	11	0.118376
18	20	0.114999
43	44	0.107576
24	25	0.107424
5	7	0.106937
11	13	0.105395
55	56	0.103667
39	40	0.098492
19	20	0.097601
52	53	0.09756
17	21	0.095987
43	45	0.087915
54	56	0.087741
49	50	0.087643
46	47	0.085237
29	32	0.084491
12	13	0.083377
36	37	0.083147
16	17	0.082638
31	32	0.079733
33	35	0.079683
32	37	0.077951
15	17	0.077751
11	14	0.077182
24	27	0.07685
21	22	0.076407
5	9	0.075998
40	42	0.075964
10	12	0.075723
8	9	0.075457
42	47	0.074935
40	41	0.074416
25	30	0.074402
27	28	0.074118
7	9	0.074078
20	21	0.07405
1	2	0.073662
5	53	0.072911
14	15	0.07257
53	54	0.070383
2	5	0.070051
25	27	0.070036
47	49	0.069911
24	26	0.068493
13	14	0.068119
27	29	0.067468
39	41	0.067276
53	55	0.066598
17	19	0.065966
34	35	0.065803
3	5	0.065567
8	10	0.065237
4	9	0.065154
31	33	0.064588
17	20	0.064043
48	50	0.063947
16	20	0.063631
19	21	0.063613
9	14	0.063447
20	26	0.062896
8	11	0.062839
33	47	0.061338
4	7	0.061255
1	4	0.061135
28	32	0.060804
14	16	0.060449
1	3	0.060183
7	11	0.060148
3	6	0.060026
5	11	0.059865
6	9	0.059654
34	40	0.058738
23	30	0.058661
15	18	0.058597
33	42	0.058568
42	45	0.058562
1	5	0.058167
20	24	0.058074
8	13	0.058054
12	17	0.057802
2	4	0.057799
9	13	0.057552
51	53	0.057424
9	12	0.057009
47	51	0.056944
6	11	0.056768
47	54	0.056685
32	34	0.056671
49	51	0.056555
2	6	0.056199
44	45	0.056157
4	6	0.056008
2	18	0.05547
3	12	0.055308
44	46	0.055257
14	17	0.055186
36	41	0.055108
34	41	0.055035
18	21	0.054985
23	24	0.05487
11	18	0.054637
49	53	0.054603
26	30	0.05444
1	18	0.054056
34	36	0.054025
2	10	0.053917
4	21	0.053903
1	14	0.053827
33	36	0.053763
27	31	0.053577
1	7	0.053327
11	12	0.053199
29	30	0.053066
17	25	0.05303
23	27	0.053018
24	30	0.052982
1	15	0.052758
21	24	0.052707
53	56	0.052567
6	44	0.052516
26	29	0.052514
6	8	0.052512
9	49	0.052339
1	20	0.052249
11	16	0.052036
21	34	0.051869
36	38	0.051786
25	29	0.051594
8	12	0.051499
21	26	0.051402
4	17	0.051401
14	44	0.051372
10	15	0.051344
20	23	0.051265
21	36	0.051251
22	31	0.051062
10	44	0.051051
11	21	0.051044
17	24	0.050923
1	53	0.050912
24	32	0.050907
7	14	0.050899
1	41	0.05083
30	37	0.050817
1	44	0.050792
1	56	0.050783
1	49	0.050768
1	37	0.050754
3	10	0.05075
1	36	0.050735
1	30	0.050724
1	12	0.050707
1	27	0.050697
14	18	0.050696
1	28	0.05069
1	40	0.050641
1	35	0.050635
1	24	0.050602
1	29	0.050575
2	15	0.050552
1	52	0.05055
6	15	0.050537
41	53	0.050524
1	46	0.050499
1	17	0.050493
42	46	0.050472
44	53	0.050461
1	31	0.050458
1	48	0.050449
3	8	0.050415
1	21	0.05041
1	47	0.050405
37	53	0.050399
1	9	0.050389
1	13	0.050387
1	34	0.050371
36	53	0.050367
30	53	0.05035
30	36	0.050346
12	53	0.050322
1	19	0.050306
27	53	0.050306
28	53	0.050293
1	32	0.050293
41	44	0.050288
1	45	0.05027
41	56	0.050269
1	33	0.050256
45	53	0.050246
5	17	0.050245
41	49	0.050241
21	33	0.050231
40	53	0.050214
37	41	0.050212
35	53	0.050205
44	56	0.050185
28	30	0.05018
44	49	0.050155
30	41	0.050154
24	53	0.050149
49	56	0.050134
37	44	0.050124
12	41	0.050119
29	53	0.050106
37	56	0.050103
27	41	0.0501
28	41	0.050085
36	44	0.050083
36	39	0.050082
37	49	0.05007
30	44	0.050061
36	56	0.050061
30	56	0.050039
25	28	0.050036
14	53	0.05003
36	49	0.050027
1	6	0.050023
1	42	0.050022
30	49	0.050004
27	44	0.050003
12	56	0.050001
2	53	0.049991
35	37	0.04999
28	44	0.049987
46	53	0.049981
27	56	0.04998
35	41	0.049978
17	53	0.049972
42	49	0.049967
12	49	0.049965
28	56	0.049963
27	49	0.049944
12	37	0.049929
28	49	0.049927
31	53	0.049915
24	41	0.049912
27	37	0.049907
48	53	0.049899
28	37	0.04989
40	44	0.049884
12	36	0.049881
1	43	0.049876
35	44	0.049872
29	41	0.049859
27	36	0.049859
40	56	0.049858
12	30	0.049856
35	56	0.049846
1	54	0.049841
28	36	0.049841
1	55	0.049837
20	53	0.049835
21	53	0.049835
27	30	0.049833
47	53	0.049828
40	49	0.049819
41	52	0.049809
35	49	0.049806
24	44	0.0498
13	53	0.049799
12	27	0.049789
37	40	0.049779
1	39	0.049779
24	56	0.049773
34	53	0.049773
1	10	0.04977
12	28	0.04977
14	41	0.049768
1	38	0.049745
29	44	0.049743
24	49	0.049731
36	40	0.049726
2	41	0.049722
29	56	0.049715
14	30	0.049712
41	46	0.04971
17	41	0.049699
30	40	0.049698
9	53	0.049696
8	49	0.049692
24	37	0.049689
44	52	0.049689
1	26	0.049687
1	11	0.049686
30	35	0.049684
1	16	0.049683
29	49	0.049672
19	53	0.049666
52	56	0.04966
12	40	0.04965
1	25	0.049647
32	53	0.049645
12	35	0.049636
24	36	0.049633
31	41	0.04963
29	37	0.049629
27	40	0.049624
49	52	0.049615
14	56	0.049615
41	48	0.049611
27	35	0.049609
28	40	0.049603
2	44	0.049595
28	35	0.049588
33	53	0.049585
37	52	0.04957
29	36	0.04957
17	44	0.04957
14	49	0.049569
12	24	0.049552
46	56	0.049551
17	56	0.049538
20	41	0.049534
21	41	0.049534
41	47	0.049525
14	37	0.049523
2	49	0.049517
36	52	0.04951
46	49	0.049504
24	28	0.049502
31	44	0.049496
13	41	0.049491
17	49	0.049491
12	29	0.049487
30	52	0.049478
44	48	0.049476
2	37	0.049469
31	56	0.049463
14	36	0.049461
37	46	0.049456
35	40	0.049454
2	20	0.049452
48	56	0.049443
17	37	0.049442
12	52	0.049424
31	49	0.049413
34	37	0.049412
2	36	0.049406
27	52	0.049394
20	44	0.049393
21	44	0.049392
36	46	0.049391
18	53	0.049383
44	47	0.049383
17	36	0.049377
12	14	0.049372
2	30	0.049372
28	52	0.04937
9	41	0.049367
31	37	0.049363
24	40	0.049362
20	56	0.049358
21	56	0.049358
30	46	0.049357
47	56	0.049348
13	44	0.049345
24	35	0.049345
17	30	0.049343
14	27	0.049342
37	48	0.049341
10	14	0.049333
19	41	0.049331
14	28	0.049317
2	12	0.049314
34	44	0.049311
13	56	0.04931
32	41	0.049306
20	49	0.049306
21	49	0.049305
12	46	0.049299
31	36	0.049296
29	40	0.049289
2	27	0.049283
34	56	0.049275
36	48	0.049273
29	35	0.049272
27	46	0.049267
41	45	0.049261
2	28	0.049258
13	49	0.049256
17	27	0.049253
20	37	0.049252
21	37	0.049252
28	46	0.049242
37	47	0.049242
30	48	0.049237
33	41	0.049233
17	28	0.049227
34	49	0.049221
40	52	0.04922
9	44	0.049212
6	53	0.049205
42	53	0.049203
13	37	0.049202
35	52	0.049202
12	31	0.049199
5	41	0.049177
12	48	0.049176
9	56	0.049175
19	44	0.049173
24	29	0.049171
36	47	0.04917
32	44	0.049146
14	35	0.049144
20	30	0.049144
21	30	0.049144
27	48	0.049142
28	31	0.049139
19	56	0.049135
30	47	0.049132
13	36	0.049129
28	48	0.049115
32	56	0.049107
30	32	0.049102
2	40	0.049099
24	52	0.049097
13	30	0.04909
40	46	0.049082
2	35	0.04908
12	20	0.049079
12	21	0.049079
19	49	0.049077
33	44	0.049068
12	47	0.049068
17	40	0.049066
35	46	0.049063
9	37	0.049059
45	56	0.049058
30	34	0.049052
32	49	0.049048
17	35	0.049047
1	8	0.049045
20	27	0.049044
21	27	0.049044
14	24	0.049037
27	47	0.049032
33	56	0.049028
20	28	0.049016
21	28	0.049016
29	52	0.049015
5	44	0.049007
28	47	0.049004
45	49	0.048997
18	41	0.048992
13	27	0.048988
38	40	0.048986
12	34	0.048985
9	36	0.048982
31	40	0.048971
2	24	0.048969
33	49	0.048967
43	53	0.048966
5	56	0.048966
13	28	0.04896
14	29	0.048952
24	46	0.048952
31	35	0.048951
27	34	0.048949
40	48	0.048945
9	30	0.048941
19	36	0.048938
19	38	0.048938
37	45	0.048936
35	48	0.048925
7	10	0.048923
28	34	0.048919
2	11	0.048911
32	36	0.048908
33	37	0.048905
5	49	0.048903
1	51	0.048902
19	30	0.048897
22	29	0.048886
2	29	0.048882
14	52	0.048871
29	46	0.048864
36	45	0.048854
17	29	0.048846
5	37	0.048839
20	40	0.048839
21	40	0.048839
9	27	0.048832
40	47	0.048826
12	19	0.048825
1	50	0.04882
20	35	0.048818
30	45	0.048811
39	53	0.048808
18	44	0.048807
24	48	0.048807
35	47	0.048805
9	28	0.048801
2	52	0.048799
10	53	0.048795
12	32	0.048794
19	27	0.048786
46	52	0.04878
13	40	0.048778
6	41	0.048778
30	33	0.048778
18	56	0.048762
17	52	0.048762
13	35	0.048757
19	28	0.048755
27	32	0.048754
5	36	0.048754
38	53	0.048753
29	31	0.048742
12	45	0.048737
2	14	0.04873
29	48	0.048714
14	46	0.048711
5	30	0.048709
12	33	0.048703
27	45	0.048696
18	49	0.048694
24	47	0.048681
28	45	0.048664
27	33	0.048662
26	53	0.048659
11	53	0.048658
31	52	0.048654
16	53	0.048654
2	46	0.048634
5	12	0.048632
13	24	0.04863
28	33	0.048629
18	37	0.048625
48	52	0.048625
2	17	0.048615
10	13	0.048612
9	40	0.048608
20	29	0.048597
21	29	0.048597
25	53	0.048595
17	46	0.048595
5	27	0.04859
9	35	0.048585
24	34	0.048584
29	47	0.048583
14	31	0.048582
42	44	0.048575
19	40	0.048558
5	28	0.048556
14	48	0.048552
19	35	0.048534
18	36	0.048533
13	29	0.048531
6	56	0.048528
42	56	0.048526
15	53	0.048525
8	14	0.048524
32	40	0.048523
3	53	0.04851
20	52	0.048504
21	52	0.048504
2	31	0.048501
32	35	0.048499
3	46	0.048494
41	43	0.048492
1	22	0.048491
47	52	0.04849
18	30	0.048484
29	34	0.048483
31	46	0.04848
2	48	0.04847
1	23	0.04847
40	45	0.04846
17	31	0.04846
6	49	0.048454
9	24	0.04845
46	48	0.048449
35	45	0.048436
13	52	0.048436
17	48	0.048429
14	20	0.048428
14	21	0.048428
41	54	0.048425
33	40	0.048423
18	26	0.048416
41	55	0.048416
14	47	0.048413
12	18	0.048401
19	24	0.048397
34	52	0.048387
6	37	0.048379
37	42	0.048376
21	25	0.048366
18	27	0.048355
5	40	0.048345
9	29	0.048344
2	21	0.048343
2	47	0.048328
4	53	0.048326
20	46	0.048321
21	46	0.048321
5	35	0.048319
18	28	0.048319
31	48	0.048308
14	34	0.048308
24	45	0.048294
19	29	0.04829
10	41	0.048287
17	47	0.048284
6	36	0.048278
36	42	0.048276
2	13	0.048271
20	34	0.048258
24	33	0.048255
29	45	0.048254
52	55	0.048251
13	46	0.048248
25	31	0.048243
9	52	0.048243
38	41	0.048237
13	17	0.048226
6	30	0.048225
30	42	0.048223
2	34	0.048219
43	56	0.048214
44	54	0.048197
34	46	0.048196
44	55	0.048188
19	52	0.048187
17	34	0.048173
20	31	0.048173
21	31	0.048173
5	24	0.048172
31	47	0.048157
6	10	0.048152
32	52	0.048147
29	33	0.048142
20	48	0.048139
21	48	0.048139
6	12	0.048134
43	49	0.048132
12	42	0.048132
26	41	0.048125
11	41	0.048124
16	41	0.048119
14	19	0.048102
13	31	0.048097
18	40	0.048089
6	27	0.048085
27	42	0.048082
45	52	0.048076
2	9	0.048067
39	44	0.048065
14	32	0.048062
18	35	0.048062
13	48	0.048062
49	54	0.048057
5	29	0.048056
37	43	0.048049
25	41	0.048049
49	55	0.048047
6	28	0.048045
9	46	0.048043
28	42	0.048042
31	34	0.048042
33	52	0.048034
9	17	0.04802
39	56	0.048008
2	19	0.048007
34	48	0.048006
38	44	0.047995
10	56	0.047991
14	45	0.047989
19	46	0.047983
20	47	0.04798
21	47	0.04798
37	54	0.047972
2	32	0.047966
15	41	0.047964
37	55	0.047962
3	41	0.047946
14	33	0.047945
5	52	0.047945
32	46	0.047941
36	43	0.047937
38	56	0.047936
39	49	0.04792
17	32	0.047917
13	20	0.047916
13	21	0.047916
10	49	0.047902
18	24	0.047902
13	47	0.047899
2	45	0.047891
9	31	0.047882
30	43	0.047878
26	44	0.047874
11	44	0.047873
16	44	0.047867
36	54	0.047858
5	14	0.047855
13	25	0.047853
36	55	0.047847
38	49	0.047846
2	33	0.047846
9	48	0.047844
17	45	0.047841
34	47	0.047841
37	39	0.047831
33	46	0.04782
19	31	0.047819
10	37	0.047813
26	56	0.047813
11	56	0.047812
16	56	0.047806
30	54	0.047798
17	33	0.047796
6	40	0.047795
25	44	0.047792
30	55	0.047787
19	48	0.047781
12	43	0.047777
18	29	0.047777
13	34	0.047775
6	35	0.047765
35	42	0.047762
32	48	0.047736
25	56	0.047729
5	46	0.047726
4	41	0.047726
27	43	0.047722
26	49	0.04772
11	49	0.047719
16	49	0.047713
15	44	0.047701
31	45	0.047696
12	54	0.047694
10	36	0.047694
9	20	0.04769
9	21	0.04769
12	55	0.047684
3	44	0.047681
28	43	0.047678
9	47	0.047671
7	53	0.047666
45	48	0.047657
18	52	0.047657
30	39	0.04765
27	54	0.047638
15	56	0.047637
25	49	0.047634
10	30	0.047631
18	25	0.047629
27	55	0.047627
26	37	0.047626
11	37	0.047625
8	53	0.047624
22	35	0.047624
16	37	0.047619
3	56	0.047617
33	48	0.047609
19	47	0.047605
28	54	0.047593
6	24	0.047592
24	42	0.047589
28	55	0.047582
20	32	0.047577
21	32	0.047577
30	38	0.047571
32	47	0.047558
5	31	0.04755
12	39	0.047543
15	49	0.047539
9	34	0.047539
25	37	0.047538
13	19	0.047534
3	49	0.047519
16	30	0.047512
5	48	0.047509
26	36	0.0475
11	36	0.0475
20	45	0.047494
21	45	0.047494
16	36	0.047493
13	32	0.047487
27	39	0.047484
47	55	0.047477
19	34	0.04747
10	27	0.047464
12	38	0.047461
6	29	0.047455
44	51	0.047453
29	42	0.047452
4	44	0.047445
20	33	0.047444
15	37	0.047441
28	39	0.047437
11	30	0.047434
3	37	0.047421
18	46	0.04742
10	28	0.047417
25	36	0.04741
19	39	0.047409
13	45	0.047402
40	43	0.047402
27	38	0.047401
4	56	0.047376
35	43	0.047369
28	38	0.047354
13	33	0.047351
5	20	0.047341
5	21	0.04734
34	45	0.047336
42	52	0.047321
12	26	0.047321
5	47	0.04732
12	16	0.047314
4	13	0.047312
40	54	0.04731
15	36	0.047309
40	55	0.047298
23	34	0.047297
3	36	0.047288
9	19	0.047283
35	54	0.047277
4	49	0.047272
35	55	0.047264
50	53	0.047264
11	27	0.047258
16	27	0.047252
5	13	0.047245
15	30	0.04724
9	32	0.047233
18	31	0.047229
12	25	0.047226
3	30	0.047219
6	14	0.047218
14	42	0.047215
26	28	0.04721
11	28	0.047209
16	28	0.047202
18	48	0.047185
24	43	0.047176
5	34	0.047176
4	37	0.047167
20	22	0.047165
19	32	0.047159
9	45	0.047142
10	40	0.047121
12	15	0.047121
35	39	0.047108
2	42	0.047095
9	33	0.047088
10	35	0.047086
24	54	0.04708
24	55	0.047067
6	46	0.047067
19	45	0.047067
15	27	0.047056
6	17	0.047037
3	27	0.047034
17	42	0.047034
4	36	0.047027
29	43	0.047025
35	38	0.047017
32	45	0.047013
19	33	0.047011
15	28	0.047005
3	28	0.046982
18	47	0.04698
32	39	0.046966
4	30	0.046953
7	41	0.046939
29	54	0.046925
29	55	0.046912
24	39	0.046903
26	40	0.046899
13	18	0.046898
11	40	0.046898
5	19	0.046896
16	40	0.046891
8	41	0.04689
43	52	0.046881
10	24	0.04688
26	35	0.046862
33	45	0.046861
11	35	0.046861
6	31	0.04686
31	42	0.046856
16	35	0.046853
5	32	0.046841
22	24	0.046841
4	12	0.046826
18	34	0.046824
6	48	0.046812
24	38	0.046808
42	48	0.046808
25	40	0.046795
52	54	0.046778
14	43	0.046763
4	27	0.046757
25	35	0.046757
9	18	0.046744
5	45	0.046743
29	39	0.046742
22	53	0.046738
10	29	0.046719
4	28	0.046702
5	33	0.046683
15	40	0.046679
14	54	0.046657
3	40	0.046654
11	24	0.046645
29	38	0.046644
14	55	0.046643
15	35	0.04664
16	24	0.046637
2	43	0.04663
41	51	0.046617
3	35	0.046615
6	20	0.046613
6	21	0.046613
20	42	0.046609
21	42	0.046609
7	44	0.046599
43	46	0.046596
6	47	0.046589
39	52	0.046589
10	52	0.046565
17	43	0.046563
23	53	0.046559
8	44	0.046546
2	54	0.046521
7	56	0.046516
2	55	0.046507
6	13	0.046501
13	42	0.046497
38	52	0.046488
46	54	0.046486
11	29	0.046475
46	55	0.046472
16	29	0.046467
14	39	0.046464
18	32	0.046462
8	56	0.046462
41	50	0.046461
17	54	0.046453
17	55	0.046438
6	34	0.04642
34	42	0.046416
15	24	0.046414
7	49	0.046391
3	24	0.046388
31	43	0.046367
14	38	0.04636
18	45	0.046356
4	40	0.046354
2	39	0.046323
26	52	0.046314
43	48	0.046314
11	52	0.046313
4	35	0.046312
16	52	0.046305
18	33	0.046292
39	46	0.046286
7	37	0.046264
10	46	0.04626
31	54	0.046253
17	39	0.046251
31	55	0.046238
15	29	0.046236
10	17	0.046225
2	38	0.046216
3	29	0.046209
8	37	0.046207
48	54	0.046198
25	52	0.046197
48	55	0.046183
14	26	0.046182
9	42	0.04618
38	46	0.046179
15	25	0.046176
51	56	0.046165
5	18	0.046158
17	38	0.046143
7	36	0.046094
20	43	0.046094
21	43	0.046094
6	19	0.046092
19	42	0.046088
44	50	0.046086
8	17	0.046077
4	24	0.046071
43	47	0.046068
15	52	0.046066
14	25	0.046062
31	39	0.046043
3	52	0.046039
8	36	0.046036
2	26	0.046033
6	32	0.046028
2	16	0.046023
32	42	0.046023
10	31	0.046016
7	30	0.046005
50	56	0.045995
26	46	0.045995
11	46	0.045993
39	48	0.045986
16	46	0.045985
20	54	0.045974
21	54	0.045974
20	55	0.045958
21	55	0.045958
17	26	0.045957
11	17	0.045956
8	30	0.045946
31	38	0.045931
6	45	0.045912
2	25	0.045909
3	14	0.0459
37	51	0.045895
4	29	0.045882
34	43	0.045881
38	48	0.045873
25	46	0.04587
7	12	0.045852
13	54	0.045847
6	33	0.045842
22	41	0.045837
13	55	0.045831
7	27	0.045769
34	54	0.045756
20	39	0.045754
21	39	0.045753
34	55	0.045739
26	31	0.045738
11	31	0.045737
15	46	0.045732
16	31	0.045728
39	47	0.045726
10	20	0.045725
10	21	0.045725
37	50	0.045717
36	51	0.045714
8	27	0.045707
7	28	0.045702
4	52	0.045701
10	47	0.045697
5	42	0.045693
26	48	0.045678
11	48	0.045677
4	11	0.045673
16	48	0.045668
3	17	0.045664
8	28	0.04564
20	38	0.045636
21	38	0.045635
23	41	0.045624
13	39	0.045622
9	43	0.045621
30	51	0.045619
23	37	0.045613
38	47	0.045607
4	14	0.045554
25	48	0.045547
7	17	0.045543
36	50	0.04553
34	39	0.045527
19	43	0.045519
13	38	0.045501
10	34	0.045498
9	54	0.04549
9	55	0.045473
15	31	0.045464
12	51	0.045455
32	43	0.045447
3	31	0.045434
11	20	0.045432
30	50	0.045431
16	21	0.045422
22	44	0.045416
34	38	0.045404
26	47	0.045403
11	47	0.045402
15	48	0.045401
16	47	0.045393
19	54	0.045386
3	48	0.045371
19	55	0.045369
27	51	0.045366
4	46	0.045345
22	56	0.045314
32	54	0.045313
20	25	0.045296
32	55	0.045296
28	51	0.045295
13	26	0.045294
7	40	0.045284
13	16	0.045283
25	47	0.045266
12	50	0.045263
9	39	0.045251
16	25	0.045244
33	43	0.045243
7	35	0.045234
6	18	0.045228
18	42	0.045223
8	40	0.045217
26	34	0.045194
11	34	0.045193
23	44	0.045187
16	34	0.045183
45	54	0.045183
27	50	0.045171
4	8	0.045169
8	35	0.045167
45	55	0.045165
22	49	0.045159
15	20	0.045145
15	21	0.045144
9	38	0.045123
15	47	0.045114
3	20	0.045113
3	21	0.045112
10	19	0.045112
33	54	0.045105
28	50	0.045098
33	55	0.045086
5	43	0.045084
23	56	0.045082
3	47	0.045082
4	31	0.045059
25	34	0.045052
10	32	0.045036
22	37	0.045003
13	15	0.044999
4	48	0.044993
11	25	0.044982
11	15	0.044978
3	13	0.044966
5	8	0.04495
7	24	0.044944
5	54	0.044942
4	10	0.044938
32	38	0.044936
39	45	0.044932
5	55	0.044923
23	49	0.044921
9	26	0.044903
10	45	0.0449
15	34	0.044895
9	16	0.044892
8	24	0.044874
3	34	0.044862
33	39	0.044851
40	51	0.044848
10	33	0.044818
38	45	0.044798
35	51	0.044795
22	36	0.044793
19	26	0.044789
11	19	0.044788
16	19	0.044778
9	25	0.044755
4	20	0.044719
7	29	0.044717
33	38	0.044715
26	32	0.04471
11	32	0.044708
16	32	0.044698
4	47	0.044686
6	42	0.044685
22	30	0.044684
5	39	0.044682
5	10	0.044649
8	29	0.044644
19	25	0.044639
40	50	0.044638
9	15	0.044591
35	50	0.044583
26	45	0.044567
18	43	0.044566
11	45	0.044566
25	32	0.044558
3	9	0.044556
16	45	0.044555
5	38	0.044543
23	36	0.044542
7	18	0.044509
7	52	0.0445
12	22	0.044495
24	51	0.044486
26	33	0.044482
11	33	0.04448
15	19	0.044472
16	33	0.044469
4	34	0.044453
3	19	0.044437
8	52	0.044425
18	54	0.044413
25	45	0.044412
18	55	0.044393
22	27	0.044392
15	32	0.044389
3	32	0.044353
25	33	0.044325
22	28	0.044311
5	26	0.044304
5	16	0.044292
24	50	0.044264
29	51	0.044243
15	45	0.04424
12	23	0.044233
3	45	0.044203
15	33	0.04415
5	25	0.044143
18	39	0.044133
2	7	0.044125
3	33	0.044114
10	18	0.044098
7	46	0.044073
2	8	0.044046
23	28	0.044043
29	50	0.044014
4	19	0.044004
8	46	0.043994
18	38	0.043984
6	43	0.043974
5	15	0.043965
4	32	0.043915
21	23	0.043834
14	51	0.043824
6	54	0.043809
42	54	0.043803
22	40	0.043797
6	55	0.043787
42	55	0.043781
50	52	0.043776
4	45	0.043757
7	31	0.043732
16	18	0.043713
8	15	0.0437
4	33	0.043662
7	48	0.043652
8	31	0.043649
2	51	0.043612
14	50	0.043582
8	48	0.043569
46	51	0.043558
23	40	0.043511
6	39	0.043507
17	51	0.043505
39	42	0.043501
10	42	0.043462
22	33	0.04345
23	35	0.043447
2	50	0.043365
6	38	0.043345
38	42	0.043339
7	20	0.043326
7	21	0.043325
3	18	0.043321
46	50	0.043308
7	47	0.043287
17	50	0.043254
8	20	0.043239
8	21	0.043239
8	47	0.043199
31	51	0.043194
7	13	0.043141
48	51	0.043109
22	32	0.043082
6	26	0.043068
26	42	0.043061
11	42	0.043059
6	16	0.043053
16	42	0.043047
7	34	0.043009
43	54	0.043007
43	55	0.042983
31	50	0.042934
8	34	0.042919
6	25	0.042881
25	42	0.042875
22	52	0.042837
4	18	0.042825
23	29	0.042792
20	51	0.042762
21	51	0.042761
39	43	0.042675
15	42	0.042667
10	43	0.042633
3	42	0.042624
14	22	0.042621
13	51	0.042566
23	52	0.042518
38	43	0.042498
20	50	0.04249
21	50	0.042489
39	54	0.042484
9	50	0.042479
7	19	0.042474
39	55	0.042459
47	50	0.042447
10	54	0.04244
34	51	0.042425
10	55	0.042415
2	22	0.042379
8	19	0.042379
7	32	0.042369
22	46	0.042317
38	54	0.042303
14	23	0.042295
13	50	0.042288
38	55	0.042277
8	32	0.042272
17	22	0.042256
26	43	0.042195
11	43	0.042193
7	45	0.042181
16	43	0.042179
34	50	0.042143
10	39	0.042089
4	42	0.042089
8	45	0.042083
7	33	0.042068
2	23	0.042045
8	18	0.042036
9	51	0.042016
26	54	0.041993
11	54	0.041991
25	43	0.04199
23	46	0.04198
16	54	0.041977
8	33	0.041969
26	55	0.041967
11	55	0.041965
16	55	0.041951
17	23	0.041918
10	38	0.041901
19	51	0.041856
22	48	0.041804
25	54	0.041785
15	43	0.041764
25	55	0.041758
32	51	0.041745
3	43	0.041716
26	39	0.041626
11	39	0.041624
16	39	0.041609
10	26	0.041579
10	16	0.041562
19	50	0.041558
15	54	0.041554
23	31	0.041551
45	51	0.041545
15	55	0.041527
3	54	0.041506
23	48	0.041451
32	50	0.041443
26	38	0.041429
11	38	0.041427
33	51	0.041425
25	39	0.04141
10	25	0.041362
22	47	0.04136
45	50	0.041238
25	38	0.04121
13	22	0.041184
5	51	0.041177
4	43	0.041132
3	39	0.041121
33	50	0.041115
11	26	0.041091
16	26	0.041076
23	25	0.041019
23	47	0.040992
15	38	0.040967
3	38	0.040916
4	55	0.040881
5	50	0.04086
13	23	0.04081
15	26	0.040617
3	26	0.040565
3	11	0.040562
9	22	0.040559
3	16	0.040546
4	39	0.040505
23	26	0.04038
19	22	0.040377
18	51	0.040374
3	25	0.040329
4	38	0.040289
22	25	0.04023
7	42	0.040208
9	23	0.040165
8	42	0.040092
3	15	0.040067
18	50	0.040036
22	45	0.040023
19	23	0.039978
4	26	0.039919
4	16	0.0399
4	25	0.039671
23	45	0.039613
5	22	0.039606
23	33	0.039473
6	51	0.039464
42	51	0.039454
4	15	0.039397
23	42	0.03937
5	23	0.039183
6	50	0.039101
42	50	0.039092
7	43	0.039085
8	43	0.038958
7	54	0.038825
7	55	0.038791
18	22	0.038698
8	54	0.038697
18	23	0.03868
8	55	0.038662
7	39	0.038352
7	16	0.038269
43	51	0.038267
8	39	0.03822
7	38	0.0381
51	54	0.037993
8	38	0.037965
51	55	0.037957
43	50	0.037875
6	22	0.037672
7	26	0.03767
22	42	0.037662
50	54	0.037594
50	55	0.037557
8	26	0.037532
8	16	0.037509
39	51	0.037494
10	51	0.037431
7	25	0.037382
8	25	0.037241
38	51	0.037229
6	23	0.037192
11	22	0.037136
39	50	0.037083
7	15	0.037063
10	50	0.037018
3	7	0.036996
38	50	0.036811
26	51	0.036776
11	51	0.036773
16	51	0.036752
7	51	0.036654
25	51	0.036472
26	50	0.036347
11	50	0.036344
22	43	0.03633
16	50	0.036323
15	51	0.036137
3	51	0.036067
25	50	0.036037
22	54	0.036024
22	55	0.035984
23	43	0.035813
15	50	0.035694
3	50	0.035622
23	54	0.035498
22	39	0.035467
23	55	0.035457
10	22	0.035396
4	51	0.035207
22	38	0.035171
23	39	0.034927
10	23	0.034854
4	50	0.034743
22	26	0.034668
16	22	0.034641
23	38	0.034623
11	23	0.034103
16	23	0.03408
15	22	0.033959
3	22	0.033881
15	23	0.033381
3	23	0.033301
4	22	0.032931
4	23	0.032329
8	51	0.032086
7	50	0.031741
7	22	0.029711
8	22	0.029518
7	23	0.029042
8	23	0.028845
22	51	0.028471
22	50	0.027884
23	51	0.027779
23	50	0.027183