#==========================================================================
# The first and second rows contain site pairs (i, j) such that j > i
# The third row contains coevolutionary scores obtained 
# using PSICOV algorithm.
# Note that in this data sites are counted/labelled starting from 1
#==========================================================================
45	52	0.893859
41	56	0.882723
43	54	0.875221
44	53	0.873318
42	55	0.734414
40	57	0.687888
49	54	0.607872
17	27	0.578272
41	64	0.5718
56	64	0.571796
7	12	0.507284
10	38	0.495739
33	35	0.445674
14	30	0.445655
15	29	0.400272
43	49	0.368041
13	49	0.355655
22	30	0.353937
42	49	0.348568
1	43	0.33091
23	30	0.320318
12	30	0.31984
55	64	0.319172
44	52	0.318726
44	45	0.318723
14	29	0.318698
20	51	0.305307
20	48	0.305297
46	48	0.305296
20	46	0.30529
46	51	0.305289
48	51	0.305283
1	54	0.305239
57	63	0.301821
40	63	0.30182
15	49	0.294094
7	49	0.293779
35	49	0.280982
35	38	0.265165
10	35	0.265162
12	37	0.257001
12	31	0.253975
12	55	0.252823
14	37	0.238469
23	49	0.236838
22	41	0.231715
22	56	0.231714
43	53	0.228269
14	15	0.226774
34	55	0.2221
30	37	0.221843
12	14	0.219822
34	49	0.207859
7	58	0.205906
45	63	0.205497
52	63	0.205496
15	53	0.205194
17	37	0.203812
27	37	0.203805
1	20	0.197682
1	48	0.197678
1	51	0.197677
1	46	0.197675
54	58	0.182139
13	31	0.180334
10	27	0.179225
27	38	0.179213
10	17	0.179213
17	38	0.17921
29	30	0.177281
30	33	0.174182
35	44	0.171235
14	31	0.169863
34	54	0.168904
52	57	0.168757
45	57	0.168756
40	45	0.16875
40	52	0.168748
53	54	0.168589
29	42	0.167888
29	55	0.16426
22	44	0.162476
14	33	0.162278
34	43	0.159597
13	52	0.155662
13	45	0.155655
30	53	0.153384
41	57	0.15185
56	57	0.151843
40	41	0.151841
40	56	0.15184
23	40	0.150981
23	57	0.15097
1	13	0.146891
34	53	0.146737
13	23	0.14634
45	54	0.146059
52	54	0.146058
41	43	0.145828
43	56	0.145825
22	42	0.145084
31	55	0.143923
1	31	0.14379
35	42	0.138366
7	15	0.137278
41	49	0.135919
49	56	0.135918
23	42	0.135812
43	45	0.135068
43	52	0.135066
34	44	0.134102
42	44	0.130608
29	37	0.129038
22	54	0.128655
55	56	0.127441
41	55	0.12744
12	33	0.124647
15	44	0.12444
14	22	0.123623
17	29	0.12299
27	29	0.122986
30	58	0.122385
7	13	0.115752
23	43	0.115634
13	40	0.114146
13	57	0.114139
23	41	0.113508
23	56	0.113508
30	31	0.113197
15	55	0.111498
13	33	0.111385
13	63	0.111223
55	58	0.110629
54	56	0.110252
41	54	0.110252
15	22	0.109967
14	23	0.10982
13	54	0.109756
7	34	0.10583
45	56	0.104768
41	45	0.104767
52	56	0.104766
41	52	0.104766
35	56	0.104208
35	41	0.104208
14	42	0.103702
22	33	0.102993
34	64	0.102403
35	55	0.102397
54	64	0.102387
30	56	0.102309
30	41	0.102306
52	64	0.101786
45	64	0.101784
33	38	0.101704
10	33	0.101703
43	44	0.101348
7	29	0.100948
34	52	0.100199
34	45	0.100198
31	33	0.099725
53	57	0.099336
40	53	0.099334
12	29	0.099167
7	45	0.098661
7	52	0.098655
7	14	0.097405
43	57	0.097208
40	43	0.097207
22	34	0.095953
22	58	0.09566
12	23	0.094248
7	38	0.09366
7	10	0.093659
44	57	0.093618
40	44	0.093616
31	35	0.093463
30	34	0.093257
1	66	0.092835
1	67	0.092834
1	3	0.092834
1	2	0.092832
49	58	0.092455
45	53	0.092144
52	53	0.092143
52	58	0.091676
45	58	0.091675
23	31	0.091212
23	29	0.091188
13	58	0.090971
13	53	0.09089
42	54	0.090794
66	67	0.090667
3	67	0.090666
3	66	0.090666
2	66	0.090666
2	67	0.090666
2	3	0.090666
43	64	0.089364
34	57	0.088935
34	40	0.088933
14	27	0.088678
14	17	0.088676
30	44	0.088359
13	34	0.087873
13	14	0.087072
14	54	0.085228
17	43	0.085009
27	43	0.085005
53	56	0.08457
41	53	0.084569
10	12	0.084373
12	38	0.084366
17	30	0.08429
27	30	0.084289
12	63	0.084197
12	27	0.083848
12	17	0.083842
53	63	0.083816
31	57	0.083668
31	40	0.083664
1	44	0.082587
29	45	0.081858
29	52	0.081855
10	14	0.081649
14	38	0.081642
53	64	0.081504
53	58	0.081476
17	54	0.0814
27	54	0.081396
42	43	0.080849
23	37	0.080775
13	44	0.080754
14	55	0.079372
44	63	0.079159
7	35	0.079143
14	35	0.078278
10	30	0.077573
30	38	0.07757
8	16	0.077494
47	50	0.077494
47	59	0.077493
9	16	0.077492
39	59	0.077492
6	39	0.077492
6	61	0.077492
39	50	0.077491
6	47	0.077491
39	60	0.07749
6	28	0.07749
4	61	0.07749
5	39	0.07749
4	39	0.07749
50	59	0.07749
8	28	0.07749
36	50	0.07749
4	65	0.07749
9	61	0.07749
36	59	0.07749
24	32	0.07749
9	65	0.07749
36	47	0.07749
8	61	0.07749
8	9	0.077489
59	65	0.077489
19	61	0.077489
39	47	0.077489
25	61	0.077489
6	65	0.077489
18	32	0.077489
16	28	0.077489
8	65	0.077489
62	65	0.077489
9	28	0.077489
6	59	0.077489
4	47	0.077489
19	32	0.077489
5	61	0.077488
11	28	0.077488
6	36	0.077488
4	28	0.077488
59	62	0.077488
47	65	0.077488
39	62	0.077488
5	28	0.077488
16	18	0.077488
11	61	0.077488
4	59	0.077488
5	47	0.077488
47	62	0.077488
11	32	0.077488
36	60	0.077488
4	36	0.077488
8	18	0.077488
5	36	0.077488
47	60	0.077487
61	65	0.077487
5	65	0.077487
25	62	0.077487
18	26	0.077487
25	60	0.077487
19	62	0.077487
6	60	0.077487
36	62	0.077487
11	16	0.077487
36	39	0.077487
59	60	0.077487
21	61	0.077487
24	61	0.077487
9	18	0.077487
26	32	0.077486
8	11	0.077486
16	21	0.077486
11	65	0.077486
6	32	0.077486
16	26	0.077486
11	39	0.077486
18	25	0.077486
32	47	0.077486
6	50	0.077486
21	32	0.077486
5	59	0.077486
4	62	0.077486
39	61	0.077486
9	60	0.077485
18	28	0.077485
8	25	0.077485
4	60	0.077485
25	50	0.077485
8	19	0.077485
26	61	0.077485
28	65	0.077485
19	60	0.077485
16	61	0.077485
9	25	0.077485
28	62	0.077485
60	65	0.077485
6	62	0.077485
21	28	0.077485
9	11	0.077485
5	32	0.077485
28	61	0.077485
21	26	0.077485
16	25	0.077485
8	60	0.077485
21	62	0.077485
24	26	0.077485
11	25	0.077485
8	21	0.077485
24	62	0.077485
19	65	0.077484
4	25	0.077484
28	32	0.077484
19	28	0.077484
11	26	0.077484
4	32	0.077484
24	47	0.077484
36	61	0.077484
59	61	0.077484
8	47	0.077484
9	21	0.077484
28	50	0.077484
8	26	0.077484
18	60	0.077484
9	32	0.077484
18	21	0.077484
5	25	0.077484
26	60	0.077484
4	8	0.077484
28	60	0.077484
24	50	0.077484
25	32	0.077484
19	26	0.077484
50	60	0.077484
26	62	0.077484
21	24	0.077484
16	24	0.077484
24	60	0.077483
24	28	0.077483
19	39	0.077483
25	47	0.077483
18	39	0.077483
25	26	0.077483
5	60	0.077483
16	32	0.077483
39	65	0.077483
19	47	0.077483
9	62	0.077483
32	50	0.077483
47	61	0.077483
11	36	0.077483
18	24	0.077483
32	36	0.077483
8	62	0.077483
25	59	0.077483
9	26	0.077483
18	61	0.077483
4	26	0.077483
26	50	0.077483
19	59	0.077483
8	32	0.077483
16	19	0.077483
25	65	0.077483
9	19	0.077483
11	60	0.077483
5	16	0.077483
21	60	0.077483
4	9	0.077482
5	8	0.077482
5	26	0.077482
28	59	0.077482
21	25	0.077482
24	36	0.077482
19	50	0.077482
36	65	0.077482
26	39	0.077482
6	25	0.077482
9	47	0.077482
50	62	0.077482
5	62	0.077482
24	39	0.077482
24	25	0.077482
11	47	0.077482
61	62	0.077482
18	65	0.077482
18	36	0.077482
5	9	0.077482
11	21	0.077482
9	59	0.077482
8	59	0.077482
8	39	0.077482
16	65	0.077482
4	16	0.077482
4	50	0.077482
19	25	0.077481
19	36	0.077481
32	60	0.077481
26	36	0.077481
5	50	0.077481
4	5	0.077481
16	60	0.077481
6	26	0.077481
9	39	0.077481
8	24	0.077481
9	24	0.077481
60	62	0.077481
50	65	0.077481
11	62	0.077481
26	65	0.077481
32	62	0.077481
6	16	0.077481
24	65	0.077481
26	59	0.077481
24	59	0.077481
16	62	0.077481
11	59	0.077481
19	21	0.077481
6	8	0.07748
8	36	0.07748
32	39	0.07748
26	47	0.07748
19	24	0.07748
28	47	0.07748
4	6	0.07748
25	28	0.07748
9	36	0.07748
32	61	0.07748
25	36	0.07748
26	28	0.07748
21	50	0.077479
21	59	0.077479
4	11	0.077479
25	39	0.077479
4	19	0.077479
6	9	0.077479
18	62	0.077479
11	24	0.077479
18	47	0.077479
21	36	0.077479
4	21	0.077479
28	36	0.077479
11	18	0.077479
5	21	0.077478
16	47	0.077478
11	50	0.077478
18	59	0.077478
50	61	0.077478
28	39	0.077478
5	19	0.077478
21	39	0.077478
9	50	0.077478
8	50	0.077478
4	24	0.077478
21	65	0.077478
60	61	0.077478
18	50	0.077478
5	11	0.077477
11	19	0.077477
5	24	0.077477
32	59	0.077477
21	47	0.077477
4	18	0.077477
5	18	0.077477
18	19	0.077477
32	65	0.077477
6	21	0.077476
5	6	0.077476
16	39	0.077475
6	24	0.077475
16	59	0.077475
16	36	0.077475
6	11	0.077474
6	19	0.077474
16	50	0.077474
6	18	0.077474
7	54	0.077376
35	43	0.077271
44	56	0.07677
41	44	0.076768
17	20	0.076547
17	46	0.076546
27	48	0.076545
27	51	0.076544
17	51	0.076544
17	48	0.076544
27	46	0.076543
20	27	0.076539
23	33	0.07648
53	55	0.07632
7	31	0.075685
22	52	0.075329
22	45	0.075327
33	51	0.0736
33	48	0.073599
20	33	0.073599
33	46	0.073598
7	33	0.07303
15	30	0.071537
23	58	0.071443
45	49	0.071371
49	52	0.071369
12	40	0.070504
12	57	0.070503
33	34	0.07036
44	58	0.069483
12	49	0.068603
27	31	0.067641
17	31	0.067641
23	63	0.067311
37	48	0.067266
37	46	0.067266
37	51	0.067266
20	37	0.067265
15	40	0.066538
15	57	0.066532
29	49	0.066473
31	37	0.066411
22	37	0.065058
1	34	0.064923
31	34	0.064876
17	35	0.064813
27	35	0.064812
10	51	0.064445
10	46	0.064444
10	48	0.064443
38	46	0.064442
20	38	0.064442
38	51	0.064441
38	48	0.064441
10	20	0.06444
22	53	0.064311
34	56	0.06426
34	41	0.06426
13	37	0.064087
34	37	0.063775
29	31	0.063749
37	53	0.063601
14	52	0.063338
14	45	0.063337
31	49	0.063023
33	56	0.062546
33	41	0.062546
31	53	0.062017
35	54	0.061655
7	42	0.061606
31	43	0.061601
15	58	0.061297
54	57	0.061226
40	54	0.061226
12	52	0.061174
12	45	0.061171
15	33	0.060635
31	54	0.060452
15	23	0.060273
55	66	0.060022
55	67	0.060022
3	55	0.060021
2	55	0.06002
35	52	0.059918
35	45	0.059917
15	37	0.059592
12	34	0.059505
20	56	0.059118
41	51	0.059116
51	56	0.059116
20	41	0.059115
41	48	0.059114
46	56	0.059114
48	56	0.059113
41	46	0.059113
10	52	0.058961
29	54	0.058961
10	45	0.05896
38	52	0.058958
38	45	0.058958
22	43	0.058861
20	42	0.058298
42	46	0.058293
42	51	0.058293
42	48	0.058292
20	44	0.058057
44	51	0.058057
44	46	0.058055
44	48	0.058055
22	23	0.057975
30	54	0.057802
14	41	0.057484
14	56	0.057483
30	49	0.057347
30	35	0.057113
14	53	0.05702
2	16	0.056781
16	66	0.056781
3	16	0.056781
25	67	0.056781
19	66	0.056781
28	67	0.056781
2	4	0.056781
21	66	0.056781
11	66	0.05678
2	19	0.05678
3	11	0.05678
2	65	0.05678
2	11	0.05678
2	5	0.05678
3	19	0.05678
24	66	0.05678
9	66	0.05678
3	9	0.05678
2	6	0.05678
36	67	0.05678
26	67	0.05678
21	67	0.05678
28	66	0.05678
3	8	0.05678
2	21	0.05678
2	9	0.05678
3	6	0.05678
19	67	0.056779
2	62	0.056779
3	5	0.056779
2	18	0.056779
2	26	0.056779
24	67	0.056779
2	8	0.056779
25	66	0.056779
2	25	0.056779
3	21	0.056779
39	67	0.056779
3	25	0.056779
3	4	0.056779
2	28	0.056779
3	65	0.056779
16	67	0.056779
26	66	0.056779
3	26	0.056779
3	36	0.056779
3	39	0.056779
47	67	0.056779
3	28	0.056779
8	66	0.056779
2	36	0.056779
11	67	0.056778
2	39	0.056778
2	61	0.056778
2	59	0.056778
6	66	0.056778
32	67	0.056778
18	66	0.056778
3	59	0.056778
3	18	0.056778
2	60	0.056778
9	67	0.056778
3	62	0.056778
5	67	0.056778
3	61	0.056778
36	66	0.056778
6	67	0.056778
4	67	0.056778
3	50	0.056778
5	66	0.056778
47	66	0.056778
2	50	0.056778
50	67	0.056778
65	67	0.056778
3	32	0.056778
2	47	0.056778
2	24	0.056777
2	32	0.056777
8	67	0.056777
3	47	0.056777
39	66	0.056777
3	24	0.056777
65	66	0.056777
4	66	0.056777
18	67	0.056777
62	67	0.056777
3	60	0.056777
62	66	0.056776
59	67	0.056776
32	66	0.056776
61	67	0.056775
50	66	0.056775
59	66	0.056775
60	67	0.056775
61	66	0.056775
60	66	0.056774
3	42	0.056437
2	42	0.056436
42	67	0.056436
42	66	0.056435
1	12	0.056352
45	55	0.056146
52	55	0.056144
49	55	0.055552
30	57	0.055238
30	40	0.055236
20	34	0.055068
34	51	0.055065
34	46	0.055063
34	48	0.055062
10	31	0.055057
31	38	0.055057
31	67	0.054766
31	66	0.054765
2	31	0.054765
3	31	0.054765
1	10	0.054586
1	38	0.054584
30	45	0.054411
30	52	0.05441
19	58	0.054151
36	58	0.054149
6	58	0.054149
39	58	0.054149
47	58	0.054148
21	58	0.054148
25	58	0.054148
11	58	0.054148
24	58	0.054148
58	59	0.054147
4	58	0.054147
26	58	0.054147
50	58	0.054147
18	58	0.054147
58	62	0.054147
5	58	0.054147
28	58	0.054147
58	65	0.054147
9	58	0.054146
16	58	0.054145
8	58	0.054145
58	60	0.054145
58	61	0.054144
32	58	0.054143
43	55	0.053896
14	34	0.053802
49	64	0.053664
1	53	0.053272
41	42	0.053245
42	56	0.053245
20	61	0.053216
6	48	0.053216
4	48	0.053215
5	48	0.053215
19	51	0.053215
18	51	0.053215
11	48	0.053215
4	46	0.053214
46	50	0.053214
11	46	0.053214
5	46	0.053214
6	46	0.053214
11	51	0.053214
19	48	0.053214
46	59	0.053213
46	47	0.053213
20	32	0.053213
6	51	0.053213
8	48	0.053213
9	48	0.053213
18	48	0.053213
21	51	0.053213
16	51	0.053213
9	51	0.053213
9	46	0.053213
48	59	0.053213
25	51	0.053213
48	65	0.053212
24	51	0.053212
4	51	0.053212
8	46	0.053212
20	62	0.053212
20	28	0.053212
8	51	0.053212
36	46	0.053212
46	65	0.053212
5	51	0.053212
48	62	0.053212
24	48	0.053212
48	50	0.053212
20	60	0.053212
47	48	0.053212
20	65	0.053212
39	46	0.053212
46	60	0.053212
8	20	0.053212
19	46	0.053212
48	60	0.053212
16	20	0.053211
18	46	0.053211
46	62	0.053211
16	46	0.053211
26	51	0.053211
39	51	0.053211
16	48	0.053211
25	48	0.053211
51	65	0.053211
36	48	0.053211
20	26	0.053211
46	61	0.053211
48	61	0.053211
9	20	0.053211
32	46	0.053211
36	51	0.053211
28	48	0.05321
51	59	0.05321
26	48	0.05321
47	51	0.05321
39	48	0.05321
24	46	0.05321
20	36	0.05321
20	47	0.05321
28	51	0.05321
21	48	0.05321
20	59	0.05321
32	48	0.05321
20	50	0.053209
20	39	0.053209
50	51	0.053209
20	21	0.053209
25	46	0.053209
51	62	0.053209
28	46	0.053209
51	60	0.053209
26	46	0.053209
20	24	0.053209
20	25	0.053209
11	20	0.053208
21	46	0.053208
32	51	0.053208
4	20	0.053208
18	20	0.053208
51	61	0.053207
5	20	0.053207
19	20	0.053205
6	20	0.053204
36	63	0.052999
47	63	0.052998
59	63	0.052998
39	63	0.052997
28	63	0.052997
63	65	0.052996
62	63	0.052996
4	63	0.052996
61	63	0.052996
50	63	0.052995
60	63	0.052995
25	63	0.052995
19	63	0.052995
32	63	0.052994
6	63	0.052994
21	63	0.052994
26	63	0.052994
5	63	0.052994
24	63	0.052994
9	63	0.052993
8	63	0.052993
11	63	0.052993
16	63	0.052992
18	63	0.052992
33	37	0.052932
17	66	0.052819
27	67	0.052819
2	17	0.052818
3	17	0.052818
3	27	0.052818
27	66	0.052818
17	67	0.052818
2	27	0.052817
7	63	0.052786
12	13	0.052548
44	54	0.052352
22	66	0.052141
22	67	0.052141
3	22	0.052141
2	22	0.052141
2	64	0.051771
3	64	0.05177
64	67	0.051769
64	66	0.051769
21	64	0.051755
19	64	0.051755
25	64	0.051754
39	64	0.051754
24	64	0.051753
28	64	0.051753
26	64	0.051753
47	64	0.051753
6	64	0.051752
36	64	0.051752
18	64	0.051751
11	64	0.051751
16	64	0.051751
9	64	0.05175
32	64	0.05175
8	64	0.05175
50	64	0.051749
5	64	0.051749
59	64	0.051749
4	64	0.051749
62	64	0.051749
64	65	0.051746
60	64	0.051746
61	64	0.051745
7	43	0.051043
22	31	0.051025
17	64	0.050989
27	64	0.050989
1	37	0.050692
23	34	0.050603
44	49	0.050349
10	37	0.050195
37	38	0.050195
43	51	0.050098
20	43	0.050097
43	48	0.050097
43	46	0.050097
49	53	0.050066
43	66	0.049872
43	67	0.049872
3	43	0.049871
2	43	0.049871
12	35	0.049646
13	30	0.049575
54	63	0.04949
35	67	0.049003
35	66	0.049003
3	35	0.049003
2	35	0.049003
42	63	0.048876
33	57	0.04883
33	40	0.048829
20	66	0.048803
20	67	0.048802
2	20	0.048802
2	51	0.048801
2	48	0.048801
3	48	0.048801
3	20	0.048801
48	67	0.048801
48	66	0.0488
3	51	0.0488
2	46	0.0488
3	46	0.0488
46	67	0.0488
46	66	0.048799
51	67	0.048799
51	66	0.048799
12	41	0.048567
12	56	0.048567
15	27	0.04841
15	17	0.048407
31	63	0.048208
12	22	0.048017
2	63	0.047697
3	63	0.047696
63	67	0.047696
63	66	0.047695
1	33	0.047663
1	17	0.047657
1	27	0.047654
10	43	0.047614
38	43	0.047613
17	32	0.047575
17	28	0.047575
16	17	0.047575
18	27	0.047575
6	27	0.047574
17	21	0.047574
11	27	0.047574
16	27	0.047574
17	26	0.047574
5	27	0.047574
9	17	0.047574
17	24	0.047574
19	27	0.047574
8	17	0.047574
17	25	0.047574
17	18	0.047574
21	27	0.047574
27	32	0.047573
8	27	0.047573
4	27	0.047573
27	62	0.047573
27	60	0.047573
9	27	0.047573
24	27	0.047573
27	50	0.047572
17	61	0.047572
11	17	0.047572
27	61	0.047572
26	27	0.047572
17	19	0.047572
17	36	0.047571
17	65	0.047571
27	36	0.047571
25	27	0.047571
27	59	0.047571
27	65	0.047571
17	60	0.047571
17	62	0.04757
27	28	0.04757
27	47	0.04757
27	39	0.04757
5	17	0.04757
17	39	0.04757
4	17	0.047569
6	17	0.047569
17	47	0.047568
17	50	0.047568
17	59	0.047568
1	52	0.047234
1	45	0.047234
15	42	0.047048
23	45	0.046997
23	52	0.046996
43	63	0.046983
2	58	0.046921
3	58	0.046921
58	67	0.04692
58	66	0.04692
12	64	0.04689
36	37	0.046482
37	47	0.046481
37	50	0.046481
24	37	0.04648
37	60	0.04648
37	59	0.04648
32	37	0.04648
26	37	0.04648
18	37	0.046479
28	37	0.046479
37	39	0.046479
37	61	0.046479
21	37	0.046479
25	37	0.046479
19	37	0.046478
5	37	0.046478
6	37	0.046478
37	62	0.046478
4	37	0.046478
11	37	0.046478
37	65	0.046478
16	37	0.046476
9	37	0.046476
8	37	0.046475
29	50	0.04641
29	32	0.04641
29	60	0.046409
29	61	0.046409
6	29	0.046409
5	29	0.046409
4	29	0.046408
29	47	0.046408
29	59	0.046408
8	29	0.046408
9	29	0.046408
11	29	0.046408
24	29	0.046408
29	62	0.046408
29	65	0.046408
29	36	0.046408
29	39	0.046408
18	29	0.046407
16	29	0.046407
21	29	0.046407
26	29	0.046406
19	29	0.046406
28	29	0.046406
25	29	0.046406
41	66	0.046395
56	66	0.046395
41	67	0.046395
56	67	0.046395
3	41	0.046394
2	56	0.046394
3	56	0.046394
2	41	0.046393
7	16	0.046141
7	8	0.04614
7	9	0.04614
7	65	0.046139
7	11	0.046139
7	61	0.046138
7	62	0.046138
7	21	0.046138
4	7	0.046138
5	7	0.046138
7	25	0.046138
7	18	0.046138
7	28	0.046138
38	60	0.046138
7	19	0.046137
38	59	0.046137
6	7	0.046137
7	32	0.046137
7	26	0.046137
7	60	0.046137
10	26	0.046137
38	50	0.046137
7	24	0.046136
10	18	0.046136
7	50	0.046136
10	32	0.046136
10	25	0.046136
10	28	0.046136
38	47	0.046136
7	39	0.046136
10	16	0.046136
7	59	0.046136
38	62	0.046135
7	36	0.046135
10	21	0.046135
38	61	0.046135
6	38	0.046135
36	38	0.046135
9	10	0.046135
10	39	0.046135
7	47	0.046134
10	24	0.046134
38	39	0.046134
4	38	0.046134
18	38	0.046134
5	38	0.046134
24	38	0.046134
38	65	0.046134
10	36	0.046134
8	10	0.046134
19	38	0.046133
26	38	0.046133
32	38	0.046133
10	60	0.046133
11	38	0.046133
10	19	0.046132
21	38	0.046132
25	38	0.046132
10	65	0.046132
28	38	0.046132
10	11	0.046131
9	38	0.046131
8	38	0.046131
10	47	0.046131
10	61	0.046131
10	59	0.04613
16	38	0.04613
10	50	0.046129
5	10	0.046129
4	10	0.046128
10	62	0.046128
6	10	0.046128
42	58	0.046087
34	66	0.046044
34	67	0.046044
3	34	0.046043
2	34	0.046043
23	55	0.045977
17	23	0.045693
23	27	0.045692
34	35	0.045478
22	32	0.045472
22	24	0.045472
22	61	0.045472
22	62	0.045471
21	22	0.045471
22	26	0.045471
18	22	0.045471
22	60	0.045471
9	22	0.045471
22	28	0.045471
19	22	0.045471
11	22	0.045471
8	22	0.04547
16	22	0.04547
6	22	0.04547
5	22	0.04547
22	25	0.04547
4	22	0.04547
22	50	0.04547
22	36	0.045469
22	59	0.045469
22	39	0.045469
22	65	0.045468
22	47	0.045468
54	66	0.045294
54	67	0.045294
3	54	0.045293
2	54	0.045293
1	41	0.045238
1	56	0.045238
14	49	0.045169
33	43	0.04504
41	63	0.044942
56	63	0.044942
38	58	0.044834
10	58	0.044833
15	32	0.044711
15	21	0.04471
15	28	0.04471
15	26	0.04471
15	25	0.04471
15	39	0.044709
15	36	0.044709
15	16	0.044709
15	50	0.044709
15	24	0.044709
15	62	0.044708
15	19	0.044708
9	15	0.044708
8	15	0.044708
15	47	0.044707
15	61	0.044707
15	59	0.044707
15	18	0.044707
11	15	0.044707
15	60	0.044707
15	65	0.044707
6	15	0.044705
5	15	0.044705
4	15	0.044704
37	56	0.044704
37	41	0.044703
27	63	0.044629
17	63	0.044628
49	66	0.044484
49	67	0.044484
3	49	0.044483
2	49	0.044483
15	45	0.044376
15	52	0.044375
6	42	0.044339
18	42	0.044339
5	42	0.044339
4	42	0.044338
19	42	0.044338
11	42	0.044338
24	42	0.044337
9	42	0.044337
8	42	0.044337
21	42	0.044336
16	42	0.044335
26	42	0.044335
25	42	0.044335
42	65	0.044335
42	60	0.044334
42	59	0.044334
42	62	0.044334
36	42	0.044334
42	61	0.044333
28	42	0.044333
42	47	0.044333
39	42	0.044332
32	42	0.044332
42	50	0.044332
15	38	0.044324
10	15	0.044323
3	40	0.044292
40	67	0.044292
57	67	0.044292
2	40	0.044292
40	66	0.044291
3	57	0.044291
2	57	0.044291
57	66	0.04429
3	10	0.04428
2	10	0.04428
38	67	0.044279
38	66	0.044279
3	38	0.044278
10	66	0.044278
2	38	0.044278
10	67	0.044277
20	58	0.04424
46	58	0.044236
48	58	0.044235
51	58	0.044234
13	43	0.044089
35	51	0.043917
35	48	0.043916
35	46	0.043916
20	35	0.043914
18	33	0.043892
5	33	0.043891
11	33	0.043891
6	33	0.043891
24	33	0.043891
4	33	0.04389
19	33	0.04389
16	33	0.04389
21	33	0.04389
9	33	0.04389
8	33	0.043889
33	60	0.043889
26	33	0.043889
33	50	0.043889
32	33	0.043888
33	61	0.043888
25	33	0.043888
33	65	0.043888
33	47	0.043888
33	62	0.043888
28	33	0.043888
33	36	0.043888
33	59	0.043887
33	39	0.043887
29	64	0.04354
13	66	0.043532
13	67	0.043531
3	13	0.043531
2	13	0.043531
29	40	0.043511
29	57	0.04351
55	57	0.043321
40	55	0.043321
23	35	0.043289
10	34	0.043187
34	38	0.043187
1	22	0.042673
1	57	0.042581
1	40	0.042581
14	58	0.042565
33	53	0.042292
13	20	0.042132
13	51	0.04213
13	46	0.042129
13	48	0.042128
31	50	0.042018
4	31	0.042018
5	31	0.042018
31	60	0.042018
31	61	0.042018
6	31	0.042018
31	62	0.042018
31	59	0.042017
31	32	0.042016
31	65	0.042015
8	31	0.042015
11	31	0.042015
31	47	0.042015
18	31	0.042015
9	31	0.042015
31	36	0.042014
31	39	0.042014
19	31	0.042014
24	31	0.042014
28	31	0.042014
26	31	0.042014
25	31	0.042014
21	31	0.042013
16	31	0.042012
54	55	0.041789
37	66	0.041778
37	67	0.041778
3	37	0.041778
2	37	0.041778
7	66	0.041591
7	67	0.041591
3	7	0.041591
2	7	0.041591
44	55	0.041422
33	49	0.040942
15	35	0.040847
13	15	0.040816
31	44	0.04069
22	63	0.040577
39	57	0.04049
36	57	0.04049
57	59	0.04049
50	57	0.040489
11	40	0.040489
19	40	0.040489
18	40	0.040489
47	57	0.040489
24	40	0.040488
26	40	0.040488
6	40	0.040488
5	40	0.040488
57	65	0.040487
21	40	0.040487
4	40	0.040487
57	62	0.040487
36	40	0.040487
40	50	0.040487
28	57	0.040487
57	60	0.040487
25	40	0.040487
40	59	0.040487
40	60	0.040486
40	62	0.040486
16	40	0.040486
28	40	0.040486
25	57	0.040486
57	61	0.040486
40	47	0.040486
9	40	0.040486
32	57	0.040486
24	57	0.040486
32	40	0.040486
19	57	0.040485
40	61	0.040485
39	40	0.040485
26	57	0.040485
8	40	0.040485
4	57	0.040485
6	57	0.040485
21	57	0.040485
5	57	0.040484
40	65	0.040484
18	57	0.040484
11	57	0.040483
9	57	0.040483
16	57	0.040483
8	57	0.040483
29	66	0.040374
29	67	0.040374
3	29	0.040374
2	29	0.040374
12	15	0.040207
33	66	0.040026
33	67	0.040026
3	33	0.040026
2	33	0.040025
45	66	0.039937
52	66	0.039937
52	67	0.039937
45	67	0.039937
3	45	0.039936
3	52	0.039936
2	45	0.039936
2	52	0.039936
15	66	0.039867
15	67	0.039867
3	15	0.039866
2	15	0.039866
37	44	0.039769
51	54	0.039624
46	54	0.039623
20	54	0.039622
48	54	0.039621
7	64	0.039358
1	42	0.039336
1	64	0.039059
23	28	0.038489
23	24	0.038489
23	32	0.038489
21	23	0.038489
23	26	0.038489
23	61	0.038488
16	23	0.038488
8	23	0.038488
23	25	0.038488
23	62	0.038488
9	23	0.038488
18	23	0.038488
5	23	0.038488
11	23	0.038487
4	23	0.038487
23	65	0.038487
23	60	0.038487
19	23	0.038487
23	47	0.038487
6	23	0.038487
23	39	0.038487
23	50	0.038486
23	36	0.038486
23	59	0.038486
8	13	0.038477
9	13	0.038477
13	16	0.038477
13	32	0.038477
13	28	0.038477
13	61	0.038476
13	65	0.038476
13	21	0.038476
13	62	0.038476
13	26	0.038476
13	60	0.038476
13	50	0.038476
11	13	0.038476
13	39	0.038476
5	13	0.038476
13	18	0.038476
13	25	0.038475
4	13	0.038475
13	36	0.038475
13	59	0.038475
13	24	0.038475
13	19	0.038475
6	13	0.038475
13	47	0.038475
37	63	0.038472
12	53	0.038413
23	66	0.038249
23	67	0.038248
3	23	0.038248
2	23	0.038248
29	58	0.038247
15	41	0.038215
15	56	0.038215
13	29	0.038181
35	47	0.038161
35	50	0.038161
32	35	0.038161
26	35	0.03816
24	35	0.03816
35	36	0.03816
21	35	0.03816
35	39	0.03816
18	35	0.03816
35	59	0.03816
19	35	0.038159
25	35	0.038159
35	60	0.038159
28	35	0.038159
35	62	0.038158
6	35	0.038158
11	35	0.038158
16	35	0.038157
35	61	0.038157
5	35	0.038157
9	35	0.038157
4	35	0.038157
8	35	0.038157
35	65	0.038157
34	58	0.038059
13	55	0.037911
19	55	0.037781
26	55	0.037781
21	55	0.037781
28	55	0.037781
11	55	0.03778
36	55	0.03778
25	55	0.03778
39	55	0.03778
47	55	0.03778
18	55	0.037779
50	55	0.037779
24	55	0.037779
16	55	0.037779
6	55	0.037779
5	55	0.037779
55	62	0.037779
4	55	0.037779
32	55	0.037779
55	59	0.037778
55	60	0.037778
8	55	0.037777
55	65	0.037777
55	61	0.037777
9	55	0.037777
35	58	0.037756
34	42	0.037747
57	64	0.037499
40	64	0.037496
1	16	0.03747
1	18	0.037468
1	9	0.037468
1	11	0.037468
1	26	0.037468
1	8	0.037468
1	21	0.037468
1	19	0.037467
1	5	0.037467
1	6	0.037467
1	65	0.037467
1	62	0.037467
1	4	0.037467
1	25	0.037467
1	60	0.037466
1	36	0.037466
1	39	0.037466
1	32	0.037466
1	28	0.037466
1	50	0.037466
1	59	0.037466
1	24	0.037466
1	61	0.037466
1	47	0.037465
12	58	0.037193
23	38	0.037139
10	23	0.037139
10	49	0.037107
38	49	0.037106
7	57	0.036998
7	40	0.036998
43	58	0.036787
53	66	0.036691
53	67	0.03669
3	53	0.03669
2	53	0.03669
12	66	0.036643
12	67	0.036643
3	12	0.036643
2	12	0.036642
48	63	0.036489
46	63	0.036489
20	63	0.036489
51	63	0.036488
1	63	0.036407
30	43	0.036328
14	66	0.036246
14	67	0.036246
3	14	0.036245
2	14	0.036245
37	57	0.036241
37	40	0.03624
37	58	0.036233
30	66	0.036101
30	67	0.0361
3	30	0.0361
2	30	0.036099
14	20	0.035941
14	46	0.035939
14	48	0.035938
14	51	0.035938
17	49	0.035779
27	49	0.035778
1	7	0.035732
12	20	0.035502
12	46	0.035502
12	51	0.035502
12	48	0.035501
44	66	0.035416
44	67	0.035416
3	44	0.035415
2	44	0.035415
22	55	0.035333
38	56	0.035319
38	41	0.035319
10	41	0.035318
10	56	0.035318
13	64	0.035306
55	63	0.034924
10	13	0.034876
13	38	0.034875
33	44	0.034853
38	53	0.034676
10	53	0.034675
10	54	0.034466
38	54	0.034464
24	53	0.034446
18	53	0.034446
19	53	0.034446
11	53	0.034446
21	53	0.034446
50	53	0.034446
5	53	0.034446
26	53	0.034446
25	53	0.034446
36	53	0.034445
4	53	0.034445
6	53	0.034445
16	53	0.034445
53	59	0.034445
32	53	0.034445
39	53	0.034445
53	60	0.034445
53	65	0.034445
47	53	0.034444
28	53	0.034444
9	53	0.034444
53	62	0.034444
8	53	0.034444
53	61	0.034444
31	45	0.034224
31	52	0.034223
42	57	0.034213
40	42	0.034212
24	34	0.034192
21	34	0.034192
16	34	0.034192
34	50	0.034192
19	34	0.034191
18	34	0.034191
32	34	0.034191
25	34	0.034191
11	34	0.034191
34	47	0.034191
34	36	0.034191
28	34	0.034191
5	34	0.034191
34	59	0.034191
34	60	0.034191
9	34	0.03419
6	34	0.03419
34	65	0.03419
26	34	0.03419
34	62	0.03419
34	39	0.03419
34	61	0.03419
8	34	0.03419
4	34	0.03419
12	44	0.034166
37	49	0.034163
22	40	0.034113
22	57	0.034113
23	54	0.03403
29	63	0.033835
13	41	0.033828
13	56	0.033828
15	63	0.033688
30	51	0.033505
20	30	0.033504
30	48	0.033504
30	46	0.033504
37	55	0.033484
29	41	0.032886
29	56	0.032885
7	27	0.032871
7	17	0.03287
20	23	0.032863
23	51	0.032863
23	46	0.032862
23	48	0.032862
12	32	0.032779
12	50	0.032779
12	39	0.032779
12	36	0.032778
12	24	0.032778
12	59	0.032778
12	25	0.032778
12	47	0.032778
12	60	0.032777
12	21	0.032777
12	26	0.032777
12	61	0.032777
12	28	0.032777
12	19	0.032777
12	62	0.032776
12	18	0.032776
12	16	0.032776
12	65	0.032776
5	12	0.032776
11	12	0.032776
4	12	0.032776
8	12	0.032776
9	12	0.032776
6	12	0.032776
22	27	0.032721
17	22	0.03272
1	49	0.032668
20	64	0.032501
46	64	0.032499
48	64	0.032498
51	64	0.032498
38	63	0.032483
10	63	0.032478
23	64	0.032419
42	53	0.032324
63	64	0.03222
29	48	0.032203
29	46	0.032203
29	51	0.032203
20	29	0.032203
42	64	0.03217
14	62	0.031979
11	14	0.031979
5	14	0.031979
14	19	0.031979
6	14	0.031979
14	21	0.031979
8	14	0.031979
14	16	0.031979
9	14	0.031979
14	65	0.031979
4	14	0.031979
14	18	0.031978
14	61	0.031978
14	60	0.031978
14	50	0.031978
14	26	0.031978
14	59	0.031977
14	24	0.031977
14	25	0.031977
14	28	0.031977
14	32	0.031977
14	39	0.031976
14	47	0.031976
14	36	0.031976
1	35	0.031938
15	54	0.03185
5	44	0.031777
6	44	0.031777
4	44	0.031777
44	50	0.031776
21	44	0.031776
44	65	0.031776
24	44	0.031776
44	59	0.031776
16	44	0.031776
18	44	0.031776
44	62	0.031776
44	60	0.031776
8	44	0.031776
9	44	0.031775
11	44	0.031775
44	61	0.031775
32	44	0.031775
19	44	0.031775
25	44	0.031775
44	47	0.031775
26	44	0.031774
36	44	0.031774
39	44	0.031774
28	44	0.031774
35	64	0.03176
14	44	0.031712
37	64	0.031436
10	44	0.031391
38	44	0.03139
30	63	0.031215
15	48	0.031165
15	46	0.031165
15	51	0.031165
15	20	0.031164
7	37	0.031075
58	63	0.030872
23	44	0.030779
33	54	0.030565
7	30	0.030557
44	64	0.030459
1	14	0.030443
17	58	0.030299
27	58	0.030299
17	40	0.030137
27	57	0.030137
27	40	0.030137
17	57	0.030136
58	64	0.030085
15	31	0.030076
7	51	0.029934
7	48	0.029934
7	20	0.029934
7	46	0.029933
37	42	0.029902
33	63	0.02954
14	57	0.029431
14	40	0.029429
20	53	0.029392
46	53	0.029392
48	53	0.029391
51	53	0.02939
10	29	0.029371
29	38	0.02937
10	40	0.029285
38	57	0.029285
10	57	0.029283
38	40	0.029283
19	30	0.029122
21	30	0.029121
18	30	0.029121
24	30	0.029121
11	30	0.029121
22	49	0.029121
16	30	0.02912
30	32	0.02912
30	50	0.02912
26	30	0.02912
5	30	0.02912
6	30	0.02912
30	36	0.02912
25	30	0.02912
28	30	0.02912
30	47	0.02912
4	30	0.02912
30	60	0.029119
30	62	0.029119
30	39	0.029119
30	59	0.029119
30	61	0.029119
9	30	0.029119
8	30	0.029119
30	65	0.029119
33	55	0.02904
5	49	0.028939
6	49	0.028939
18	49	0.028939
11	49	0.028939
19	49	0.028939
4	49	0.028939
21	49	0.028939
24	49	0.028939
16	49	0.028939
49	65	0.028939
49	50	0.028938
25	49	0.028938
49	60	0.028938
49	62	0.028938
49	59	0.028938
26	49	0.028938
9	49	0.028938
8	49	0.028938
47	49	0.028938
49	61	0.028937
28	49	0.028937
36	49	0.028937
32	49	0.028937
39	49	0.028937
33	58	0.028929
22	35	0.028579
38	64	0.028573
10	64	0.028572
27	53	0.028485
17	53	0.028483
1	30	0.028474
50	52	0.028419
52	59	0.028418
52	60	0.028418
5	52	0.028418
45	50	0.028418
5	45	0.028418
52	62	0.028418
52	65	0.028418
6	52	0.028418
18	45	0.028418
45	60	0.028418
6	45	0.028417
4	52	0.028417
24	45	0.028417
52	61	0.028417
45	59	0.028417
39	52	0.028417
4	45	0.028417
11	45	0.028417
47	52	0.028417
36	52	0.028417
45	61	0.028417
32	45	0.028417
19	45	0.028417
32	52	0.028417
45	62	0.028417
45	65	0.028417
36	45	0.028417
21	45	0.028417
16	45	0.028416
8	52	0.028416
24	52	0.028416
9	45	0.028416
8	45	0.028416
9	52	0.028416
39	45	0.028416
26	45	0.028416
25	45	0.028416
18	52	0.028416
11	52	0.028416
16	52	0.028416
21	52	0.028416
45	47	0.028416
25	52	0.028416
26	52	0.028416
28	52	0.028415
19	52	0.028415
28	45	0.028415
29	34	0.028387
1	15	0.028357
1	58	0.028334
33	64	0.028291
22	51	0.028134
22	46	0.028134
22	48	0.028134
20	22	0.028133
15	64	0.028125
17	33	0.028098
27	33	0.028096
17	45	0.027855
17	52	0.027855
27	52	0.027854
27	45	0.027854
41	58	0.027796
56	58	0.027795
20	55	0.027547
46	55	0.027546
51	55	0.027546
48	55	0.027545
31	51	0.027238
31	46	0.027238
31	48	0.027237
20	31	0.027237
12	43	0.027155
17	42	0.026973
27	42	0.026973
21	56	0.026924
5	56	0.026924
6	56	0.026924
16	56	0.026924
5	41	0.026924
41	50	0.026924
41	60	0.026924
24	41	0.026924
9	56	0.026923
6	41	0.026923
24	56	0.026923
8	56	0.026923
41	65	0.026923
11	56	0.026923
21	41	0.026923
56	65	0.026923
4	56	0.026923
4	41	0.026923
18	56	0.026923
18	41	0.026923
41	62	0.026923
41	59	0.026923
19	56	0.026923
26	56	0.026923
56	62	0.026923
50	56	0.026923
16	41	0.026923
9	41	0.026923
41	61	0.026923
32	41	0.026923
8	41	0.026923
25	56	0.026923
36	41	0.026923
26	41	0.026923
25	41	0.026923
11	41	0.026923
32	56	0.026923
19	41	0.026923
56	60	0.026923
36	56	0.026922
39	56	0.026922
39	41	0.026922
56	59	0.026922
28	56	0.026922
41	47	0.026922
56	61	0.026922
47	56	0.026922
28	41	0.026922
7	55	0.026544
29	53	0.026409
10	55	0.026384
38	55	0.026383
43	50	0.026246
24	43	0.026245
43	59	0.026245
43	60	0.026245
18	43	0.026245
21	43	0.026245
5	43	0.026245
43	65	0.026245
6	43	0.026245
25	43	0.026244
16	43	0.026244
39	43	0.026244
4	43	0.026244
36	43	0.026244
26	43	0.026244
32	43	0.026244
43	62	0.026244
43	47	0.026244
9	43	0.026244
19	43	0.026243
43	61	0.026243
8	43	0.026243
11	43	0.026243
28	43	0.026243
46	57	0.026055
48	57	0.026055
20	40	0.026055
51	57	0.026055
20	57	0.026054
40	46	0.026054
40	48	0.026054
40	51	0.026054
10	42	0.026023
38	42	0.026021
1	23	0.025758
30	55	0.025723
35	63	0.025503
31	64	0.025389
27	55	0.025382
17	55	0.025382
42	45	0.025329
42	52	0.025328
49	57	0.025172
40	49	0.025171
13	42	0.024695
31	42	0.024674
7	44	0.0246
31	58	0.024583
35	57	0.02458
35	40	0.02458
35	37	0.02457
10	22	0.024548
22	38	0.024547
23	53	0.024313
21	54	0.02431
19	54	0.024309
24	54	0.024309
11	54	0.024309
50	54	0.024309
16	54	0.024309
18	54	0.024309
5	54	0.024309
6	54	0.024309
25	54	0.024309
26	54	0.024309
36	54	0.024309
32	54	0.024309
54	62	0.024308
39	54	0.024308
54	59	0.024308
28	54	0.024308
4	54	0.024308
9	54	0.024308
54	60	0.024308
54	65	0.024308
8	54	0.024308
54	61	0.024308
47	54	0.024308
22	64	0.024007
14	63	0.023902
29	33	0.02383
33	45	0.023806
33	52	0.023806
22	29	0.023719
1	29	0.023671
33	42	0.023619
34	63	0.023612
35	53	0.02342
30	42	0.023348
29	35	0.023327
20	49	0.02278
49	51	0.022779
48	49	0.022779
46	49	0.022779
15	43	0.0227
57	58	0.022676
40	58	0.022676
14	64	0.022406
49	63	0.022025
17	34	0.022018
27	34	0.022017
20	45	0.021837
20	52	0.021837
51	52	0.021837
45	51	0.021836
46	52	0.021836
48	52	0.021836
45	46	0.021836
45	48	0.021836
7	53	0.021649
29	44	0.021392
13	17	0.021361
13	27	0.02136
13	35	0.021359
17	56	0.021193
17	41	0.021193
27	41	0.021193
27	56	0.021192
15	34	0.02114
31	41	0.020992
31	56	0.020992
29	43	0.020888
7	22	0.020816
7	23	0.020594
37	52	0.019983
37	45	0.019983
1	55	0.019513
37	54	0.019412
7	56	0.019082
7	41	0.019081
17	44	0.018833
27	44	0.018832
12	42	0.018554
30	64	0.018463
37	43	0.017779
12	54	0.017217
13	22	0.016316
14	43	0.011308