#==========================================================================
# The first and second rows contain site pairs (i, j) such that j > i
# The third row contains coevolutionary scores obtained 
# using PSICOV algorithm.
# Note that in this data sites are counted/labelled starting from 1
#==========================================================================
12	58	0.903994
67	96	0.903979
68	95	0.903969
69	94	0.903935
38	54	0.903758
76	87	0.90373
77	86	0.903508
7	101	0.903082
5	103	0.902809
81	83	0.902735
78	85	0.9025
6	102	0.902238
66	97	0.900663
65	98	0.900609
39	53	0.900513
4	104	0.899453
80	84	0.898866
3	105	0.896004
37	55	0.895836
13	57	0.88631
73	90	0.844929
74	89	0.830746
18	28	0.821413
36	56	0.794075
17	29	0.789693
70	93	0.778131
8	100	0.737686
40	51	0.724087
22	48	0.511825
62	63	0.435489
75	88	0.284017
9	12	0.195966
72	73	0.169824
40	49	0.145789
10	61	0.144277
71	92	0.143822
16	30	0.14199
9	58	0.14149
33	35	0.133214
72	91	0.132036
64	99	0.12997
26	44	0.127714
11	59	0.125142
20	59	0.123021
58	59	0.121706
44	45	0.121609
58	62	0.120466
61	64	0.120195
38	40	0.112231
22	24	0.111756
9	10	0.111635
28	40	0.111534
19	27	0.111259
62	99	0.111249
11	12	0.110819
73	88	0.11067
9	61	0.110549
46	48	0.1105
10	60	0.110071
9	60	0.107506
72	90	0.105473
50	51	0.102563
49	51	0.102381
64	66	0.101854
9	99	0.100975
104	105	0.099538
24	46	0.098556
6	7	0.097065
46	47	0.096528
72	93	0.096464
18	24	0.094485
101	102	0.094333
42	43	0.093341
19	26	0.093116
44	47	0.092951
14	16	0.092915
91	93	0.09181
59	87	0.091688
56	65	0.091644
25	26	0.091509
12	62	0.091052
10	64	0.088301
14	23	0.087931
14	30	0.087054
60	61	0.086718
8	15	0.086524
40	54	0.084963
25	30	0.084926
46	52	0.08451
36	65	0.083177
41	47	0.082847
25	27	0.082394
88	89	0.082109
72	89	0.082021
58	61	0.081739
40	50	0.081508
43	47	0.081053
15	16	0.080434
15	26	0.080265
77	79	0.080172
45	88	0.079927
42	44	0.079824
15	31	0.079423
41	44	0.079315
46	49	0.079034
4	35	0.078996
45	75	0.078833
14	25	0.07877
80	81	0.078578
13	37	0.078219
45	46	0.078086
26	32	0.077128
91	92	0.076914
30	33	0.076827
26	30	0.076656
15	17	0.075816
41	45	0.075793
15	23	0.075715
10	21	0.075579
63	99	0.075573
25	45	0.075419
56	60	0.075127
22	25	0.0749
9	62	0.074797
23	32	0.07474
17	37	0.074348
32	41	0.074295
28	33	0.074142
70	71	0.074019
25	33	0.073899
43	44	0.07387
33	51	0.073863
16	25	0.073699
34	42	0.0733
40	52	0.073203
12	59	0.072961
21	37	0.072961
20	54	0.072946
10	14	0.072931
42	89	0.072874
27	30	0.072805
20	61	0.072493
88	90	0.072457
15	19	0.072414
14	26	0.072382
24	35	0.071936
36	66	0.071606
42	49	0.071562
45	52	0.07156
39	52	0.071465
4	6	0.071402
12	99	0.071379
19	44	0.071264
12	20	0.071252
45	47	0.071156
41	46	0.071089
27	28	0.07091
8	31	0.070551
33	52	0.070473
15	21	0.070447
19	31	0.070387
32	89	0.070317
12	61	0.070197
25	55	0.070152
22	28	0.070123
8	41	0.070105
46	50	0.070058
24	99	0.069911
30	32	0.069826
52	54	0.069705
92	101	0.069683
42	48	0.069589
10	30	0.069516
8	19	0.069495
32	74	0.069365
21	34	0.069269
23	31	0.069233
3	64	0.069149
11	22	0.06908
21	23	0.069064
41	42	0.069009
73	89	0.068823
100	103	0.068678
73	74	0.06863
47	48	0.068601
56	66	0.068596
42	74	0.068375
100	104	0.068367
52	53	0.068341
18	31	0.068023
49	78	0.067966
24	27	0.067951
5	7	0.067878
12	40	0.067857
75	100	0.067767
19	70	0.067594
70	92	0.067552
27	31	0.067538
63	65	0.067478
8	17	0.067437
36	98	0.067414
43	52	0.067377
60	65	0.067312
4	24	0.067287
24	30	0.067272
31	90	0.067263
19	38	0.06711
10	16	0.067092
14	17	0.06703
39	56	0.066972
35	41	0.066959
24	37	0.066901
60	64	0.066809
34	45	0.066775
32	75	0.0667
20	22	0.066685
49	50	0.066641
16	35	0.066602
11	26	0.066561
63	98	0.066491
7	92	0.066484
77	78	0.066412
8	32	0.066187
23	25	0.066155
20	40	0.066113
24	25	0.066056
22	27	0.066009
34	43	0.065994
9	97	0.065967
15	74	0.065798
36	39	0.06576
10	71	0.065753
14	47	0.065688
30	47	0.065682
20	38	0.065657
27	29	0.065596
42	47	0.065473
51	54	0.065445
24	33	0.065334
102	104	0.065323
41	75	0.065321
47	75	0.065299
16	26	0.065251
66	71	0.065228
14	36	0.065222
32	34	0.065169
45	56	0.065139
19	91	0.065065
9	65	0.065021
15	32	0.064985
101	103	0.064941
8	37	0.0649
25	52	0.064801
14	60	0.064757
17	23	0.064736
5	92	0.064684
18	105	0.064614
40	46	0.064565
75	98	0.064564
23	34	0.064562
14	33	0.064533
53	101	0.064473
42	52	0.064377
28	34	0.064366
59	64	0.064323
67	71	0.064317
6	9	0.064286
40	63	0.064278
14	22	0.064182
91	99	0.064162
20	50	0.06411
42	45	0.064012
40	41	0.063999
70	102	0.063997
23	27	0.063984
14	55	0.063889
21	56	0.063761
100	101	0.063672
64	98	0.063667
21	36	0.063602
11	16	0.063588
68	79	0.063586
3	49	0.063581
20	78	0.063537
11	92	0.063515
14	32	0.063498
30	51	0.063423
27	32	0.063417
34	41	0.063215
36	75	0.063154
89	90	0.063124
16	89	0.063082
20	51	0.06307
35	42	0.062949
16	36	0.062927
58	92	0.062889
48	49	0.062794
14	27	0.062792
34	44	0.062732
89	91	0.06272
63	96	0.062623
83	92	0.062618
3	6	0.062617
35	59	0.062561
30	60	0.062486
24	26	0.062486
4	17	0.062427
6	70	0.06242
10	51	0.062367
66	75	0.062348
15	36	0.062324
86	87	0.062309
15	37	0.062292
29	30	0.06225
58	99	0.062123
43	51	0.062111
33	99	0.061982
61	65	0.061938
36	41	0.061932
57	74	0.06193
23	60	0.061909
16	24	0.06183
11	60	0.061817
16	17	0.061801
21	35	0.061785
16	45	0.061773
70	75	0.061745
26	27	0.061714
53	56	0.061707
7	8	0.061699
8	24	0.061699
15	29	0.061538
63	71	0.061513
16	21	0.061467
15	47	0.061453
36	43	0.061437
56	91	0.061414
98	102	0.06136
35	44	0.061314
52	55	0.061301
63	91	0.061231
27	60	0.061224
75	89	0.061159
38	57	0.061153
16	55	0.061149
45	51	0.061116
59	101	0.061106
6	27	0.061081
23	29	0.061061
72	99	0.06105
23	52	0.061025
31	71	0.061018
75	105	0.060987
5	19	0.060949
24	29	0.060895
93	94	0.060874
29	32	0.060867
64	102	0.060822
5	10	0.060819
23	30	0.060816
10	42	0.060815
43	46	0.060748
21	25	0.06064
26	29	0.060639
22	26	0.060612
24	28	0.060607
19	32	0.060603
60	75	0.060599
57	72	0.060596
3	4	0.060589
64	73	0.060524
100	105	0.060523
9	38	0.06052
47	98	0.060507
52	73	0.060504
26	33	0.060453
30	36	0.060444
15	100	0.060401
48	50	0.060287
10	27	0.060243
75	78	0.06023
24	39	0.060098
49	79	0.060085
10	11	0.060024
79	86	0.060007
44	50	0.05998
19	74	0.05993
29	52	0.059856
54	85	0.059853
34	38	0.05985
76	86	0.059833
31	38	0.059822
7	16	0.059814
32	36	0.059753
55	56	0.059725
30	52	0.059693
11	27	0.059682
25	56	0.059647
32	52	0.05964
28	91	0.059607
10	20	0.059573
51	59	0.05954
15	41	0.059462
39	45	0.059451
13	26	0.059406
73	75	0.059373
45	48	0.059357
34	59	0.059322
74	91	0.059314
56	97	0.059312
4	14	0.05929
23	89	0.059279
17	46	0.059226
25	47	0.059206
16	33	0.059164
64	65	0.059143
26	75	0.059111
57	79	0.059096
97	99	0.059069
11	44	0.059033
92	96	0.058977
26	41	0.058968
20	34	0.05889
55	104	0.058884
67	92	0.058833
29	75	0.058796
44	59	0.058783
29	105	0.05878
16	47	0.058776
89	100	0.058737
69	70	0.058703
17	24	0.058656
31	32	0.058629
25	32	0.058607
47	51	0.058602
11	31	0.058596
60	105	0.058575
18	50	0.05856
64	92	0.058475
28	51	0.058474
35	51	0.058467
91	98	0.058462
34	47	0.058422
20	26	0.058413
30	75	0.058376
14	44	0.058347
11	25	0.058298
13	15	0.058278
66	92	0.058276
21	74	0.058267
25	28	0.058248
31	99	0.05822
28	81	0.058203
22	33	0.058186
22	40	0.058128
72	100	0.058122
42	57	0.058062
21	42	0.05805
59	71	0.058041
16	27	0.058039
34	40	0.058014
36	45	0.058011
26	45	0.058007
19	36	0.058005
43	49	0.057943
17	52	0.057939
14	45	0.057923
17	74	0.057894
10	28	0.057874
47	60	0.057858
15	52	0.057847
20	99	0.057833
57	101	0.05782
20	83	0.057776
8	26	0.057764
55	57	0.057727
11	14	0.057727
46	73	0.057717
48	87	0.057709
97	98	0.057695
21	22	0.057678
61	69	0.057675
33	34	0.057669
5	9	0.057576
38	49	0.057563
17	26	0.057538
25	60	0.057484
97	100	0.057462
12	22	0.057447
89	97	0.057416
43	59	0.057412
12	51	0.057378
4	33	0.057354
21	55	0.057334
25	34	0.057325
63	69	0.057291
99	100	0.05729
41	48	0.057287
31	47	0.057272
46	51	0.057266
68	69	0.05726
31	44	0.05725
100	102	0.057233
41	76	0.05721
91	105	0.057194
12	35	0.05717
24	40	0.057152
28	31	0.057148
3	38	0.057146
14	15	0.057101
23	41	0.05708
7	25	0.057035
58	76	0.056998
32	64	0.056981
77	80	0.056949
18	29	0.056911
71	96	0.056881
11	15	0.056881
38	59	0.056876
11	57	0.056816
16	57	0.056787
15	97	0.056784
57	103	0.056753
24	38	0.056737
23	55	0.056704
63	72	0.056697
57	60	0.056696
3	9	0.056688
46	55	0.05667
14	41	0.056635
42	51	0.056632
92	95	0.056614
19	20	0.056606
45	91	0.056585
35	80	0.056581
21	51	0.056569
62	65	0.056565
72	74	0.05655
15	89	0.056498
94	95	0.056433
17	89	0.056426
62	95	0.056289
16	51	0.056285
7	64	0.056274
33	38	0.056259
35	38	0.056248
31	40	0.056231
3	16	0.056219
11	41	0.056216
5	26	0.056215
10	23	0.056187
39	61	0.056157
58	71	0.056148
11	40	0.056121
60	100	0.056115
7	99	0.056112
71	81	0.056099
15	25	0.056094
44	74	0.056094
47	50	0.056093
11	30	0.056091
92	103	0.056085
15	45	0.056076
17	44	0.056068
18	75	0.056045
32	33	0.056034
20	67	0.056029
89	103	0.056014
8	23	0.056013
10	59	0.056001
16	60	0.055994
13	23	0.055979
23	45	0.055957
18	27	0.055922
5	23	0.055915
11	33	0.05591
36	42	0.055908
20	64	0.055879
90	92	0.055873
61	67	0.055849
79	103	0.055838
54	62	0.05583
65	97	0.055828
6	18	0.055802
31	60	0.055795
31	69	0.055792
14	21	0.05579
10	12	0.055777
23	26	0.055762
14	51	0.055726
10	25	0.055725
35	104	0.055679
18	39	0.055643
64	86	0.055628
4	29	0.055589
30	55	0.055562
42	70	0.055559
18	30	0.055542
102	105	0.055536
30	42	0.055529
18	61	0.055527
7	15	0.055521
88	98	0.055506
64	96	0.055484
35	37	0.055468
19	100	0.05545
16	92	0.055423
24	83	0.055399
91	96	0.055399
19	23	0.055398
67	91	0.055397
31	87	0.055395
23	37	0.055355
5	25	0.055349
35	71	0.055336
44	88	0.055307
16	42	0.055305
18	38	0.05529
8	9	0.055278
37	74	0.055275
16	52	0.055254
19	103	0.055254
5	20	0.055245
90	102	0.055239
67	79	0.05522
59	91	0.055219
33	49	0.055215
3	32	0.055145
16	56	0.055141
5	21	0.055117
29	37	0.055098
33	37	0.055096
15	75	0.055072
64	72	0.055062
56	61	0.055052
8	29	0.055052
12	13	0.055032
30	57	0.055022
7	19	0.055022
91	100	0.055011
31	65	0.055008
14	56	0.054999
88	93	0.054994
65	66	0.054983
29	57	0.054953
70	94	0.054949
51	74	0.054946
27	88	0.054886
50	73	0.054871
38	39	0.054841
59	60	0.054838
13	16	0.054774
39	99	0.054767
64	67	0.054763
90	93	0.054705
35	50	0.054684
9	31	0.054674
8	27	0.054668
62	98	0.054606
54	57	0.054597
25	37	0.054576
5	14	0.054575
50	92	0.054501
49	90	0.054441
44	76	0.054427
31	97	0.054423
18	32	0.054417
32	43	0.054406
14	88	0.054398
12	39	0.054383
22	23	0.054381
10	18	0.054368
44	46	0.054365
15	22	0.054358
45	50	0.054341
35	83	0.05434
27	57	0.054329
17	75	0.054315
4	76	0.054273
22	50	0.05427
69	71	0.054258
43	50	0.054256
33	55	0.054231
27	47	0.054209
19	37	0.054181
31	52	0.054156
29	100	0.054144
36	73	0.054142
34	79	0.054137
27	65	0.054127
6	10	0.054092
42	75	0.054074
6	63	0.054059
4	43	0.054059
17	33	0.054043
37	100	0.05404
16	75	0.054034
7	14	0.054024
17	21	0.054019
30	43	0.054016
22	60	0.054009
4	10	0.054007
52	63	0.054004
71	98	0.053996
24	43	0.053973
20	32	0.053965
34	99	0.053954
3	25	0.053949
21	59	0.053947
53	72	0.053923
23	36	0.053891
26	47	0.053882
62	93	0.053882
39	41	0.053866
29	47	0.053865
52	56	0.053856
8	22	0.053841
9	20	0.05384
11	45	0.053831
31	45	0.053798
33	46	0.053785
22	31	0.05378
55	74	0.053778
50	72	0.053777
9	27	0.053759
45	60	0.053755
52	74	0.053754
18	90	0.053753
26	52	0.053735
15	34	0.053709
13	62	0.053695
91	103	0.053691
37	99	0.053691
70	86	0.053688
60	74	0.053666
3	33	0.053646
30	56	0.053631
3	71	0.053631
53	66	0.05362
37	75	0.053604
37	79	0.053603
53	104	0.053602
16	23	0.053581
56	75	0.053566
56	92	0.053533
57	89	0.053519
26	28	0.053517
53	100	0.053516
21	32	0.053513
83	96	0.053505
3	34	0.053495
13	18	0.053484
33	73	0.053483
33	74	0.053469
74	97	0.053464
37	49	0.053459
79	87	0.053447
99	103	0.053442
40	43	0.053425
50	65	0.053409
36	79	0.053409
7	43	0.053404
18	22	0.053402
19	92	0.053398
44	48	0.053398
91	101	0.053381
36	91	0.053372
12	76	0.053369
35	48	0.053361
41	49	0.053354
49	55	0.053354
79	80	0.053342
10	98	0.053339
33	45	0.053332
40	99	0.05332
18	81	0.05323
17	19	0.053213
43	53	0.053184
44	91	0.053183
61	88	0.053167
18	43	0.053145
33	47	0.053137
63	97	0.053126
72	88	0.053124
24	92	0.053112
34	50	0.053111
76	93	0.053094
59	80	0.053092
13	21	0.053086
41	52	0.053069
13	17	0.053064
68	92	0.05306
3	20	0.053049
8	64	0.053045
57	94	0.053017
71	88	0.052999
17	104	0.052994
34	51	0.052974
41	100	0.052972
55	72	0.052924
86	93	0.052917
79	85	0.052853
22	71	0.052846
13	30	0.052826
48	68	0.052818
11	74	0.052817
15	64	0.052816
39	75	0.052795
64	105	0.05279
24	74	0.052783
53	55	0.052779
39	40	0.052769
45	49	0.052769
49	59	0.052767
4	9	0.052719
20	76	0.052657
7	27	0.052654
13	29	0.052629
57	90	0.052617
56	72	0.052613
8	44	0.052611
11	34	0.052603
11	35	0.052583
11	91	0.052578
60	104	0.052563
20	90	0.052536
47	97	0.052535
31	105	0.052529
4	8	0.052516
43	76	0.052473
5	27	0.052468
35	47	0.05246
3	55	0.052455
26	34	0.05243
15	46	0.052429
87	88	0.052423
35	45	0.052423
26	91	0.052403
48	51	0.052382
72	95	0.052368
18	54	0.052368
4	31	0.052348
30	54	0.052347
26	60	0.052345
33	88	0.052329
57	92	0.052322
18	92	0.052315
14	29	0.052308
30	35	0.052298
33	89	0.052285
36	47	0.052276
36	51	0.052265
25	75	0.052251
19	49	0.052247
20	27	0.052229
14	35	0.052215
3	31	0.052211
45	98	0.052205
43	48	0.052195
40	42	0.052188
27	33	0.052188
20	23	0.052175
4	54	0.052172
9	78	0.05217
87	90	0.052161
44	53	0.052111
35	49	0.052086
46	69	0.052085
90	103	0.05207
4	13	0.05207
27	52	0.052059
37	52	0.052046
9	64	0.052039
9	17	0.052035
71	94	0.052012
7	11	0.052003
15	56	0.052001
9	91	0.051989
14	52	0.051986
43	64	0.05198
72	102	0.051974
22	81	0.051973
47	52	0.051963
30	59	0.051959
35	55	0.051958
59	99	0.051956
8	75	0.051948
46	66	0.051938
53	98	0.051922
22	51	0.051921
28	60	0.051903
26	59	0.051896
39	72	0.051872
44	51	0.05187
47	49	0.051864
15	44	0.051859
47	88	0.051828
60	91	0.051826
28	86	0.051794
14	89	0.051794
25	36	0.05179
3	35	0.051773
80	86	0.051769
29	33	0.051769
43	45	0.051739
65	77	0.051736
69	79	0.05173
40	75	0.051728
47	59	0.051716
15	33	0.051686
36	71	0.051681
72	103	0.051663
16	39	0.051657
63	67	0.051657
18	102	0.051649
36	50	0.051642
6	31	0.051631
29	74	0.051603
7	102	0.051601
92	93	0.051593
16	41	0.051578
21	31	0.051566
11	89	0.051565
7	9	0.051555
51	68	0.051536
44	100	0.051534
33	36	0.051511
30	44	0.051494
34	83	0.051486
99	105	0.051486
48	79	0.051466
33	40	0.051466
28	55	0.051456
35	46	0.051455
11	64	0.051448
23	43	0.051435
32	100	0.051431
30	45	0.051429
36	44	0.051424
20	96	0.051423
9	15	0.051408
67	72	0.051384
78	81	0.05138
72	101	0.051373
62	91	0.05137
47	100	0.051365
38	62	0.051362
73	93	0.051361
47	74	0.05136
41	43	0.051342
15	42	0.051335
25	97	0.051331
1	2	0.051326
1	3	0.051326
1	4	0.051326
1	5	0.051326
1	6	0.051326
1	7	0.051326
1	8	0.051326
1	9	0.051326
1	10	0.051326
1	11	0.051326
1	12	0.051326
1	13	0.051326
1	14	0.051326
1	15	0.051326
1	16	0.051326
1	17	0.051326
1	18	0.051326
1	19	0.051326
1	20	0.051326
1	21	0.051326
1	22	0.051326
1	23	0.051326
1	24	0.051326
1	25	0.051326
1	26	0.051326
1	27	0.051326
1	28	0.051326
1	29	0.051326
1	30	0.051326
1	31	0.051326
1	32	0.051326
1	33	0.051326
1	34	0.051326
1	35	0.051326
1	36	0.051326
1	37	0.051326
1	38	0.051326
1	39	0.051326
1	40	0.051326
1	41	0.051326
1	42	0.051326
1	43	0.051326
1	44	0.051326
1	45	0.051326
1	46	0.051326
1	47	0.051326
1	48	0.051326
1	49	0.051326
1	50	0.051326
1	51	0.051326
1	52	0.051326
1	53	0.051326
1	54	0.051326
1	55	0.051326
1	56	0.051326
1	57	0.051326
1	58	0.051326
1	59	0.051326
1	60	0.051326
1	61	0.051326
1	62	0.051326
1	63	0.051326
1	64	0.051326
1	65	0.051326
1	66	0.051326
1	67	0.051326
1	68	0.051326
1	69	0.051326
1	70	0.051326
1	71	0.051326
1	72	0.051326
1	73	0.051326
1	74	0.051326
1	75	0.051326
1	76	0.051326
1	77	0.051326
1	78	0.051326
1	79	0.051326
1	80	0.051326
1	81	0.051326
1	82	0.051326
1	83	0.051326
1	84	0.051326
1	85	0.051326
1	86	0.051326
1	87	0.051326
1	88	0.051326
1	89	0.051326
1	90	0.051326
1	91	0.051326
1	92	0.051326
1	93	0.051326
1	94	0.051326
1	95	0.051326
1	96	0.051326
1	97	0.051326
1	98	0.051326
1	99	0.051326
1	100	0.051326
1	101	0.051326
1	102	0.051326
1	103	0.051326
1	104	0.051326
1	105	0.051326
1	106	0.051326
2	3	0.051326
2	4	0.051326
2	5	0.051326
2	6	0.051326
2	7	0.051326
2	8	0.051326
2	9	0.051326
2	10	0.051326
2	11	0.051326
2	12	0.051326
2	13	0.051326
2	14	0.051326
2	15	0.051326
2	16	0.051326
2	17	0.051326
2	18	0.051326
2	19	0.051326
2	20	0.051326
2	21	0.051326
2	22	0.051326
2	23	0.051326
2	24	0.051326
2	25	0.051326
2	26	0.051326
2	27	0.051326
2	28	0.051326
2	29	0.051326
2	30	0.051326
2	31	0.051326
2	32	0.051326
2	33	0.051326
2	34	0.051326
2	35	0.051326
2	36	0.051326
2	37	0.051326
2	38	0.051326
2	39	0.051326
2	40	0.051326
2	41	0.051326
2	42	0.051326
2	43	0.051326
2	44	0.051326
2	45	0.051326
2	46	0.051326
2	47	0.051326
2	48	0.051326
2	49	0.051326
2	50	0.051326
2	51	0.051326
2	52	0.051326
2	53	0.051326
2	54	0.051326
2	55	0.051326
2	56	0.051326
2	57	0.051326
2	58	0.051326
2	59	0.051326
2	60	0.051326
2	61	0.051326
2	62	0.051326
2	63	0.051326
2	64	0.051326
2	65	0.051326
2	66	0.051326
2	67	0.051326
2	68	0.051326
2	69	0.051326
2	70	0.051326
2	71	0.051326
2	72	0.051326
2	73	0.051326
2	74	0.051326
2	75	0.051326
2	76	0.051326
2	77	0.051326
2	78	0.051326
2	79	0.051326
2	80	0.051326
2	81	0.051326
2	82	0.051326
2	83	0.051326
2	84	0.051326
2	85	0.051326
2	86	0.051326
2	87	0.051326
2	88	0.051326
2	89	0.051326
2	90	0.051326
2	91	0.051326
2	92	0.051326
2	93	0.051326
2	94	0.051326
2	95	0.051326
2	96	0.051326
2	97	0.051326
2	98	0.051326
2	99	0.051326
2	100	0.051326
2	101	0.051326
2	102	0.051326
2	103	0.051326
2	104	0.051326
2	105	0.051326
2	106	0.051326
3	82	0.051326
3	106	0.051326
4	82	0.051326
4	106	0.051326
5	82	0.051326
5	106	0.051326
6	82	0.051326
6	106	0.051326
7	82	0.051326
7	106	0.051326
8	82	0.051326
8	106	0.051326
9	82	0.051326
9	106	0.051326
10	82	0.051326
10	106	0.051326
11	82	0.051326
11	106	0.051326
12	82	0.051326
12	106	0.051326
13	82	0.051326
13	106	0.051326
14	82	0.051326
14	106	0.051326
15	82	0.051326
15	106	0.051326
16	82	0.051326
16	106	0.051326
17	82	0.051326
17	106	0.051326
18	82	0.051326
18	106	0.051326
19	82	0.051326
19	106	0.051326
20	82	0.051326
20	106	0.051326
21	82	0.051326
21	106	0.051326
22	82	0.051326
22	106	0.051326
23	82	0.051326
23	106	0.051326
24	82	0.051326
24	106	0.051326
25	82	0.051326
25	106	0.051326
26	82	0.051326
26	106	0.051326
27	82	0.051326
27	106	0.051326
28	82	0.051326
28	106	0.051326
29	82	0.051326
29	106	0.051326
30	82	0.051326
30	106	0.051326
31	82	0.051326
31	106	0.051326
32	82	0.051326
32	106	0.051326
33	82	0.051326
33	106	0.051326
34	82	0.051326
34	106	0.051326
35	82	0.051326
35	106	0.051326
36	82	0.051326
36	106	0.051326
37	82	0.051326
37	106	0.051326
38	82	0.051326
38	106	0.051326
39	82	0.051326
39	106	0.051326
40	82	0.051326
40	106	0.051326
41	82	0.051326
41	106	0.051326
42	82	0.051326
42	106	0.051326
43	82	0.051326
43	106	0.051326
44	82	0.051326
44	106	0.051326
45	82	0.051326
45	106	0.051326
46	82	0.051326
46	106	0.051326
47	82	0.051326
47	106	0.051326
48	82	0.051326
48	106	0.051326
49	82	0.051326
49	106	0.051326
50	82	0.051326
50	106	0.051326
51	82	0.051326
51	106	0.051326
52	82	0.051326
52	106	0.051326
53	82	0.051326
53	106	0.051326
54	82	0.051326
54	106	0.051326
55	82	0.051326
55	106	0.051326
56	82	0.051326
56	106	0.051326
57	82	0.051326
57	106	0.051326
58	82	0.051326
58	106	0.051326
59	82	0.051326
59	106	0.051326
60	82	0.051326
60	106	0.051326
61	82	0.051326
61	106	0.051326
62	82	0.051326
62	106	0.051326
63	82	0.051326
63	106	0.051326
64	82	0.051326
64	106	0.051326
65	82	0.051326
65	106	0.051326
66	82	0.051326
66	106	0.051326
67	82	0.051326
67	106	0.051326
68	82	0.051326
68	106	0.051326
69	82	0.051326
69	106	0.051326
70	82	0.051326
70	106	0.051326
71	82	0.051326
71	106	0.051326
72	82	0.051326
72	106	0.051326
73	82	0.051326
73	106	0.051326
74	82	0.051326
74	106	0.051326
75	82	0.051326
75	106	0.051326
76	82	0.051326
76	106	0.051326
77	82	0.051326
77	106	0.051326
78	82	0.051326
78	106	0.051326
79	82	0.051326
79	106	0.051326
80	82	0.051326
80	106	0.051326
81	82	0.051326
81	106	0.051326
82	83	0.051326
82	84	0.051326
82	85	0.051326
82	86	0.051326
82	87	0.051326
82	88	0.051326
82	89	0.051326
82	90	0.051326
82	91	0.051326
82	92	0.051326
82	93	0.051326
82	94	0.051326
82	95	0.051326
82	96	0.051326
82	97	0.051326
82	98	0.051326
82	99	0.051326
82	100	0.051326
82	101	0.051326
82	102	0.051326
82	103	0.051326
82	104	0.051326
82	105	0.051326
82	106	0.051326
83	106	0.051326
84	106	0.051326
85	106	0.051326
86	106	0.051326
87	106	0.051326
88	106	0.051326
89	106	0.051326
90	106	0.051326
91	106	0.051326
92	106	0.051326
93	106	0.051326
94	106	0.051326
95	106	0.051326
96	106	0.051326
97	106	0.051326
98	106	0.051326
99	106	0.051326
100	106	0.051326
101	106	0.051326
102	106	0.051326
103	106	0.051326
104	106	0.051326
105	106	0.051326
56	79	0.051319
83	85	0.05131
91	97	0.0513
13	14	0.051291
8	46	0.05129
55	70	0.051281
34	46	0.051276
31	86	0.051237
18	23	0.051235
35	39	0.051233
35	97	0.051223
10	13	0.051215
12	87	0.051211
94	96	0.05121
73	102	0.051208
16	22	0.051206
45	59	0.051202
17	22	0.051197
3	30	0.051184
16	44	0.05118
51	88	0.05118
53	57	0.051164
49	70	0.051155
41	92	0.051154
11	23	0.05114
48	54	0.051135
36	97	0.051135
33	76	0.051134
64	83	0.05113
21	27	0.051105
52	89	0.051097
76	88	0.051094
18	89	0.051086
60	62	0.051085
9	13	0.051085
24	55	0.051084
28	50	0.051078
29	76	0.051055
36	37	0.051047
43	101	0.051042
99	104	0.051036
3	8	0.051033
74	104	0.051024
77	87	0.051015
32	40	0.051007
62	97	0.050996
50	79	0.050977
27	50	0.050971
12	31	0.050955
10	35	0.050946
71	79	0.05094
5	77	0.050933
50	64	0.050921
43	79	0.050916
49	68	0.050915
51	73	0.05091
49	95	0.050907
26	38	0.050902
26	56	0.050893
72	75	0.050892
5	18	0.050884
21	79	0.050884
59	77	0.05088
29	46	0.050869
29	89	0.050869
37	38	0.050859
10	17	0.050853
16	48	0.050853
91	102	0.050842
16	74	0.050837
20	80	0.050836
27	59	0.050834
11	51	0.050828
8	99	0.050819
40	68	0.05081
57	75	0.05081
17	51	0.050807
79	88	0.050804
47	91	0.050802
63	79	0.05079
35	79	0.050773
79	91	0.050772
19	79	0.05077
52	88	0.050766
42	79	0.050764
41	79	0.050764
79	92	0.050757
31	74	0.050744
21	45	0.05074
11	79	0.050738
15	27	0.050737
23	56	0.050735
9	21	0.05073
61	79	0.050715
20	105	0.050698
88	96	0.050695
31	79	0.050695
46	79	0.050692
32	79	0.050687
79	93	0.050685
23	79	0.050684
52	79	0.050677
54	72	0.050671
38	43	0.050667
74	103	0.050667
62	79	0.050661
20	79	0.050652
37	77	0.05065
72	79	0.050648
70	79	0.050643
36	60	0.050642
17	57	0.05063
56	103	0.050629
79	99	0.050626
60	79	0.050625
20	31	0.05062
34	52	0.050616
79	84	0.050616
47	79	0.050611
44	79	0.05061
89	102	0.050607
43	63	0.050606
59	79	0.050605
11	19	0.050604
44	75	0.050599
27	79	0.050599
8	47	0.050596
24	53	0.050593
64	79	0.050592
32	42	0.050581
29	31	0.05058
16	54	0.050577
45	79	0.050569
33	79	0.050567
13	75	0.050567
21	83	0.050563
34	66	0.050558
50	71	0.050555
79	100	0.050543
43	75	0.05053
3	91	0.05053
79	90	0.050526
3	50	0.050525
64	90	0.050515
59	94	0.050511
37	72	0.050506
25	79	0.050505
14	79	0.050499
24	79	0.050492
48	52	0.050491
22	79	0.050486
75	79	0.050463
15	79	0.050459
30	79	0.050453
21	50	0.050443
56	88	0.050441
24	32	0.050441
78	88	0.050438
32	39	0.050436
9	72	0.050425
43	71	0.050421
10	79	0.050421
29	79	0.050416
8	79	0.050414
26	79	0.050412
38	72	0.050401
3	10	0.0504
28	63	0.05039
34	71	0.050378
21	57	0.050364
28	79	0.050363
16	79	0.05036
13	79	0.050357
21	71	0.050351
18	79	0.050348
79	81	0.050341
74	79	0.050339
73	79	0.050337
79	105	0.050336
17	79	0.050327
78	79	0.050323
36	53	0.050323
50	98	0.050322
79	83	0.050319
62	100	0.050296
3	61	0.050296
21	43	0.050291
50	88	0.050283
83	91	0.050283
12	27	0.050277
56	74	0.05027
79	104	0.050262
79	89	0.050258
24	64	0.050258
50	63	0.050255
9	79	0.050253
73	95	0.050251
23	74	0.050248
66	79	0.050237
38	48	0.050234
11	13	0.050228
18	53	0.050221
50	91	0.05022
19	50	0.050216
21	89	0.050213
55	79	0.050206
42	50	0.050205
41	50	0.050205
7	23	0.050194
53	79	0.050192
28	99	0.050187
79	97	0.050182
3	79	0.050172
79	98	0.05017
24	52	0.050165
45	63	0.050161
16	49	0.050157
13	40	0.050156
79	102	0.050155
11	50	0.050152
53	60	0.050149
39	79	0.05014
17	60	0.050136
65	79	0.050126
77	96	0.050125
49	71	0.050124
5	8	0.050122
6	79	0.05012
16	46	0.050107
50	61	0.050107
71	91	0.050105
43	88	0.050104
19	71	0.0501
42	71	0.050089
41	71	0.050089
56	98	0.050087
4	79	0.050082
10	31	0.050076
3	15	0.050069
73	103	0.050068
11	43	0.050068
31	50	0.050068
5	79	0.050066
51	79	0.050061
76	79	0.050059
79	101	0.050058
20	58	0.050058
10	32	0.050058
32	50	0.050052
48	71	0.05005
50	93	0.050047
23	50	0.050046
34	88	0.050045
28	97	0.050042
23	24	0.05004
21	72	0.050036
35	43	0.050031
50	52	0.050031
11	71	0.05003
43	91	0.05003
54	60	0.050029
10	97	0.050028
19	43	0.050025
36	46	0.050013
32	56	0.050012
34	63	0.05001
49	85	0.050009
21	88	0.050009
10	34	0.050001
50	62	0.049999
79	94	0.049999
29	43	0.049998
24	59	0.049997
79	95	0.049997
43	92	0.049996
34	49	0.049988
61	71	0.04998
21	63	0.049973
40	79	0.049971
34	35	0.049969
34	91	0.049968
50	70	0.049965
19	34	0.049962
21	49	0.04995
35	74	0.049949
34	92	0.049932
50	99	0.049932
46	71	0.04993
21	91	0.049929
50	60	0.049929
89	98	0.049927
7	36	0.049924
19	21	0.049923
94	101	0.049922
32	71	0.04992
71	93	0.049914
23	71	0.049913
9	18	0.049912
50	84	0.049911
21	41	0.049911
7	79	0.049908
31	58	0.049906
34	48	0.049906
52	71	0.049897
43	61	0.049897
21	92	0.049892
50	59	0.049889
64	97	0.049886
3	99	0.049885
6	44	0.049872
21	48	0.049865
79	96	0.049865
62	71	0.049862
31	43	0.049852
20	71	0.049844
11	21	0.049843
71	72	0.049834
34	61	0.049829
43	93	0.049827
23	47	0.049825
26	31	0.049824
33	50	0.049813
8	72	0.049802
54	79	0.049794
71	99	0.049787
21	61	0.049786
83	94	0.049786
60	71	0.049785
31	34	0.049781
17	105	0.049773
43	62	0.049771
20	24	0.04977
50	100	0.049766
71	84	0.049764
49	58	0.049761
34	93	0.049755
47	71	0.049753
20	43	0.049752
44	71	0.049752
75	104	0.049752
10	83	0.049743
43	72	0.049742
61	94	0.049734
50	90	0.049734
51	56	0.049731
43	70	0.049731
63	88	0.04973
21	46	0.049729
27	71	0.049727
38	103	0.049726
51	75	0.049725
64	71	0.049713
63	89	0.049712
21	93	0.049711
49	88	0.049703
34	62	0.049697
43	99	0.049692
21	52	0.049691
25	50	0.049691
43	60	0.04969
28	71	0.049688
57	71	0.049686
5	24	0.049682
35	88	0.049681
14	50	0.04968
88	91	0.049679
55	76	0.049676
33	39	0.049672
19	88	0.049672
43	84	0.049668
34	72	0.049666
24	50	0.049665
10	65	0.049663
45	71	0.049661
49	63	0.049659
33	71	0.049657
42	88	0.049657
41	88	0.049657
50	80	0.049655
34	70	0.049654
21	62	0.049651
99	101	0.049645
3	40	0.049643
20	87	0.049642
35	63	0.049636
88	92	0.049635
14	34	0.049633
20	21	0.04963
27	43	0.049628
19	63	0.049627
37	63	0.049614
31	54	0.049612
42	63	0.049612
41	63	0.049611
34	60	0.049611
96	99	0.04961
50	75	0.049609
49	62	0.049609
21	70	0.049607
49	91	0.049605
71	100	0.049605
48	88	0.049603
80	105	0.049603
15	50	0.0496
63	92	0.049589
34	84	0.049589
30	50	0.049589
30	34	0.049587
35	91	0.049581
11	88	0.049578
32	60	0.049576
19	35	0.049574
53	97	0.049573
71	90	0.049569
21	99	0.049566
21	60	0.049563
3	22	0.049562
49	92	0.04956
9	104	0.049558
50	85	0.049557
48	63	0.049557
42	91	0.049556
41	91	0.049556
33	43	0.049554
19	42	0.049549
19	41	0.049548
27	34	0.049547
21	84	0.04954
35	92	0.049535
30	89	0.049535
34	64	0.049532
11	63	0.04953
27	41	0.04953
21	47	0.049527
10	50	0.049526
21	44	0.049526
25	71	0.049523
29	50	0.049515
18	88	0.049513
47	76	0.049513
8	50	0.049511
14	71	0.04951
12	49	0.04951
42	92	0.049509
26	50	0.049508
30	105	0.0495
11	49	0.0495
48	91	0.0495
43	100	0.049499
24	71	0.049494
19	48	0.049492
75	77	0.049485
71	80	0.049483
21	64	0.049481
48	76	0.04948
29	38	0.049477
56	73	0.049466
61	63	0.049461
43	90	0.049461
14	39	0.04946
38	79	0.049455
31	88	0.049453
61	96	0.049452
48	92	0.049452
33	104	0.049449
11	42	0.049447
7	59	0.049447
46	88	0.049443
4	25	0.049436
33	56	0.049434
71	75	0.049432
49	61	0.04943
32	88	0.04943
16	59	0.049428
5	22	0.049427
94	97	0.049424
15	71	0.049422
5	36	0.049421
23	88	0.04942
53	75	0.04942
67	99	0.049419
21	33	0.049417
7	24	0.049416
34	100	0.049412
25	43	0.049412
30	71	0.04941
51	101	0.049407
16	50	0.049406
35	61	0.049403
31	63	0.049403
61	91	0.049401
30	39	0.0494
13	50	0.049399
14	43	0.049399
73	104	0.049398
46	100	0.049397
20	94	0.049393
19	61	0.049393
46	63	0.049393
69	74	0.049392
37	103	0.049392
11	48	0.049388
11	62	0.04938
32	63	0.049379
42	61	0.049376
41	61	0.049375
71	85	0.049375
34	90	0.049372
63	93	0.04937
70	77	0.04937
31	49	0.04937
43	80	0.049369
69	92	0.049369
23	63	0.049369
22	43	0.049369
50	81	0.049367
50	74	0.049363
21	100	0.049358
50	105	0.049358
65	71	0.049354
62	88	0.049351
61	92	0.049351
32	49	0.049346
31	35	0.049343
27	91	0.049343
31	91	0.04934
17	50	0.04934
49	93	0.049337
23	49	0.049336
50	78	0.049333
46	91	0.04933
29	71	0.049328
58	66	0.049328
20	88	0.049327
8	71	0.049324
50	83	0.049324
19	46	0.049322
26	71	0.04932
53	99	0.04932
32	35	0.049318
21	90	0.049317
32	91	0.049316
31	42	0.049314
31	41	0.049314
48	61	0.049314
49	52	0.049313
35	93	0.049309
23	35	0.049308
17	18	0.049306
28	32	0.049306
23	91	0.049305
15	43	0.049304
42	46	0.049304
15	57	0.049303
70	88	0.0493
19	93	0.049299
58	65	0.049298
13	69	0.049292
24	34	0.049288
31	92	0.049288
35	52	0.049285
13	64	0.049285
50	56	0.049283
11	61	0.049283
52	91	0.049283
42	93	0.04928
41	93	0.04928
23	42	0.049278
3	43	0.049278
46	92	0.049278
34	80	0.049276
22	34	0.049275
19	52	0.049274
20	63	0.049273
55	71	0.049267
40	64	0.049265
32	92	0.049263
43	85	0.049255
23	92	0.049252
88	99	0.049251
31	48	0.04925
26	64	0.049248
60	88	0.049248
63	70	0.049246
83	90	0.049242
5	32	0.049241
20	49	0.049238
35	62	0.049235
21	24	0.049231
52	92	0.049229
49	72	0.049225
32	48	0.049224
19	62	0.049224
9	76	0.049223
27	86	0.049223
84	88	0.049221
34	75	0.04922
21	80	0.049218
10	43	0.049218
48	93	0.049215
23	48	0.049214
8	39	0.049213
50	104	0.049213
20	35	0.049209
16	71	0.049208
11	46	0.049208
20	91	0.049207
42	62	0.049205
41	62	0.049205
50	89	0.049203
8	43	0.049201
13	71	0.049201
74	100	0.049199
50	57	0.049197
26	43	0.049197
35	72	0.049196
9	50	0.049195
11	32	0.049193
60	63	0.049192
17	47	0.049189
59	88	0.049189
19	72	0.049184
11	93	0.049184
50	86	0.049183
18	71	0.049181
35	70	0.049181
20	42	0.049179
20	41	0.049178
70	91	0.049178
62	92	0.049178
54	78	0.049175
42	72	0.049165
41	72	0.049165
13	94	0.049164
63	84	0.049164
50	66	0.049163
13	43	0.049163
71	74	0.049161
21	75	0.04916
49	99	0.049159
71	73	0.049158
11	52	0.049158
34	85	0.049156
49	60	0.049156
71	105	0.049155
64	88	0.049152
20	92	0.049151
41	70	0.04915
47	63	0.049148
44	63	0.049147
25	89	0.049145
31	61	0.049139
48	62	0.049138
72	92	0.049137
29	94	0.049137
17	71	0.049135
21	30	0.049135
59	63	0.049131
26	81	0.04913
35	99	0.049129
71	78	0.049128
49	84	0.049128
46	61	0.049127
35	60	0.049126
71	83	0.049118
19	99	0.049118
19	60	0.049114
27	63	0.049113
32	61	0.049111
20	48	0.049111
44	49	0.04911
29	34	0.049104
61	93	0.049102
50	55	0.049101
64	100	0.049101
8	34	0.0491
58	79	0.0491
23	61	0.0491
42	99	0.049097
41	99	0.049097
35	84	0.049097
48	72	0.049096
53	65	0.049096
21	85	0.049096
84	91	0.049094
42	60	0.049094
41	60	0.049094
63	64	0.049093
19	84	0.049085
28	43	0.049084
48	70	0.049081
16	43	0.049078
11	20	0.049077
27	49	0.049075
52	61	0.049075
50	53	0.049074
56	71	0.049073
92	99	0.049069
19	47	0.049069
60	92	0.049065
42	84	0.049065
41	84	0.049064
11	72	0.049063
66	98	0.049061
20	60	0.049061
50	103	0.049059
31	46	0.049058
46	76	0.049057
50	77	0.049056
49	64	0.049056
50	97	0.049054
19	59	0.049051
11	70	0.049047
27	35	0.049044
21	29	0.049042
8	21	0.049038
84	92	0.049036
13	35	0.049034
21	26	0.049033
43	81	0.049033
31	93	0.049032
42	59	0.04903
41	59	0.04903
32	46	0.04903
43	74	0.049028
48	99	0.049027
43	73	0.049026
35	64	0.049024
48	60	0.049023
43	105	0.049022
64	91	0.049021
46	93	0.04902
61	62	0.04902
47	92	0.049019
23	46	0.049018
44	92	0.049017
33	63	0.049016
37	46	0.049015
24	100	0.049014
19	64	0.049012
27	42	0.049011
88	100	0.049007
31	73	0.049005
32	93	0.049003
50	102	0.049003
59	92	0.049001
17	43	0.049001
71	104	0.048996
43	78	0.048993
48	84	0.048993
11	99	0.048992
23	93	0.048991
42	64	0.048991
41	64	0.04899
71	89	0.048985
43	83	0.048983
27	92	0.048981
61	72	0.048976
9	71	0.048976
39	50	0.048972
16	34	0.048971
52	93	0.048966
19	85	0.048964
71	86	0.048963
13	34	0.048963
28	38	0.048963
61	70	0.04896
11	84	0.048958
48	59	0.048958
9	66	0.048957
14	18	0.048948
31	62	0.048948
63	100	0.048945
33	91	0.048942
18	34	0.048942
11	47	0.048941
50	87	0.048938
19	45	0.048938
27	48	0.048938
43	56	0.048935
46	62	0.048935
6	50	0.048934
19	33	0.048932
34	81	0.048924
34	74	0.048919
32	62	0.048918
13	25	0.048917
48	64	0.048917
34	73	0.048916
34	105	0.048912
21	28	0.048912
50	69	0.048911
33	42	0.04891
33	41	0.04891
20	46	0.048906
23	62	0.048906
49	100	0.048905
61	99	0.048903
31	72	0.048903
4	58	0.048902
101	105	0.048897
25	88	0.048897
85	103	0.048896
63	90	0.048895
17	34	0.04889
46	72	0.04889
12	79	0.048888
10	24	0.048886
31	70	0.048886
45	92	0.048886
34	78	0.048882
33	92	0.048879
22	38	0.048879
52	62	0.048879
20	93	0.048878
31	100	0.048876
18	21	0.048875
46	70	0.048873
5	33	0.048873
32	72	0.048873
35	100	0.048871
61	84	0.048868
37	50	0.048867
40	74	0.048864
54	61	0.048862
23	72	0.04886
4	50	0.048859
24	88	0.048858
21	81	0.048857
32	70	0.048856
43	104	0.048853
4	46	0.048852
47	61	0.04885
21	73	0.048849
20	52	0.048849
44	61	0.048848
64	101	0.048847
21	105	0.048845
80	88	0.048843
23	70	0.048843
53	71	0.048843
43	89	0.048842
22	88	0.048842
42	100	0.048836
43	57	0.048835
33	48	0.048834
52	72	0.048833
9	43	0.048832
25	63	0.048831
59	61	0.048831
71	103	0.048827
5	50	0.048826
5	37	0.048826
51	58	0.048824
71	77	0.048823
34	56	0.048822
71	97	0.048821
35	90	0.04882
43	86	0.048819
90	91	0.048817
52	70	0.048816
14	63	0.048815
46	99	0.048814
50	76	0.048814
21	78	0.048814
50	101	0.048812
46	60	0.04881
27	61	0.04881
19	90	0.048807
92	100	0.048804
32	99	0.048797
43	66	0.048796
24	63	0.048792
31	84	0.048791
25	49	0.048789
20	62	0.048788
17	40	0.048787
93	99	0.048786
42	90	0.048784
41	90	0.048784
23	99	0.048783
60	93	0.048781
46	84	0.048778
63	80	0.048777
22	63	0.048776
51	98	0.048776
14	49	0.048772
62	72	0.048772
28	37	0.04877
4	28	0.048769
71	102	0.048764
15	88	0.048761
32	84	0.048759
48	100	0.048757
52	99	0.048755
25	35	0.048754
62	70	0.048754
31	59	0.048753
52	60	0.048751
25	91	0.048751
24	49	0.048749
8	16	0.048749
84	93	0.048748
23	84	0.048746
30	88	0.048745
32	47	0.048741
19	25	0.048741
20	72	0.04874
46	59	0.048739
32	44	0.048739
34	104	0.048736
49	80	0.048734
14	91	0.048734
22	49	0.048733
50	95	0.048731
39	71	0.048731
47	93	0.04873
44	93	0.048728
23	44	0.048726
80	97	0.048725
34	89	0.048724
43	55	0.048723
14	19	0.048723
6	28	0.048722
20	70	0.048722
32	59	0.048721
11	100	0.048718
52	84	0.048718
27	46	0.048717
25	42	0.048717
25	41	0.048717
34	57	0.048717
9	34	0.048714
24	91	0.048711
59	93	0.04871
31	64	0.048708
23	59	0.048707
45	61	0.048707
63	75	0.048707
70	72	0.048706
48	90	0.048704
33	61	0.0487
19	24	0.0487
34	86	0.0487
14	42	0.0487
85	88	0.048699
90	97	0.048697
44	52	0.048697
22	35	0.048697
50	94	0.048696
29	53	0.048695
80	91	0.048695
46	64	0.048694
71	87	0.048694
22	91	0.048694
15	63	0.048693
27	100	0.048691
4	15	0.048691
6	71	0.048689
16	31	0.048688
20	36	0.048688
27	93	0.048687
69	93	0.048684
25	92	0.048684
19	80	0.048684
19	22	0.048683
66	74	0.04868
30	38	0.048678
52	59	0.048678
30	63	0.048676
24	42	0.048676
24	41	0.048676
73	91	0.048676
50	68	0.048675
43	103	0.048674
89	104	0.048673
43	77	0.04867
29	44	0.048669
43	97	0.048668
14	92	0.048666
12	63	0.048665
11	90	0.048664
64	93	0.048664
21	104	0.048663
46	53	0.048663
49	75	0.048663
17	31	0.048662
23	64	0.048662
42	80	0.04866
41	80	0.04866
22	42	0.048659
22	41	0.048659
27	44	0.048654
62	84	0.048654
10	88	0.048653
15	49	0.048648
43	98	0.04864
60	72	0.048638
29	88	0.048636
8	28	0.048636
25	48	0.048635
47	62	0.048634
52	64	0.048633
44	62	0.048633
30	49	0.048632
8	88	0.048631
7	30	0.048631
63	85	0.048629
21	86	0.048626
80	92	0.048626
26	88	0.048626
35	75	0.048626
22	92	0.048625
70	99	0.048625
75	91	0.048623
20	84	0.048621
60	70	0.04862
61	100	0.048619
31	33	0.048618
14	48	0.048617
37	71	0.048615
59	62	0.048614
19	75	0.048612
15	35	0.048611
43	102	0.048608
15	91	0.048608
4	71	0.048606
72	84	0.048604
20	102	0.048602
21	66	0.048602
20	47	0.048601
34	55	0.0486
36	70	0.048599
20	44	0.048599
24	48	0.048592
32	45	0.048592
30	91	0.048591
27	62	0.048591
70	84	0.048585
74	75	0.048584
47	72	0.048584
40	72	0.048583
44	72	0.048582
10	63	0.048581
45	93	0.04858
19	30	0.04858
48	80	0.048576
31	53	0.048576
33	93	0.048573
39	43	0.048573
23	33	0.048571
5	71	0.048571
34	36	0.04857
62	64	0.048567
34	53	0.048566
47	70	0.048565
29	63	0.048564
61	90	0.048563
44	70	0.048563
59	72	0.048563
51	71	0.048562
8	63	0.048559
71	76	0.048557
29	36	0.048557
60	99	0.048555
71	101	0.048555
30	41	0.048555
26	63	0.048554
75	92	0.048552
11	24	0.048552
6	25	0.048552
17	35	0.04855
26	57	0.048549
34	103	0.048549
13	90	0.048548
35	85	0.048545
34	77	0.048544
59	70	0.048544
18	46	0.048542
34	97	0.048542
85	91	0.048542
43	65	0.048542
27	72	0.048539
15	92	0.048537
10	49	0.048535
11	80	0.048535
10	99	0.048535
43	87	0.048533
55	73	0.048531
6	43	0.048528
27	70	0.04852
30	92	0.04852
84	99	0.048519
29	49	0.048518
7	50	0.048517
60	84	0.048515
34	98	0.048513
8	49	0.048513
26	49	0.048507
42	85	0.048505
41	85	0.048505
10	47	0.048505
98	103	0.048501
48	75	0.048501
47	99	0.048499
44	99	0.048497
64	70	0.048496
10	91	0.048493
44	60	0.048492
25	61	0.048491
21	53	0.048489
93	100	0.048488
29	60	0.048488
23	100	0.048486
15	48	0.048485
63	83	0.048484
28	88	0.048483
10	19	0.048481
27	103	0.048481
34	102	0.048479
45	62	0.048479
29	35	0.048479
14	31	0.048479
16	88	0.048476
29	91	0.048476
8	35	0.048474
33	62	0.048472
14	61	0.048472
21	103	0.048471
8	91	0.04847
85	92	0.04847
26	35	0.048468
30	48	0.048468
21	77	0.048467
13	88	0.048466
21	97	0.048465
19	29	0.048464
15	55	0.048463
46	90	0.048462
11	75	0.048459
47	84	0.048458
44	84	0.048456
10	41	0.048456
50	67	0.048455
52	100	0.048454
27	99	0.048453
28	104	0.048453
33	83	0.048452
37	43	0.04845
24	61	0.048446
20	45	0.048444
13	99	0.048444
34	39	0.048442
32	90	0.048442
54	97	0.048441
75	84	0.048441
3	21	0.04844
29	42	0.048438
29	41	0.048438
20	33	0.048437
3	24	0.048436
59	84	0.048435
21	98	0.048435
50	96	0.048433
8	42	0.048433
61	80	0.048429
76	77	0.048428
22	61	0.048428
26	42	0.048427
23	90	0.048427
45	72	0.048426
71	95	0.048423
10	92	0.048419
81	88	0.048419
33	72	0.048419
48	85	0.048417
74	88	0.048413
27	84	0.048411
34	65	0.04841
52	104	0.04841
45	70	0.048406
22	32	0.048405
88	105	0.048405
68	71	0.048404
9	102	0.048403
5	43	0.048403
25	31	0.048402
29	92	0.048402
34	87	0.048401
21	102	0.0484
16	63	0.0484
33	70	0.048399
39	60	0.048397
8	92	0.048396
15	53	0.048396
6	34	0.048395
52	90	0.048395
26	92	0.04839
13	63	0.048389
25	46	0.048387
64	84	0.048386
14	73	0.048382
17	88	0.048379
11	85	0.048373
40	71	0.048368
14	46	0.048368
10	48	0.048365
47	64	0.048364
30	69	0.048363
18	63	0.048363
44	64	0.048362
21	39	0.048362
28	49	0.048359
24	31	0.048357
53	61	0.048356
83	88	0.048356
25	93	0.048354
61	75	0.04835
20	100	0.048348
29	48	0.048347
8	48	0.048342
63	81	0.048341
13	49	0.04834
31	80	0.048339
45	99	0.048336
8	40	0.048336
26	48	0.048336
63	74	0.048335
14	93	0.048334
15	61	0.048334
63	73	0.048332
43	69	0.048331
21	65	0.048329
15	72	0.048327
63	105	0.048327
26	55	0.048327
33	60	0.048324
62	90	0.048324
46	80	0.048323
22	46	0.048322
13	85	0.048321
63	104	0.04832
21	87	0.04832
28	35	0.048318
27	64	0.048316
30	61	0.048315
34	37	0.048314
6	21	0.048314
18	49	0.048313
70	100	0.048309
24	93	0.048307
16	91	0.048306
4	34	0.048304
52	76	0.048304
11	29	0.048303
19	28	0.048302
32	80	0.048302
47	101	0.0483
17	63	0.0483
8	11	0.048297
50	54	0.048296
13	91	0.048295
16	19	0.048294
45	84	0.048293
49	81	0.048291
18	25	0.048291
63	78	0.04829
80	93	0.048289
22	93	0.048288
23	80	0.048286
49	74	0.048285
33	84	0.048285
13	19	0.048283
49	73	0.048282
49	105	0.048277
28	42	0.048274
28	41	0.048274
18	35	0.048272
18	91	0.048268
5	34	0.048265
14	24	0.048263
61	85	0.048261
33	44	0.048261
31	75	0.048257
53	67	0.048257
18	19	0.048256
13	42	0.048256
13	41	0.048255
52	80	0.048253
22	52	0.048251
43	94	0.048251
34	76	0.04825
35	81	0.048249
17	49	0.048249
34	101	0.048247
70	90	0.048246
43	95	0.048246
81	91	0.048246
25	62	0.048245
46	75	0.048241
35	73	0.048239
33	59	0.048239
40	58	0.048238
28	92	0.048236
35	105	0.048235
19	81	0.048233
7	71	0.048231
18	42	0.048228
18	41	0.048228
43	68	0.048227
49	83	0.048226
31	39	0.048225
14	62	0.048224
19	73	0.048223
9	54	0.048223
30	31	0.048221
27	45	0.048221
4	21	0.04822
18	99	0.04822
19	105	0.048218
13	92	0.048217
56	63	0.048215
4	93	0.048212
20	25	0.048207
75	93	0.048206
42	81	0.048205
30	46	0.048205
41	81	0.048205
23	75	0.048203
17	91	0.048203
27	56	0.048203
51	70	0.048202
96	101	0.048202
41	74	0.048199
24	62	0.048197
35	78	0.048197
42	73	0.048195
41	73	0.048195
45	64	0.048194
78	91	0.048193
88	104	0.048192
84	100	0.048192
42	105	0.04819
41	105	0.04819
34	69	0.048189
15	93	0.048189
29	61	0.048189
25	72	0.048187
14	20	0.048186
33	64	0.048186
8	61	0.048183
19	78	0.04818
28	48	0.048179
62	80	0.048178
22	62	0.048177
26	61	0.048176
90	99	0.048173
30	93	0.04817
57	88	0.04817
52	75	0.048169
60	90	0.048168
25	73	0.048167
14	72	0.048166
19	83	0.048166
9	88	0.048166
47	104	0.048166
31	85	0.048166
25	70	0.048166
81	92	0.048166
21	76	0.048164
49	56	0.048163
17	42	0.048162
17	41	0.048162
21	101	0.048162
13	32	0.048161
74	92	0.04816
13	48	0.048159
73	92	0.048156
42	78	0.048152
41	78	0.048152
92	105	0.048151
46	85	0.04815
86	88	0.048149
14	70	0.048145
59	100	0.048145
24	72	0.048138
42	83	0.048138
41	83	0.048138
26	73	0.048135
5	85	0.048133
11	28	0.048132
18	48	0.048131
32	85	0.048127
84	90	0.048127
81	85	0.048127
17	92	0.048122
66	88	0.04812
35	56	0.04812
72	80	0.048119
22	72	0.048118
13	38	0.048117
24	70	0.048116
16	97	0.048115
85	93	0.048113
78	92	0.048112
23	85	0.048111
48	81	0.048107
17	100	0.048106
34	94	0.048106
47	90	0.048104
19	56	0.048103
21	69	0.048102
44	90	0.048102
48	74	0.048101
34	95	0.048101
70	80	0.048097
48	73	0.048097
22	70	0.048096
10	46	0.048094
62	75	0.048092
48	105	0.048092
84	86	0.048092
25	99	0.048091
57	63	0.048085
55	83	0.048083
11	18	0.048083
43	96	0.048083
9	63	0.048082
34	68	0.04808
59	90	0.048079
55	60	0.048079
4	52	0.048075
52	85	0.048075
15	62	0.048075
42	56	0.048074
41	56	0.048073
14	99	0.048069
63	86	0.048064
17	48	0.048063
26	46	0.048062
47	66	0.04806
11	81	0.04806
10	93	0.048057
49	104	0.048055
30	62	0.048054
20	75	0.048053
48	78	0.048052
27	90	0.048052
11	73	0.048049
10	52	0.048044
11	105	0.048044
25	84	0.048043
53	54	0.048043
49	89	0.048041
48	83	0.048038
29	93	0.048037
15	20	0.048035
24	60	0.048035
63	66	0.048035
49	57	0.048031
8	93	0.048031
55	88	0.048029
9	49	0.048028
24	76	0.048028
56	89	0.048027
31	66	0.048026
26	93	0.048025
14	84	0.048022
80	99	0.04802
22	99	0.048019
25	44	0.048018
21	94	0.048017
60	80	0.048015
20	30	0.048014
11	17	0.048014
10	26	0.048013
21	95	0.048011
28	61	0.048011
49	86	0.04801
91	104	0.048006
11	78	0.048004
16	61	0.048002
4	37	0.048
62	85	0.047996
35	89	0.047995
25	59	0.047994
36	88	0.047994
30	72	0.047993
19	104	0.047992
24	84	0.047992
8	52	0.047992
15	70	0.047991
13	61	0.047991
21	68	0.04799
11	83	0.047989
53	88	0.047989
45	100	0.047988
54	71	0.047988
35	57	0.047986
9	35	0.047982
57	91	0.047982
59	81	0.047981
49	66	0.04798
33	100	0.047979
3	51	0.047979
19	89	0.047978
37	42	0.047976
14	59	0.047972
16	29	0.047972
48	56	0.047972
30	70	0.047971
22	84	0.047971
43	67	0.04797
19	57	0.047968
67	78	0.047968
24	47	0.047968
88	103	0.047967
24	44	0.047966
9	19	0.047965
35	86	0.047964
42	104	0.047962
41	104	0.047962
77	88	0.047962
22	59	0.047961
38	83	0.047961
86	91	0.04796
88	97	0.04796
20	85	0.047956
35	58	0.047951
21	40	0.047949
47	80	0.047948
41	89	0.047948
19	86	0.047947
22	47	0.047946
16	37	0.047946
44	80	0.047946
22	44	0.047944
55	63	0.047941
41	57	0.047938
10	62	0.047938
25	64	0.047937
61	81	0.047936
27	55	0.047935
9	42	0.047935
9	41	0.047934
4	26	0.047934
72	85	0.047934
35	66	0.047933
13	24	0.047933
3	88	0.047931
75	99	0.04793
61	74	0.04793
66	91	0.047929
90	98	0.047926
61	73	0.047925
11	56	0.047922
61	105	0.04792
92	104	0.04792
45	90	0.047919
29	62	0.047917
47	73	0.047916
26	54	0.047916
42	86	0.047916
41	86	0.047916
19	66	0.047916
23	39	0.047915
14	64	0.047915
15	99	0.047912
8	62	0.047911
70	85	0.047911
33	90	0.047911
13	59	0.047909
15	60	0.047906
89	92	0.047905
36	63	0.047905
26	62	0.047904
53	63	0.0479
34	54	0.047898
4	48	0.047894
27	80	0.047893
9	92	0.047892
30	99	0.047891
28	46	0.04789
17	61	0.047889
7	34	0.047888
13	31	0.047887
89	93	0.047885
42	66	0.047885
19	40	0.047885
41	66	0.047885
3	93	0.047885
88	102	0.047884
61	78	0.047878
63	103	0.047878
37	57	0.047877
20	29	0.047876
10	72	0.047875
86	92	0.047873
11	58	0.047873
63	77	0.047872
8	20	0.047869
13	46	0.047869
64	80	0.047864
61	83	0.047863
15	84	0.047862
22	64	0.047862
48	104	0.047857
16	32	0.047857
29	72	0.047854
28	93	0.047851
10	70	0.047851
23	28	0.047848
36	49	0.047848
49	53	0.047843
16	93	0.047842
48	89	0.047842
3	63	0.047841
30	84	0.047841
26	72	0.04784
39	88	0.047839
7	38	0.047837
55	91	0.047833
48	57	0.047832
31	81	0.047831
29	70	0.04783
13	93	0.04783
85	99	0.04783
59	75	0.047829
9	48	0.047829
60	85	0.047824
18	60	0.047824
8	70	0.047824
49	103	0.047821
19	55	0.047819
26	70	0.047817
16	53	0.047815
49	77	0.047815
51	52	0.047813
46	81	0.047813
49	97	0.047813
34	67	0.047812
45	76	0.047811
15	59	0.047811
28	52	0.04781
48	86	0.04781
90	100	0.047806
46	74	0.047806
11	104	0.047806
65	88	0.047801
27	75	0.0478
35	36	0.0478
18	93	0.047799
8	81	0.047798
70	105	0.047796
46	105	0.047796
35	53	0.047795
7	21	0.047793
63	102	0.047793
53	91	0.047791
13	52	0.047789
32	81	0.047788
42	55	0.047788
41	55	0.047787
34	96	0.047786
43	54	0.047785
6	88	0.047783
3	46	0.047783
84	85	0.047779
48	66	0.047777
9	11	0.047777
32	73	0.047777
49	98	0.047776
19	53	0.047776
24	45	0.047776
81	93	0.047773
35	103	0.047772
31	78	0.047771
32	105	0.047771
16	18	0.04777
23	81	0.04777
64	75	0.04777
35	77	0.047767
74	93	0.047766
6	72	0.047766
77	91	0.047762
23	73	0.047759
11	86	0.047757
18	52	0.047757
93	105	0.047756
31	83	0.047756
45	80	0.047755
47	85	0.047753
23	105	0.047753
22	45	0.047753
46	78	0.047753
44	85	0.047751
19	77	0.047748
29	99	0.047747
27	98	0.047747
39	63	0.047747
33	80	0.047746
19	97	0.047746
47	57	0.047746
42	53	0.047744
41	53	0.047744
55	92	0.047743
17	32	0.047739
46	83	0.047737
8	60	0.047735
49	102	0.047734
26	99	0.047733
10	56	0.047731
52	81	0.047731
30	64	0.047728
32	78	0.047728
35	98	0.047727
59	85	0.047726
28	62	0.047725
11	66	0.047725
17	93	0.047724
42	103	0.047722
41	103	0.047721
10	84	0.047717
42	77	0.047716
16	62	0.047716
41	77	0.047716
3	19	0.047715
21	67	0.047715
25	100	0.047715
103	104	0.047714
52	105	0.047714
42	97	0.047714
41	97	0.047713
78	93	0.047712
32	83	0.047712
23	78	0.047709
19	98	0.047709
36	92	0.047705
3	23	0.047704
10	33	0.047703
53	92	0.047699
83	93	0.047697
63	87	0.047696
27	85	0.047696
29	84	0.047695
23	83	0.047694
62	67	0.047693
14	100	0.047691
10	44	0.047689
8	84	0.047688
21	96	0.047688
39	49	0.047687
37	88	0.047685
35	102	0.047684
31	56	0.047684
3	42	0.047683
3	41	0.047683
20	28	0.047681
26	84	0.047681
3	47	0.047679
48	55	0.047677
42	98	0.047676
41	98	0.047676
4	88	0.047674
61	104	0.047673
55	66	0.047672
16	20	0.047672
18	62	0.047671
77	92	0.04767
52	78	0.04767
29	39	0.047668
17	36	0.047668
92	97	0.047668
46	56	0.047665
19	102	0.047665
64	85	0.047664
13	20	0.047659
28	72	0.047658
61	89	0.047657
70	95	0.047656
52	83	0.047654
90	95	0.047651
33	75	0.047649
16	72	0.047649
49	65	0.047647
57	61	0.047647
62	81	0.047644
51	69	0.047641
29	59	0.047641
25	90	0.04764
45	55	0.04764
36	48	0.047638
3	92	0.047637
62	74	0.047637
38	50	0.047636
80	100	0.047636
49	87	0.047636
13	72	0.047635
22	100	0.047635
8	59	0.047634
28	70	0.047633
39	91	0.047633
48	53	0.047633
4	41	0.047633
42	102	0.047633
41	102	0.047632
62	73	0.047632
92	98	0.04763
6	49	0.047629
62	105	0.047626
18	20	0.047626
5	88	0.047626
97	104	0.047625
56	93	0.047624
16	70	0.047624
11	55	0.047623
61	86	0.047623
17	27	0.047621
19	39	0.047618
14	90	0.047616
57	97	0.047615
13	70	0.04761
48	103	0.047609
88	101	0.047605
48	77	0.047603
18	72	0.047603
48	97	0.047601
20	81	0.047599
54	91	0.047597
35	65	0.047597
17	62	0.047593
65	91	0.047592
20	74	0.047592
29	69	0.047591
61	66	0.047589
20	73	0.047587
92	102	0.047586
35	87	0.047585
39	42	0.047585
4	16	0.047585
11	36	0.047584
24	90	0.047583
62	78	0.047581
87	91	0.047581
29	64	0.047578
11	53	0.047578
6	35	0.047578
18	70	0.047577
19	65	0.047577
4	63	0.047577
72	81	0.047575
6	91	0.047573
66	78	0.04757
3	48	0.047569
19	87	0.047566
62	83	0.047565
48	98	0.047562
80	90	0.047561
31	104	0.04756
68	94	0.04756
22	90	0.047559
6	19	0.047558
72	105	0.047558
11	103	0.047554
70	81	0.04755
45	85	0.047549
11	77	0.047548
17	20	0.047548
11	97	0.047546
31	89	0.047544
42	65	0.047544
74	90	0.047544
41	65	0.047543
70	74	0.047543
46	104	0.047541
33	85	0.04754
70	73	0.047538
39	92	0.047538
16	99	0.047536
69	88	0.047536
61	97	0.047534
31	57	0.047533
42	87	0.047532
41	87	0.047532
72	96	0.047531
89	101	0.047528
5	63	0.047528
38	61	0.047526
46	89	0.047524
6	42	0.047524
6	41	0.047524
17	72	0.047524
13	81	0.047524
10	69	0.047522
48	102	0.047517
21	54	0.047517
13	60	0.047516
51	63	0.047516
4	49	0.047515
6	22	0.047514
32	104	0.047514
3	11	0.047514
46	57	0.047514
36	61	0.047513
72	78	0.047512
40	96	0.04751
63	76	0.04751
9	46	0.04751
63	101	0.047507
11	98	0.047507
17	70	0.047498
93	104	0.047498
65	92	0.047496
5	73	0.047496
72	83	0.047495
23	104	0.047494
30	100	0.047492
28	84	0.047491
56	62	0.04749
10	89	0.047489
46	86	0.047489
57	70	0.047487
32	57	0.047487
70	78	0.047486
87	92	0.047484
55	61	0.047484
10	45	0.047484
9	32	0.047483
16	84	0.047481
6	92	0.047477
57	93	0.04747
37	91	0.04747
70	83	0.047469
39	48	0.047468
13	84	0.047467
23	57	0.047467
9	93	0.047466
5	49	0.047465
28	47	0.047463
9	23	0.047463
25	80	0.047463
7	96	0.047462
32	86	0.047462
11	102	0.047461
28	44	0.047461
81	99	0.047461
29	45	0.04746
75	90	0.047459
4	91	0.047458
60	81	0.047454
8	45	0.047453
74	99	0.047453
60	69	0.047452
73	99	0.047448
49	76	0.047446
30	74	0.047444
8	33	0.047444
49	101	0.047443
20	56	0.047443
23	86	0.047442
4	19	0.047442
60	73	0.047442
13	47	0.047439
28	54	0.047439
15	90	0.047438
14	80	0.047437
13	44	0.047437
88	94	0.047436
49	54	0.047435
28	59	0.047434
18	84	0.047433
88	95	0.047429
32	66	0.047427
48	65	0.047426
52	57	0.047425
85	100	0.047425
39	65	0.047422
9	52	0.047421
75	87	0.04742
37	41	0.04742
30	90	0.047414
61	103	0.047412
5	35	0.047412
11	39	0.047411
66	93	0.04741
17	99	0.047407
5	91	0.047407
4	42	0.047407
23	66	0.047407
59	76	0.047407
61	77	0.047406
6	48	0.047406
18	47	0.047405
68	88	0.047405
81	84	0.047405
24	80	0.047403
18	44	0.047402
52	86	0.0474
74	84	0.047397
7	81	0.047397
51	91	0.047395
78	99	0.047395
35	76	0.047393
73	84	0.047392
56	70	0.047392
35	101	0.04739
76	91	0.047388
60	78	0.047388
84	105	0.047386
19	51	0.047379
83	99	0.047378
22	80	0.047378
13	27	0.047377
47	81	0.047376
18	59	0.047375
44	81	0.047374
19	76	0.047373
60	83	0.047371
49	69	0.047371
37	92	0.047371
19	101	0.047369
11	65	0.047368
28	64	0.047367
31	55	0.047365
52	66	0.047364
61	98	0.047363
24	105	0.047362
44	73	0.047361
62	104	0.047359
4	92	0.047358
47	105	0.047358
98	101	0.047358
16	64	0.047357
10	100	0.047357
40	88	0.047356
5	42	0.047356
5	41	0.047356
11	87	0.047356
44	105	0.047355
17	84	0.047351
6	11	0.047348
85	90	0.047345
41	51	0.047344
62	89	0.047342
59	74	0.047339
78	84	0.047338
42	76	0.047337
42	101	0.047334
41	101	0.047334
59	73	0.047334
63	94	0.047333
14	75	0.047332
57	62	0.047331
59	105	0.047327
63	95	0.047326
31	36	0.047323
83	84	0.047321
26	100	0.047317
32	55	0.047317
35	69	0.047317
61	102	0.047316
27	81	0.047313
69	91	0.047312
20	104	0.047311
53	105	0.047311
47	78	0.047309
73	85	0.047308
18	64	0.047308
44	78	0.047307
27	74	0.047305
62	86	0.047305
63	68	0.047301
27	73	0.0473
55	93	0.0473
56	99	0.047299
37	48	0.047298
24	75	0.047297
19	69	0.047296
27	105	0.047294
51	92	0.047294
20	89	0.047294
47	83	0.047292
31	103	0.047292
5	101	0.047292
17	59	0.047292
44	83	0.047289
76	92	0.047287
72	104	0.047286
31	77	0.047285
44	54	0.047283
20	57	0.047282
59	78	0.047279
64	81	0.047278
10	90	0.047276
15	24	0.047275
75	80	0.047273
22	75	0.047271
46	103	0.047271
64	74	0.047271
62	66	0.047268
32	53	0.047268
49	94	0.047267
3	54	0.047265
46	77	0.047264
38	71	0.047264
46	97	0.047262
59	83	0.047261
42	69	0.04726
41	69	0.047259
70	104	0.047258
36	93	0.047257
20	86	0.047256
29	90	0.047251
15	80	0.047251
53	93	0.047251
9	29	0.047249
23	53	0.047247
3	52	0.047246
27	78	0.047245
8	90	0.047244
28	45	0.047243
32	103	0.047242
25	85	0.047242
31	98	0.047241
70	89	0.047241
56	84	0.047241
11	37	0.047239
5	57	0.047237
30	81	0.047236
32	77	0.047236
26	90	0.047236
32	97	0.047233
8	13	0.047233
5	48	0.047233
72	86	0.04723
27	83	0.047227
30	80	0.047226
4	11	0.047226
93	103	0.047225
9	70	0.047225
22	30	0.047224
17	64	0.047223
23	103	0.047222
46	98	0.04722
20	66	0.047219
77	93	0.047219
13	45	0.047218
93	97	0.047216
23	77	0.047215
14	85	0.047215
23	97	0.047212
35	94	0.047211
47	56	0.047211
48	101	0.04721
64	78	0.04721
36	52	0.047209
44	56	0.047209
13	33	0.047208
61	87	0.047207
91	94	0.047207
35	95	0.047204
44	89	0.047203
91	95	0.0472
6	61	0.047199
66	72	0.047193
31	102	0.047192
32	98	0.047191
19	94	0.04719
19	95	0.047183
18	45	0.047182
6	24	0.047181
56	59	0.04718
6	33	0.04718
35	68	0.047179
24	85	0.047178
52	103	0.047177
5	78	0.047175
7	88	0.047175
68	91	0.047174
93	98	0.047174
5	11	0.047173
18	33	0.047172
46	102	0.047171
52	77	0.04717
23	98	0.04717
52	97	0.047168
66	70	0.047165
4	36	0.047159
19	68	0.047157
55	62	0.047154
80	85	0.047154
42	94	0.047153
41	94	0.047153
11	76	0.047153
22	85	0.047152
45	81	0.047152
11	101	0.047149
6	64	0.047146
42	95	0.047146
25	29	0.047146
41	95	0.047146
89	99	0.047144
45	74	0.047144
32	102	0.047142
33	81	0.047141
45	73	0.047139
8	25	0.047138
60	89	0.047137
48	69	0.047133
57	99	0.047132
45	105	0.047132
40	62	0.047129
35	40	0.047128
52	98	0.047125
93	102	0.047124
40	91	0.047123
33	105	0.047122
23	102	0.047121
42	68	0.04712
41	68	0.04712
39	46	0.047118
8	14	0.04711
9	87	0.04711
36	62	0.04711
56	64	0.047109
28	100	0.047109
44	96	0.047106
86	99	0.047105
20	55	0.047104
53	62	0.047104
84	104	0.047102
92	94	0.047101
60	86	0.047099
16	100	0.047098
17	45	0.047095
15	30	0.047093
37	61	0.047086
84	89	0.047084
67	88	0.047083
13	100	0.047083
62	68	0.047082
10	80	0.047081
45	78	0.047081
32	38	0.04708
10	22	0.047079
65	72	0.047077
62	103	0.047077
52	102	0.047075
46	68	0.047075
4	61	0.047072
57	84	0.047072
11	69	0.047072
46	65	0.047072
33	78	0.04707
39	93	0.04707
62	77	0.04707
44	104	0.047069
9	84	0.047068
66	99	0.047067
10	36	0.047067
7	63	0.047065
45	83	0.047063
6	20	0.047061
60	66	0.04706
46	87	0.047058
29	80	0.047056
22	29	0.047054
47	89	0.047054
20	53	0.047053
6	46	0.04705
56	101	0.047049
8	80	0.047048
18	100	0.047045
51	64	0.047042
32	65	0.047042
75	85	0.047041
40	57	0.047039
59	104	0.047039
26	80	0.047039
44	57	0.047039
5	56	0.047039
9	47	0.047037
9	44	0.047034
36	72	0.047032
3	62	0.047032
32	87	0.047028
20	103	0.047026
65	93	0.047024
48	94	0.047024
28	90	0.047023
59	89	0.047021
6	32	0.04702
23	65	0.04702
20	77	0.047019
15	85	0.047018
5	61	0.047017
48	95	0.047016
20	97	0.047016
40	92	0.047015
81	100	0.047014
47	86	0.047014
16	90	0.047012
44	86	0.047011
87	93	0.04701
22	105	0.047009
57	59	0.047009
23	87	0.047007
66	84	0.047006
9	59	0.047004
51	61	0.047004
27	104	0.047004
6	93	0.047002
73	100	0.047001
12	92	0.046999
6	23	0.046998
53	70	0.046997
61	76	0.046996
7	49	0.046995
61	101	0.046993
30	85	0.046992
72	77	0.046992
72	97	0.046989
60	94	0.046987
6	54	0.046987
27	89	0.046985
59	86	0.046981
52	65	0.046973
62	102	0.046973
44	66	0.046972
20	98	0.046972
70	103	0.046969
10	75	0.046967
3	29	0.046967
6	16	0.046967
64	104	0.046967
3	14	0.046965
11	94	0.04696
52	87	0.04696
70	97	0.04696
18	104	0.046956
31	37	0.046955
11	95	0.046953
3	72	0.046952
50	58	0.046952
6	52	0.046951
64	89	0.046948
55	99	0.046948
72	98	0.046944
10	15	0.046944
59	66	0.046942
78	100	0.046941
40	48	0.046936
7	35	0.046936
57	64	0.046936
9	86	0.046933
7	91	0.04693
7	51	0.046928
81	90	0.046927
11	68	0.046926
3	70	0.046923
83	100	0.046922
39	62	0.046917
70	98	0.046915
90	105	0.046906
27	66	0.046905
32	37	0.046902
36	99	0.046901
49	67	0.0469
26	40	0.046888
4	32	0.046888
5	31	0.046885
55	84	0.046885
37	93	0.046884
14	28	0.046883
8	30	0.046882
7	42	0.046874
7	41	0.046873
31	51	0.046871
3	27	0.04687
5	104	0.04687
49	96	0.046867
17	90	0.046866
4	23	0.046865
31	76	0.046864
20	39	0.046863
5	46	0.046862
31	101	0.04686
77	99	0.04686
60	103	0.046859
33	53	0.046855
62	87	0.046855
47	55	0.046853
60	77	0.046852
78	90	0.046852
54	88	0.046852
44	55	0.04685
60	97	0.046849
6	62	0.046846
10	85	0.046839
35	67	0.046839
36	84	0.046837
46	101	0.046837
56	100	0.046835
53	84	0.046831
45	104	0.046831
7	47	0.04682
55	59	0.046819
28	80	0.046817
32	51	0.046817
19	67	0.046816
20	65	0.046815
25	81	0.046813
29	85	0.046812
3	17	0.046812
3	60	0.046812
5	93	0.046812
45	89	0.046811
98	99	0.046811
32	76	0.046809
35	96	0.046806
32	101	0.046806
16	80	0.046805
39	70	0.046805
25	74	0.046805
8	85	0.046804
60	98	0.046803
84	103	0.046802
13	83	0.046801
75	86	0.046799
47	53	0.046799
45	57	0.046799
51	93	0.046798
40	70	0.046797
77	84	0.046795
26	85	0.046795
9	45	0.046794
4	83	0.046794
23	51	0.046794
84	97	0.046792
25	105	0.046792
61	95	0.04679
13	80	0.046789
95	103	0.046789
33	57	0.046788
13	22	0.046787
93	101	0.046787
23	76	0.046786
14	81	0.046783
19	96	0.046783
9	33	0.046783
23	101	0.046783
56	57	0.046782
6	36	0.04678
38	60	0.046777
42	67	0.046776
41	67	0.046775
14	74	0.046775
72	87	0.046772
36	59	0.046771
47	103	0.04677
45	86	0.04677
44	103	0.046767
53	59	0.046764
47	77	0.046763
14	105	0.046762
61	68	0.046761
44	77	0.04676
5	52	0.046759
33	86	0.046758
99	102	0.046757
44	97	0.046757
65	70	0.046756
3	84	0.046754
17	25	0.046752
60	102	0.04675
18	80	0.046749
8	18	0.046749
84	98	0.046746
56	90	0.046744
24	81	0.046744
42	96	0.046743
55	64	0.046743
41	96	0.046742
70	87	0.046742
5	59	0.04674
25	78	0.046737
7	48	0.046736
59	103	0.046736
54	63	0.046734
10	29	0.046734
52	101	0.046734
27	36	0.046733
78	97	0.046731
24	73	0.046729
45	66	0.046728
27	53	0.046726
8	10	0.046726
59	97	0.046725
37	62	0.046724
32	69	0.046722
3	44	0.046719
25	83	0.046717
33	66	0.046717
90	94	0.046714
75	103	0.046713
38	53	0.04671
44	98	0.04671
4	62	0.046709
74	80	0.046707
14	78	0.046707
22	74	0.046705
40	61	0.046705
73	80	0.046702
22	73	0.0467
23	69	0.046699
28	75	0.046696
21	38	0.046696
36	64	0.046694
84	102	0.046692
27	77	0.04669
6	8	0.046687
27	97	0.046687
53	64	0.046687
3	59	0.046687
14	83	0.046687
36	74	0.046686
68	76	0.046682
59	98	0.046678
15	28	0.046671
20	37	0.046668
24	78	0.046666
3	18	0.046661
47	102	0.046659
31	94	0.046659
64	103	0.046658
6	38	0.046657
44	102	0.046656
17	80	0.046653
89	94	0.046653
4	20	0.046653
31	95	0.046651
64	77	0.04665
57	100	0.04665
5	62	0.046649
52	69	0.046649
65	99	0.046648
9	100	0.046645
28	30	0.046643
78	80	0.046638
22	78	0.046636
48	67	0.046635
51	62	0.046635
46	94	0.046635
87	99	0.046634
39	84	0.046632
62	76	0.046627
46	95	0.046627
60	87	0.046626
6	99	0.046625
4	72	0.046624
62	101	0.046623
59	102	0.046623
31	68	0.046621
86	100	0.04662
80	83	0.046618
6	60	0.046617
22	83	0.046616
37	70	0.046607
32	94	0.046602
15	18	0.046602
48	96	0.046601
39	47	0.046599
39	44	0.046596
35	54	0.046595
32	95	0.046594
75	81	0.046593
4	70	0.046592
90	104	0.046589
27	102	0.046584
65	84	0.046581
23	94	0.046578
66	100	0.046578
93	95	0.046574
19	54	0.046571
23	95	0.04657
15	81	0.046567
20	101	0.046567
84	87	0.046567
11	67	0.046566
3	26	0.046566
32	68	0.046564
5	72	0.046563
39	59	0.046563
28	85	0.046561
3	102	0.04656
6	84	0.046557
24	56	0.046553
15	73	0.046552
9	90	0.046551
51	72	0.046549
16	85	0.046548
47	65	0.046547
15	105	0.046545
68	93	0.046544
44	65	0.046544
12	50	0.046544
45	53	0.046543
16	69	0.046541
18	103	0.046541
72	76	0.046541
23	68	0.04654
62	69	0.046536
47	87	0.046533
11	96	0.046532
5	70	0.046531
44	87	0.04653
29	104	0.046529
42	54	0.046529
41	54	0.046528
52	94	0.046527
56	80	0.046525
86	90	0.046525
27	39	0.046524
6	47	0.046523
30	73	0.046523
22	56	0.046523
52	95	0.046519
17	55	0.046514
45	103	0.046513
59	65	0.046511
70	76	0.046509
45	77	0.046505
70	101	0.046505
45	97	0.046502
33	103	0.046501
7	61	0.046495
4	38	0.046494
33	77	0.046493
75	83	0.046492
7	37	0.046491
33	97	0.04649
18	85	0.046489
37	60	0.046489
52	68	0.046489
46	54	0.046488
15	78	0.046487
6	59	0.046487
40	93	0.046486
39	64	0.046483
23	40	0.046482
66	90	0.046482
4	99	0.046481
20	69	0.046479
74	95	0.046474
4	60	0.046473
17	30	0.046473
54	92	0.046469
25	104	0.046467
15	83	0.046467
3	45	0.046462
30	78	0.046458
27	87	0.046456
17	28	0.046451
28	29	0.046449
69	72	0.046448
3	96	0.046446
55	100	0.046445
74	85	0.046445
33	98	0.046441
30	83	0.046437
14	104	0.046435
25	57	0.046433
85	105	0.046432
9	25	0.046428
37	84	0.046427
5	99	0.046419
64	87	0.046415
4	84	0.046412
62	94	0.046412
5	60	0.046411
51	99	0.046404
78	94	0.046402
25	86	0.046402
14	57	0.046401
9	14	0.046396
51	60	0.046396
76	99	0.046396
45	102	0.046395
36	100	0.046394
37	47	0.046393
24	104	0.046393
37	44	0.046389
17	85	0.046388
60	76	0.046388
60	101	0.046384
33	102	0.046383
4	47	0.046377
12	33	0.046376
4	44	0.046374
25	65	0.046372
24	89	0.046372
10	81	0.04637
14	86	0.046369
37	90	0.046368
37	104	0.046367
57	58	0.046365
80	104	0.046363
22	104	0.046361
10	74	0.046361
39	67	0.04636
18	26	0.046358
24	57	0.046358
25	66	0.046357
37	59	0.046355
10	73	0.046355
9	24	0.046353
5	84	0.046349
7	31	0.046348
77	100	0.046348
10	105	0.046347
55	90	0.046347
20	95	0.046344
80	89	0.046342
29	81	0.046341
22	89	0.04634
4	59	0.04634
12	93	0.046339
26	83	0.046336
51	84	0.046333
57	80	0.046328
22	58	0.046327
22	57	0.046326
24	86	0.046326
29	73	0.046325
76	84	0.046325
14	66	0.046325
9	80	0.046323
8	74	0.046322
7	46	0.046322
72	94	0.046322
84	101	0.046321
9	22	0.046321
8	73	0.046316
27	37	0.046314
75	76	0.046314
20	68	0.046313
5	47	0.046313
12	71	0.046313
26	74	0.046312
4	27	0.046311
5	44	0.04631
11	54	0.046309
8	105	0.046309
3	100	0.046303
69	99	0.046301
26	105	0.046299
4	5	0.046295
22	86	0.046294
36	90	0.046294
98	100	0.046293
9	16	0.04629
7	32	0.046287
10	78	0.046287
53	90	0.046287
44	101	0.046282
68	72	0.046282
24	66	0.046281
45	65	0.046278
37	64	0.046271
7	93	0.046266
33	65	0.046266
45	87	0.046263
29	78	0.046257
4	64	0.046255
56	85	0.046253
6	45	0.046253
66	80	0.046251
77	98	0.04625
33	87	0.04625
22	66	0.046249
68	70	0.046248
8	78	0.046248
77	90	0.046247
65	75	0.046242
31	67	0.046239
26	78	0.046238
29	83	0.046235
69	84	0.046229
43	58	0.046226
8	83	0.046226
27	51	0.046218
46	67	0.046213
27	76	0.046209
7	52	0.046207
27	101	0.046205
15	104	0.046204
31	96	0.046202
3	90	0.046201
47	69	0.046193
5	64	0.04619
9	75	0.04619
44	69	0.046189
32	67	0.046177
46	96	0.046176
53	58	0.046173
30	104	0.046172
94	99	0.04617
39	100	0.046169
64	76	0.046166
16	28	0.046165
95	99	0.046162
7	95	0.04616
25	53	0.046158
67	93	0.046156
59	69	0.046154
60	95	0.046153
23	67	0.046151
13	28	0.046147
56	104	0.046143
32	96	0.04614
29	56	0.046135
15	86	0.046135
9	30	0.046131
68	99	0.04613
8	56	0.046125
25	103	0.046125
14	53	0.046124
60	68	0.046121
93	96	0.046118
25	77	0.046117
37	45	0.046115
23	96	0.046114
65	100	0.046113
27	69	0.046111
55	80	0.04611
22	55	0.046108
30	86	0.046103
4	45	0.046098
87	100	0.046098
84	94	0.046097
52	67	0.046096
14	103	0.046091
15	66	0.046088
84	95	0.046088
6	100	0.046087
24	36	0.046086
7	62	0.046085
14	77	0.046083
85	104	0.046082
24	51	0.046082
14	97	0.04608
64	69	0.046067
39	90	0.046065
26	104	0.046065
17	53	0.046063
25	98	0.04606
85	89	0.04606
47	94	0.04606
52	96	0.046058
40	60	0.046058
30	66	0.046056
44	94	0.046056
68	84	0.046055
36	80	0.046055
28	74	0.046054
22	36	0.046053
16	81	0.046051
47	95	0.046051
28	73	0.046048
44	95	0.046047
53	80	0.046047
57	85	0.046046
24	103	0.046045
22	53	0.046045
9	85	0.04604
28	105	0.04604
24	77	0.046037
16	73	0.046034
24	97	0.046034
5	45	0.046031
16	105	0.046026
14	98	0.046026
13	74	0.046022
7	20	0.046022
47	68	0.046018
13	73	0.046016
44	68	0.046015
80	103	0.046014
22	103	0.046012
85	86	0.046012
59	95	0.046011
65	90	0.046008
13	105	0.046008
22	77	0.046004
45	101	0.046002
22	97	0.046
25	102	0.045999
6	105	0.045999
9	39	0.045996
10	104	0.045992
40	84	0.045991
34	58	0.045991
7	72	0.045989
33	101	0.045989
6	90	0.045982
24	98	0.04598
59	68	0.045978
28	78	0.045976
27	94	0.045976
18	74	0.045976
22	68	0.045975
55	75	0.045971
18	73	0.045969
27	95	0.045967
66	85	0.045964
14	102	0.045964
16	78	0.045962
3	80	0.045958
10	57	0.045955
7	70	0.045954
40	47	0.045953
30	98	0.045953
28	83	0.045953
8	104	0.045951
40	44	0.04595
80	98	0.045948
54	99	0.045948
22	98	0.045946
13	78	0.045944
16	83	0.04594
74	81	0.045938
27	68	0.045934
62	96	0.045932
73	81	0.045931
25	39	0.045931
64	94	0.045931
8	89	0.045928
4	100	0.045928
81	105	0.045923
64	95	0.045922
10	86	0.045921
26	89	0.045918
24	102	0.045917
54	80	0.045916
8	57	0.045913
40	59	0.045913
74	105	0.045913
6	29	0.045909
73	105	0.045906
45	69	0.045904
38	91	0.0459
32	54	0.0459
24	69	0.045899
9	26	0.045897
18	78	0.045897
38	88	0.045895
33	69	0.045891
95	105	0.045889
29	86	0.045889
64	68	0.045888
15	39	0.045886
80	102	0.045885
22	102	0.045883
8	86	0.045879
26	69	0.045878
54	93	0.045877
17	81	0.045875
18	83	0.045874
10	66	0.045872
23	54	0.045872
27	40	0.045868
26	86	0.045868
30	53	0.045867
75	97	0.045861
26	97	0.04586
5	100	0.045859
17	73	0.045858
25	87	0.045856
38	90	0.04585
28	56	0.045848
74	78	0.045847
21	58	0.045846
15	103	0.045844
51	100	0.045842
73	78	0.045841
29	66	0.04584
14	65	0.045837
67	70	0.045837
15	77	0.045835
76	100	0.045833
78	105	0.045832
8	66	0.04583
12	34	0.045828
38	80	0.045826
74	83	0.045824
14	87	0.04582
4	90	0.04582
7	60	0.04582
26	66	0.045819
73	83	0.045817
39	80	0.045816
55	85	0.045816
3	75	0.045816
13	56	0.045814
22	39	0.045814
30	103	0.045811
6	14	0.04581
83	105	0.045809
30	77	0.045802
17	86	0.0458
38	105	0.0458
30	97	0.045799
70	96	0.045797
24	65	0.045789
17	78	0.045784
15	98	0.045776
27	38	0.045773
24	87	0.045772
3	104	0.04577
29	40	0.045769
18	56	0.045766
45	94	0.045764
17	83	0.04576
36	85	0.045758
65	80	0.045757
45	95	0.045755
12	43	0.045755
22	65	0.045754
38	63	0.045754
4	51	0.045753
33	94	0.045751
7	84	0.04575
53	85	0.04575
5	90	0.045749
78	83	0.045743
33	95	0.045741
75	102	0.045741
80	87	0.04574
22	87	0.045737
51	90	0.045732
6	80	0.045729
51	96	0.045729
69	100	0.045728
56	81	0.045726
76	90	0.045723
10	55	0.045721
45	68	0.045721
90	101	0.045719
15	102	0.045711
57	69	0.045708
7	44	0.045707
33	68	0.045707
77	85	0.045706
85	97	0.045702
56	105	0.0457
60	67	0.0457
29	55	0.045688
8	55	0.045678
30	102	0.045677
4	105	0.045675
14	37	0.045661
60	96	0.04566
3	85	0.045656
10	53	0.045654
40	45	0.045653
17	56	0.045651
16	104	0.04565
85	98	0.045645
28	89	0.045641
56	78	0.045633
51	104	0.045632
13	104	0.04563
67	84	0.045629
28	57	0.045625
9	28	0.045619
10	103	0.045619
8	36	0.045619
97	101	0.045616
69	90	0.045616
8	53	0.04561
10	77	0.04561
6	17	0.04561
56	83	0.045609
26	36	0.045607
13	89	0.045606
51	89	0.045601
26	53	0.045599
25	51	0.04559
47	67	0.045589
84	96	0.045588
44	67	0.045585
29	103	0.045585
94	100	0.045584
25	76	0.04558
6	75	0.04558
85	102	0.045579
15	65	0.045579
37	80	0.045578
54	104	0.045578
29	77	0.045576
25	101	0.045576
22	37	0.045575
8	103	0.045575
95	100	0.045574
16	86	0.045574
67	83	0.045574
29	97	0.045573
8	77	0.045566
26	103	0.045563
8	97	0.045562
15	87	0.045561
4	80	0.04556
4	22	0.045557
13	58	0.045557
26	77	0.045554
13	86	0.045554
6	15	0.04555
47	96	0.045548
59	67	0.045546
30	65	0.045544
14	76	0.045543
54	70	0.045542
18	57	0.04554
81	104	0.04554
68	100	0.045539
14	101	0.045539
28	66	0.045537
30	87	0.045526
16	66	0.045523
81	89	0.045515
6	30	0.045515
29	98	0.045514
38	42	0.045507
38	41	0.045507
39	85	0.045506
59	96	0.045505
8	98	0.045504
18	86	0.045504
13	66	0.045502
57	81	0.045499
27	67	0.045499
9	81	0.045493
26	98	0.045492
24	101	0.045488
89	105	0.045488
5	80	0.045486
38	97	0.045484
9	74	0.045482
10	102	0.045481
57	73	0.045481
9	73	0.045475
57	105	0.045472
25	69	0.045471
40	100	0.045469
51	80	0.045468
65	74	0.045468
9	105	0.045466
81	86	0.045462
76	80	0.045459
27	96	0.045457
22	76	0.045456
80	101	0.045454
54	56	0.045452
18	66	0.045452
22	101	0.045452
74	86	0.045451
29	102	0.045446
73	86	0.045444
65	85	0.045444
78	104	0.045443
8	102	0.045436
38	92	0.045436
86	105	0.045435
14	69	0.045433
81	95	0.045429
54	59	0.045428
85	87	0.045426
26	102	0.045424
68	90	0.045423
78	89	0.045418
83	104	0.045418
6	85	0.045414
66	81	0.04541
10	39	0.045407
4	75	0.045407
57	78	0.045402
7	45	0.045397
83	89	0.045393
37	73	0.045393
66	73	0.045391
7	33	0.045383
66	105	0.045382
57	83	0.045377
9	83	0.045371
24	94	0.045365
78	86	0.045364
30	37	0.045359
38	98	0.045354
40	90	0.045352
26	39	0.04535
69	80	0.045347
22	69	0.045344
13	55	0.045342
12	21	0.045342
4	30	0.04534
83	86	0.045339
38	99	0.045334
5	75	0.045332
17	66	0.04533
10	87	0.045325
54	84	0.045324
6	104	0.045322
25	94	0.04532
28	36	0.045315
25	95	0.04531
29	65	0.045308
28	53	0.045307
5	55	0.045305
5	15	0.0453
75	101	0.045299
8	65	0.045297
3	39	0.045291
29	87	0.04529
18	55	0.04529
66	83	0.045286
26	65	0.045285
47	54	0.045282
15	51	0.045282
14	94	0.045281
13	36	0.045279
8	87	0.045279
13	95	0.045274
25	68	0.045273
15	76	0.045272
14	95	0.045271
13	53	0.045271
28	103	0.045269
45	67	0.045269
57	102	0.045268
15	101	0.045267
26	87	0.045267
5	30	0.045264
28	77	0.04526
6	26	0.045255
37	85	0.045255
33	67	0.045255
9	56	0.045254
16	103	0.045254
55	81	0.045247
16	77	0.045244
11	38	0.045243
4	85	0.045236
30	76	0.045235
14	68	0.045234
13	103	0.045233
30	101	0.045231
18	36	0.045227
45	96	0.045226
13	77	0.045223
65	89	0.045223
56	86	0.045222
13	97	0.04522
24	95	0.045219
55	105	0.045219
51	86	0.045217
33	96	0.045211
3	28	0.045206
7	100	0.045206
25	40	0.0452
28	98	0.045195
80	94	0.045193
22	94	0.045191
69	75	0.045189
27	54	0.045187
36	81	0.045183
80	95	0.045183
24	68	0.045181
22	95	0.04518
16	98	0.045179
53	81	0.045174
12	18	0.045173
18	77	0.04517
3	13	0.045169
18	97	0.045167
53	74	0.045163
14	40	0.045161
13	98	0.045158
15	69	0.045157
53	73	0.045155
36	105	0.045155
10	37	0.045152
55	78	0.045146
68	80	0.045145
51	85	0.04514
3	12	0.045138
81	103	0.045136
54	64	0.045135
76	85	0.04513
77	81	0.045127
85	101	0.045125
28	102	0.045124
81	97	0.045123
17	68	0.045115
74	77	0.045115
103	105	0.045108
16	102	0.045108
73	77	0.045107
18	98	0.045104
73	97	0.045103
77	105	0.045098
97	105	0.045094
26	37	0.045092
13	102	0.045086
7	90	0.045084
36	78	0.045081
67	100	0.045074
53	78	0.045072
3	81	0.045072
40	80	0.045071
81	98	0.04506
3	74	0.04506
57	104	0.045059
36	83	0.045055
17	103	0.045053
3	73	0.045052
74	98	0.045048
53	83	0.045046
28	39	0.045045
17	77	0.045044
73	98	0.045041
17	97	0.04504
78	103	0.045034
75	94	0.045031
98	105	0.045031
96	100	0.045029
9	89	0.045026
10	76	0.045025
75	95	0.045021
10	101	0.04502
86	104	0.045019
5	29	0.045017
58	87	0.045014
69	85	0.045012
9	57	0.045009
13	39	0.045008
83	103	0.045007
15	94	0.044998
29	51	0.044998
77	83	0.044997
83	97	0.044993
86	89	0.044993
15	95	0.044988
81	102	0.044988
8	51	0.044987
51	94	0.044985
29	101	0.044983
68	75	0.044982
28	65	0.044978
8	76	0.044976
17	98	0.044976
16	65	0.044976
74	102	0.044976
57	86	0.044975
26	51	0.044974
8	101	0.044971
3	78	0.044968
26	76	0.044964
66	104	0.044963
30	94	0.04496
26	101	0.044959
28	87	0.044959
78	98	0.044956
30	95	0.04495
67	90	0.044949
15	68	0.044949
45	54	0.044946
16	87	0.044943
3	83	0.044941
13	65	0.04494
66	89	0.044937
33	54	0.04493
83	98	0.044929
10	54	0.044923
13	87	0.044921
57	66	0.044919
30	68	0.044911
58	88	0.044909
6	13	0.044908
39	81	0.044908
90	96	0.044904
17	102	0.044903
7	13	0.044897
39	74	0.044896
39	73	0.044888
39	98	0.044886
9	67	0.044886
18	65	0.044885
78	102	0.044882
66	86	0.044879
39	105	0.044878
56	77	0.044874
15	40	0.044873
18	87	0.044865
8	69	0.044856
83	102	0.044855
85	94	0.044851
3	58	0.04484
85	95	0.04484
65	81	0.044839
30	40	0.044834
16	95	0.044827
17	39	0.044822
81	87	0.04482
65	73	0.044819
76	95	0.044818
3	56	0.044817
65	105	0.044809
74	87	0.044807
6	81	0.044807
39	78	0.044801
68	85	0.0448
73	87	0.044799
38	46	0.044798
6	74	0.044795
38	85	0.044794
16	38	0.044794
7	80	0.044791
87	105	0.04479
7	22	0.044789
25	67	0.044788
6	73	0.044787
39	83	0.044774
55	89	0.044762
17	65	0.044752
14	67	0.044746
58	63	0.044744
25	96	0.044742
10	94	0.044741
54	100	0.044741
9	55	0.044737
17	87	0.044733
65	78	0.044732
10	95	0.04473
56	102	0.044729
38	93	0.044726
40	85	0.044722
36	104	0.044721
23	38	0.044721
78	87	0.044712
65	83	0.044704
55	86	0.044702
14	96	0.044699
6	78	0.044699
39	55	0.044698
36	89	0.044694
12	44	0.044692
29	95	0.044692
8	94	0.044691
10	68	0.04469
24	67	0.044689
83	87	0.044684
53	89	0.044684
18	37	0.04468
8	95	0.04468
26	94	0.044678
36	57	0.044675
5	28	0.044672
6	83	0.044671
9	36	0.044669
26	95	0.044667
77	104	0.04466
4	18	0.044659
9	53	0.044659
5	16	0.044656
29	68	0.044651
38	52	0.044651
67	80	0.044651
22	67	0.044648
24	96	0.044642
28	76	0.044641
8	68	0.044639
36	40	0.044637
28	101	0.044636
36	86	0.044633
37	81	0.044633
77	89	0.044633
5	13	0.044633
39	66	0.044632
26	68	0.044626
16	76	0.044625
53	86	0.044624
7	75	0.04462
16	101	0.044619
9	103	0.044618
57	77	0.044614
13	51	0.044612
4	81	0.044612
10	40	0.04461
54	90	0.04461
9	77	0.044607
80	96	0.044603
37	105	0.044602
13	76	0.044601
22	96	0.044601
4	74	0.044599
13	101	0.044596
4	73	0.044591
98	104	0.044589
86	103	0.044583
3	89	0.044574
86	97	0.044568
4	67	0.044564
94	103	0.044563
3	57	0.044555
56	87	0.044555
18	51	0.044554
18	76	0.044543
57	98	0.044543
6	56	0.044542
58	91	0.044541
18	101	0.044538
9	98	0.044536
7	17	0.044535
5	81	0.044527
66	103	0.044523
37	78	0.044522
28	69	0.044515
5	74	0.044515
19	58	0.044514
3	86	0.044513
66	77	0.044512
51	81	0.044507
4	78	0.044501
86	98	0.0445
5	105	0.044496
76	81	0.044496
37	83	0.044494
81	101	0.04449
74	76	0.044483
37	39	0.04448
74	101	0.044478
38	81	0.044477
67	75	0.044476
51	105	0.044475
73	76	0.044475
73	101	0.044469
76	105	0.044464
42	58	0.044455
41	58	0.044455
3	66	0.044453
25	54	0.044441
15	67	0.04444
5	17	0.044437
7	85	0.044428
75	96	0.044427
39	104	0.044426
86	102	0.044421
18	69	0.044416
54	81	0.044407
17	76	0.044405
17	101	0.044399
30	67	0.044399
39	89	0.044398
14	54	0.044397
51	78	0.044394
15	96	0.044391
36	55	0.04439
5	83	0.044386
76	78	0.044383
39	57	0.044378
78	101	0.044378
69	81	0.044367
51	83	0.044365
37	56	0.044361
66	102	0.044361
76	83	0.044354
65	104	0.044353
30	96	0.04435
83	101	0.044349
69	73	0.044345
28	94	0.044342
4	56	0.04434
24	54	0.044338
55	103	0.044337
39	86	0.044335
69	105	0.044335
87	104	0.044332
28	95	0.04433
55	77	0.044327
38	70	0.044326
12	88	0.044324
16	94	0.044324
55	97	0.044322
67	68	0.044318
7	10	0.044312
57	65	0.044305
87	89	0.044303
6	12	0.044299
22	54	0.044294
6	89	0.04429
28	68	0.044288
57	87	0.044284
67	85	0.04428
17	69	0.044274
7	29	0.044271
6	57	0.04427
16	68	0.04427
36	103	0.044265
65	86	0.044261
53	103	0.044255
36	77	0.044254
55	98	0.044252
69	78	0.044252
48	58	0.044248
13	68	0.044246
7	26	0.044245
53	77	0.044244
18	94	0.04424
58	93	0.044236
85	96	0.04423
18	95	0.044228
6	86	0.044226
69	83	0.044223
56	76	0.044219
40	89	0.044218
77	103	0.044201
97	103	0.044196
3	36	0.044192
81	94	0.04419
16	40	0.044186
77	97	0.044185
18	68	0.044185
3	53	0.044182
66	87	0.044177
74	94	0.044177
55	102	0.044171
73	94	0.044168
6	66	0.044164
10	67	0.044162
55	101	0.044159
94	105	0.044157
12	70	0.044155
3	103	0.044138
68	81	0.044135
7	12	0.04413
3	77	0.044127
54	101	0.044127
3	97	0.044123
68	74	0.044121
29	67	0.04412
54	75	0.044113
68	73	0.044113
10	96	0.044111
8	67	0.044107
37	89	0.044103
68	105	0.044102
18	40	0.0441
36	102	0.044097
17	94	0.044095
26	67	0.044093
53	102	0.044087
56	69	0.044085
17	95	0.044083
4	89	0.04408
15	54	0.044076
9	37	0.044076
29	96	0.044069
38	84	0.044066
10	38	0.044061
78	95	0.044061
4	57	0.04406
8	96	0.044056
3	98	0.044051
40	81	0.044049
102	103	0.044042
26	96	0.044042
37	86	0.044038
77	102	0.044031
83	95	0.04403
12	95	0.044029
40	73	0.044027
97	102	0.044027
37	53	0.044019
68	78	0.044017
40	105	0.044016
38	47	0.044015
4	86	0.044015
38	44	0.044011
55	65	0.044005
5	89	0.043989
68	83	0.043986
76	104	0.043986
55	87	0.043983
101	104	0.04398
37	66	0.043974
6	55	0.043969
76	89	0.043955
39	103	0.043952
4	66	0.043951
51	57	0.043947
39	77	0.04394
9	51	0.04394
39	97	0.043936
57	76	0.043935
40	78	0.04393
12	91	0.043926
5	86	0.043923
9	101	0.043922
5	54	0.043907
36	87	0.043907
56	94	0.043902
40	83	0.043899
12	19	0.043897
53	87	0.043897
56	95	0.04389
7	28	0.043889
86	101	0.043883
6	53	0.043883
58	70	0.043879
65	103	0.043874
40	104	0.043866
5	66	0.043859
54	102	0.043856
87	103	0.043851
69	104	0.043848
56	68	0.043845
38	64	0.04384
6	103	0.043837
51	66	0.043836
87	97	0.043835
12	42	0.043833
12	41	0.043833
6	77	0.043826
66	76	0.043824
6	97	0.043821
66	101	0.043818
69	89	0.043817
3	65	0.043797
9	69	0.043789
7	18	0.04378
39	102	0.043777
3	87	0.043775
87	98	0.043761
40	56	0.043756
4	55	0.043751
69	86	0.04375
6	98	0.043746
29	54	0.043741
28	67	0.04373
8	54	0.043727
7	74	0.043714
16	67	0.043711
7	73	0.043704
65	102	0.043697
7	105	0.043693
13	67	0.043685
66	69	0.043684
28	96	0.043677
87	102	0.043674
4	53	0.043662
94	104	0.043659
16	96	0.043658
95	104	0.043647
51	55	0.043633
13	96	0.043632
46	58	0.043629
37	97	0.043623
18	67	0.04362
4	103	0.043616
89	95	0.043615
38	45	0.043615
12	48	0.043609
4	77	0.043604
7	78	0.043603
54	86	0.0436
68	104	0.0436
4	97	0.043599
9	94	0.043599
57	95	0.043594
9	95	0.043586
39	87	0.043579
39	51	0.043578
32	58	0.043576
7	83	0.043571
68	89	0.043568
5	53	0.043567
67	81	0.043566
18	96	0.043566
6	39	0.043565
3	37	0.04356
86	94	0.043559
18	58	0.043557
67	74	0.043552
57	68	0.043547
37	98	0.043546
86	95	0.043546
51	53	0.043543
67	73	0.043543
36	76	0.043542
9	68	0.04354
23	58	0.043539
36	101	0.043536
67	105	0.043531
53	76	0.043531
4	98	0.043522
81	96	0.043512
5	97	0.043503
68	86	0.043499
65	87	0.043498
74	96	0.043497
51	103	0.043496
66	94	0.043491
73	96	0.043488
51	77	0.043484
76	103	0.043483
6	65	0.043483
51	97	0.043479
66	95	0.043478
55	69	0.043477
96	105	0.043476
76	97	0.043467
77	101	0.043465
17	67	0.043464
6	87	0.04346
37	102	0.043458
52	58	0.043457
9	40	0.043447
3	5	0.043439
4	102	0.043433
66	68	0.043431
5	98	0.043425
7	56	0.043423
17	96	0.043409
5	51	0.043408
40	86	0.043407
3	76	0.043403
3	101	0.043397
36	69	0.043397
76	98	0.043389
53	69	0.043385
78	96	0.043384
58	72	0.043378
38	100	0.043371
40	66	0.043338
69	103	0.043337
4	39	0.043336
5	102	0.043335
69	77	0.043325
69	97	0.04332
51	102	0.043311
76	102	0.043298
13	54	0.043285
55	94	0.04328
37	65	0.043276
55	95	0.043267
15	38	0.043266
3	69	0.043256
56	67	0.043255
37	87	0.043253
4	65	0.043252
69	98	0.043241
6	37	0.043237
5	39	0.043236
4	87	0.043228
55	68	0.043218
39	76	0.043199
56	96	0.043199
36	94	0.043197
39	101	0.043193
53	94	0.043186
36	95	0.043184
53	95	0.043173
7	104	0.043166
5	65	0.043151
69	102	0.043149
54	74	0.043145
54	73	0.043135
36	68	0.043135
7	89	0.043132
5	87	0.043127
51	65	0.043127
77	94	0.043124
53	68	0.043124
54	105	0.043123
58	102	0.043123
40	55	0.043122
54	67	0.043117
65	76	0.043114
5	6	0.043112
77	95	0.043111
7	57	0.04311
65	101	0.043108
95	97	0.043106
51	87	0.043103
6	51	0.043087
51	67	0.043087
87	101	0.043083
6	76	0.043074
68	103	0.043074
6	101	0.043068
68	77	0.043061
7	86	0.043059
68	97	0.043056
17	54	0.043053
3	94	0.043053
39	69	0.043048
3	95	0.04304
94	98	0.043038
40	53	0.043027
95	98	0.043025
58	98	0.04302
25	38	0.043015
58	68	0.043005
67	104	0.042993
54	83	0.042993
3	68	0.04299
7	66	0.042988
40	103	0.042977
68	98	0.042975
40	77	0.042964
14	38	0.042962
65	69	0.042961
67	89	0.04296
40	97	0.042959
94	102	0.042944
12	46	0.042938
69	87	0.042937
57	67	0.042937
96	104	0.042935
95	102	0.04293
6	69	0.042921
8	38	0.042915
5	38	0.042904
89	96	0.042901
67	86	0.042885
12	32	0.042882
58	60	0.04288
68	102	0.04288
57	96	0.042878
40	98	0.042877
37	51	0.042871
9	96	0.04287
37	76	0.042858
37	101	0.042852
12	23	0.042841
39	94	0.042841
39	95	0.042827
86	96	0.042826
4	101	0.042826
66	67	0.042812
39	96	0.042799
40	102	0.042781
58	84	0.042777
39	68	0.042776
7	55	0.042764
38	51	0.042756
55	58	0.042755
12	52	0.042753
66	96	0.042753
65	94	0.042752
65	95	0.042738
58	77	0.042731
5	76	0.042727
87	94	0.042727
47	58	0.042719
44	58	0.042713
87	95	0.042713
6	94	0.042711
51	76	0.042701
37	69	0.042701
6	95	0.042697
65	68	0.042687
76	101	0.042681
4	69	0.042675
54	98	0.042671
7	53	0.042665
68	87	0.042662
6	68	0.042645
38	75	0.042626
7	103	0.042613
7	77	0.042599
7	97	0.042594
27	58	0.042587
40	65	0.042586
55	67	0.042584
5	69	0.042568
40	87	0.04256
6	40	0.042544
69	76	0.042528
54	89	0.042525
3	7	0.042524
55	96	0.042524
69	101	0.042522
58	64	0.042516
7	98	0.042509
36	67	0.042496
12	53	0.042492
37	94	0.042486
12	26	0.042485
37	95	0.042472
4	94	0.042459
4	95	0.042445
7	94	0.042438
36	96	0.042434
67	103	0.04243
53	96	0.042422
37	68	0.042419
67	77	0.042417
67	97	0.042411
12	72	0.042402
4	68	0.042392
54	66	0.04237
6	96	0.04237
96	103	0.042368
17	38	0.042359
38	67	0.042352
5	94	0.04235
96	97	0.042349
3	67	0.04234
5	95	0.042336
26	58	0.042328
67	98	0.042324
58	67	0.042321
37	40	0.042315
76	94	0.042309
51	95	0.042309
7	39	0.0423
95	101	0.042288
4	40	0.042288
5	68	0.042282
96	98	0.042262
45	58	0.042255
68	101	0.042234
33	58	0.042233
67	102	0.042223
7	54	0.042214
7	65	0.042206
7	87	0.04218
5	40	0.042177
96	102	0.04216
40	76	0.042135
54	55	0.042132
12	60	0.04213
69	95	0.042129
40	101	0.042128
36	54	0.042039
12	84	0.042019
65	67	0.042016
67	87	0.041989
58	100	0.041972
6	67	0.041972
54	103	0.041971
40	69	0.041967
54	77	0.041957
12	47	0.041956
39	58	0.041956
58	104	0.041953
65	96	0.041952
87	96	0.041925
4	7	0.041897
58	90	0.041792
7	76	0.041738
12	64	0.041737
40	94	0.041735
37	67	0.04173
40	95	0.04172
37	96	0.041664
39	54	0.041659
4	96	0.041635
5	67	0.041583
7	69	0.041563
25	58	0.04156
67	76	0.04154
54	65	0.041538
67	101	0.041532
5	96	0.041517
54	87	0.04151
14	58	0.0415
38	74	0.04148
76	96	0.041472
4	12	0.04147
38	73	0.041468
12	45	0.041455
24	58	0.041418
12	77	0.041386
54	94	0.041372
58	80	0.041363
67	69	0.041361
38	78	0.041341
69	96	0.041293
7	68	0.041248
37	54	0.041239
38	102	0.041215
12	100	0.041151
7	40	0.041132
67	94	0.041117
38	56	0.041113
58	75	0.041111
67	95	0.041101
15	58	0.04106
54	76	0.04104
95	96	0.041031
30	58	0.041001
68	96	0.04097
12	90	0.040957
40	67	0.040923
54	69	0.040854
58	85	0.040831
38	104	0.04079
38	89	0.040749
12	25	0.040707
10	58	0.040661
38	86	0.040657
12	14	0.040642
29	58	0.040602
8	58	0.040584
54	95	0.040581
38	66	0.040567
12	24	0.040554
54	68	0.040519
12	80	0.040495
7	67	0.04048
38	55	0.040287
12	75	0.040224
36	38	0.040178
12	15	0.040169
12	30	0.040106
38	77	0.040081
28	58	0.040046
16	58	0.040019
12	85	0.039923
58	81	0.039814
58	74	0.039793
38	95	0.039786
58	73	0.03978
58	105	0.039764
58	96	0.039758
12	105	0.039708
12	29	0.039677
17	58	0.039669
8	12	0.039657
12	102	0.039654
58	78	0.039634
38	101	0.03963
58	95	0.039629
54	96	0.039625
38	65	0.03959
58	83	0.039588
38	87	0.039557
12	68	0.039442
56	58	0.039373
12	28	0.039081
12	16	0.039052
38	76	0.039008
12	104	0.03896
58	89	0.038956
37	58	0.038917
58	86	0.038851
12	81	0.038831
12	74	0.038809
12	73	0.038795
38	69	0.038791
12	17	0.038676
12	78	0.038639
12	83	0.038589
12	98	0.038533
38	94	0.038493
38	68	0.038401
12	56	0.03836
36	58	0.038304
58	103	0.038212
58	97	0.038186
12	89	0.037913
12	57	0.037878
12	86	0.037801
12	65	0.037773
12	66	0.037691
6	58	0.037573
38	96	0.037362
12	55	0.037349
12	36	0.037217
12	103	0.037119
12	97	0.03709
5	58	0.037034
12	67	0.036987
58	101	0.036964
58	69	0.036727
58	94	0.03639
12	37	0.036079
5	12	0.035863
12	101	0.035787
12	54	0.035743
12	69	0.035536
7	58	0.035518
54	58	0.035496
12	94	0.035178
12	96	0.033825
12	38	0.032464
38	58	0.031472