#==========================================================================
# The first and second rows contain site pairs (i, j) such that j > i
# The third row contains coevolutionary scores obtained 
# using PSICOV algorithm.
# Note that in this data sites are counted/labelled starting from 1
#==========================================================================
21	44	0.903805
22	43	0.903595
19	46	0.903528
20	45	0.903296
18	47	0.903028
23	42	0.902403
34	62	0.899698
4	71	0.898383
17	48	0.893709
36	60	0.893322
24	41	0.884495
38	58	0.883945
5	70	0.883361
9	53	0.874227
8	54	0.832353
3	72	0.802386
31	63	0.752579
37	59	0.40228
16	49	0.36674
7	68	0.300781
6	69	0.239139
2	73	0.225138
1	74	0.205299
56	62	0.147033
11	12	0.101314
25	40	0.101146
28	39	0.090719
64	67	0.089958
34	56	0.088031
29	48	0.08744
58	63	0.085853
26	40	0.085786
16	40	0.085526
26	27	0.084875
67	68	0.083156
27	60	0.082357
38	39	0.080853
25	39	0.079516
10	52	0.078385
71	72	0.077906
11	54	0.075984
24	40	0.07597
25	29	0.074679
31	38	0.074404
37	38	0.073934
35	61	0.072705
19	30	0.07096
17	75	0.069289
17	68	0.069199
29	70	0.068861
31	58	0.067647
2	27	0.066795
26	30	0.066792
25	26	0.066071
32	33	0.065888
30	40	0.065033
27	36	0.06501
72	73	0.064801
74	75	0.064737
2	8	0.064575
3	39	0.064303
39	54	0.064088
16	46	0.063903
9	40	0.063744
25	41	0.0635
16	48	0.062947
30	46	0.062649
29	39	0.062422
35	37	0.062345
27	40	0.06212
38	59	0.061882
37	39	0.061507
12	34	0.061377
30	75	0.061195
30	71	0.061067
4	45	0.060906
38	63	0.060804
16	17	0.060643
7	16	0.06064
13	58	0.060338
12	62	0.060238
23	27	0.060213
3	48	0.060168
18	26	0.060064
29	75	0.059547
8	36	0.059307
16	75	0.059292
38	45	0.059134
55	62	0.058993
27	39	0.058878
13	63	0.058816
24	26	0.058754
2	25	0.058746
26	54	0.058739
44	74	0.058494
29	30	0.058183
32	35	0.058137
73	74	0.058102
26	72	0.058089
17	29	0.05804
3	63	0.057986
10	62	0.057886
1	58	0.057802
33	35	0.057801
12	56	0.057588
8	10	0.05756
63	74	0.057495
25	58	0.057419
11	73	0.057396
16	29	0.057311
23	73	0.057283
16	25	0.057262
25	42	0.057252
1	21	0.057224
17	34	0.057133
29	47	0.057063
21	74	0.057015
8	27	0.056875
29	40	0.056815
17	62	0.056796
10	42	0.056711
1	73	0.05664
39	58	0.056617
30	58	0.056613
49	63	0.056593
11	68	0.056571
32	37	0.056559
25	38	0.056469
1	38	0.056445
11	26	0.056431
33	37	0.05622
16	26	0.05611
31	75	0.056064
9	62	0.055908
18	60	0.055903
2	60	0.05586
26	41	0.055843
27	57	0.055836
62	75	0.055662
12	18	0.055653
64	68	0.05563
26	45	0.055594
36	54	0.055594
25	54	0.055472
12	58	0.055457
16	27	0.055457
31	74	0.055427
39	72	0.055355
21	75	0.055303
28	38	0.055281
68	71	0.055281
8	29	0.055123
30	68	0.055113
25	60	0.054992
40	68	0.054872
31	32	0.054851
17	20	0.054821
1	30	0.054792
25	27	0.05479
1	34	0.054712
35	38	0.054696
9	10	0.054657
8	75	0.054631
58	59	0.054618
2	41	0.054545
40	42	0.054531
31	33	0.054435
27	74	0.054434
56	74	0.054302
1	17	0.054301
30	44	0.054285
62	71	0.05413
28	36	0.054101
26	75	0.054084
20	38	0.05406
25	47	0.053972
13	47	0.053972
71	75	0.053952
2	38	0.053929
11	27	0.053926
7	8	0.053903
9	34	0.053897
2	11	0.053892
7	58	0.053847
34	72	0.053748
37	43	0.053687
11	75	0.053654
49	50	0.053644
29	34	0.053609
12	47	0.053577
2	75	0.053556
30	36	0.053513
10	54	0.053499
30	60	0.053488
19	56	0.05346
23	41	0.053424
39	48	0.053418
1	6	0.053383
18	29	0.05328
34	57	0.053277
24	25	0.053196
48	74	0.053188
46	49	0.053162
68	70	0.053162
18	28	0.053134
37	58	0.053104
1	63	0.053092
13	31	0.053091
53	60	0.053057
30	49	0.053046
36	39	0.053024
12	49	0.052999
25	44	0.052991
44	75	0.052978
17	74	0.052966
1	48	0.052885
23	24	0.052848
11	17	0.052824
16	58	0.052818
13	17	0.052811
34	55	0.052803
57	68	0.052793
18	56	0.052774
19	54	0.052765
40	54	0.052737
30	31	0.052689
10	11	0.052687
42	73	0.052625
28	29	0.052615
8	74	0.05258
8	60	0.052555
60	68	0.052518
11	38	0.05249
54	63	0.052475
56	72	0.052468
11	13	0.052442
1	56	0.052417
39	40	0.052416
20	26	0.052388
28	41	0.052377
40	58	0.052368
28	58	0.05236
1	68	0.052351
24	30	0.052309
48	62	0.05229
12	30	0.052279
29	73	0.052232
41	56	0.052224
30	70	0.052214
21	47	0.052162
22	48	0.052162
29	36	0.052154
6	73	0.052135
11	22	0.052119
11	21	0.05211
46	53	0.052105
20	54	0.0521
17	27	0.052082
4	30	0.052014
24	57	0.052006
26	47	0.051982
13	44	0.05198
63	75	0.051973
5	29	0.051966
26	70	0.05195
54	75	0.051938
45	72	0.051933
34	73	0.051929
4	68	0.051925
12	73	0.051924
24	39	0.051913
13	18	0.051897
13	30	0.051894
29	68	0.051889
19	72	0.051839
9	52	0.051823
62	74	0.051813
48	49	0.051798
7	34	0.051784
32	39	0.051782
39	62	0.051767
28	60	0.051761
3	29	0.051756
29	50	0.051742
44	47	0.051727
10	34	0.051718
31	35	0.051717
16	34	0.051702
7	38	0.051644
4	26	0.051639
25	53	0.051638
16	74	0.051633
5	72	0.051591
35	39	0.05157
16	19	0.051553
13	25	0.051543
40	53	0.051533
3	73	0.05151
40	41	0.051493
1	27	0.051465
9	75	0.051461
31	70	0.05146
13	22	0.051459
38	75	0.051427
28	47	0.051359
8	13	0.051351
8	12	0.051306
27	54	0.051305
9	25	0.051298
1	14	0.051295
1	15	0.051295
1	51	0.051295
1	65	0.051295
1	66	0.051295
2	14	0.051295
2	15	0.051295
2	51	0.051295
2	65	0.051295
2	66	0.051295
3	14	0.051295
3	15	0.051295
3	51	0.051295
3	65	0.051295
3	66	0.051295
4	14	0.051295
4	15	0.051295
4	51	0.051295
4	65	0.051295
4	66	0.051295
5	14	0.051295
5	15	0.051295
5	51	0.051295
5	65	0.051295
5	66	0.051295
6	14	0.051295
6	15	0.051295
6	51	0.051295
6	65	0.051295
6	66	0.051295
7	14	0.051295
7	15	0.051295
7	51	0.051295
7	65	0.051295
7	66	0.051295
8	14	0.051295
8	15	0.051295
8	51	0.051295
8	65	0.051295
8	66	0.051295
9	14	0.051295
9	15	0.051295
9	51	0.051295
9	65	0.051295
9	66	0.051295
10	14	0.051295
10	15	0.051295
10	51	0.051295
10	65	0.051295
10	66	0.051295
11	14	0.051295
11	15	0.051295
11	51	0.051295
11	65	0.051295
11	66	0.051295
12	14	0.051295
12	15	0.051295
12	51	0.051295
12	65	0.051295
12	66	0.051295
13	14	0.051295
13	15	0.051295
13	51	0.051295
13	65	0.051295
13	66	0.051295
14	15	0.051295
14	16	0.051295
14	17	0.051295
14	18	0.051295
14	19	0.051295
14	20	0.051295
14	21	0.051295
14	22	0.051295
14	23	0.051295
14	24	0.051295
14	25	0.051295
14	26	0.051295
14	27	0.051295
14	28	0.051295
14	29	0.051295
14	30	0.051295
14	31	0.051295
14	32	0.051295
14	33	0.051295
14	34	0.051295
14	35	0.051295
14	36	0.051295
14	37	0.051295
14	38	0.051295
14	39	0.051295
14	40	0.051295
14	41	0.051295
14	42	0.051295
14	43	0.051295
14	44	0.051295
14	45	0.051295
14	46	0.051295
14	47	0.051295
14	48	0.051295
14	49	0.051295
14	50	0.051295
14	51	0.051295
14	52	0.051295
14	53	0.051295
14	54	0.051295
14	55	0.051295
14	56	0.051295
14	57	0.051295
14	58	0.051295
14	59	0.051295
14	60	0.051295
14	61	0.051295
14	62	0.051295
14	63	0.051295
14	64	0.051295
14	65	0.051295
14	66	0.051295
14	67	0.051295
14	68	0.051295
14	69	0.051295
14	70	0.051295
14	71	0.051295
14	72	0.051295
14	73	0.051295
14	74	0.051295
14	75	0.051295
15	16	0.051295
15	17	0.051295
15	18	0.051295
15	19	0.051295
15	20	0.051295
15	21	0.051295
15	22	0.051295
15	23	0.051295
15	24	0.051295
15	25	0.051295
15	26	0.051295
15	27	0.051295
15	28	0.051295
15	29	0.051295
15	30	0.051295
15	31	0.051295
15	32	0.051295
15	33	0.051295
15	34	0.051295
15	35	0.051295
15	36	0.051295
15	37	0.051295
15	38	0.051295
15	39	0.051295
15	40	0.051295
15	41	0.051295
15	42	0.051295
15	43	0.051295
15	44	0.051295
15	45	0.051295
15	46	0.051295
15	47	0.051295
15	48	0.051295
15	49	0.051295
15	50	0.051295
15	51	0.051295
15	52	0.051295
15	53	0.051295
15	54	0.051295
15	55	0.051295
15	56	0.051295
15	57	0.051295
15	58	0.051295
15	59	0.051295
15	60	0.051295
15	61	0.051295
15	62	0.051295
15	63	0.051295
15	64	0.051295
15	65	0.051295
15	66	0.051295
15	67	0.051295
15	68	0.051295
15	69	0.051295
15	70	0.051295
15	71	0.051295
15	72	0.051295
15	73	0.051295
15	74	0.051295
15	75	0.051295
16	51	0.051295
16	65	0.051295
16	66	0.051295
17	51	0.051295
17	65	0.051295
17	66	0.051295
18	51	0.051295
18	65	0.051295
18	66	0.051295
19	51	0.051295
19	65	0.051295
19	66	0.051295
20	51	0.051295
20	65	0.051295
20	66	0.051295
21	51	0.051295
21	65	0.051295
21	66	0.051295
22	51	0.051295
22	65	0.051295
22	66	0.051295
23	51	0.051295
23	65	0.051295
23	66	0.051295
24	51	0.051295
24	65	0.051295
24	66	0.051295
25	51	0.051295
25	65	0.051295
25	66	0.051295
26	51	0.051295
26	65	0.051295
26	66	0.051295
27	51	0.051295
27	65	0.051295
27	66	0.051295
28	51	0.051295
28	65	0.051295
28	66	0.051295
29	51	0.051295
29	65	0.051295
29	66	0.051295
30	51	0.051295
30	65	0.051295
30	66	0.051295
31	51	0.051295
31	65	0.051295
31	66	0.051295
32	51	0.051295
32	65	0.051295
32	66	0.051295
33	51	0.051295
33	65	0.051295
33	66	0.051295
34	51	0.051295
34	65	0.051295
34	66	0.051295
35	51	0.051295
35	65	0.051295
35	66	0.051295
36	51	0.051295
36	65	0.051295
36	66	0.051295
37	51	0.051295
37	65	0.051295
37	66	0.051295
38	51	0.051295
38	65	0.051295
38	66	0.051295
39	51	0.051295
39	65	0.051295
39	66	0.051295
40	51	0.051295
40	65	0.051295
40	66	0.051295
41	51	0.051295
41	65	0.051295
41	66	0.051295
42	51	0.051295
42	65	0.051295
42	66	0.051295
43	51	0.051295
43	65	0.051295
43	66	0.051295
44	51	0.051295
44	65	0.051295
44	66	0.051295
45	51	0.051295
45	65	0.051295
45	66	0.051295
46	51	0.051295
46	65	0.051295
46	66	0.051295
47	51	0.051295
47	65	0.051295
47	66	0.051295
48	51	0.051295
48	65	0.051295
48	66	0.051295
49	51	0.051295
49	65	0.051295
49	66	0.051295
50	51	0.051295
50	65	0.051295
50	66	0.051295
51	52	0.051295
51	53	0.051295
51	54	0.051295
51	55	0.051295
51	56	0.051295
51	57	0.051295
51	58	0.051295
51	59	0.051295
51	60	0.051295
51	61	0.051295
51	62	0.051295
51	63	0.051295
51	64	0.051295
51	65	0.051295
51	66	0.051295
51	67	0.051295
51	68	0.051295
51	69	0.051295
51	70	0.051295
51	71	0.051295
51	72	0.051295
51	73	0.051295
51	74	0.051295
51	75	0.051295
52	65	0.051295
52	66	0.051295
53	65	0.051295
53	66	0.051295
54	65	0.051295
54	66	0.051295
55	65	0.051295
55	66	0.051295
56	65	0.051295
56	66	0.051295
57	65	0.051295
57	66	0.051295
58	65	0.051295
58	66	0.051295
59	65	0.051295
59	66	0.051295
60	65	0.051295
60	66	0.051295
61	65	0.051295
61	66	0.051295
62	65	0.051295
62	66	0.051295
63	65	0.051295
63	66	0.051295
64	65	0.051295
64	66	0.051295
65	66	0.051295
65	67	0.051295
65	68	0.051295
65	69	0.051295
65	70	0.051295
65	71	0.051295
65	72	0.051295
65	73	0.051295
65	74	0.051295
65	75	0.051295
66	67	0.051295
66	68	0.051295
66	69	0.051295
66	70	0.051295
66	71	0.051295
66	72	0.051295
66	73	0.051295
66	74	0.051295
66	75	0.051295
50	57	0.051294
50	55	0.051294
50	61	0.051293
50	52	0.051292
33	50	0.051292
32	50	0.051291
55	57	0.051291
13	50	0.051291
50	64	0.051291
35	50	0.051289
28	50	0.051288
50	67	0.051288
57	61	0.051288
10	50	0.051288
55	61	0.051288
52	57	0.051286
52	55	0.051286
50	69	0.051285
6	50	0.051284
33	57	0.051284
33	55	0.051284
12	50	0.051284
32	57	0.051284
32	55	0.051284
13	57	0.051282
57	64	0.051282
13	55	0.051282
55	64	0.051282
30	63	0.051281
11	50	0.05128
50	56	0.05128
7	50	0.051278
52	61	0.051278
50	59	0.051277
35	57	0.051277
34	39	0.051277
50	73	0.051277
35	55	0.051277
30	50	0.051275
50	75	0.051275
1	50	0.051275
34	75	0.051275
28	57	0.051274
57	67	0.051274
33	61	0.051274
28	55	0.051274
55	67	0.051274
2	50	0.051273
32	61	0.051273
10	57	0.051272
10	55	0.051272
37	50	0.051272
27	50	0.051272
50	74	0.05127
13	61	0.05127
61	64	0.05127
33	52	0.051269
26	50	0.051268
40	50	0.051268
39	50	0.051267
50	68	0.051267
32	52	0.051267
13	52	0.051264
52	64	0.051263
57	69	0.051263
55	69	0.051262
6	57	0.051261
6	55	0.05126
12	57	0.05126
12	55	0.051259
25	50	0.051259
13	33	0.051257
33	64	0.051256
16	50	0.051255
13	32	0.051255
31	50	0.051255
32	64	0.051254
28	61	0.051254
5	50	0.051254
61	67	0.051254
50	63	0.051253
10	61	0.05125
35	52	0.05125
50	70	0.05125
13	64	0.051249
33	39	0.051248
11	57	0.051247
50	53	0.051247
8	50	0.051246
11	55	0.051246
56	57	0.051245
3	50	0.051245
50	72	0.051245
2	34	0.051245
24	50	0.051244
9	50	0.051244
55	56	0.051244
41	50	0.051244
28	52	0.051243
52	67	0.051243
7	57	0.05124
45	75	0.051239
50	54	0.051239
7	55	0.051239
57	59	0.051238
55	59	0.051236
57	73	0.051236
49	57	0.051236
4	50	0.051235
55	73	0.051235
49	55	0.051234
28	33	0.051232
33	67	0.051232
50	71	0.051232
30	57	0.051232
61	69	0.051231
13	35	0.05123
30	55	0.05123
57	75	0.05123
1	57	0.05123
35	64	0.051229
28	32	0.051229
32	67	0.051229
55	75	0.051229
36	50	0.051228
1	55	0.051228
6	61	0.051228
10	33	0.051227
38	50	0.051226
12	61	0.051226
2	57	0.051224
17	50	0.051224
50	58	0.051224
50	60	0.051224
48	50	0.051224
42	50	0.051223
2	55	0.051223
10	32	0.051223
13	28	0.05122
23	50	0.05122
29	57	0.05122
13	67	0.05122
37	57	0.05122
28	64	0.051219
29	55	0.051218
37	55	0.051218
27	55	0.051217
45	50	0.051216
20	50	0.051216
57	74	0.051215
52	69	0.051213
55	74	0.051213
10	13	0.051213
10	23	0.051212
10	64	0.051211
43	50	0.051211
47	50	0.051211
22	50	0.051211
27	42	0.051211
46	50	0.05121
6	52	0.05121
19	50	0.051209
18	50	0.051209
21	50	0.051208
44	50	0.051208
26	57	0.051207
12	52	0.051207
40	57	0.051206
39	57	0.051206
26	55	0.051205
34	50	0.051205
40	55	0.051204
39	55	0.051203
55	68	0.051202
11	41	0.051202
11	61	0.0512
33	69	0.051197
56	61	0.051196
6	33	0.051192
32	69	0.051191
50	62	0.051189
12	33	0.051189
28	35	0.051188
35	67	0.051188
7	61	0.051186
6	32	0.051186
12	32	0.051183
59	61	0.051182
61	73	0.051179
10	35	0.051178
49	61	0.051178
13	69	0.051178
25	57	0.051177
64	69	0.051175
11	52	0.051174
25	55	0.051174
7	62	0.051174
5	31	0.051173
6	13	0.051172
28	67	0.051171
52	56	0.05117
3	60	0.05117
30	61	0.05117
6	64	0.051169
12	13	0.051169
61	75	0.051166
16	57	0.051166
12	64	0.051166
1	61	0.051165
31	57	0.051163
16	55	0.051162
5	57	0.051162
31	55	0.05116
10	28	0.05116
10	67	0.051159
17	25	0.051159
5	55	0.051159
7	52	0.051157
57	63	0.051157
31	39	0.051156
2	61	0.051155
55	63	0.051153
46	75	0.051152
52	59	0.051151
11	33	0.05115
57	70	0.051148
52	73	0.051147
29	61	0.051147
49	52	0.051146
37	61	0.051145
27	61	0.051145
55	70	0.051144
33	56	0.051144
11	32	0.051141
53	57	0.051138
61	74	0.051137
32	56	0.051136
8	57	0.051136
30	52	0.051136
53	55	0.051134
3	57	0.051132
57	72	0.051132
8	55	0.051132
52	75	0.051132
1	52	0.05113
9	57	0.05113
7	33	0.051129
3	55	0.051128
55	72	0.051128
41	57	0.051128
35	69	0.051127
24	55	0.051126
9	55	0.051125
41	55	0.051124
33	59	0.051122
26	61	0.051121
7	32	0.051119
6	35	0.051119
40	61	0.051118
39	61	0.051117
11	64	0.051117
33	73	0.051117
2	52	0.051117
61	68	0.051116
33	49	0.051116
13	56	0.051115
12	35	0.051114
54	57	0.051113
32	59	0.051112
56	64	0.051111
54	55	0.051108
32	73	0.051107
29	52	0.051106
32	49	0.051105
37	52	0.051105
27	52	0.051104
30	33	0.051103
28	69	0.051101
4	57	0.0511
67	69	0.0511
33	75	0.051098
1	33	0.051097
7	13	0.051096
4	55	0.051095
52	74	0.051094
30	32	0.051092
7	64	0.051092
6	28	0.051091
6	67	0.051091
57	71	0.05109
13	59	0.051088
32	75	0.051087
12	28	0.051085
1	32	0.051085
12	67	0.051085
55	71	0.051085
59	64	0.051083
13	73	0.051083
10	69	0.051082
13	49	0.051081
2	33	0.051081
64	73	0.051078
36	57	0.051077
49	64	0.051076
26	52	0.051074
6	10	0.051072
36	55	0.051072
40	52	0.05107
38	57	0.05107
39	52	0.051069
2	32	0.051068
29	33	0.051068
52	68	0.051067
10	12	0.051066
27	33	0.051065
17	57	0.051065
57	58	0.051065
38	55	0.051064
57	60	0.051064
1	42	0.051062
48	57	0.051062
9	27	0.051062
42	57	0.051061
25	61	0.051061
30	64	0.05106
13	75	0.05106
17	55	0.051059
55	58	0.051059
55	60	0.051058
1	13	0.051058
48	55	0.051056
42	55	0.051055
29	32	0.051055
64	75	0.051054
33	74	0.051053
1	64	0.051052
27	32	0.051052
23	57	0.051052
3	36	0.051051
11	35	0.051046
23	55	0.051046
32	74	0.051039
2	13	0.051039
16	61	0.051038
45	57	0.051038
35	56	0.051037
20	57	0.051036
4	39	0.051035
31	61	0.051034
2	64	0.051033
45	55	0.051031
5	61	0.051031
2	47	0.05103
20	55	0.05103
26	33	0.051029
33	40	0.051024
13	29	0.051024
43	57	0.051022
47	57	0.051022
13	37	0.051021
43	74	0.051021
33	68	0.051021
61	63	0.051021
13	27	0.051021
22	57	0.05102
46	57	0.051019
29	64	0.051018
19	57	0.051016
18	57	0.051016
43	55	0.051016
47	55	0.051015
37	64	0.051015
27	64	0.051014
26	32	0.051014
22	55	0.051013
21	57	0.051012
44	57	0.051012
46	55	0.051012
7	35	0.051011
19	55	0.051009
32	40	0.051009
18	55	0.051009
11	28	0.051007
11	67	0.051007
13	74	0.051006
21	55	0.051005
32	68	0.051005
44	55	0.051005
61	70	0.051003
64	74	0.050999
35	59	0.050999
25	52	0.050997
28	56	0.050997
56	67	0.050996
3	68	0.050994
35	73	0.050991
35	49	0.050988
53	61	0.050983
8	61	0.050979
13	26	0.050977
3	61	0.050972
13	40	0.050972
61	72	0.050972
25	62	0.050971
13	39	0.05097
26	64	0.05097
10	56	0.050969
16	52	0.050969
24	61	0.050968
13	68	0.050968
30	35	0.050967
9	61	0.050967
7	28	0.050966
12	69	0.050966
7	67	0.050965
40	64	0.050964
41	61	0.050963
31	52	0.050963
39	64	0.050963
5	52	0.050959
35	75	0.050959
1	35	0.050956
28	59	0.050952
59	67	0.050951
6	12	0.05095
57	62	0.05095
52	63	0.050946
28	73	0.050943
67	73	0.050942
53	75	0.050941
28	49	0.05094
49	67	0.05094
25	33	0.050936
7	10	0.050935
54	61	0.050933
43	59	0.050932
1	37	0.05093
2	35	0.050929
52	70	0.050924
10	59	0.05092
25	32	0.050916
28	30	0.050915
30	67	0.050914
10	73	0.05091
4	61	0.050909
29	35	0.050907
10	49	0.050907
28	75	0.050906
67	75	0.050905
1	28	0.050902
27	35	0.050902
16	33	0.050902
1	67	0.050902
52	53	0.050899
19	49	0.050897
8	52	0.050893
5	33	0.050891
61	71	0.050888
3	52	0.050885
52	72	0.050884
7	56	0.050882
35	74	0.050881
16	32	0.05088
24	52	0.05088
10	30	0.050879
33	63	0.050875
41	52	0.050874
63	68	0.050873
2	28	0.050871
2	67	0.05087
10	75	0.050869
5	32	0.050868
1	10	0.050865
36	61	0.050863
25	64	0.050857
32	63	0.050851
38	61	0.050849
33	70	0.050848
10	20	0.050847
29	67	0.050845
11	69	0.050843
28	37	0.050842
37	67	0.050841
27	28	0.050841
26	35	0.05084
27	67	0.05084
17	61	0.050838
58	61	0.050838
60	61	0.050837
52	54	0.050835
48	61	0.050833
35	40	0.050833
2	10	0.050831
42	61	0.050831
35	68	0.050826
56	69	0.050826
13	16	0.050826
32	70	0.050823
6	11	0.050821
33	53	0.050818
28	74	0.050817
67	74	0.050816
16	64	0.050815
5	13	0.050812
23	61	0.050812
8	33	0.050811
30	74	0.050809
36	48	0.050809
31	64	0.050807
6	56	0.050804
4	52	0.050804
10	29	0.050804
3	33	0.050801
5	64	0.050801
33	72	0.050801
10	37	0.050799
10	27	0.050798
24	33	0.050795
9	33	0.050793
32	53	0.050791
33	41	0.050788
45	61	0.050785
8	32	0.050783
1	19	0.050783
63	64	0.050782
20	61	0.050782
7	69	0.050778
52	71	0.050778
4	28	0.050777
3	32	0.050773
32	72	0.050772
10	74	0.050771
26	28	0.050769
26	67	0.050768
24	32	0.050766
9	32	0.050764
13	70	0.050762
21	56	0.050761
28	40	0.05076
32	41	0.050759
40	67	0.050759
39	67	0.050757
59	69	0.050756
43	61	0.050754
6	7	0.050754
47	61	0.050753
28	68	0.050753
22	61	0.05075
23	28	0.05075
64	70	0.050749
46	61	0.050747
36	52	0.050746
69	73	0.050742
19	61	0.050742
33	54	0.050741
18	61	0.050741
7	12	0.050738
49	69	0.050738
13	23	0.050737
21	61	0.050734
44	61	0.050734
25	36	0.050732
6	59	0.050731
23	60	0.05073
38	52	0.050728
13	53	0.050726
27	34	0.050723
10	26	0.050719
12	59	0.050714
17	52	0.050714
52	58	0.050714
34	61	0.050714
52	60	0.050713
53	64	0.050713
6	49	0.050711
32	54	0.05071
10	40	0.05071
48	52	0.050708
10	39	0.050707
3	13	0.050706
42	52	0.050705
13	72	0.050705
4	33	0.050704
8	64	0.050704
10	68	0.050702
30	69	0.050698
13	24	0.050698
30	38	0.050697
9	13	0.050695
3	64	0.050692
64	72	0.050691
13	41	0.05069
4	11	0.050688
24	64	0.050684
69	75	0.050683
25	35	0.050683
23	52	0.050682
9	64	0.050681
1	69	0.050678
41	64	0.050675
33	71	0.050673
4	32	0.05067
6	30	0.05067
6	75	0.050655
45	52	0.050647
20	52	0.050643
32	71	0.050637
12	75	0.050636
33	36	0.050634
13	54	0.050634
1	12	0.050631
2	69	0.050629
11	18	0.050629
16	35	0.050624
54	64	0.050619
33	38	0.050612
61	62	0.050611
43	52	0.050608
47	52	0.050607
5	35	0.050604
22	52	0.050603
11	56	0.050602
3	25	0.050599
46	52	0.050598
2	6	0.050598
32	36	0.050597
17	33	0.050596
33	58	0.050596
2	54	0.050596
33	60	0.050594
12	40	0.050593
19	52	0.050592
18	52	0.050591
29	69	0.05059
4	13	0.05059
33	48	0.050589
25	28	0.050587
33	42	0.050585
25	67	0.050585
37	69	0.050583
21	52	0.050583
44	52	0.050582
27	69	0.050581
35	63	0.050578
1	3	0.050578
2	12	0.050578
27	48	0.050575
32	38	0.050574
4	64	0.050573
38	74	0.050571
4	10	0.05056
23	33	0.050557
34	52	0.050557
6	29	0.050557
17	32	0.050557
32	58	0.050557
32	60	0.050555
13	71	0.050552
6	37	0.05055
2	39	0.050549
32	48	0.050549
6	27	0.050548
32	42	0.050545
69	74	0.050544
12	29	0.050535
64	71	0.050535
35	70	0.050532
7	11	0.050531
12	37	0.050528
12	27	0.050526
26	48	0.050525
10	25	0.05052
16	28	0.050519
16	67	0.050517
33	45	0.050515
23	32	0.050515
20	33	0.05051
6	74	0.050508
13	36	0.050506
34	71	0.050506
28	31	0.050505
31	67	0.050504
11	59	0.050499
5	28	0.050496
5	67	0.050495
36	64	0.050488
12	74	0.050486
35	53	0.050481
13	38	0.05048
11	49	0.050471
32	45	0.050471
56	59	0.05047
26	69	0.050469
8	35	0.050469
33	43	0.050468
33	47	0.050467
28	63	0.050466
20	32	0.050466
63	67	0.050464
22	33	0.050462
38	64	0.050461
13	60	0.050459
33	46	0.050457
40	69	0.050455
3	35	0.050452
13	48	0.050452
39	69	0.050451
35	72	0.050451
19	33	0.05045
41	58	0.050449
18	33	0.050448
13	42	0.050448
56	73	0.050448
10	16	0.050445
68	69	0.050444
17	64	0.050442
58	64	0.050442
24	35	0.050441
49	56	0.050441
60	64	0.05044
21	33	0.050438
9	35	0.050437
33	44	0.050437
48	64	0.050432
10	31	0.050431
6	26	0.05043
35	41	0.050429
42	64	0.050429
52	62	0.050426
32	43	0.050421
5	10	0.050421
32	47	0.05042
16	73	0.050419
6	40	0.050416
22	32	0.050415
11	30	0.050413
28	70	0.050413
6	39	0.050412
67	70	0.050411
32	46	0.050409
33	34	0.050407
12	26	0.050405
6	68	0.050404
19	32	0.050402
18	32	0.0504
23	64	0.050394
41	75	0.050392
21	32	0.05039
32	44	0.050389
10	63	0.050388
12	39	0.050386
7	59	0.050385
70	72	0.050384
1	11	0.050384
30	56	0.050381
10	53	0.05038
12	68	0.050378
27	75	0.050367
13	45	0.050364
7	73	0.050362
13	20	0.050359
56	75	0.050358
32	34	0.050356
7	49	0.050354
28	53	0.050354
53	67	0.050352
35	54	0.05035
45	64	0.050343
26	74	0.050341
8	28	0.050339
8	67	0.050337
20	64	0.050337
2	19	0.050336
23	75	0.050335
10	70	0.05033
2	26	0.050329
1	31	0.050329
53	62	0.050327
59	73	0.050322
3	28	0.050321
28	72	0.050319
3	67	0.050319
67	72	0.050317
23	26	0.050315
49	59	0.050314
13	43	0.050309
24	28	0.050308
24	67	0.050306
9	28	0.050303
9	67	0.050301
13	46	0.050295
41	67	0.050292
49	73	0.050289
7	30	0.050288
4	35	0.050287
13	19	0.050286
43	64	0.050286
47	64	0.050284
22	64	0.050279
10	47	0.050278
2	56	0.050276
13	21	0.050273
46	64	0.050272
19	25	0.050264
19	64	0.050263
7	75	0.050263
18	64	0.050261
1	7	0.050254
11	29	0.050254
49	75	0.050252
33	62	0.05025
21	64	0.050249
44	64	0.050248
30	59	0.050245
11	37	0.050244
13	34	0.050235
35	71	0.050234
3	10	0.050229
10	72	0.050228
27	30	0.050224
59	75	0.050219
30	73	0.050218
29	56	0.050216
10	24	0.050215
34	64	0.050211
1	59	0.05021
37	56	0.050205
27	56	0.050203
28	54	0.050202
54	67	0.0502
10	41	0.0502
32	62	0.050191
73	75	0.050191
11	74	0.050186
25	69	0.050184
1	49	0.050173
2	7	0.050172
35	36	0.050168
34	74	0.05014
26	68	0.050138
6	25	0.050132
4	67	0.050127
2	59	0.050124
7	29	0.050106
17	35	0.050104
35	58	0.050104
35	60	0.050101
12	25	0.050098
7	37	0.050094
7	27	0.050091
35	48	0.050091
35	42	0.050085
2	49	0.050084
56	58	0.050082
20	28	0.05008
16	69	0.050078
28	71	0.050068
67	71	0.050066
1	75	0.050064
21	49	0.050058
31	69	0.050057
29	59	0.050055
11	40	0.050055
16	38	0.050052
11	39	0.05005
62	72	0.050049
13	62	0.050049
5	69	0.050043
27	59	0.05004
23	35	0.050037
7	40	0.050036
26	56	0.050031
2	36	0.05003
7	74	0.050028
6	16	0.050021
62	64	0.05002
29	49	0.050013
37	73	0.050011
48	75	0.050011
40	56	0.05001
27	73	0.050008
39	56	0.050005
37	49	0.050001
2	30	0.049999
6	31	0.049999
27	49	0.049998
63	69	0.049996
56	68	0.049993
36	67	0.04999
5	6	0.049984
12	16	0.049984
48	68	0.049978
59	74	0.049975
35	45	0.049966
12	31	0.049962
20	35	0.049958
1	2	0.049956
10	71	0.049953
38	67	0.049947
5	12	0.049946
12	42	0.049944
6	63	0.049935
49	74	0.04993
17	28	0.049918
17	67	0.049915
58	67	0.049915
7	54	0.049915
69	70	0.049913
60	67	0.049912
30	37	0.04991
28	48	0.049903
7	26	0.049903
48	67	0.049901
28	42	0.049897
12	63	0.049896
42	67	0.049894
35	43	0.049887
35	47	0.049884
1	29	0.049877
22	35	0.049877
37	75	0.049876
7	39	0.049874
3	5	0.049873
10	36	0.049871
35	46	0.049867
3	71	0.049867
19	35	0.049855
18	35	0.049853
6	70	0.049848
26	59	0.049844
23	67	0.049838
11	71	0.049837
21	35	0.049836
35	44	0.049834
10	38	0.049824
53	69	0.049821
40	59	0.04982
39	59	0.049814
12	70	0.049807
26	73	0.049806
59	68	0.0498
8	69	0.049798
36	56	0.049797
26	49	0.049795
10	17	0.049789
10	58	0.049789
10	60	0.049786
11	42	0.049786
34	35	0.049783
40	73	0.049781
8	48	0.049775
39	73	0.049775
10	48	0.049773
40	49	0.04977
3	69	0.049769
69	72	0.049767
2	29	0.049765
39	49	0.049763
68	73	0.049761
28	45	0.049759
45	67	0.049756
6	53	0.049752
2	37	0.049751
49	68	0.049749
24	69	0.049749
20	67	0.049747
9	69	0.049742
7	45	0.049734
6	8	0.049728
41	69	0.049727
28	34	0.049725
34	48	0.04972
12	53	0.049708
3	6	0.049698
6	72	0.049695
6	24	0.049677
27	41	0.049676
6	9	0.04967
28	43	0.049668
2	74	0.049666
43	67	0.049665
47	67	0.049662
29	37	0.04966
11	25	0.049657
22	28	0.049656
27	29	0.049656
30	39	0.049656
6	41	0.049654
22	67	0.049653
3	12	0.049652
12	72	0.049649
28	46	0.049645
46	67	0.049642
43	73	0.049641
27	37	0.049641
24	74	0.049639
1	26	0.049636
19	28	0.049632
12	24	0.04963
19	67	0.049628
18	67	0.049626
9	12	0.049623
11	36	0.049623
40	75	0.049622
10	45	0.049616
39	75	0.049615
21	28	0.049609
1	40	0.049609
28	44	0.049608
12	41	0.049607
21	67	0.049606
44	67	0.049604
1	39	0.049601
49	54	0.049601
68	75	0.0496
11	47	0.049598
25	56	0.049597
54	69	0.049585
29	72	0.049572
29	74	0.049571
3	19	0.049561
37	74	0.049554
34	67	0.049544
35	62	0.049518
10	43	0.049516
6	54	0.049505
10	22	0.049504
11	16	0.049501
10	46	0.049492
1	8	0.049491
10	19	0.049476
2	40	0.049476
10	18	0.049474
4	69	0.049471
11	31	0.049471
36	40	0.049457
12	54	0.049454
10	21	0.049452
2	68	0.049451
10	44	0.04945
5	11	0.04945
3	70	0.049442
16	56	0.049436
7	25	0.049426
68	74	0.049417
31	56	0.049405
26	29	0.049401
23	40	0.049391
4	6	0.049386
5	56	0.049383
26	37	0.049383
11	63	0.049381
69	71	0.049376
37	40	0.049351
25	59	0.049347
72	75	0.049334
4	12	0.049332
37	68	0.049325
27	68	0.04932
56	63	0.049312
25	73	0.049297
6	71	0.049287
25	49	0.049281
26	46	0.04927
2	16	0.049263
11	70	0.04926
36	69	0.049258
25	74	0.049258
29	38	0.04925
40	74	0.049245
28	62	0.049243
62	67	0.049239
39	74	0.049236
12	71	0.049229
29	31	0.049223
7	31	0.049214
38	69	0.049192
5	7	0.04919
56	70	0.049186
25	75	0.049182
20	74	0.049179
6	36	0.049164
16	59	0.049162
17	69	0.049143
58	69	0.049143
25	30	0.049141
29	60	0.049139
60	69	0.049138
2	42	0.049135
31	59	0.049127
11	53	0.049125
48	69	0.04912
46	68	0.049116
7	63	0.049112
7	60	0.049111
42	69	0.04911
12	36	0.049103
5	59	0.049102
6	38	0.049095
8	11	0.049092
31	73	0.049071
1	25	0.04907
31	49	0.049053
4	29	0.049051
3	11	0.049049
53	56	0.049047
11	72	0.049046
5	73	0.049045
6	17	0.049043
6	58	0.049043
36	37	0.049043
6	60	0.049038
26	39	0.049034
12	38	0.049032
5	49	0.049028
23	69	0.049023
59	63	0.049021
11	24	0.04902
6	48	0.049019
8	56	0.049012
9	11	0.04901
38	40	0.04901
6	42	0.049009
21	63	0.049001
23	39	0.049
4	27	0.048996
11	19	0.048981
12	17	0.048979
18	21	0.048979
7	70	0.048974
12	60	0.048973
3	56	0.048968
39	68	0.048966
63	73	0.048962
12	48	0.048954
24	56	0.048938
16	30	0.048937
27	53	0.048937
9	56	0.048928
6	23	0.048918
45	69	0.048897
20	69	0.048882
12	20	0.048882
59	70	0.048877
5	30	0.048871
1	16	0.048859
12	23	0.04885
11	23	0.048843
17	30	0.048826
7	53	0.048821
70	73	0.048815
5	75	0.048811
36	42	0.04881
1	44	0.048797
49	70	0.048795
1	5	0.04879
6	45	0.048786
9	26	0.048777
16	39	0.048776
23	43	0.048774
6	20	0.048771
43	69	0.048755
47	69	0.04875
22	69	0.048737
3	7	0.048735
25	37	0.048732
7	72	0.048731
47	54	0.048728
46	69	0.048721
53	59	0.048717
12	45	0.048714
7	24	0.048701
47	49	0.048701
19	69	0.048699
8	39	0.048696
18	69	0.048695
54	56	0.04869
7	9	0.04869
36	53	0.048681
8	59	0.048678
7	41	0.048665
21	69	0.048664
44	69	0.048662
53	73	0.048651
6	43	0.048638
6	47	0.048633
49	53	0.04863
3	59	0.048628
2	31	0.048625
59	72	0.048624
6	22	0.048619
11	60	0.048611
8	73	0.048611
6	46	0.048602
2	5	0.048595
24	59	0.048593
8	49	0.04859
9	59	0.048581
6	19	0.048579
6	18	0.048575
34	69	0.04857
12	43	0.048563
70	75	0.048557
41	59	0.048556
72	74	0.048552
12	22	0.048543
6	21	0.048543
6	44	0.04854
3	49	0.048538
1	70	0.048534
49	72	0.048534
12	46	0.048525
24	73	0.048524
4	56	0.048518
9	73	0.048511
24	49	0.048502
12	19	0.048502
26	42	0.0485
2	63	0.048495
16	37	0.048491
9	49	0.04849
41	73	0.048485
2	24	0.048477
39	47	0.048475
30	54	0.04847
12	21	0.048465
41	49	0.048464
18	31	0.048462
12	44	0.048462
30	53	0.048446
6	34	0.048444
31	37	0.048444
27	31	0.048437
5	37	0.048412
40	72	0.048406
5	27	0.048404
8	30	0.048403
3	44	0.048396
11	43	0.048383
4	49	0.048376
56	71	0.048375
1	53	0.048353
3	30	0.048348
25	46	0.048345
30	72	0.048343
29	63	0.048333
4	72	0.048326
31	68	0.048324
26	71	0.048324
16	53	0.04832
2	70	0.048319
54	59	0.04831
9	17	0.048306
37	63	0.048305
27	63	0.048298
9	30	0.048296
42	60	0.048289
2	18	0.048276
3	75	0.048275
30	41	0.048268
20	73	0.048267
5	74	0.048255
24	27	0.048255
1	72	0.048246
25	68	0.048241
4	7	0.048241
24	75	0.048236
47	75	0.048236
54	73	0.048233
1	24	0.048212
1	9	0.048198
8	40	0.048187
1	41	0.048169
9	46	0.048144
20	72	0.048138
11	58	0.048137
54	60	0.048134
2	53	0.048124
37	70	0.048118
8	31	0.048118
4	59	0.048114
7	42	0.048112
27	70	0.04811
4	74	0.048108
11	48	0.048104
62	69	0.048099
38	56	0.048098
40	60	0.048087
7	71	0.048083
36	68	0.04807
18	75	0.048065
1	4	0.048064
42	68	0.048056
36	43	0.048054
4	73	0.048033
17	56	0.048024
56	60	0.048016
2	3	0.048014
2	72	0.048009
26	31	0.047997
48	56	0.04799
42	62	0.047977
42	56	0.047975
5	26	0.04796
2	9	0.047957
16	68	0.047954
6	62	0.047952
59	71	0.04795
70	74	0.047946
31	40	0.047943
29	53	0.047941
37	53	0.04791
4	20	0.047907
5	40	0.047905
5	39	0.047891
16	45	0.047891
7	36	0.047889
1	54	0.047889
71	73	0.047865
5	68	0.047861
8	37	0.047859
23	56	0.047845
49	71	0.047838
26	63	0.047837
43	75	0.047814
25	72	0.047798
3	37	0.047793
37	72	0.047788
3	27	0.047784
40	63	0.047781
24	29	0.047781
11	45	0.04778
27	72	0.047779
47	73	0.047767
39	63	0.047766
9	29	0.047765
8	16	0.04776
11	20	0.047759
36	59	0.047749
24	37	0.047748
9	37	0.047733
29	41	0.047732
53	74	0.047727
20	75	0.047713
29	71	0.047709
4	25	0.047706
37	41	0.047699
7	17	0.047699
4	75	0.047696
39	60	0.047667
7	48	0.047661
36	73	0.047658
45	56	0.047655
29	42	0.047636
20	56	0.047633
36	49	0.04763
31	47	0.047611
3	74	0.047605
40	70	0.047562
30	45	0.047554
17	59	0.047551
39	70	0.047547
38	73	0.047542
59	60	0.047542
9	74	0.047541
11	46	0.047525
38	49	0.047513
48	59	0.047511
41	74	0.047506
7	23	0.047502
42	59	0.047495
1	71	0.047481
19	75	0.04746
27	46	0.047459
17	73	0.047455
58	73	0.047455
60	73	0.047446
43	56	0.047443
11	44	0.04744
47	56	0.047435
17	49	0.047426
49	58	0.047426
49	60	0.047416
22	56	0.047416
29	54	0.047415
48	73	0.047415
8	21	0.047413
59	62	0.047399
46	56	0.047391
2	4	0.047387
26	53	0.047382
37	54	0.047379
42	49	0.047368
23	59	0.047346
8	26	0.047323
11	34	0.047306
44	56	0.047303
39	53	0.047302
4	70	0.047287
36	75	0.047284
7	20	0.04727
53	68	0.047267
23	74	0.047256
1	36	0.047255
3	26	0.047248
44	49	0.047248
3	54	0.047216
23	49	0.047215
8	68	0.047206
68	72	0.047189
2	71	0.047187
36	74	0.047187
3	40	0.047183
45	74	0.04718
54	74	0.047169
45	68	0.047169
27	62	0.047147
45	59	0.04713
18	73	0.047128
4	37	0.047125
5	48	0.047123
30	48	0.047119
20	59	0.047105
30	42	0.0471
2	46	0.047096
9	39	0.047095
62	73	0.047082
24	68	0.047076
7	43	0.047062
58	75	0.047062
9	68	0.047058
39	41	0.047056
7	47	0.047054
60	75	0.047051
18	63	0.047049
60	72	0.047041
7	22	0.047033
45	73	0.047024
21	73	0.047024
8	72	0.04702
41	68	0.047018
1	60	0.047017
7	46	0.047005
42	75	0.046999
45	49	0.046991
53	70	0.046989
8	18	0.046987
4	16	0.046972
7	19	0.04697
20	49	0.046966
7	18	0.046963
23	30	0.046937
23	68	0.046915
7	21	0.046913
37	71	0.046913
7	44	0.046909
27	71	0.046902
31	54	0.046898
25	31	0.046895
47	59	0.04688
22	37	0.046879
8	63	0.046868
22	59	0.046858
41	46	0.046846
5	25	0.046846
16	20	0.046844
34	59	0.046839
19	40	0.046838
18	25	0.046836
2	17	0.046834
46	59	0.046829
1	23	0.046796
19	59	0.046793
58	74	0.046787
18	59	0.046786
16	63	0.046779
22	73	0.046746
40	71	0.046745
43	49	0.046743
22	75	0.04674
21	59	0.046734
44	59	0.046729
2	45	0.046721
46	73	0.046717
22	49	0.046711
2	58	0.0467
43	58	0.046695
25	63	0.046684
19	73	0.046679
71	74	0.046679
20	30	0.046672
26	44	0.046661
2	48	0.046653
17	39	0.046648
54	68	0.046641
18	49	0.046636
3	17	0.046633
11	62	0.046628
44	73	0.046614
2	62	0.046575
1	47	0.046561
29	62	0.046554
1	45	0.046551
1	20	0.046523
16	31	0.046521
30	47	0.046515
27	38	0.046492
22	58	0.046492
2	23	0.046452
16	72	0.046447
18	24	0.046445
29	58	0.046439
5	16	0.046435
30	43	0.046435
34	49	0.046417
22	34	0.046409
4	40	0.046404
3	31	0.046401
22	30	0.046401
25	70	0.0464
17	37	0.046395
37	60	0.046384
27	58	0.046383
34	42	0.046349
43	60	0.046348
37	48	0.046344
22	27	0.046328
37	42	0.046323
18	30	0.046321
63	72	0.04632
18	53	0.046319
26	62	0.046293
1	43	0.046278
5	63	0.046277
21	25	0.04627
9	16	0.04627
21	30	0.046264
1	22	0.046243
1	46	0.046216
44	63	0.046213
9	20	0.046212
16	70	0.046198
40	47	0.046193
30	34	0.046188
23	29	0.046177
1	18	0.046162
2	20	0.046159
70	71	0.046146
39	71	0.046136
23	37	0.046131
60	74	0.046123
2	21	0.046082
42	74	0.046059
44	58	0.046033
21	39	0.04603
45	54	0.046029
8	25	0.046008
40	45	0.046005
3	47	0.045973
40	43	0.045965
34	53	0.045965
26	36	0.045939
46	54	0.04593
19	68	0.045905
29	45	0.045901
2	43	0.045897
20	29	0.045869
2	22	0.045859
37	45	0.045852
27	45	0.045838
63	71	0.045838
20	37	0.04582
20	27	0.045806
3	53	0.045797
26	38	0.04577
9	58	0.045764
24	60	0.045739
18	39	0.045721
39	42	0.045717
23	25	0.045706
2	44	0.045704
47	72	0.045658
21	58	0.045657
47	63	0.04565
17	26	0.045646
26	58	0.045645
26	60	0.045632
38	68	0.04561
63	70	0.045607
16	42	0.045596
49	62	0.045596
29	43	0.045593
21	31	0.04559
1	62	0.04559
20	58	0.045578
18	68	0.045563
17	40	0.045555
22	29	0.045553
37	47	0.04553
27	43	0.045527
29	46	0.045517
31	53	0.045517
27	47	0.045516
40	48	0.045496
9	54	0.045496
58	68	0.045482
19	29	0.04547
37	46	0.045465
5	53	0.045453
3	4	0.045429
3	16	0.045427
43	53	0.045418
16	41	0.045418
19	37	0.045417
20	40	0.045412
18	37	0.045409
19	27	0.045403
21	29	0.045395
18	27	0.045394
29	44	0.04539
5	8	0.045367
41	42	0.045352
16	24	0.045344
21	37	0.045342
37	44	0.045336
22	26	0.045328
21	27	0.045327
27	44	0.045322
31	72	0.045314
26	34	0.045298
53	58	0.045284
24	31	0.045248
3	23	0.045245
53	63	0.045244
47	74	0.045227
9	31	0.045222
48	60	0.045216
30	62	0.045215
43	68	0.045213
22	74	0.045197
34	68	0.045185
5	24	0.045182
4	24	0.045178
22	23	0.045168
31	41	0.045167
46	74	0.045159
5	9	0.045156
34	37	0.045135
16	23	0.045123
19	74	0.045109
5	41	0.0451
18	74	0.0451
19	26	0.045086
16	71	0.045074
16	62	0.045042
9	60	0.045032
24	63	0.044964
25	71	0.044953
9	63	0.044937
39	45	0.044899
41	63	0.044879
5	71	0.04487
20	39	0.044862
8	34	0.04484
20	68	0.044806
34	70	0.044788
8	70	0.044784
8	41	0.044779
3	62	0.044773
16	54	0.044742
9	48	0.044731
3	46	0.044723
46	72	0.044686
48	53	0.044672
26	43	0.04467
54	62	0.044647
24	70	0.044582
5	54	0.044565
9	70	0.044553
39	43	0.044538
9	45	0.04452
22	40	0.044519
24	36	0.0445
41	70	0.044493
22	39	0.044492
31	43	0.044482
40	46	0.044477
47	68	0.044467
39	46	0.044449
3	8	0.044447
21	26	0.044442
22	68	0.044434
41	60	0.044415
18	40	0.044412
47	62	0.044401
19	39	0.044394
36	72	0.044389
31	44	0.044373
8	53	0.044373
19	22	0.044336
21	40	0.044335
40	44	0.044328
20	53	0.044324
5	47	0.044323
16	36	0.044312
8	71	0.044307
39	44	0.0443
40	62	0.044285
18	44	0.044253
21	68	0.044247
44	68	0.04424
53	72	0.044235
22	63	0.044231
4	31	0.044218
24	53	0.044159
4	5	0.044141
37	62	0.044114
34	40	0.044095
41	53	0.044064
8	24	0.044055
24	47	0.044029
8	9	0.044024
3	24	0.043923
24	72	0.043912
54	70	0.043909
8	19	0.043905
22	38	0.043902
31	36	0.043893
3	9	0.043892
4	63	0.043889
9	72	0.04388
31	71	0.043869
21	41	0.043851
3	41	0.043826
53	54	0.043816
41	72	0.043814
9	24	0.0438
4	41	0.043775
22	31	0.04377
25	48	0.043742
4	60	0.04371
19	24	0.043708
9	41	0.043702
3	43	0.043646
45	53	0.043645
22	62	0.043564
18	36	0.043553
4	8	0.043519
41	48	0.043509
4	62	0.043492
36	41	0.043483
5	23	0.043423
8	17	0.043359
5	36	0.043357
3	22	0.04335
54	72	0.043336
19	45	0.043323
24	46	0.043321
3	18	0.043291
48	54	0.04329
17	54	0.043262
19	41	0.043214
9	38	0.043206
36	45	0.043186
16	60	0.043133
5	38	0.043114
24	54	0.043091
36	63	0.04308
41	44	0.043078
20	71	0.043078
62	68	0.043071
17	31	0.043023
25	45	0.043013
31	60	0.043004
41	54	0.042983
20	25	0.042966
4	53	0.04296
31	48	0.04294
5	17	0.042935
5	58	0.042935
24	58	0.04293
8	62	0.042919
5	60	0.042916
31	42	0.042906
21	22	0.042883
46	63	0.042857
5	34	0.042832
5	42	0.042816
45	70	0.042807
9	22	0.042735
19	31	0.042719
25	34	0.042694
16	44	0.042693
17	71	0.042691
17	63	0.042645
60	63	0.042625
5	18	0.042615
17	53	0.042612
21	43	0.042606
36	70	0.042595
23	31	0.042594
48	63	0.042558
25	43	0.042556
53	71	0.042555
4	9	0.042547
42	63	0.042522
20	36	0.042519
22	25	0.042498
8	58	0.042469
58	70	0.042455
9	19	0.042454
3	45	0.042414
8	43	0.042381
43	70	0.042332
38	70	0.042331
24	44	0.042274
8	38	0.042267
9	36	0.042264
23	71	0.042243
17	24	0.042235
23	63	0.042197
31	46	0.042185
24	71	0.042162
31	45	0.042143
17	70	0.042137
9	71	0.042124
60	70	0.042116
4	42	0.04211
20	31	0.042091
38	44	0.04208
44	46	0.042064
48	70	0.042046
5	45	0.042046
41	71	0.042044
17	36	0.042009
42	70	0.042008
5	20	0.041994
18	41	0.041948
16	18	0.041934
19	20	0.041836
4	18	0.041824
16	43	0.04179
38	53	0.041781
16	47	0.041772
8	23	0.041767
4	54	0.041731
22	53	0.041729
45	63	0.041728
16	22	0.041727
9	43	0.041688
20	63	0.041674
23	70	0.041666
18	54	0.04164
58	62	0.041638
18	62	0.041592
24	42	0.041579
5	43	0.041542
4	58	0.041528
47	70	0.041499
5	22	0.041477
3	38	0.041476
4	38	0.041474
16	21	0.041474
38	72	0.041461
34	36	0.041444
42	53	0.04144
18	72	0.041425
5	46	0.041418
44	54	0.041413
19	53	0.04141
43	48	0.041374
8	44	0.04136
24	38	0.041358
5	19	0.041341
41	47	0.041324
8	42	0.041301
3	58	0.041276
54	71	0.041274
17	72	0.04125
58	72	0.04125
38	41	0.041231
5	21	0.041219
5	44	0.04121
43	63	0.041208
3	20	0.041175
48	72	0.041152
3	42	0.041125
20	70	0.041116
42	72	0.04111
23	53	0.04108
24	48	0.041046
17	41	0.041015
8	46	0.041004
19	63	0.041002
17	23	0.040999
31	34	0.040992
22	54	0.040988
9	42	0.040961
42	47	0.040913
18	23	0.040897
18	70	0.040853
42	58	0.040841
23	36	0.040825
23	72	0.04074
8	20	0.040726
23	34	0.040697
20	22	0.040692
8	45	0.040658
21	53	0.040649
22	36	0.040612
47	60	0.040604
47	53	0.040594
9	23	0.040586
38	71	0.040562
22	70	0.040557
34	63	0.040532
46	70	0.040493
4	46	0.040471
8	22	0.040464
20	43	0.040435
42	54	0.040419
19	70	0.04041
38	54	0.040402
9	47	0.040296
21	70	0.040278
44	70	0.040268
21	54	0.040216
42	43	0.040206
8	47	0.040198
3	21	0.040196
23	54	0.040192
54	58	0.04017
20	24	0.04017
9	18	0.04015
17	22	0.040118
45	60	0.040101
22	60	0.040092
24	45	0.04009
4	36	0.04008
41	45	0.039949
17	18	0.039907
23	47	0.039894
20	41	0.039887
34	60	0.039884
5	62	0.039823
47	71	0.039817
34	58	0.039809
42	71	0.03969
24	34	0.039669
4	48	0.039638
17	44	0.039623
43	72	0.039614
44	53	0.039609
36	71	0.039555
45	58	0.039541
22	72	0.039539
4	17	0.039508
24	43	0.039494
22	24	0.039418
34	54	0.039415
31	62	0.039378
17	45	0.039377
41	43	0.039347
45	71	0.039337
20	42	0.039332
4	23	0.039321
43	62	0.03932
38	43	0.039281
17	38	0.03928
22	41	0.03927
21	72	0.039237
44	72	0.039226
3	34	0.03917
62	70	0.039169
4	47	0.039122
21	24	0.039114
23	48	0.039081
9	21	0.039065
4	19	0.039062
9	44	0.039054
46	48	0.03904
18	71	0.039029
58	71	0.03896
60	71	0.038933
62	63	0.038857
23	62	0.038853
48	71	0.038843
18	42	0.038792
17	42	0.038756
19	71	0.038693
42	45	0.038687
34	41	0.038566
19	21	0.038562
36	38	0.038556
23	58	0.038546
19	62	0.038529
4	34	0.038464
18	48	0.038411
43	54	0.038387
38	48	0.038326
45	46	0.038326
36	58	0.038292
46	71	0.038285
38	42	0.038273
19	43	0.038232
46	62	0.038199
38	60	0.038098
22	45	0.038052
44	71	0.038001
34	43	0.037945
18	46	0.037944
17	60	0.037915
58	60	0.037846
20	60	0.037832
22	46	0.037823
34	38	0.037775
47	48	0.037774
43	44	0.037734
22	42	0.037672
4	21	0.03767
17	58	0.037645
4	43	0.037637
23	46	0.037599
4	22	0.037551
46	47	0.037547
36	62	0.037526
48	58	0.037517
19	44	0.037433
18	20	0.03743
17	47	0.037403
43	47	0.037338
42	48	0.037335
43	45	0.037307
44	45	0.037295
23	38	0.03727
34	45	0.03726
4	44	0.037195
36	47	0.037166
34	46	0.037136
19	48	0.03713
17	21	0.037031
43	71	0.037018
34	47	0.036931
22	71	0.036929
60	62	0.036892
24	62	0.036815
20	47	0.036767
36	46	0.036758
22	47	0.036707
19	34	0.036696
41	62	0.036641
21	71	0.036585
43	46	0.036281
21	45	0.036221
45	48	0.036158
20	48	0.036079
19	36	0.035978
20	62	0.035885
38	47	0.035862
42	46	0.035848
21	36	0.035802
36	44	0.03579
46	60	0.035694
38	46	0.035665
19	42	0.035655
23	45	0.035584
18	58	0.035578
19	38	0.035553
17	43	0.035545
18	34	0.035545
18	38	0.035532
47	58	0.035512
20	23	0.035502
17	19	0.03543
21	38	0.035374
44	48	0.035373
17	46	0.035355
46	58	0.035354
23	44	0.03526
19	58	0.03524
45	47	0.035227
21	23	0.035215
19	60	0.035207
20	46	0.035201
18	43	0.035188
38	62	0.035105
18	22	0.035091
21	60	0.035025
44	60	0.035012
20	34	0.034978
21	48	0.034953
21	42	0.03485
42	44	0.034837
19	23	0.03449
18	45	0.034434
21	46	0.03435
22	44	0.034132
20	44	0.033897
19	47	0.033432
20	21	0.033427
45	62	0.03258
18	19	0.0325
34	44	0.032384
21	34	0.032057
21	62	0.030487
44	62	0.029676