#==========================================================================
# The first and second rows contain site pairs (i, j) such that j > i
# The third row contains coevolutionary scores obtained 
# using PSICOV algorithm.
# Note that in this data sites are counted/labelled starting from 1
#==========================================================================
12	41	0.875343
3	22	0.872581
15	38	0.821098
14	39	0.818964
16	37	0.809494
13	40	0.77187
1	24	0.719209
30	31	0.614127
10	38	0.515334
2	23	0.470715
26	27	0.308773
10	15	0.299293
11	40	0.182895
14	38	0.156354
14	25	0.15355
26	28	0.143102
25	41	0.139796
14	40	0.139704
27	28	0.134834
29	30	0.133697
22	31	0.131281
25	27	0.127729
9	25	0.121767
32	33	0.120042
28	30	0.117337
29	33	0.115398
10	11	0.111653
10	14	0.111488
25	26	0.11017
14	27	0.107969
9	10	0.105372
38	39	0.102712
25	30	0.100913
26	38	0.1007
3	31	0.098755
10	25	0.097625
13	15	0.094828
15	25	0.094771
12	25	0.094596
11	39	0.094467
13	41	0.094304
3	10	0.094115
9	40	0.092701
13	38	0.091354
11	28	0.088922
15	28	0.088004
27	40	0.087567
11	13	0.086191
32	34	0.085179
26	40	0.083806
10	39	0.083657
14	15	0.082512
37	39	0.082305
9	11	0.082279
8	17	0.082061
8	20	0.081987
8	35	0.081987
4	8	0.081987
8	36	0.081986
8	21	0.081986
8	18	0.081986
5	8	0.081986
8	19	0.081985
17	20	0.081892
17	18	0.081891
4	17	0.081891
17	35	0.081891
17	21	0.081891
5	17	0.081891
17	36	0.081891
17	19	0.08189
4	19	0.081794
19	36	0.081794
19	35	0.081794
35	36	0.081793
18	20	0.081793
5	21	0.081793
21	36	0.081793
19	20	0.081793
5	19	0.081793
4	5	0.081793
5	35	0.081793
4	35	0.081793
4	18	0.081793
21	35	0.081793
4	21	0.081793
18	35	0.081793
4	36	0.081793
5	18	0.081793
5	20	0.081793
19	21	0.081793
18	36	0.081792
5	36	0.081792
18	21	0.081792
20	21	0.081792
4	20	0.081792
18	19	0.081792
20	36	0.081792
20	35	0.081792
12	13	0.081644
7	8	0.081577
7	17	0.081522
7	35	0.081469
4	7	0.081469
7	20	0.081469
7	36	0.081469
7	21	0.081468
7	18	0.081468
5	7	0.081468
7	19	0.081468
10	40	0.080424
11	23	0.080046
2	7	0.079901
26	39	0.079782
11	38	0.079342
10	31	0.078953
31	40	0.078027
2	11	0.077577
14	37	0.077528
16	39	0.077337
28	39	0.077166
6	34	0.074554
22	26	0.074057
1	12	0.073977
30	33	0.073742
14	16	0.07347
6	22	0.073464
33	34	0.07328
1	41	0.073239
12	24	0.073236
10	26	0.072956
29	34	0.072332
14	28	0.072048
1	26	0.071627
6	24	0.071554
13	30	0.071222
12	28	0.071079
9	39	0.070745
3	11	0.070284
26	30	0.070251
6	29	0.069516
40	41	0.0695
6	32	0.068927
28	38	0.068372
12	40	0.067532
24	41	0.067455
25	38	0.067323
13	27	0.067323
15	40	0.067061
1	37	0.067052
15	31	0.066705
3	26	0.066502
5	23	0.065824
4	23	0.065823
20	23	0.065823
19	23	0.065823
23	36	0.065823
18	23	0.065823
23	35	0.065823
21	23	0.065823
17	23	0.065807
8	23	0.065778
13	39	0.065438
1	16	0.065021
10	28	0.065011
2	4	0.065002
2	19	0.065002
2	18	0.065002
2	21	0.065002
2	5	0.065002
2	35	0.065002
2	36	0.065002
2	20	0.065002
2	17	0.064974
8	34	0.064969
17	34	0.064955
19	34	0.064941
18	34	0.064941
34	36	0.064941
34	35	0.064941
21	34	0.064941
5	34	0.06494
4	34	0.06494
20	34	0.06494
2	8	0.064909
27	30	0.064834
7	34	0.06483
28	41	0.06476
3	6	0.06462
24	37	0.063669
11	27	0.063653
11	25	0.0634
10	27	0.063161
6	17	0.062774
6	9	0.06277
6	21	0.062663
4	6	0.062662
6	35	0.062662
6	20	0.062662
6	18	0.062662
6	8	0.062662
5	6	0.062662
6	19	0.062662
6	36	0.062662
7	23	0.062435
6	7	0.062409
9	38	0.062286
3	28	0.062256
27	39	0.061913
11	30	0.061841
13	14	0.061747
24	40	0.061309
9	13	0.061276
8	32	0.061183
18	32	0.061123
21	32	0.061123
20	32	0.061123
32	36	0.061123
32	35	0.061123
19	32	0.061123
5	32	0.061122
4	32	0.061122
17	32	0.061052
7	32	0.061023
16	40	0.061021
16	24	0.060967
6	33	0.060898
38	40	0.060878
22	30	0.059621
8	29	0.059391
17	29	0.059334
7	29	0.059332
29	36	0.059309
29	35	0.059308
21	29	0.059308
19	29	0.059308
18	29	0.059308
20	29	0.059308
5	29	0.059308
4	29	0.059307
11	26	0.059241
1	40	0.059152
39	40	0.058987
29	32	0.058928
28	40	0.058788
22	34	0.058689
15	39	0.058623
12	27	0.058502
9	12	0.058349
22	28	0.058295
16	26	0.058289
9	14	0.058252
25	39	0.058243
23	34	0.057912
5	33	0.057892
4	33	0.057892
33	36	0.057892
33	35	0.057891
21	33	0.057891
18	33	0.057891
20	33	0.057891
19	33	0.057891
8	33	0.057846
17	33	0.05776
7	33	0.057683
2	34	0.057567
31	38	0.057034
24	25	0.056698
37	40	0.05667
1	33	0.056391
29	31	0.056349
10	13	0.056276
12	23	0.056189
30	38	0.055534
27	32	0.055381
10	29	0.055264
11	32	0.054783
12	32	0.054718
13	26	0.054115
22	29	0.053914
9	27	0.053468
6	23	0.053088
13	24	0.053045
26	37	0.052983
2	6	0.052803
23	29	0.052768
16	20	0.052741
16	18	0.05274
16	21	0.05274
16	35	0.05274
5	16	0.05274
16	19	0.05274
16	36	0.05274
4	16	0.05274
8	16	0.052691
16	17	0.052642
8	37	0.052523
7	16	0.052512
2	29	0.05251
19	37	0.052502
18	37	0.052502
21	37	0.052502
4	37	0.052502
35	37	0.052502
36	37	0.052502
20	37	0.052502
5	37	0.052502
17	37	0.052463
7	37	0.052444
2	9	0.052236
39	41	0.052231
24	32	0.052044
10	22	0.052
3	25	0.051933
1	13	0.05183
3	30	0.051775
9	23	0.051724
27	33	0.051641
12	15	0.051336
1	29	0.051325
6	27	0.05129
13	28	0.051208
13	25	0.051102
31	34	0.050792
23	32	0.05053
11	22	0.050528
27	41	0.050514
24	34	0.05046
2	32	0.050441
1	6	0.050411
22	25	0.050385
1	19	0.050186
1	35	0.050186
1	21	0.050186
1	4	0.050186
1	20	0.050185
1	36	0.050185
1	18	0.050185
1	5	0.050185
1	17	0.050143
3	27	0.050093
31	33	0.050066
1	8	0.050006
25	28	0.049407
25	34	0.049335
12	33	0.049298
11	33	0.049157
1	7	0.049152
2	12	0.04912
9	15	0.049039
11	29	0.048932
14	31	0.048925
2	41	0.048904
23	33	0.048499
2	33	0.048365
28	31	0.048325
24	31	0.048173
11	15	0.04817
9	41	0.047651
23	27	0.047367
10	30	0.047314
26	33	0.047185
7	9	0.047081
6	25	0.047019
8	9	0.047008
28	29	0.046999
9	32	0.046929
15	30	0.046877
9	35	0.046834
9	20	0.046834
4	9	0.046834
9	21	0.046834
9	36	0.046834
5	9	0.046834
9	19	0.046834
9	18	0.046834
9	24	0.046754
1	31	0.046699
15	32	0.046597
9	17	0.046501
24	29	0.046409
6	11	0.046252
19	24	0.046149
24	35	0.046149
20	24	0.046149
21	24	0.046149
5	24	0.046149
24	36	0.046149
18	24	0.046149
4	24	0.046149
3	34	0.046128
6	28	0.046104
17	24	0.046075
32	41	0.046062
32	37	0.04589
8	24	0.045852
31	32	0.045844
13	16	0.045795
25	29	0.045784
16	34	0.045782
16	32	0.045779
34	37	0.045779
37	41	0.045657
3	36	0.045556
3	19	0.045556
3	4	0.045556
3	5	0.045556
3	35	0.045556
3	20	0.045556
3	18	0.045556
3	21	0.045556
3	17	0.045501
3	7	0.04546
23	37	0.045457
3	8	0.045432
23	26	0.045432
2	37	0.045431
6	31	0.045401
25	40	0.045292
16	23	0.045265
2	16	0.045174
9	33	0.045149
22	32	0.045105
7	24	0.045101
16	41	0.044995
24	33	0.04497
30	39	0.044851
33	38	0.044832
33	37	0.044777
6	26	0.04477
1	9	0.044689
13	37	0.044682
6	37	0.044629
6	16	0.044618
16	33	0.044409
12	34	0.044309
9	34	0.044296
31	41	0.044232
30	32	0.044173
14	26	0.044172
11	31	0.04417
9	37	0.044111
30	34	0.044092
2	27	0.044005
9	16	0.043983
3	14	0.043966
1	39	0.043957
9	29	0.04391
1	32	0.043851
12	26	0.043813
26	29	0.043678
1	34	0.043598
14	30	0.043415
2	26	0.043354
23	25	0.043324
24	26	0.043242
14	22	0.042916
1	30	0.042657
34	41	0.042615
5	22	0.042523
22	36	0.042522
18	22	0.042522
4	22	0.042522
20	22	0.042522
21	22	0.042522
22	35	0.042522
19	22	0.042522
7	22	0.042449
17	22	0.042432
8	22	0.042389
11	12	0.042243
29	37	0.042153
30	41	0.042127
13	22	0.042101
1	22	0.042083
16	29	0.042077
21	31	0.04205
31	36	0.04205
18	31	0.042049
31	35	0.042049
20	31	0.042049
19	31	0.042049
5	31	0.042049
4	31	0.042049
8	31	0.042007
26	32	0.041998
15	34	0.041992
7	31	0.041974
17	31	0.041944
9	28	0.041911
26	31	0.041894
28	34	0.041851
1	3	0.041826
7	41	0.041716
14	41	0.041546
15	22	0.041358
24	39	0.041344
24	27	0.041257
1	23	0.04118
3	32	0.041167
22	27	0.040822
1	2	0.040773
3	24	0.04074
10	24	0.040726
6	13	0.040702
9	30	0.040653
33	41	0.040625
11	24	0.040554
1	10	0.040525
11	14	0.040482
13	31	0.040383
13	33	0.040314
22	33	0.040208
3	33	0.040071
2	25	0.040071
25	31	0.039912
31	39	0.039805
17	27	0.039794
15	29	0.039789
6	30	0.039781
22	24	0.039772
27	34	0.039706
5	12	0.039703
4	12	0.039703
12	20	0.039703
12	18	0.039703
12	36	0.039703
12	35	0.039703
12	21	0.039702
12	19	0.039702
27	31	0.039692
23	28	0.039687
23	41	0.039687
28	33	0.03966
6	15	0.03961
2	31	0.039599
29	38	0.039536
12	17	0.039512
8	12	0.039448
24	30	0.039424
36	41	0.039237
19	41	0.039237
5	41	0.039237
4	41	0.039237
35	41	0.039237
21	41	0.039237
18	41	0.039237
20	41	0.039237
23	24	0.039212
23	31	0.039183
25	32	0.039165
11	41	0.039118
26	34	0.039076
2	28	0.039022
17	41	0.038954
16	30	0.038853
8	41	0.038845
2	24	0.038836
11	34	0.038778
27	36	0.03876
5	27	0.038759
20	27	0.038759
18	27	0.038759
4	27	0.038759
21	27	0.038759
27	35	0.038759
19	27	0.038759
20	28	0.038695
21	28	0.038695
28	35	0.038695
18	28	0.038695
19	28	0.038695
28	36	0.038695
5	28	0.038694
4	28	0.038694
9	31	0.038675
17	28	0.03861
8	28	0.038587
2	15	0.038503
3	38	0.0385
30	40	0.038488
8	27	0.038429
3	29	0.038316
7	27	0.038167
32	38	0.038162
25	33	0.038063
7	28	0.037962
3	23	0.037866
2	3	0.037826
30	37	0.037799
1	25	0.037768
15	23	0.037614
7	30	0.03758
28	32	0.037529
15	33	0.037498
30	35	0.037495
30	36	0.037495
5	30	0.037494
21	30	0.037494
4	30	0.037494
20	30	0.037494
19	30	0.037494
18	30	0.037494
8	30	0.037482
10	12	0.03745
5	15	0.037415
15	20	0.037415
15	18	0.037415
15	36	0.037415
4	15	0.037414
15	19	0.037414
15	21	0.037414
15	35	0.037414
12	29	0.037402
10	33	0.037331
17	30	0.037294
7	12	0.037206
16	27	0.037179
15	17	0.037112
8	15	0.037078
13	32	0.037045
28	37	0.037042
11	20	0.037019
11	18	0.037019
4	11	0.037018
5	11	0.037018
11	36	0.037018
11	19	0.037018
11	35	0.037018
11	21	0.037018
8	11	0.036998
3	9	0.036994
27	37	0.036945
16	28	0.036932
11	17	0.036844
32	39	0.036819
7	11	0.036722
33	40	0.036681
13	23	0.03667
3	16	0.036639
1	28	0.036597
2	22	0.036586
3	37	0.036564
22	23	0.036555
27	29	0.036548
12	16	0.036504
12	31	0.036486
7	15	0.03644
3	13	0.036437
29	41	0.036185
10	32	0.036145
34	38	0.036143
13	34	0.036049
19	39	0.03586
4	39	0.03586
18	39	0.03586
21	39	0.03586
5	39	0.03586
36	39	0.03586
20	39	0.03586
35	39	0.03586
33	39	0.035813
17	39	0.035756
8	39	0.035746
10	34	0.035741
17	26	0.035556
26	41	0.035424
6	10	0.035349
32	40	0.035322
12	37	0.035276
8	26	0.035147
15	41	0.035086
16	22	0.035067
7	39	0.035039
18	26	0.0349
21	26	0.0349
26	36	0.0349
20	26	0.0349
19	26	0.0349
26	35	0.0349
5	26	0.0349
4	26	0.0349
22	37	0.03488
15	27	0.034796
13	29	0.034792
10	41	0.034755
22	39	0.034387
14	32	0.034374
6	38	0.034284
14	33	0.034167
6	12	0.034156
7	26	0.034133
9	22	0.034131
1	27	0.034072
11	37	0.03407
6	41	0.034064
2	13	0.034034
12	22	0.033833
14	24	0.033715
2	30	0.033667
34	39	0.033612
23	30	0.033521
7	13	0.033456
2	39	0.033309
19	38	0.03326
18	38	0.03326
21	38	0.03326
20	38	0.03326
35	38	0.03326
4	38	0.033259
5	38	0.033259
36	38	0.033259
8	38	0.03323
7	38	0.033215
17	38	0.033214
23	38	0.033187
24	38	0.033149
2	38	0.03314
29	40	0.03303
34	40	0.033022
7	25	0.032978
15	24	0.032969
9	26	0.0329
15	16	0.032846
24	28	0.032817
8	25	0.032798
14	34	0.032798
8	13	0.032771
11	16	0.03268
29	39	0.03264
13	17	0.03257
18	25	0.032559
20	25	0.032559
5	25	0.032559
19	25	0.032559
25	36	0.032559
21	25	0.032559
25	35	0.032559
4	25	0.032559
15	37	0.032425
17	25	0.032386
4	13	0.032336
5	13	0.032335
13	18	0.032335
13	20	0.032335
13	36	0.032335
13	35	0.032335
13	19	0.032335
13	21	0.032335
14	18	0.032022
14	20	0.032022
5	14	0.032022
14	19	0.032022
14	21	0.032022
4	14	0.032022
14	36	0.032022
14	35	0.032022
8	14	0.031933
14	17	0.031799
7	14	0.031662
23	39	0.031605
2	14	0.031333
5	10	0.031251
4	10	0.03125
10	20	0.03125
10	18	0.03125
10	35	0.03125
10	36	0.03125
10	21	0.03125
10	19	0.03125
7	40	0.031144
16	31	0.031053
31	37	0.031041
8	10	0.031034
10	17	0.031001
12	39	0.030926
6	14	0.030909
12	30	0.030698
7	10	0.030659
22	40	0.030478
8	40	0.030469
6	39	0.030452
17	40	0.030399
12	38	0.030276
6	40	0.030144
18	40	0.029988
5	40	0.029988
19	40	0.029988
20	40	0.029988
21	40	0.029988
4	40	0.029988
36	40	0.029987
35	40	0.029987
22	38	0.029982
14	23	0.029905
14	29	0.02982
22	41	0.02982
3	15	0.029705
3	12	0.029478
1	14	0.02925
25	37	0.02914
10	37	0.028889
16	25	0.028796
2	40	0.028571
3	41	0.028423
15	26	0.028258
27	38	0.028234
1	11	0.028232
12	14	0.028075
10	23	0.028067
10	16	0.027814
2	10	0.027807
23	40	0.027724
1	15	0.02717
16	38	0.026596
37	38	0.026595
3	39	0.026375
1	38	0.025139
3	40	0.02486
38	41	0.023697