#==========================================================================
# The first and second rows contain site pairs (i, j) such that j > i
# The third row contains coevolutionary scores obtained 
# using PSICOV algorithm.
# Note that in this data sites are counted/labelled starting from 1
#==========================================================================
57	67	0.903968
25	39	0.903919
27	37	0.903912
26	38	0.903738
16	75	0.903659
15	76	0.901994
43	54	0.901829
17	74	0.901573
44	53	0.900002
6	78	0.884801
3	81	0.876825
14	77	0.8249
5	79	0.8223
24	40	0.819415
2	82	0.783112
4	80	0.752975
23	40	0.706815
45	52	0.644318
42	64	0.584753
1	83	0.527462
41	65	0.526537
20	70	0.481585
71	72	0.422696
18	73	0.37731
19	71	0.274881
19	20	0.25025
41	84	0.230905
24	71	0.217712
70	71	0.216186
31	69	0.212911
10	11	0.181507
64	65	0.175219
20	55	0.17199
23	41	0.171232
5	77	0.163565
60	62	0.145602
7	8	0.144947
39	78	0.144368
40	81	0.138421
16	34	0.134085
1	7	0.133131
78	84	0.131561
45	53	0.13042
20	71	0.129841
6	14	0.127187
19	72	0.12351
12	79	0.121453
62	82	0.117756
10	13	0.117033
8	83	0.116306
77	78	0.115374
11	80	0.114375
40	71	0.113007
13	81	0.11231
55	71	0.11069
45	80	0.110458
70	81	0.110429
9	39	0.107931
31	34	0.106726
34	55	0.106019
26	84	0.105824
10	80	0.105823
41	57	0.10489
32	63	0.104366
80	81	0.103945
44	45	0.102612
11	13	0.102464
34	65	0.102098
41	67	0.101363
19	60	0.101164
3	13	0.100915
24	81	0.099168
42	53	0.099114
71	81	0.0985
53	64	0.097193
9	82	0.097061
60	83	0.096895
2	7	0.096874
5	45	0.095567
14	76	0.094636
45	55	0.094142
5	76	0.093438
54	62	0.093086
43	62	0.093086
56	68	0.091754
43	52	0.091707
52	54	0.091707
8	84	0.091689
44	64	0.091611
63	64	0.091454
4	74	0.091133
42	44	0.090743
12	60	0.090193
1	4	0.089642
1	40	0.089328
34	64	0.087585
42	43	0.087244
42	54	0.087244
42	65	0.087063
16	24	0.086958
14	78	0.086112
52	55	0.086041
34	75	0.085657
65	77	0.085649
55	75	0.085346
75	84	0.085166
19	70	0.08504
23	65	0.084866
7	10	0.084791
12	20	0.084393
4	83	0.084381
7	31	0.084146
65	82	0.08401
72	80	0.083869
10	12	0.083748
21	56	0.083261
24	45	0.083248
9	11	0.083013
29	61	0.082601
3	25	0.082063
71	80	0.081841
61	63	0.081795
4	26	0.081627
12	15	0.081423
39	62	0.08141
20	72	0.081256
8	62	0.080792
34	82	0.080302
29	36	0.080259
21	22	0.07996
7	9	0.079797
38	82	0.079601
31	41	0.079511
20	76	0.079121
23	55	0.078432
60	82	0.078412
7	12	0.078074
13	19	0.077938
11	25	0.077867
4	19	0.077715
22	56	0.077697
13	84	0.077457
69	73	0.077298
60	80	0.077254
11	77	0.077237
8	79	0.077042
2	40	0.07675
62	65	0.076642
12	13	0.07641
17	29	0.07641
25	60	0.076356
12	19	0.07618
34	40	0.076172
16	84	0.076058
78	82	0.075855
3	83	0.07575
3	80	0.075649
4	6	0.074796
2	55	0.074621
17	24	0.073979
30	33	0.07392
18	19	0.073798
1	38	0.073658
31	81	0.073605
20	79	0.073566
18	21	0.073528
57	76	0.073516
21	73	0.073383
8	78	0.073354
1	2	0.073341
19	73	0.073296
18	69	0.073093
26	34	0.072734
23	82	0.072561
14	69	0.072464
68	69	0.072432
17	79	0.072322
55	68	0.072062
5	84	0.071949
67	76	0.071947
45	72	0.071554
54	64	0.071518
43	64	0.071518
8	77	0.071304
3	60	0.071167
29	70	0.070968
18	56	0.070929
26	67	0.070893
11	83	0.070887
56	73	0.070768
26	57	0.070555
9	70	0.070486
7	19	0.07041
33	55	0.070239
12	42	0.070213
26	72	0.070099
28	66	0.070025
28	58	0.070025
58	66	0.070025
9	71	0.07002
28	59	0.069992
58	59	0.069992
59	66	0.069992
2	6	0.069776
2	3	0.069471
1	84	0.069452
77	79	0.069449
10	39	0.069438
23	69	0.069427
3	9	0.069412
19	42	0.069323
81	83	0.069143
17	19	0.069134
18	22	0.068921
22	73	0.068773
8	11	0.068754
14	15	0.068751
34	72	0.068732
35	63	0.068709
60	79	0.068674
27	82	0.068633
3	70	0.068421
15	45	0.068333
36	66	0.068232
28	36	0.068232
36	58	0.068232
36	59	0.068185
8	81	0.068176
2	38	0.0677
37	82	0.067547
33	58	0.067533
33	66	0.067533
28	33	0.067533
9	84	0.067492
33	59	0.067486
30	66	0.067414
28	30	0.067414
30	58	0.067414
60	63	0.067414
30	59	0.067357
22	29	0.067344
5	15	0.067249
39	74	0.067059
58	68	0.066988
28	68	0.066988
66	68	0.066988
14	34	0.066985
3	84	0.066954
59	68	0.066951
25	26	0.066918
13	14	0.066814
55	57	0.066745
30	35	0.066698
24	52	0.066435
70	72	0.066351
6	9	0.066177
4	20	0.066173
55	56	0.066034
21	42	0.065921
6	26	0.065906
69	81	0.065856
55	67	0.065845
11	78	0.065819
7	83	0.065756
79	82	0.065671
11	31	0.065423
33	36	0.065403
1	17	0.065402
30	36	0.065337
36	68	0.065272
61	62	0.065228
24	57	0.065122
13	37	0.064966
72	78	0.064933
9	60	0.064909
16	55	0.064812
9	14	0.06475
16	38	0.064746
42	56	0.064724
7	17	0.064533
79	81	0.064507
21	66	0.064415
21	58	0.064415
21	28	0.064415
30	68	0.064379
21	59	0.06437
19	61	0.064212
10	29	0.064191
12	23	0.064152
13	41	0.064049
19	29	0.063886
20	62	0.063855
13	27	0.063844
56	69	0.063778
35	58	0.063755
35	66	0.063755
28	35	0.063755
35	59	0.063677
33	68	0.063635
41	81	0.063521
2	72	0.063471
18	83	0.063423
40	83	0.063392
13	72	0.063319
24	67	0.063283
32	75	0.063152
6	42	0.063146
2	24	0.063141
73	83	0.063016
14	72	0.062848
35	45	0.062816
26	82	0.062743
16	83	0.062673
22	53	0.062594
72	73	0.062483
21	36	0.06248
32	66	0.062439
28	32	0.062439
32	58	0.062439
23	84	0.062433
11	71	0.06239
32	59	0.062354
56	58	0.062304
56	66	0.062304
28	56	0.062304
56	59	0.062272
14	40	0.062136
22	28	0.062072
22	58	0.062072
22	66	0.062072
22	59	0.06202
8	39	0.062009
21	33	0.061997
75	83	0.061935
31	72	0.061728
8	15	0.061676
9	25	0.061672
15	34	0.061669
10	79	0.061557
4	10	0.06146
6	23	0.061454
24	75	0.061378
38	80	0.061313
21	30	0.061224
62	69	0.061217
41	71	0.061181
38	76	0.061163
5	7	0.061142
26	29	0.061124
28	61	0.061079
61	66	0.061079
58	61	0.061079
35	36	0.06101
59	61	0.061007
72	77	0.060933
21	68	0.060868
31	44	0.060866
20	63	0.060866
24	84	0.060822
44	70	0.060819
36	56	0.060796
13	70	0.060732
8	20	0.060699
14	65	0.060662
74	79	0.060602
23	43	0.060536
23	54	0.060536
35	68	0.060447
15	78	0.060432
10	60	0.060388
67	72	0.060355
52	70	0.060278
1	72	0.060186
7	45	0.060152
60	61	0.060148
57	72	0.060136
71	83	0.060019
22	74	0.05996
15	84	0.059935
29	77	0.05993
22	69	0.059929
16	39	0.05985
61	80	0.059845
10	41	0.059827
22	44	0.059795
38	45	0.059724
32	65	0.059667
30	56	0.059654
18	66	0.059613
18	58	0.059613
18	28	0.059613
8	34	0.059576
18	59	0.059573
11	24	0.059569
66	73	0.059494
58	73	0.059494
28	73	0.059494
23	24	0.059476
59	73	0.059454
33	56	0.059443
32	36	0.05944
10	17	0.059414
8	25	0.059385
33	35	0.059302
28	63	0.05925
58	63	0.05925
63	66	0.05925
22	33	0.059227
13	45	0.05921
59	63	0.059186
7	13	0.05901
35	64	0.059004
27	44	0.058997
32	68	0.058926
40	45	0.05878
2	77	0.058775
9	16	0.058745
4	60	0.058742
42	67	0.058602
41	82	0.0586
22	42	0.058599
32	33	0.058583
4	84	0.05857
23	31	0.058562
28	29	0.058518
29	58	0.058518
29	66	0.058518
22	36	0.058479
57	60	0.058453
42	57	0.058447
29	59	0.058441
2	19	0.058439
33	45	0.05843
36	44	0.05839
33	61	0.058344
37	44	0.058326
80	82	0.058293
42	62	0.058286
15	79	0.058264
4	53	0.058209
7	81	0.058209
29	63	0.058204
18	72	0.05816
23	64	0.058052
22	30	0.058022
2	8	0.058003
1	15	0.057991
60	74	0.05798
15	27	0.057941
12	82	0.057882
18	36	0.057849
22	68	0.057809
44	62	0.057807
6	15	0.057787
36	73	0.057741
25	54	0.057721
25	43	0.057721
30	45	0.057708
21	35	0.057694
5	32	0.057686
14	74	0.05765
60	67	0.057624
7	62	0.057619
70	77	0.057596
30	32	0.05756
38	84	0.057542
61	68	0.057521
31	75	0.057501
16	31	0.05748
18	33	0.05735
15	37	0.057305
10	56	0.057303
33	73	0.057247
9	20	0.057205
12	14	0.057155
23	25	0.057155
5	14	0.057016
12	31	0.056986
11	12	0.056972
67	69	0.05694
2	84	0.056936
30	61	0.056931
5	52	0.056877
36	61	0.056843
23	52	0.056832
63	68	0.056772
18	30	0.056751
6	84	0.05672
6	72	0.056716
31	83	0.05671
2	26	0.056708
1	45	0.056701
24	44	0.056696
13	31	0.056689
30	73	0.056654
36	63	0.056574
35	56	0.056547
52	72	0.056501
24	76	0.05647
74	75	0.056389
31	32	0.056376
53	54	0.056369
43	53	0.056369
33	63	0.056304
22	31	0.056298
34	41	0.056248
23	60	0.056221
12	34	0.056199
24	53	0.056198
21	32	0.056154
57	69	0.056134
41	44	0.056047
26	43	0.056018
26	54	0.056018
1	12	0.055968
9	80	0.055967
16	32	0.055939
34	69	0.055929
38	79	0.055922
34	39	0.05592
17	64	0.055821
65	83	0.055818
6	76	0.05578
52	74	0.055726
14	83	0.055706
66	69	0.055669
58	69	0.055669
28	69	0.055669
59	69	0.055582
38	62	0.055474
14	27	0.05544
55	66	0.055418
55	58	0.055418
28	55	0.055418
42	74	0.0554
29	33	0.055388
29	68	0.055384
18	68	0.055363
30	63	0.05536
62	67	0.055342
55	59	0.055339
18	42	0.055333
19	38	0.055308
61	69	0.055298
68	73	0.055248
32	56	0.055216
13	38	0.055189
10	78	0.055136
3	31	0.055136
4	5	0.05511
13	65	0.055069
52	53	0.055067
14	31	0.055066
8	69	0.055028
42	73	0.055026
64	74	0.055019
23	45	0.054997
4	78	0.054983
4	71	0.054977
9	10	0.054975
9	76	0.054969
76	77	0.054968
23	72	0.054965
15	62	0.054942
3	79	0.054924
21	61	0.054914
25	32	0.054913
8	76	0.054904
11	81	0.054805
37	61	0.054788
27	61	0.054738
70	75	0.054725
39	81	0.054708
57	62	0.054706
17	22	0.054693
16	70	0.054681
64	66	0.054626
58	64	0.054626
28	64	0.054626
11	84	0.054606
52	69	0.05458
59	64	0.054564
76	83	0.054559
2	76	0.054554
1	81	0.054548
22	35	0.054479
12	83	0.054463
28	42	0.054443
42	58	0.054443
42	66	0.054443
32	39	0.05441
1	6	0.054401
42	59	0.0544
30	53	0.054395
79	84	0.054361
52	66	0.054341
52	58	0.054341
28	52	0.054341
9	26	0.054313
29	30	0.054289
25	62	0.054282
52	59	0.05428
9	13	0.054278
7	11	0.054261
26	69	0.054257
78	80	0.054249
6	7	0.054239
12	65	0.054236
1	14	0.054233
1	70	0.054222
3	10	0.054174
41	56	0.054152
21	63	0.054128
21	70	0.054086
14	37	0.054079
12	24	0.054075
55	70	0.054039
65	72	0.054024
15	24	0.054012
15	71	0.053983
24	79	0.053898
62	77	0.053888
77	83	0.053878
5	8	0.053869
12	39	0.053844
42	61	0.053833
16	37	0.05383
56	61	0.053813
65	79	0.053792
10	26	0.053784
3	4	0.053784
25	34	0.053744
37	69	0.053735
76	84	0.053719
15	20	0.053713
1	31	0.053673
52	71	0.053665
6	10	0.053663
64	82	0.053652
27	69	0.053642
2	29	0.053605
56	63	0.0536
40	72	0.053588
32	53	0.053575
34	45	0.053555
61	70	0.053501
65	78	0.053468
74	77	0.053466
4	38	0.053385
31	77	0.053336
12	64	0.053314
13	76	0.053278
10	62	0.053274
10	76	0.053265
63	70	0.053259
35	65	0.053251
11	39	0.053221
11	14	0.053214
35	52	0.053191
2	10	0.053175
41	78	0.053159
42	72	0.053155
18	35	0.053135
45	70	0.053132
16	27	0.053117
35	73	0.053062
34	53	0.053053
38	41	0.053036
19	56	0.052999
31	80	0.05298
9	44	0.052975
4	9	0.052957
4	73	0.052953
19	21	0.052952
81	82	0.052935
5	62	0.052929
31	40	0.052929
43	68	0.052914
54	68	0.052914
20	31	0.05291
9	75	0.052909
13	25	0.052885
72	75	0.052867
38	70	0.052829
38	77	0.052813
7	77	0.052799
73	80	0.05279
32	52	0.052772
4	62	0.052742
65	76	0.052733
36	69	0.052729
30	41	0.052557
5	38	0.052544
8	82	0.052523
1	65	0.052482
30	44	0.052469
22	32	0.052465
17	42	0.052447
72	74	0.052436
1	23	0.05243
31	84	0.052419
60	75	0.05241
11	65	0.052398
19	41	0.052381
36	55	0.052278
35	61	0.052254
31	68	0.052253
61	64	0.052251
25	53	0.052236
34	71	0.052203
3	15	0.052183
7	80	0.052182
5	60	0.052152
45	74	0.05212
17	69	0.052105
7	21	0.051985
72	84	0.051984
23	57	0.0519
18	32	0.051884
7	14	0.051881
34	35	0.051831
55	72	0.051828
3	20	0.051824
23	67	0.051801
32	73	0.051785
29	84	0.051775
10	23	0.051746
62	76	0.051741
33	69	0.05174
33	42	0.051738
53	56	0.05172
40	41	0.051648
26	31	0.051623
33	64	0.051571
35	71	0.051564
21	53	0.051522
63	79	0.051476
70	83	0.051472
39	54	0.051468
39	43	0.051468
19	34	0.051468
75	79	0.051447
2	20	0.051438
12	27	0.051433
36	42	0.051417
11	79	0.051416
3	6	0.051412
63	65	0.051403
29	45	0.051403
32	44	0.05138
27	43	0.051379
27	54	0.051379
21	29	0.051359
67	78	0.05131
1	46	0.051301
1	47	0.051301
1	48	0.051301
1	49	0.051301
1	50	0.051301
1	51	0.051301
2	46	0.051301
2	47	0.051301
2	48	0.051301
2	49	0.051301
2	50	0.051301
2	51	0.051301
3	46	0.051301
3	47	0.051301
3	48	0.051301
3	49	0.051301
3	50	0.051301
3	51	0.051301
4	46	0.051301
4	47	0.051301
4	48	0.051301
4	49	0.051301
4	50	0.051301
4	51	0.051301
5	46	0.051301
5	47	0.051301
5	48	0.051301
5	49	0.051301
5	50	0.051301
5	51	0.051301
6	46	0.051301
6	47	0.051301
6	48	0.051301
6	49	0.051301
6	50	0.051301
6	51	0.051301
7	46	0.051301
7	47	0.051301
7	48	0.051301
7	49	0.051301
7	50	0.051301
7	51	0.051301
8	46	0.051301
8	47	0.051301
8	48	0.051301
8	49	0.051301
8	50	0.051301
8	51	0.051301
9	46	0.051301
9	47	0.051301
9	48	0.051301
9	49	0.051301
9	50	0.051301
9	51	0.051301
10	46	0.051301
10	47	0.051301
10	48	0.051301
10	49	0.051301
10	50	0.051301
10	51	0.051301
11	46	0.051301
11	47	0.051301
11	48	0.051301
11	49	0.051301
11	50	0.051301
11	51	0.051301
12	46	0.051301
12	47	0.051301
12	48	0.051301
12	49	0.051301
12	50	0.051301
12	51	0.051301
13	46	0.051301
13	47	0.051301
13	48	0.051301
13	49	0.051301
13	50	0.051301
13	51	0.051301
14	46	0.051301
14	47	0.051301
14	48	0.051301
14	49	0.051301
14	50	0.051301
14	51	0.051301
15	46	0.051301
15	47	0.051301
15	48	0.051301
15	49	0.051301
15	50	0.051301
15	51	0.051301
16	46	0.051301
16	47	0.051301
16	48	0.051301
16	49	0.051301
16	50	0.051301
16	51	0.051301
17	46	0.051301
17	47	0.051301
17	48	0.051301
17	49	0.051301
17	50	0.051301
17	51	0.051301
18	46	0.051301
18	47	0.051301
18	48	0.051301
18	49	0.051301
18	50	0.051301
18	51	0.051301
19	46	0.051301
19	47	0.051301
19	48	0.051301
19	49	0.051301
19	50	0.051301
19	51	0.051301
20	46	0.051301
20	47	0.051301
20	48	0.051301
20	49	0.051301
20	50	0.051301
20	51	0.051301
21	46	0.051301
21	47	0.051301
21	48	0.051301
21	49	0.051301
21	50	0.051301
21	51	0.051301
22	46	0.051301
22	47	0.051301
22	48	0.051301
22	49	0.051301
22	50	0.051301
22	51	0.051301
23	46	0.051301
23	47	0.051301
23	48	0.051301
23	49	0.051301
23	50	0.051301
23	51	0.051301
24	46	0.051301
24	47	0.051301
24	48	0.051301
24	49	0.051301
24	50	0.051301
24	51	0.051301
25	46	0.051301
25	47	0.051301
25	48	0.051301
25	49	0.051301
25	50	0.051301
25	51	0.051301
26	46	0.051301
26	47	0.051301
26	48	0.051301
26	49	0.051301
26	50	0.051301
26	51	0.051301
27	46	0.051301
27	47	0.051301
27	48	0.051301
27	49	0.051301
27	50	0.051301
27	51	0.051301
28	46	0.051301
28	47	0.051301
28	48	0.051301
28	49	0.051301
28	50	0.051301
28	51	0.051301
29	46	0.051301
29	47	0.051301
29	48	0.051301
29	49	0.051301
29	50	0.051301
29	51	0.051301
30	46	0.051301
30	47	0.051301
30	48	0.051301
30	49	0.051301
30	50	0.051301
30	51	0.051301
31	46	0.051301
31	47	0.051301
31	48	0.051301
31	49	0.051301
31	50	0.051301
31	51	0.051301
32	46	0.051301
32	47	0.051301
32	48	0.051301
32	49	0.051301
32	50	0.051301
32	51	0.051301
33	46	0.051301
33	47	0.051301
33	48	0.051301
33	49	0.051301
33	50	0.051301
33	51	0.051301
34	46	0.051301
34	47	0.051301
34	48	0.051301
34	49	0.051301
34	50	0.051301
34	51	0.051301
35	46	0.051301
35	47	0.051301
35	48	0.051301
35	49	0.051301
35	50	0.051301
35	51	0.051301
36	46	0.051301
36	47	0.051301
36	48	0.051301
36	49	0.051301
36	50	0.051301
36	51	0.051301
37	46	0.051301
37	47	0.051301
37	48	0.051301
37	49	0.051301
37	50	0.051301
37	51	0.051301
38	46	0.051301
38	47	0.051301
38	48	0.051301
38	49	0.051301
38	50	0.051301
38	51	0.051301
39	46	0.051301
39	47	0.051301
39	48	0.051301
39	49	0.051301
39	50	0.051301
39	51	0.051301
40	46	0.051301
40	47	0.051301
40	48	0.051301
40	49	0.051301
40	50	0.051301
40	51	0.051301
41	46	0.051301
41	47	0.051301
41	48	0.051301
41	49	0.051301
41	50	0.051301
41	51	0.051301
42	46	0.051301
42	47	0.051301
42	48	0.051301
42	49	0.051301
42	50	0.051301
42	51	0.051301
43	46	0.051301
43	47	0.051301
43	48	0.051301
43	49	0.051301
43	50	0.051301
43	51	0.051301
44	46	0.051301
44	47	0.051301
44	48	0.051301
44	49	0.051301
44	50	0.051301
44	51	0.051301
45	46	0.051301
45	47	0.051301
45	48	0.051301
45	49	0.051301
45	50	0.051301
45	51	0.051301
46	47	0.051301
46	48	0.051301
46	49	0.051301
46	50	0.051301
46	51	0.051301
46	52	0.051301
46	53	0.051301
46	54	0.051301
46	55	0.051301
46	56	0.051301
46	57	0.051301
46	58	0.051301
46	59	0.051301
46	60	0.051301
46	61	0.051301
46	62	0.051301
46	63	0.051301
46	64	0.051301
46	65	0.051301
46	66	0.051301
46	67	0.051301
46	68	0.051301
46	69	0.051301
46	70	0.051301
46	71	0.051301
46	72	0.051301
46	73	0.051301
46	74	0.051301
46	75	0.051301
46	76	0.051301
46	77	0.051301
46	78	0.051301
46	79	0.051301
46	80	0.051301
46	81	0.051301
46	82	0.051301
46	83	0.051301
46	84	0.051301
47	48	0.051301
47	49	0.051301
47	50	0.051301
47	51	0.051301
47	52	0.051301
47	53	0.051301
47	54	0.051301
47	55	0.051301
47	56	0.051301
47	57	0.051301
47	58	0.051301
47	59	0.051301
47	60	0.051301
47	61	0.051301
47	62	0.051301
47	63	0.051301
47	64	0.051301
47	65	0.051301
47	66	0.051301
47	67	0.051301
47	68	0.051301
47	69	0.051301
47	70	0.051301
47	71	0.051301
47	72	0.051301
47	73	0.051301
47	74	0.051301
47	75	0.051301
47	76	0.051301
47	77	0.051301
47	78	0.051301
47	79	0.051301
47	80	0.051301
47	81	0.051301
47	82	0.051301
47	83	0.051301
47	84	0.051301
48	49	0.051301
48	50	0.051301
48	51	0.051301
48	52	0.051301
48	53	0.051301
48	54	0.051301
48	55	0.051301
48	56	0.051301
48	57	0.051301
48	58	0.051301
48	59	0.051301
48	60	0.051301
48	61	0.051301
48	62	0.051301
48	63	0.051301
48	64	0.051301
48	65	0.051301
48	66	0.051301
48	67	0.051301
48	68	0.051301
48	69	0.051301
48	70	0.051301
48	71	0.051301
48	72	0.051301
48	73	0.051301
48	74	0.051301
48	75	0.051301
48	76	0.051301
48	77	0.051301
48	78	0.051301
48	79	0.051301
48	80	0.051301
48	81	0.051301
48	82	0.051301
48	83	0.051301
48	84	0.051301
49	50	0.051301
49	51	0.051301
49	52	0.051301
49	53	0.051301
49	54	0.051301
49	55	0.051301
49	56	0.051301
49	57	0.051301
49	58	0.051301
49	59	0.051301
49	60	0.051301
49	61	0.051301
49	62	0.051301
49	63	0.051301
49	64	0.051301
49	65	0.051301
49	66	0.051301
49	67	0.051301
49	68	0.051301
49	69	0.051301
49	70	0.051301
49	71	0.051301
49	72	0.051301
49	73	0.051301
49	74	0.051301
49	75	0.051301
49	76	0.051301
49	77	0.051301
49	78	0.051301
49	79	0.051301
49	80	0.051301
49	81	0.051301
49	82	0.051301
49	83	0.051301
49	84	0.051301
50	51	0.051301
50	52	0.051301
50	53	0.051301
50	54	0.051301
50	55	0.051301
50	56	0.051301
50	57	0.051301
50	58	0.051301
50	59	0.051301
50	60	0.051301
50	61	0.051301
50	62	0.051301
50	63	0.051301
50	64	0.051301
50	65	0.051301
50	66	0.051301
50	67	0.051301
50	68	0.051301
50	69	0.051301
50	70	0.051301
50	71	0.051301
50	72	0.051301
50	73	0.051301
50	74	0.051301
50	75	0.051301
50	76	0.051301
50	77	0.051301
50	78	0.051301
50	79	0.051301
50	80	0.051301
50	81	0.051301
50	82	0.051301
50	83	0.051301
50	84	0.051301
51	52	0.051301
51	53	0.051301
51	54	0.051301
51	55	0.051301
51	56	0.051301
51	57	0.051301
51	58	0.051301
51	59	0.051301
51	60	0.051301
51	61	0.051301
51	62	0.051301
51	63	0.051301
51	64	0.051301
51	65	0.051301
51	66	0.051301
51	67	0.051301
51	68	0.051301
51	69	0.051301
51	70	0.051301
51	71	0.051301
51	72	0.051301
51	73	0.051301
51	74	0.051301
51	75	0.051301
51	76	0.051301
51	77	0.051301
51	78	0.051301
51	79	0.051301
51	80	0.051301
51	81	0.051301
51	82	0.051301
51	83	0.051301
51	84	0.051301
32	64	0.051278
64	68	0.051277
26	74	0.051221
60	72	0.051209
12	37	0.051201
11	64	0.051092
53	75	0.051082
57	78	0.051081
43	61	0.051078
54	61	0.051078
2	5	0.051075
36	64	0.051073
39	63	0.051064
30	69	0.051045
8	32	0.051043
32	79	0.050998
29	55	0.050995
37	54	0.050986
37	43	0.050986
17	52	0.050984
60	65	0.050982
2	69	0.050957
22	63	0.050956
9	32	0.050944
22	61	0.050884
1	5	0.050857
16	79	0.050818
81	84	0.050776
13	40	0.050765
29	56	0.050717
27	74	0.050698
7	40	0.050673
32	35	0.050656
44	54	0.05062
43	44	0.05062
7	53	0.050586
20	82	0.050577
80	83	0.05056
10	15	0.050558
82	83	0.050551
29	35	0.050548
22	25	0.050516
10	52	0.050492
60	81	0.050479
36	52	0.050475
18	41	0.050473
37	74	0.050451
32	61	0.050437
32	60	0.050436
6	34	0.050429
9	15	0.050395
29	42	0.050395
30	42	0.05038
21	65	0.050365
29	64	0.050311
5	65	0.050309
44	52	0.050288
8	16	0.050268
29	32	0.050254
29	37	0.050237
12	40	0.050217
8	31	0.050207
78	81	0.050198
53	62	0.050184
27	29	0.05018
8	30	0.050174
7	74	0.050151
8	14	0.05015
7	60	0.05015
41	73	0.050145
35	69	0.050142
32	71	0.050132
23	34	0.050079
22	70	0.050078
44	56	0.050061
9	19	0.050055
14	20	0.050039
6	65	0.050023
18	61	0.050011
1	3	0.049992
18	63	0.049988
34	63	0.049957
3	8	0.049949
61	73	0.04992
52	67	0.04992
42	68	0.049919
17	20	0.049907
8	9	0.049888
3	17	0.049887
63	73	0.049886
13	82	0.04987
4	12	0.049861
25	31	0.049854
6	13	0.04984
11	35	0.049832
12	35	0.049825
9	35	0.049824
52	57	0.04982
21	44	0.04981
41	74	0.049803
33	41	0.049787
30	64	0.049782
10	67	0.049772
35	55	0.049764
37	73	0.049762
8	35	0.049752
10	20	0.04975
18	29	0.049739
31	35	0.049723
35	60	0.049708
10	35	0.049704
6	52	0.049696
32	69	0.049691
35	62	0.049691
31	82	0.049688
27	73	0.049686
11	70	0.049686
10	57	0.049678
29	79	0.049668
10	31	0.049638
29	73	0.049629
52	82	0.04962
63	69	0.049604
7	35	0.049603
57	74	0.049593
21	69	0.049583
4	34	0.049534
6	11	0.049523
37	40	0.049508
13	35	0.049493
43	84	0.049486
54	84	0.049485
53	63	0.049441
11	30	0.04944
1	35	0.049435
12	30	0.049431
9	30	0.049429
29	69	0.049425
76	79	0.049413
1	53	0.049406
65	67	0.049405
35	42	0.049404
19	22	0.04938
10	77	0.049378
54	80	0.049366
43	80	0.049366
30	55	0.049353
18	20	0.04935
31	79	0.049347
43	79	0.049345
54	79	0.049345
11	33	0.04934
11	61	0.049339
12	33	0.04933
12	61	0.049329
9	33	0.049329
9	61	0.049327
22	83	0.04932
30	31	0.049302
34	67	0.049297
39	77	0.049291
11	36	0.049287
19	35	0.049285
30	60	0.049283
10	30	0.049278
30	52	0.049277
12	36	0.049277
9	36	0.049275
19	28	0.049273
19	58	0.049273
19	66	0.049273
5	35	0.04927
21	55	0.049269
20	81	0.049267
11	32	0.049264
30	62	0.049261
12	32	0.049253
17	71	0.049252
55	61	0.049247
8	33	0.049233
8	61	0.049232
15	72	0.049232
4	7	0.04922
34	44	0.049218
67	74	0.049196
31	33	0.049195
31	61	0.049193
19	59	0.049186
8	36	0.049177
33	60	0.049174
10	33	0.049169
32	55	0.049169
33	52	0.049168
10	61	0.049168
52	61	0.049167
57	65	0.049155
11	63	0.049153
33	62	0.049152
7	30	0.04915
12	63	0.049143
70	76	0.049143
1	44	0.049142
9	63	0.049141
31	36	0.049138
35	41	0.049136
5	10	0.049135
25	80	0.049133
11	59	0.049133
35	83	0.049131
11	21	0.049128
40	65	0.049127
12	59	0.049122
11	28	0.049121
11	58	0.049121
11	66	0.049121
9	59	0.04912
12	21	0.049117
36	60	0.049117
9	21	0.049115
10	36	0.049111
9	34	0.049111
12	28	0.04911
12	58	0.04911
12	66	0.04911
9	28	0.049108
9	58	0.049108
9	66	0.049108
35	79	0.049103
2	75	0.049101
6	19	0.049095
36	62	0.049094
13	63	0.049089
10	32	0.049086
4	35	0.049072
2	35	0.049068
32	62	0.049068
11	68	0.049061
55	63	0.049053
12	68	0.04905
9	68	0.049048
23	75	0.049042
8	63	0.049036
7	33	0.049035
7	61	0.049034
17	40	0.049033
69	71	0.049018
8	59	0.049015
13	30	0.049012
8	21	0.049009
8	28	0.049002
8	58	0.049002
8	66	0.049002
35	84	0.048998
31	63	0.048994
20	73	0.048992
83	84	0.04899
7	36	0.048974
31	59	0.048972
21	31	0.048967
10	63	0.048966
52	63	0.048966
11	22	0.048962
28	31	0.04896
31	58	0.04896
31	66	0.04896
12	22	0.048951
59	60	0.04895
9	22	0.048949
62	63	0.048948
7	32	0.048947
21	60	0.048944
10	59	0.048944
8	68	0.048939
10	21	0.048939
1	30	0.048938
21	52	0.048938
28	60	0.048937
58	60	0.048937
60	66	0.048937
10	28	0.048931
10	58	0.048931
10	66	0.048931
11	29	0.048928
23	35	0.048926
59	62	0.048925
35	70	0.048923
21	62	0.04892
12	29	0.048916
9	29	0.048915
28	62	0.048912
58	62	0.048912
62	66	0.048912
17	35	0.048908
3	39	0.048903
35	54	0.048902
35	43	0.048902
13	33	0.048889
13	61	0.048888
25	63	0.048879
6	35	0.048875
60	68	0.048872
6	70	0.04887
10	68	0.048866
52	68	0.048865
33	74	0.048862
22	55	0.048854
40	53	0.04885
62	68	0.048847
40	62	0.048844
27	40	0.048842
13	39	0.048842
35	77	0.048839
11	38	0.048836
8	22	0.048835
34	52	0.048834
13	36	0.048824
7	63	0.04882
14	35	0.048812
1	33	0.048812
1	61	0.04881
11	56	0.048803
8	29	0.048799
7	59	0.048796
13	32	0.048796
35	74	0.048795
13	62	0.048794
32	43	0.048793
32	54	0.048793
12	56	0.04879
9	56	0.048789
7	28	0.048783
7	58	0.048783
7	66	0.048783
11	42	0.048781
22	60	0.048766
3	35	0.048764
10	22	0.048759
22	52	0.048758
29	31	0.048753
19	30	0.048749
35	53	0.048746
1	36	0.048745
22	62	0.048739
5	30	0.048731
20	35	0.04873
29	60	0.048729
29	52	0.048721
18	37	0.048721
1	32	0.048715
7	68	0.048714
29	62	0.048701
35	44	0.048677
32	42	0.048673
34	83	0.048672
8	56	0.048667
11	62	0.048653
29	38	0.048652
18	27	0.048652
13	59	0.048636
24	35	0.048635
13	21	0.048629
13	28	0.048621
13	58	0.048621
13	66	0.048621
31	56	0.048619
19	33	0.048613
35	72	0.048601
7	22	0.0486
5	33	0.048594
56	60	0.048593
5	61	0.048592
57	77	0.048587
52	56	0.048585
1	63	0.048576
56	62	0.048564
7	29	0.048561
30	83	0.048556
79	80	0.048552
1	59	0.04855
13	68	0.048548
30	65	0.048548
1	21	0.048544
19	36	0.048541
1	28	0.048535
1	58	0.048535
1	66	0.048535
42	63	0.048532
30	79	0.048521
5	36	0.048521
21	64	0.048514
19	32	0.048509
29	74	0.048509
6	81	0.048485
4	30	0.048482
2	30	0.048477
69	72	0.048477
17	36	0.048469
26	45	0.048467
31	60	0.048463
1	68	0.04846
35	82	0.048446
39	41	0.04844
15	35	0.048428
13	22	0.048427
7	56	0.048417
41	61	0.048414
33	83	0.04841
61	83	0.048408
35	80	0.048405
33	65	0.048401
61	65	0.048399
20	38	0.048389
30	84	0.048389
13	29	0.048385
33	79	0.048373
61	79	0.048371
19	63	0.048359
10	16	0.048353
9	77	0.04835
29	41	0.04834
36	41	0.048339
5	63	0.048338
1	22	0.048336
36	83	0.048332
4	33	0.048332
4	61	0.04833
2	71	0.048327
2	33	0.048327
2	61	0.048325
36	65	0.048323
53	70	0.048318
7	78	0.048316
39	52	0.048312
5	59	0.04831
4	14	0.048308
32	41	0.048305
22	64	0.048304
5	21	0.048303
32	83	0.048299
23	30	0.048298
20	80	0.048296
30	70	0.048294
36	79	0.048294
5	28	0.048293
5	58	0.048293
5	66	0.048293
1	29	0.048292
35	78	0.048285
11	18	0.048276
17	30	0.048276
30	54	0.048268
30	43	0.048268
12	18	0.048261
9	18	0.048259
4	36	0.048252
2	36	0.048247
33	84	0.048234
6	30	0.048234
19	68	0.048234
13	56	0.048232
61	84	0.048232
70	82	0.048219
4	32	0.048217
2	32	0.048212
5	68	0.048212
29	57	0.048207
6	29	0.048202
34	57	0.048202
30	77	0.048188
2	9	0.048183
14	30	0.048156
37	70	0.048154
36	84	0.048152
41	63	0.048144
23	33	0.048139
63	83	0.048138
23	61	0.048137
18	55	0.048137
33	70	0.048135
1	56	0.048134
30	74	0.048133
32	84	0.048116
17	33	0.048115
41	59	0.048114
8	18	0.048113
17	61	0.048113
33	54	0.048107
33	43	0.048107
59	83	0.048107
21	41	0.048107
56	64	0.0481
21	83	0.0481
59	65	0.048097
28	41	0.048097
41	58	0.048097
41	66	0.048097
3	30	0.048095
28	83	0.04809
58	83	0.04809
66	83	0.04809
45	61	0.048089
5	11	0.048081
28	65	0.04808
58	65	0.04808
65	66	0.04808
5	22	0.048077
6	33	0.048071
6	61	0.048069
59	79	0.048067
11	73	0.048066
21	79	0.048059
18	31	0.048054
23	36	0.048054
4	63	0.048052
20	30	0.048052
24	55	0.048051
12	73	0.04805
36	70	0.04805
28	79	0.048049
58	79	0.048049
66	79	0.048049
9	73	0.048048
2	63	0.048047
30	34	0.048035
5	29	0.04803
2	13	0.048029
5	25	0.048028
26	63	0.048024
18	60	0.048023
33	77	0.048023
36	54	0.048022
36	43	0.048022
4	59	0.048021
61	77	0.048021
23	32	0.048017
2	59	0.048016
10	18	0.048015
18	52	0.048014
4	21	0.048014
32	70	0.048013
41	68	0.04801
2	21	0.048008
36	45	0.048005
4	28	0.048003
4	58	0.048003
4	66	0.048003
68	83	0.048003
2	28	0.047998
2	58	0.047998
2	66	0.047998
9	12	0.047996
65	68	0.047993
17	32	0.047993
18	62	0.047989
14	33	0.047989
27	70	0.047988
14	61	0.047987
6	36	0.047985
32	45	0.047967
61	74	0.047963
68	79	0.047961
43	70	0.047948
54	70	0.047948
6	32	0.047947
63	84	0.047946
35	81	0.047943
8	40	0.047941
5	16	0.047938
36	77	0.047935
24	30	0.047933
7	84	0.047929
3	33	0.047925
3	61	0.047923
29	67	0.047919
55	73	0.047917
4	68	0.047914
59	84	0.047914
22	45	0.04791
2	68	0.047909
21	84	0.047906
33	53	0.047901
14	36	0.0479
53	61	0.047899
32	77	0.047897
5	6	0.047895
28	84	0.047895
58	84	0.047895
66	84	0.047895
31	76	0.047894
8	73	0.047892
30	72	0.04789
20	33	0.04788
20	61	0.047877
36	74	0.047876
7	75	0.047873
22	41	0.047867
28	45	0.047865
45	58	0.047865
45	66	0.047865
14	32	0.047862
33	34	0.047862
34	61	0.047859
5	56	0.047859
22	65	0.047849
25	35	0.047848
35	76	0.047848
23	63	0.047842
32	74	0.047837
6	62	0.047837
3	36	0.047835
35	37	0.047831
31	73	0.04783
35	38	0.047821
17	63	0.047816
22	79	0.047816
7	18	0.047811
36	53	0.04781
33	44	0.04781
29	83	0.04781
23	59	0.047809
44	61	0.047808
54	63	0.047807
43	63	0.047807
59	70	0.047804
68	84	0.047803
21	23	0.047801
27	35	0.047799
29	65	0.047799
60	73	0.047797
45	59	0.047796
3	32	0.047796
23	28	0.04779
23	58	0.04779
23	66	0.04779
45	63	0.047789
20	36	0.047788
10	73	0.047788
52	73	0.047787
28	70	0.047785
58	70	0.047785
66	70	0.047785
17	59	0.047783
8	65	0.04778
17	21	0.047775
54	59	0.047774
43	59	0.047774
5	82	0.047773
34	36	0.04777
6	63	0.047768
4	72	0.047768
4	22	0.047767
6	64	0.047767
21	54	0.047766
21	43	0.047766
17	28	0.047764
17	58	0.047764
17	66	0.047764
35	40	0.047763
2	22	0.047761
62	73	0.04776
4	77	0.047756
28	54	0.047755
54	58	0.047755
54	66	0.047755
28	43	0.047755
43	58	0.047755
43	66	0.047755
24	33	0.047755
24	61	0.047752
20	32	0.047748
21	45	0.047748
6	59	0.047734
43	56	0.047733
54	56	0.047733
9	55	0.047732
32	34	0.047729
6	21	0.047726
10	55	0.047722
63	77	0.047716
4	29	0.047716
6	28	0.047715
6	58	0.047715
6	66	0.047715
55	62	0.047713
33	72	0.04771
61	72	0.047707
69	77	0.047705
30	82	0.047696
23	68	0.047695
68	70	0.04769
27	71	0.047684
59	77	0.047682
31	65	0.04768
14	63	0.047678
11	69	0.047677
21	77	0.047673
15	30	0.047673
16	35	0.047669
17	68	0.047668
28	77	0.047662
58	77	0.047662
66	77	0.047662
24	36	0.04766
12	69	0.04766
9	69	0.047657
63	74	0.047652
22	84	0.047651
26	35	0.047647
8	67	0.047645
30	80	0.047645
14	59	0.047644
45	68	0.047641
14	21	0.047635
67	77	0.047635
5	80	0.047631
56	83	0.047627
14	28	0.047624
14	58	0.047624
14	66	0.047624
44	63	0.047624
24	32	0.047619
6	68	0.047618
59	74	0.047618
56	65	0.047616
36	72	0.047614
21	74	0.047609
3	63	0.047609
28	74	0.047598
58	74	0.047598
66	74	0.047598
12	70	0.047594
27	64	0.047592
13	18	0.04759
56	79	0.04758
8	57	0.047577
3	59	0.047574
32	72	0.047572
7	73	0.047571
3	21	0.047565
68	77	0.047564
3	28	0.047554
3	58	0.047554
3	66	0.047554
37	64	0.047551
39	80	0.047548
53	59	0.047547
22	23	0.047538
35	75	0.047529
4	56	0.047528
28	53	0.047527
53	58	0.047527
53	66	0.047527
14	68	0.047525
20	59	0.047524
2	56	0.047522
20	21	0.047515
35	39	0.047513
55	69	0.047511
33	82	0.047506
37	57	0.047504
61	82	0.047504
34	59	0.047504
20	28	0.047503
20	58	0.047503
20	66	0.047503
22	54	0.047501
22	43	0.047501
68	74	0.047498
21	34	0.047495
30	78	0.047495
23	29	0.047484
28	34	0.047483
34	58	0.047483
34	66	0.047483
15	33	0.047481
15	61	0.047479
1	18	0.047472
6	22	0.047458
3	68	0.047453
33	80	0.047452
44	59	0.047447
29	54	0.047446
29	43	0.047446
18	64	0.047431
28	44	0.047426
44	58	0.047426
44	66	0.047426
53	68	0.047426
24	63	0.047423
37	53	0.047412
56	84	0.047405
36	82	0.047405
22	77	0.047402
20	68	0.047401
24	59	0.047386
34	68	0.04738
15	36	0.04738
21	24	0.047377
60	69	0.047377
63	72	0.047374
10	69	0.047367
24	28	0.047365
24	58	0.047365
24	66	0.047365
32	82	0.047361
14	22	0.047361
1	64	0.047361
27	53	0.047358
36	37	0.047357
62	75	0.047356
29	72	0.047354
36	80	0.04735
9	17	0.047343
59	72	0.047337
15	32	0.047335
13	73	0.047334
21	72	0.047328
44	68	0.047322
65	84	0.047322
35	67	0.047317
28	72	0.047315
58	72	0.047315
66	72	0.047315
27	36	0.047311
32	80	0.047305
14	29	0.047304
33	78	0.047294
35	57	0.047292
61	78	0.047291
3	22	0.047286
23	56	0.047285
20	77	0.047283
56	70	0.04728
12	77	0.047276
24	68	0.047259
17	56	0.047256
9	53	0.047242
14	84	0.047237
20	22	0.047232
3	29	0.047228
45	56	0.047225
22	34	0.047211
1	73	0.047209
68	72	0.047208
6	56	0.0472
30	71	0.0472
29	53	0.047199
36	78	0.047188
6	69	0.047176
20	29	0.047174
64	73	0.047166
63	82	0.047152
29	34	0.047152
32	78	0.047141
5	18	0.047141
56	77	0.04714
38	75	0.047134
55	60	0.047132
15	63	0.047125
7	69	0.047125
62	72	0.047124
2	83	0.047118
59	82	0.047113
34	74	0.047107
8	41	0.047106
2	4	0.047104
21	82	0.047103
31	53	0.047099
14	56	0.047097
63	80	0.047093
28	82	0.04709
58	82	0.04709
66	82	0.04709
29	44	0.04709
27	57	0.047089
15	59	0.047086
22	24	0.047085
15	21	0.047076
2	62	0.047069
56	74	0.047067
30	81	0.047066
15	28	0.047063
15	58	0.047063
15	66	0.047063
59	80	0.047054
21	80	0.047044
27	42	0.047042
22	72	0.047031
28	80	0.047031
58	80	0.047031
66	80	0.047031
24	29	0.047024
3	56	0.047017
33	71	0.046985
61	71	0.046982
37	42	0.046978
68	82	0.046978
20	56	0.046959
52	80	0.046953
15	68	0.046949
25	30	0.046947
30	76	0.046947
67	83	0.046941
34	56	0.046936
16	71	0.046933
11	60	0.046932
30	37	0.046926
63	78	0.046921
68	80	0.046916
30	38	0.046913
27	30	0.046886
59	78	0.04688
36	71	0.04687
21	78	0.04687
13	69	0.046861
5	73	0.046856
28	78	0.046856
58	78	0.046856
66	78	0.046856
18	65	0.04685
33	81	0.046844
30	40	0.046841
61	81	0.046841
17	44	0.046833
33	37	0.046823
18	79	0.046808
24	56	0.046803
57	83	0.046802
13	20	0.046795
22	82	0.046791
27	33	0.04678
15	22	0.046762
56	72	0.046746
4	18	0.046745
2	18	0.046738
68	78	0.046737
22	80	0.046727
37	71	0.046727
29	82	0.046727
36	81	0.046726
16	30	0.046725
1	69	0.046722
25	33	0.046719
33	76	0.046719
25	61	0.046716
61	76	0.046716
37	68	0.046704
26	30	0.046697
15	29	0.046697
12	43	0.046695
12	54	0.046695
7	43	0.046694
7	54	0.046694
33	38	0.046684
38	61	0.046681
32	81	0.046675
64	69	0.046673
29	80	0.046662
27	68	0.046654
42	69	0.046648
14	80	0.046634
33	40	0.046608
40	61	0.046605
65	80	0.0466
25	36	0.046598
36	76	0.046598
18	84	0.046598
20	37	0.046591
63	71	0.046584
36	38	0.046562
10	83	0.046559
30	75	0.046549
65	73	0.046546
32	76	0.046545
22	78	0.046541
59	71	0.04654
26	70	0.046535
17	27	0.046532
11	55	0.046532
21	71	0.046529
30	39	0.046529
20	27	0.046524
32	37	0.046523
28	71	0.046514
58	71	0.046514
66	71	0.046514
32	38	0.046509
12	55	0.046509
24	69	0.046507
31	54	0.046505
31	43	0.046505
40	60	0.046504
73	79	0.046501
56	82	0.04649
53	74	0.046487
16	33	0.046486
36	40	0.046484
16	61	0.046482
27	32	0.046479
8	12	0.046474
29	78	0.046473
15	56	0.046459
26	33	0.046457
18	23	0.046454
37	67	0.046453
26	61	0.046453
18	70	0.046448
52	75	0.046445
9	24	0.046441
10	71	0.046432
63	81	0.046431
32	40	0.04643
6	83	0.046429
2	73	0.046427
56	80	0.046423
40	69	0.04642
17	18	0.046419
18	54	0.046407
18	43	0.046407
68	71	0.046387
59	81	0.046386
22	38	0.046383
9	31	0.046383
18	45	0.046382
21	81	0.046375
13	16	0.046372
19	69	0.046364
28	81	0.04636
58	81	0.04636
66	81	0.04636
16	36	0.046359
3	11	0.046354
6	18	0.046353
11	52	0.04635
40	70	0.046349
13	24	0.046345
77	84	0.046334
5	69	0.046329
26	36	0.046329
12	52	0.046326
9	52	0.046323
45	54	0.046309
43	45	0.046309
33	75	0.046301
61	75	0.046298
63	76	0.046295
12	62	0.046289
9	62	0.046286
4	44	0.046285
30	67	0.046285
18	77	0.04628
33	39	0.04628
8	55	0.046279
73	84	0.046278
39	61	0.046277
26	32	0.046273
37	63	0.046272
38	63	0.046257
30	57	0.046254
25	59	0.046249
59	76	0.046249
21	25	0.046237
21	76	0.046237
7	44	0.046236
14	18	0.046228
68	81	0.046228
10	42	0.046227
27	63	0.046226
37	59	0.046225
56	78	0.046224
25	28	0.046222
25	58	0.046222
25	66	0.046222
28	76	0.046222
58	76	0.046222
66	76	0.046222
19	83	0.046214
21	37	0.046213
38	59	0.046209
7	41	0.046208
17	82	0.046198
21	38	0.046198
28	37	0.046198
37	58	0.046198
37	66	0.046198
22	40	0.046195
18	74	0.046193
34	84	0.046193
31	55	0.046189
3	75	0.046188
28	38	0.046182
38	58	0.046182
38	66	0.046182
27	59	0.046178
22	71	0.046176
40	63	0.046174
36	75	0.04617
21	27	0.046167
27	28	0.046151
27	58	0.046151
27	66	0.046151
36	39	0.046148
31	70	0.046146
3	18	0.046133
22	26	0.046132
40	59	0.046127
1	62	0.046126
23	73	0.046125
70	73	0.046118
21	40	0.046115
62	64	0.046106
29	71	0.046103
8	60	0.046103
28	40	0.046099
40	58	0.046099
40	66	0.046099
18	53	0.046097
6	45	0.046094
8	10	0.046091
8	52	0.046089
17	73	0.046087
25	68	0.046087
68	76	0.046087
19	54	0.046084
19	43	0.046084
4	79	0.046082
54	73	0.046074
43	73	0.046074
25	77	0.046074
27	67	0.046074
18	80	0.046072
45	73	0.046048
38	68	0.046046
16	63	0.046041
18	34	0.046037
33	67	0.046024
61	67	0.04602
6	73	0.046016
34	80	0.046013
22	81	0.046011
41	69	0.046011
80	84	0.046004
11	53	0.046001
69	83	0.046
10	75	0.045996
31	52	0.045995
54	60	0.045995
43	60	0.045995
16	59	0.045992
33	57	0.045992
57	61	0.045988
65	69	0.045984
16	21	0.04598
16	28	0.045964
16	58	0.045964
16	66	0.045964
40	68	0.045961
26	59	0.04596
18	44	0.04596
45	71	0.045957
31	62	0.045955
9	42	0.045955
21	26	0.045948
52	60	0.045945
15	74	0.04594
73	77	0.04594
29	81	0.045936
69	79	0.045934
17	26	0.045933
26	28	0.045932
26	58	0.045932
26	66	0.045932
12	81	0.045929
12	76	0.045922
40	84	0.045912
1	10	0.045893
52	62	0.045891
13	78	0.045888
36	67	0.045885
14	73	0.045885
18	24	0.045877
22	76	0.045864
1	41	0.045862
4	69	0.04586
36	57	0.045852
73	74	0.045847
63	75	0.045841
9	27	0.04584
22	37	0.045838
56	71	0.045837
32	67	0.045825
16	68	0.045823
26	77	0.045817
9	37	0.045815
7	55	0.045814
2	12	0.045809
38	43	0.045807
38	54	0.045807
32	57	0.045792
59	75	0.04579
26	68	0.04579
22	27	0.045789
25	29	0.045787
29	76	0.045787
8	72	0.045784
3	73	0.045783
21	75	0.045778
20	24	0.045767
39	59	0.045767
28	75	0.045761
58	75	0.045761
66	75	0.045761
9	83	0.045756
21	39	0.045755
1	39	0.045748
53	73	0.045745
3	23	0.045742
28	39	0.045738
39	58	0.045738
39	66	0.045738
13	23	0.045733
13	26	0.045717
4	23	0.045715
69	84	0.045686
5	78	0.045683
34	73	0.045681
56	81	0.045661
29	40	0.045654
38	65	0.045641
68	75	0.045615
7	52	0.045607
44	73	0.045599
17	37	0.045591
39	68	0.045591
16	22	0.045589
1	71	0.045574
23	70	0.04557
16	53	0.045563
1	11	0.04555
63	67	0.045539
6	27	0.045533
1	9	0.045519
3	76	0.045512
24	73	0.045511
16	29	0.045509
69	70	0.045509
5	34	0.045508
25	56	0.045505
56	76	0.045505
57	63	0.045504
18	82	0.045504
55	82	0.045492
59	67	0.045486
37	56	0.045478
21	67	0.045473
13	55	0.045473
2	54	0.045471
2	43	0.045471
7	82	0.045469
15	18	0.045467
38	56	0.045461
54	69	0.04546
43	69	0.04546
9	64	0.045458
28	67	0.045455
58	67	0.045455
66	67	0.045455
57	59	0.045451
7	20	0.045447
21	57	0.045438
8	13	0.045431
45	69	0.045431
27	56	0.045425
55	76	0.045424
28	57	0.04542
57	58	0.04542
57	66	0.04542
14	23	0.045417
64	67	0.045402
25	72	0.045397
17	31	0.045397
13	83	0.045396
57	64	0.045392
22	75	0.045373
40	56	0.045366
22	39	0.045348
9	65	0.04531
67	68	0.045301
1	55	0.045292
29	75	0.045289
13	52	0.045281
13	60	0.04527
57	68	0.045265
29	39	0.045264
1	8	0.045249
55	64	0.04523
18	81	0.045217
60	84	0.045215
16	56	0.045213
69	74	0.045207
42	55	0.045197
3	41	0.045194
18	78	0.045187
8	64	0.045186
26	56	0.045177
1	67	0.045177
8	42	0.045153
34	70	0.045148
39	60	0.045144
3	69	0.045136
15	41	0.045127
73	82	0.045115
39	64	0.045109
11	23	0.045108
11	19	0.045107
1	79	0.045105
64	83	0.045104
9	72	0.045103
19	74	0.045097
53	69	0.045094
1	60	0.045084
31	64	0.045077
15	73	0.045075
70	80	0.045071
1	52	0.045067
20	69	0.045056
22	67	0.045047
31	42	0.045043
5	12	0.045034
5	9	0.045029
60	64	0.045019
22	57	0.045009
10	64	0.045004
52	64	0.045002
12	41	0.044988
42	60	0.044986
56	75	0.044984
10	19	0.044982
24	60	0.044979
42	52	0.044968
4	17	0.044968
39	56	0.044957
7	37	0.044946
44	69	0.044932
8	80	0.044921
2	45	0.044893
8	38	0.044882
62	79	0.044863
7	34	0.044862
60	78	0.044848
37	75	0.044847
12	71	0.044845
19	55	0.04483
34	62	0.04483
70	79	0.044829
26	75	0.044829
11	45	0.044811
5	55	0.044785
34	76	0.044785
8	19	0.044784
73	78	0.044778
1	16	0.044773
34	78	0.044768
5	37	0.044762
23	38	0.044759
4	82	0.044756
73	81	0.044755
12	57	0.044732
18	71	0.044726
27	76	0.044726
10	45	0.044684
11	41	0.04467
19	31	0.044668
56	67	0.044638
9	41	0.044634
5	27	0.044634
13	75	0.044629
7	64	0.044627
5	31	0.044622
7	70	0.044608
12	67	0.044606
56	57	0.044598
69	80	0.044594
7	42	0.044591
19	52	0.044589
38	78	0.044559
2	78	0.04455
19	62	0.04454
9	79	0.044538
16	76	0.04453
53	65	0.044516
15	31	0.044514
15	16	0.044514
19	80	0.044498
13	15	0.044492
4	11	0.044484
2	11	0.044473
17	45	0.044472
26	65	0.044469
15	39	0.044446
27	78	0.044436
41	64	0.04443
13	34	0.04442
69	82	0.044396
41	55	0.044376
9	81	0.044363
55	83	0.044362
11	75	0.044354
15	69	0.044352
9	74	0.044343
55	65	0.044341
18	25	0.044332
18	76	0.044332
3	44	0.044321
1	13	0.044289
71	73	0.044288
15	52	0.044286
69	76	0.044285
18	38	0.044279
55	79	0.044277
62	84	0.044272
37	76	0.044244
12	84	0.044235
4	16	0.044235
72	83	0.044231
13	64	0.044217
27	75	0.044216
5	72	0.044194
3	34	0.044192
4	55	0.044182
13	42	0.044179
20	65	0.044179
18	40	0.044168
40	42	0.044146
41	60	0.044138
7	27	0.044138
4	8	0.044131
44	75	0.04413
10	24	0.04412
41	52	0.044119
37	78	0.044111
52	83	0.044104
69	78	0.044087
10	65	0.044085
52	65	0.044083
7	79	0.044081
41	62	0.044066
65	71	0.044055
62	83	0.044052
76	78	0.044049
26	60	0.04404
40	44	0.044034
12	72	0.044022
9	23	0.04402
16	52	0.044019
52	79	0.044016
11	17	0.044008
4	76	0.044007
4	31	0.044005
2	31	0.043993
11	54	0.04399
11	43	0.04399
16	18	0.043986
4	75	0.043982
2	44	0.043976
12	17	0.043973
1	42	0.043962
55	84	0.043958
9	54	0.043951
9	43	0.043951
12	80	0.043947
18	26	0.043943
16	80	0.043928
2	60	0.043926
2	52	0.043924
12	45	0.04392
4	52	0.043918
9	45	0.043915
2	80	0.043882
6	12	0.043876
25	73	0.04387
73	76	0.04387
6	37	0.043861
24	31	0.043827
10	70	0.043814
38	73	0.043814
75	80	0.043811
4	13	0.043801
6	38	0.043761
7	72	0.04375
52	76	0.043729
1	57	0.043721
70	78	0.043718
18	75	0.043714
5	13	0.043705
40	73	0.043695
10	84	0.043689
52	84	0.043687
8	23	0.043687
17	55	0.043686
18	39	0.043683
11	74	0.043679
8	70	0.043677
7	23	0.043676
54	55	0.043669
43	55	0.043669
34	54	0.043663
34	43	0.043663
7	65	0.043657
25	27	0.043654
12	74	0.043644
8	17	0.043633
8	54	0.043615
8	43	0.043615
60	77	0.043597
16	74	0.04359
6	55	0.043586
2	81	0.043578
8	45	0.043577
17	34	0.043569
3	12	0.043556
2	41	0.043554
6	8	0.043532
1	19	0.043528
1	77	0.043516
12	53	0.043504
16	73	0.043503
11	20	0.043493
55	77	0.043477
60	70	0.043473
26	73	0.043457
11	34	0.043453
12	78	0.043453
19	64	0.043448
31	45	0.043442
17	60	0.043427
23	62	0.043405
14	55	0.043399
6	31	0.043396
62	70	0.043395
5	64	0.043395
10	54	0.04339
10	43	0.04339
5	70	0.043388
14	45	0.043379
45	60	0.04337
5	42	0.043353
17	62	0.043349
55	74	0.043345
11	44	0.043341
6	60	0.043324
20	45	0.043321
18	67	0.043305
12	44	0.043304
16	64	0.043298
45	62	0.043291
8	74	0.043289
18	57	0.043258
3	55	0.043254
1	34	0.043252
16	81	0.043243
77	80	0.04324
14	17	0.043239
10	14	0.043235
16	45	0.043227
73	75	0.043214
23	77	0.043212
13	53	0.043212
44	78	0.043209
53	55	0.0432
52	77	0.043189
17	53	0.043183
39	73	0.043181
31	74	0.043149
8	53	0.043143
15	55	0.043137
14	60	0.043131
11	72	0.043123
13	79	0.043119
14	52	0.043109
10	74	0.043056
14	62	0.04305
39	75	0.043025
25	69	0.043019
62	78	0.043015
44	55	0.042994
62	74	0.042994
19	44	0.042965
38	52	0.042961
3	52	0.042959
38	69	0.042957
24	70	0.042953
8	44	0.042935
53	60	0.042926
3	53	0.042925
10	53	0.042906
3	71	0.042901
3	62	0.042899
2	17	0.042896
5	19	0.042886
76	80	0.042883
20	60	0.042875
16	25	0.042875
65	74	0.042873
41	42	0.042862
20	52	0.042853
42	83	0.042845
11	26	0.042844
34	60	0.042833
25	78	0.04282
10	34	0.042813
8	24	0.04281
34	77	0.042804
64	79	0.042788
67	73	0.042781
14	71	0.042758
16	23	0.042754
42	79	0.042743
57	73	0.042731
44	60	0.042713
45	65	0.042696
20	75	0.042694
10	44	0.042693
15	80	0.042686
41	53	0.042685
11	82	0.042683
4	64	0.042675
2	64	0.042661
8	75	0.042649
11	76	0.042641
23	27	0.042638
11	15	0.04263
4	42	0.042629
2	42	0.042616
45	81	0.042615
16	69	0.042614
24	82	0.042592
24	72	0.042567
19	23	0.042533
9	78	0.042517
44	82	0.042512
19	24	0.042509
24	62	0.042499
23	37	0.042493
3	7	0.042474
10	38	0.042465
8	71	0.04246
10	72	0.042459
25	37	0.042456
13	17	0.042441
45	75	0.042423
24	34	0.042422
13	54	0.042421
13	43	0.042421
64	84	0.042408
5	83	0.042394
3	14	0.042387
26	52	0.042384
42	84	0.042361
70	84	0.042347
38	64	0.04233
3	82	0.042329
19	65	0.042324
26	41	0.042317
5	41	0.042308
69	75	0.042296
31	67	0.042286
13	77	0.042285
34	42	0.042285
15	60	0.042282
20	41	0.042266
39	69	0.04226
19	79	0.042244
2	79	0.042217
55	80	0.042189
44	83	0.042183
19	53	0.042173
1	54	0.042156
1	43	0.042156
64	70	0.042138
23	42	0.042101
20	74	0.042096
3	77	0.042091
42	70	0.04209
7	15	0.042087
64	75	0.042071
60	71	0.042061
7	24	0.042055
71	75	0.042053
13	74	0.04205
14	38	0.042029
45	64	0.042019
10	82	0.041987
42	45	0.041971
25	81	0.041969
7	16	0.041945
41	45	0.041939
54	83	0.041937
43	83	0.041937
16	60	0.04189
40	52	0.041886
44	72	0.041878
1	25	0.04187
19	84	0.041842
55	78	0.041836
64	77	0.041836
13	71	0.041797
62	80	0.041792
42	77	0.041787
3	19	0.041778
1	74	0.041775
31	57	0.041774
14	64	0.041743
41	83	0.041741
19	40	0.04174
26	64	0.041724
15	83	0.041694
14	42	0.041694
3	24	0.04169
15	25	0.041678
37	83	0.041671
23	78	0.041662
13	44	0.041648
14	79	0.041644
11	40	0.041637
41	79	0.041627
79	83	0.041608
31	78	0.041607
17	43	0.041594
17	54	0.041594
20	44	0.041581
3	64	0.041572
1	20	0.041547
3	42	0.041521
16	62	0.041519
71	76	0.041519
17	83	0.041516
53	83	0.041508
5	23	0.041503
4	41	0.0415
52	78	0.041495
4	45	0.041495
44	74	0.04148
20	43	0.041477
20	54	0.041477
7	67	0.041477
4	70	0.041458
4	65	0.041452
20	64	0.04145
2	65	0.041437
5	17	0.041436
19	45	0.041432
27	83	0.041413
5	54	0.041413
5	43	0.041413
6	77	0.041413
2	70	0.041411
14	70	0.041399
20	42	0.041399
2	27	0.041374
24	41	0.041325
75	82	0.041306
54	74	0.041285
43	74	0.041285
7	38	0.04128
2	37	0.041271
38	74	0.041265
19	77	0.041239
1	24	0.041216
44	71	0.041199
40	55	0.04116
14	19	0.04114
24	64	0.041115
19	82	0.0411
67	82	0.041095
1	75	0.041073
40	78	0.041067
24	42	0.041063
77	82	0.041028
19	26	0.041021
3	74	0.041012
5	74	0.041005
64	72	0.040995
37	62	0.040981
11	67	0.040965
11	37	0.040959
12	25	0.040959
20	83	0.04095
57	82	0.040918
23	39	0.040908
31	71	0.040907
38	60	0.040901
41	70	0.040899
78	83	0.040895
23	83	0.040892
3	5	0.040891
12	38	0.040883
27	62	0.04088
9	38	0.040877
11	27	0.040871
65	70	0.040849
40	67	0.040846
55	81	0.040842
1	78	0.04084
17	41	0.04084
3	16	0.040837
41	54	0.040836
41	43	0.040836
12	16	0.040828
5	53	0.040823
17	65	0.040789
23	79	0.040769
54	65	0.040766
43	65	0.040766
5	20	0.040761
45	83	0.040746
3	65	0.040738
13	80	0.040729
11	16	0.040728
26	76	0.040727
40	79	0.040719
9	40	0.040717
62	71	0.040715
6	41	0.040707
40	57	0.0407
38	67	0.040663
17	77	0.04065
42	76	0.040648
44	80	0.040647
45	79	0.040622
12	75	0.040617
2	23	0.040616
6	79	0.040611
40	76	0.040593
25	55	0.040569
5	44	0.040563
41	77	0.040562
74	84	0.040562
1	82	0.040561
4	54	0.040535
4	43	0.040535
37	55	0.040521
8	37	0.040514
7	57	0.040498
6	53	0.040495
38	55	0.040491
38	57	0.040474
10	81	0.040474
52	81	0.04047
14	41	0.040458
27	55	0.040428
8	27	0.040424
1	80	0.04042
5	24	0.040407
12	26	0.040405
74	78	0.040403
42	82	0.040399
62	81	0.040394
15	64	0.040389
74	83	0.040366
11	57	0.040365
53	71	0.040354
15	42	0.040333
64	80	0.040312
37	84	0.040284
31	37	0.040264
42	80	0.040256
71	77	0.040248
17	84	0.040236
31	38	0.040233
25	65	0.040233
60	76	0.040217
7	71	0.040193
24	80	0.040192
10	25	0.040192
25	52	0.040188
39	72	0.040183
16	44	0.040173
27	31	0.04017
37	60	0.040167
3	40	0.040163
37	39	0.04016
45	84	0.040159
2	14	0.040152
27	84	0.04015
17	39	0.040144
10	37	0.040142
37	52	0.040139
16	72	0.040082
2	74	0.040079
6	82	0.040076
27	60	0.040073
27	39	0.040056
10	27	0.040047
53	79	0.040044
27	52	0.040044
40	75	0.040026
5	26	0.040005
26	55	0.039996
6	25	0.039989
26	80	0.039953
17	38	0.039944
10	40	0.039942
34	79	0.039923
17	23	0.039922
8	26	0.03992
17	70	0.039908
41	72	0.039904
64	78	0.039897
2	53	0.039882
44	65	0.039868
1	26	0.039862
42	78	0.039839
53	76	0.039831
17	81	0.039831
3	37	0.039799
6	54	0.039771
6	43	0.039771
44	79	0.039768
26	62	0.039763
2	34	0.03976
24	83	0.039736
15	19	0.039713
1	76	0.039709
5	75	0.039704
24	65	0.039703
6	17	0.039701
25	83	0.039684
40	77	0.039648
3	27	0.039646
42	75	0.039619
39	55	0.039615
37	79	0.039595
7	25	0.039564
7	76	0.039563
53	84	0.039559
72	76	0.039547
67	81	0.039524
54	77	0.039518
43	77	0.039518
75	76	0.039513
17	57	0.039498
34	81	0.039496
9	67	0.039494
20	84	0.039491
27	79	0.039466
72	79	0.039466
45	77	0.039463
20	67	0.039459
4	24	0.039452
23	74	0.039435
9	57	0.039427
70	74	0.039421
14	54	0.039405
14	43	0.039405
75	81	0.039379
15	82	0.039376
57	81	0.039356
20	57	0.039346
31	39	0.03934
7	26	0.039321
25	44	0.039304
44	84	0.039273
15	40	0.039241
23	53	0.039229
6	74	0.039206
3	54	0.039198
3	43	0.039198
4	25	0.039198
74	80	0.039196
19	78	0.039195
20	23	0.039159
39	45	0.039153
14	26	0.039152
3	45	0.039142
38	42	0.039127
64	71	0.039092
42	71	0.039031
17	67	0.038988
23	44	0.038936
6	20	0.038926
15	65	0.038891
5	39	0.038888
71	82	0.038886
41	80	0.038864
53	77	0.038832
16	42	0.038822
37	81	0.038815
82	84	0.038795
76	82	0.038789
77	81	0.038789
38	71	0.038786
16	17	0.038769
64	81	0.03873
54	78	0.038726
43	78	0.038726
14	53	0.038714
39	84	0.038702
6	44	0.038699
24	38	0.038672
42	81	0.038667
24	54	0.038648
24	43	0.038648
23	81	0.038644
17	75	0.038636
4	15	0.038626
2	15	0.038607
57	79	0.038569
14	24	0.038567
26	42	0.038567
2	16	0.038564
7	39	0.038535
44	77	0.038531
17	72	0.03853
6	24	0.038519
54	72	0.038502
43	72	0.038502
15	70	0.038489
1	37	0.038477
19	81	0.038469
14	44	0.038411
15	77	0.038411
25	64	0.03841
64	76	0.03841
1	27	0.038371
24	77	0.038349
25	42	0.038346
20	53	0.038342
27	81	0.038306
5	71	0.038265
45	82	0.038251
2	25	0.038242
67	79	0.038238
78	79	0.038231
4	40	0.038212
20	34	0.038206
4	67	0.038175
24	74	0.038144
40	64	0.038127
4	57	0.038075
34	37	0.038055
39	82	0.037942
15	23	0.037893
5	81	0.037883
27	34	0.037858
54	82	0.037854
43	82	0.037854
3	72	0.037852
15	17	0.037805
23	80	0.037802
15	54	0.037775
15	43	0.037775
53	72	0.037767
6	71	0.037748
17	80	0.037713
25	41	0.037704
19	25	0.037633
19	76	0.037632
19	37	0.037574
4	81	0.037557
6	80	0.037547
3	26	0.037493
27	41	0.037464
19	27	0.037461
14	82	0.037412
43	81	0.037397
54	81	0.037396
20	78	0.037368
37	41	0.037344
71	79	0.03733
74	82	0.037325
26	78	0.037323
2	39	0.037308
25	67	0.037255
16	77	0.037254
5	40	0.037247
39	42	0.03723
17	78	0.037217
13	67	0.03719
3	38	0.037138
6	75	0.037137
45	78	0.037122
13	57	0.037113
6	39	0.037107
53	82	0.037089
67	80	0.037079
5	67	0.037056
65	81	0.037046
16	19	0.037009
15	53	0.037006
57	80	0.036961
3	78	0.036929
5	57	0.036914
53	80	0.03691
25	84	0.036893
25	57	0.036873
23	26	0.036822
41	76	0.036758
71	84	0.03675
27	77	0.036693
15	44	0.03667
25	82	0.036643
6	40	0.036635
38	83	0.036631
37	65	0.036629
20	25	0.036623
37	77	0.036581
25	79	0.036569
24	37	0.036556
19	75	0.036523
27	65	0.03651
19	39	0.036468
39	53	0.036458
44	57	0.036411
72	81	0.03641
53	78	0.036391
72	82	0.036387
23	71	0.036356
57	84	0.036353
4	37	0.036325
14	57	0.036246
54	71	0.036227
43	71	0.036227
4	27	0.036204
44	67	0.036182
16	41	0.036103
26	83	0.036082
24	25	0.036046
67	84	0.036034
16	65	0.036034
40	74	0.036029
24	27	0.036018
14	16	0.036005
39	44	0.035939
40	80	0.035934
24	39	0.035909
24	78	0.035833
26	79	0.035826
19	67	0.035799
19	57	0.035715
6	67	0.035715
4	39	0.035704
25	75	0.035691
14	75	0.035687
71	74	0.035647
25	40	0.035623
6	57	0.035594
41	75	0.035593
40	54	0.035591
40	43	0.035591
14	67	0.035585
16	40	0.035574
38	72	0.03557
23	76	0.035553
25	70	0.035536
65	75	0.035522
39	83	0.035506
39	65	0.035463
17	25	0.035453
17	76	0.035452
54	75	0.035447
43	75	0.035447
3	67	0.035441
54	76	0.035419
43	76	0.035419
15	38	0.035391
26	71	0.035365
25	45	0.035349
45	76	0.035349
3	57	0.035339
39	79	0.035333
14	81	0.035304
2	67	0.035296
37	45	0.035282
2	57	0.035208
74	81	0.035206
40	82	0.03519
27	45	0.035155
34	38	0.035079
44	81	0.035067
14	25	0.035067
53	81	0.034942
76	81	0.034915
15	75	0.034834
25	74	0.034816
74	76	0.034816
38	44	0.034799
25	76	0.034758
45	67	0.034756
16	54	0.034718
16	43	0.034718
45	57	0.034655
44	76	0.034651
6	16	0.034559
37	80	0.034554
20	39	0.034543
38	39	0.034539
38	53	0.034435
27	80	0.034399
39	70	0.034235
67	75	0.034221
16	82	0.03421
75	77	0.034139
20	40	0.034107
57	75	0.034088
53	57	0.033959
53	67	0.033905
25	38	0.03389
26	53	0.033728
16	20	0.033725
67	70	0.033688
37	72	0.033681
20	26	0.033634
14	39	0.033577
27	72	0.033544
57	70	0.033398
54	67	0.033363
43	67	0.033363
26	44	0.033334
26	39	0.033293
54	57	0.03327
43	57	0.03327
15	81	0.033248
15	57	0.033235
24	26	0.033097
71	78	0.033009
15	67	0.032742
39	40	0.032373
16	67	0.032064
39	76	0.032048
16	57	0.032024
15	26	0.031945
16	78	0.031274
25	71	0.030875
75	78	0.030652
38	81	0.03021
16	26	0.030195
67	71	0.029739
37	38	0.029657
57	71	0.029629
27	38	0.029563
26	81	0.029387
38	40	0.029325
39	71	0.029319
26	40	0.02886
26	27	0.028846
39	67	0.028832
26	37	0.028821
39	57	0.028575