#==========================================================================
# The first and second rows contain site pairs (i, j) such that j > i
# The third row contains coevolutionary scores obtained 
# using PSICOV algorithm.
# Note that in this data sites are counted/labelled starting from 1
#==========================================================================
14	72	0.903877
30	48	0.903876
31	47	0.903852
29	49	0.903836
32	46	0.903669
15	71	0.903194
58	63	0.902863
16	70	0.90201
10	76	0.902006
13	73	0.901846
12	74	0.90068
11	75	0.899713
57	64	0.891477
28	50	0.888169
27	51	0.883545
33	45	0.872901
2	87	0.8548
9	77	0.83206
3	86	0.743493
4	85	0.611021
1	88	0.587663
35	84	0.560671
26	52	0.525352
39	82	0.450709
38	82	0.372192
5	84	0.365947
25	53	0.330493
18	67	0.322997
40	84	0.264843
35	80	0.249767
39	40	0.218723
39	84	0.201224
38	86	0.167713
35	82	0.167251
25	52	0.162974
35	39	0.146449
5	38	0.141036
40	80	0.139761
5	53	0.133153
3	38	0.123377
38	40	0.118938
52	53	0.118592
5	25	0.11153
3	45	0.111501
43	45	0.111182
24	53	0.110011
40	89	0.109267
59	60	0.105049
60	61	0.104986
36	46	0.104982
45	86	0.103799
40	43	0.098914
65	81	0.096257
50	51	0.0954
40	82	0.095215
36	39	0.094552
5	82	0.091991
2	3	0.09153
75	80	0.090915
68	84	0.089826
5	43	0.08846
2	86	0.088091
42	44	0.088066
22	39	0.085376
3	52	0.084592
43	84	0.084474
3	43	0.084111
1	86	0.083939
38	45	0.082328
39	89	0.082284
53	67	0.082275
51	89	0.080653
28	68	0.079522
39	81	0.077974
18	22	0.077968
23	67	0.077946
50	88	0.076769
2	88	0.076102
1	72	0.076074
12	35	0.075766
60	62	0.075544
1	40	0.075126
23	53	0.075115
18	24	0.074593
33	46	0.074269
5	78	0.074005
81	85	0.07371
38	43	0.073537
76	89	0.073455
38	89	0.073257
39	49	0.072953
61	62	0.072945
78	79	0.072776
2	68	0.072662
5	87	0.072639
22	67	0.072633
46	84	0.071976
35	45	0.071685
32	36	0.070898
21	40	0.070896
35	51	0.070477
86	87	0.070362
4	6	0.070229
34	44	0.07013
27	73	0.06976
39	80	0.069699
41	79	0.069679
5	24	0.069652
68	77	0.069506
35	50	0.069443
65	66	0.069425
6	79	0.069354
35	86	0.069196
25	67	0.069089
39	87	0.069002
32	33	0.068733
53	84	0.068603
25	84	0.068297
35	43	0.068253
34	81	0.068095
68	81	0.068014
39	74	0.067461
13	51	0.067423
25	26	0.067368
32	38	0.067274
13	87	0.066959
41	44	0.066743
57	58	0.066083
43	86	0.066003
59	61	0.065934
59	64	0.065908
41	78	0.065637
16	72	0.065537
50	68	0.065463
68	73	0.065392
38	83	0.065359
43	78	0.065311
36	44	0.065282
34	79	0.065225
58	64	0.064998
68	74	0.064713
27	29	0.064535
44	79	0.064532
1	45	0.064501
42	79	0.064286
15	40	0.063838
17	25	0.063697
11	21	0.063696
17	87	0.063664
9	10	0.063646
4	81	0.063566
45	77	0.063413
16	21	0.063394
34	43	0.063369
35	38	0.063364
70	72	0.063352
35	75	0.063337
36	84	0.063164
6	41	0.063149
34	42	0.063023
70	89	0.062861
6	36	0.062771
59	62	0.062655
4	41	0.062614
1	84	0.062597
3	87	0.062232
68	87	0.062151
22	65	0.061723
14	74	0.061714
72	89	0.061641
39	83	0.061342
3	33	0.061315
37	78	0.061263
59	73	0.06115
80	84	0.061065
1	77	0.061031
45	53	0.060995
29	68	0.060988
60	74	0.06097
2	17	0.060891
22	84	0.060867
43	51	0.060832
3	31	0.060819
13	85	0.060673
38	68	0.060669
20	23	0.060629
22	36	0.060431
2	89	0.060388
24	67	0.060339
40	45	0.060297
1	39	0.06028
78	85	0.060234
1	87	0.060231
38	78	0.06019
61	77	0.060001
18	23	0.059928
5	40	0.059842
45	78	0.059704
53	87	0.05965
15	88	0.059626
28	47	0.059574
17	24	0.059506
17	44	0.059418
17	80	0.059406
41	42	0.059383
17	68	0.05924
58	61	0.059096
67	68	0.059076
4	42	0.059054
22	49	0.059053
21	61	0.05905
6	42	0.058959
53	86	0.05892
17	53	0.058857
4	37	0.05885
35	40	0.058779
25	69	0.058757
4	34	0.058546
81	84	0.058526
67	87	0.058487
11	68	0.058418
15	17	0.05832
43	80	0.058233
20	22	0.058203
25	82	0.0582
19	66	0.058026
33	50	0.057996
60	65	0.05797
23	24	0.057933
9	12	0.057885
5	23	0.057855
36	41	0.057842
4	79	0.057828
30	61	0.057739
6	44	0.05772
6	7	0.05765
4	44	0.05763
43	89	0.057621
30	60	0.05762
61	72	0.057598
9	76	0.057593
23	55	0.057583
79	85	0.057524
37	85	0.057514
3	4	0.05744
83	86	0.05727
80	82	0.057187
61	65	0.057149
65	75	0.057128
10	35	0.057126
37	41	0.056973
13	60	0.056956
9	89	0.056944
66	67	0.056932
24	86	0.056932
87	88	0.056925
59	76	0.056919
7	79	0.056873
5	6	0.056823
52	87	0.056818
44	87	0.056793
9	86	0.056745
21	44	0.056705
40	61	0.056627
40	87	0.05662
16	76	0.056517
5	67	0.056461
4	8	0.056396
15	16	0.056337
37	83	0.056332
67	84	0.056274
2	42	0.056119
69	87	0.05611
30	62	0.056092
44	78	0.056079
1	61	0.056067
45	46	0.055971
52	67	0.055884
15	27	0.055872
43	61	0.055861
27	86	0.055843
84	88	0.055803
65	68	0.0558
44	51	0.05573
26	88	0.055719
79	81	0.055705
25	88	0.055698
12	22	0.055695
37	42	0.055677
58	77	0.055667
57	68	0.055618
64	66	0.055607
1	14	0.055598
28	59	0.055581
18	55	0.055522
37	79	0.055498
27	88	0.055494
51	80	0.055482
21	77	0.055463
31	68	0.055428
60	88	0.055422
4	78	0.055382
1	3	0.05538
73	75	0.055375
68	69	0.055354
7	78	0.055345
18	53	0.055344
31	80	0.055334
45	70	0.055333
21	80	0.055271
17	52	0.055235
17	69	0.055196
29	80	0.055184
37	44	0.055146
35	81	0.055142
11	80	0.055096
15	60	0.055082
77	78	0.055073
9	32	0.055068
36	79	0.05504
21	34	0.055039
3	24	0.055016
24	25	0.055011
29	39	0.054978
53	55	0.054967
9	46	0.054966
39	65	0.05496
52	59	0.054958
2	44	0.054956
34	51	0.054925
21	63	0.054914
58	60	0.054829
16	33	0.054821
3	47	0.054789
50	73	0.054749
33	44	0.054742
10	14	0.054676
43	53	0.054676
59	84	0.054654
5	45	0.05456
57	63	0.054545
53	66	0.054498
11	62	0.054463
60	64	0.054454
11	67	0.054381
42	51	0.054377
18	20	0.054374
3	5	0.054369
66	81	0.054348
29	51	0.054344
18	84	0.054318
32	45	0.054294
26	53	0.054277
24	52	0.054275
52	54	0.054241
41	85	0.054234
20	39	0.054226
24	66	0.05421
42	64	0.054209
62	70	0.054205
34	68	0.054204
9	78	0.054194
59	68	0.05418
46	88	0.054116
36	76	0.054038
23	87	0.054037
15	53	0.053984
43	44	0.053976
1	4	0.053952
83	84	0.053944
21	71	0.053939
49	60	0.053882
21	35	0.053859
69	70	0.053853
48	60	0.05385
33	51	0.053828
41	43	0.053794
26	87	0.053766
21	38	0.053765
82	87	0.053703
84	89	0.053699
43	87	0.053669
45	89	0.053647
31	62	0.053642
57	74	0.053636
9	16	0.053611
2	25	0.053602
65	85	0.053567
3	10	0.053534
78	81	0.053531
52	69	0.053524
5	52	0.053495
38	71	0.053494
16	71	0.053463
15	68	0.053443
71	82	0.05343
66	87	0.053418
40	64	0.053392
33	84	0.053386
63	77	0.053383
21	30	0.053381
17	18	0.053356
17	34	0.053339
56	66	0.053336
26	28	0.053334
21	32	0.053323
31	33	0.053321
23	86	0.05332
45	82	0.053307
22	48	0.053288
12	13	0.053254
49	87	0.053234
6	85	0.053222
34	35	0.053218
11	43	0.053212
34	57	0.053181
23	84	0.053174
11	86	0.053172
35	65	0.053171
26	59	0.053165
36	42	0.053124
55	67	0.053102
69	82	0.053087
52	88	0.05305
24	55	0.053049
50	62	0.053025
35	42	0.053014
47	89	0.053009
10	81	0.053001
10	89	0.052955
3	11	0.052955
21	79	0.052939
34	41	0.052919
17	42	0.052914
17	70	0.052901
79	80	0.052893
82	86	0.052888
62	88	0.052877
1	83	0.052823
27	45	0.052799
33	78	0.052736
1	69	0.052676
58	75	0.05267
8	19	0.052664
6	34	0.052638
11	89	0.052592
3	53	0.052586
42	80	0.052554
1	89	0.052518
23	66	0.052516
37	86	0.052507
13	62	0.052504
12	62	0.052501
4	21	0.052488
33	77	0.052476
40	72	0.052469
56	65	0.052453
67	69	0.052437
45	72	0.052436
23	25	0.052435
16	49	0.052433
3	23	0.052427
42	43	0.052421
18	69	0.052418
29	65	0.052391
7	8	0.052388
4	36	0.05235
44	80	0.052343
88	89	0.052343
2	64	0.052337
32	84	0.052317
21	58	0.052305
27	44	0.052286
64	83	0.052286
8	37	0.052284
80	89	0.052242
20	81	0.052187
35	85	0.052162
67	89	0.052161
25	87	0.052127
63	82	0.052126
51	88	0.052125
60	73	0.052103
53	69	0.052097
32	81	0.052095
2	6	0.052092
7	19	0.052069
4	9	0.052043
47	64	0.052041
21	81	0.052033
10	72	0.052021
50	60	0.051977
61	64	0.051864
2	11	0.051856
57	79	0.05184
8	41	0.051833
45	67	0.051827
72	74	0.051825
21	22	0.051805
31	61	0.051805
35	44	0.051799
57	83	0.051789
25	38	0.051788
10	62	0.051778
51	62	0.051768
12	82	0.051764
13	75	0.051745
14	59	0.051742
24	82	0.051737
47	80	0.051736
42	85	0.05173
34	80	0.051729
5	36	0.051729
9	14	0.051723
21	86	0.051709
72	88	0.051709
17	51	0.051687
17	67	0.051684
61	88	0.05164
27	43	0.051623
4	65	0.051609
39	68	0.0516
5	88	0.051597
34	40	0.051595
17	27	0.051594
12	16	0.051582
51	60	0.051548
37	43	0.05152
40	78	0.051513
71	89	0.051508
20	67	0.051508
48	89	0.0515
12	64	0.051492
12	80	0.05149
68	88	0.051468
36	60	0.051454
18	68	0.051445
7	39	0.051427
21	89	0.051402
22	27	0.051401
64	70	0.051394
70	80	0.051376
6	8	0.051375
1	34	0.051361
18	89	0.051344
14	89	0.051328
9	33	0.051325
6	19	0.051317
31	60	0.051316
54	56	0.051309
19	54	0.051308
8	54	0.051308
19	56	0.051308
8	56	0.051308
54	55	0.051308
7	54	0.051308
55	56	0.051307
7	56	0.051307
20	54	0.051307
20	56	0.051307
27	36	0.051306
54	69	0.051306
56	69	0.051306
54	83	0.051306
56	83	0.051305
37	54	0.051305
54	66	0.051305
19	55	0.051305
5	86	0.051305
8	55	0.051305
37	56	0.051305
19	20	0.051304
8	20	0.051303
54	62	0.051302
6	54	0.051302
56	62	0.051302
41	54	0.051302
6	56	0.051302
23	54	0.051301
19	69	0.051301
41	56	0.051301
8	69	0.051301
7	55	0.051301
34	54	0.051301
23	56	0.051301
17	54	0.051301
54	65	0.0513
42	54	0.0513
34	56	0.0513
17	56	0.0513
42	56	0.0513
19	83	0.051299
54	79	0.051299
21	54	0.051299
8	83	0.051299
24	54	0.051298
56	79	0.051298
20	55	0.051298
7	20	0.051298
22	54	0.051298
21	56	0.051298
54	78	0.051298
19	37	0.051298
24	56	0.051297
54	59	0.051297
22	56	0.051297
8	66	0.051297
56	78	0.051297
54	61	0.051296
56	59	0.051296
44	54	0.051296
54	81	0.051296
36	54	0.051296
56	61	0.051295
44	56	0.051295
56	81	0.051295
36	56	0.051295
26	54	0.051294
18	54	0.051294
55	69	0.051293
7	69	0.051293
26	56	0.051293
18	56	0.051293
54	60	0.051293
56	60	0.051291
19	62	0.05129
54	85	0.051289
55	83	0.051289
7	83	0.051289
8	62	0.051288
20	69	0.051288
19	41	0.051288
56	85	0.051287
19	23	0.051287
54	67	0.051287
37	55	0.051286
7	37	0.051286
55	66	0.051285
8	23	0.051285
7	66	0.051285
4	54	0.051285
19	34	0.051285
56	67	0.051285
17	19	0.051284
19	65	0.051284
19	42	0.051284
8	34	0.051283
4	56	0.051283
8	17	0.051283
54	68	0.051283
20	83	0.051283
54	89	0.051283
8	65	0.051283
8	42	0.051283
25	54	0.051282
56	68	0.05128
56	89	0.05128
19	79	0.05128
19	21	0.05128
25	56	0.051279
8	79	0.051279
20	37	0.051278
52	56	0.051278
54	80	0.051278
20	66	0.051278
19	24	0.051278
8	21	0.051278
19	22	0.051277
54	88	0.051277
19	78	0.051276
43	54	0.051276
8	24	0.051276
56	80	0.051276
8	22	0.051275
9	54	0.051275
19	59	0.051275
54	77	0.051275
8	78	0.051274
56	88	0.051274
43	56	0.051274
28	54	0.051273
8	59	0.051273
53	54	0.051273
9	56	0.051272
27	54	0.051272
19	61	0.051272
19	44	0.051272
56	77	0.051272
19	81	0.051271
54	57	0.051271
28	56	0.05127
19	36	0.05127
8	61	0.05127
8	44	0.05127
69	83	0.05127
53	56	0.05127
8	81	0.051269
27	56	0.051269
54	64	0.051269
1	54	0.051269
33	54	0.051269
55	62	0.051269
7	62	0.051268
6	55	0.051268
8	36	0.051268
56	57	0.051268
50	54	0.051266
2	54	0.051266
51	54	0.051266
19	26	0.051266
54	76	0.051265
56	64	0.051265
1	56	0.051265
33	56	0.051265
5	54	0.051265
18	19	0.051265
41	55	0.051265
7	41	0.051264
13	54	0.051264
54	63	0.051263
37	69	0.051263
8	26	0.051263
66	69	0.051263
60	63	0.051263
50	56	0.051263
11	54	0.051263
8	18	0.051262
2	56	0.051262
7	23	0.051262
54	74	0.051262
51	56	0.051262
56	76	0.051262
54	82	0.051261
5	56	0.051261
12	54	0.051261
54	73	0.051261
19	60	0.051261
54	58	0.051261
3	37	0.051261
54	70	0.05126
13	56	0.05126
54	75	0.05126
38	54	0.051259
56	63	0.051259
34	55	0.051259
16	54	0.051259
27	34	0.051259
10	54	0.051259
11	56	0.051259
7	34	0.051258
54	71	0.051258
54	87	0.051258
8	60	0.051258
17	55	0.051258
56	74	0.051258
7	17	0.051258
55	65	0.051258
3	54	0.051257
42	55	0.051257
56	82	0.051257
7	65	0.051257
12	56	0.051257
56	73	0.051257
7	42	0.051257
15	54	0.051257
56	58	0.051256
54	86	0.051256
20	62	0.051256
56	70	0.051256
56	75	0.051256
38	56	0.051255
6	20	0.051255
16	56	0.051254
10	56	0.051254
56	71	0.051254
56	87	0.051254
3	56	0.051253
15	56	0.051252
48	54	0.051252
56	86	0.051252
20	41	0.051251
66	83	0.051251
47	54	0.051251
19	85	0.051251
55	79	0.05125
30	54	0.051249
21	55	0.051248
7	21	0.051248
29	54	0.051248
8	85	0.051248
48	56	0.051247
31	54	0.051247
40	54	0.051247
49	54	0.051246
14	54	0.051246
47	56	0.051246
42	87	0.051245
7	24	0.051244
46	54	0.051244
30	56	0.051244
32	54	0.051244
22	55	0.051243
19	67	0.051243
20	34	0.051243
7	22	0.051243
29	56	0.051242
17	20	0.051242
20	65	0.051242
31	56	0.051241
37	66	0.051241
55	78	0.051241
40	56	0.051241
20	42	0.051241
49	56	0.051241
14	56	0.051241
39	54	0.05124
8	67	0.05124
4	19	0.051239
55	59	0.051239
45	54	0.051239
54	72	0.051239
46	56	0.051238
7	59	0.051238
32	56	0.051238
35	54	0.051238
62	80	0.051236
22	73	0.051235
39	56	0.051234
55	61	0.051233
44	55	0.051233
45	56	0.051232
56	72	0.051232
19	68	0.051232
19	89	0.051232
7	61	0.051232
7	44	0.051232
35	56	0.051231
20	79	0.051231
55	81	0.051231
7	81	0.05123
62	69	0.05123
20	21	0.051229
19	25	0.051229
36	55	0.051229
6	69	0.051228
7	36	0.051228
54	84	0.051228
8	68	0.051228
8	89	0.051228
19	52	0.051226
20	24	0.051225
8	25	0.051224
41	69	0.051222
8	52	0.051222
1	65	0.051221
56	84	0.051221
20	78	0.05122
26	55	0.051219
19	80	0.051219
7	26	0.051218
23	69	0.051218
7	18	0.051217
20	59	0.051217
19	88	0.051214
8	80	0.051214
19	43	0.051213
34	69	0.051211
9	19	0.05121
62	83	0.05121
55	60	0.051209
19	77	0.051209
8	88	0.051209
20	61	0.051209
20	44	0.051209
7	60	0.051209
65	69	0.051208
8	43	0.051208
6	83	0.051208
42	69	0.051207
19	28	0.051205
8	9	0.051205
57	78	0.051204
8	77	0.051204
20	36	0.051203
19	53	0.051203
19	27	0.051201
41	83	0.0512
8	28	0.051199
19	57	0.051198
8	53	0.051197
8	27	0.051195
23	83	0.051195
37	62	0.051193
69	79	0.051193
62	66	0.051192
19	64	0.051191
1	19	0.051191
19	33	0.051191
8	57	0.051191
6	37	0.051191
20	26	0.051191
21	69	0.05119
6	66	0.05119
55	85	0.051189
7	85	0.051188
34	83	0.051185
8	64	0.051185
1	8	0.051185
8	33	0.051185
19	50	0.051184
17	83	0.051183
2	19	0.051183
24	69	0.051183
65	83	0.051182
19	51	0.051182
42	83	0.051182
19	76	0.051181
41	66	0.051181
5	19	0.051181
22	69	0.05118
20	60	0.051178
13	19	0.051177
8	50	0.051177
69	78	0.051176
2	8	0.051176
23	37	0.051176
19	63	0.051175
8	51	0.051175
8	76	0.051174
5	8	0.051173
11	19	0.051173
7	67	0.051172
43	75	0.051172
19	74	0.051172
59	69	0.051171
8	13	0.05117
19	82	0.051169
12	19	0.051169
19	73	0.051169
8	63	0.051167
19	58	0.051167
19	70	0.051166
8	11	0.051165
34	37	0.051165
19	75	0.051165
4	55	0.051164
34	66	0.051164
8	74	0.051164
19	38	0.051164
4	7	0.051163
79	83	0.051163
17	37	0.051163
16	19	0.051162
57	59	0.051162
8	82	0.051161
17	66	0.051161
10	19	0.051161
37	65	0.051161
8	12	0.051161
8	73	0.051161
19	71	0.051161
19	87	0.05116
21	83	0.051159
42	66	0.051159
8	58	0.051159
61	69	0.051159
44	69	0.051159
8	70	0.051158
3	19	0.051158
8	75	0.051157
15	19	0.051156
69	81	0.051156
8	38	0.051155
19	86	0.051154
8	16	0.051153
8	10	0.051153
8	71	0.051152
8	87	0.051152
20	85	0.051151
24	83	0.051151
36	69	0.051151
55	68	0.05115
55	89	0.05115
3	8	0.051149
7	68	0.051149
63	64	0.051148
7	89	0.051148
8	15	0.051147
22	83	0.051147
8	86	0.051146
25	55	0.051143
19	48	0.051143
78	83	0.051142
7	25	0.051141
18	28	0.05114
19	47	0.051139
52	55	0.051138
66	79	0.051137
7	52	0.051136
59	83	0.051135
21	37	0.051135
19	30	0.051133
21	66	0.051133
8	48	0.051133
26	69	0.051132
8	47	0.051129
19	29	0.051129
59	65	0.051127
19	31	0.051127
19	40	0.051126
19	49	0.051125
24	37	0.051125
14	19	0.051125
8	30	0.051123
27	49	0.051123
55	80	0.051123
7	80	0.051121
22	37	0.05112
61	83	0.05112
44	83	0.05112
4	20	0.051119
8	29	0.051119
22	66	0.051119
19	46	0.051118
19	32	0.051117
8	31	0.051117
81	83	0.051116
8	40	0.051116
8	49	0.051115
8	14	0.051115
60	69	0.051113
55	88	0.051113
66	78	0.051113
7	88	0.051111
43	55	0.051111
36	83	0.05111
7	43	0.051109
19	39	0.051108
8	46	0.051107
37	59	0.051107
8	32	0.051106
59	66	0.051105
9	55	0.051105
6	62	0.051105
7	9	0.051103
55	77	0.051103
19	45	0.051103
19	72	0.051102
7	77	0.051101
20	68	0.0511
20	89	0.0511
19	35	0.0511
8	39	0.051096
28	55	0.051093
7	28	0.051091
8	45	0.051091
2	53	0.051091
20	25	0.051091
8	72	0.051091
37	61	0.05109
41	62	0.051089
8	35	0.051088
7	53	0.051088
61	66	0.051087
44	66	0.051087
26	83	0.051087
27	55	0.051086
37	81	0.051085
20	52	0.051084
7	27	0.051084
18	83	0.051084
23	62	0.051079
55	57	0.051078
36	37	0.051078
7	57	0.051076
36	66	0.051076
6	23	0.051074
69	85	0.051073
19	84	0.051071
39	46	0.051068
3	6	0.051067
55	64	0.051066
22	57	0.051066
1	55	0.051066
33	55	0.051065
20	80	0.051064
38	41	0.051064
7	64	0.051064
1	7	0.051063
60	83	0.051063
7	33	0.051063
34	62	0.05106
8	84	0.051057
23	41	0.051056
59	67	0.051056
17	62	0.051056
62	65	0.051053
42	62	0.051052
20	88	0.051051
50	55	0.051051
6	17	0.051051
26	37	0.05105
20	43	0.051049
2	55	0.051049
7	50	0.051048
6	65	0.051048
26	66	0.051048
53	82	0.051047
18	37	0.051047
2	7	0.051046
51	55	0.051046
55	76	0.051045
18	66	0.051044
7	51	0.051044
5	55	0.051043
7	76	0.051042
9	20	0.051041
5	7	0.051041
20	77	0.051038
13	55	0.051037
7	13	0.051034
55	63	0.051032
17	41	0.051031
7	63	0.051029
41	65	0.051029
11	55	0.051028
20	28	0.051026
7	11	0.051025
4	69	0.051025
55	74	0.051025
23	34	0.051023
37	60	0.051023
7	74	0.051022
20	53	0.051021
55	82	0.05102
60	66	0.05102
38	65	0.05102
12	55	0.051019
55	73	0.051019
17	23	0.051018
32	66	0.051018
7	82	0.051018
7	12	0.051017
7	73	0.051016
20	27	0.051016
1	82	0.051016
55	58	0.051015
23	65	0.051015
62	79	0.051015
23	42	0.051014
55	70	0.051013
7	58	0.051013
83	85	0.051012
55	75	0.051011
7	70	0.051011
38	55	0.051008
7	75	0.051008
21	62	0.051008
57	61	0.051006
20	57	0.051006
7	38	0.051005
16	55	0.051004
10	55	0.051003
55	71	0.051002
6	21	0.051002
7	16	0.051001
55	87	0.051001
7	10	0.051
7	71	0.050999
7	87	0.050998
75	76	0.050996
3	55	0.050996
69	89	0.050996
3	7	0.050993
80	83	0.050993
15	55	0.050992
34	65	0.050991
24	62	0.050991
7	15	0.05099
20	64	0.05099
1	20	0.050989
55	86	0.050989
20	33	0.050989
7	86	0.050986
17	65	0.050986
6	24	0.050984
22	62	0.050983
42	65	0.050981
21	41	0.050979
6	22	0.050976
67	83	0.050974
62	78	0.050973
12	73	0.050973
23	79	0.05097
20	50	0.05097
21	72	0.050968
2	20	0.050967
10	59	0.050966
6	78	0.050966
48	55	0.050965
20	51	0.050964
21	23	0.050963
20	76	0.050962
7	48	0.050961
24	41	0.05096
66	85	0.05096
5	20	0.05096
47	55	0.050957
7	47	0.050954
6	59	0.050952
4	83	0.050952
13	20	0.050952
22	41	0.050951
30	55	0.050946
20	63	0.050945
69	80	0.050943
7	30	0.050942
11	20	0.050939
17	79	0.050937
29	55	0.050937
20	74	0.050935
22	23	0.050934
7	29	0.050933
65	79	0.050933
31	55	0.050932
40	55	0.050931
25	66	0.05093
20	82	0.05093
44	62	0.050929
7	31	0.050929
12	20	0.050929
49	55	0.050929
14	55	0.050928
20	73	0.050928
17	21	0.050928
7	40	0.050927
41	59	0.050926
7	49	0.050925
7	14	0.050925
21	65	0.050924
69	88	0.050924
20	58	0.050923
23	78	0.050923
21	42	0.050923
6	61	0.050922
62	81	0.050921
20	70	0.050921
43	69	0.05092
37	67	0.050919
20	75	0.050917
21	85	0.050917
68	83	0.050916
83	89	0.050916
46	55	0.050914
20	38	0.050914
24	34	0.050913
6	81	0.050913
32	55	0.050912
7	46	0.050911
36	62	0.050909
7	32	0.050909
16	20	0.050909
10	20	0.050908
9	69	0.050908
23	59	0.050907
20	71	0.050906
20	87	0.050905
22	34	0.050904
69	77	0.050903
24	65	0.050903
35	62	0.050901
24	42	0.050901
25	83	0.050899
3	20	0.050898
17	22	0.050897
12	75	0.050895
15	20	0.050893
39	55	0.050893
41	61	0.050893
34	78	0.050891
22	42	0.050891
4	66	0.050889
20	86	0.050889
52	83	0.050887
28	69	0.050885
17	78	0.050884
41	81	0.050884
44	85	0.050884
45	55	0.050882
55	72	0.050882
65	78	0.05088
42	78	0.050878
7	45	0.050878
7	72	0.050878
35	55	0.050876
34	59	0.050875
23	61	0.050873
23	44	0.050872
7	35	0.050872
38	80	0.050871
27	69	0.050871
17	59	0.050867
23	81	0.050863
26	62	0.050862
42	59	0.050861
14	69	0.05086
20	48	0.050857
57	69	0.050856
18	62	0.050855
6	26	0.050853
37	68	0.050852
37	89	0.050851
1	85	0.05085
23	36	0.050849
77	89	0.050849
66	68	0.050848
20	47	0.050847
66	89	0.050847
6	18	0.050846
24	79	0.050841
34	61	0.050837
20	30	0.050832
25	37	0.050831
64	69	0.050831
21	24	0.05083
33	69	0.05083
22	79	0.05083
17	61	0.050829
77	81	0.050828
83	88	0.050825
44	65	0.050824
42	61	0.050822
43	83	0.05082
20	29	0.05082
17	81	0.050819
26	41	0.050819
37	52	0.050817
16	69	0.050817
55	84	0.050817
20	31	0.050815
52	66	0.050813
20	40	0.050813
7	84	0.050812
34	36	0.050812
42	81	0.050812
18	41	0.050812
20	49	0.05081
14	20	0.050809
9	83	0.050805
6	60	0.050804
21	78	0.050804
17	36	0.050804
50	69	0.050802
27	42	0.050802
77	83	0.0508
36	65	0.050799
2	69	0.050798
59	79	0.050795
23	26	0.050795
51	69	0.050792
22	24	0.050791
20	46	0.050791
69	76	0.05079
20	32	0.050788
5	69	0.050787
21	59	0.050783
28	83	0.050777
24	78	0.050775
13	69	0.050774
37	80	0.050774
66	80	0.050769
53	83	0.050768
41	60	0.050766
63	69	0.050764
22	78	0.050762
27	83	0.050759
47	59	0.050756
11	69	0.050756
24	59	0.050754
26	34	0.050753
61	79	0.050751
69	74	0.05075
20	45	0.050749
20	72	0.050748
37	88	0.050746
18	34	0.050745
17	26	0.050744
66	88	0.05074
20	35	0.05074
22	59	0.05074
12	69	0.05074
23	60	0.05074
69	73	0.05074
11	59	0.05074
26	65	0.050738
26	42	0.050736
43	66	0.050735
58	69	0.050732
18	65	0.05073
18	42	0.050728
69	75	0.050723
59	78	0.050723
9	37	0.050723
38	69	0.050718
9	66	0.050717
37	77	0.050717
62	85	0.050711
66	77	0.050711
10	69	0.050708
33	83	0.050708
21	36	0.050708
24	61	0.050706
24	44	0.050706
69	71	0.050706
46	66	0.050701
60	70	0.0507
21	33	0.050698
3	69	0.050695
34	60	0.050694
24	81	0.050694
22	61	0.050691
22	44	0.050691
28	37	0.050689
15	69	0.050688
17	60	0.050683
28	66	0.050683
69	86	0.050681
37	53	0.050679
22	81	0.050678
42	60	0.050675
24	36	0.050674
61	78	0.050673
50	83	0.050673
27	37	0.050669
2	83	0.050667
20	84	0.050663
27	66	0.050663
51	83	0.050661
9	62	0.050658
76	83	0.050658
47	77	0.050656
5	83	0.050653
57	88	0.050653
26	79	0.050652
66	86	0.05065
37	57	0.050647
44	59	0.050647
18	79	0.050643
57	66	0.050641
36	78	0.050639
13	83	0.050638
21	26	0.050637
62	67	0.050635
59	81	0.050633
48	69	0.050633
18	21	0.050627
63	83	0.050625
23	85	0.050622
6	67	0.050621
47	69	0.050618
59	80	0.050616
11	83	0.050615
36	59	0.050612
37	64	0.050611
1	37	0.050611
33	37	0.05061
74	83	0.050608
1	66	0.050604
33	66	0.050603
15	59	0.050602
24	26	0.050599
82	83	0.050597
30	69	0.050596
12	83	0.050595
73	83	0.050595
4	62	0.050591
44	61	0.05059
58	83	0.050585
60	79	0.050582
22	26	0.050582
70	83	0.050581
29	69	0.050578
40	66	0.050575
61	81	0.050575
44	81	0.050574
75	83	0.050574
41	67	0.05057
31	69	0.05057
37	50	0.050569
34	85	0.050567
40	69	0.050567
21	60	0.050565
49	69	0.050562
2	37	0.050562
5	44	0.050562
50	66	0.050561
26	78	0.05056
16	83	0.050558
10	83	0.050556
2	66	0.050555
37	51	0.050555
17	85	0.050554
36	61	0.050552
71	83	0.050552
37	76	0.050551
83	87	0.05055
18	78	0.050549
51	66	0.050547
5	37	0.050546
66	76	0.050544
5	66	0.050539
3	83	0.050538
36	81	0.050536
46	69	0.050535
70	74	0.050534
68	82	0.050533
32	69	0.050531
1	10	0.05053
15	83	0.050529
13	37	0.050528
24	60	0.050524
13	66	0.050521
62	68	0.05052
18	59	0.050519
62	89	0.050519
37	63	0.050514
63	66	0.050506
22	60	0.050504
6	68	0.050504
6	89	0.050503
11	37	0.050502
11	66	0.050494
37	74	0.050493
43	59	0.050493
39	69	0.050492
40	63	0.050487
66	74	0.050485
4	23	0.050484
25	62	0.050484
21	28	0.050483
37	82	0.050481
60	78	0.05048
12	37	0.050479
37	73	0.050478
65	89	0.050476
66	82	0.050473
45	69	0.050472
34	67	0.050472
12	66	0.050471
69	72	0.050471
66	73	0.05047
6	25	0.050467
37	58	0.050467
26	61	0.050463
26	44	0.050462
37	70	0.050462
48	83	0.050461
52	62	0.05046
35	69	0.050459
58	66	0.050459
37	75	0.050454
66	70	0.050453
18	61	0.050451
18	44	0.05045
65	67	0.050449
37	38	0.050447
66	75	0.050446
42	67	0.050445
26	81	0.050445
41	68	0.050444
6	52	0.050443
41	89	0.050443
47	83	0.050442
38	66	0.050438
16	37	0.050435
10	37	0.050433
18	81	0.050433
73	77	0.050432
37	71	0.050428
16	66	0.050427
37	87	0.050426
59	86	0.050425
1	71	0.050425
10	66	0.050424
66	71	0.05042
26	36	0.050418
78	84	0.050418
30	83	0.050415
18	36	0.050405
32	65	0.050405
25	41	0.050405
3	66	0.050404
4	17	0.050402
23	68	0.050402
15	37	0.050402
23	89	0.050401
15	66	0.050393
29	83	0.050393
31	83	0.050382
41	52	0.050379
40	83	0.050378
21	57	0.050377
18	35	0.050373
49	83	0.050373
14	83	0.050372
44	60	0.050372
6	80	0.050367
24	85	0.050362
27	62	0.050358
60	81	0.050353
69	84	0.050344
61	87	0.050343
22	85	0.050338
46	83	0.050338
23	52	0.050334
32	83	0.050333
34	89	0.050328
43	62	0.050327
2	61	0.050323
13	39	0.050323
37	48	0.050322
74	89	0.050321
67	79	0.05032
6	88	0.050318
48	66	0.050313
16	89	0.050312
17	89	0.050311
6	43	0.050308
40	65	0.050303
28	88	0.050303
37	47	0.050301
18	26	0.050299
42	68	0.050299
41	80	0.050297
42	89	0.050297
21	67	0.050296
47	66	0.050291
2	31	0.050288
62	77	0.050287
14	16	0.050285
25	34	0.050285
24	87	0.050281
6	9	0.050277
59	85	0.050269
30	37	0.050269
1	59	0.050267
6	77	0.050266
45	83	0.050259
30	66	0.050259
72	83	0.050258
25	65	0.050257
34	52	0.050255
25	42	0.050253
80	81	0.050252
23	80	0.050249
41	88	0.050244
35	83	0.050243
29	37	0.050243
28	62	0.05024
4	39	0.050234
29	66	0.050233
31	37	0.050231
52	65	0.050227
37	40	0.050226
53	62	0.050222
42	52	0.050222
47	60	0.05022
31	66	0.05022
37	49	0.05022
14	37	0.05022
6	28	0.050218
22	29	0.050216
49	66	0.05021
14	66	0.050209
26	60	0.050207
6	53	0.050201
9	41	0.0502
2	15	0.050196
23	88	0.050193
18	60	0.050191
78	88	0.050191
41	77	0.050189
62	73	0.050188
46	81	0.050184
6	27	0.050182
23	43	0.050182
67	78	0.050181
61	85	0.05018
37	46	0.05018
32	37	0.050174
4	88	0.050172
4	24	0.050172
57	62	0.050167
65	82	0.050152
68	79	0.050152
79	89	0.05015
47	61	0.050149
61	84	0.050148
9	23	0.050147
33	68	0.050147
6	57	0.050144
4	22	0.050143
28	41	0.050138
23	77	0.050135
65	80	0.050132
12	39	0.050129
72	77	0.050126
2	24	0.050126
21	68	0.050125
21	70	0.05012
36	85	0.05012
37	39	0.050118
41	53	0.050118
65	88	0.050116
77	84	0.050112
42	57	0.05011
3	35	0.050107
39	66	0.050107
62	64	0.050105
1	62	0.050105
33	62	0.050103
34	88	0.050103
25	79	0.050099
27	41	0.050099
37	45	0.050088
37	72	0.050087
17	88	0.050082
23	28	0.050081
6	64	0.050081
1	6	0.050081
6	33	0.050079
45	66	0.050076
35	59	0.050075
66	72	0.050075
1	21	0.050071
21	25	0.050071
17	43	0.05007
35	37	0.05007
42	88	0.050065
52	79	0.050064
4	59	0.050061
24	68	0.050059
43	65	0.050058
35	66	0.050058
41	57	0.050058
24	89	0.050057
48	49	0.050057
9	34	0.050053
31	58	0.050047
23	27	0.050041
34	77	0.05004
61	67	0.050035
21	52	0.050035
44	67	0.050034
49	59	0.050032
9	17	0.050032
59	88	0.050031
22	68	0.050028
22	89	0.050026
2	62	0.050022
9	65	0.050019
17	77	0.050019
9	42	0.050014
67	81	0.050009
17	30	0.050007
6	50	0.050007
65	77	0.050006
62	76	0.050003
42	77	0.050001
23	57	0.049998
5	62	0.049994
41	64	0.04999
68	78	0.04999
1	41	0.04999
33	41	0.049988
78	89	0.049988
28	34	0.049982
6	51	0.049982
26	85	0.049981
6	76	0.049977
13	74	0.049972
22	25	0.04997
59	63	0.049969
36	67	0.049968
18	85	0.049962
34	53	0.049961
17	28	0.04996
4	61	0.049954
28	65	0.049947
28	42	0.049941
62	63	0.049938
6	13	0.049937
59	89	0.049935
22	52	0.049932
25	78	0.04993
23	64	0.049927
1	23	0.049926
53	65	0.049925
23	33	0.049924
42	53	0.049919
6	63	0.049911
41	50	0.04991
16	62	0.049907
62	74	0.049903
37	84	0.049903
27	65	0.049902
2	41	0.049899
71	88	0.049897
67	86	0.049893
52	78	0.04989
6	11	0.04989
66	84	0.049889
79	88	0.049885
41	51	0.049884
62	82	0.049882
41	76	0.049878
2	23	0.049878
6	74	0.049875
25	59	0.049875
43	79	0.049871
5	41	0.049869
17	57	0.049868
6	39	0.049867
48	62	0.049861
58	62	0.049858
57	65	0.049854
6	82	0.049854
21	88	0.049852
6	12	0.04985
6	73	0.049848
24	80	0.049848
13	59	0.049846
23	50	0.049843
60	85	0.04984
21	43	0.049837
62	75	0.049836
13	41	0.049835
6	58	0.049829
9	79	0.049826
38	62	0.049823
61	68	0.04982
6	70	0.04982
44	68	0.049819
61	89	0.049818
44	89	0.049816
23	51	0.049816
34	64	0.049816
33	34	0.049813
22	80	0.049812
26	67	0.049811
77	79	0.049811
23	76	0.049809
41	63	0.049808
6	75	0.049807
6	38	0.049794
62	71	0.049792
9	21	0.049792
17	64	0.049791
1	17	0.04979
62	87	0.049788
17	33	0.049788
81	89	0.049786
11	41	0.049785
31	39	0.049783
59	74	0.049777
64	65	0.049776
6	16	0.049773
33	65	0.049773
24	88	0.049771
41	74	0.049769
6	10	0.049769
1	42	0.049769
78	80	0.049767
33	42	0.049767
3	62	0.049765
13	23	0.049765
6	71	0.049762
6	87	0.049758
24	43	0.049756
25	61	0.049753
25	44	0.049751
15	62	0.049747
41	82	0.049746
28	79	0.049743
12	41	0.049742
36	68	0.049742
3	41	0.049741
41	73	0.04974
36	89	0.049739
23	63	0.049736
44	64	0.049733
22	88	0.049733
62	86	0.049731
29	60	0.049726
34	50	0.049725
25	81	0.04972
41	58	0.04972
22	43	0.049718
53	79	0.049717
6	15	0.049716
4	26	0.049715
11	23	0.049713
2	34	0.049712
41	70	0.04971
52	61	0.049708
9	24	0.049708
44	52	0.049707
29	57	0.049702
6	86	0.049699
17	50	0.049699
23	74	0.049696
41	75	0.049696
4	18	0.049692
24	77	0.049692
27	79	0.049692
30	45	0.049691
34	76	0.049689
23	29	0.049687
50	65	0.049683
28	35	0.049683
21	53	0.04968
5	34	0.049678
42	50	0.049676
52	81	0.049675
23	82	0.049672
25	36	0.049671
2	65	0.04967
9	22	0.049668
12	23	0.049667
23	73	0.049665
17	76	0.049662
16	41	0.04966
10	41	0.049655
9	39	0.049654
21	27	0.049654
51	65	0.049653
60	67	0.049653
22	77	0.049652
5	17	0.049651
41	71	0.049647
65	76	0.049646
27	80	0.049645
23	58	0.049644
41	87	0.049644
13	34	0.049641
42	76	0.049639
5	65	0.049635
23	70	0.049633
5	42	0.049628
35	71	0.049625
36	52	0.049624
22	33	0.04962
23	75	0.049619
24	28	0.049618
13	17	0.049613
34	63	0.049609
23	38	0.049604
15	41	0.049598
22	40	0.049598
13	65	0.049596
13	42	0.049589
11	34	0.049584
16	23	0.049581
17	63	0.049581
41	86	0.04958
21	39	0.049577
6	48	0.049577
22	28	0.049577
10	23	0.049576
5	26	0.049574
47	62	0.049574
71	75	0.049573
28	89	0.04957
61	80	0.049569
23	71	0.049568
34	87	0.049567
34	74	0.049566
63	65	0.049564
77	86	0.049563
24	27	0.049563
26	68	0.049558
42	63	0.049557
11	17	0.049555
26	89	0.049555
9	59	0.049552
35	79	0.049552
32	62	0.049549
22	53	0.049548
64	79	0.049547
4	60	0.049547
1	79	0.049546
33	79	0.049544
34	82	0.04954
6	47	0.04954
11	65	0.049538
17	74	0.049537
12	34	0.049535
14	73	0.049535
59	77	0.049535
34	73	0.049534
11	42	0.049531
28	78	0.049525
65	74	0.04952
10	11	0.049518
15	23	0.049517
42	74	0.049512
17	82	0.049511
34	58	0.04951
21	64	0.049506
12	17	0.049505
17	73	0.049504
24	57	0.049504
34	70	0.049499
53	78	0.049496
12	65	0.049488
65	73	0.049486
42	82	0.049485
6	30	0.049484
34	75	0.049483
17	58	0.04948
12	42	0.04948
42	73	0.049478
36	80	0.049478
44	88	0.049476
29	62	0.049475
21	50	0.049468
34	38	0.049467
27	78	0.049466
58	65	0.049463
27	60	0.04946
60	80	0.049455
42	58	0.049455
18	25	0.049453
17	75	0.049452
65	70	0.049451
41	48	0.049449
14	60	0.049449
40	62	0.049447
42	70	0.049443
16	34	0.049443
45	48	0.049441
50	79	0.049441
81	88	0.04944
6	29	0.049439
10	34	0.049438
11	48	0.049437
17	38	0.049436
49	62	0.049436
14	62	0.049435
34	71	0.049428
42	75	0.049426
2	79	0.049425
53	59	0.049424
43	81	0.049422
73	85	0.049419
6	31	0.049417
16	17	0.049411
38	42	0.04941
6	40	0.04941
41	47	0.049409
24	64	0.049407
10	17	0.049406
1	24	0.049406
51	79	0.049406
24	33	0.049403
9	61	0.049403
9	44	0.049401
18	52	0.0494
6	49	0.049399
6	14	0.049398
76	79	0.049398
17	71	0.049397
3	34	0.049395
27	59	0.049394
16	65	0.049393
10	65	0.049388
5	79	0.049385
16	42	0.049385
44	77	0.049382
36	88	0.049382
2	21	0.049381
10	42	0.04938
65	71	0.049378
65	87	0.049374
60	68	0.049374
15	34	0.049373
60	89	0.049371
42	71	0.04937
46	62	0.049367
3	17	0.049363
9	81	0.049363
36	43	0.049363
21	51	0.049362
23	48	0.049361
22	64	0.04936
1	22	0.049359
21	76	0.049353
34	86	0.049353
60	71	0.04935
30	41	0.049349
3	65	0.049344
13	79	0.049341
5	21	0.049341
3	21	0.049337
3	42	0.049336
6	46	0.049328
32	35	0.049324
15	65	0.049321
17	86	0.04932
23	47	0.049319
6	32	0.049319
67	85	0.049314
15	42	0.049313
63	79	0.049304
9	36	0.049303
64	78	0.049302
29	41	0.049301
1	78	0.049301
65	86	0.049301
28	61	0.049296
13	21	0.049295
28	44	0.049295
42	86	0.049292
24	50	0.049292
59	70	0.049291
25	60	0.049286
36	77	0.049283
43	72	0.04928
74	77	0.049279
31	41	0.049278
24	45	0.049278
11	79	0.049275
40	41	0.04927
26	80	0.049264
53	61	0.049264
39	62	0.049262
44	53	0.049262
21	84	0.049259
41	49	0.049258
14	41	0.049257
23	30	0.049256
28	81	0.049255
24	51	0.049255
74	79	0.049253
22	30	0.049247
24	76	0.049246
22	50	0.049243
18	80	0.049235
27	61	0.049231
52	60	0.049229
2	22	0.049225
1	63	0.049223
79	82	0.049223
53	81	0.049221
33	59	0.049219
12	79	0.049217
73	79	0.049215
45	62	0.04921
62	72	0.049208
21	74	0.049206
34	48	0.049205
22	51	0.049204
21	48	0.049204
22	76	0.049195
28	36	0.049191
58	79	0.049188
27	81	0.049188
31	63	0.049187
13	24	0.049184
41	46	0.049183
5	22	0.049181
23	31	0.049181
50	78	0.049181
21	82	0.049175
70	79	0.049174
23	40	0.049173
32	41	0.049172
17	48	0.04917
6	45	0.049169
12	21	0.049168
21	73	0.049166
6	72	0.049166
2	78	0.049163
21	29	0.049161
23	49	0.049161
14	23	0.04916
34	47	0.04916
44	57	0.049159
36	53	0.049157
75	79	0.049155
48	65	0.049149
24	63	0.049145
51	78	0.049142
42	48	0.04914
6	35	0.049138
38	79	0.049137
26	43	0.049136
14	21	0.049134
40	88	0.049134
13	22	0.049132
76	78	0.049132
18	88	0.049127
17	47	0.049124
33	88	0.049119
57	81	0.049116
11	24	0.049113
16	79	0.049108
18	43	0.049106
21	75	0.049106
85	88	0.049103
47	65	0.049102
10	79	0.049102
12	59	0.0491
28	73	0.049097
50	59	0.049097
42	47	0.049093
22	63	0.049092
30	34	0.049092
71	79	0.049091
24	74	0.04909
79	87	0.049086
23	46	0.049082
36	64	0.049079
2	59	0.049079
3	85	0.049079
23	32	0.049071
9	26	0.049069
49	65	0.049069
39	41	0.049069
13	78	0.049068
50	70	0.049066
11	22	0.049059
51	59	0.049056
3	79	0.049052
10	21	0.049051
12	24	0.049051
24	73	0.049049
36	57	0.049048
26	77	0.049047
1	44	0.049043
33	61	0.049041
2	40	0.049038
29	34	0.049038
9	18	0.049038
22	74	0.049036
21	87	0.049035
30	65	0.049033
5	59	0.049032
63	78	0.049026
15	79	0.049026
30	42	0.049023
24	58	0.04902
1	60	0.049015
18	77	0.049015
41	45	0.049012
31	34	0.049011
41	72	0.049009
24	70	0.049005
68	80	0.049002
79	86	0.049002
22	82	0.049002
17	29	0.049
64	81	0.048999
1	81	0.048998
32	39	0.048996
33	81	0.048995
11	78	0.048993
34	49	0.048989
14	34	0.048988
24	75	0.048985
15	21	0.048983
68	85	0.04898
35	41	0.048978
85	89	0.048976
17	31	0.048973
74	78	0.048968
28	31	0.048968
29	42	0.048968
24	38	0.048965
17	40	0.048964
22	58	0.048963
23	39	0.048962
31	65	0.04895
17	49	0.04895
14	17	0.048949
22	70	0.048948
31	42	0.04894
50	72	0.04894
2	43	0.048938
78	82	0.048934
16	24	0.048934
40	42	0.048931
22	75	0.048928
10	24	0.048927
12	78	0.048927
14	65	0.048927
1	36	0.048926
73	78	0.048925
33	36	0.048923
4	67	0.048919
42	49	0.048918
14	42	0.048916
24	71	0.048916
50	61	0.04891
43	60	0.048908
4	70	0.048908
44	50	0.048908
22	38	0.048907
34	46	0.048904
23	45	0.048903
23	72	0.0489
62	84	0.048895
58	78	0.048894
32	34	0.048892
70	78	0.048878
16	22	0.048875
25	85	0.048875
10	22	0.048869
23	35	0.048868
26	27	0.048868
3	59	0.048866
13	61	0.048866
16	64	0.048866
51	61	0.048865
17	46	0.048864
50	81	0.04886
75	78	0.048857
22	71	0.048857
61	76	0.048855
44	76	0.048853
17	32	0.048852
22	87	0.048852
6	84	0.048847
15	24	0.048845
61	63	0.048841
59	82	0.04884
46	65	0.04884
2	81	0.04884
30	74	0.048839
5	61	0.048839
9	60	0.048834
18	27	0.048833
42	46	0.04883
48	79	0.048828
32	42	0.048818
51	81	0.048815
3	22	0.048814
60	77	0.048809
1	47	0.048809
52	85	0.048806
76	81	0.048804
10	36	0.048804
16	78	0.048803
58	59	0.048799
10	78	0.048797
26	73	0.048793
11	18	0.048793
5	81	0.048788
26	57	0.048786
15	22	0.048785
36	50	0.048785
71	78	0.048784
13	44	0.04878
78	87	0.048779
47	79	0.048775
34	39	0.048775
2	36	0.048764
59	75	0.048761
22	86	0.048759
2	67	0.048754
18	57	0.04875
18	45	0.048741
3	78	0.04874
38	59	0.048739
36	51	0.048738
21	31	0.048734
44	63	0.048733
17	39	0.048733
13	81	0.04873
4	38	0.048729
21	47	0.048717
34	45	0.048711
15	78	0.04871
34	72	0.048708
16	59	0.048705
11	61	0.048698
39	42	0.048697
28	60	0.048697
11	44	0.048696
30	79	0.048696
59	71	0.048685
78	86	0.048684
63	81	0.048682
26	50	0.048682
59	87	0.04868
61	74	0.04867
44	74	0.048668
17	45	0.048668
41	84	0.048667
17	72	0.048665
53	60	0.048655
26	64	0.048651
13	36	0.048651
1	26	0.04865
26	33	0.048646
11	81	0.048644
47	85	0.048643
45	65	0.048643
65	72	0.048639
24	48	0.048633
29	79	0.048632
61	82	0.048632
42	45	0.048631
17	35	0.04863
44	82	0.04863
42	72	0.048628
12	61	0.048624
12	44	0.048622
61	73	0.048621
44	73	0.048619
74	81	0.048616
18	64	0.048614
1	18	0.048613
3	81	0.048612
18	33	0.048609
12	88	0.048606
36	63	0.048601
31	79	0.048601
3	75	0.048601
80	85	0.048591
40	79	0.048591
44	58	0.048585
81	82	0.048576
24	47	0.048575
49	79	0.048575
14	79	0.048574
61	70	0.048569
12	81	0.048568
44	70	0.048567
73	81	0.048566
11	36	0.048562
61	75	0.048545
44	75	0.048543
36	74	0.048533
58	81	0.048531
38	61	0.048522
57	60	0.048522
38	44	0.04852
4	68	0.04852
4	89	0.048515
70	81	0.048513
21	49	0.048512
22	47	0.048509
72	80	0.048506
12	60	0.048497
36	82	0.048492
24	30	0.04849
75	81	0.048489
48	78	0.048486
16	61	0.048485
12	36	0.048484
16	44	0.048483
36	73	0.048482
29	59	0.04848
10	61	0.048477
10	44	0.048475
46	79	0.048475
2	26	0.048469
38	81	0.048465
61	71	0.048464
44	71	0.048462
32	79	0.048461
24	84	0.048454
18	50	0.048453
36	58	0.048445
10	27	0.048441
26	51	0.04844
43	52	0.04844
2	18	0.048429
26	76	0.048428
36	70	0.048427
16	81	0.048427
47	78	0.048426
43	85	0.048422
24	29	0.048421
3	61	0.048414
3	44	0.048412
21	46	0.04841
3	9	0.048406
71	81	0.048405
36	75	0.048402
18	51	0.0484
81	87	0.048399
4	25	0.048395
14	70	0.048389
24	31	0.048388
18	76	0.048388
15	61	0.048381
15	44	0.048378
36	38	0.048377
24	40	0.048377
48	59	0.048376
5	18	0.048369
33	60	0.048368
63	68	0.048365
24	49	0.04836
14	24	0.048359
61	86	0.04835
44	86	0.048348
13	26	0.048343
30	77	0.048343
16	36	0.048339
30	78	0.048336
9	85	0.048334
39	79	0.048324
34	84	0.048323
15	81	0.04832
22	31	0.048317
36	71	0.048316
4	52	0.048313
36	87	0.04831
40	59	0.048307
77	85	0.048304
13	18	0.048301
28	46	0.048296
81	86	0.04829
26	63	0.048288
14	22	0.048287
38	53	0.048284
17	84	0.048273
31	57	0.048272
3	36	0.048264
29	78	0.048264
52	86	0.048255
24	46	0.048252
45	79	0.048249
67	80	0.048249
4	27	0.048248
18	63	0.048246
72	79	0.048245
11	26	0.048245
65	84	0.048244
68	89	0.048244
24	32	0.048237
42	84	0.048231
15	36	0.048229
31	78	0.048229
10	84	0.048224
30	59	0.04822
12	68	0.048216
15	57	0.048215
26	74	0.048213
70	71	0.048205
32	59	0.048205
49	78	0.048199
14	78	0.048198
36	86	0.048197
21	45	0.048179
22	46	0.048178
2	60	0.048173
1	73	0.04817
28	85	0.048169
18	74	0.048169
26	82	0.048167
22	32	0.048163
27	74	0.048161
3	27	0.04816
12	26	0.048158
13	28	0.048154
43	64	0.048142
48	61	0.048129
60	76	0.048128
44	48	0.048126
18	82	0.048123
53	85	0.048119
33	80	0.048117
26	58	0.048115
12	18	0.048114
25	68	0.048112
18	73	0.048111
31	59	0.048109
5	60	0.048107
25	89	0.048107
30	50	0.0481
26	70	0.048095
67	88	0.048091
24	39	0.04809
29	87	0.048088
46	78	0.048086
32	71	0.048086
64	77	0.048084
33	48	0.048079
32	78	0.04807
18	58	0.04807
82	89	0.04807
27	85	0.048068
26	75	0.048067
48	81	0.048064
43	67	0.04806
44	47	0.048059
4	80	0.048056
40	57	0.048051
18	70	0.04805
12	57	0.048045
26	38	0.048039
10	60	0.048037
32	88	0.048034
52	68	0.048022
18	75	0.048021
52	89	0.048017
40	70	0.048006
24	72	0.048005
10	75	0.048002
46	58	0.048
16	26	0.047996
47	81	0.047995
18	38	0.047994
10	26	0.047987
26	71	0.047971
36	48	0.047965
24	35	0.047962
9	67	0.047961
12	77	0.047961
46	59	0.04796
57	85	0.04796
30	44	0.047958
30	70	0.047955
16	18	0.04795
10	18	0.047941
22	45	0.047929
33	57	0.047928
67	77	0.047927
11	60	0.047926
22	72	0.047925
18	71	0.047925
30	89	0.047923
18	87	0.047917
39	78	0.047915
3	26	0.047913
44	46	0.047908
82	88	0.047904
36	47	0.047894
30	81	0.047892
59	72	0.047883
22	35	0.047881
29	61	0.047879
45	59	0.047879
29	44	0.047877
15	26	0.047874
3	18	0.047866
43	74	0.04786
4	43	0.047856
46	60	0.047855
60	82	0.047841
32	85	0.04784
26	86	0.047839
30	52	0.047838
31	44	0.047837
57	89	0.04783
15	18	0.047826
72	78	0.047826
40	44	0.047824
29	81	0.047809
49	61	0.047807
14	61	0.047805
44	49	0.047804
14	44	0.047802
79	84	0.047794
18	86	0.047791
30	36	0.047787
64	85	0.047783
39	59	0.047783
35	78	0.04778
28	67	0.047777
33	85	0.047777
9	52	0.047773
28	40	0.047771
31	81	0.047769
15	25	0.047763
13	68	0.047761
40	81	0.047755
57	82	0.047735
49	81	0.047735
14	81	0.047734
60	75	0.04773
64	71	0.047729
4	77	0.047715
50	71	0.047709
29	36	0.047702
38	60	0.0477
11	70	0.047698
15	80	0.047682
46	61	0.04768
27	67	0.047663
32	61	0.047662
31	36	0.047661
64	88	0.047661
33	64	0.04766
32	44	0.047659
16	60	0.047653
36	40	0.047647
47	88	0.047644
29	89	0.047632
36	49	0.047626
14	36	0.047625
74	76	0.047618
60	87	0.047617
87	89	0.047596
64	76	0.04759
25	80	0.047584
26	48	0.047581
50	85	0.047574
3	60	0.047562
4	28	0.047555
2	85	0.047544
57	67	0.047542
84	87	0.047539
18	48	0.047529
82	85	0.047527
43	68	0.047522
11	16	0.047509
51	85	0.047506
28	33	0.047503
26	47	0.047502
51	76	0.047498
4	53	0.047495
63	80	0.047492
76	85	0.04749
16	85	0.047489
39	61	0.047488
39	44	0.047485
60	86	0.04748
52	80	0.047479
71	80	0.047475
10	86	0.047465
5	85	0.047465
3	77	0.047449
18	47	0.047449
9	28	0.047408
9	68	0.047408
49	51	0.047402
1	5	0.047399
27	47	0.047393
45	61	0.047393
44	45	0.04739
44	72	0.047385
9	30	0.047385
26	30	0.047384
9	48	0.047365
9	80	0.047357
25	43	0.047355
64	67	0.047344
1	67	0.047342
11	13	0.047341
9	49	0.047339
33	86	0.047338
35	61	0.047337
33	67	0.047337
1	48	0.047336
18	30	0.047329
45	81	0.047313
72	81	0.047308
63	85	0.047306
4	57	0.047306
26	29	0.04729
11	85	0.047249
26	31	0.047244
9	25	0.047235
18	29	0.047234
26	40	0.047228
74	85	0.047207
26	49	0.047205
48	52	0.047203
14	26	0.047203
25	77	0.047195
36	45	0.047192
18	31	0.047187
36	72	0.047187
40	60	0.047185
64	86	0.047173
18	40	0.047171
43	82	0.047158
33	89	0.047149
18	49	0.047148
14	18	0.047146
49	57	0.047146
4	40	0.047143
12	85	0.047136
35	36	0.047133
53	68	0.047129
4	33	0.047129
53	89	0.047122
50	67	0.04711
4	64	0.047097
9	15	0.047092
68	71	0.047085
52	77	0.04708
58	85	0.047079
27	68	0.047063
26	46	0.047057
27	89	0.047056
70	85	0.047052
30	57	0.047049
28	32	0.047047
26	32	0.047037
51	67	0.047034
14	49	0.047033
75	85	0.047016
67	76	0.047016
25	28	0.047013
18	46	0.046998
38	85	0.04698
18	32	0.046978
80	88	0.046942
10	85	0.046912
28	52	0.046893
13	67	0.046891
71	85	0.046891
85	87	0.046881
25	27	0.046876
52	75	0.046873
4	50	0.046849
48	73	0.046846
26	39	0.046834
25	30	0.046824
28	87	0.04682
27	33	0.046818
2	4	0.046813
44	84	0.046813
63	67	0.046811
76	88	0.046784
50	80	0.046783
10	16	0.046774
18	39	0.046772
4	51	0.046768
12	29	0.046764
15	85	0.046764
27	52	0.046753
4	76	0.046749
48	64	0.046748
25	57	0.04673
15	75	0.046725
26	45	0.046723
77	80	0.046723
4	5	0.04672
26	72	0.046718
85	86	0.046718
1	38	0.046704
67	74	0.046699
64	68	0.046694
1	68	0.046691
64	89	0.046686
43	88	0.046676
1	64	0.046673
4	32	0.046668
26	35	0.046658
18	72	0.046655
47	58	0.046641
67	82	0.046633
4	82	0.046632
12	67	0.04662
4	13	0.046617
67	73	0.046616
52	57	0.046603
32	60	0.046599
2	52	0.046591
2	10	0.04658
58	67	0.046556
40	86	0.046548
14	68	0.046543
9	88	0.046537
4	63	0.046532
10	30	0.04653
67	70	0.046526
28	80	0.046521
1	32	0.046492
9	43	0.046492
25	64	0.046491
77	88	0.04649
1	25	0.046489
32	40	0.046488
67	75	0.046486
11	51	0.046485
43	63	0.046484
25	33	0.046483
4	11	0.046463
47	68	0.046453
38	67	0.046446
53	80	0.046445
43	77	0.046444
29	38	0.046428
13	77	0.046427
50	89	0.046415
4	74	0.046414
11	74	0.046392
16	67	0.046382
48	85	0.04638
39	60	0.046376
10	67	0.046369
14	29	0.046363
52	64	0.046358
1	52	0.046356
33	52	0.046349
67	71	0.046346
51	68	0.046335
4	12	0.046329
4	73	0.046325
75	88	0.046317
68	76	0.046314
57	71	0.046292
5	68	0.046283
5	89	0.046275
4	58	0.046262
3	67	0.046261
45	60	0.046255
60	72	0.046249
28	43	0.046231
5	35	0.046225
49	80	0.046223
5	16	0.046219
4	35	0.046219
25	50	0.04621
57	80	0.046207
15	67	0.046204
2	38	0.046204
53	88	0.046199
35	73	0.04619
4	75	0.046188
25	86	0.046183
35	60	0.046183
1	76	0.04617
30	76	0.046165
13	89	0.046162
47	50	0.046158
15	29	0.046151
63	75	0.046142
63	88	0.04614
1	80	0.046134
30	85	0.046123
1	75	0.046121
25	51	0.046118
9	73	0.046103
10	57	0.046102
25	76	0.046096
43	71	0.046087
28	71	0.046086
4	16	0.046078
63	89	0.046069
50	52	0.046069
4	10	0.046065
30	53	0.046058
12	27	0.046057
26	84	0.046053
1	15	0.046043
11	88	0.046042
4	71	0.04604
4	87	0.046029
28	77	0.046028
9	71	0.046014
29	85	0.046
9	53	0.045996
13	80	0.045987
51	52	0.045975
51	75	0.045973
52	76	0.045952
13	25	0.045946
53	77	0.045945
64	80	0.045943
31	85	0.045941
13	33	0.04594
40	85	0.04592
43	48	0.045915
9	27	0.045914
14	63	0.045901
43	57	0.045899
30	43	0.045892
49	85	0.04589
4	15	0.04589
14	85	0.045888
27	77	0.045861
25	63	0.04585
12	89	0.045848
3	80	0.045844
73	89	0.045844
4	86	0.045835
46	68	0.045813
64	82	0.045812
30	68	0.045806
13	52	0.045799
58	68	0.045784
48	67	0.045776
58	89	0.045775
11	25	0.045772
15	89	0.045769
14	46	0.045753
68	70	0.04575
10	15	0.045746
9	57	0.045738
70	87	0.045726
25	74	0.045716
4	47	0.045713
28	53	0.045711
68	75	0.045703
39	85	0.045701
52	63	0.045699
46	85	0.045698
75	89	0.045694
30	51	0.045688
57	77	0.045683
4	29	0.045674
29	88	0.04567
50	86	0.045667
47	67	0.045661
16	84	0.045647
14	75	0.045638
35	67	0.045633
27	28	0.045624
12	25	0.04562
11	52	0.04562
28	76	0.04562
1	43	0.045617
25	73	0.045615
33	43	0.045609
2	73	0.045605
32	68	0.045595
64	87	0.045591
2	80	0.045586
16	68	0.045584
10	68	0.045569
35	76	0.045567
52	74	0.045563
25	58	0.045544
3	89	0.045543
11	35	0.045539
27	53	0.045534
76	77	0.045534
60	84	0.045528
25	70	0.045508
76	80	0.045506
14	40	0.045505
32	89	0.045497
30	67	0.045489
50	58	0.045484
52	82	0.045481
1	13	0.04547
5	80	0.045469
12	52	0.045464
25	75	0.04546
52	73	0.045459
32	67	0.045452
9	64	0.045451
1	9	0.045448
3	68	0.045444
13	63	0.045439
28	57	0.045439
4	48	0.045437
15	64	0.045403
9	84	0.045392
52	58	0.045386
10	88	0.045385
32	82	0.045377
29	67	0.045353
52	70	0.04535
53	57	0.045347
16	25	0.045336
29	75	0.045323
10	25	0.04532
68	86	0.045319
57	75	0.045316
28	58	0.045313
13	27	0.045312
86	89	0.04531
25	71	0.045292
43	50	0.04529
31	67	0.045286
45	85	0.045264
40	67	0.045263
72	85	0.045257
27	57	0.045254
38	52	0.04525
39	50	0.045247
1	16	0.045238
46	82	0.045232
49	67	0.04523
14	67	0.045227
14	88	0.045212
31	89	0.045203
5	58	0.0452
3	25	0.045191
2	49	0.045187
16	52	0.045172
43	76	0.045158
10	52	0.045156
45	52	0.04515
48	74	0.045144
12	14	0.045141
74	88	0.04514
28	64	0.045137
1	28	0.045134
4	30	0.045134
52	71	0.045128
9	50	0.045112
13	88	0.045104
2	57	0.045101
11	14	0.045101
74	80	0.045085
15	28	0.045085
1	46	0.045069
2	9	0.045063
50	77	0.045052
53	64	0.045041
1	53	0.045038
31	88	0.045038
10	73	0.045034
33	53	0.04503
12	47	0.045029
4	46	0.045015
46	67	0.045015
73	88	0.04501
38	84	0.045004
2	77	0.045002
9	51	0.045002
13	43	0.044983
47	63	0.044981
73	80	0.044974
31	48	0.044955
15	52	0.044953
9	35	0.04495
27	64	0.044944
10	50	0.044944
1	27	0.044941
51	77	0.044941
5	9	0.044936
68	72	0.044925
3	64	0.044925
4	31	0.044919
57	84	0.044914
58	80	0.044895
48	68	0.044885
5	77	0.044875
63	71	0.04487
27	71	0.044866
48	57	0.044865
4	49	0.04486
4	14	0.044857
49	68	0.044826
28	70	0.044821
9	13	0.044796
1	11	0.044792
11	32	0.04477
70	88	0.04475
84	85	0.044746
1	57	0.044736
49	89	0.044734
2	28	0.04473
53	71	0.044726
5	57	0.044723
33	47	0.044718
45	51	0.044713
49	77	0.04471
46	89	0.044696
39	67	0.044692
10	47	0.044681
50	53	0.04468
9	63	0.04468
33	63	0.044677
28	51	0.044666
16	80	0.044665
25	45	0.044653
10	80	0.044648
49	73	0.044626
46	50	0.044618
25	48	0.044609
80	87	0.044603
12	43	0.044602
5	28	0.044597
43	73	0.044597
49	71	0.044594
9	11	0.044587
13	58	0.044586
46	77	0.044582
27	50	0.044579
58	88	0.044576
51	53	0.044563
50	76	0.044545
9	29	0.044544
53	76	0.044535
2	27	0.044525
67	72	0.044525
11	77	0.044523
9	74	0.04452
43	58	0.044514
31	76	0.044513
16	88	0.044504
63	73	0.044504
4	72	0.044489
25	47	0.044472
43	70	0.044472
27	76	0.044431
9	82	0.044424
38	88	0.044423
1	33	0.044389
5	27	0.044389
28	39	0.044378
3	82	0.044378
33	70	0.044364
50	57	0.044362
80	86	0.044361
39	43	0.04436
77	82	0.044358
11	49	0.044355
2	75	0.044347
13	53	0.044344
2	45	0.044342
28	63	0.044329
38	76	0.044328
40	68	0.044316
9	58	0.044314
13	29	0.044291
47	52	0.044287
1	70	0.044283
9	70	0.044271
16	43	0.044271
10	43	0.044252
16	77	0.044247
12	38	0.044242
51	57	0.044239
51	72	0.044239
11	28	0.044231
15	76	0.044221
53	63	0.04422
9	75	0.044213
57	76	0.044211
16	28	0.044209
9	72	0.044207
70	77	0.044204
1	12	0.044199
3	88	0.044168
28	74	0.044161
9	38	0.044155
75	77	0.044145
4	45	0.044123
31	45	0.044123
11	53	0.044122
50	74	0.044116
27	63	0.044112
2	51	0.044107
25	29	0.044104
11	73	0.0441
27	82	0.044098
33	71	0.044096
38	77	0.044087
48	77	0.044071
70	75	0.044067
27	75	0.044062
28	82	0.04406
16	57	0.044052
46	71	0.044051
53	74	0.04405
35	70	0.044044
12	28	0.04404
25	31	0.044025
48	53	0.044024
15	43	0.044022
86	88	0.044018
11	27	0.044012
13	57	0.044011
50	64	0.04401
1	50	0.044007
9	87	0.043997
25	40	0.043997
16	58	0.043989
29	58	0.043986
29	77	0.043985
10	77	0.043976
12	31	0.043967
10	33	0.043958
25	49	0.043958
14	25	0.043954
1	2	0.043949
71	77	0.043943
30	75	0.043942
48	70	0.043942
2	33	0.043939
12	53	0.043928
77	87	0.043927
53	73	0.043922
50	75	0.043913
29	52	0.043909
32	77	0.043902
51	64	0.043882
1	51	0.043878
2	13	0.043873
5	64	0.043866
51	74	0.043864
48	80	0.043864
28	75	0.043838
33	76	0.043838
53	58	0.043831
31	52	0.043828
32	74	0.043823
2	12	0.043801
40	52	0.0438
12	76	0.043798
5	33	0.043792
49	63	0.043789
53	70	0.043786
11	57	0.043779
28	38	0.043778
12	32	0.043764
49	52	0.04376
14	52	0.043756
15	77	0.043738
53	75	0.043723
49	58	0.043723
27	58	0.043717
10	53	0.043709
48	58	0.043705
32	49	0.043704
25	46	0.043702
14	80	0.0437
15	70	0.043691
57	87	0.043675
27	70	0.043671
25	32	0.043666
10	28	0.043664
13	64	0.043642
47	57	0.043609
27	35	0.043606
35	49	0.043576
57	73	0.04357
16	53	0.043566
16	50	0.043562
11	76	0.04355
27	38	0.043546
51	73	0.043545
16	74	0.043536
2	50	0.043535
3	28	0.043501
5	30	0.0435
32	43	0.043498
48	88	0.043498
46	52	0.043497
30	80	0.043487
32	52	0.043461
45	68	0.043459
16	27	0.043448
52	84	0.043444
5	12	0.043433
57	70	0.043428
14	77	0.043425
49	64	0.043415
11	64	0.0434
30	64	0.04339
5	10	0.043389
11	33	0.043386
2	29	0.043381
5	50	0.04338
58	73	0.043377
27	87	0.043376
13	16	0.043367
2	76	0.043367
58	71	0.043356
35	68	0.043351
35	89	0.043339
28	86	0.043338
64	74	0.043322
28	30	0.043322
1	74	0.043318
2	5	0.043318
25	39	0.043317
31	40	0.04331
33	74	0.043308
11	47	0.043301
38	57	0.043299
30	82	0.043296
43	47	0.043266
14	32	0.043263
33	72	0.043252
5	51	0.043242
47	48	0.043232
45	80	0.04322
16	46	0.043216
5	76	0.043209
13	50	0.043208
30	31	0.043201
33	82	0.043196
64	73	0.043182
12	33	0.043174
33	73	0.043167
30	88	0.043126
25	72	0.043118
4	84	0.043106
39	52	0.043104
35	88	0.043097
12	63	0.043095
1	58	0.043079
33	58	0.043068
50	63	0.043067
11	15	0.04305
13	76	0.043034
9	47	0.043034
25	35	0.043015
3	57	0.043007
2	63	0.043003
75	82	0.042987
5	13	0.042983
64	75	0.042965
47	76	0.04296
30	39	0.04296
11	50	0.042954
11	30	0.042953
33	75	0.042951
12	50	0.042949
10	82	0.042924
51	63	0.042923
52	72	0.042899
38	64	0.042898
39	72	0.042897
63	76	0.04289
33	38	0.042884
46	80	0.042865
50	87	0.042843
49	86	0.042842
48	63	0.042842
29	43	0.042839
5	63	0.042838
57	86	0.042834
32	80	0.042826
63	86	0.04281
2	74	0.042806
73	87	0.042802
35	52	0.042795
28	48	0.042774
31	32	0.042773
10	64	0.042772
15	82	0.042769
2	47	0.042766
14	45	0.042766
2	70	0.042763
50	82	0.042755
72	73	0.042754
29	86	0.042753
49	88	0.042748
31	43	0.042748
5	11	0.042722
29	50	0.042716
33	87	0.0427
2	82	0.042688
48	72	0.042685
11	87	0.042684
40	71	0.042679
43	49	0.04267
2	30	0.042666
14	43	0.042666
5	74	0.042638
40	76	0.042624
15	74	0.042617
16	63	0.04261
51	82	0.042606
27	30	0.042596
76	87	0.042593
11	82	0.042591
12	51	0.042583
73	74	0.042579
76	82	0.042572
47	74	0.042571
58	70	0.042568
2	58	0.042553
73	76	0.042541
2	16	0.042534
27	48	0.042515
15	50	0.042512
15	58	0.042504
9	31	0.042501
5	73	0.042487
48	76	0.042486
15	33	0.042482
31	75	0.042475
47	53	0.042471
51	58	0.04247
9	40	0.042469
64	84	0.042442
58	76	0.042435
71	76	0.042431
32	50	0.042429
38	50	0.042427
13	70	0.042424
31	77	0.042419
51	70	0.042417
75	86	0.042388
11	63	0.042386
40	77	0.042386
29	73	0.042385
74	75	0.042382
70	76	0.042381
43	46	0.042374
2	39	0.042361
48	86	0.042352
58	74	0.04235
13	31	0.042349
13	82	0.04233
5	70	0.042327
63	74	0.042299
11	58	0.042287
38	51	0.042273
29	71	0.042268
5	75	0.042254
72	75	0.04224
13	71	0.042212
2	71	0.042183
10	38	0.042162
16	51	0.042161
28	29	0.042145
46	73	0.042139
10	51	0.042138
71	73	0.042132
15	31	0.042125
45	87	0.042115
38	46	0.042106
3	50	0.042105
51	71	0.042097
51	87	0.042078
40	58	0.042065
11	12	0.042025
39	88	0.042013
29	53	0.042006
46	74	0.042005
5	71	0.042004
13	38	0.041987
63	70	0.041977
15	63	0.041965
28	49	0.041963
74	82	0.041961
14	28	0.041959
3	51	0.041947
16	48	0.041938
45	57	0.041929
3	76	0.04191
31	53	0.041906
72	82	0.041891
40	53	0.041872
10	13	0.041849
15	51	0.041846
38	63	0.041827
49	53	0.041822
14	53	0.041818
32	70	0.041816
73	82	0.041799
45	88	0.041795
11	46	0.041789
27	31	0.041767
14	58	0.04176
51	86	0.041755
5	15	0.041751
27	40	0.041731
58	82	0.041727
76	86	0.041717
16	75	0.041715
11	38	0.041699
49	70	0.041695
10	63	0.041686
14	27	0.041677
13	15	0.041667
1	30	0.041666
12	58	0.041659
3	13	0.041652
30	71	0.041634
70	82	0.041628
63	87	0.041623
3	73	0.041612
38	74	0.041606
12	70	0.041602
70	73	0.041594
14	15	0.041579
13	30	0.041578
49	75	0.041576
39	77	0.041572
11	84	0.041567
10	87	0.041521
58	72	0.041518
11	71	0.041512
10	31	0.041503
46	53	0.0415
48	75	0.041496
3	63	0.041486
15	47	0.041486
31	70	0.041486
10	74	0.041462
3	46	0.041457
32	53	0.041456
13	86	0.041455
38	73	0.041439
9	45	0.041437
12	30	0.041433
71	74	0.041418
74	87	0.041397
10	49	0.041397
14	57	0.041377
27	46	0.041355
16	82	0.041353
30	47	0.041338
5	48	0.041322
38	58	0.041321
16	73	0.041318
14	76	0.041311
27	32	0.04131
30	33	0.041303
10	12	0.041301
11	29	0.041293
48	50	0.041264
38	70	0.041262
3	74	0.041258
12	71	0.041256
48	51	0.041248
3	12	0.041236
12	87	0.041236
35	77	0.041213
2	48	0.041187
38	75	0.041181
10	58	0.041174
47	86	0.041172
35	74	0.041157
58	87	0.041145
39	47	0.041122
10	70	0.041114
29	64	0.041096
31	86	0.041095
1	29	0.041092
29	33	0.041079
74	86	0.041054
46	57	0.041047
39	53	0.041018
15	73	0.041007
15	87	0.041005
32	57	0.041001
29	74	0.040997
31	64	0.040988
12	15	0.040985
1	31	0.040983
31	50	0.040978
16	38	0.040977
5	46	0.040973
75	87	0.040965
3	58	0.040965
28	45	0.040934
33	40	0.040933
29	84	0.040924
28	72	0.040922
3	70	0.040904
1	49	0.040892
47	51	0.040892
14	64	0.040892
12	86	0.040887
38	87	0.040884
10	48	0.040879
73	86	0.040879
33	49	0.040879
2	14	0.040875
14	33	0.040874
27	39	0.040866
39	64	0.040865
47	73	0.040792
5	47	0.040789
13	48	0.040774
53	72	0.040768
48	82	0.040765
33	35	0.040758
16	87	0.040757
33	39	0.040756
58	86	0.040755
10	71	0.040753
46	86	0.040724
70	86	0.040712
40	74	0.040692
71	87	0.040684
46	63	0.040658
35	53	0.04064
15	38	0.040626
30	73	0.040615
27	72	0.040613
3	16	0.04061
13	47	0.040568
46	64	0.040547
39	57	0.040545
63	72	0.04054
3	71	0.040536
13	72	0.040532
32	64	0.040499
12	72	0.040494
49	82	0.040411
16	86	0.040395
40	50	0.040383
49	50	0.040327
14	50	0.040322
71	86	0.040319
29	76	0.040312
57	72	0.040285
3	72	0.040249
3	15	0.040249
5	29	0.040247
31	51	0.040239
35	57	0.040239
11	45	0.040232
46	87	0.040209
40	51	0.040199
63	84	0.040176
48	71	0.040175
12	48	0.040172
14	51	0.040137
45	75	0.040135
5	31	0.040131
3	48	0.040102
49	76	0.040099
30	63	0.040074
5	49	0.040033
5	14	0.040028
15	86	0.040027
39	48	0.040016
47	82	0.039986
11	31	0.039965
29	70	0.03996
28	84	0.039937
35	47	0.039936
2	72	0.039901
2	46	0.039876
29	63	0.039875
15	30	0.039866
13	40	0.039857
3	29	0.039838
16	30	0.039832
2	32	0.039825
3	49	0.039815
16	32	0.039809
10	46	0.039804
13	49	0.039798
13	14	0.039793
38	48	0.039789
46	51	0.039771
45	64	0.039766
64	72	0.039753
47	70	0.039747
46	76	0.039726
32	51	0.03972
31	46	0.039713
32	76	0.039675
35	64	0.039671
30	49	0.039664
47	75	0.039656
47	87	0.039652
32	75	0.039651
15	32	0.039632
1	35	0.03961
5	32	0.039607
40	46	0.039598
10	29	0.039596
38	47	0.039566
30	86	0.039558
32	58	0.039555
48	87	0.039548
72	76	0.039526
11	40	0.039511
47	71	0.039499
30	58	0.039488
31	74	0.039443
16	47	0.039426
13	46	0.039417
29	82	0.039409
38	49	0.039365
13	32	0.039365
49	74	0.03934
31	82	0.039285
15	48	0.039261
15	49	0.03926
31	73	0.039244
45	47	0.039235
30	38	0.039235
39	51	0.039216
12	40	0.039211
40	73	0.039201
27	84	0.039182
14	82	0.039176
39	76	0.039169
32	63	0.039166
3	84	0.039166
39	71	0.039165
12	49	0.039149
45	50	0.039144
16	29	0.039109
5	39	0.039099
49	72	0.03909
29	32	0.039077
45	76	0.039051
12	45	0.039038
40	75	0.039012
16	40	0.039011
74	84	0.039009
30	87	0.038983
3	32	0.038916
31	71	0.038913
2	35	0.038895
46	70	0.038893
31	38	0.038844
3	30	0.038815
40	47	0.03881
5	72	0.038809
12	46	0.03875
31	49	0.03875
14	38	0.038731
32	86	0.038717
16	31	0.038696
32	73	0.038686
75	84	0.038642
39	63	0.038642
29	46	0.038631
76	84	0.038627
10	40	0.038621
31	87	0.038586
13	45	0.038567
12	84	0.038533
14	71	0.038496
11	39	0.038477
14	87	0.038471
15	45	0.038454
46	49	0.03844
46	75	0.038424
13	35	0.038403
10	32	0.038368
3	40	0.038368
14	48	0.038364
45	63	0.038357
29	35	0.038335
3	14	0.038297
32	48	0.038249
72	86	0.038212
46	47	0.038206
35	63	0.038191
11	72	0.038175
39	73	0.038144
14	47	0.038113
45	74	0.038068
14	86	0.038042
30	35	0.03803
32	87	0.038002
39	58	0.037994
46	72	0.037967
39	70	0.037918
46	48	0.037864
45	73	0.03785
39	75	0.037815
15	46	0.037749
38	39	0.037714
45	58	0.037697
16	45	0.037598
38	72	0.037593
47	49	0.037575
58	84	0.03756
16	39	0.037555
50	84	0.037536
35	58	0.037524
10	39	0.037522
2	84	0.037436
29	48	0.037432
71	72	0.037406
30	72	0.037377
51	84	0.037312
31	72	0.037302
3	39	0.037251
40	48	0.037243
10	45	0.037217
29	47	0.037172
45	71	0.037157
29	40	0.037128
72	87	0.037115
15	39	0.037108
73	84	0.037095
16	35	0.037073
40	49	0.037069
39	86	0.03698
35	87	0.036951
31	84	0.036944
13	84	0.036897
29	30	0.036785
15	72	0.036781
15	35	0.036613
30	40	0.036589
14	30	0.036511
32	47	0.036388
29	31	0.036331
45	84	0.036291
82	84	0.036221
84	86	0.036153
29	72	0.036106
14	31	0.036049
30	46	0.036049
30	32	0.035985
15	84	0.035921
70	84	0.035852
14	84	0.035791
30	84	0.035658
35	48	0.035526
31	35	0.035495
47	72	0.035417
71	84	0.035342
14	39	0.035306
35	46	0.035289
29	45	0.035046
45	49	0.034377
14	35	0.034164
32	72	0.033824
48	84	0.033765
47	84	0.033687
39	45	0.033088
72	84	0.033077
35	72	0.032473
49	84	0.032372