#==========================================================================
# The first and second rows contain site pairs (i, j) such that j > i
# The third row contains coevolutionary scores obtained 
# using PSICOV algorithm.
# Note that in this data sites are counted/labelled starting from 1
#==========================================================================
19	29	0.903995
44	51	0.903933
18	30	0.903895
42	53	0.903714
20	28	0.90326
6	84	0.90323
45	50	0.903118
43	52	0.901802
13	37	0.901589
58	76	0.89839
17	31	0.897496
5	85	0.896504
60	74	0.896426
57	77	0.864034
21	27	0.845862
14	36	0.761444
12	80	0.748733
16	32	0.68607
57	58	0.580695
4	86	0.472837
57	76	0.416558
84	85	0.412435
1	2	0.409197
56	78	0.386999
15	34	0.37708
72	74	0.360853
1	4	0.360419
16	17	0.324465
62	71	0.311951
5	6	0.299083
5	84	0.286659
5	72	0.281365
22	26	0.237473
38	60	0.234167
76	77	0.232975
6	85	0.232456
61	63	0.194693
31	60	0.193131
6	60	0.192968
4	9	0.190846
58	77	0.190378
68	70	0.189414
16	34	0.176867
58	78	0.175343
62	64	0.173708
61	72	0.167472
59	75	0.166171
68	69	0.157118
12	39	0.154711
41	54	0.154674
2	5	0.153674
3	5	0.151588
72	85	0.151502
2	85	0.15139
47	48	0.149958
21	42	0.147061
9	46	0.146443
69	70	0.145967
16	52	0.142178
15	66	0.142113
9	18	0.141601
17	34	0.141379
20	29	0.139198
46	49	0.135542
21	28	0.133902
22	78	0.131689
25	62	0.130532
62	63	0.130475
4	35	0.130304
20	21	0.130241
8	11	0.130149
62	66	0.128887
38	74	0.124031
15	87	0.123651
9	35	0.123558
15	35	0.123182
44	45	0.122479
61	74	0.119591
37	77	0.118629
20	32	0.118518
1	5	0.118181
26	61	0.118035
32	78	0.116716
46	67	0.116627
20	22	0.115719
35	38	0.114064
53	57	0.11395
30	60	0.110828
3	6	0.110632
24	25	0.110382
61	80	0.110029
46	47	0.10896
66	67	0.107943
9	34	0.107718
33	34	0.107385
22	35	0.106769
49	60	0.10672
33	36	0.106312
15	17	0.104682
10	11	0.103807
17	22	0.103141
26	78	0.103048
16	38	0.10293
14	33	0.102904
9	30	0.102304
75	76	0.101764
72	78	0.101432
84	86	0.101185
79	83	0.100211
62	72	0.099898
7	11	0.099018
35	69	0.098882
24	56	0.098823
22	38	0.098219
13	76	0.096739
8	10	0.096237
51	53	0.096052
56	81	0.096006
47	65	0.095981
10	38	0.095868
17	49	0.095842
22	23	0.095525
31	46	0.095458
4	32	0.095381
23	61	0.095122
28	78	0.094698
7	10	0.094234
10	39	0.093402
80	81	0.092901
19	64	0.092862
38	72	0.092661
62	74	0.092498
79	81	0.091896
63	72	0.091682
20	27	0.091595
67	87	0.091581
72	73	0.09123
7	82	0.090988
7	8	0.090881
15	46	0.090301
81	83	0.089912
13	77	0.089806
11	12	0.089133
9	47	0.088679
27	32	0.088369
51	72	0.087863
74	86	0.087813
2	4	0.087746
16	35	0.087383
21	33	0.087338
52	63	0.087295
16	27	0.087235
1	72	0.086484
55	83	0.086426
1	6	0.086414
79	82	0.086022
30	78	0.086007
35	84	0.085743
39	80	0.085649
15	20	0.085622
61	66	0.085455
13	63	0.085388
46	87	0.085052
37	58	0.084624
24	47	0.084587
71	73	0.084337
9	32	0.084271
3	73	0.084129
7	38	0.083997
26	27	0.083851
65	67	0.083522
4	30	0.083254
80	82	0.083137
59	81	0.083046
43	87	0.082665
38	50	0.082601
54	55	0.082427
82	83	0.082284
4	12	0.082252
8	12	0.08207
1	34	0.082001
7	33	0.081995
46	51	0.08165
10	40	0.081281
43	47	0.081151
61	62	0.080794
16	46	0.080412
18	84	0.079656
66	68	0.079412
61	87	0.079325
59	77	0.079159
34	35	0.079142
11	39	0.078929
44	53	0.077881
33	63	0.077708
2	6	0.077627
71	72	0.077503
52	80	0.077478
3	28	0.077409
70	71	0.077315
42	69	0.077275
55	59	0.07709
60	84	0.077061
7	83	0.076944
32	33	0.076792
6	74	0.076578
55	81	0.076547
34	43	0.076463
9	31	0.076449
75	81	0.076398
56	60	0.076259
51	61	0.076243
2	65	0.07623
48	50	0.076132
67	68	0.076036
68	71	0.076018
23	28	0.075691
6	86	0.075569
8	39	0.075558
48	49	0.075486
10	81	0.075485
59	82	0.075457
46	48	0.075133
2	15	0.074974
42	45	0.074737
42	48	0.074654
4	18	0.074643
81	82	0.07457
57	78	0.074436
5	45	0.074311
24	38	0.074194
9	42	0.074167
19	24	0.074002
31	35	0.073649
4	87	0.073501
45	65	0.073481
1	43	0.073461
40	86	0.073245
13	14	0.072976
7	15	0.072885
64	70	0.072649
4	5	0.072558
54	56	0.072297
58	75	0.072263
71	76	0.072127
29	35	0.072083
16	25	0.072054
1	87	0.071908
34	58	0.071879
4	43	0.071737
15	33	0.07159
51	85	0.071532
6	31	0.071519
3	43	0.071513
9	16	0.071405
79	80	0.071341
55	82	0.071235
4	74	0.071164
55	84	0.071066
3	11	0.071045
10	56	0.07075
15	65	0.070726
74	84	0.070615
65	78	0.070593
34	87	0.070563
33	64	0.070489
55	86	0.070477
23	25	0.070298
80	83	0.070286
55	75	0.070265
77	82	0.070206
29	64	0.070112
26	38	0.069825
22	51	0.069706
35	87	0.069581
32	63	0.069405
51	87	0.069199
75	82	0.069153
29	86	0.06903
85	87	0.069025
15	43	0.06885
2	74	0.068667
49	62	0.068665
50	65	0.068624
24	28	0.068581
47	78	0.068486
15	16	0.068394
61	73	0.068331
66	72	0.068216
26	87	0.068207
23	66	0.068199
1	28	0.068189
40	41	0.067983
61	64	0.067914
16	85	0.067898
37	40	0.067784
23	51	0.067743
73	74	0.067719
29	63	0.067717
20	25	0.06764
20	87	0.067551
27	37	0.067379
24	43	0.066831
17	20	0.066746
9	63	0.066662
46	60	0.066547
28	49	0.066542
63	69	0.066311
47	74	0.066286
15	27	0.066219
42	57	0.066043
22	44	0.065996
9	87	0.065988
24	63	0.065986
54	86	0.065973
45	48	0.065883
49	65	0.065747
1	61	0.065608
52	55	0.065558
47	62	0.065553
23	24	0.065539
13	44	0.065437
64	65	0.065385
3	17	0.065328
13	40	0.065324
3	85	0.065164
53	58	0.065105
73	81	0.065099
60	66	0.064948
59	76	0.06482
44	46	0.064739
21	23	0.06473
78	80	0.064713
52	59	0.064629
41	42	0.064546
35	44	0.064513
75	87	0.064439
3	50	0.06443
23	50	0.064414
44	48	0.064374
1	52	0.064334
9	26	0.064291
2	52	0.064285
3	25	0.064214
2	12	0.064209
62	85	0.064204
27	67	0.064116
11	40	0.064102
10	42	0.064033
45	73	0.06394
34	50	0.063879
40	54	0.063875
54	79	0.063757
15	76	0.06371
61	67	0.06368
18	24	0.063613
43	66	0.063546
26	51	0.063521
10	36	0.063409
28	62	0.063403
3	8	0.063356
28	67	0.063265
22	49	0.063204
8	86	0.063093
69	87	0.063062
14	32	0.062966
5	9	0.062901
47	63	0.062836
35	62	0.062816
21	62	0.062793
21	53	0.062739
24	87	0.062669
35	64	0.062662
1	12	0.062557
32	34	0.062516
54	83	0.062441
27	57	0.062404
47	67	0.06234
29	87	0.062304
68	74	0.062288
23	46	0.062285
1	7	0.062237
14	16	0.06215
12	35	0.062108
34	44	0.062084
25	64	0.0619
14	38	0.061719
28	33	0.06168
49	74	0.061631
19	70	0.061612
7	14	0.061609
27	38	0.061564
55	56	0.06131
53	54	0.061309
64	66	0.061245
52	84	0.061234
8	40	0.061233
30	84	0.061224
30	85	0.06122
60	73	0.061129
25	34	0.061113
13	15	0.061098
14	82	0.061068
3	18	0.061014
24	29	0.060985
48	65	0.060971
30	31	0.060928
10	12	0.06086
40	82	0.060747
57	75	0.060742
58	70	0.060735
18	60	0.060647
46	61	0.060638
33	35	0.060637
1	67	0.060619
5	7	0.060583
2	11	0.060504
22	43	0.060497
65	69	0.060362
59	79	0.060326
55	57	0.060255
56	66	0.060131
2	34	0.060077
1	78	0.060059
73	80	0.060031
18	19	0.060018
33	62	0.059971
16	61	0.059905
23	72	0.059879
5	10	0.059809
4	48	0.059786
61	65	0.059757
64	73	0.059642
53	87	0.059641
48	71	0.059638
34	73	0.059549
37	63	0.059539
49	58	0.059531
54	59	0.059394
4	64	0.059308
15	52	0.059307
23	70	0.059248
39	40	0.059244
19	78	0.0592
18	22	0.059187
41	55	0.059185
17	45	0.059088
76	82	0.059059
27	35	0.059042
43	73	0.059021
23	67	0.059007
7	39	0.059002
32	36	0.058902
41	56	0.058871
18	48	0.058837
50	73	0.058794
22	45	0.058711
34	64	0.058705
68	84	0.058646
59	83	0.058532
18	23	0.058514
18	73	0.058417
12	55	0.058389
77	81	0.058368
52	73	0.05836
4	34	0.058309
2	3	0.058296
10	47	0.058286
9	19	0.058265
2	30	0.058168
2	51	0.058159
1	85	0.0581
71	74	0.058056
19	21	0.058042
31	44	0.058005
9	44	0.057999
45	71	0.057951
8	38	0.057935
15	31	0.057934
2	24	0.057909
39	59	0.057881
47	64	0.057874
28	56	0.057867
19	67	0.057781
38	49	0.057725
57	59	0.057714
30	48	0.057712
57	83	0.057672
61	76	0.057644
42	71	0.057637
15	25	0.057608
1	3	0.057467
16	42	0.057387
4	26	0.057382
54	81	0.05735
36	40	0.057337
75	79	0.057253
21	76	0.057197
7	12	0.057143
56	79	0.057086
10	41	0.057078
61	68	0.057063
22	61	0.056942
50	51	0.056933
24	72	0.056903
17	32	0.056885
40	52	0.056739
6	14	0.056733
45	49	0.056688
51	66	0.056623
2	32	0.056589
3	10	0.056584
18	86	0.056583
44	62	0.056559
47	70	0.056545
26	60	0.056535
56	65	0.056512
62	68	0.056494
49	64	0.056486
55	80	0.056455
56	83	0.056446
72	86	0.056437
48	68	0.056409
46	70	0.056403
29	62	0.056389
72	76	0.056374
66	86	0.056244
31	49	0.056232
75	84	0.056195
9	45	0.056161
26	28	0.056157
21	52	0.056118
18	21	0.05606
4	41	0.056035
9	15	0.056019
20	49	0.055962
6	73	0.055948
64	68	0.05594
21	86	0.05593
54	75	0.05591
35	78	0.055857
21	60	0.05584
25	84	0.05584
25	46	0.05582
37	57	0.055802
82	86	0.055736
3	48	0.055707
5	50	0.05565
44	66	0.05565
31	33	0.055649
75	83	0.05562
11	36	0.055548
65	66	0.055528
14	29	0.055472
53	77	0.055445
65	70	0.055414
86	87	0.055408
15	64	0.055353
10	79	0.055321
23	49	0.05529
73	76	0.055269
26	71	0.055268
18	85	0.055248
38	86	0.055242
54	82	0.055229
22	71	0.055217
17	19	0.055195
16	70	0.055171
3	40	0.055159
24	34	0.055141
55	79	0.055135
24	84	0.055134
65	86	0.055122
23	62	0.05511
58	71	0.054953
22	72	0.054921
58	59	0.054919
16	23	0.054909
20	71	0.05488
3	27	0.054859
35	47	0.054835
27	73	0.054831
21	69	0.054798
39	81	0.054775
64	87	0.054764
75	77	0.054748
79	86	0.054699
62	70	0.054669
73	87	0.054611
27	66	0.054607
76	78	0.054487
13	27	0.054432
73	75	0.05439
57	62	0.054351
27	42	0.054292
20	33	0.054272
46	71	0.054271
65	76	0.05427
53	67	0.05425
30	70	0.054191
60	71	0.054183
76	81	0.054145
22	66	0.054144
63	68	0.054144
27	30	0.054141
52	87	0.054104
39	75	0.054092
13	82	0.054082
48	74	0.054043
29	48	0.053928
9	33	0.05392
19	27	0.053879
66	76	0.053878
41	86	0.053823
67	69	0.05381
33	39	0.053788
12	61	0.053769
39	52	0.053762
4	8	0.053747
48	85	0.053732
35	75	0.053713
48	63	0.053707
47	58	0.053703
17	48	0.053697
52	74	0.053674
15	57	0.053647
35	52	0.053582
10	52	0.053558
51	82	0.053551
71	78	0.05355
23	65	0.053546
23	27	0.053477
66	70	0.053443
26	49	0.053439
3	32	0.053426
15	26	0.053395
1	65	0.053375
45	53	0.053365
12	52	0.053343
10	83	0.053339
63	87	0.05333
16	65	0.053313
22	24	0.05331
48	86	0.0533
3	44	0.053286
25	80	0.053248
24	31	0.053191
19	61	0.053168
48	51	0.053149
69	71	0.053142
32	40	0.05313
24	69	0.053095
33	60	0.053089
7	36	0.053047
3	84	0.053037
49	67	0.053016
8	36	0.053011
72	84	0.053008
33	69	0.052988
30	64	0.05298
32	71	0.05295
64	71	0.052927
30	86	0.052905
81	84	0.052869
1	8	0.052855
19	28	0.052823
24	35	0.052821
1	14	0.052798
66	85	0.052796
12	44	0.052777
60	67	0.052771
16	86	0.052724
21	49	0.052664
38	79	0.052655
29	66	0.052603
3	19	0.0526
15	28	0.052595
37	76	0.052593
24	27	0.052555
50	74	0.05239
6	7	0.05236
56	59	0.052356
25	26	0.052346
21	35	0.052341
3	33	0.052312
29	47	0.052214
23	38	0.052196
14	79	0.052174
52	86	0.052155
42	67	0.052138
33	56	0.052123
44	50	0.052098
2	72	0.052055
3	49	0.05204
32	58	0.052031
19	33	0.052024
2	26	0.052024
3	34	0.052021
23	87	0.052007
34	67	0.052001
16	28	0.051979
46	64	0.051946
31	87	0.051932
42	54	0.051921
36	37	0.051918
34	45	0.051887
23	30	0.051881
10	54	0.051865
57	82	0.051865
36	87	0.051863
49	63	0.051859
18	32	0.051852
2	8	0.051843
28	29	0.051828
22	31	0.051813
67	74	0.051784
33	74	0.051784
10	59	0.051769
3	22	0.051735
23	26	0.051721
53	64	0.051721
74	78	0.051714
22	63	0.051706
35	65	0.051703
37	41	0.051699
12	67	0.051693
6	8	0.051687
10	37	0.051681
24	46	0.051656
14	37	0.051643
16	56	0.051629
71	86	0.051616
33	82	0.051607
20	78	0.051578
11	32	0.051538
16	73	0.051493
27	70	0.05148
52	82	0.051424
12	41	0.051409
15	24	0.051403
64	80	0.051398
13	58	0.05139
37	79	0.051374
18	26	0.051361
34	36	0.051358
70	87	0.051346
48	66	0.051342
3	47	0.051323
38	83	0.051321
27	33	0.051307
1	88	0.051306
1	89	0.051306
1	90	0.051306
1	91	0.051306
1	92	0.051306
2	88	0.051306
2	89	0.051306
2	90	0.051306
2	91	0.051306
2	92	0.051306
3	88	0.051306
3	89	0.051306
3	90	0.051306
3	91	0.051306
3	92	0.051306
4	88	0.051306
4	89	0.051306
4	90	0.051306
4	91	0.051306
4	92	0.051306
5	88	0.051306
5	89	0.051306
5	90	0.051306
5	91	0.051306
5	92	0.051306
6	88	0.051306
6	89	0.051306
6	90	0.051306
6	91	0.051306
6	92	0.051306
7	88	0.051306
7	89	0.051306
7	90	0.051306
7	91	0.051306
7	92	0.051306
8	88	0.051306
8	89	0.051306
8	90	0.051306
8	91	0.051306
8	92	0.051306
9	88	0.051306
9	89	0.051306
9	90	0.051306
9	91	0.051306
9	92	0.051306
10	88	0.051306
10	89	0.051306
10	90	0.051306
10	91	0.051306
10	92	0.051306
11	88	0.051306
11	89	0.051306
11	90	0.051306
11	91	0.051306
11	92	0.051306
12	88	0.051306
12	89	0.051306
12	90	0.051306
12	91	0.051306
12	92	0.051306
13	88	0.051306
13	89	0.051306
13	90	0.051306
13	91	0.051306
13	92	0.051306
14	88	0.051306
14	89	0.051306
14	90	0.051306
14	91	0.051306
14	92	0.051306
15	88	0.051306
15	89	0.051306
15	90	0.051306
15	91	0.051306
15	92	0.051306
16	88	0.051306
16	89	0.051306
16	90	0.051306
16	91	0.051306
16	92	0.051306
17	88	0.051306
17	89	0.051306
17	90	0.051306
17	91	0.051306
17	92	0.051306
18	88	0.051306
18	89	0.051306
18	90	0.051306
18	91	0.051306
18	92	0.051306
19	88	0.051306
19	89	0.051306
19	90	0.051306
19	91	0.051306
19	92	0.051306
20	88	0.051306
20	89	0.051306
20	90	0.051306
20	91	0.051306
20	92	0.051306
21	88	0.051306
21	89	0.051306
21	90	0.051306
21	91	0.051306
21	92	0.051306
22	88	0.051306
22	89	0.051306
22	90	0.051306
22	91	0.051306
22	92	0.051306
23	88	0.051306
23	89	0.051306
23	90	0.051306
23	91	0.051306
23	92	0.051306
24	88	0.051306
24	89	0.051306
24	90	0.051306
24	91	0.051306
24	92	0.051306
25	88	0.051306
25	89	0.051306
25	90	0.051306
25	91	0.051306
25	92	0.051306
26	88	0.051306
26	89	0.051306
26	90	0.051306
26	91	0.051306
26	92	0.051306
27	88	0.051306
27	89	0.051306
27	90	0.051306
27	91	0.051306
27	92	0.051306
28	88	0.051306
28	89	0.051306
28	90	0.051306
28	91	0.051306
28	92	0.051306
29	88	0.051306
29	89	0.051306
29	90	0.051306
29	91	0.051306
29	92	0.051306
30	88	0.051306
30	89	0.051306
30	90	0.051306
30	91	0.051306
30	92	0.051306
31	88	0.051306
31	89	0.051306
31	90	0.051306
31	91	0.051306
31	92	0.051306
32	88	0.051306
32	89	0.051306
32	90	0.051306
32	91	0.051306
32	92	0.051306
33	88	0.051306
33	89	0.051306
33	90	0.051306
33	91	0.051306
33	92	0.051306
34	88	0.051306
34	89	0.051306
34	90	0.051306
34	91	0.051306
34	92	0.051306
35	88	0.051306
35	89	0.051306
35	90	0.051306
35	91	0.051306
35	92	0.051306
36	88	0.051306
36	89	0.051306
36	90	0.051306
36	91	0.051306
36	92	0.051306
37	88	0.051306
37	89	0.051306
37	90	0.051306
37	91	0.051306
37	92	0.051306
38	88	0.051306
38	89	0.051306
38	90	0.051306
38	91	0.051306
38	92	0.051306
39	88	0.051306
39	89	0.051306
39	90	0.051306
39	91	0.051306
39	92	0.051306
40	88	0.051306
40	89	0.051306
40	90	0.051306
40	91	0.051306
40	92	0.051306
41	88	0.051306
41	89	0.051306
41	90	0.051306
41	91	0.051306
41	92	0.051306
42	88	0.051306
42	89	0.051306
42	90	0.051306
42	91	0.051306
42	92	0.051306
43	88	0.051306
43	89	0.051306
43	90	0.051306
43	91	0.051306
43	92	0.051306
44	88	0.051306
44	89	0.051306
44	90	0.051306
44	91	0.051306
44	92	0.051306
45	88	0.051306
45	89	0.051306
45	90	0.051306
45	91	0.051306
45	92	0.051306
46	88	0.051306
46	89	0.051306
46	90	0.051306
46	91	0.051306
46	92	0.051306
47	88	0.051306
47	89	0.051306
47	90	0.051306
47	91	0.051306
47	92	0.051306
48	88	0.051306
48	89	0.051306
48	90	0.051306
48	91	0.051306
48	92	0.051306
49	88	0.051306
49	89	0.051306
49	90	0.051306
49	91	0.051306
49	92	0.051306
50	88	0.051306
50	89	0.051306
50	90	0.051306
50	91	0.051306
50	92	0.051306
51	88	0.051306
51	89	0.051306
51	90	0.051306
51	91	0.051306
51	92	0.051306
52	88	0.051306
52	89	0.051306
52	90	0.051306
52	91	0.051306
52	92	0.051306
53	88	0.051306
53	89	0.051306
53	90	0.051306
53	91	0.051306
53	92	0.051306
54	88	0.051306
54	89	0.051306
54	90	0.051306
54	91	0.051306
54	92	0.051306
55	88	0.051306
55	89	0.051306
55	90	0.051306
55	91	0.051306
55	92	0.051306
56	88	0.051306
56	89	0.051306
56	90	0.051306
56	91	0.051306
56	92	0.051306
57	88	0.051306
57	89	0.051306
57	90	0.051306
57	91	0.051306
57	92	0.051306
58	88	0.051306
58	89	0.051306
58	90	0.051306
58	91	0.051306
58	92	0.051306
59	88	0.051306
59	89	0.051306
59	90	0.051306
59	91	0.051306
59	92	0.051306
60	88	0.051306
60	89	0.051306
60	90	0.051306
60	91	0.051306
60	92	0.051306
61	88	0.051306
61	89	0.051306
61	90	0.051306
61	91	0.051306
61	92	0.051306
62	88	0.051306
62	89	0.051306
62	90	0.051306
62	91	0.051306
62	92	0.051306
63	88	0.051306
63	89	0.051306
63	90	0.051306
63	91	0.051306
63	92	0.051306
64	88	0.051306
64	89	0.051306
64	90	0.051306
64	91	0.051306
64	92	0.051306
65	88	0.051306
65	89	0.051306
65	90	0.051306
65	91	0.051306
65	92	0.051306
66	88	0.051306
66	89	0.051306
66	90	0.051306
66	91	0.051306
66	92	0.051306
67	88	0.051306
67	89	0.051306
67	90	0.051306
67	91	0.051306
67	92	0.051306
68	88	0.051306
68	89	0.051306
68	90	0.051306
68	91	0.051306
68	92	0.051306
69	88	0.051306
69	89	0.051306
69	90	0.051306
69	91	0.051306
69	92	0.051306
70	88	0.051306
70	89	0.051306
70	90	0.051306
70	91	0.051306
70	92	0.051306
71	88	0.051306
71	89	0.051306
71	90	0.051306
71	91	0.051306
71	92	0.051306
72	88	0.051306
72	89	0.051306
72	90	0.051306
72	91	0.051306
72	92	0.051306
73	88	0.051306
73	89	0.051306
73	90	0.051306
73	91	0.051306
73	92	0.051306
74	88	0.051306
74	89	0.051306
74	90	0.051306
74	91	0.051306
74	92	0.051306
75	88	0.051306
75	89	0.051306
75	90	0.051306
75	91	0.051306
75	92	0.051306
76	88	0.051306
76	89	0.051306
76	90	0.051306
76	91	0.051306
76	92	0.051306
77	88	0.051306
77	89	0.051306
77	90	0.051306
77	91	0.051306
77	92	0.051306
78	88	0.051306
78	89	0.051306
78	90	0.051306
78	91	0.051306
78	92	0.051306
79	88	0.051306
79	89	0.051306
79	90	0.051306
79	91	0.051306
79	92	0.051306
80	88	0.051306
80	89	0.051306
80	90	0.051306
80	91	0.051306
80	92	0.051306
81	88	0.051306
81	89	0.051306
81	90	0.051306
81	91	0.051306
81	92	0.051306
82	88	0.051306
82	89	0.051306
82	90	0.051306
82	91	0.051306
82	92	0.051306
83	88	0.051306
83	89	0.051306
83	90	0.051306
83	91	0.051306
83	92	0.051306
84	88	0.051306
84	89	0.051306
84	90	0.051306
84	91	0.051306
84	92	0.051306
85	88	0.051306
85	89	0.051306
85	90	0.051306
85	91	0.051306
85	92	0.051306
86	88	0.051306
86	89	0.051306
86	90	0.051306
86	91	0.051306
86	92	0.051306
87	88	0.051306
87	89	0.051306
87	90	0.051306
87	91	0.051306
87	92	0.051306
88	89	0.051306
88	90	0.051306
88	91	0.051306
88	92	0.051306
89	90	0.051306
89	91	0.051306
89	92	0.051306
90	91	0.051306
90	92	0.051306
91	92	0.051306
40	80	0.051297
4	80	0.05129
18	61	0.051273
34	51	0.051254
25	86	0.051248
12	42	0.051227
55	77	0.051223
7	79	0.051218
42	55	0.051191
43	45	0.051139
6	17	0.051124
56	73	0.051088
20	24	0.051055
49	68	0.051041
38	40	0.050988
51	63	0.050979
49	73	0.050972
20	63	0.050964
17	66	0.050947
11	86	0.050942
41	79	0.050934
60	72	0.050888
41	83	0.050862
39	41	0.050855
48	73	0.050854
12	34	0.050846
15	78	0.050844
25	41	0.050819
8	41	0.050812
11	41	0.050808
40	79	0.050796
41	69	0.050789
41	59	0.050777
52	75	0.050752
41	75	0.05073
31	71	0.05072
19	49	0.050719
51	62	0.050713
39	61	0.050711
42	50	0.050701
41	68	0.050698
41	70	0.050698
40	83	0.050697
41	82	0.050694
27	43	0.050687
24	71	0.050685
39	79	0.050678
3	31	0.050673
79	84	0.050672
41	81	0.050669
54	85	0.050651
25	40	0.05064
7	41	0.050638
9	49	0.050629
41	73	0.050628
25	79	0.050628
26	63	0.050625
41	67	0.050619
8	79	0.050618
23	41	0.050617
11	79	0.050613
36	41	0.050603
40	69	0.050598
69	79	0.050586
9	64	0.050584
40	59	0.050582
41	65	0.050582
40	55	0.050566
41	48	0.050564
6	87	0.050561
39	54	0.050558
39	83	0.050556
6	32	0.050546
3	24	0.050533
40	75	0.050518
41	49	0.050504
26	41	0.050502
25	54	0.050499
30	32	0.050497
25	83	0.050497
36	45	0.050496
41	64	0.050494
8	54	0.050487
8	83	0.050485
25	39	0.050485
11	54	0.050481
11	83	0.050478
40	68	0.050474
40	70	0.050473
7	47	0.050461
68	79	0.05046
70	79	0.050459
52	54	0.050453
54	69	0.050449
69	83	0.050446
14	41	0.050444
26	67	0.050435
40	81	0.050435
31	58	0.050434
39	69	0.050433
71	87	0.050432
52	78	0.050431
24	41	0.050429
24	85	0.050422
33	41	0.050421
41	47	0.050417
41	71	0.050411
8	25	0.050407
11	25	0.0504
13	61	0.050394
39	55	0.050394
7	40	0.050392
53	80	0.050391
40	73	0.050379
44	70	0.050378
40	67	0.050365
25	69	0.050365
73	79	0.050363
23	40	0.050363
34	65	0.050352
8	69	0.050351
67	79	0.050349
23	79	0.050346
25	59	0.050344
11	69	0.050343
8	59	0.05033
36	79	0.050328
25	55	0.050322
11	59	0.050322
40	65	0.050316
21	63	0.050315
14	21	0.050308
8	55	0.050307
41	66	0.050303
11	55	0.050299
54	68	0.050299
65	79	0.050299
54	70	0.050298
68	83	0.050296
70	83	0.050295
6	10	0.050293
40	48	0.050291
40	56	0.050286
45	61	0.050285
59	69	0.050284
39	68	0.050281
39	70	0.05028
82	85	0.050279
39	82	0.050274
48	79	0.050273
47	68	0.050268
55	69	0.050261
3	41	0.050259
25	75	0.050259
8	75	0.050243
11	75	0.050235
41	63	0.050215
13	41	0.05021
40	49	0.050209
41	80	0.050208
26	40	0.050207
51	65	0.050203
25	68	0.050201
25	70	0.0502
7	54	0.0502
4	33	0.050198
40	64	0.050196
69	75	0.050193
25	82	0.050193
49	79	0.05019
26	79	0.050188
8	68	0.050184
54	73	0.050184
8	70	0.050183
19	47	0.050183
73	83	0.050181
64	79	0.050177
8	82	0.050176
11	68	0.050175
11	70	0.050174
54	67	0.050168
11	82	0.050167
67	83	0.050164
23	54	0.050164
39	73	0.050164
23	83	0.050161
43	74	0.05015
25	81	0.050148
32	49	0.050147
39	67	0.050147
23	39	0.050144
16	80	0.050143
36	54	0.050142
36	83	0.050139
41	46	0.050133
8	81	0.050131
14	40	0.050127
69	82	0.050123
36	39	0.050122
11	81	0.050122
30	71	0.050118
54	65	0.050108
24	40	0.050107
59	68	0.050106
59	70	0.050105
65	83	0.050104
33	40	0.050096
7	25	0.050092
40	47	0.050091
22	47	0.050089
24	79	0.050086
39	65	0.050086
40	71	0.050082
55	68	0.050078
55	70	0.050077
48	54	0.050077
69	81	0.050076
33	79	0.050075
25	73	0.050075
48	83	0.050074
47	79	0.05007
15	32	0.050065
71	79	0.050061
25	67	0.050057
8	73	0.050056
39	48	0.050055
39	56	0.050049
11	73	0.050046
8	67	0.050038
8	23	0.050034
38	41	0.050032
25	36	0.050029
11	67	0.050028
11	23	0.050024
50	60	0.050021
26	69	0.050016
7	69	0.050016
68	75	0.049999
70	75	0.049999
69	73	0.049998
25	65	0.049991
7	59	0.049987
3	36	0.049985
22	41	0.049984
49	54	0.049979
26	54	0.049976
49	83	0.049975
23	69	0.049975
26	83	0.049972
8	65	0.049971
59	73	0.049969
54	64	0.049963
11	65	0.049961
64	83	0.049959
25	48	0.049957
7	55	0.049957
39	49	0.049955
41	87	0.049953
26	39	0.049952
25	56	0.049951
36	69	0.049949
59	67	0.049949
23	59	0.049945
39	64	0.049939
46	63	0.049939
55	73	0.049938
8	48	0.049938
40	66	0.049935
8	56	0.049931
1	62	0.049927
11	48	0.049927
11	56	0.04992
36	59	0.049919
55	67	0.049918
68	82	0.049917
60	63	0.049917
70	82	0.049916
23	55	0.049914
66	79	0.049912
2	41	0.04991
10	25	0.049895
36	55	0.049888
32	55	0.049885
14	54	0.049879
59	65	0.049878
14	83	0.049875
48	69	0.049874
7	75	0.049871
56	69	0.049866
68	81	0.049862
70	81	0.049861
24	54	0.049856
14	39	0.049854
24	83	0.049852
3	79	0.049851
25	49	0.04985
55	65	0.049846
54	74	0.049845
71	82	0.049843
33	54	0.049842
48	59	0.049842
33	83	0.049838
47	54	0.049836
47	83	0.049832
24	39	0.04983
67	75	0.04983
8	49	0.049828
54	71	0.049825
23	75	0.049825
8	26	0.049825
71	83	0.049821
11	49	0.049816
40	63	0.049816
41	77	0.049815
46	66	0.049814
11	26	0.049813
8	64	0.049811
39	47	0.04981
48	55	0.049809
10	69	0.049807
10	32	0.049805
39	71	0.049799
11	64	0.049799
36	75	0.049797
7	68	0.049791
12	40	0.049791
7	70	0.04979
63	79	0.04979
27	41	0.049789
4	24	0.049788
11	37	0.049783
68	73	0.04977
70	73	0.049769
12	79	0.049765
73	82	0.049759
49	69	0.049759
65	75	0.049752
67	70	0.049747
23	68	0.049743
4	40	0.049742
14	25	0.049741
64	69	0.049741
10	55	0.049739
67	82	0.049737
23	82	0.049732
49	59	0.049725
26	59	0.049721
7	81	0.04972
32	41	0.049718
8	14	0.049718
36	68	0.049714
48	75	0.049713
36	70	0.049712
59	64	0.049706
11	14	0.049705
56	75	0.049705
40	46	0.049703
36	82	0.049702
25	33	0.0497
25	47	0.049693
1	41	0.049693
8	24	0.049691
49	55	0.049689
26	55	0.049685
31	45	0.049685
25	71	0.049681
10	14	0.049679
11	24	0.049679
8	33	0.049676
46	79	0.049675
67	81	0.049674
23	81	0.04967
55	64	0.04967
8	47	0.04967
65	68	0.049666
11	33	0.049663
8	71	0.049658
28	48	0.049657
11	47	0.049656
65	82	0.049655
54	66	0.049648
11	71	0.049644
66	83	0.049644
14	69	0.049643
10	75	0.049639
36	81	0.049639
41	62	0.049637
48	70	0.049623
7	73	0.049619
39	66	0.049619
5	67	0.049617
56	68	0.049616
56	70	0.049615
41	78	0.049613
48	82	0.049613
35	41	0.049612
14	59	0.049607
52	64	0.049606
56	82	0.049605
7	67	0.049595
47	69	0.049593
7	23	0.04959
65	81	0.049589
63	76	0.049588
49	75	0.049586
26	75	0.049582
44	63	0.04958
24	59	0.049579
3	54	0.049576
65	87	0.049573
3	83	0.049571
67	73	0.049571
35	80	0.04957
14	55	0.049568
23	73	0.049566
64	75	0.049565
33	59	0.049563
14	71	0.049557
47	59	0.049555
10	68	0.049547
3	39	0.049546
48	81	0.049546
10	70	0.049546
59	71	0.049543
24	55	0.04954
23	47	0.049535
10	82	0.049534
36	73	0.049533
9	14	0.04953
31	77	0.049528
33	55	0.049523
50	61	0.049518
47	55	0.049516
21	41	0.049508
36	67	0.049507
7	65	0.049505
54	63	0.049504
55	71	0.049503
23	36	0.049502
22	40	0.049501
63	83	0.049499
9	41	0.049493
54	80	0.049493
49	70	0.049489
13	66	0.049488
25	66	0.049488
26	68	0.049487
26	70	0.049485
65	73	0.04948
49	82	0.049478
12	54	0.049474
26	82	0.049474
39	63	0.049473
5	60	0.049472
22	79	0.04947
3	78	0.049469
12	83	0.049469
8	66	0.049461
7	48	0.04946
40	87	0.049458
14	75	0.049457
64	82	0.049456
7	56	0.049451
41	43	0.049449
11	66	0.049446
41	50	0.04944
31	34	0.049439
24	75	0.049427
79	87	0.049427
18	78	0.04942
41	53	0.049415
36	65	0.049413
33	75	0.049409
41	61	0.049407
48	67	0.049407
49	81	0.049405
47	75	0.049402
23	48	0.049401
26	81	0.049401
2	40	0.049401
56	67	0.049398
23	56	0.049392
71	75	0.049388
41	45	0.049384
64	81	0.049383
66	69	0.049375
46	54	0.049368
2	79	0.049368
36	48	0.049365
46	83	0.049363
34	41	0.049356
36	56	0.049356
14	68	0.049355
14	70	0.049354
41	52	0.049352
10	73	0.049348
6	21	0.049344
39	46	0.049334
9	50	0.049333
59	66	0.049332
25	63	0.04933
15	41	0.049327
19	31	0.049326
24	68	0.049323
24	70	0.049322
10	67	0.049319
41	57	0.049318
25	61	0.049317
10	23	0.049313
83	86	0.049313
7	49	0.049313
24	82	0.049309
7	26	0.049309
34	46	0.049308
33	68	0.049305
33	70	0.049303
8	63	0.049301
9	65	0.0493
12	25	0.049297
3	69	0.049291
7	64	0.049289
8	80	0.049288
55	66	0.049288
11	63	0.049285
39	86	0.049284
47	82	0.049282
26	73	0.049281
11	80	0.049272
40	77	0.049271
14	81	0.049264
13	79	0.049262
51	68	0.049258
48	56	0.049247
3	59	0.049247
31	41	0.049239
77	79	0.049237
27	40	0.049236
64	67	0.049232
24	81	0.04923
23	71	0.049228
23	64	0.049226
17	41	0.049216
10	65	0.049215
40	43	0.049212
36	49	0.049211
33	81	0.049211
26	36	0.049207
38	54	0.049204
47	81	0.049202
27	79	0.049201
3	55	0.0492
69	80	0.049194
71	81	0.049187
36	64	0.049186
28	30	0.04918
70	76	0.049175
12	69	0.049172
70	85	0.049171
38	39	0.049167
10	48	0.049163
59	63	0.049162
66	75	0.049159
51	86	0.049159
8	46	0.04915
59	80	0.049148
26	65	0.049144
24	86	0.049142
14	73	0.049135
25	87	0.049133
11	46	0.049133
41	58	0.049133
27	87	0.049133
7	24	0.04913
10	13	0.049126
12	59	0.049126
22	54	0.049126
17	23	0.049122
1	36	0.04912
22	83	0.049119
55	63	0.049113
65	72	0.049111
34	80	0.04911
41	76	0.049108
1	40	0.049106
14	67	0.049103
32	79	0.049102
24	73	0.049099
14	23	0.049097
28	41	0.049091
26	48	0.04909
22	39	0.049087
7	71	0.049084
49	56	0.049084
26	56	0.049079
33	73	0.049079
54	87	0.049074
47	73	0.049069
48	64	0.049068
1	79	0.049068
83	87	0.049067
24	67	0.049067
3	75	0.049066
22	67	0.049065
56	64	0.049058
2	37	0.049055
46	69	0.04905
33	67	0.049047
37	54	0.049041
23	33	0.04904
39	87	0.049034
37	83	0.049034
40	62	0.049031
66	82	0.049025
67	71	0.049021
24	36	0.049018
27	47	0.049013
41	72	0.04901
2	54	0.049005
25	38	0.049001
37	39	0.049001
46	59	0.049
44	85	0.049
2	83	0.048998
40	78	0.048998
35	40	0.048997
34	48	0.048994
4	16	0.048993
10	49	0.048993
69	86	0.048992
62	79	0.048992
14	65	0.048989
10	26	0.048988
36	47	0.048988
63	75	0.048974
36	71	0.048971
15	42	0.04897
10	64	0.048965
2	39	0.048964
12	16	0.048964
75	80	0.048959
78	79	0.048958
35	79	0.048957
7	32	0.048952
24	65	0.048951
11	38	0.048949
46	55	0.048948
16	41	0.048945
73	86	0.048944
3	68	0.048943
59	86	0.048942
3	70	0.048942
66	81	0.048935
12	75	0.048935
44	80	0.048932
14	48	0.048931
33	65	0.048929
45	46	0.048928
3	82	0.048927
27	76	0.048924
14	56	0.048919
22	25	0.048915
3	14	0.048909
65	71	0.048902
24	48	0.048892
26	64	0.048886
35	77	0.048882
8	22	0.04888
29	41	0.048877
83	84	0.048874
26	76	0.048869
33	48	0.048869
66	73	0.048862
11	22	0.048861
38	69	0.048859
13	54	0.048855
21	40	0.048854
54	77	0.048849
13	83	0.048848
47	56	0.048847
63	70	0.048844
77	83	0.048842
9	40	0.048835
3	81	0.048833
4	72	0.048832
68	80	0.04883
56	71	0.048829
63	82	0.048829
70	80	0.048828
8	87	0.048823
25	37	0.048822
10	63	0.048821
7	66	0.048821
41	44	0.048817
30	41	0.048813
21	79	0.048813
13	39	0.048812
19	41	0.04881
27	54	0.048806
39	77	0.048806
38	59	0.048806
12	68	0.048805
11	87	0.048803
12	70	0.048803
27	83	0.048799
46	75	0.048799
9	79	0.048793
12	82	0.048787
8	37	0.048786
44	68	0.048785
2	25	0.048783
10	24	0.048781
41	51	0.048776
22	69	0.048768
40	50	0.048763
27	39	0.048763
20	41	0.04876
10	33	0.048757
38	55	0.048749
14	49	0.048743
14	26	0.048737
75	86	0.048735
43	79	0.048733
63	81	0.048731
40	53	0.048729
10	71	0.048728
50	79	0.04872
40	61	0.048718
3	7	0.048713
41	74	0.048713
22	59	0.048712
14	64	0.048712
24	49	0.048701
24	26	0.048695
36	66	0.048694
32	54	0.04869
18	41	0.04869
12	81	0.048688
40	45	0.048688
53	79	0.048685
30	35	0.048684
32	83	0.048683
16	71	0.04868
33	49	0.048677
61	79	0.048674
26	33	0.048671
24	64	0.04867
37	69	0.04867
47	49	0.048666
46	68	0.048661
26	47	0.04866
41	60	0.048655
22	55	0.048654
59	87	0.048651
1	54	0.04865
34	40	0.04865
32	61	0.048647
49	71	0.048646
32	39	0.048645
46	82	0.048643
45	79	0.048643
1	83	0.048643
3	67	0.048639
3	23	0.048632
2	69	0.048628
13	25	0.048619
41	85	0.048618
25	77	0.048613
37	59	0.048612
15	40	0.04861
7	63	0.048607
56	58	0.048606
34	79	0.048604
1	39	0.048604
52	79	0.048598
40	57	0.048597
15	47	0.048595
68	86	0.048594
70	86	0.048592
55	87	0.048591
7	80	0.048589
38	75	0.048588
8	13	0.04858
8	77	0.048573
63	73	0.048569
2	59	0.048569
25	27	0.048566
15	79	0.048564
54	62	0.048559
11	13	0.048559
11	77	0.048552
62	83	0.048552
37	55	0.048551
57	79	0.048551
46	81	0.048538
38	63	0.048537
40	42	0.048536
63	67	0.04853
8	27	0.048526
12	73	0.048524
23	63	0.048522
54	78	0.04852
35	54	0.048519
67	80	0.048512
78	83	0.048512
39	62	0.048511
35	83	0.048511
14	24	0.048508
2	55	0.048508
11	27	0.048504
23	80	0.048504
3	65	0.048501
18	38	0.048498
20	84	0.048496
31	40	0.04849
42	79	0.048489
22	75	0.048487
7	28	0.048486
12	23	0.048476
39	78	0.048471
14	47	0.048471
35	39	0.04847
36	63	0.04847
81	86	0.048468
50	72	0.04846
17	40	0.04846
42	44	0.048459
13	69	0.048454
36	80	0.048451
69	77	0.048447
31	79	0.048442
25	32	0.048439
38	68	0.048439
38	70	0.048437
24	33	0.048436
10	66	0.048423
12	36	0.048422
38	82	0.048419
3	56	0.048417
17	79	0.048411
45	47	0.048407
7	46	0.048405
27	69	0.048398
33	47	0.048398
8	32	0.048398
1	25	0.048395
13	59	0.048392
63	65	0.048386
4	79	0.048381
37	75	0.048378
33	71	0.048377
65	80	0.048368
17	28	0.048365
46	73	0.048365
47	71	0.048365
21	54	0.048348
40	58	0.048347
23	31	0.048343
21	83	0.048339
12	65	0.048338
27	59	0.048334
49	66	0.048332
22	68	0.048332
7	86	0.048332
2	75	0.048331
22	70	0.04833
1	11	0.04833
13	55	0.048327
26	66	0.048326
9	54	0.048325
9	83	0.048316
40	76	0.048314
22	82	0.048312
38	81	0.048306
56	63	0.048299
58	79	0.048297
21	39	0.048296
48	80	0.048294
6	41	0.048293
28	40	0.048291
13	57	0.04829
22	57	0.048286
56	80	0.04828
5	41	0.048279
9	39	0.048273
27	55	0.048268
12	48	0.048263
32	69	0.048263
76	79	0.048263
68	87	0.048262
36	46	0.048258
43	54	0.048253
25	78	0.048253
8	62	0.048252
25	35	0.048251
12	56	0.048249
67	86	0.048247
43	83	0.048245
82	87	0.048241
28	79	0.04824
23	86	0.048238
50	54	0.048238
50	83	0.048229
11	62	0.048228
37	68	0.048218
1	69	0.048217
37	70	0.048216
8	78	0.048208
8	35	0.048207
39	43	0.0482
3	26	0.048198
32	59	0.048197
37	82	0.048196
22	81	0.048194
41	84	0.048193
53	83	0.048189
39	50	0.048185
54	61	0.048184
11	78	0.048184
11	35	0.048183
40	72	0.048181
36	86	0.048181
26	32	0.04818
13	16	0.048177
61	83	0.048175
2	68	0.048169
46	65	0.048168
3	64	0.048168
2	70	0.048167
10	80	0.048156
1	59	0.048149
45	54	0.048147
2	82	0.048147
39	53	0.048143
13	75	0.048139
45	83	0.048139
72	79	0.048128
16	66	0.048124
81	87	0.048121
38	73	0.048118
14	66	0.048114
2	67	0.048113
62	69	0.048112
34	54	0.048102
16	40	0.048094
43	56	0.048093
34	83	0.048093
39	45	0.048092
52	83	0.048085
1	55	0.048079
27	75	0.048077
46	56	0.048075
37	81	0.048074
38	67	0.048072
69	78	0.048066
21	25	0.048065
24	66	0.048062
49	80	0.048057
15	54	0.048054
26	80	0.04805
34	39	0.048046
7	22	0.048045
15	83	0.048045
59	62	0.048042
63	64	0.04804
16	79	0.04804
9	25	0.048039
54	57	0.048039
33	66	0.048032
12	49	0.048024
2	81	0.048023
47	66	0.048018
8	21	0.048018
12	26	0.048017
36	38	0.048003
29	40	0.048002
22	73	0.048
70	72	0.047999
15	39	0.047997
59	78	0.047995
66	71	0.047995
35	59	0.047994
56	86	0.047993
8	9	0.047992
11	21	0.047992
12	64	0.047986
39	57	0.047983
7	17	0.04797
55	62	0.047969
7	87	0.047968
13	68	0.047967
9	11	0.047966
9	71	0.047965
13	70	0.047964
25	43	0.047962
68	77	0.047958
70	77	0.047956
42	83	0.047956
77	85	0.04795
29	79	0.047946
25	50	0.047945
10	46	0.047943
47	50	0.047943
35	43	0.047941
38	57	0.04793
29	76	0.04793
32	75	0.047928
5	34	0.047928
53	81	0.047926
66	78	0.047925
40	44	0.047922
55	78	0.047921
32	70	0.04792
35	55	0.04792
7	37	0.04792
30	40	0.047916
8	43	0.047913
19	40	0.047912
31	54	0.047911
39	42	0.047907
38	65	0.047906
31	83	0.047901
27	68	0.047901
25	53	0.047901
8	50	0.047896
11	43	0.047887
22	36	0.04788
27	82	0.047877
1	75	0.047876
17	54	0.047874
37	73	0.047873
11	50	0.04787
2	7	0.047866
40	51	0.047866
60	75	0.047865
44	79	0.047865
17	83	0.047864
68	72	0.047862
30	79	0.047859
10	86	0.047859
19	79	0.047855
3	71	0.047853
31	39	0.047852
8	53	0.047852
25	45	0.047846
20	40	0.047844
14	63	0.047841
9	69	0.04784
4	54	0.047839
8	61	0.047837
26	46	0.047831
4	83	0.047829
45	70	0.047826
11	53	0.047824
37	67	0.047824
38	48	0.047821
14	80	0.047819
2	73	0.047819
17	39	0.047814
23	37	0.047814
13	81	0.047812
9	74	0.04781
11	61	0.04781
34	68	0.047808
51	79	0.047808
38	56	0.047804
8	45	0.047796
21	59	0.047792
25	52	0.047788
31	86	0.047786
20	79	0.047785
20	35	0.047784
12	14	0.047784
40	74	0.047781
22	65	0.04778
4	39	0.047779
11	45	0.047768
27	28	0.047766
51	57	0.047766
9	59	0.047765
24	80	0.047762
62	75	0.04776
2	23	0.047759
43	69	0.047758
30	43	0.047753
49	86	0.047751
18	40	0.04775
8	34	0.047746
42	43	0.047746
22	62	0.047745
32	68	0.047744
27	81	0.047744
26	86	0.047743
50	69	0.04774
54	58	0.04774
8	52	0.047737
34	56	0.047734
33	80	0.04773
58	83	0.04773
25	57	0.047728
12	24	0.047727
2	43	0.047723
74	79	0.047721
32	82	0.04772
11	34	0.047718
47	80	0.047715
21	55	0.047714
63	71	0.047712
75	78	0.047709
11	52	0.047709
64	86	0.047709
40	60	0.047703
32	35	0.047702
54	76	0.0477
15	56	0.047699
12	33	0.047694
53	69	0.047693
2	36	0.047693
22	48	0.047693
8	15	0.047693
1	68	0.04769
18	79	0.04769
76	83	0.047689
71	80	0.047689
1	70	0.047688
9	55	0.047686
43	59	0.047681
12	47	0.047679
61	69	0.047678
39	58	0.047678
8	57	0.047676
22	56	0.047675
24	61	0.047673
28	54	0.047672
1	82	0.047665
11	15	0.047664
50	59	0.047663
28	83	0.047662
40	85	0.047654
12	71	0.047653
57	71	0.047652
31	78	0.047651
11	57	0.047648
25	42	0.047647
7	13	0.047645
37	65	0.047645
60	79	0.047643
39	76	0.047637
7	77	0.047636
45	69	0.047635
53	59	0.047615
28	39	0.047609
6	36	0.047608
48	87	0.047608
43	55	0.0476
59	61	0.047599
13	73	0.047595
8	42	0.047594
79	85	0.047592
56	87	0.04759
25	31	0.047588
73	77	0.047586
14	46	0.047584
34	69	0.047583
50	55	0.047582
65	84	0.047581
32	81	0.04758
65	85	0.04758
52	69	0.047574
7	27	0.047573
11	42	0.047565
47	51	0.04756
45	59	0.047556
37	48	0.047554
17	85	0.047553
17	25	0.047547
53	86	0.047546
13	67	0.047542
62	82	0.047542
54	72	0.04754
37	56	0.047536
22	87	0.047536
8	31	0.047534
53	55	0.047533
67	77	0.047533
13	23	0.047531
28	64	0.047531
72	83	0.04753
19	32	0.047529
10	22	0.047528
15	69	0.047527
1	81	0.047523
23	77	0.047522
55	61	0.047517
68	78	0.047514
35	68	0.047513
70	78	0.047512
57	69	0.04751
35	70	0.04751
4	25	0.047509
5	18	0.047505
38	64	0.047505
11	31	0.047505
34	59	0.047502
2	48	0.047495
8	17	0.047493
14	86	0.047491
21	75	0.047489
33	46	0.047489
78	82	0.047488
30	65	0.047487
35	82	0.047487
2	56	0.047477
39	72	0.047475
26	31	0.047473
45	55	0.047472
11	17	0.047464
13	36	0.047461
9	75	0.04746
31	65	0.047452
36	77	0.047452
3	66	0.047449
15	59	0.047445
10	87	0.04744
16	54	0.047436
47	52	0.04743
16	83	0.047425
4	11	0.047424
34	55	0.047418
25	58	0.047401
62	81	0.047395
33	86	0.047394
27	36	0.047386
5	43	0.047385
47	86	0.047378
21	36	0.047373
16	39	0.047369
43	75	0.047368
22	64	0.047365
31	69	0.047362
15	55	0.04736
25	76	0.047357
61	84	0.047356
13	65	0.047349
50	75	0.047349
32	73	0.047349
8	58	0.047345
42	59	0.047341
78	81	0.04734
65	77	0.047339
35	81	0.047338
25	28	0.047327
29	54	0.047326
19	86	0.047324
2	10	0.047322
49	87	0.047319
17	69	0.047319
29	83	0.047314
11	58	0.047314
8	76	0.0473
53	75	0.047297
32	67	0.047293
63	66	0.047292
18	49	0.047289
1	73	0.047289
21	68	0.047283
23	32	0.047281
61	75	0.04728
21	70	0.04728
4	69	0.047278
31	59	0.047277
27	65	0.047272
8	28	0.04727
11	76	0.047269
66	80	0.047267
37	49	0.047262
29	39	0.047257
21	82	0.047255
26	37	0.047253
9	68	0.047252
13	48	0.047251
9	70	0.047249
75	85	0.047244
48	77	0.047241
11	28	0.047239
4	62	0.047236
45	75	0.047233
17	59	0.047233
13	56	0.047232
44	54	0.04723
12	66	0.047226
30	54	0.047224
9	82	0.047224
56	77	0.047222
1	23	0.04722
23	34	0.04722
44	83	0.047219
19	54	0.047218
6	40	0.047217
37	64	0.047215
30	83	0.047212
7	62	0.047209
19	83	0.047207
2	49	0.047198
5	40	0.047198
42	58	0.047197
4	59	0.047191
31	55	0.047187
25	72	0.047183
20	65	0.047176
34	75	0.047175
6	48	0.047175
21	48	0.047172
27	48	0.047172
33	38	0.047172
58	69	0.047164
51	54	0.047163
39	44	0.04716
43	68	0.047156
38	47	0.047155
62	73	0.047153
30	39	0.047153
66	84	0.047153
43	70	0.047153
27	56	0.047152
51	83	0.047152
7	78	0.047151
2	64	0.04715
7	35	0.047149
6	79	0.047148
19	39	0.047148
17	55	0.047143
58	81	0.047138
20	54	0.047137
50	68	0.047135
50	70	0.047132
5	79	0.047129
43	82	0.047127
14	22	0.047126
38	71	0.047126
20	83	0.047125
4	31	0.047125
8	72	0.047124
3	63	0.047122
69	76	0.047118
15	75	0.047114
22	74	0.047114
21	22	0.047111
50	82	0.047107
4	55	0.0471
21	81	0.047098
3	80	0.047095
62	67	0.047094
73	78	0.047094
35	73	0.047093
21	65	0.047092
39	51	0.047092
11	72	0.047092
32	65	0.047088
28	69	0.047086
15	37	0.047085
40	84	0.047082
53	68	0.047081
53	70	0.047078
35	66	0.047075
22	34	0.047072
5	64	0.04707
51	64	0.047065
9	81	0.047065
20	39	0.047065
61	70	0.04706
10	77	0.047058
3	12	0.047053
53	82	0.047052
74	83	0.04705
34	61	0.047042
18	65	0.047042
67	78	0.047034
61	82	0.047034
35	67	0.047033
14	87	0.047029
18	54	0.047025
23	78	0.047023
23	35	0.047021
22	33	0.047021
2	86	0.04702
31	32	0.047016
45	68	0.047013
18	83	0.047013
1	46	0.047011
8	16	0.047009
36	62	0.047004
16	49	0.047001
42	75	0.047
28	59	0.046995
39	74	0.046988
10	27	0.046986
1	15	0.046985
45	82	0.046984
32	48	0.046983
55	58	0.046981
5	51	0.046981
11	16	0.046976
6	66	0.046969
54	60	0.046969
43	81	0.046965
32	56	0.046963
60	83	0.046957
18	39	0.046951
34	70	0.046949
25	29	0.046949
50	81	0.046944
36	78	0.046943
52	68	0.046942
35	36	0.046942
52	70	0.046939
13	49	0.046936
69	72	0.046934
55	76	0.046933
31	75	0.046931
13	26	0.046927
49	77	0.046925
63	80	0.046925
34	82	0.046923
33	87	0.046921
1	48	0.046918
26	77	0.046916
47	87	0.046903
28	55	0.0469
2	14	0.046899
7	21	0.046898
24	37	0.046898
83	85	0.046897
1	56	0.046897
39	60	0.046894
15	68	0.046888
8	29	0.046887
13	64	0.046885
15	70	0.046885
17	75	0.046884
12	63	0.046881
12	32	0.04688
62	65	0.04688
64	77	0.046875
61	81	0.046868
57	68	0.046868
57	70	0.046865
7	9	0.046864
15	82	0.046858
33	37	0.046858
28	38	0.046854
11	29	0.046852
27	49	0.046851
1	21	0.046848
25	44	0.046845
59	72	0.04684
37	47	0.046839
4	75	0.046839
16	26	0.046839
21	73	0.046838
25	30	0.046838
39	85	0.046834
19	25	0.046832
45	81	0.046817
3	46	0.046814
16	69	0.046814
37	71	0.046808
3	20	0.046807
9	73	0.046804
27	64	0.0468
2	33	0.046788
8	44	0.046781
21	67	0.046775
8	30	0.046774
25	51	0.046772
48	62	0.046771
2	47	0.046769
42	68	0.046769
8	19	0.046768
42	70	0.046766
21	77	0.046761
7	43	0.04676
34	81	0.046753
56	62	0.046749
11	44	0.046746
32	62	0.046745
19	63	0.046745
52	81	0.046742
55	72	0.046741
9	67	0.04674
11	30	0.046739
42	82	0.046738
7	50	0.046737
2	71	0.046737
9	60	0.046734
11	19	0.046733
50	63	0.046731
9	23	0.046727
1	10	0.04672
16	59	0.046717
3	62	0.046709
8	51	0.046707
48	78	0.046706
35	48	0.046705
3	86	0.046702
1	74	0.046698
31	68	0.046696
31	70	0.046693
29	69	0.046686
15	81	0.046686
35	56	0.046683
8	20	0.046678
7	53	0.046678
48	60	0.046672
11	51	0.046672
57	81	0.046665
31	82	0.046664
25	74	0.046661
7	61	0.046658
51	70	0.046657
17	68	0.046646
17	70	0.046643
9	36	0.046643
11	20	0.046642
38	66	0.04664
43	67	0.046633
28	75	0.046627
21	29	0.046624
84	87	0.046623
20	68	0.046623
18	25	0.046621
23	43	0.04662
16	55	0.046616
43	86	0.046615
53	73	0.046615
17	82	0.046615
50	84	0.04661
50	67	0.04661
14	77	0.046608
7	45	0.046604
46	80	0.046603
4	68	0.046599
4	70	0.046596
8	74	0.046595
32	64	0.046595
29	59	0.046587
18	72	0.046581
1	49	0.046578
44	69	0.046576
30	69	0.046569
1	26	0.046568
4	82	0.046567
10	62	0.046567
42	49	0.046567
19	69	0.046563
42	81	0.046562
44	71	0.04656
25	60	0.04656
11	74	0.046558
12	46	0.046556
8	18	0.046554
13	24	0.046544
7	34	0.046538
23	53	0.046536
36	43	0.046533
24	77	0.046533
5	87	0.046529
14	27	0.046528
7	52	0.046527
1	64	0.046524
11	18	0.046517
63	86	0.046517
49	72	0.046514
36	50	0.04651
13	33	0.046501
10	78	0.0465
51	69	0.046499
20	73	0.046498
10	35	0.046498
25	85	0.046496
8	60	0.046493
33	77	0.046489
80	86	0.046487
31	81	0.046486
29	55	0.046483
13	47	0.046482
44	59	0.046475
45	67	0.046473
47	77	0.04647
20	69	0.046469
30	59	0.046467
58	68	0.046466
19	59	0.046461
23	45	0.04646
72	75	0.046459
11	60	0.046455
36	53	0.046448
13	71	0.046447
7	57	0.046446
3	38	0.046443
12	86	0.046439
71	77	0.046436
17	81	0.046434
58	82	0.046433
36	61	0.046427
8	85	0.046427
68	76	0.046413
26	62	0.04641
21	56	0.046405
15	73	0.046402
51	59	0.046396
43	65	0.046396
52	67	0.046394
9	48	0.046391
11	85	0.046389
6	54	0.046388
4	81	0.046385
69	74	0.046382
57	73	0.04638
23	52	0.04638
28	68	0.046376
6	83	0.046375
28	70	0.046373
44	55	0.046369
9	56	0.046367
5	54	0.046365
20	59	0.046365
30	55	0.046361
66	87	0.046358
19	55	0.046354
27	71	0.046354
5	83	0.046352
49	78	0.046351
58	64	0.04635
35	49	0.046349
4	28	0.046345
28	82	0.046343
12	28	0.046342
18	69	0.046339
26	35	0.046339
7	42	0.046338
15	67	0.046333
64	74	0.046331
16	75	0.046326
17	65	0.046325
15	23	0.046319
12	78	0.046314
57	67	0.046311
53	65	0.046308
6	39	0.046304
20	70	0.046302
23	57	0.046297
64	78	0.046294
36	52	0.046289
51	55	0.046288
37	66	0.046287
5	39	0.046281
21	47	0.046278
59	74	0.046276
43	48	0.046276
60	69	0.046275
42	73	0.046271
7	31	0.046258
28	32	0.046257
20	55	0.046257
9	53	0.046233
18	59	0.046233
24	32	0.046232
15	36	0.046228
54	84	0.046227
50	56	0.046227
17	71	0.046224
37	52	0.046221
38	78	0.046221
38	80	0.046217
10	21	0.04621
2	66	0.046209
69	85	0.046207
36	57	0.046205
2	50	0.046197
31	73	0.04619
48	53	0.046186
29	75	0.046186
23	42	0.046186
9	10	0.04617
59	60	0.046168
46	86	0.046167
55	74	0.046166
12	38	0.046166
32	47	0.046166
72	82	0.046165
48	61	0.046164
53	56	0.046161
58	63	0.046157
1	24	0.046156
4	7	0.046153
28	81	0.046152
3	87	0.04615
52	65	0.046145
15	38	0.046143
39	84	0.046141
56	61	0.04614
17	73	0.046135
18	55	0.046122
31	67	0.046118
44	64	0.04611
1	33	0.04611
59	85	0.046098
17	24	0.046096
36	42	0.046091
1	47	0.046088
4	73	0.046083
45	56	0.04608
3	37	0.046076
14	62	0.046068
44	75	0.046064
17	67	0.046063
16	68	0.04606
57	65	0.046058
30	75	0.046056
55	60	0.046055
1	71	0.046052
10	43	0.046051
19	75	0.046049
21	26	0.046042
22	80	0.046032
9	76	0.04603
10	50	0.046025
16	82	0.046025
48	52	0.046019
4	67	0.04601
31	36	0.046008
7	58	0.046008
4	23	0.045995
14	78	0.045994
52	56	0.045994
14	35	0.045992
21	64	0.045992
24	62	0.045984
55	85	0.045984
12	22	0.045979
51	75	0.045979
4	15	0.045975
3	9	0.045971
72	81	0.045968
9	61	0.045967
42	77	0.045962
10	53	0.045957
15	48	0.045954
17	36	0.045952
7	76	0.04595
20	75	0.045946
42	65	0.045942
32	86	0.045939
58	73	0.045937
20	66	0.045935
10	61	0.045934
48	57	0.04593
6	25	0.045928
51	80	0.045927
29	68	0.045913
16	53	0.045912
80	87	0.04591
24	78	0.04591
29	70	0.045909
56	57	0.045905
5	25	0.045903
4	36	0.045898
43	49	0.045889
17	42	0.045885
60	85	0.04588
38	46	0.04588
26	43	0.045878
29	82	0.045876
21	30	0.045876
66	77	0.045875
10	45	0.045872
27	86	0.045871
7	72	0.045869
49	50	0.045862
58	67	0.045861
33	78	0.045861
12	87	0.045857
26	50	0.045851
74	75	0.04585
23	58	0.045846
28	73	0.045837
37	80	0.045833
43	64	0.045827
5	8	0.045827
16	81	0.045823
6	11	0.04581
18	75	0.045803
67	76	0.045801
50	64	0.0458
35	71	0.045799
10	34	0.045796
49	53	0.045792
23	76	0.045786
42	56	0.045785
5	11	0.045784
2	63	0.045783
26	53	0.045781
12	37	0.045779
34	71	0.045777
30	68	0.045777
19	68	0.045769
49	61	0.045769
2	80	0.045749
44	82	0.045748
36	58	0.045746
4	65	0.045743
30	82	0.045739
19	82	0.045732
31	48	0.045724
10	15	0.045716
31	56	0.045698
26	45	0.045694
10	57	0.045691
17	43	0.045688
21	34	0.045686
36	76	0.045685
9	62	0.045685
22	46	0.045683
8	84	0.045674
29	81	0.045668
3	13	0.045661
3	77	0.045647
28	36	0.045644
50	53	0.045643
45	64	0.045641
17	56	0.045638
21	58	0.045637
29	72	0.045637
11	84	0.045631
34	49	0.045627
20	82	0.045622
26	34	0.045615
49	52	0.045614
6	69	0.045607
26	52	0.045602
58	65	0.045587
21	24	0.045586
4	56	0.045581
5	69	0.045581
18	50	0.045574
7	16	0.045566
67	72	0.045563
31	50	0.045562
1	66	0.04556
70	74	0.045556
22	86	0.045545
15	49	0.045544
29	71	0.045544
9	24	0.045542
23	74	0.045538
44	81	0.045536
32	66	0.045535
30	81	0.045527
1	35	0.045521
74	82	0.045521
19	81	0.045519
49	57	0.045519
32	37	0.045514
18	68	0.045511
2	44	0.045509
18	70	0.045507
26	57	0.045507
14	43	0.0455
6	65	0.04549
6	59	0.045486
28	65	0.045482
10	31	0.045476
37	46	0.045473
14	50	0.045472
18	82	0.045472
21	71	0.045471
5	59	0.045459
57	64	0.045453
48	58	0.045449
51	81	0.045443
36	72	0.045443
60	68	0.045437
31	53	0.045434
60	70	0.045433
63	77	0.045422
69	84	0.045422
10	17	0.045414
16	67	0.045408
20	81	0.045406
7	29	0.045405
13	80	0.0454
14	53	0.045398
60	82	0.045397
77	80	0.045386
48	76	0.045384
2	46	0.045383
24	50	0.04538
26	42	0.045379
14	61	0.045373
6	55	0.04536
68	85	0.045358
56	76	0.045357
33	43	0.045356
4	10	0.045355
47	61	0.045345
12	13	0.045342
5	55	0.045332
37	86	0.04533
33	50	0.045327
12	77	0.045327
29	73	0.045326
27	63	0.045324
42	64	0.045323
34	86	0.045319
20	23	0.045311
14	45	0.045305
24	53	0.045304
43	50	0.045303
74	81	0.045301
59	84	0.045298
43	71	0.04529
27	80	0.045287
16	36	0.045284
31	57	0.045279
7	44	0.045267
1	22	0.045265
50	71	0.045261
7	30	0.045257
33	53	0.045251
18	81	0.04525
7	19	0.045249
29	67	0.045243
30	63	0.045235
31	64	0.045229
12	27	0.045228
47	53	0.045226
23	29	0.045226
33	61	0.045225
17	26	0.045221
14	34	0.045221
24	52	0.045218
24	45	0.04521
14	52	0.045207
10	58	0.045189
44	73	0.045186
53	71	0.045184
30	73	0.045176
4	49	0.045173
60	81	0.045173
7	51	0.045169
19	73	0.045168
17	64	0.045165
61	71	0.045158
33	45	0.045156
14	15	0.045133
7	20	0.045131
48	72	0.04513
10	76	0.045122
29	36	0.045116
14	57	0.045106
44	67	0.045101
56	72	0.045101
30	67	0.045091
81	85	0.04509
51	73	0.045088
38	87	0.045087
23	44	0.045084
10	28	0.045077
19	23	0.045066
33	52	0.045056
34	47	0.045045
21	61	0.045037
7	74	0.045022
32	80	0.045018
13	46	0.045012
24	57	0.045008
51	67	0.045001
37	38	0.044999
6	75	0.044997
46	77	0.044997
26	58	0.04499
52	71	0.044987
36	44	0.044971
14	42	0.044969
7	18	0.044968
5	75	0.044968
1	63	0.044964
16	48	0.044963
20	67	0.044962
30	36	0.044961
19	36	0.044953
33	57	0.044952
29	65	0.04494
49	76	0.044934
38	84	0.044931
47	57	0.044927
1	80	0.044925
3	35	0.044914
15	71	0.04491
64	72	0.044907
2	38	0.044902
27	46	0.044893
7	60	0.044888
73	84	0.044874
24	42	0.04487
14	31	0.04487
36	51	0.044869
64	76	0.044862
13	86	0.044859
10	72	0.044857
77	86	0.044844
20	36	0.044829
26	30	0.044821
33	42	0.044813
74	77	0.044812
21	66	0.044806
7	85	0.044802
14	17	0.044802
2	13	0.044798
18	67	0.044795
3	60	0.044793
44	65	0.044791
42	47	0.044787
22	37	0.044773
19	65	0.044773
42	66	0.044766
9	66	0.044757
29	56	0.044756
4	37	0.044746
4	14	0.044737
5	15	0.044731
1	32	0.044729
44	49	0.044726
73	85	0.044715
62	80	0.044715
36	74	0.044715
2	18	0.044705
23	60	0.044694
31	47	0.044684
10	16	0.044683
2	22	0.044673
21	38	0.04467
6	68	0.044666
63	78	0.044665
35	63	0.044662
6	70	0.044661
18	36	0.044659
20	47	0.044652
12	62	0.04465
26	72	0.044647
17	33	0.044641
5	68	0.044635
5	70	0.04463
37	87	0.044625
67	85	0.044624
6	82	0.044621
19	48	0.044616
17	47	0.044614
32	46	0.044607
23	85	0.044606
44	56	0.044604
30	56	0.044593
5	82	0.04459
19	56	0.044584
4	27	0.044582
36	60	0.044575
50	66	0.044575
14	58	0.044555
4	47	0.044548
6	18	0.04454
3	21	0.044538
65	74	0.044528
2	87	0.044523
13	38	0.044504
4	71	0.044501
10	29	0.0445
51	56	0.044496
28	71	0.044495
53	66	0.044489
38	77	0.044488
20	48	0.044486
36	85	0.044485
14	76	0.044482
20	64	0.044479
20	56	0.044454
24	58	0.04445
70	84	0.044447
14	28	0.044432
82	84	0.044406
16	64	0.044406
6	30	0.044405
33	58	0.044389
60	65	0.044385
45	66	0.044383
16	47	0.044383
4	84	0.044381
24	76	0.044375
6	81	0.044369
15	61	0.044367
28	47	0.044351
1	86	0.044343
10	44	0.044341
5	81	0.044337
56	74	0.044334
10	30	0.044331
10	19	0.044322
63	74	0.044321
33	76	0.044314
31	62	0.044308
29	49	0.044294
34	66	0.044288
47	76	0.044286
46	62	0.044286
26	29	0.044279
18	56	0.044275
52	66	0.044271
13	22	0.044262
22	77	0.044245
10	51	0.044231
21	80	0.044229
3	53	0.044208
9	38	0.044205
14	72	0.044191
46	78	0.044189
10	20	0.044187
35	46	0.044187
3	61	0.044179
9	80	0.044175
17	27	0.044174
12	21	0.04416
57	66	0.044156
22	28	0.04414
22	27	0.044129
30	49	0.04412
26	44	0.044117
62	86	0.044116
9	12	0.044106
13	87	0.044103
22	32	0.044102
3	45	0.044098
19	26	0.044096
56	85	0.044092
38	62	0.044088
77	87	0.044086
49	51	0.044078
32	38	0.044069
10	74	0.044062
43	63	0.044057
38	61	0.044054
19	71	0.044054
5	78	0.04402
78	86	0.044017
33	72	0.044017
35	86	0.044015
43	80	0.044013
42	87	0.044002
10	18	0.044001
47	72	0.043988
3	52	0.043982
50	80	0.043978
5	71	0.043973
28	34	0.043969
1	38	0.043962
20	26	0.043957
12	43	0.043942
21	37	0.043931
53	63	0.04393
60	86	0.043929
5	73	0.043921
10	60	0.043909
12	50	0.043907
3	15	0.043894
16	24	0.043888
16	51	0.043887
31	66	0.043886
14	19	0.043876
2	77	0.043874
30	87	0.043869
3	57	0.043862
6	67	0.043853
6	23	0.043833
26	74	0.043829
16	33	0.043823
7	84	0.043818
45	63	0.043817
12	53	0.043813
10	85	0.043811
5	23	0.043799
6	24	0.043794
45	80	0.043771
21	46	0.043771
15	21	0.04377
2	27	0.043752
4	66	0.043735
16	37	0.043721
34	63	0.043714
3	42	0.043701
12	45	0.043698
18	64	0.043697
5	36	0.043665
22	50	0.043652
32	87	0.043644
14	44	0.043627
29	33	0.043617
67	84	0.043616
14	30	0.043615
15	63	0.043605
60	64	0.043602
23	84	0.043595
49	85	0.043586
6	35	0.043574
57	63	0.043572
26	85	0.043571
15	80	0.043558
43	46	0.043542
9	86	0.043532
58	66	0.043528
57	80	0.043525
6	47	0.043516
27	53	0.043513
24	44	0.043508
14	51	0.043506
46	50	0.043505
64	85	0.0435
24	30	0.043496
12	15	0.043483
14	20	0.043458
36	84	0.043457
5	65	0.043451
12	57	0.04345
31	38	0.043449
28	76	0.043442
33	44	0.04344
30	33	0.043428
3	4	0.043426
1	37	0.043424
21	50	0.043413
44	47	0.043409
46	53	0.043407
42	63	0.043405
30	47	0.043397
28	66	0.043388
24	51	0.043385
17	74	0.04338
42	80	0.043357
17	46	0.04335
27	34	0.043343
14	74	0.043322
50	86	0.043318
33	51	0.043316
46	72	0.0433
31	63	0.043283
19	84	0.043283
62	87	0.043281
27	77	0.04327
5	48	0.043265
6	56	0.043265
14	18	0.043255
12	51	0.043235
31	80	0.043234
51	71	0.04323
5	56	0.043228
20	61	0.043228
45	72	0.043224
44	76	0.043221
20	62	0.043215
3	58	0.043211
17	63	0.0432
24	74	0.043198
61	86	0.043185
78	87	0.043171
37	62	0.043169
46	52	0.043158
12	31	0.043156
14	60	0.043155
17	80	0.04315
3	76	0.043125
4	63	0.04312
45	86	0.043094
12	17	0.043072
18	33	0.04306
37	78	0.043058
35	37	0.043055
48	84	0.043048
14	85	0.043048
2	62	0.043047
24	60	0.043029
18	47	0.043027
46	57	0.043026
56	84	0.04301
31	43	0.042985
18	71	0.042971
13	32	0.042938
2	78	0.042935
2	35	0.042932
38	43	0.042925
47	60	0.042924
32	77	0.042918
6	78	0.042871
15	86	0.042864
30	76	0.042862
42	46	0.042848
33	85	0.042848
58	80	0.042847
34	74	0.042836
57	86	0.042828
9	22	0.042823
1	13	0.042817
47	85	0.042815
12	58	0.042804
1	77	0.042797
3	72	0.042782
38	53	0.042781
20	46	0.04277
76	80	0.042757
71	85	0.042757
28	63	0.042748
6	49	0.042707
21	87	0.042698
28	80	0.042696
10	84	0.042692
6	26	0.04269
45	60	0.042682
63	85	0.042676
12	76	0.042675
5	49	0.042668
1	27	0.042659
38	45	0.042651
5	26	0.042651
42	86	0.042647
32	43	0.04264
4	61	0.042631
6	64	0.042612
31	72	0.042599
2	84	0.042598
1	18	0.042571
3	16	0.042558
4	46	0.042545
13	62	0.042545
20	86	0.042541
34	38	0.042534
62	77	0.042524
9	37	0.042515
38	52	0.042514
22	53	0.042484
30	66	0.04246
2	21	0.04245
19	66	0.042449
49	84	0.042437
13	78	0.042426
17	86	0.042424
13	35	0.042423
26	84	0.042419
77	78	0.042406
72	80	0.0424
50	87	0.042399
2	9	0.042384
27	62	0.042383
44	86	0.042367
19	20	0.042364
27	78	0.042362
64	84	0.042339
3	29	0.042321
37	43	0.042318
12	72	0.042315
46	58	0.042309
17	58	0.042296
37	50	0.042276
20	50	0.042267
18	63	0.042245
16	63	0.042222
46	76	0.042214
22	52	0.042208
15	22	0.042205
38	42	0.042182
37	53	0.042165
20	85	0.042162
45	87	0.042152
28	46	0.042149
37	61	0.042128
66	74	0.042126
3	30	0.042104
34	72	0.042102
58	86	0.042096
5	14	0.042072
9	17	0.04207
18	66	0.042051
2	53	0.042029
37	45	0.042026
76	86	0.041999
2	61	0.041992
3	51	0.041975
17	38	0.041949
28	86	0.041933
5	24	0.041932
29	80	0.041921
13	21	0.041915
16	45	0.041911
34	37	0.041902
6	33	0.041893
2	45	0.041889
22	42	0.041866
57	87	0.041859
4	38	0.041858
5	33	0.041851
9	13	0.041846
34	60	0.041845
22	58	0.04184
12	29	0.041832
14	84	0.041827
9	77	0.041824
2	19	0.041824
5	47	0.041815
6	71	0.041793
27	52	0.041791
52	77	0.041787
5	32	0.041781
16	18	0.041778
3	74	0.041758
6	61	0.041753
17	35	0.041739
27	44	0.04172
85	86	0.041709
30	80	0.041695
52	60	0.041686
19	80	0.041683
9	27	0.041673
13	43	0.041636
60	61	0.041625
43	77	0.041614
38	58	0.041606
12	30	0.041604
33	84	0.0416
12	19	0.041592
13	50	0.041591
2	57	0.041589
50	77	0.041569
47	84	0.041563
18	31	0.041541
4	22	0.041532
30	52	0.041529
37	42	0.041527
38	76	0.041504
20	80	0.041503
71	84	0.041498
1	9	0.041493
28	87	0.041484
13	53	0.041472
53	60	0.041467
62	78	0.041434
27	50	0.041413
17	87	0.041413
16	72	0.041413
12	20	0.04141
61	77	0.04141
43	72	0.041406
2	42	0.041383
31	37	0.041379
43	78	0.04137
74	80	0.041336
21	32	0.041332
29	46	0.041331
13	45	0.041325
45	77	0.041302
1	53	0.041299
17	37	0.041279
18	80	0.041255
27	61	0.041253
34	85	0.041249
52	85	0.041247
12	74	0.041242
2	31	0.041233
2	29	0.041211
13	34	0.041192
13	52	0.041169
20	51	0.041169
34	77	0.041168
22	76	0.041167
12	18	0.041161
27	45	0.041143
60	80	0.041133
2	17	0.041132
16	19	0.041129
30	46	0.041092
37	44	0.04109
19	46	0.04108
44	60	0.041077
58	87	0.041053
12	60	0.041037
15	77	0.041028
15	84	0.04101
80	85	0.041003
32	50	0.040991
21	72	0.04099
28	52	0.040964
52	62	0.040956
76	87	0.040946
12	85	0.040906
57	85	0.040886
6	16	0.040882
32	53	0.040865
9	78	0.040862
18	45	0.040852
18	87	0.040848
1	50	0.040845
13	42	0.040792
21	57	0.040783
2	58	0.040763
21	78	0.040734
28	37	0.040733
46	74	0.040714
5	66	0.040713
32	45	0.04071
43	53	0.040698
52	53	0.040682
45	51	0.04067
2	76	0.040653
13	31	0.040635
18	46	0.040628
2	28	0.040579
43	62	0.040567
29	38	0.040561
1	45	0.04056
32	52	0.040546
13	17	0.040528
72	87	0.040523
50	62	0.040518
9	43	0.040513
17	77	0.040503
16	22	0.040482
60	77	0.040468
44	52	0.04046
27	31	0.040442
4	51	0.040427
4	13	0.040426
5	61	0.040403
4	77	0.040401
53	62	0.040387
37	72	0.040379
32	57	0.040377
50	78	0.040375
35	50	0.040371
16	57	0.040362
46	85	0.040362
35	57	0.040336
38	44	0.040323
30	38	0.040306
19	38	0.040293
16	87	0.040248
53	78	0.040243
35	53	0.040239
45	62	0.040225
1	57	0.040223
61	78	0.0402
22	29	0.040196
35	61	0.040196
38	51	0.040156
32	42	0.040149
20	38	0.04009
34	62	0.04008
45	78	0.04008
35	45	0.040076
9	21	0.040059
52	72	0.040024
19	72	0.04
1	42	0.039993
21	44	0.039985
44	72	0.039948
13	28	0.039947
27	58	0.039939
2	16	0.039938
6	63	0.039934
22	30	0.039934
34	78	0.039932
15	62	0.039926
28	77	0.039921
19	22	0.03992
29	34	0.039909
5	46	0.039897
15	58	0.039896
44	87	0.03989
5	63	0.039885
6	80	0.039868
1	31	0.039825
5	80	0.039818
21	43	0.039814
32	44	0.039812
29	37	0.039806
44	77	0.039799
6	12	0.039762
16	31	0.039741
5	12	0.039712
1	17	0.039711
31	61	0.039698
20	30	0.039683
19	87	0.039676
5	62	0.039665
35	60	0.039664
42	62	0.039643
16	62	0.039638
63	84	0.039589
13	72	0.03957
72	77	0.039543
30	37	0.039536
38	85	0.039528
19	37	0.039522
13	84	0.039521
80	84	0.039521
53	74	0.039495
42	78	0.039491
35	42	0.039487
21	45	0.039452
12	84	0.039412
57	74	0.039403
37	51	0.039376
27	72	0.03936
17	62	0.039354
32	76	0.039342
20	37	0.039307
1	58	0.039298
5	20	0.039285
22	60	0.039284
74	87	0.039267
16	77	0.039246
43	61	0.03924
30	74	0.039202
50	57	0.039199
17	78	0.039198
1	29	0.039197
9	52	0.039187
1	76	0.039176
6	46	0.039167
29	31	0.03915
2	20	0.039135
22	85	0.039133
45	85	0.039128
37	74	0.039108
29	32	0.039095
4	78	0.039085
60	87	0.039081
53	61	0.039041
19	43	0.039031
18	37	0.039012
9	57	0.038999
19	35	0.038974
2	60	0.038968
17	57	0.038966
16	50	0.038961
13	29	0.038961
29	77	0.038933
58	62	0.03893
21	51	0.038923
15	50	0.038916
42	60	0.038914
50	52	0.038871
29	53	0.03887
37	60	0.038866
32	72	0.038863
35	58	0.038846
5	86	0.038838
62	76	0.038804
46	84	0.038802
34	53	0.03875
27	29	0.038742
43	57	0.038735
31	51	0.038733
6	38	0.038724
37	85	0.038711
52	61	0.038675
13	30	0.038674
13	19	0.038659
21	31	0.038653
1	30	0.038653
30	77	0.038646
35	76	0.038639
19	77	0.038631
30	50	0.03862
5	38	0.038609
15	53	0.038581
28	35	0.038553
45	52	0.038541
5	19	0.038531
17	21	0.03853
6	22	0.038516
13	51	0.038505
57	61	0.038481
51	77	0.038477
13	20	0.038431
9	51	0.038412
4	21	0.038412
29	61	0.038411
20	77	0.038403
15	45	0.038397
1	16	0.038377
34	52	0.038377
45	57	0.038345
18	43	0.038296
61	85	0.038286
27	51	0.03828
20	44	0.038259
13	74	0.038221
42	61	0.038221
34	57	0.038179
6	45	0.038171
52	57	0.038151
35	72	0.038137
13	18	0.038119
17	50	0.038108
18	77	0.038089
19	62	0.038081
31	42	0.038074
27	74	0.037992
9	58	0.037989
4	50	0.037987
13	60	0.037964
17	53	0.037953
6	29	0.037924
34	42	0.037914
50	76	0.037906
17	61	0.037902
18	27	0.037888
42	52	0.037885
32	74	0.03788
4	53	0.03783
4	52	0.037822
16	78	0.037815
13	85	0.0378
5	22	0.03777
9	28	0.037766
1	44	0.037761
32	51	0.037746
27	60	0.037731
1	19	0.037725
43	58	0.037708
31	52	0.037691
50	58	0.037648
4	45	0.037638
43	76	0.037572
27	85	0.037565
1	51	0.037562
17	52	0.03756
18	20	0.037542
6	28	0.037531
1	20	0.037484
28	43	0.03748
77	84	0.037473
29	78	0.037471
58	61	0.037436
22	84	0.037429
28	50	0.037419
43	84	0.037406
6	37	0.037369
28	72	0.037354
53	76	0.037351
30	62	0.037334
28	58	0.037331
9	72	0.037329
5	37	0.03731
45	58	0.037291
28	53	0.037258
18	62	0.037238
4	57	0.037225
28	61	0.037205
32	60	0.037179
44	78	0.037177
20	45	0.037172
42	76	0.037169
45	76	0.037153
6	58	0.037133
16	21	0.037085
52	58	0.037084
28	45	0.037058
44	61	0.037018
20	76	0.037016
32	85	0.037007
1	60	0.036989
34	76	0.036974
51	78	0.036971
35	51	0.036967
37	84	0.03696
4	42	0.036944
52	76	0.036944
4	85	0.036927
5	52	0.036904
5	74	0.036901
16	44	0.036847
16	76	0.036825
53	72	0.036808
9	20	0.03677
53	84	0.036705
16	43	0.036688
44	57	0.036668
29	44	0.036664
35	74	0.036655
28	57	0.036632
9	29	0.036626
1	84	0.036603
4	17	0.036601
31	85	0.036594
60	62	0.036563
18	35	0.036543
28	84	0.036431
6	13	0.036379
60	78	0.036378
30	61	0.036377
6	77	0.036347
28	42	0.036341
29	43	0.036321
5	13	0.036317
5	77	0.036285
29	50	0.036256
51	52	0.036245
57	60	0.036239
31	76	0.036229
15	72	0.036225
42	51	0.036225
78	85	0.036199
35	85	0.036194
57	72	0.036166
9	84	0.036156
28	31	0.03613
30	53	0.036128
6	27	0.036124
17	18	0.036099
4	58	0.036099
17	76	0.036086
15	44	0.036078
9	85	0.036072
5	27	0.036062
43	44	0.036008
4	76	0.035951
19	50	0.035903
21	74	0.035879
29	45	0.035872
42	72	0.035869
30	44	0.03584
43	51	0.035788
18	74	0.035762
19	53	0.035727
20	43	0.035702
17	44	0.035702
27	84	0.035687
29	30	0.035665
29	52	0.035648
45	74	0.035558
30	45	0.035529
19	45	0.035511
17	72	0.035505
15	29	0.035479
20	53	0.035457
29	57	0.035417
21	85	0.0354
30	34	0.035334
19	34	0.035316
19	52	0.035283
16	84	0.035257
43	60	0.035158
15	30	0.035129
15	19	0.035111
29	42	0.035109
18	53	0.035088
32	84	0.03507
16	20	0.035067
30	57	0.035067
19	57	0.035048
20	34	0.035041
20	52	0.035007
58	72	0.034974
43	85	0.034967
15	51	0.034923
30	72	0.034914
50	85	0.034898
6	34	0.034856
6	62	0.034849
20	57	0.03477
18	34	0.034763
30	42	0.034753
19	42	0.034734
17	29	0.034731
6	50	0.034719
53	85	0.034713
18	52	0.03463
16	58	0.034588
4	29	0.034586
15	74	0.034577
5	35	0.034576
58	60	0.034533
15	18	0.034453
20	42	0.034452
18	57	0.034389
62	84	0.034384
17	30	0.034369
6	43	0.034333
15	60	0.034266
4	44	0.034245
20	31	0.03422
4	19	0.034203
42	74	0.034191
29	58	0.034181
78	84	0.034179
17	51	0.034156
21	84	0.03414
15	85	0.034067
18	42	0.034065
29	74	0.033983
31	74	0.033957
4	20	0.033914
58	84	0.033836
44	58	0.033834
30	58	0.03381
19	58	0.033791
20	58	0.033758
5	21	0.033718
6	9	0.033673
42	85	0.033673
58	74	0.033628
19	76	0.033626
51	76	0.0336
51	58	0.033592
28	44	0.033558
6	20	0.033538
17	60	0.033476
4	60	0.033323
28	51	0.033313
19	30	0.033156
18	44	0.033122
60	76	0.033121
18	58	0.033094
74	76	0.033057
6	53	0.033051
5	53	0.032979
16	29	0.032966
28	74	0.032942
18	76	0.032925
30	51	0.032831
18	28	0.03281
58	85	0.032686
20	72	0.032672
28	60	0.032609
57	84	0.032598
16	30	0.032576
6	52	0.032551
76	85	0.032514
29	84	0.032404
28	85	0.032397
5	28	0.032363
6	15	0.032359
45	84	0.032301
6	57	0.032288
5	57	0.032214
5	17	0.032187
34	84	0.032078
16	74	0.031962
6	42	0.031937
29	51	0.031902
5	42	0.031861
19	44	0.031738
5	16	0.031649
29	60	0.031625
16	60	0.031617
5	31	0.031605
19	51	0.031475
42	84	0.031414
18	29	0.031371
4	6	0.031343
31	84	0.031153
44	74	0.031127
74	85	0.031116
19	74	0.031079
17	84	0.030977
29	85	0.030937
51	74	0.030859
5	58	0.030807
20	74	0.030754
19	60	0.030723
18	51	0.030716
6	76	0.030701
5	76	0.030623
51	60	0.030501
5	44	0.030497
19	85	0.030497
20	60	0.030394
6	51	0.030283
76	84	0.030157
6	72	0.02998
5	30	0.029958
5	29	0.029554
51	84	0.028971
6	44	0.028615
6	19	0.028564
44	84	0.028039