#==========================================================================
# The first and second rows contain site pairs (i, j) such that j > i
# The third row contains coevolutionary scores obtained 
# using PSICOV algorithm.
# Note that in this data sites are counted/labelled starting from 1
#==========================================================================
37	50	0.903912
3	79	0.903887
39	48	0.903773
38	49	0.9037
21	33	0.903362
40	47	0.902547
2	80	0.902492
18	59	0.899822
4	78	0.897288
20	34	0.890981
41	46	0.890231
6	76	0.886615
55	67	0.872292
7	75	0.850047
60	62	0.698533
19	35	0.596884
56	66	0.495517
36	51	0.405197
5	77	0.398167
22	32	0.360546
12	13	0.316593
11	70	0.228464
57	65	0.225772
12	14	0.223455
6	78	0.22043
4	6	0.215346
15	17	0.199029
10	11	0.183073
56	65	0.176635
65	66	0.171481
14	15	0.170639
16	65	0.165288
6	71	0.159717
17	55	0.154969
14	62	0.148341
2	10	0.139236
53	56	0.138612
27	62	0.137791
57	66	0.132525
43	74	0.130036
12	15	0.130003
9	10	0.12917
14	72	0.127721
56	57	0.123145
50	62	0.120866
13	14	0.120167
17	67	0.118641
54	68	0.116089
1	17	0.114551
2	11	0.114194
61	64	0.113823
59	79	0.111627
12	71	0.111435
9	11	0.109935
69	76	0.108717
7	11	0.108543
16	57	0.107786
11	75	0.107067
48	69	0.105645
12	41	0.102932
14	60	0.10118
1	13	0.097427
27	39	0.096623
13	63	0.096455
53	66	0.095673
15	62	0.094958
44	45	0.094658
14	69	0.094569
16	56	0.093317
77	78	0.093139
15	74	0.092424
53	57	0.091415
71	80	0.090611
8	10	0.089549
10	70	0.088162
42	45	0.087925
64	68	0.087844
43	76	0.086841
59	72	0.086646
58	61	0.086049
15	63	0.085457
8	35	0.085033
2	76	0.08497
61	68	0.084859
12	70	0.084102
33	34	0.08375
13	69	0.083589
8	9	0.083517
66	67	0.083195
45	69	0.083167
52	58	0.083084
41	77	0.082839
71	73	0.081827
33	44	0.079133
69	71	0.078519
37	74	0.078277
15	37	0.077771
61	63	0.077242
16	53	0.076565
29	80	0.076454
1	73	0.076444
1	70	0.075974
1	44	0.075757
64	65	0.075694
12	46	0.075654
15	66	0.075269
4	77	0.075265
54	58	0.075186
72	73	0.075145
17	53	0.074464
17	59	0.074313
51	63	0.074253
52	61	0.074222
1	12	0.073821
9	75	0.073761
1	80	0.07374
64	66	0.072877
51	69	0.072272
58	64	0.072267
65	67	0.072218
29	41	0.072207
19	46	0.071983
41	48	0.07175
62	63	0.07168
13	70	0.071537
5	7	0.071278
73	74	0.071183
5	75	0.071131
1	43	0.071057
66	68	0.07103
15	50	0.070984
14	47	0.070967
53	54	0.070819
29	79	0.07075
53	58	0.070641
40	44	0.07064
65	68	0.070604
47	48	0.070423
1	46	0.070174
70	71	0.070109
53	65	0.069828
43	44	0.069641
17	56	0.069491
61	62	0.069395
13	72	0.069391
12	39	0.069336
14	43	0.069132
13	29	0.069125
50	71	0.069102
51	54	0.068976
54	56	0.068799
43	47	0.068766
5	11	0.068749
16	66	0.068673
70	77	0.068353
1	69	0.068335
1	29	0.068313
63	64	0.0683
29	71	0.06828
7	9	0.068101
14	73	0.068069
62	64	0.067994
71	74	0.067724
20	33	0.067682
1	41	0.067612
77	79	0.067586
8	68	0.067424
16	17	0.067382
19	33	0.067214
16	59	0.067142
55	57	0.067087
55	58	0.066972
4	76	0.066937
29	60	0.066835
40	43	0.066437
33	69	0.066379
7	42	0.066252
2	79	0.066131
30	43	0.066012
29	38	0.065979
52	64	0.065954
42	75	0.065945
3	13	0.065867
1	18	0.065845
5	19	0.065685
21	34	0.065605
40	76	0.065568
2	77	0.065532
11	77	0.0655
14	41	0.065311
2	8	0.065075
54	61	0.06486
27	50	0.064667
46	53	0.064475
57	64	0.064435
7	78	0.064402
5	46	0.064388
5	44	0.064248
34	53	0.06402
17	29	0.063951
53	55	0.063821
37	39	0.063773
57	63	0.063732
51	56	0.063639
16	20	0.063629
36	54	0.063361
55	56	0.063149
17	66	0.063067
61	67	0.062993
68	80	0.062592
4	7	0.062503
30	35	0.062496
14	39	0.062475
17	37	0.062465
12	79	0.062464
26	31	0.06244
28	31	0.06244
23	31	0.06244
24	31	0.06244
23	26	0.06244
26	28	0.06244
23	28	0.06244
24	26	0.06244
24	28	0.06244
23	24	0.06244
63	66	0.06236
52	53	0.062359
48	72	0.062329
29	73	0.062277
5	50	0.062172
39	69	0.062141
34	52	0.062096
6	10	0.062019
12	60	0.061927
46	57	0.06189
13	48	0.06179
17	64	0.061691
76	78	0.061666
35	60	0.06145
38	73	0.061276
2	68	0.061151
25	31	0.061087
25	28	0.061087
23	25	0.061087
24	25	0.061087
25	26	0.061087
6	37	0.061064
8	11	0.061049
20	48	0.06104
4	12	0.060984
7	12	0.060858
5	60	0.06083
33	73	0.06077
36	37	0.060683
36	50	0.060591
10	77	0.060576
40	41	0.060549
52	54	0.060367
10	75	0.060366
12	72	0.060334
2	3	0.060327
47	72	0.060319
60	80	0.060214
7	10	0.060187
41	73	0.060146
60	61	0.060113
52	55	0.060088
58	68	0.059996
5	69	0.059869
18	35	0.05984
5	48	0.059838
46	65	0.059781
64	67	0.059685
53	64	0.059633
61	70	0.059627
12	35	0.059588
21	43	0.059586
38	74	0.05949
58	67	0.059441
53	61	0.059422
63	69	0.059416
4	5	0.059365
1	15	0.059363
67	68	0.059354
3	43	0.05934
48	79	0.059333
9	70	0.059312
14	70	0.059307
21	52	0.059201
13	21	0.05919
63	65	0.059174
19	51	0.059174
41	56	0.059139
3	44	0.059086
75	78	0.059083
29	47	0.059059
3	29	0.059009
13	68	0.059002
63	73	0.058829
51	68	0.058809
30	60	0.058755
61	65	0.058701
35	38	0.058609
9	62	0.058528
2	75	0.058481
14	80	0.058308
36	56	0.058296
15	57	0.058231
34	54	0.058223
14	49	0.058196
44	72	0.058162
10	63	0.058114
34	58	0.058058
7	45	0.058002
34	76	0.057906
60	64	0.05781
10	15	0.057806
40	49	0.057798
14	35	0.057701
19	58	0.057678
45	75	0.057678
1	2	0.057678
40	73	0.057563
34	36	0.057464
4	75	0.057453
22	80	0.057426
32	80	0.057426
13	73	0.057387
9	32	0.057318
9	22	0.057318
16	55	0.057306
28	52	0.057289
24	52	0.057289
26	52	0.057289
23	52	0.057289
31	52	0.057289
21	53	0.057287
19	30	0.057269
57	58	0.057201
8	42	0.057186
3	8	0.057116
16	52	0.057105
47	71	0.057076
76	80	0.057023
3	71	0.056986
6	8	0.056975
2	7	0.056966
3	9	0.056892
5	54	0.056882
5	58	0.056863
15	73	0.056811
22	26	0.056797
23	32	0.056797
22	28	0.056797
24	32	0.056797
31	32	0.056797
26	32	0.056797
22	23	0.056797
22	31	0.056797
22	24	0.056797
28	32	0.056797
18	57	0.056784
20	52	0.056753
15	67	0.056621
27	80	0.056595
16	18	0.056522
6	63	0.056506
38	43	0.056493
15	30	0.056285
12	78	0.056283
4	8	0.056269
18	73	0.056262
20	55	0.056237
14	44	0.056206
8	19	0.056166
15	60	0.056152
54	57	0.05615
15	16	0.056093
8	78	0.05609
27	47	0.056061
54	66	0.056015
20	21	0.056014
8	50	0.055962
30	71	0.05595
25	63	0.055923
63	67	0.0559
55	66	0.055896
36	52	0.055839
25	52	0.055836
24	54	0.055805
26	54	0.055805
28	54	0.055805
23	54	0.055805
31	54	0.055805
30	32	0.055753
22	30	0.055753
47	77	0.055734
35	37	0.055648
72	74	0.055643
28	58	0.055618
24	58	0.055618
26	58	0.055618
23	58	0.055618
31	58	0.055618
6	40	0.055549
52	67	0.055524
3	74	0.055481
49	50	0.055442
15	55	0.055322
35	59	0.055317
55	63	0.055308
44	47	0.055164
56	59	0.055158
51	59	0.055157
29	43	0.055149
77	80	0.055136
22	25	0.055134
25	32	0.055134
41	54	0.055095
20	56	0.05497
55	61	0.05496
49	74	0.054918
73	78	0.054782
21	27	0.054757
53	67	0.054625
51	80	0.054615
10	52	0.054593
10	47	0.054586
72	76	0.054578
25	54	0.054568
27	60	0.054568
11	27	0.054549
43	50	0.054518
27	37	0.054488
27	34	0.054486
57	59	0.054471
73	77	0.054369
52	70	0.054357
41	42	0.05432
30	46	0.054301
1	54	0.054261
58	65	0.054227
25	58	0.054212
47	74	0.054201
2	71	0.0542
13	79	0.054175
14	74	0.054148
15	29	0.054082
43	73	0.054048
17	51	0.054044
19	74	0.05404
9	69	0.054033
14	17	0.054006
8	38	0.053962
18	53	0.05396
13	60	0.053951
6	69	0.053915
34	61	0.053907
5	36	0.053899
30	50	0.053887
60	72	0.053826
8	41	0.053812
46	58	0.053804
4	27	0.053803
51	58	0.053795
19	28	0.053768
19	23	0.053768
19	24	0.053768
19	26	0.053768
19	31	0.053768
29	30	0.053764
73	79	0.053746
16	63	0.053739
15	39	0.053722
16	26	0.053713
16	28	0.053713
16	24	0.053713
16	23	0.053713
16	31	0.053713
54	64	0.053709
28	51	0.053703
24	51	0.053703
26	51	0.053703
23	51	0.053703
31	51	0.053703
27	78	0.053671
26	27	0.053659
23	27	0.053659
24	27	0.053659
27	28	0.053659
27	31	0.053659
59	63	0.053659
18	25	0.053641
38	40	0.053608
5	49	0.053599
15	21	0.053588
13	40	0.053576
28	61	0.053574
26	61	0.053574
24	61	0.053574
23	61	0.053574
31	61	0.053574
53	68	0.053572
2	30	0.053546
38	59	0.053538
51	66	0.053512
5	10	0.053502
16	21	0.053411
19	72	0.053395
8	36	0.053386
59	66	0.053344
3	70	0.053338
11	52	0.053322
17	57	0.053316
50	73	0.053286
71	72	0.053276
35	39	0.053253
41	47	0.053249
42	44	0.053231
13	47	0.053229
8	60	0.053225
11	32	0.053201
11	22	0.053201
48	74	0.053131
36	68	0.053105
58	63	0.0531
11	60	0.053068
20	54	0.053065
15	45	0.053019
18	45	0.05299
6	30	0.052976
43	62	0.052971
8	72	0.052968
71	79	0.052957
47	70	0.052931
36	59	0.052873
1	72	0.052781
1	75	0.052779
54	55	0.052766
63	76	0.052744
53	63	0.052713
1	11	0.052703
33	43	0.0527
5	72	0.052689
9	63	0.052671
59	69	0.052664
21	45	0.052661
25	70	0.052661
21	73	0.0526
1	7	0.0526
41	53	0.052588
3	12	0.052588
9	31	0.052575
9	23	0.052575
9	28	0.052575
9	24	0.052575
9	26	0.052575
71	78	0.052529
10	76	0.052516
10	43	0.052505
46	61	0.052479
34	51	0.052453
20	58	0.052451
36	63	0.052433
38	63	0.052418
6	29	0.052396
12	75	0.052329
3	18	0.052289
57	73	0.052277
7	8	0.052231
2	45	0.052225
28	68	0.052207
26	68	0.052207
24	68	0.052207
23	68	0.052207
31	68	0.052207
20	60	0.052201
44	46	0.052141
33	52	0.052097
8	75	0.05209
39	72	0.05209
13	44	0.052084
41	43	0.05206
60	68	0.052036
69	73	0.052031
36	47	0.051938
2	6	0.051937
18	62	0.051918
18	63	0.051906
32	52	0.051883
22	52	0.051883
51	57	0.051879
7	30	0.051847
52	68	0.0518
15	72	0.051792
30	31	0.051716
23	30	0.051716
24	30	0.051716
28	30	0.051716
26	30	0.051716
5	70	0.05167
43	46	0.051665
4	73	0.051631
19	25	0.051614
17	74	0.051603
13	45	0.051599
30	75	0.05159
60	67	0.051563
19	40	0.051556
39	44	0.051548
5	64	0.051547
16	25	0.05154
16	19	0.051537
5	8	0.051529
56	58	0.0515
18	19	0.051498
12	30	0.051496
25	51	0.051491
54	65	0.051454
46	72	0.051448
70	72	0.0514
25	61	0.051389
28	57	0.051388
24	57	0.051388
23	57	0.051388
26	57	0.051388
31	57	0.051388
25	53	0.051361
5	68	0.051292
43	60	0.051282
57	67	0.051281
41	79	0.051268
35	73	0.05126
51	65	0.051258
56	68	0.051255
25	27	0.05122
5	62	0.051199
14	29	0.051192
8	45	0.051174
25	42	0.051163
9	77	0.051158
13	39	0.051146
30	42	0.051142
31	42	0.051126
23	42	0.051126
26	42	0.051126
24	42	0.051126
28	42	0.051126
25	30	0.051112
20	53	0.051096
43	69	0.051068
27	71	0.051043
25	45	0.05103
8	71	0.051023
43	49	0.051014
73	80	0.051005
30	47	0.050995
30	45	0.050992
22	42	0.050983
32	42	0.050983
31	45	0.050961
23	45	0.050961
26	45	0.050961
24	45	0.050961
28	45	0.050961
27	42	0.050954
24	65	0.050952
23	65	0.050952
26	65	0.050952
28	65	0.050952
31	65	0.050952
5	37	0.05094
42	52	0.050915
8	80	0.050902
33	58	0.050902
9	61	0.050894
10	31	0.050893
10	28	0.050893
10	23	0.050893
10	26	0.050893
10	24	0.050893
25	44	0.050887
3	45	0.050885
36	42	0.050882
42	74	0.050879
9	42	0.050877
76	77	0.050861
42	72	0.050852
29	42	0.05085
42	58	0.050842
42	64	0.050838
27	30	0.050833
42	54	0.050833
30	44	0.050829
49	75	0.050828
13	74	0.050823
42	61	0.050815
42	68	0.050811
41	66	0.050809
25	36	0.050805
25	74	0.050802
9	25	0.0508
18	52	0.050793
31	44	0.050784
23	44	0.050784
26	44	0.050784
24	44	0.050784
28	44	0.050784
30	52	0.050781
25	72	0.05077
25	29	0.050767
42	51	0.050764
26	64	0.05076
24	64	0.05076
23	64	0.05076
31	64	0.05076
28	64	0.05076
26	36	0.050756
23	36	0.050756
24	36	0.050756
31	36	0.050756
28	36	0.050756
25	64	0.050754
8	25	0.050749
19	36	0.050742
30	36	0.050737
30	74	0.050733
12	69	0.050733
9	30	0.050731
16	42	0.05073
42	70	0.050729
25	68	0.050722
46	71	0.050709
30	72	0.050697
35	42	0.050697
46	47	0.050695
19	42	0.050693
22	45	0.050691
32	45	0.050691
30	58	0.050684
31	74	0.050679
23	74	0.050679
26	74	0.050679
24	74	0.050679
28	74	0.050679
30	64	0.050679
42	43	0.050676
8	30	0.050673
56	67	0.050672
30	54	0.050672
21	69	0.050669
42	63	0.050667
41	71	0.050654
30	61	0.050647
30	68	0.050643
42	73	0.050642
46	51	0.050642
22	54	0.050641
32	54	0.050641
31	72	0.05064
23	72	0.05064
26	72	0.05064
24	72	0.05064
28	72	0.05064
29	31	0.050636
23	29	0.050636
26	29	0.050636
24	29	0.050636
28	29	0.050636
27	45	0.050636
8	31	0.050613
8	23	0.050613
8	26	0.050613
8	24	0.050613
8	28	0.050613
2	29	0.050613
45	80	0.050606
6	73	0.050606
25	35	0.050588
42	53	0.050587
30	51	0.050579
1	20	0.050579
10	42	0.050569
42	69	0.050568
25	43	0.050563
45	52	0.050562
32	58	0.050561
22	58	0.050561
42	77	0.050547
40	74	0.050537
16	30	0.050534
30	70	0.050533
20	67	0.050525
25	73	0.050522
42	57	0.050512
36	45	0.0505
42	71	0.0505
45	74	0.050495
9	45	0.050491
10	40	0.050489
42	65	0.05048
17	42	0.05047
5	41	0.050468
31	70	0.05046
23	70	0.05046
26	70	0.05046
24	70	0.05046
28	70	0.05046
1	42	0.050456
5	42	0.050456
11	42	0.050451
30	63	0.05045
45	72	0.050444
29	45	0.05044
10	25	0.050437
25	69	0.050436
45	58	0.050425
39	71	0.050424
42	60	0.050423
45	64	0.050418
30	73	0.050416
31	35	0.050414
23	35	0.050414
26	35	0.050414
24	35	0.050414
28	35	0.050414
25	77	0.050411
39	73	0.050411
45	54	0.050408
22	27	0.050386
27	32	0.050386
37	73	0.050384
31	43	0.050383
23	43	0.050383
26	43	0.050383
24	43	0.050383
28	43	0.050383
22	44	0.050378
32	44	0.050378
4	19	0.050377
45	61	0.050374
20	42	0.050373
25	57	0.05037
31	63	0.05037
23	63	0.05037
26	63	0.05037
24	63	0.05037
28	63	0.05037
69	79	0.050368
45	68	0.050367
34	59	0.050365
16	67	0.050361
25	71	0.050356
30	69	0.050355
50	63	0.05035
30	53	0.050344
6	44	0.050339
25	65	0.050333
31	73	0.050333
23	73	0.050333
26	73	0.050333
24	73	0.050333
28	73	0.050333
13	49	0.050324
34	42	0.050323
17	25	0.050321
10	30	0.050319
42	56	0.050315
1	25	0.050304
5	25	0.050304
18	60	0.050302
42	55	0.050301
11	25	0.050298
27	44	0.050296
42	67	0.050294
30	77	0.050291
42	66	0.05028
45	51	0.050278
25	60	0.050266
42	62	0.050256
31	53	0.050254
23	53	0.050254
26	53	0.050254
24	53	0.050254
28	53	0.050254
18	46	0.050251
11	43	0.050246
30	57	0.050244
18	42	0.050242
31	69	0.050226
23	69	0.050226
26	69	0.050226
24	69	0.050226
28	69	0.050226
42	46	0.050225
36	73	0.050224
25	75	0.050219
16	45	0.050215
45	70	0.050213
20	25	0.050207
36	58	0.050206
30	65	0.050202
22	36	0.0502
32	36	0.0502
7	25	0.050199
31	77	0.050195
23	77	0.050195
26	77	0.050195
24	77	0.050195
28	77	0.050195
11	24	0.050195
11	23	0.050195
11	28	0.050195
11	26	0.050195
11	31	0.050195
27	52	0.050194
22	74	0.050193
32	74	0.050193
17	30	0.050188
44	52	0.050184
13	30	0.050177
1	30	0.050169
5	30	0.050169
11	30	0.050162
19	78	0.050155
35	45	0.050153
13	42	0.050151
25	34	0.050147
19	45	0.050145
28	56	0.050143
26	56	0.050143
24	56	0.050143
23	56	0.050143
31	56	0.050143
5	78	0.05014
15	42	0.050138
25	56	0.050138
31	71	0.050126
23	71	0.050126
26	71	0.050126
24	71	0.050126
28	71	0.050126
22	72	0.050124
32	72	0.050124
25	55	0.050122
17	54	0.050122
22	29	0.050117
29	32	0.050117
25	67	0.050114
43	45	0.050113
27	36	0.050102
42	76	0.0501
25	66	0.050097
45	63	0.050097
27	74	0.050095
36	44	0.050092
9	27	0.050089
22	64	0.050088
32	64	0.050088
44	74	0.050085
17	31	0.050084
17	23	0.050084
17	26	0.050084
17	24	0.050084
17	28	0.050084
9	44	0.050079
8	22	0.050077
8	32	0.050077
4	42	0.050076
12	73	0.050073
10	72	0.050072
25	62	0.050069
1	31	0.050062
1	23	0.050062
1	26	0.050062
1	24	0.050062
1	28	0.050062
5	31	0.050062
5	23	0.050062
5	26	0.050062
5	24	0.050062
5	28	0.050062
20	30	0.050059
45	73	0.050049
42	78	0.050034
25	46	0.050032
22	61	0.050027
32	61	0.050027
27	72	0.050019
22	68	0.050019
32	68	0.050019
31	60	0.050015
23	60	0.050015
26	60	0.050015
24	60	0.050015
28	60	0.050015
2	12	0.050014
27	29	0.050012
29	44	0.050001
38	42	0.050001
14	42	0.049998
30	34	0.049991
27	58	0.049991
30	56	0.049981
27	64	0.04998
5	13	0.04998
44	58	0.04998
42	59	0.049979
44	64	0.04997
8	27	0.049968
27	54	0.049965
30	55	0.049963
40	42	0.049962
52	74	0.049962
21	42	0.049959
15	48	0.049959
31	75	0.049957
23	75	0.049957
26	75	0.049957
24	75	0.049957
28	75	0.049957
8	44	0.049957
9	52	0.049955
44	54	0.049954
30	67	0.049953
21	56	0.049948
45	53	0.049947
41	63	0.049947
13	25	0.049946
20	31	0.049942
20	23	0.049942
20	26	0.049942
20	24	0.049942
20	28	0.049942
8	69	0.049939
30	66	0.049934
7	31	0.049932
7	23	0.049932
7	26	0.049932
7	24	0.049932
7	28	0.049932
20	69	0.049931
15	25	0.049931
27	61	0.049914
10	45	0.049912
8	52	0.049909
27	68	0.049905
44	61	0.049903
30	62	0.049902
46	64	0.049898
22	51	0.049897
32	51	0.049897
44	68	0.049893
25	76	0.049885
18	30	0.049884
19	68	0.049884
33	42	0.049883
29	51	0.049879
52	72	0.049878
45	77	0.049872
29	52	0.04987
42	49	0.04987
33	35	0.049869
31	34	0.049869
23	34	0.049869
26	34	0.049869
24	34	0.049869
28	34	0.049869
1	71	0.049866
4	25	0.049858
36	74	0.049851
9	36	0.049844
6	42	0.049844
31	55	0.049838
23	55	0.049838
26	55	0.049838
24	55	0.049838
28	55	0.049838
9	74	0.049835
63	71	0.04983
31	67	0.049827
23	67	0.049827
26	67	0.049827
24	67	0.049827
28	67	0.049827
42	80	0.049817
16	22	0.04981
16	32	0.04981
25	78	0.049809
22	70	0.049808
32	70	0.049808
31	66	0.049806
23	66	0.049806
26	66	0.049806
24	66	0.049806
28	66	0.049806
45	57	0.049806
34	68	0.049797
35	36	0.049792
45	71	0.049784
27	51	0.049772
31	62	0.049772
23	62	0.049772
26	62	0.049772
24	62	0.049772
28	62	0.049772
25	38	0.049769
14	25	0.049766
15	77	0.049766
27	41	0.049762
36	72	0.049761
44	51	0.04976
29	36	0.049752
18	31	0.049752
18	23	0.049752
18	26	0.049752
18	24	0.049752
18	28	0.049752
45	65	0.049747
9	72	0.049744
12	42	0.049744
25	59	0.049743
29	74	0.049743
42	47	0.049742
9	29	0.049735
17	45	0.049728
22	35	0.049727
32	35	0.049727
31	46	0.049726
23	46	0.049726
26	46	0.049726
24	46	0.049726
28	46	0.049726
25	40	0.049723
39	45	0.049722
21	25	0.04972
3	42	0.04972
58	74	0.049717
19	22	0.049715
19	32	0.049715
36	64	0.049715
9	58	0.04971
64	74	0.049705
1	45	0.049701
5	45	0.049701
9	64	0.049698
53	59	0.049697
30	76	0.049695
11	45	0.049692
21	49	0.049692
8	74	0.04969
54	74	0.049686
46	56	0.049683
9	54	0.049679
16	27	0.049678
43	54	0.049678
27	70	0.049676
22	43	0.049672
32	43	0.049672
29	76	0.049668
10	46	0.049667
22	46	0.049665
32	46	0.049665
16	44	0.049665
4	30	0.049664
44	70	0.049663
14	30	0.049663
22	63	0.049649
32	63	0.049649
29	72	0.049646
45	60	0.049641
14	45	0.049639
36	61	0.049635
52	63	0.049634
25	33	0.049631
62	72	0.049629
61	74	0.049625
13	31	0.04962
13	23	0.04962
13	26	0.04962
13	24	0.04962
13	28	0.04962
58	72	0.049619
25	49	0.049616
25	41	0.049614
68	74	0.049614
29	58	0.049609
30	78	0.049608
9	68	0.049606
64	72	0.049606
51	52	0.049605
15	31	0.049601
15	23	0.049601
15	26	0.049601
15	24	0.049601
15	28	0.049601
5	74	0.049601
15	43	0.049598
39	42	0.049598
42	50	0.049597
29	64	0.049596
12	43	0.049591
27	35	0.049588
54	72	0.049586
18	47	0.049586
6	25	0.049585
52	57	0.049584
22	73	0.049584
32	73	0.049584
8	29	0.04958
37	42	0.04958
29	54	0.049576
19	27	0.049575
35	44	0.049574
42	48	0.04957
30	38	0.049564
19	44	0.049561
25	80	0.049554
8	58	0.049552
20	36	0.049552
20	45	0.049547
31	76	0.049545
23	76	0.049545
26	76	0.049545
24	76	0.049545
28	76	0.049545
8	64	0.049539
30	59	0.049534
27	43	0.049528
42	79	0.049521
61	72	0.049521
8	54	0.049518
36	57	0.049516
30	40	0.049512
4	31	0.049511
4	23	0.049511
4	26	0.049511
4	24	0.049511
4	28	0.049511
29	61	0.049511
2	42	0.049511
68	72	0.049509
21	30	0.049508
27	63	0.049504
29	68	0.049499
44	63	0.049489
40	48	0.049486
18	55	0.049474
12	25	0.049467
58	59	0.049467
25	47	0.049466
51	74	0.049455
34	45	0.049452
8	61	0.049451
31	78	0.04945
23	78	0.04945
26	78	0.04945
24	78	0.04945
28	78	0.04945
9	51	0.049446
22	53	0.049446
32	53	0.049446
9	17	0.049441
3	25	0.04944
45	56	0.049438
41	45	0.049437
44	62	0.049434
27	73	0.049433
44	50	0.049428
5	52	0.04942
44	73	0.049417
2	27	0.049417
45	55	0.049413
30	33	0.049407
7	49	0.049407
31	38	0.049402
23	38	0.049402
26	38	0.049402
24	38	0.049402
28	38	0.049402
35	52	0.0494
45	67	0.049399
14	31	0.049398
14	23	0.049398
14	26	0.049398
14	24	0.049398
14	28	0.049398
10	22	0.049398
10	32	0.049398
22	69	0.049397
32	69	0.049397
36	40	0.049395
30	49	0.04939
30	41	0.049388
19	52	0.049387
45	66	0.049373
31	59	0.04937
23	59	0.04937
26	59	0.04937
24	59	0.04937
28	59	0.04937
51	60	0.049356
16	36	0.049353
36	70	0.049351
31	40	0.049345
23	40	0.049345
26	40	0.049345
24	40	0.049345
28	40	0.049345
22	77	0.049344
32	77	0.049344
16	74	0.049342
21	31	0.049341
21	23	0.049341
21	26	0.049341
21	24	0.049341
21	28	0.049341
39	79	0.049341
51	72	0.04934
70	74	0.049339
43	52	0.049335
9	16	0.049332
15	35	0.049332
1	33	0.049329
45	62	0.049328
30	80	0.04932
73	76	0.049305
16	58	0.049305
25	39	0.049296
25	50	0.049295
27	53	0.049283
51	64	0.049282
25	37	0.049275
13	43	0.049272
45	46	0.04927
44	53	0.049266
25	48	0.049263
8	51	0.049263
22	57	0.049254
32	57	0.049254
35	74	0.049232
31	33	0.049231
23	33	0.049231
26	33	0.049231
24	33	0.049231
28	33	0.049231
10	27	0.049231
27	69	0.049229
52	73	0.049229
22	71	0.049223
32	71	0.049223
9	35	0.049223
36	66	0.049221
16	72	0.04922
10	44	0.049214
44	69	0.049212
31	49	0.049212
23	49	0.049212
26	49	0.049212
24	49	0.049212
28	49	0.049212
31	41	0.049211
23	41	0.049211
26	41	0.049211
24	41	0.049211
28	41	0.049211
16	29	0.049209
9	19	0.049208
25	79	0.049207
29	70	0.049206
2	25	0.049195
3	30	0.049191
5	71	0.049188
51	61	0.049181
36	43	0.049174
6	31	0.049174
6	23	0.049174
6	26	0.049174
6	24	0.049174
6	28	0.049174
22	65	0.049174
32	65	0.049174
27	77	0.049172
58	70	0.049172
16	64	0.049158
47	67	0.049158
64	70	0.049155
44	77	0.049154
9	43	0.049151
17	22	0.049148
17	32	0.049148
51	53	0.049143
8	16	0.049138
31	80	0.049136
23	80	0.049136
26	80	0.049136
24	80	0.049136
28	80	0.049136
8	70	0.049135
16	54	0.049134
63	74	0.049132
54	70	0.049131
1	22	0.049111
1	32	0.049111
5	22	0.049111
5	32	0.049111
50	74	0.049109
35	72	0.049104
29	35	0.049092
19	29	0.049077
27	57	0.049074
35	58	0.049056
44	57	0.049056
16	61	0.049052
33	57	0.049041
35	64	0.049039
45	76	0.049037
16	68	0.049037
9	73	0.049036
68	70	0.049034
12	31	0.04903
12	23	0.04903
12	26	0.04903
12	24	0.04903
12	28	0.04903
30	39	0.049029
43	72	0.049029
22	60	0.049029
32	60	0.049029
31	47	0.049028
23	47	0.049028
26	47	0.049028
24	47	0.049028
28	47	0.049028
7	52	0.049027
19	64	0.049023
44	71	0.049022
11	29	0.049016
35	54	0.049013
52	76	0.049008
60	77	0.049005
30	37	0.049005
52	69	0.049004
8	18	0.049
63	72	0.048998
19	54	0.048997
6	80	0.048997
3	31	0.048995
3	23	0.048995
3	26	0.048995
3	24	0.048995
3	28	0.048995
4	45	0.048994
30	48	0.048992
27	65	0.048987
29	63	0.048985
43	58	0.048979
44	65	0.048968
43	64	0.048962
17	27	0.04896
52	75	0.048947
17	44	0.048941
52	77	0.04894
36	65	0.04894
8	43	0.04894
17	63	0.048931
22	75	0.048928
32	75	0.048928
30	79	0.048928
35	61	0.048927
1	27	0.048919
5	27	0.048919
45	78	0.048916
35	68	0.048911
19	61	0.048911
8	63	0.048907
54	63	0.048902
20	22	0.048902
20	32	0.048902
11	44	0.048887
7	22	0.048885
7	32	0.048885
35	79	0.048883
36	53	0.048881
53	74	0.048866
58	73	0.048855
9	53	0.048855
38	45	0.048854
43	61	0.048846
54	59	0.048844
60	69	0.048843
2	60	0.048842
64	73	0.048836
43	68	0.048829
16	51	0.048825
51	70	0.048821
31	39	0.048819
23	39	0.048819
26	39	0.048819
24	39	0.048819
28	39	0.048819
10	36	0.048819
31	50	0.048817
23	50	0.048817
26	50	0.048817
24	50	0.048817
28	50	0.048817
36	69	0.048817
8	73	0.048814
45	59	0.048813
44	60	0.04881
54	73	0.048808
10	74	0.048804
69	74	0.048802
39	74	0.048799
52	71	0.048796
63	68	0.048795
31	37	0.048793
23	37	0.048793
26	37	0.048793
24	37	0.048793
28	37	0.048793
40	45	0.048782
31	48	0.048778
23	48	0.048778
26	48	0.048778
24	48	0.048778
28	48	0.048778
22	34	0.048773
32	34	0.048773
37	62	0.048773
22	56	0.048754
32	56	0.048754
51	55	0.048749
36	77	0.048748
52	65	0.048736
74	77	0.048733
27	75	0.048721
22	55	0.04872
32	55	0.04872
5	35	0.04872
53	72	0.048716
61	73	0.048715
4	9	0.04871
31	79	0.048709
23	79	0.048709
26	79	0.048709
24	79	0.048709
28	79	0.048709
17	52	0.048706
29	53	0.048702
22	67	0.048701
32	67	0.048701
44	75	0.0487
68	73	0.048697
2	31	0.048694
2	23	0.048694
2	26	0.048694
2	24	0.048694
2	28	0.048694
20	27	0.048692
35	51	0.048688
7	27	0.048674
20	44	0.048671
16	70	0.048671
22	66	0.048665
32	66	0.048665
1	52	0.048661
7	44	0.048652
69	72	0.048648
74	76	0.048647
10	29	0.048636
33	45	0.048636
29	69	0.048634
57	74	0.048616
33	41	0.048616
8	53	0.048615
45	49	0.048612
22	62	0.048605
32	62	0.048605
9	57	0.048604
43	51	0.048598
10	58	0.048593
36	71	0.048592
58	69	0.048591
72	77	0.048575
22	47	0.048575
32	47	0.048575
10	64	0.048572
18	22	0.04857
18	32	0.04857
64	69	0.04857
9	78	0.048566
71	76	0.048566
9	71	0.048563
52	60	0.048563
6	45	0.048563
4	44	0.048562
29	77	0.04856
41	44	0.048555
49	77	0.048551
1	35	0.048547
10	54	0.048541
54	69	0.048539
27	56	0.048532
34	44	0.048531
43	56	0.04853
16	35	0.048529
35	70	0.048525
8	46	0.048516
58	77	0.048516
65	74	0.048512
44	56	0.048509
19	70	0.048506
9	65	0.048499
17	36	0.048495
27	55	0.048495
64	77	0.048495
13	35	0.048484
27	67	0.048475
44	55	0.048472
8	77	0.048469
54	77	0.048463
41	68	0.048458
51	73	0.048454
44	67	0.048452
57	72	0.048451
1	36	0.048447
44	78	0.04844
10	61	0.048438
27	66	0.048436
29	57	0.048436
61	69	0.048436
16	43	0.048435
11	36	0.048432
43	70	0.048431
1	74	0.04843
14	38	0.048427
10	68	0.048419
1	9	0.048417
5	9	0.048417
68	69	0.048416
11	74	0.048415
44	66	0.048413
21	77	0.048404
63	70	0.048391
17	21	0.04839
12	45	0.048378
45	47	0.048376
20	43	0.048366
15	32	0.048358
15	22	0.048358
61	77	0.048357
2	72	0.048353
13	55	0.048348
58	71	0.048346
3	80	0.048342
13	22	0.048341
13	32	0.048341
36	60	0.048341
65	72	0.048341
8	57	0.04834
68	77	0.048337
18	27	0.048333
29	65	0.048325
64	71	0.048324
60	74	0.048323
11	80	0.048321
19	21	0.04832
13	67	0.048315
9	60	0.048309
18	44	0.048309
17	72	0.048306
72	80	0.048291
54	71	0.04829
27	46	0.048285
16	73	0.048282
70	73	0.048278
35	43	0.048277
6	70	0.048262
19	43	0.048256
17	58	0.048241
11	72	0.048238
5	29	0.048238
35	63	0.048235
52	56	0.048233
8	65	0.048225
57	61	0.048223
2	70	0.048223
66	69	0.048215
19	63	0.048214
22	76	0.048211
32	76	0.048211
36	75	0.048211
57	68	0.048203
74	75	0.048192
8	17	0.048189
1	58	0.048188
61	71	0.048178
11	58	0.048172
1	64	0.048165
20	74	0.048158
68	71	0.048157
7	36	0.048155
4	22	0.048153
4	32	0.048153
10	51	0.048151
11	64	0.048148
9	20	0.048144
44	76	0.048138
7	74	0.048136
1	8	0.048136
19	80	0.048133
43	63	0.048131
62	74	0.048129
52	66	0.048128
47	66	0.048118
11	54	0.048112
45	50	0.048107
2	73	0.048105
19	73	0.048094
13	27	0.048084
37	45	0.048076
58	60	0.048073
17	61	0.048066
51	77	0.048062
58	62	0.048061
33	49	0.04806
45	48	0.048057
52	62	0.048055
15	27	0.048049
22	78	0.048048
32	78	0.048048
17	68	0.048045
53	70	0.048039
15	44	0.048023
54	60	0.048011
1	61	0.048011
5	61	0.048011
43	53	0.04801
72	75	0.048002
11	61	0.047993
34	74	0.047991
1	68	0.047989
29	75	0.047984
9	34	0.047976
11	68	0.047971
45	79	0.047969
20	72	0.047966
56	74	0.047966
22	38	0.047964
32	38	0.047964
10	16	0.047961
46	52	0.047961
16	69	0.047958
14	22	0.047958
14	32	0.047958
8	39	0.047957
69	70	0.047954
9	56	0.047951
20	29	0.047948
27	76	0.047944
7	72	0.047943
34	49	0.047942
36	55	0.047942
58	75	0.047931
39	47	0.047927
7	29	0.047925
55	74	0.047922
19	76	0.047921
36	67	0.047918
22	59	0.047909
32	59	0.047909
9	55	0.047907
64	75	0.047906
67	74	0.047898
9	13	0.047892
9	67	0.047883
17	70	0.047882
20	61	0.047871
7	58	0.04787
20	64	0.047869
54	75	0.047867
16	77	0.047866
22	40	0.047866
32	40	0.047866
51	71	0.047865
35	53	0.047864
21	22	0.047859
21	32	0.047859
66	74	0.047851
7	64	0.047844
19	53	0.04784
8	20	0.047837
9	66	0.047835
1	34	0.047816
7	54	0.047805
12	77	0.047797
36	62	0.047794
34	72	0.04779
10	35	0.047778
10	78	0.047777
35	69	0.047775
29	34	0.047771
56	72	0.047763
17	43	0.047758
10	19	0.047753
19	69	0.04775
18	36	0.047749
29	56	0.047744
61	75	0.04774
13	52	0.04774
18	74	0.047728
18	65	0.047726
55	72	0.047716
68	75	0.047716
71	77	0.047716
47	49	0.047714
9	18	0.047712
57	70	0.047707
15	52	0.047701
29	55	0.047697
36	46	0.047692
67	72	0.047691
34	64	0.047687
1	51	0.047683
5	51	0.047683
35	77	0.047679
20	68	0.047677
27	38	0.047676
7	61	0.047676
29	67	0.047672
46	74	0.04767
22	33	0.047669
32	33	0.047669
14	27	0.047669
4	10	0.047669
11	51	0.047663
56	64	0.04766
16	71	0.047659
8	34	0.047654
9	46	0.047654
19	77	0.047653
1	21	0.047652
7	68	0.047652
38	44	0.047647
66	72	0.047641
22	49	0.047636
32	49	0.047636
22	41	0.047634
32	41	0.047634
8	56	0.047626
34	56	0.047624
29	66	0.047622
27	59	0.047616
55	64	0.047612
36	48	0.047608
46	77	0.047601
44	59	0.047586
8	55	0.047578
6	22	0.047571
6	32	0.047571
27	40	0.04757
65	70	0.047569
58	66	0.047563
53	73	0.047561
43	77	0.047556
8	67	0.047552
1	6	0.047549
54	67	0.047543
29	62	0.047538
21	44	0.047532
20	77	0.047518
35	57	0.047516
4	52	0.047515
18	72	0.047511
63	77	0.047505
8	66	0.0475
18	29	0.047491
8	47	0.04749
19	57	0.04749
13	71	0.047487
56	61	0.047482
9	79	0.047479
10	73	0.047466
1	16	0.047466
5	16	0.047466
35	71	0.04746
13	36	0.047454
11	16	0.047445
3	63	0.047439
55	77	0.047438
19	71	0.047433
49	51	0.04743
18	58	0.04743
29	46	0.047429
33	53	0.047429
8	62	0.047414
15	36	0.047412
38	77	0.047412
33	66	0.04741
55	68	0.047407
54	62	0.047406
74	80	0.047405
18	64	0.047401
52	78	0.047389
43	57	0.047388
51	75	0.047385
5	40	0.047377
9	15	0.047371
35	65	0.04737
15	19	0.04736
27	33	0.047357
18	54	0.047357
61	66	0.047351
20	51	0.047343
19	65	0.047343
17	73	0.047338
34	63	0.047332
43	71	0.04733
16	60	0.047325
17	35	0.047324
12	22	0.047322
12	32	0.047322
27	49	0.047321
60	70	0.047319
7	51	0.047315
17	19	0.047297
46	54	0.047293
44	49	0.047289
38	52	0.047289
36	76	0.047287
14	52	0.047282
3	22	0.047263
3	32	0.047263
6	27	0.04725
9	76	0.047245
43	65	0.047238
11	35	0.047235
62	68	0.047235
1	19	0.047229
19	41	0.047225
52	59	0.047223
4	36	0.047212
18	61	0.047211
11	19	0.047207
4	74	0.047188
3	73	0.047188
18	68	0.047184
49	59	0.047179
40	52	0.047172
10	53	0.047166
53	69	0.047162
16	75	0.047151
70	75	0.047146
44	80	0.047146
37	44	0.047141
5	43	0.047121
46	68	0.047118
13	58	0.047109
20	70	0.047101
5	17	0.047086
19	60	0.047079
5	12	0.047078
13	64	0.047078
7	16	0.047077
36	78	0.047077
10	13	0.047076
7	70	0.047072
2	9	0.047069
1	63	0.047065
5	63	0.047064
15	58	0.047064
10	69	0.047059
74	78	0.047052
53	77	0.04705
11	63	0.047042
8	13	0.047039
15	64	0.047032
13	54	0.04703
65	73	0.047025
51	67	0.047019
48	70	0.047016
72	79	0.047014
8	15	0.046993
13	62	0.04699
15	54	0.046984
12	27	0.046981
36	38	0.046969
14	36	0.046961
22	39	0.046961
32	39	0.046961
22	50	0.046958
32	50	0.046958
6	72	0.046958
12	44	0.046947
69	77	0.04694
4	72	0.04694
58	76	0.046928
35	75	0.046926
9	38	0.046924
3	27	0.046918
4	29	0.046916
22	37	0.046915
32	37	0.046915
9	14	0.046915
60	63	0.046909
5	73	0.046902
49	52	0.046899
19	75	0.046896
41	52	0.046896
64	76	0.046895
22	48	0.046891
32	48	0.046891
16	34	0.046887
34	70	0.046881
20	35	0.046879
11	73	0.046878
48	75	0.046877
13	61	0.046873
59	74	0.046872
12	76	0.04687
51	62	0.046862
9	12	0.04686
8	76	0.046855
9	59	0.046852
19	20	0.046849
7	35	0.046848
56	70	0.046847
4	58	0.046847
54	76	0.046845
21	36	0.046834
48	71	0.046832
17	20	0.046831
43	79	0.04683
15	61	0.046826
6	52	0.04682
7	19	0.046817
14	77	0.046815
4	64	0.046814
21	74	0.046808
18	51	0.046807
15	68	0.046796
9	40	0.046796
72	78	0.046796
53	71	0.046795
55	70	0.046789
9	21	0.046787
43	75	0.04678
10	71	0.046772
22	79	0.046772
32	79	0.046772
29	78	0.046771
4	54	0.046763
67	70	0.046758
10	57	0.04675
2	22	0.046746
2	32	0.046746
57	69	0.046746
52	80	0.046742
60	73	0.046741
70	76	0.04674
63	75	0.046719
14	71	0.046713
11	13	0.046703
58	78	0.0467
7	43	0.046699
59	68	0.046697
66	70	0.046696
61	76	0.046682
38	72	0.046681
20	63	0.04667
40	71	0.046669
64	78	0.046665
68	76	0.046652
34	35	0.046648
7	63	0.046637
5	6	0.046633
11	15	0.046629
57	77	0.046623
19	34	0.046616
54	78	0.046613
35	56	0.046613
16	62	0.046599
4	61	0.046597
62	70	0.046592
33	36	0.046591
38	58	0.046583
19	56	0.04658
29	59	0.04658
13	33	0.046577
10	65	0.046576
14	58	0.046574
65	69	0.046573
4	68	0.046566
33	74	0.046563
1	53	0.046559
5	53	0.046559
35	55	0.046552
4	11	0.046549
44	79	0.046549
36	49	0.046549
38	64	0.046548
40	72	0.046547
36	41	0.046546
73	75	0.046544
9	33	0.046542
14	64	0.046539
21	72	0.046538
11	53	0.046534
18	70	0.046534
12	52	0.046524
29	40	0.046522
10	17	0.046521
47	52	0.04652
19	55	0.046519
35	67	0.046519
41	74	0.046518
17	69	0.046518
27	48	0.046515
21	29	0.046512
9	49	0.046499
9	41	0.046496
8	14	0.046496
13	76	0.046495
38	54	0.046494
20	73	0.046493
34	43	0.046492
19	67	0.046486
14	54	0.046485
44	48	0.046477
59	64	0.04647
68	79	0.04647
6	36	0.046465
16	46	0.046464
7	73	0.046459
46	70	0.046458
3	52	0.046454
35	66	0.046454
39	41	0.046448
40	58	0.046446
65	77	0.046445
61	78	0.046442
1	10	0.046441
13	51	0.046437
21	58	0.046436
6	74	0.046436
8	59	0.046426
15	65	0.046425
19	66	0.04642
6	9	0.046414
11	69	0.046412
68	78	0.04641
40	64	0.04641
21	64	0.0464
43	55	0.046393
56	63	0.046391
1	5	0.046391
17	77	0.046389
27	79	0.046386
53	60	0.046386
15	51	0.046385
36	80	0.04638
8	40	0.046366
43	67	0.046359
8	21	0.046356
40	54	0.046355
75	76	0.046349
21	54	0.046346
35	62	0.046345
57	71	0.046344
9	80	0.046329
48	49	0.046327
2	44	0.04632
38	61	0.046319
11	78	0.046313
19	62	0.046311
14	61	0.04631
1	77	0.046306
41	64	0.046297
43	66	0.046292
38	68	0.046286
33	72	0.046279
14	68	0.046277
10	60	0.046264
18	49	0.046262
29	33	0.046252
6	43	0.046251
34	73	0.046242
59	61	0.046238
49	72	0.046235
41	72	0.046231
51	76	0.046228
8	37	0.046217
29	49	0.046208
56	73	0.046204
35	46	0.046204
50	70	0.046184
40	61	0.046175
53	75	0.046174
12	62	0.046173
21	61	0.046165
65	71	0.046156
13	16	0.04615
12	36	0.046147
3	69	0.046145
40	68	0.046142
55	73	0.046138
4	51	0.046135
33	64	0.046135
7	13	0.046134
21	68	0.046132
1	47	0.046131
49	58	0.046127
41	58	0.046124
18	43	0.046117
12	74	0.046116
69	80	0.046116
48	50	0.046105
67	73	0.046102
17	71	0.046097
39	52	0.046094
50	52	0.046091
49	64	0.046089
9	47	0.046089
8	33	0.046088
15	70	0.046088
1	57	0.046086
5	57	0.046085
7	53	0.046084
33	54	0.046077
3	36	0.046071
11	57	0.046058
69	75	0.046043
8	49	0.046042
37	52	0.046041
6	58	0.046036
66	73	0.046032
49	54	0.046031
49	63	0.04602
15	53	0.046014
48	52	0.046011
6	64	0.045997
10	20	0.045992
11	71	0.045982
17	65	0.045977
51	78	0.045966
46	63	0.045964
7	69	0.045951
58	80	0.045944
6	54	0.045938
16	76	0.045929
62	73	0.045915
64	80	0.045905
75	77	0.045902
57	60	0.045896
1	65	0.045888
5	65	0.045888
33	61	0.045887
36	39	0.045885
59	70	0.045878
52	79	0.04587
1	50	0.045869
6	77	0.045869
11	65	0.04586
33	68	0.045852
54	80	0.045845
40	77	0.045843
55	60	0.045843
2	52	0.04584
49	61	0.04584
59	65	0.045837
13	19	0.045836
41	61	0.045836
38	51	0.045832
4	16	0.045831
4	70	0.045824
14	51	0.045822
40	67	0.045819
60	71	0.045818
7	77	0.045807
49	68	0.045804
11	17	0.045797
19	39	0.045783
12	29	0.045778
46	73	0.045762
6	61	0.045743
3	72	0.045727
57	62	0.045717
10	34	0.045716
34	69	0.045712
14	21	0.045708
6	68	0.045707
60	65	0.045692
12	58	0.045691
47	58	0.045687
10	56	0.045675
40	51	0.045675
56	69	0.045671
57	75	0.045665
21	51	0.045664
16	78	0.045652
12	64	0.04565
61	80	0.045647
47	64	0.045646
70	78	0.045645
35	76	0.045642
17	60	0.045628
9	39	0.045627
9	50	0.045623
6	13	0.045612
3	58	0.04561
20	57	0.045605
10	55	0.045602
8	12	0.045599
55	69	0.045598
12	54	0.045587
71	75	0.045583
47	54	0.045583
13	17	0.045575
3	64	0.045568
9	37	0.045568
7	57	0.045566
10	67	0.045563
34	77	0.045563
67	69	0.045559
55	59	0.045539
4	35	0.045539
9	48	0.045537
1	60	0.045533
20	71	0.045523
56	77	0.04552
16	38	0.045511
3	54	0.045505
38	70	0.045503
14	16	0.0455
53	62	0.0455
10	66	0.045486
7	71	0.045483
4	71	0.045459
65	75	0.045452
36	79	0.045444
8	79	0.04544
37	60	0.045427
2	36	0.045411
74	79	0.04541
67	77	0.045406
62	80	0.045403
20	65	0.045391
8	48	0.045388
17	62	0.045386
17	75	0.045386
12	61	0.045381
2	74	0.045377
47	61	0.045376
33	51	0.04536
10	62	0.045357
62	69	0.045353
50	64	0.045353
12	19	0.045351
35	78	0.045351
7	65	0.04535
4	43	0.045348
16	40	0.045345
16	33	0.045345
12	68	0.045343
47	68	0.045338
40	70	0.045337
66	77	0.045327
21	70	0.045325
50	72	0.045313
34	57	0.045311
41	51	0.045304
3	61	0.045295
13	75	0.045294
29	39	0.045285
10	18	0.045284
7	17	0.045282
29	50	0.045282
18	69	0.045279
4	63	0.045269
41	60	0.045257
3	68	0.045257
37	72	0.045255
20	76	0.045254
34	71	0.045225
5	20	0.045224
29	37	0.045224
6	51	0.045203
62	77	0.045194
11	20	0.045192
39	58	0.045191
29	48	0.04519
50	58	0.045188
46	69	0.045185
56	71	0.04518
19	38	0.045161
43	78	0.045155
14	19	0.045149
39	64	0.045147
13	38	0.045136
37	58	0.045129
18	77	0.045119
49	76	0.045106
55	71	0.045101
48	58	0.045095
34	65	0.045087
37	64	0.045084
15	46	0.045082
39	54	0.045079
50	54	0.045075
63	78	0.045074
60	75	0.045071
50	80	0.045067
19	59	0.045062
67	71	0.045059
46	75	0.045051
48	64	0.04505
37	63	0.045032
35	40	0.045028
7	48	0.045024
21	35	0.045016
17	34	0.045016
37	54	0.045015
33	70	0.045005
15	56	0.045001
12	47	0.044982
48	54	0.044981
66	71	0.044976
7	60	0.044962
55	65	0.044961
16	49	0.044959
16	41	0.044955
13	53	0.044953
49	70	0.04495
6	11	0.04495
34	55	0.044948
41	70	0.044946
48	60	0.044945
20	66	0.044939
19	37	0.044935
1	39	0.044932
58	79	0.044931
5	34	0.044912
14	63	0.044907
43	59	0.044901
2	62	0.044898
2	58	0.044896
64	79	0.044884
11	34	0.044879
1	56	0.044865
5	56	0.044865
39	61	0.044855
50	61	0.044851
63	79	0.044851
2	64	0.044849
6	16	0.044848
21	37	0.044848
62	71	0.044836
11	56	0.044831
39	68	0.044814
54	79	0.044814
50	68	0.04481
12	51	0.044808
47	51	0.044803
37	61	0.04479
1	55	0.044783
5	55	0.044783
2	54	0.044778
62	66	0.04477
18	71	0.044757
20	47	0.044755
48	61	0.044754
41	49	0.044751
11	55	0.044749
37	68	0.044748
20	75	0.044739
1	67	0.044738
5	67	0.044738
16	80	0.044737
40	63	0.044737
70	80	0.044729
15	69	0.044725
21	63	0.044724
3	51	0.044715
48	68	0.044712
46	66	0.044712
11	67	0.044704
62	65	0.04469
53	76	0.044685
34	60	0.044683
1	66	0.044651
5	66	0.044651
12	33	0.044646
56	60	0.044634
39	63	0.044633
6	66	0.04463
7	20	0.044625
35	49	0.044623
13	77	0.044621
35	41	0.044619
11	62	0.044619
11	66	0.044616
61	79	0.044606
34	48	0.04459
1	40	0.044578
19	49	0.044578
59	73	0.044573
4	53	0.044565
2	61	0.044545
17	18	0.044533
6	35	0.044507
1	62	0.044505
37	79	0.044499
4	17	0.044496
33	77	0.044483
6	19	0.044461
18	56	0.044445
12	16	0.044432
49	73	0.044431
17	46	0.044427
16	47	0.044426
5	18	0.044422
60	66	0.044413
34	75	0.044404
5	47	0.044398
4	69	0.044396
35	80	0.044391
11	18	0.044386
33	63	0.044375
41	57	0.044362
56	75	0.044353
79	80	0.044351
53	78	0.044349
12	63	0.044339
3	16	0.044333
13	57	0.044331
6	65	0.044326
38	46	0.044311
10	39	0.044291
7	34	0.044284
11	46	0.044278
17	78	0.044273
55	75	0.044265
39	51	0.044236
7	56	0.044233
50	51	0.044231
67	75	0.044217
38	53	0.044177
69	78	0.044175
43	80	0.044166
37	51	0.044164
14	53	0.044164
15	71	0.044158
7	55	0.044143
37	38	0.044135
48	51	0.044126
66	75	0.044123
10	41	0.044122
7	67	0.044094
4	34	0.044091
6	57	0.044089
14	33	0.044078
7	46	0.044076
63	80	0.044073
13	65	0.044073
46	60	0.044066
39	78	0.044065
35	47	0.044065
57	76	0.044039
47	62	0.044025
6	7	0.044021
19	47	0.044016
10	38	0.044004
7	66	0.043999
38	69	0.043999
10	14	0.043991
40	53	0.043976
3	35	0.043968
62	75	0.043966
18	67	0.043961
51	79	0.043938
3	19	0.043918
4	57	0.043909
39	50	0.043907
2	51	0.043898
20	62	0.04389
10	59	0.043888
18	75	0.043878
7	62	0.04384
16	39	0.043829
16	50	0.043824
39	70	0.043819
5	76	0.043819
47	69	0.043809
47	59	0.043804
18	20	0.043801
59	78	0.043795
5	15	0.043795
34	78	0.043794
40	69	0.043793
10	21	0.043784
34	67	0.04378
37	53	0.043773
65	76	0.04377
60	79	0.043769
70	79	0.043754
16	37	0.043753
7	18	0.04375
37	70	0.043744
47	63	0.043733
16	48	0.043713
59	77	0.043689
17	76	0.043686
20	46	0.043685
34	66	0.043681
57	78	0.043673
21	39	0.043669
49	71	0.043655
4	65	0.043636
10	80	0.04363
7	76	0.043624
11	48	0.043596
1	76	0.043562
11	76	0.043522
34	62	0.043516
16	79	0.043515
49	53	0.043509
48	73	0.043502
38	57	0.043486
2	16	0.043473
14	57	0.043472
56	62	0.043459
47	73	0.043453
35	50	0.043434
1	4	0.043424
18	34	0.043422
3	60	0.043411
65	78	0.043392
10	33	0.043389
19	50	0.043381
6	53	0.043375
38	71	0.043375
47	55	0.043375
5	14	0.043374
55	62	0.043361
10	49	0.043321
35	48	0.043317
49	69	0.043316
41	69	0.043311
62	67	0.043307
34	46	0.0433
21	65	0.043297
60	76	0.043289
7	59	0.043271
40	57	0.043267
19	48	0.043264
21	57	0.043252
59	71	0.04325
53	80	0.043241
59	62	0.04323
5	59	0.043214
13	20	0.043206
15	75	0.043206
38	65	0.043198
39	43	0.043185
3	4	0.043185
14	65	0.043184
12	20	0.04318
1	78	0.043174
4	60	0.043147
46	55	0.043142
5	33	0.043139
41	65	0.043138
21	71	0.043138
20	49	0.043133
15	20	0.043122
1	49	0.043112
17	38	0.043108
18	66	0.043105
37	43	0.043104
46	67	0.043087
12	48	0.043083
7	15	0.043067
2	35	0.043066
43	48	0.04306
19	79	0.043055
2	19	0.043011
10	37	0.042999
1	38	0.042976
5	38	0.042976
40	65	0.042973
1	14	0.042961
48	63	0.042954
11	38	0.042933
11	14	0.042918
38	75	0.042892
60	78	0.042889
17	40	0.04288
12	53	0.042873
47	53	0.042866
11	47	0.042849
1	59	0.042845
37	59	0.042823
38	50	0.042816
4	14	0.04281
12	17	0.042804
11	59	0.042802
2	43	0.042802
46	62	0.0428
13	34	0.0428
15	33	0.042767
49	57	0.042759
3	53	0.042754
3	78	0.04274
2	40	0.042738
13	56	0.042738
5	21	0.042728
4	20	0.042722
15	34	0.042713
33	71	0.042712
59	75	0.042706
11	40	0.042701
50	60	0.042695
2	63	0.042693
11	21	0.042684
38	60	0.042684
10	12	0.042672
3	17	0.042655
47	57	0.04265
3	10	0.042551
59	60	0.04255
33	65	0.042523
20	40	0.042514
57	80	0.042469
7	38	0.042467
13	66	0.042461
20	78	0.042452
49	65	0.042448
40	60	0.042446
40	50	0.042439
18	33	0.042437
14	78	0.042437
21	60	0.042429
17	33	0.042425
11	39	0.042422
56	76	0.042386
17	49	0.04235
17	41	0.042344
3	77	0.042319
14	75	0.042313
4	39	0.042276
55	76	0.042276
4	13	0.042275
18	41	0.042248
20	38	0.042238
11	33	0.042237
49	60	0.042234
4	56	0.042229
14	20	0.042222
47	75	0.042218
67	76	0.042216
6	17	0.042199
40	59	0.04217
13	18	0.042164
7	14	0.042161
11	49	0.042161
11	41	0.042155
65	80	0.042148
39	53	0.042147
2	5	0.042146
50	53	0.042141
14	18	0.042137
4	55	0.042117
66	76	0.042098
20	59	0.042097
3	5	0.042085
40	75	0.042081
15	18	0.042071
18	79	0.042071
12	57	0.042068
21	75	0.042064
3	59	0.042064
4	67	0.042056
17	80	0.042047
13	46	0.042025
4	33	0.042012
48	53	0.042008
17	79	0.042001
33	60	0.04197
34	80	0.041958
56	78	0.041945
13	78	0.041943
3	57	0.04194
4	66	0.041937
11	12	0.041935
7	40	0.041926
10	50	0.041925
50	69	0.041918
7	21	0.041908
75	80	0.041908
62	76	0.041902
5	80	0.041899
3	41	0.041891
3	76	0.04188
46	59	0.041876
37	69	0.041831
55	78	0.04183
3	21	0.041822
18	76	0.041791
34	38	0.041788
10	48	0.041788
14	34	0.041772
53	79	0.04177
67	78	0.041767
39	60	0.041757
4	62	0.041738
12	65	0.041735
6	60	0.041733
47	65	0.041727
38	56	0.04172
2	53	0.04172
14	56	0.041704
39	77	0.041684
50	77	0.041678
12	67	0.041676
12	80	0.041667
40	55	0.041665
46	76	0.041647
66	78	0.041645
18	21	0.041632
4	18	0.041625
17	47	0.041623
38	55	0.041603
3	65	0.041602
33	78	0.041597
37	77	0.041589
33	75	0.041589
14	55	0.041586
37	66	0.041572
3	37	0.04156
10	79	0.041546
38	48	0.041541
38	67	0.041539
48	77	0.041538
34	40	0.041528
40	80	0.041525
14	67	0.041522
33	56	0.041511
34	47	0.04151
2	17	0.041504
41	75	0.041501
2	69	0.041488
4	46	0.041479
13	15	0.041467
40	56	0.041458
38	62	0.041444
62	78	0.04144
7	33	0.041426
38	66	0.041414
20	41	0.041402
14	66	0.041396
59	67	0.041388
37	49	0.041371
6	75	0.041343
1	3	0.041341
7	41	0.041337
18	78	0.041324
21	55	0.041319
3	11	0.041291
39	57	0.041282
50	57	0.041276
21	67	0.041254
6	20	0.041243
37	57	0.041183
33	62	0.041177
14	46	0.041175
46	78	0.041174
37	71	0.04116
15	40	0.041157
40	66	0.041144
47	60	0.041131
48	57	0.041131
21	66	0.041125
39	40	0.041117
18	38	0.041086
20	80	0.041078
7	80	0.04101
15	76	0.040952
39	76	0.040942
40	62	0.04093
39	65	0.040923
50	65	0.040917
34	41	0.040917
21	62	0.040911
6	34	0.040901
57	79	0.040874
49	56	0.04085
37	65	0.040822
2	57	0.040819
17	39	0.040811
33	55	0.04081
18	40	0.040809
17	50	0.040804
4	80	0.040785
4	15	0.040774
1	48	0.04077
48	65	0.040768
33	67	0.040741
49	55	0.040723
41	55	0.040716
2	21	0.0407
6	56	0.040676
1	79	0.040674
49	67	0.040654
17	48	0.040653
40	46	0.040652
41	67	0.040647
5	39	0.040646
21	46	0.040632
11	50	0.040586
3	75	0.040583
15	59	0.04055
6	55	0.040548
7	47	0.040544
1	37	0.040542
13	59	0.040528
49	66	0.040519
56	80	0.040503
65	79	0.040503
11	37	0.040489
6	67	0.040477
3	20	0.040476
15	78	0.04045
2	65	0.040446
3	7	0.040405
78	80	0.040377
55	80	0.040372
13	37	0.040317
67	80	0.040301
49	62	0.040293
41	62	0.040287
5	79	0.040215
15	38	0.040194
66	80	0.040162
11	79	0.040161
6	62	0.040112
14	40	0.040105
12	34	0.040104
33	46	0.040093
12	56	0.040025
47	56	0.040017
46	49	0.040001
12	40	0.04
47	76	0.039994
6	18	0.039982
12	37	0.039969
3	34	0.039952
4	21	0.03992
12	55	0.03989
3	56	0.039872
38	76	0.039865
14	76	0.039845
39	75	0.039842
50	75	0.039836
6	46	0.039815
48	55	0.039814
18	80	0.039799
3	55	0.039735
37	75	0.039732
14	59	0.039732
20	39	0.039729
20	50	0.039723
59	76	0.039692
12	66	0.039672
4	38	0.03967
3	67	0.039661
7	39	0.039655
7	50	0.039648
46	80	0.03963
38	79	0.039625
20	37	0.039618
18	50	0.039581
21	78	0.039554
7	37	0.039543
21	76	0.039537
3	66	0.039515
4	59	0.039494
2	13	0.039484
75	79	0.039384
4	40	0.03936
38	78	0.039317
13	41	0.039315
12	18	0.039296
47	80	0.03928
3	62	0.039272
20	79	0.039268
15	41	0.039249
39	46	0.039245
2	20	0.039206
15	49	0.039205
7	79	0.03919
2	46	0.039177
34	39	0.039174
34	50	0.039167
3	46	0.039161
12	38	0.039112
78	79	0.039096
33	40	0.039092
39	56	0.03909
50	56	0.039083
6	15	0.039059
34	37	0.039059
40	78	0.038999
37	56	0.038985
12	59	0.038956
33	76	0.038951
39	55	0.038945
50	55	0.038938
38	41	0.038934
13	80	0.038933
37	80	0.038916
48	56	0.038911
39	67	0.038866
50	67	0.038859
41	76	0.038843
37	55	0.038828
15	80	0.038812
37	67	0.038748
39	66	0.038712
50	66	0.038705
34	79	0.038694
21	38	0.038692
48	67	0.038685
4	49	0.038642
4	41	0.038634
2	34	0.03863
37	48	0.038617
56	79	0.038607
15	47	0.03856
2	56	0.038543
48	66	0.038529
21	59	0.038504
55	79	0.038457
39	62	0.038455
12	49	0.038413
2	55	0.038392
67	79	0.038376
21	40	0.03836
2	67	0.03831
18	39	0.03831
2	47	0.038275
48	62	0.038269
49	78	0.038263
41	78	0.038255
6	14	0.038247
2	33	0.038232
66	79	0.038217
18	37	0.038187
2	66	0.038151
18	48	0.038121
46	50	0.038114
38	80	0.03811
3	15	0.038099
33	38	0.038071
38	39	0.038031
37	46	0.037998
62	79	0.037951
46	48	0.037931
21	41	0.037916
41	59	0.037903
33	59	0.037875
6	41	0.03787
6	21	0.037795
4	79	0.037753
6	38	0.037751
33	37	0.037744
2	18	0.037734
4	47	0.037663
46	79	0.037607
6	59	0.037552
21	48	0.037535
2	39	0.037442
4	48	0.037356
13	50	0.037344
59	80	0.037337
47	78	0.037261
21	80	0.037157
38	47	0.037113
3	40	0.036956
48	78	0.03691
50	76	0.036809
3	38	0.036767
12	21	0.036758
3	14	0.036743
6	33	0.036701
37	76	0.036683
15	79	0.036675
2	4	0.036657
48	76	0.036611
2	15	0.036603
6	49	0.036586
4	50	0.036572
21	47	0.036548
47	50	0.036491
33	80	0.036475
2	37	0.03645
4	37	0.036444
49	80	0.036358
41	80	0.03635
49	79	0.036342
76	79	0.036261
14	79	0.036211
2	78	0.036206
50	78	0.036144
6	47	0.03614
37	78	0.036014
33	39	0.035847
33	47	0.035844
14	50	0.035781
3	33	0.035657
14	37	0.035649
6	12	0.035602
39	59	0.035594
50	59	0.035585
14	48	0.035573
3	49	0.035535
12	50	0.035528
21	50	0.035388
48	59	0.035375
33	48	0.035311
3	6	0.035292
37	40	0.03528
2	38	0.035153
47	79	0.035131
2	14	0.035127
2	50	0.035057
33	50	0.035014
2	59	0.034924
40	79	0.034828
21	79	0.0348
37	41	0.034701
3	39	0.034598
39	49	0.034522
41	50	0.034504
3	47	0.034372
6	39	0.034267
6	50	0.034266
3	48	0.034253
6	48	0.034034
33	79	0.034032
39	80	0.034013
6	79	0.033982
2	49	0.033818
2	41	0.033809
48	80	0.033777
37	47	0.033146
3	50	0.033085
2	48	0.032495
50	79	0.031273