#==========================================================================
# The first and second rows contain site pairs (i, j) such that j > i
# The third row contains coevolutionary scores obtained 
# using Boltzmann learning algorithm.
# Note that in this data sites are counted/labelled starting from 1
#==========================================================================
22	23	1.07877
50	51	0.936164
54	55	0.774736
7	8	0.718033
25	26	0.705136
15	16	0.696451
42	43	0.683457
38	39	0.677634
3	4	0.655137
45	46	0.641573
33	34	0.60423
30	31	0.562023
6	7	0.560584
28	29	0.548608
10	11	0.538371
18	19	0.523256
5	6	0.465628
26	27	0.419759
52	53	0.419569
2	3	0.404072
47	48	0.37328
51	52	0.371394
41	42	0.369359
48	49	0.353419
12	44	0.352876
29	32	0.341669
13	43	0.337881
14	40	0.335858
43	44	0.322787
54	56	0.313229
6	52	0.312573
2	56	0.31029
24	25	0.309622
32	33	0.308404
39	40	0.304606
14	15	0.296225
8	50	0.293071
4	5	0.292875
17	18	0.283435
9	10	0.281352
27	28	0.280803
21	35	0.280221
1	2	0.278195
3	55	0.273936
9	11	0.269191
49	50	0.267911
37	38	0.266238
4	54	0.252715
8	9	0.249259
46	47	0.242842
23	32	0.240127
7	9	0.239503
55	56	0.238947
5	7	0.227448
2	4	0.226943
10	48	0.21986
5	9	0.218912
3	5	0.217385
53	55	0.216536
24	31	0.21607
12	13	0.213982
32	37	0.213477
25	27	0.212617
13	14	0.208576
53	54	0.204019
15	39	0.202704
42	47	0.198831
6	8	0.192868
2	5	0.190222
16	38	0.189486
19	20	0.189386
36	37	0.187717
24	27	0.18606
45	47	0.184161
17	21	0.179183
24	26	0.176589
1	4	0.176278
33	35	0.17569
6	9	0.174475
18	20	0.173335
8	10	0.169055
1	3	0.167135
3	6	0.16478
21	22	0.164561
35	36	0.163573
29	37	0.161283
7	11	0.160745
27	29	0.157045
52	55	0.155459
53	56	0.154118
52	54	0.153025
41	49	0.15247
20	36	0.152191
19	37	0.151473
49	51	0.151353
28	32	0.15109
51	53	0.148299
11	13	0.14343
44	45	0.143425
34	35	0.142099
16	20	0.140639
14	16	0.140531
11	14	0.138389
46	50	0.137822
4	7	0.133271
16	17	0.130735
15	18	0.130701
47	49	0.1293
9	13	0.128909
7	10	0.128681
43	45	0.128448
40	42	0.127707
5	8	0.127136
20	24	0.127114
31	33	0.126932
48	50	0.125
19	21	0.124018
40	41	0.120095
20	21	0.119388
44	46	0.118069
31	32	0.115983
21	26	0.11392
39	41	0.113718
49	52	0.112461
8	11	0.112384
29	31	0.109997
34	36	0.108476
29	44	0.107367
5	11	0.104564
47	55	0.104295
18	21	0.104093
33	36	0.103859
28	30	0.103428
43	46	0.103393
26	32	0.102734
21	25	0.100179
4	6	0.0994633
9	49	0.099139
6	10	0.0990702
50	52	0.0985822
36	39	0.0955494
21	24	0.0953799
41	43	0.0947382
10	13	0.0932915
42	49	0.0924232
13	29	0.0919156
10	12	0.091101
22	30	0.0907532
49	56	0.0905169
1	56	0.0893115
45	53	0.0891916
36	41	0.0883729
35	37	0.0882741
37	40	0.0881987
3	9	0.0881081
49	53	0.0872621
40	45	0.0871875
25	30	0.0870847
15	27	0.0869628
14	17	0.0862907
31	34	0.0860594
31	35	0.0859187
46	49	0.0857544
2	11	0.0853434
44	51	0.0849162
42	45	0.0848995
43	48	0.0847795
2	9	0.0845646
23	30	0.0838203
3	11	0.0834644
2	6	0.0829885
26	29	0.0823537
51	54	0.0810575
25	29	0.0803357
3	10	0.0801878
1	8	0.0794906
23	51	0.0792791
44	56	0.079154
3	8	0.0781754
15	38	0.0770616
26	28	0.0768401
42	48	0.0766102
22	51	0.0750358
31	50	0.0747574
4	8	0.0745552
11	12	0.0744006
37	39	0.0716047
17	19	0.0715673
20	40	0.0707663
37	44	0.0705035
17	46	0.070036
25	31	0.0690859
30	50	0.0689977
22	35	0.068603
46	54	0.068501
41	48	0.0671275
48	55	0.0666638
5	53	0.0665933
20	26	0.0664556
35	38	0.066385
39	42	0.0660943
44	47	0.0660085
16	18	0.0656754
48	52	0.0650637
6	11	0.0650352
4	10	0.0641455
41	53	0.0637805
35	43	0.0634292
40	53	0.0633924
42	44	0.0627583
40	44	0.0617949
22	34	0.0615391
30	51	0.0615351
47	50	0.0614332
3	12	0.0614218
36	38	0.061225
29	40	0.0607928
10	15	0.0601626
2	7	0.0601101
1	5	0.0598093
50	56	0.0597416
30	33	0.0589323
12	23	0.0586722
38	41	0.0585307
21	36	0.0581574
44	49	0.0575536
10	40	0.0572185
4	17	0.057048
20	37	0.0565896
18	25	0.0563477
16	19	0.0559124
9	14	0.0558925
13	37	0.0556057
4	9	0.0553556
21	32	0.0550042
31	39	0.0548698
52	56	0.0543753
20	23	0.0542894
23	26	0.0542738
38	42	0.0535816
45	49	0.0533114
25	28	0.0529209
45	56	0.052891
13	15	0.0527477
2	12	0.052415
51	55	0.0523965
45	50	0.0515367
46	53	0.0514007
12	16	0.051115
46	55	0.0506373
8	12	0.0503878
24	29	0.0502002
29	33	0.0499637
18	56	0.0493871
28	31	0.049012
21	33	0.0489502
25	32	0.0485459
30	38	0.0484029
47	54	0.048388
23	34	0.0482661
23	25	0.0479214
35	46	0.047499
48	51	0.0472648
33	47	0.0472415
19	36	0.0472162
5	46	0.0471968
4	55	0.0468495
4	11	0.0467839
43	51	0.0465492
12	43	0.0465456
3	7	0.0463245
49	55	0.0461818
48	56	0.0450179
15	17	0.044881
9	15	0.0445026
40	43	0.044227
32	35	0.0432968
14	23	0.0432339
31	45	0.0430879
7	52	0.0427578
46	51	0.0420987
42	46	0.0420562
1	55	0.0417236
47	51	0.0416385
22	24	0.0416058
24	44	0.040982
20	47	0.0406808
24	32	0.0405922
23	27	0.0405381
26	31	0.0394889
6	12	0.0390302
41	52	0.0389709
27	34	0.03895
17	27	0.0386564
17	20	0.0386379
30	40	0.0376732
36	46	0.0374433
41	47	0.0373221
40	47	0.0370678
11	16	0.0369761
17	22	0.0367667
35	44	0.0365616
22	31	0.0365211
39	49	0.0364204
41	50	0.0358799
35	40	0.0358185
19	23	0.0355105
37	41	0.0351267
9	12	0.0350198
18	37	0.0348218
23	24	0.0341742
35	54	0.0341362
24	28	0.0341228
39	45	0.0340719
20	35	0.0329477
19	34	0.0327246
28	39	0.0323619
40	56	0.0320132
41	45	0.0312936
13	19	0.0309151
19	33	0.0308675
2	55	0.0307148
44	55	0.0306363
1	24	0.0304973
34	48	0.0302846
37	42	0.0298548
24	33	0.0296857
1	30	0.0294849
28	37	0.0294433
38	40	0.0292642
15	36	0.0292281
22	48	0.0290267
36	53	0.0289016
50	55	0.0287825
27	54	0.0287777
19	24	0.0283676
28	38	0.0282701
5	18	0.0282264
24	34	0.028218
2	16	0.0273303
29	35	0.027252
27	32	0.0270198
1	6	0.0269631
9	16	0.0266977
26	30	0.026644
30	34	0.0266202
47	56	0.0264642
28	50	0.0263794
47	52	0.0258263
34	37	0.0252355
45	48	0.0249518
22	26	0.0247494
40	48	0.0247405
34	47	0.0242151
29	30	0.023939
31	47	0.0237235
12	33	0.0236046
32	36	0.0232207
43	55	0.0231654
36	45	0.0229308
1	19	0.0228129
20	25	0.0224354
2	15	0.0222484
46	52	0.0217435
26	33	0.0217213
23	36	0.021468
9	17	0.0214645
19	35	0.0214161
11	18	0.0212819
3	56	0.0209195
17	38	0.0207298
10	44	0.0206924
20	34	0.0206808
15	19	0.0206336
5	54	0.0204943
3	14	0.0204887
9	47	0.0204488
50	53	0.0202269
30	36	0.0201535
3	54	0.020147
48	53	0.0198117
34	41	0.0196399
2	18	0.0196225
14	25	0.0192556
11	25	0.018604
13	18	0.0185022
22	25	0.0182994
29	34	0.0182853
19	25	0.0182611
16	28	0.0182476
2	8	0.0182115
1	51	0.0180225
45	52	0.0175601
14	52	0.0173208
31	36	0.0169094
33	42	0.0168659
14	45	0.0164485
12	14	0.0163745
5	10	0.0162681
33	38	0.0159946
17	26	0.0158446
1	28	0.0157199
5	12	0.0157122
41	51	0.0157036
14	51	0.0156631
4	29	0.0149528
1	23	0.0148854
8	13	0.0144249
42	51	0.0143001
21	27	0.0141399
2	19	0.0136775
1	12	0.0136203
2	46	0.0135354
7	51	0.0134232
4	36	0.0134113
50	54	0.0133024
20	29	0.0132068
41	54	0.0131379
5	13	0.0128611
18	38	0.0127668
1	15	0.0126782
23	35	0.0125971
23	53	0.0125846
34	53	0.0124958
1	21	0.0124601
10	22	0.0123037
37	45	0.0121606
24	30	0.0121286
21	34	0.0115356
29	47	0.0110541
27	36	0.0109108
15	25	0.0109076
12	19	0.0106759
16	26	0.0105669
23	50	0.0102902
42	56	0.0102637
35	53	0.0101175
17	25	0.0101071
4	46	0.0101025
14	41	0.0100347
10	27	0.00995457
7	13	0.0096405
14	32	0.00946639
11	21	0.00935813
23	48	0.00931773
31	44	0.00927829
1	9	0.00910117
20	53	0.00888361
23	31	0.00881507
39	46	0.00849919
36	40	0.00806767
13	17	0.00785465
28	34	0.00696824
20	32	0.00691374
26	52	0.00684489
22	29	0.0067199
38	56	0.00608612
12	27	0.00606567
24	42	0.00605135
14	53	0.00601052
17	36	0.00571006
11	15	0.00563513
5	28	0.00538447
40	46	0.00528986
8	23	0.00505565
21	29	0.00474501
13	20	0.00432025
1	33	0.00421682
7	17	0.00411986
32	52	0.00406058
3	13	0.00390762
9	18	0.00378359
15	22	0.00357681
4	21	0.00343858
27	31	0.00339539
39	48	0.00333672
32	34	0.00328797
1	10	0.00323739
1	40	0.00318137
6	16	0.00311373
15	47	0.00294694
17	53	0.00291324
45	54	0.00265964
39	54	0.00264894
29	48	0.00246631
22	38	0.00232948
7	12	0.00204558
11	17	0.0020001
2	13	0.00169809
13	38	0.00157938
22	33	0.00138121
6	54	0.00124319
35	42	0.0011799
27	56	0.000930307
43	47	0.000884133
18	36	0.000845817
27	37	0.000769965
31	40	0.000649104
30	49	0.000530529
17	47	0.000518854
43	54	0.000439284
17	39	0.000407533
14	18	0.0003595
8	30	0.000355914
34	38	3.54283e-05
16	21	-0.00033287
1	13	-0.000531675
5	39	-0.000592623
44	53	-0.000827205
1	44	-0.000938111
15	24	-0.000994713
28	48	-0.0010858
21	31	-0.00122208
2	54	-0.00160539
32	51	-0.00160971
32	38	-0.00174343
22	53	-0.00187389
13	22	-0.00192504
1	7	-0.0022014
33	40	-0.00220495
8	18	-0.00271404
26	35	-0.00278779
42	54	-0.00284815
13	16	-0.00295395
16	47	-0.00311525
10	43	-0.00314905
14	24	-0.00339783
16	39	-0.00342064
36	42	-0.00343001
25	33	-0.00343487
12	32	-0.00361428
12	36	-0.00365252
39	43	-0.00368511
13	25	-0.00370584
1	47	-0.00397018
6	50	-0.00408745
22	28	-0.00417934
1	39	-0.00419417
12	56	-0.00427709
16	24	-0.00450864
18	27	-0.00463906
34	43	-0.00468961
12	41	-0.00470873
33	55	-0.00482579
34	39	-0.00507804
25	52	-0.00524686
42	50	-0.00534841
14	27	-0.00546421
30	35	-0.00577908
19	43	-0.00587426
24	37	-0.00604429
48	54	-0.00661909
31	37	-0.00670004
31	38	-0.00679088
35	47	-0.006824
4	12	-0.00685464
14	37	-0.0069639
30	48	-0.00702067
13	45	-0.0070523
14	48	-0.00711253
36	43	-0.00717091
19	38	-0.00727307
28	36	-0.00740496
17	35	-0.00772354
28	52	-0.00782102
30	53	-0.00784927
24	49	-0.00796776
21	37	-0.00810963
18	53	-0.00815329
5	17	-0.00828437
10	46	-0.00830883
19	28	-0.00833178
34	40	-0.00849158
6	17	-0.00851539
39	47	-0.00864998
32	55	-0.0086726
1	38	-0.00876869
8	17	-0.0087797
37	47	-0.00896192
33	45	-0.00955708
30	32	-0.00981331
1	52	-0.0100102
12	17	-0.0101058
12	15	-0.010109
2	40	-0.0101428
33	41	-0.0103276
37	53	-0.0103535
6	44	-0.0103693
14	50	-0.0103873
33	46	-0.0104071
18	24	-0.0106343
1	20	-0.0106625
6	30	-0.0107064
18	52	-0.0107185
12	37	-0.0107683
9	20	-0.0108969
23	39	-0.0111337
14	26	-0.0111386
45	55	-0.0111486
25	41	-0.0112474
17	52	-0.0112551
12	53	-0.0115148
51	56	-0.0115677
1	17	-0.0116603
34	55	-0.0117408
9	32	-0.0118065
18	26	-0.0118949
7	18	-0.0120563
19	32	-0.0122981
4	13	-0.0124966
16	49	-0.0126486
43	49	-0.0128038
30	41	-0.0130376
28	45	-0.0130462
49	54	-0.013054
46	48	-0.0138059
1	42	-0.0138543
6	40	-0.0138836
44	48	-0.0141204
31	41	-0.0141982
30	45	-0.0143159
16	30	-0.0145419
1	26	-0.0146303
16	41	-0.0147502
8	22	-0.0148249
10	21	-0.0150239
2	44	-0.015138
2	36	-0.0151898
33	44	-0.0152328
19	22	-0.0153507
12	25	-0.0154458
21	23	-0.0154893
8	15	-0.015596
23	43	-0.0156745
5	36	-0.0157028
20	33	-0.0159623
22	42	-0.0160066
34	56	-0.0160575
12	22	-0.0161115
14	49	-0.0161926
10	20	-0.0162656
11	20	-0.0164186
23	37	-0.0165191
19	39	-0.0171284
26	36	-0.0172418
20	48	-0.0172455
16	53	-0.0175192
17	24	-0.017595
29	38	-0.0176459
22	41	-0.0176671
3	17	-0.0177644
6	39	-0.0178967
41	46	-0.0180438
6	28	-0.0181171
1	41	-0.0181352
10	50	-0.0183045
32	45	-0.0183199
17	48	-0.018356
42	52	-0.0184457
38	51	-0.0184599
6	14	-0.018649
13	49	-0.0186538
27	30	-0.0187383
12	48	-0.0188549
35	41	-0.0190653
16	46	-0.0191222
41	44	-0.0191857
40	52	-0.0192042
28	49	-0.0192429
27	42	-0.0193219
10	18	-0.0194433
43	52	-0.019634
22	50	-0.0199223
37	50	-0.0200841
25	34	-0.0202864
22	36	-0.0204433
13	50	-0.0204897
38	43	-0.0205416
9	19	-0.0205825
3	19	-0.0205913
13	34	-0.0207365
17	30	-0.0208396
21	47	-0.0208924
6	38	-0.0212551
21	30	-0.0214746
8	38	-0.0217292
24	36	-0.0218515
37	46	-0.0219123
44	52	-0.0219631
38	45	-0.0219875
9	48	-0.022008
2	10	-0.0220286
11	44	-0.0220788
38	54	-0.0221788
20	27	-0.0224036
4	16	-0.0225469
18	28	-0.0225689
30	42	-0.0226071
17	56	-0.022825
20	44	-0.0228726
13	33	-0.0228727
15	37	-0.0228791
3	36	-0.0229604
39	44	-0.0230485
30	56	-0.023112
4	25	-0.0231186
23	56	-0.023311
30	54	-0.023331
21	28	-0.023429
24	35	-0.0234665
1	48	-0.0235732
16	32	-0.0235871
13	46	-0.0235989
8	46	-0.0236174
2	21	-0.0237943
36	54	-0.0240573
36	47	-0.0240953
46	56	-0.024155
39	55	-0.0242882
1	31	-0.0243608
33	37	-0.0245077
2	22	-0.0245549
18	48	-0.0245749
26	53	-0.0247691
27	55	-0.0249535
20	22	-0.0251828
3	26	-0.0251943
15	31	-0.0253948
37	49	-0.0254844
8	48	-0.0255114
35	52	-0.025634
38	53	-0.0258875
1	11	-0.0259098
22	52	-0.0261143
4	18	-0.0262054
22	32	-0.0262925
26	43	-0.0263135
33	43	-0.0267897
14	39	-0.026846
13	23	-0.0270082
29	36	-0.0271088
17	49	-0.0271354
18	22	-0.0273207
11	40	-0.0273766
21	41	-0.0275489
33	39	-0.0278477
11	24	-0.0279381
23	44	-0.0280228
29	51	-0.0283655
1	16	-0.0285281
2	14	-0.0286403
27	35	-0.0288956
23	49	-0.0289146
24	38	-0.0289575
3	18	-0.0289891
20	28	-0.0290562
27	40	-0.0290732
19	41	-0.0292079
30	43	-0.0293772
31	56	-0.0294568
19	45	-0.0295706
12	24	-0.0298563
11	36	-0.0298611
11	33	-0.029875
37	56	-0.0298895
2	39	-0.0299073
7	21	-0.0299275
13	27	-0.0301684
3	28	-0.0302453
17	37	-0.0304365
1	29	-0.0305929
18	35	-0.0306327
27	48	-0.0306897
20	52	-0.0307609
23	41	-0.0307747
5	14	-0.0307902
20	31	-0.0308124
38	46	-0.0309211
26	42	-0.0309991
28	33	-0.0310477
31	53	-0.0311622
27	47	-0.0311627
43	53	-0.0314319
19	27	-0.0316093
14	38	-0.031664
16	43	-0.0316935
40	55	-0.0316942
13	24	-0.0316972
25	35	-0.0317056
10	30	-0.031875
31	42	-0.031883
44	50	-0.0320464
1	35	-0.032049
35	51	-0.0321092
15	29	-0.0321101
27	33	-0.0321597
35	45	-0.0321965
12	34	-0.0322968
11	38	-0.0323827
39	56	-0.032476
27	46	-0.0324982
6	48	-0.0325167
40	51	-0.0325523
38	47	-0.0325683
11	50	-0.0325714
5	37	-0.0325885
2	34	-0.0326677
4	56	-0.0326968
19	30	-0.0329357
14	34	-0.0330692
14	35	-0.033214
21	56	-0.0332793
43	50	-0.0333166
18	33	-0.0333666
29	52	-0.0333697
22	56	-0.0335487
11	26	-0.0336054
37	43	-0.0336463
19	52	-0.0337054
9	43	-0.0337365
20	56	-0.0337812
7	14	-0.0337929
12	42	-0.0338046
4	20	-0.0338052
7	41	-0.0338491
10	31	-0.0340014
13	30	-0.0340482
19	50	-0.0340754
2	20	-0.0341203
1	14	-0.0342369
27	49	-0.0342382
8	55	-0.0343161
18	44	-0.0343475
9	31	-0.0343863
11	42	-0.0345725
20	51	-0.0345774
16	31	-0.0345884
17	45	-0.0346142
3	51	-0.0346256
35	39	-0.0346809
22	27	-0.0346879
1	54	-0.0348368
14	56	-0.0348707
22	47	-0.0349004
6	18	-0.0350198
11	37	-0.0350762
34	45	-0.0351151
13	48	-0.0351847
16	37	-0.0352176
31	49	-0.0352825
17	41	-0.0355409
8	49	-0.0355834
12	54	-0.0356809
23	55	-0.0358363
8	44	-0.035979
27	39	-0.0360245
38	49	-0.0361777
27	45	-0.0361778
10	53	-0.0362707
11	49	-0.0362889
10	17	-0.0363968
5	22	-0.0364213
28	35	-0.0366915
34	44	-0.0367007
33	48	-0.0367543
47	53	-0.0367692
41	56	-0.0367941
14	28	-0.0368246
28	55	-0.0368689
15	45	-0.03698
2	45	-0.0370424
2	41	-0.0370705
17	42	-0.0370755
24	54	-0.0371003
1	22	-0.0373875
12	28	-0.0374051
6	35	-0.0376122
14	29	-0.0376702
1	18	-0.0378125
30	46	-0.0378131
5	47	-0.0379747
7	40	-0.0381489
30	55	-0.0381898
20	30	-0.0381933
29	43	-0.0383372
13	21	-0.0386673
11	43	-0.0386776
15	51	-0.0387442
26	47	-0.0387891
17	54	-0.0388675
4	41	-0.0389101
5	48	-0.0389123
26	44	-0.0390412
20	39	-0.0390549
7	16	-0.0391192
19	55	-0.0393002
3	53	-0.0393719
1	53	-0.0393977
34	51	-0.0395024
8	28	-0.0395159
3	38	-0.039647
21	39	-0.0396554
13	56	-0.0398054
6	31	-0.0398193
16	45	-0.0398557
16	42	-0.0398784
10	36	-0.040024
15	53	-0.040168
17	34	-0.0402658
1	34	-0.0402998
13	42	-0.0403312
30	44	-0.0405293
24	41	-0.0405371
35	49	-0.0405498
34	50	-0.0406089
23	54	-0.0407037
36	48	-0.040709
39	51	-0.0407542
5	44	-0.0408403
33	54	-0.0409134
29	56	-0.0409807
5	30	-0.0410327
5	21	-0.0410566
2	17	-0.0410758
30	52	-0.0410783
40	49	-0.0412005
7	39	-0.0412022
15	20	-0.0412074
10	41	-0.0412325
22	46	-0.0413229
11	46	-0.0415375
11	28	-0.0415611
37	54	-0.0416819
6	49	-0.0418267
11	19	-0.0418585
5	49	-0.0418618
42	55	-0.0421591
7	36	-0.0421707
29	53	-0.0423422
1	49	-0.0425961
32	40	-0.0425973
27	38	-0.0427607
10	49	-0.0429796
22	49	-0.0431985
19	26	-0.0432173
21	48	-0.0432518
5	42	-0.0432655
12	35	-0.0433894
43	56	-0.0435167
34	49	-0.0435506
18	30	-0.0437659
24	51	-0.0438643
16	55	-0.043905
7	24	-0.0439295
20	41	-0.043976
6	36	-0.0439999
19	31	-0.0440327
11	55	-0.0440715
35	56	-0.0440723
35	55	-0.0441188
16	34	-0.04428
6	15	-0.044312
2	24	-0.0443175
15	26	-0.0444154
14	19	-0.0444474
29	45	-0.0444528
25	45	-0.0446413
24	50	-0.0447012
39	52	-0.0447631
14	46	-0.0447722
17	55	-0.0448213
19	46	-0.0448674
7	56	-0.0449536
41	55	-0.0450041
8	45	-0.0452173
12	40	-0.0453221
5	40	-0.045373
7	15	-0.0454148
32	49	-0.0456463
36	44	-0.0457216
38	52	-0.0457429
3	35	-0.0457684
7	28	-0.0458974
12	26	-0.0460351
16	54	-0.0463026
12	45	-0.0463199
28	47	-0.0463225
13	51	-0.0463999
12	20	-0.0464094
32	44	-0.0464884
16	44	-0.0465415
12	31	-0.0465748
4	45	-0.0465893
7	49	-0.0466916
9	41	-0.0468179
42	53	-0.0468474
38	50	-0.0469104
27	43	-0.0470522
15	44	-0.0470565
3	46	-0.0471823
20	50	-0.047215
6	42	-0.0472451
3	52	-0.0472889
24	48	-0.0474676
21	38	-0.0478221
37	51	-0.0478302
6	21	-0.0480085
15	30	-0.0480204
3	24	-0.0480477
44	54	-0.0481375
10	56	-0.0481638
2	53	-0.0482584
14	44	-0.048376
4	15	-0.0487738
39	53	-0.0488002
11	52	-0.0489225
14	20	-0.048986
18	46	-0.0490375
12	47	-0.0492257
10	25	-0.0492587
13	41	-0.0492795
25	38	-0.049318
32	48	-0.049354
45	51	-0.0494494
24	56	-0.0495961
1	37	-0.0496365
36	56	-0.0496505
18	55	-0.0496575
7	45	-0.0496604
9	23	-0.0497195
8	34	-0.0498321
10	16	-0.0498552
31	54	-0.0498592
9	21	-0.049884
12	50	-0.0499498
30	37	-0.0500305
21	40	-0.0500506
18	41	-0.0502288
10	14	-0.050232
28	43	-0.050424
8	27	-0.0505875
22	40	-0.0506112
6	22	-0.0506146
32	54	-0.0506553
26	45	-0.0509541
9	50	-0.0511757
10	19	-0.0512492
8	36	-0.0513696
20	46	-0.0514265
28	51	-0.0515088
11	30	-0.0519829
8	19	-0.052115
7	54	-0.0522262
36	52	-0.0522461
5	20	-0.0522575
32	39	-0.0524214
6	34	-0.052437
9	56	-0.052484
18	39	-0.0525307
2	48	-0.052556
16	51	-0.0526339
28	46	-0.0527495
23	40	-0.0528351
3	37	-0.0529313
9	25	-0.0529904
5	15	-0.0532558
29	41	-0.0533357
2	29	-0.0533894
7	55	-0.053462
8	51	-0.0534621
4	37	-0.0534815
5	56	-0.053542
16	50	-0.053601
1	32	-0.0536346
9	39	-0.0537434
19	44	-0.0537747
1	45	-0.0538087
4	39	-0.0538272
11	32	-0.0539637
4	53	-0.0539913
14	30	-0.0540969
12	39	-0.0541764
24	46	-0.0542602
12	18	-0.0542841
2	28	-0.0542907
2	42	-0.0543535
3	43	-0.0543914
4	26	-0.0543978
25	54	-0.0544433
12	52	-0.0544552
28	44	-0.0544877
8	14	-0.0545177
15	46	-0.0545318
5	34	-0.0547059
4	52	-0.0547295
22	44	-0.0547726
26	48	-0.0547789
18	32	-0.0548617
34	54	-0.0549258
13	40	-0.0550062
27	41	-0.055083
11	41	-0.0551085
15	34	-0.0551882
25	39	-0.0552183
34	52	-0.0555425
7	30	-0.0556453
6	32	-0.0556922
12	29	-0.0557579
24	40	-0.0557835
33	52	-0.0558862
13	28	-0.0559335
10	33	-0.0559859
25	55	-0.0562229
15	41	-0.0563675
32	41	-0.0564508
20	45	-0.056476
13	44	-0.0565924
25	40	-0.0566534
20	43	-0.0567175
16	29	-0.0568157
1	46	-0.0569322
20	54	-0.057009
11	22	-0.0571402
26	39	-0.0572121
15	35	-0.0573216
9	37	-0.0573817
8	43	-0.057476
19	51	-0.057536
27	44	-0.057611
10	55	-0.0577736
28	54	-0.0577995
3	39	-0.0578179
4	30	-0.0578395
16	27	-0.0578881
15	50	-0.0579339
17	44	-0.0579478
15	21	-0.0579606
8	53	-0.0582244
13	47	-0.058355
15	40	-0.0583628
3	41	-0.0585631
21	46	-0.0585882
3	32	-0.0586337
2	43	-0.058681
20	49	-0.058756
9	53	-0.0587603
9	34	-0.0587831
19	29	-0.0587874
26	37	-0.0588614
40	50	-0.0589741
25	46	-0.0589909
19	56	-0.0590654
32	53	-0.0594418
18	43	-0.0594799
28	40	-0.059519
23	52	-0.0597934
4	34	-0.0598475
16	40	-0.0599421
18	29	-0.0600391
16	52	-0.0600955
11	34	-0.0600967
10	34	-0.0601036
16	33	-0.0601402
33	49	-0.0601709
28	42	-0.060192
26	41	-0.0603616
4	49	-0.0604068
26	34	-0.0604336
18	31	-0.0605928
10	28	-0.0606909
38	48	-0.0607095
3	42	-0.0608368
30	39	-0.0609387
19	42	-0.0610114
21	49	-0.0610885
10	54	-0.06115
10	24	-0.0612691
10	26	-0.0614467
12	55	-0.0615744
4	35	-0.0616562
15	32	-0.0616939
14	31	-0.0617521
14	21	-0.061775
17	50	-0.0618855
24	55	-0.062051
8	26	-0.0621074
12	21	-0.0622376
7	25	-0.0626211
5	45	-0.0627018
1	27	-0.0628541
19	49	-0.0628606
2	30	-0.0628685
3	50	-0.0629684
8	21	-0.0629752
35	48	-0.0631251
36	55	-0.0632046
17	32	-0.0632818
31	51	-0.0634121
8	29	-0.0634728
5	41	-0.0634937
17	29	-0.0635681
32	56	-0.0636576
18	42	-0.0636713
9	30	-0.0636961
7	29	-0.0637209
11	39	-0.063737
13	35	-0.0637542
8	32	-0.063806
38	44	-0.0638356
9	55	-0.0638636
4	43	-0.0638737
4	42	-0.0640903
4	44	-0.064598
32	42	-0.0647409
5	51	-0.0648444
9	52	-0.0649124
1	50	-0.0649288
17	33	-0.0651431
1	43	-0.0651518
5	55	-0.0652706
15	33	-0.0653424
2	27	-0.0655263
15	56	-0.0656017
3	23	-0.0658009
9	33	-0.0658266
21	52	-0.0658371
7	34	-0.0658547
17	23	-0.0659203
15	28	-0.0659297
13	52	-0.0660306
2	38	-0.0662054
5	19	-0.066225
16	56	-0.0664274
25	56	-0.0664769
9	51	-0.0664828
2	51	-0.0667513
25	50	-0.0668141
12	38	-0.0668559
13	26	-0.0669193
5	50	-0.0670801
2	35	-0.0672884
19	48	-0.0672926
7	53	-0.0673985
40	54	-0.067485
5	27	-0.0675266
12	51	-0.0676087
7	35	-0.0678053
21	45	-0.0678696
16	35	-0.0680545
9	28	-0.068173
21	43	-0.0683276
6	33	-0.0684617
3	21	-0.0685023
7	50	-0.0685829
9	29	-0.068583
24	39	-0.0686594
12	30	-0.0686859
33	56	-0.068699
6	37	-0.0687353
34	42	-0.0690527
23	33	-0.0690973
6	41	-0.0691768
4	50	-0.0691843
23	28	-0.0695237
7	23	-0.0696006
11	23	-0.0696088
28	41	-0.0697615
33	53	-0.0698275
31	43	-0.0698736
3	48	-0.0700275
1	25	-0.070047
10	52	-0.0700775
19	47	-0.070297
2	31	-0.0703316
14	22	-0.0703534
25	49	-0.0705322
5	31	-0.070639
4	47	-0.0706461
10	35	-0.0707763
2	52	-0.0707923
9	36	-0.0708005
8	16	-0.0708173
31	48	-0.0708524
7	22	-0.0709346
6	27	-0.0710071
29	39	-0.0710356
5	35	-0.0710418
16	25	-0.0711974
3	27	-0.0712474
7	19	-0.071288
2	32	-0.0713145
15	54	-0.0715133
4	24	-0.0716677
14	47	-0.0716684
4	38	-0.071783
10	32	-0.0718152
7	31	-0.0718228
6	13	-0.0718237
15	49	-0.0719151
14	42	-0.072068
17	51	-0.0721062
32	46	-0.0722205
38	55	-0.0723207
17	28	-0.0724748
6	45	-0.0726231
13	39	-0.072639
7	33	-0.0727203
11	35	-0.0730251
16	22	-0.0730551
21	54	-0.0730931
15	23	-0.0732598
18	54	-0.0733326
4	28	-0.0735209
16	23	-0.073588
36	49	-0.0738505
18	40	-0.0738902
3	20	-0.0739538
17	40	-0.0740563
21	53	-0.0740621
6	56	-0.0742193
9	42	-0.0742195
19	53	-0.074331
4	31	-0.074425
7	32	-0.0745227
3	15	-0.0746523
21	55	-0.0747232
29	54	-0.0747751
4	23	-0.0749392
25	37	-0.0750597
14	36	-0.0750725
32	47	-0.0752052
24	47	-0.0752448
8	47	-0.0753572
7	38	-0.0753744
19	40	-0.0753993
3	47	-0.0755247
27	52	-0.0755893
13	36	-0.075617
25	36	-0.0758697
37	52	-0.0758833
13	54	-0.0759118
34	46	-0.0760421
20	55	-0.0761351
4	33	-0.0762277
6	43	-0.0763563
5	25	-0.0764551
37	55	-0.0764632
30	47	-0.0766427
7	37	-0.0766672
18	45	-0.0767462
29	50	-0.0767996
5	52	-0.0768356
25	51	-0.0769747
19	54	-0.0770376
25	44	-0.0772029
6	24	-0.0772036
8	35	-0.077208
28	56	-0.0772874
5	43	-0.0775195
11	45	-0.0775363
12	49	-0.0776977
26	49	-0.0780055
18	23	-0.0782515
14	55	-0.0782967
21	44	-0.0786225
2	33	-0.0786776
1	36	-0.0787266
26	46	-0.0787381
3	33	-0.0788869
26	40	-0.0789774
8	39	-0.0790513
18	34	-0.0792421
11	47	-0.0795777
25	47	-0.0796222
37	48	-0.0796684
10	39	-0.0797555
8	40	-0.0797739
8	31	-0.080656
8	56	-0.0807526
8	33	-0.0808127
7	44	-0.0808198
3	29	-0.0809655
5	33	-0.0810143
22	45	-0.081068
10	45	-0.0811658
7	27	-0.081278
8	24	-0.0813315
8	42	-0.0813414
25	53	-0.0813457
24	43	-0.0813929
25	42	-0.0816409
29	49	-0.0817658
9	44	-0.0817789
4	19	-0.0817864
9	26	-0.081814
28	53	-0.0818504
11	31	-0.0819013
9	38	-0.0819934
7	48	-0.082225
9	45	-0.0823672
29	42	-0.0824034
11	53	-0.08266
26	38	-0.0826633
2	37	-0.0826813
3	40	-0.0828088
21	42	-0.0829044
26	56	-0.0830308
23	47	-0.0830839
24	45	-0.0831336
13	31	-0.0832099
9	27	-0.083251
27	53	-0.0833222
5	32	-0.08372
8	37	-0.084025
16	36	-0.0842252
22	43	-0.0842653
23	42	-0.084294
4	48	-0.0843051
9	35	-0.0843149
2	47	-0.0845157
5	38	-0.0845572
6	26	-0.0846195
2	26	-0.084628
25	43	-0.0846661
6	20	-0.0847068
14	54	-0.0848847
7	20	-0.0850653
15	52	-0.0853547
15	43	-0.0854144
8	41	-0.085472
4	32	-0.0857601
7	47	-0.0857705
3	31	-0.0858823
2	49	-0.0861249
12	46	-0.0861472
7	42	-0.0862321
8	52	-0.0865862
15	42	-0.0866445
3	25	-0.0867904
11	48	-0.0871727
11	54	-0.0871782
14	33	-0.0872713
3	44	-0.0873687
29	55	-0.0874446
27	50	-0.0874588
10	38	-0.0880147
23	46	-0.088093
15	55	-0.0882237
20	38	-0.088296
10	51	-0.0885808
15	48	-0.0885887
24	53	-0.0889541
3	49	-0.0891507
7	43	-0.089168
9	46	-0.0892538
25	48	-0.0893113
31	55	-0.0893948
6	19	-0.0894008
3	22	-0.089409
23	38	-0.0895303
8	25	-0.0898587
5	24	-0.0899266
13	53	-0.0899507
5	29	-0.0903387
26	55	-0.0904728
36	50	-0.0904903
10	42	-0.0909482
3	34	-0.0911691
18	49	-0.0912776
23	45	-0.091452
9	54	-0.0915956
20	42	-0.0922887
17	43	-0.0926939
4	51	-0.0927276
4	40	-0.0929159
16	48	-0.0930437
11	56	-0.0932634
17	31	-0.0932642
3	45	-0.0936468
11	29	-0.0941858
10	23	-0.0943861
32	43	-0.0945439
26	54	-0.0947772
6	53	-0.0948915
2	25	-0.0949488
4	14	-0.0951263
6	46	-0.0951922
13	32	-0.0953643
18	47	-0.0957819
3	16	-0.0962185
8	54	-0.0963227
6	55	-0.0966226
31	46	-0.0969758
6	23	-0.0971704
32	50	-0.0972612
9	40	-0.0976432
21	51	-0.0984067
7	46	-0.0986277
14	43	-0.0990715
33	50	-0.0995383
10	47	-0.0996494
5	26	-0.09966
27	51	-0.100025
5	16	-0.10135
6	51	-0.101488
26	50	-0.101924
11	51	-0.102024
4	27	-0.102033
5	23	-0.102889
9	24	-0.103213
6	29	-0.10377
24	52	-0.104387
13	55	-0.104652
22	55	-0.105017
21	50	-0.105179
35	50	-0.10544
7	26	-0.1073
11	27	-0.107331
10	37	-0.108316
39	50	-0.108843
26	51	-0.108969
10	29	-0.109506
8	20	-0.109571
18	51	-0.109604
33	51	-0.109605
4	22	-0.111363
18	50	-0.112637
36	51	-0.112847
9	22	-0.112928
29	46	-0.11334
2	50	-0.115668
23	29	-0.115668
6	25	-0.118487
6	47	-0.118824
2	23	-0.119077
31	52	-0.120626
22	39	-0.123727
22	54	-0.125027
3	30	-0.125051
22	37	-0.129935