#==========================================================================
# The first and second rows contain site pairs (i, j) such that j > i
# The third row contains coevolutionary scores obtained 
# using Boltzmann learning algorithm.
# Note that in this data sites are counted/labelled starting from 1
#==========================================================================
4	48	1.39251
48	53	1.27606
4	53	1.06079
3	54	0.513171
1	51	0.465014
49	51	0.463586
47	49	0.444502
46	49	0.43749
1	47	0.433778
1	46	0.428555
45	46	0.426433
45	51	0.424949
46	51	0.424433
1	50	0.421213
46	50	0.420472
1	45	0.418948
49	50	0.415889
47	51	0.413125
45	47	0.411496
1	49	0.406019
45	49	0.402494
47	50	0.391662
45	50	0.385879
50	51	0.385497
46	47	0.381857
3	4	0.220395
3	53	0.175779
2	52	0.161851
3	46	0.13519
2	51	0.108129
1	2	0.10633
2	50	0.103849
1	3	0.102792
2	45	0.101932
3	47	0.101486
2	46	0.0991136
50	52	0.0988265
2	49	0.0982175
3	49	0.0980392
2	47	0.0973951
49	54	0.096128
3	50	0.0940945
51	52	0.0913368
3	51	0.0789757
49	52	0.073411
45	52	0.0714827
1	52	0.0712922
47	52	0.0688965
2	48	0.0652353
46	54	0.0637787
46	52	0.0619254
3	45	0.0606594
51	54	0.0537684
4	54	0.0516761
1	54	0.0515395
50	54	0.0494988
20	27	0.0487329
47	54	0.0484705
4	52	0.0460587
11	43	0.044762
2	4	0.0444788
21	25	0.0444455
2	54	0.0437964
45	54	0.043527
48	52	0.043456
32	34	0.0423595
38	43	0.0412357
23	40	0.0408572
19	40	0.0406225
18	40	0.0397231
18	35	0.0396764
27	35	0.0395424
10	31	0.0393248
8	16	0.038945
31	33	0.0369837
6	21	0.0364942
27	40	0.0359592
39	44	0.0357936
15	30	0.0345592
12	17	0.0339147
20	33	0.0328315
5	31	0.0326351
21	26	0.0323692
21	36	0.0322092
10	32	0.0318221
25	30	0.0313879
8	25	0.0312624
14	26	0.0306096
36	44	0.0303989
9	42	0.0298755
21	39	0.0285881
10	20	0.0284424
27	38	0.0283184
23	36	0.0282524
9	44	0.0282069
13	38	0.0272843
23	37	0.027164
25	39	0.0271367
20	52	0.0270456
32	44	0.0267575
24	27	0.0265401
12	18	0.0262672
6	13	0.0261141
19	33	0.026049
14	42	0.0256599
13	23	0.0255485
18	44	0.0253722
5	23	0.0252507
28	35	0.0251662
14	41	0.0250845
6	38	0.0250163
24	42	0.0248097
18	22	0.0246038
10	35	0.0245854
9	12	0.0245263
31	36	0.0242754
26	28	0.024173
23	27	0.0241066
17	39	0.0240795
9	10	0.0240722
27	36	0.0240546
12	25	0.024047
15	44	0.0237665
8	43	0.0236676
13	29	0.0234852
8	39	0.0234682
17	21	0.0234237
21	24	0.0233616
11	19	0.0228551
15	40	0.0228402
8	18	0.0228115
23	32	0.0225176
15	17	0.0223862
7	40	0.0222461
13	21	0.0221495
16	22	0.0220944
15	43	0.0219643
15	22	0.0218107
2	8	0.021567
21	34	0.0212226
8	17	0.0210291
17	20	0.0210281
16	17	0.0210252
22	29	0.0208482
5	12	0.0207086
20	22	0.020687
17	38	0.0205172
28	43	0.0205152
15	24	0.0204479
5	34	0.0203448
6	9	0.0202863
38	41	0.0202781
19	42	0.0197778
14	35	0.0196259
18	34	0.0194682
40	41	0.0192145
28	34	0.0191974
41	42	0.0191933
8	44	0.0191047
28	41	0.0191009
7	24	0.0189662
6	20	0.0189547
6	44	0.018891
6	41	0.0187968
14	36	0.0187369
17	43	0.0186798
11	25	0.0186541
14	22	0.0184379
29	39	0.0182522
21	29	0.0180849
19	22	0.0179191
22	28	0.0177011
30	37	0.0176934
26	42	0.0171857
13	30	0.0170814
12	14	0.0170288
5	6	0.0169194
5	26	0.0167903
23	25	0.0166573
31	32	0.0164606
31	40	0.0163409
12	26	0.0160348
12	20	0.0160262
9	39	0.0159691
24	25	0.015928
14	25	0.0155271
24	28	0.0154881
7	21	0.0154654
22	41	0.0152331
5	39	0.0150827
22	44	0.0149256
27	43	0.0149119
24	35	0.0148444
20	24	0.014794
21	37	0.0146981
14	33	0.014694
6	33	0.0144763
13	39	0.0143996
23	24	0.0143828
32	36	0.0142143
19	29	0.0141557
4	9	0.0139362
9	28	0.0138414
36	42	0.013826
21	43	0.0137475
9	30	0.013737
29	30	0.0136515
30	40	0.013419
17	42	0.0134046
5	8	0.0133099
5	44	0.0132812
12	36	0.0132407
7	20	0.0131901
35	44	0.0131787
29	44	0.0130075
20	31	0.0129722
19	30	0.012816
35	41	0.0126469
9	32	0.0126448
34	38	0.0126144
2	42	0.0125812
30	36	0.012404
33	38	0.0123717
29	33	0.0123679
16	44	0.0123487
15	33	0.0122454
11	33	0.0121667
9	16	0.0120626
19	34	0.011923
14	29	0.0118078
11	17	0.0116649
35	40	0.0116551
29	32	0.0116471
26	38	0.0116359
5	25	0.0116167
19	25	0.0115494
7	33	0.0114865
5	37	0.0114308
12	23	0.0112451
11	23	0.0112254
22	43	0.0111824
5	16	0.0110908
24	41	0.0110902
9	21	0.0110242
30	31	0.0110101
5	11	0.0109595
17	37	0.0109057
13	18	0.0108602
12	43	0.0107914
25	41	0.0107185
8	35	0.0107085
21	32	0.0106677
7	12	0.0106581
15	39	0.0104798
26	32	0.0104444
20	39	0.0104315
19	38	0.0104297
9	34	0.0103041
33	40	0.0102455
18	19	0.0100744
19	41	0.00994917
7	43	0.00992662
32	37	0.0097599
8	30	0.00971274
17	28	0.0095797
40	43	0.00948337
37	38	0.00947406
28	44	0.00939242
32	42	0.00933075
27	44	0.00923974
12	44	0.00920635
22	40	0.00904873
13	17	0.00901992
6	23	0.0088903
18	29	0.0087138
8	20	0.00866237
27	28	0.00855634
14	23	0.00853179
10	21	0.00850209
22	36	0.00844687
4	25	0.0083753
6	37	0.00827845
7	42	0.00826042
6	39	0.00825251
23	28	0.00823268
24	29	0.0082294
6	15	0.00810168
8	26	0.00807657
8	37	0.00796928
20	42	0.00793433
14	37	0.00787023
20	54	0.00778066
24	33	0.00777606
9	22	0.00762103
12	31	0.00758667
13	32	0.00754377
31	44	0.0074416
34	39	0.00740184
13	14	0.00736852
10	40	0.00736171
18	37	0.00724269
30	39	0.00724081
17	22	0.00717456
5	24	0.00686579
42	43	0.00686291
13	41	0.00685651
14	43	0.00674369
10	38	0.00668795
10	41	0.00655066
15	31	0.00654623
28	29	0.00653352
7	22	0.00652855
22	31	0.00644234
9	23	0.00639172
12	16	0.00632715
14	34	0.00630117
10	23	0.00623362
35	52	0.00614005
33	39	0.00602297
6	34	0.0059828
17	32	0.00597138
5	14	0.00596732
5	42	0.00596536
11	16	0.00596029
34	37	0.00593688
30	34	0.00592098
24	38	0.00588682
8	19	0.00566411
22	34	0.0056522
7	13	0.00556477
11	39	0.00555404
12	22	0.00554314
4	22	0.00539163
20	30	0.00534855
11	29	0.00533923
18	26	0.00527347
19	39	0.00518305
23	33	0.00517613
28	42	0.00513217
10	30	0.00511233
34	43	0.00508996
12	41	0.0050815
30	33	0.00505531
7	37	0.0050407
39	40	0.00496127
8	31	0.00481566
15	36	0.00474433
18	52	0.00472419
20	32	0.00469549
22	26	0.0046929
40	42	0.00462739
17	34	0.00456481
43	44	0.00450411
16	28	0.00450007
19	44	0.00448
28	40	0.00435623
17	31	0.0043339
9	33	0.00429661
23	44	0.00411878
14	38	0.00407562
7	8	0.00402364
37	40	0.00402256
17	24	0.00402002
8	27	0.00394108
13	31	0.00393778
32	33	0.00379688
29	38	0.00376616
19	54	0.00357045
16	35	0.00355225
9	38	0.00349066
11	32	0.00347643
8	29	0.00339041
9	14	0.00326569
4	42	0.00321361
14	52	0.00318929
42	52	0.0030858
13	35	0.00302526
27	54	0.00283903
13	36	0.00278502
15	54	0.00269548
3	39	0.00269149
6	17	0.00253339
7	41	0.0024227
28	37	0.00227741
27	42	0.00226779
18	33	0.00225434
21	41	0.00222867
11	24	0.00218097
39	42	0.00204729
10	13	0.00203445
15	35	0.00191052
9	25	0.00188759
16	26	0.00186788
11	41	0.00180433
4	26	0.00180062
4	27	0.00179654
6	22	0.00174092
11	26	0.00174013
25	38	0.00147733
11	22	0.00146472
27	29	0.00145466
16	31	0.00131051
22	35	0.0012621
26	40	0.00114158
34	36	0.00111177
33	37	0.00111128
18	24	0.00108896
10	37	0.00102382
27	31	0.00100775
20	29	0.000980087
38	44	0.000948086
16	33	0.00092586
9	11	0.00091926
10	42	0.000905305
29	36	0.000873817
5	7	0.000868061
28	33	0.000761271
19	26	0.00075656
24	34	0.000619712
7	44	0.00051611
22	38	0.000458693
11	20	0.000455381
7	10	0.000371418
23	43	0.000351676
39	52	0.000215771
25	26	0.000147147
31	43	-5.49116e-07
7	9	-2.89074e-05
14	19	-4.10055e-05
4	15	-0.00015429
7	31	-0.0002994
8	33	-0.000320274
11	37	-0.000324759
24	32	-0.000545813
3	29	-0.000558079
36	39	-0.000653886
14	30	-0.000673677
32	41	-0.000782143
11	35	-0.000894301
6	27	-0.00109809
18	36	-0.0010991
37	41	-0.00126855
10	12	-0.0013683
26	35	-0.00149052
21	35	-0.00154086
31	42	-0.00167735
4	13	-0.00176027
16	29	-0.00191973
8	32	-0.00192524
16	41	-0.0019348
4	36	-0.00198517
6	26	-0.00200852
6	43	-0.00203213
6	48	-0.00203631
10	36	-0.00209466
27	30	-0.00210007
21	22	-0.00215825
35	36	-0.00216098
13	26	-0.00229297
5	22	-0.00239083
19	20	-0.0025048
16	21	-0.00258542
6	8	-0.00264393
22	37	-0.00267809
5	30	-0.0027118
12	35	-0.00290083
41	52	-0.00290923
9	18	-0.00291315
7	26	-0.00295615
6	16	-0.00295963
8	15	-0.00298702
7	38	-0.00302109
13	16	-0.00307247
15	27	-0.00315797
37	52	-0.00326166
9	35	-0.00343382
25	42	-0.00361712
10	14	-0.00362402
29	54	-0.00363936
14	17	-0.0037196
26	44	-0.00381461
21	30	-0.00383639
24	52	-0.00387112
7	27	-0.00399361
14	27	-0.00417113
29	43	-0.00424443
8	28	-0.00424917
14	24	-0.00429822
16	37	-0.0043595
13	44	-0.004389
6	18	-0.00442324
15	28	-0.00444227
8	41	-0.00451542
42	54	-0.00453261
24	37	-0.00455514
11	21	-0.00455613
15	19	-0.00460147
18	20	-0.00466576
34	54	-0.00474122
29	40	-0.00480364
19	32	-0.00480888
10	28	-0.00482237
8	54	-0.00484077
31	52	-0.00511749
19	43	-0.00515848
2	14	-0.00524759
24	39	-0.00545995
11	13	-0.00546384
15	32	-0.00547166
28	54	-0.0055267
34	41	-0.00562375
8	42	-0.00566498
22	30	-0.00567624
41	44	-0.00569519
21	54	-0.00575673
16	40	-0.00578041
33	34	-0.00587782
9	24	-0.0058916
5	20	-0.00592051
9	29	-0.00597775
6	32	-0.00605281
14	44	-0.00612503
26	36	-0.00617608
43	53	-0.00627566
4	20	-0.00628743
2	16	-0.00630627
27	34	-0.0063083
13	28	-0.00654879
26	43	-0.00655356
22	24	-0.00655886
12	19	-0.00668936
28	32	-0.00679612
4	24	-0.00681953
25	34	-0.00691217
8	9	-0.00692904
5	40	-0.00697825
24	43	-0.0069942
32	35	-0.00699635
5	38	-0.00720292
6	10	-0.0072237
6	11	-0.00723692
19	23	-0.00725094
21	23	-0.00725812
2	26	-0.00730592
3	17	-0.0073201
5	53	-0.00741718
25	35	-0.00748744
18	42	-0.00749508
7	54	-0.00750334
10	24	-0.00754377
12	24	-0.00760696
5	21	-0.00764613
28	52	-0.00771059
10	39	-0.00778079
6	35	-0.00788441
12	13	-0.00801083
7	36	-0.00806479
21	42	-0.00810376
37	39	-0.00822754
8	12	-0.00830678
13	27	-0.00831737
11	31	-0.00833699
18	31	-0.00833819
11	54	-0.008351
31	54	-0.00842226
9	17	-0.00846654
15	38	-0.00852224
14	16	-0.0085585
16	30	-0.0087087
11	28	-0.00871852
16	54	-0.00875926
26	37	-0.00877807
20	43	-0.0087883
35	53	-0.00893076
8	10	-0.00898308
31	41	-0.00900133
9	31	-0.00900518
21	28	-0.00919661
24	54	-0.00924919
31	35	-0.00927153
13	40	-0.00930727
10	19	-0.00931008
10	34	-0.00938799
18	43	-0.00946045
33	42	-0.00950373
16	34	-0.00954406
27	39	-0.00960452
25	48	-0.00967661
2	17	-0.0097691
5	54	-0.00993256
33	36	-0.00996057
7	34	-0.00998078
5	36	-0.0100034
16	25	-0.0100186
19	37	-0.0100862
33	35	-0.0100886
41	54	-0.010116
13	42	-0.0101933
6	28	-0.0102479
16	38	-0.0102841
9	54	-0.0103211
26	33	-0.0103561
7	39	-0.0103577
17	29	-0.0105512
26	29	-0.0105638
2	37	-0.0106067
24	40	-0.0106247
33	44	-0.0106891
25	44	-0.0106998
39	41	-0.0107505
12	21	-0.0108534
14	40	-0.0108645
25	52	-0.010873
30	42	-0.0109141
25	27	-0.0109796
19	36	-0.0110235
12	37	-0.0110671
31	38	-0.0111002
34	35	-0.0111113
31	34	-0.0111912
2	24	-0.0112437
11	12	-0.0113131
23	30	-0.0113291
28	38	-0.0114914
26	48	-0.0115621
30	38	-0.0116036
28	36	-0.0116639
15	23	-0.0116683
20	41	-0.0119661
18	32	-0.0119902
20	44	-0.0119911
52	54	-0.0120187
38	54	-0.0120209
2	35	-0.0121058
5	15	-0.0121557
5	10	-0.0121802
10	17	-0.0122165
4	7	-0.0125176
4	8	-0.0125466
29	34	-0.012583
6	54	-0.0126637
7	15	-0.0127433
2	30	-0.0128568
2	11	-0.0128765
20	37	-0.0129252
15	25	-0.0129877
42	44	-0.0129951
16	20	-0.0130013
32	43	-0.0130137
5	9	-0.0130524
7	28	-0.013065
30	43	-0.0131368
13	37	-0.0132579
11	15	-0.0132755
9	52	-0.0133317
10	15	-0.0133474
13	20	-0.0134132
27	37	-0.0134569
5	35	-0.0134836
6	30	-0.0134965
25	37	-0.0137732
42	48	-0.0137994
14	31	-0.0138042
2	27	-0.0139463
43	52	-0.0139638
11	38	-0.014077
40	52	-0.0140774
23	34	-0.0140837
18	39	-0.0141027
10	22	-0.0141164
2	41	-0.0141221
17	48	-0.014158
17	41	-0.0142276
10	18	-0.0142497
10	43	-0.0143409
32	39	-0.0145559
3	30	-0.0145591
18	25	-0.0145771
6	12	-0.0146191
7	30	-0.0146395
30	52	-0.0147202
12	27	-0.0148474
39	54	-0.0148967
5	33	-0.0151551
15	41	-0.0151714
13	15	-0.0152138
15	52	-0.0152529
36	37	-0.0152741
21	40	-0.0153464
52	53	-0.0153694
5	28	-0.015389
12	42	-0.0154048
36	43	-0.0154073
5	32	-0.0154343
4	41	-0.0154626
21	27	-0.015519
6	29	-0.0155736
24	26	-0.015738
34	44	-0.0157677
20	48	-0.0157786
36	41	-0.0160141
6	52	-0.0160669
28	30	-0.0161867
7	52	-0.016223
11	30	-0.016225
5	41	-0.0162439
13	25	-0.0162548
3	10	-0.0163364
9	19	-0.0164239
11	36	-0.0164498
25	33	-0.0165098
22	42	-0.0165389
10	26	-0.0166734
42	53	-0.0168008
16	52	-0.0168016
29	52	-0.0169318
16	32	-0.0169798
31	37	-0.0169838
14	21	-0.0171295
38	39	-0.0172728
10	11	-0.0173573
23	52	-0.0173948
6	42	-0.0173964
20	23	-0.0174024
19	28	-0.0174154
20	26	-0.0175821
22	52	-0.0175941
4	18	-0.0176588
2	9	-0.0177133
2	5	-0.0178249
25	40	-0.017891
17	40	-0.0181231
20	34	-0.0181345
25	43	-0.0182421
9	40	-0.0183627
9	27	-0.0184108
21	38	-0.0185527
16	24	-0.0185753
14	28	-0.0185792
2	10	-0.0185837
19	35	-0.0185942
8	52	-0.0186593
25	32	-0.01867
22	25	-0.0187347
25	31	-0.0187794
4	32	-0.0188303
18	41	-0.0188813
14	18	-0.018924
17	18	-0.01896
33	53	-0.0190869
18	54	-0.0190924
13	34	-0.0190928
13	19	-0.0191187
16	45	-0.0191557
2	36	-0.019206
21	52	-0.0193443
34	52	-0.0193956
2	13	-0.0194122
13	22	-0.0195784
3	40	-0.0196423
17	23	-0.0196786
26	51	-0.019716
29	35	-0.0197491
32	54	-0.0197909
31	39	-0.0197998
21	33	-0.019833
41	48	-0.0199384
14	32	-0.0200712
6	40	-0.0201131
19	31	-0.020118
3	24	-0.020381
7	11	-0.0205195
34	42	-0.0205339
3	7	-0.0205352
11	40	-0.0206973
2	34	-0.0207165
27	33	-0.020734
33	43	-0.0207382
10	50	-0.0207453
11	18	-0.0207565
21	44	-0.0208084
27	48	-0.0208481
3	11	-0.020861
16	53	-0.0208971
30	35	-0.0209607
11	27	-0.0209747
5	29	-0.021134
6	7	-0.0211606
36	54	-0.0211672
23	26	-0.0212107
19	21	-0.0212367
8	40	-0.0212873
36	52	-0.0214634
4	11	-0.0214794
8	21	-0.0215101
15	34	-0.021637
26	31	-0.0216379
18	28	-0.0217067
2	44	-0.0218314
37	44	-0.0218928
8	38	-0.0218973
12	30	-0.0219247
2	43	-0.0219826
9	36	-0.0220211
16	27	-0.0220613
28	31	-0.0221276
4	5	-0.0221436
15	18	-0.022194
6	24	-0.0222885
11	53	-0.0223294
13	54	-0.0223839
23	38	-0.0224157
20	35	-0.0224877
11	44	-0.0225002
18	21	-0.0225406
3	37	-0.0226416
12	32	-0.0227402
10	29	-0.0227403
7	29	-0.0227541
16	23	-0.0228754
4	31	-0.0230747
16	36	-0.0231124
39	43	-0.0231403
12	52	-0.0233073
3	12	-0.0233271
26	39	-0.0233824
24	30	-0.0233956
15	16	-0.0234544
5	18	-0.0234976
16	39	-0.023515
22	27	-0.0235536
38	52	-0.0235911
9	41	-0.0236176
2	12	-0.0236676
17	44	-0.0238939
17	25	-0.0238962
35	39	-0.0239488
29	31	-0.0239675
12	28	-0.0240179
17	26	-0.0240965
11	14	-0.0240972
23	54	-0.0241589
2	19	-0.0243155
18	48	-0.0243655
7	48	-0.0245509
18	38	-0.0245523
4	23	-0.0245682
3	42	-0.0246962
7	17	-0.0247656
30	44	-0.0248036
25	28	-0.0248099
8	11	-0.0248714
20	38	-0.0248768
18	30	-0.0250075
11	52	-0.025107
5	52	-0.0252233
29	37	-0.0252496
9	15	-0.0253135
4	33	-0.025507
36	38	-0.0256426
5	19	-0.0256483
4	6	-0.0256606
2	29	-0.0259062
4	19	-0.0259857
19	24	-0.0260128
20	28	-0.0260722
26	52	-0.0260742
2	38	-0.0261047
14	15	-0.0261527
2	15	-0.0262985
2	40	-0.0263173
4	21	-0.0264073
3	16	-0.0265002
4	38	-0.0265263
17	54	-0.0266019
4	44	-0.0268145
26	30	-0.0268535
3	27	-0.0269128
8	36	-0.0269602
14	20	-0.0269921
23	42	-0.0270112
37	54	-0.0272353
17	52	-0.0272792
3	38	-0.0273076
8	24	-0.0274453
27	32	-0.0276229
5	17	-0.0278317
36	40	-0.0278976
20	36	-0.0279428
8	34	-0.0284395
25	29	-0.0285765
15	29	-0.0286578
34	40	-0.0287324
3	43	-0.0287674
37	45	-0.0287984
14	48	-0.0288207
30	41	-0.0288532
12	53	-0.0289547
23	41	-0.0290191
23	48	-0.0290528
7	23	-0.0290795
18	53	-0.0293084
23	29	-0.0293571
4	39	-0.0294103
12	33	-0.0294465
29	41	-0.0295107
25	36	-0.0296496
26	53	-0.0297377
17	33	-0.0298343
4	43	-0.0298743
13	43	-0.0298885
35	38	-0.0298961
44	52	-0.0299644
17	35	-0.0300828
13	52	-0.0301613
12	40	-0.0302004
17	19	-0.0302323
21	31	-0.0302423
1	36	-0.0302591
3	44	-0.0302956
12	15	-0.0303817
6	14	-0.0304242
3	48	-0.0304671
2	7	-0.0304929
4	34	-0.0305698
28	48	-0.0307884
10	25	-0.0308013
13	24	-0.0309084
9	43	-0.0309748
40	54	-0.0309804
12	38	-0.0310127
18	23	-0.0311861
4	10	-0.0312031
15	20	-0.0312666
30	53	-0.0312852
7	16	-0.0313139
32	40	-0.0314268
32	52	-0.031435
25	51	-0.0314625
38	40	-0.0316617
29	42	-0.0317359
2	22	-0.0317956
27	41	-0.0319073
26	54	-0.0319223
19	52	-0.0319406
10	27	-0.0320426
4	17	-0.0320787
15	37	-0.0320977
5	13	-0.0321268
9	37	-0.0321343
32	53	-0.0322358
15	53	-0.0323628
2	33	-0.0323655
33	52	-0.0324634
34	53	-0.0326085
24	44	-0.0328159
5	48	-0.0328164
26	34	-0.033019
22	54	-0.0331363
6	31	-0.0331416
26	41	-0.0331796
33	41	-0.033376
35	54	-0.0334008
2	18	-0.0334747
2	20	-0.0334897
3	23	-0.0335505
35	43	-0.033575
27	53	-0.033752
14	54	-0.0338448
7	14	-0.0339204
12	39	-0.033982
7	18	-0.0340354
33	54	-0.0340804
2	6	-0.0343647
37	43	-0.0344636
40	53	-0.0345327
2	28	-0.0345364
3	31	-0.0345379
3	26	-0.034809
7	46	-0.0348636
3	36	-0.0349357
6	25	-0.0349403
7	19	-0.0352235
14	53	-0.0352348
15	48	-0.0352559
4	16	-0.0352659
11	34	-0.0353796
44	54	-0.0353912
25	54	-0.0354387
4	30	-0.0355595
8	23	-0.0356649
38	42	-0.0359239
23	39	-0.0359503
3	25	-0.0361299
34	48	-0.0361602
16	19	-0.0362508
28	39	-0.0363366
24	53	-0.036341
10	44	-0.0364095
24	31	-0.0365437
3	13	-0.0366289
4	35	-0.0366594
6	36	-0.0371073
22	23	-0.0371644
30	54	-0.0374556
21	53	-0.0375405
31	53	-0.037659
18	27	-0.037826
10	47	-0.0379493
3	8	-0.0380088
4	37	-0.0380747
7	51	-0.0381746
10	16	-0.0382364
9	20	-0.0382953
20	53	-0.0383229
21	45	-0.0383875
7	47	-0.038438
37	53	-0.0384381
9	48	-0.0384667
22	32	-0.0385884
2	23	-0.0386268
7	35	-0.0386629
6	53	-0.0386817
2	25	-0.0386954
20	21	-0.038713
13	53	-0.038723
12	34	-0.0392019
4	29	-0.0392975
24	36	-0.039352
15	26	-0.0394065
19	27	-0.0395832
32	38	-0.0395917
35	42	-0.0397629
22	33	-0.039919
41	43	-0.0399484
16	48	-0.0400605
17	36	-0.040381
27	52	-0.040394
2	39	-0.0404221
37	50	-0.0404594
8	13	-0.040551
15	42	-0.0406834
16	18	-0.0407513
1	11	-0.0409278
38	46	-0.0413909
15	49	-0.0413987
29	48	-0.041418
19	53	-0.0414663
9	26	-0.0415099
31	48	-0.0417066
23	31	-0.041726
26	27	-0.0417711
30	48	-0.0418005
3	28	-0.0419483
29	53	-0.0419872
15	21	-0.0420011
4	12	-0.0420976
12	29	-0.0421366
35	50	-0.0421518
16	50	-0.042424
23	49	-0.042506
7	50	-0.0425257
20	49	-0.0425407
3	32	-0.0427168
22	48	-0.0427702
10	33	-0.0427968
12	54	-0.0428866
35	37	-0.0429578
35	51	-0.0430849
10	54	-0.0431647
1	23	-0.0432129
3	15	-0.0432263
14	50	-0.0432367
43	48	-0.043282
13	33	-0.0434758
33	48	-0.043831
41	53	-0.0440949
37	48	-0.0441677
33	50	-0.0442052
13	46	-0.0442729
5	43	-0.0444906
11	46	-0.0445657
16	43	-0.0446398
19	45	-0.0447113
2	32	-0.0447773
17	27	-0.0448212
8	22	-0.0450152
10	48	-0.0450488
39	51	-0.0450753
27	51	-0.0451283
7	32	-0.0451673
40	45	-0.0452629
7	49	-0.045371
3	33	-0.045451
9	50	-0.0454532
4	40	-0.0457576
22	39	-0.0458848
8	14	-0.0460078
20	40	-0.0462584
1	16	-0.0465743
18	46	-0.0467587
43	50	-0.0468967
21	48	-0.0469025
8	46	-0.0470329
39	53	-0.0471603
3	34	-0.0473369
19	49	-0.0473543
6	19	-0.0473556
25	47	-0.0473638
1	38	-0.047401
35	48	-0.0474324
15	50	-0.0475006
2	3	-0.0478285
27	47	-0.0478918
34	46	-0.0478924
17	30	-0.0480437
20	25	-0.0483582
46	53	-0.0483984
1	6	-0.0489496
37	51	-0.0491516
1	28	-0.0491715
18	50	-0.049604
36	48	-0.0496616
38	45	-0.0497545
39	47	-0.0500187
12	46	-0.0500817
44	45	-0.0503428
32	48	-0.0507839
9	13	-0.0513009
3	19	-0.0513214
30	50	-0.0513313
22	47	-0.0520419
7	25	-0.0523375
30	32	-0.0524168
8	48	-0.0525494
14	39	-0.0526058
12	51	-0.0527988
23	46	-0.0529446
13	49	-0.0529708
3	35	-0.0531224
1	34	-0.0531257
1	15	-0.0531343
1	24	-0.0531667
1	32	-0.0531799
19	48	-0.0532112
37	42	-0.053289
23	35	-0.053291
35	47	-0.0535031
12	47	-0.0535034
16	42	-0.0535274
3	22	-0.0536708
19	47	-0.0537861
13	48	-0.0538041
13	50	-0.0538728
1	17	-0.0539307
42	45	-0.054076
13	47	-0.0540973
32	45	-0.0541628
2	21	-0.0542017
26	47	-0.0542098
36	46	-0.0542109
3	6	-0.0543001
16	47	-0.0543914
28	49	-0.0545808
29	50	-0.0547153
44	53	-0.0548248
29	45	-0.0548373
34	47	-0.0548598
29	51	-0.0550821
12	45	-0.0552092
3	21	-0.0553553
38	48	-0.0553924
16	49	-0.0554796
31	47	-0.0555545
11	47	-0.0555996
1	10	-0.0557225
40	47	-0.0558355
13	45	-0.0560132
39	48	-0.0560316
15	45	-0.0560411
1	12	-0.0560541
4	14	-0.0562556
5	50	-0.0562688
27	50	-0.0562951
23	47	-0.0563796
30	49	-0.0565043
10	52	-0.0565904
31	51	-0.0566508
36	51	-0.0566699
32	50	-0.0567676
10	51	-0.0568073
38	49	-0.0568325
10	45	-0.0568816
24	48	-0.0569297
1	8	-0.0570034
17	49	-0.0571249
9	46	-0.0572543
7	53	-0.057327
1	25	-0.0573985
19	46	-0.0575011
48	54	-0.0575069
17	45	-0.0575297
25	50	-0.0578075
1	30	-0.058094
7	45	-0.0582459
27	45	-0.0582873
18	49	-0.058351
32	51	-0.0583815
16	51	-0.0585058
3	18	-0.0585774
44	48	-0.0588499
37	47	-0.0588937
9	53	-0.0591415
43	47	-0.0591485
6	49	-0.0591534
25	45	-0.0592694
31	49	-0.0593324
43	49	-0.0593681
23	45	-0.0596734
41	50	-0.0597109
43	54	-0.0597333
11	42	-0.0603004
1	33	-0.0603876
43	51	-0.060519
15	51	-0.0606694
36	53	-0.0607091
3	5	-0.0610099
10	53	-0.0611532
14	49	-0.0613197
12	50	-0.0613202
40	48	-0.0614089
26	50	-0.0614301
16	46	-0.061467
33	46	-0.0614782
10	46	-0.0617292
44	50	-0.0617951
8	47	-0.061827
30	45	-0.0618437
32	47	-0.062066
41	47	-0.0621805
36	49	-0.0621834
2	31	-0.0621836
23	50	-0.0622119
5	45	-0.0622388
34	49	-0.0622392
29	49	-0.0622404
28	47	-0.0622417
36	45	-0.0625388
29	47	-0.0626161
28	46	-0.0626211
22	46	-0.0626651
41	46	-0.0630303
3	20	-0.0631276
23	53	-0.0633614
15	46	-0.0639418
11	48	-0.0640649
33	51	-0.0641105
5	49	-0.0642879
30	47	-0.0644934
15	47	-0.0645113
42	50	-0.0646094
38	51	-0.0647415
38	47	-0.0647739
17	50	-0.0648756
40	44	-0.0649557
25	53	-0.0650581
31	50	-0.0654343
1	22	-0.0654602
32	46	-0.0658632
2	53	-0.0658718
4	28	-0.0660301
18	47	-0.0661372
25	46	-0.0661552
51	53	-0.0662305
27	49	-0.0662896
5	46	-0.066478
32	49	-0.0665248
1	40	-0.0665307
9	49	-0.0666252
1	29	-0.0667366
20	45	-0.0673586
26	45	-0.0674571
41	49	-0.0676649
3	52	-0.0678577
40	49	-0.0679947
25	49	-0.0681043
5	27	-0.0682166
9	51	-0.0683942
1	35	-0.0688274
33	45	-0.0688425
1	14	-0.0689715
11	51	-0.0690581
41	51	-0.0691713
11	50	-0.0692981
33	49	-0.0694052
6	45	-0.0695681
10	49	-0.0698313
20	50	-0.0698604
35	45	-0.0701125
43	46	-0.0703073
1	7	-0.0703239
14	47	-0.070424
39	45	-0.0704406
40	51	-0.0704551
28	53	-0.0705257
31	45	-0.0705322
3	41	-0.0706414
1	42	-0.0708266
19	51	-0.0710239
23	51	-0.071052
5	47	-0.071714
1	9	-0.0720366
1	27	-0.0721334
24	47	-0.0721503
34	45	-0.0722604
36	47	-0.0722986
42	51	-0.0723398
22	45	-0.0725371
42	49	-0.0726288
26	49	-0.0726849
1	26	-0.072865
1	18	-0.0728732
41	45	-0.0730053
5	51	-0.0730388
1	19	-0.0730449
12	48	-0.0733425
14	46	-0.0733985
11	45	-0.0734539
19	50	-0.0734701
1	5	-0.0734927
3	14	-0.0735168
24	51	-0.0736103
39	46	-0.0737858
1	13	-0.074048
50	53	-0.0742777
3	9	-0.0748728
1	41	-0.075459
37	46	-0.0757252
8	50	-0.0758265
30	46	-0.075911
17	47	-0.0761735
35	46	-0.0762857
20	47	-0.0766456
24	50	-0.0768269
39	49	-0.076845
1	37	-0.0771416
18	51	-0.0771996
18	45	-0.0779031
21	50	-0.0780314
17	53	-0.0780712
12	49	-0.0784326
20	51	-0.0784341
35	49	-0.0785522
37	49	-0.0786107
43	45	-0.0787462
9	47	-0.0789368
40	50	-0.0792374
31	46	-0.079399
34	51	-0.0796352
14	45	-0.0797705
21	49	-0.0798926
8	53	-0.080513
14	51	-0.0810738
22	51	-0.0811621
26	46	-0.0813965
17	46	-0.0814969
42	47	-0.0815625
27	46	-0.0818517
6	46	-0.0821644
1	44	-0.082453
40	46	-0.0826941
44	46	-0.0829168
22	50	-0.0831212
8	49	-0.0831691
1	20	-0.0834833
20	46	-0.083575
42	46	-0.0835938
24	45	-0.0838522
11	49	-0.0839389
45	53	-0.0846007
28	45	-0.0846194
13	51	-0.0847386
1	39	-0.0854453
39	50	-0.0855991
28	50	-0.0856665
21	51	-0.0857114
8	45	-0.0859465
6	50	-0.086138
34	50	-0.0862459
33	47	-0.0870463
36	50	-0.0873625
47	53	-0.0874286
6	47	-0.0875028
1	43	-0.0878084
22	53	-0.0878086
38	53	-0.0882142
21	46	-0.0883604
44	51	-0.0883628
29	46	-0.0884104
28	51	-0.0888096
53	54	-0.0900344
49	53	-0.0901338
30	51	-0.09077
17	51	-0.0914859
22	49	-0.0916669
1	31	-0.092403
1	53	-0.0924425
44	49	-0.0931695
9	45	-0.0946188
38	50	-0.0949705
24	46	-0.0957374
6	51	-0.0959723
21	47	-0.0992893
44	47	-0.099345
8	51	-0.102172
1	21	-0.106646
24	49	-0.107408
46	48	-0.125666
48	49	-0.13785
45	48	-0.144148
47	48	-0.144832
48	51	-0.150454
48	50	-0.150597
1	48	-0.157909
4	51	-0.268455
4	46	-0.269051
4	47	-0.277482
1	4	-0.28093
4	45	-0.281089
4	49	-0.294794
4	50	-0.294816