#==========================================================================
# The first and second rows contain site pairs (i, j) such that j > i
# The third row contains coevolutionary scores obtained 
# using Boltzmann learning algorithm.
# Note that in this data sites are counted/labelled starting from 1
#==========================================================================
12	13	1.52919
1	12	1.51063
1	13	1.34158
2	4	0.880124
1	3	0.853506
2	10	0.678826
5	13	0.639836
3	13	0.578778
7	8	0.534836
3	5	0.440822
3	12	0.438021
6	7	0.429875
1	4	0.394217
6	8	0.383627
7	9	0.383299
8	9	0.369331
1	2	0.367084
5	10	0.363989
1	5	0.359852
2	13	0.281108
10	13	0.275985
6	9	0.270473
7	11	0.257524
8	11	0.251994
5	12	0.233673
4	8	0.173978
3	9	0.172827
9	11	0.171429
10	11	0.170859
10	12	0.168078
2	5	0.159534
4	7	0.155799
6	11	0.147363
2	12	0.126172
5	11	0.123591
4	5	0.120571
4	12	0.101518
8	10	0.0699006
3	4	0.0672792
4	10	0.057867
6	12	0.0557546
21	22	0.0552411
7	10	0.0549824
9	12	0.0524228
4	6	0.05162
14	31	0.044884
4	13	0.0435646
29	34	0.0410265
18	32	0.0409452
24	39	0.0393799
18	29	0.0392144
18	19	0.0390041
14	33	0.0384767
19	36	0.0374936
4	9	0.0345772
21	30	0.033527
14	25	0.0320148
28	40	0.0310658
22	38	0.0296849
19	41	0.0294444
17	19	0.0283657
16	31	0.027479
23	35	0.0273403
38	39	0.0273205
14	28	0.0272877
24	31	0.0272714
28	30	0.0268842
31	32	0.0264795
28	39	0.0263285
20	23	0.0260231
28	34	0.0255557
37	41	0.0250933
33	38	0.0250843
23	32	0.024653
24	30	0.0244172
21	34	0.0244053
15	20	0.0243799
22	24	0.0231408
15	25	0.023106
14	18	0.0223705
32	40	0.0221797
36	40	0.0221177
37	42	0.0220601
16	33	0.0218328
16	26	0.0210946
15	28	0.021081
24	42	0.0210599
16	30	0.021044
34	35	0.0209335
14	35	0.0203959
19	42	0.0202378
34	39	0.0200743
25	35	0.0195954
14	36	0.0195888
26	42	0.0193212
26	39	0.0190123
22	31	0.0186979
36	41	0.0180821
20	35	0.0179452
19	35	0.0178793
22	36	0.017082
19	27	0.0170119
26	29	0.0169384
18	26	0.0168578
28	38	0.0167194
34	42	0.0162779
23	39	0.0162532
17	24	0.0161636
21	32	0.0160644
22	26	0.0151282
15	27	0.015099
22	28	0.0150498
23	38	0.0147648
17	21	0.0144911
20	36	0.0142188
22	34	0.0140426
33	37	0.0140074
27	32	0.0137258
18	34	0.0133124
18	39	0.0130144
25	40	0.0129746
30	37	0.0129098
17	28	0.0127439
25	32	0.0126688
16	40	0.0125631
21	35	0.0125235
16	38	0.0123302
22	30	0.0123054
27	38	0.0122635
20	22	0.0122242
26	27	0.0120804
17	26	0.0120495
15	34	0.0119997
21	39	0.0118039
20	33	0.011615
33	36	0.0115244
38	42	0.0114617
19	22	0.0112864
22	33	0.0112391
21	38	0.0110063
18	31	0.0109012
15	29	0.0107549
18	24	0.0107325
24	40	0.0107079
21	29	0.010395
16	39	0.00997574
16	19	0.00997045
14	32	0.00987741
30	41	0.00971444
30	33	0.00936404
20	31	0.00919447
15	17	0.00902312
14	42	0.0089726
27	29	0.00895517
14	29	0.00867706
26	33	0.00861071
18	20	0.00852688
35	41	0.00850167
26	41	0.00849585
19	33	0.00845269
16	29	0.00822532
14	27	0.00785408
11	42	0.00784619
27	41	0.00778995
19	38	0.00762366
19	31	0.00741404
19	25	0.00728627
33	41	0.00724777
29	36	0.0071414
25	42	0.00707575
27	40	0.00695447
17	41	0.0069469
21	26	0.00691074
26	36	0.00687805
35	42	0.00679989
24	29	0.00676749
18	21	0.006502
15	37	0.00599961
15	39	0.00595857
15	35	0.00586348
16	28	0.0058402
23	27	0.00583413
18	36	0.00555712
18	28	0.00554341
26	32	0.00551195
26	40	0.00546503
24	26	0.00538092
17	36	0.00529662
27	31	0.00505822
27	33	0.00503868
26	31	0.00503001
19	23	0.00488178
28	41	0.00481728
29	35	0.00476861
15	21	0.00454289
22	41	0.00445262
21	27	0.0041558
27	28	0.00412609
36	38	0.00411119
15	24	0.00405761
15	38	0.00377991
36	39	0.00377055
30	32	0.0036957
34	38	0.00369046
27	42	0.003684
25	41	0.00354706
22	37	0.00333368
30	36	0.00331014
33	34	0.00305446
30	40	0.00287328
17	39	0.00266526
20	32	0.00251631
18	38	0.00245823
31	41	0.00245056
19	40	0.00241613
21	23	0.00225051
24	35	0.00216465
34	36	0.00211572
14	40	0.00211431
30	31	0.00201741
28	29	0.00172564
35	38	0.00172372
17	31	0.00143792
22	39	0.00140446
34	37	0.00118865
18	35	0.00107447
32	41	0.00086154
20	39	0.000835637
29	41	0.000821682
21	37	0.000767145
35	40	0.000527953
14	26	0.000454194
14	24	8.43568e-05
18	30	8.26399e-05
25	36	-3.94298e-05
17	20	-0.00041606
15	16	-0.000459826
23	31	-0.000602721
16	21	-0.000722007
14	37	-0.00073592
24	33	-0.000761974
23	36	-0.000924491
6	26	-0.000961418
25	39	-0.00103048
27	39	-0.00110845
32	34	-0.00122286
20	40	-0.00164836
22	27	-0.00177395
20	28	-0.0017749
37	39	-0.00192782
9	42	-0.00201927
17	18	-0.00251756
40	41	-0.00266331
6	29	-0.00291848
32	35	-0.00292486
16	22	-0.00298583
24	37	-0.00299746
36	42	-0.00299759
17	27	-0.00300286
25	27	-0.0031327
19	20	-0.00325208
16	35	-0.00344675
29	39	-0.00349347
21	42	-0.00349679
16	27	-0.00358467
17	29	-0.00381368
17	25	-0.00398899
35	37	-0.00399348
39	42	-0.00400715
14	19	-0.00405873
20	25	-0.00413913
24	28	-0.00425151
25	33	-0.00425551
24	27	-0.00437051
21	41	-0.0045211
16	34	-0.00453009
14	41	-0.00454073
26	35	-0.0046697
22	25	-0.00481752
26	34	-0.00483336
29	31	-0.00493423
25	34	-0.00494849
16	17	-0.00504673
21	24	-0.00508751
25	30	-0.00517833
20	38	-0.00519749
21	28	-0.00530763
23	30	-0.00537113
25	37	-0.00540031
20	41	-0.00540267
20	42	-0.00548631
19	21	-0.00579576
32	37	-0.00585207
32	42	-0.00602886
24	38	-0.00653348
37	40	-0.00654659
16	23	-0.00673063
19	34	-0.00673821
15	36	-0.00675811
27	37	-0.00684834
29	30	-0.00692743
18	42	-0.00696751
14	15	-0.00710494
4	11	-0.00727702
9	20	-0.00735094
8	37	-0.00760243
14	38	-0.00760865
39	40	-0.0076912
31	42	-0.00770439
28	42	-0.00782078
19	30	-0.00784001
33	35	-0.0079352
20	27	-0.00829246
28	35	-0.00832375
34	41	-0.00851765
31	38	-0.00859172
15	18	-0.00870865
28	37	-0.00873979
30	34	-0.00881337
18	33	-0.00886231
24	41	-0.00887889
6	30	-0.00905275
23	28	-0.00908583
15	23	-0.00909657
35	39	-0.00983134
16	24	-0.0100777
15	40	-0.0101357
17	37	-0.0101931
6	23	-0.0102033
18	37	-0.0103499
14	21	-0.0106824
15	26	-0.0107307
14	34	-0.0107347
32	39	-0.0109052
20	29	-0.0110081
19	32	-0.0110434
15	42	-0.0110465
16	25	-0.0111354
15	31	-0.0113662
23	26	-0.0114369
23	34	-0.0115249
34	40	-0.0115483
9	10	-0.0115831
29	38	-0.011653
27	35	-0.0119206
30	39	-0.0119874
19	28	-0.0123942
14	30	-0.0126141
23	42	-0.0126251
25	28	-0.0126468
14	16	-0.0127646
17	33	-0.0128353
27	30	-0.0129797
27	34	-0.013015
6	17	-0.0130451
17	22	-0.0131398
33	40	-0.0134086
22	40	-0.0134404
24	32	-0.0140644
6	10	-0.014088
18	27	-0.0141774
31	34	-0.014217
18	23	-0.0143098
36	37	-0.0145656
23	25	-0.014579
18	40	-0.0149489
11	15	-0.0149851
28	33	-0.0152251
20	37	-0.0153809
22	35	-0.0157125
11	23	-0.0157243
29	32	-0.0157725
9	37	-0.0158856
8	15	-0.0158966
17	40	-0.016104
15	30	-0.0162664
17	32	-0.016439
41	42	-0.0165865
31	36	-0.0166085
8	22	-0.0166856
26	37	-0.0166972
30	38	-0.0170709
22	32	-0.0170891
11	32	-0.0171458
23	41	-0.0171521
23	24	-0.017348
8	16	-0.0175305
25	31	-0.0176034
6	18	-0.0177821
16	42	-0.0177871
23	29	-0.0178385
38	41	-0.0179496
37	38	-0.0179726
19	24	-0.018034
21	40	-0.0180623
35	36	-0.0181832
16	20	-0.0182349
9	23	-0.0183048
24	34	-0.0184411
33	39	-0.0185538
17	35	-0.0189641
19	37	-0.0190204
15	33	-0.0191518
31	39	-0.0191878
6	37	-0.0192596
23	33	-0.0194095
16	36	-0.0195831
23	37	-0.0197725
11	28	-0.0198161
19	26	-0.0198841
32	33	-0.0199855
9	34	-0.0200514
11	33	-0.0201413
18	22	-0.020238
11	31	-0.0208308
20	24	-0.0209137
17	30	-0.0210542
6	40	-0.0212196
9	31	-0.0212402
6	16	-0.0214205
11	36	-0.0216145
16	41	-0.0217533
31	40	-0.0218176
32	36	-0.0220198
2	23	-0.022154
14	22	-0.0221871
11	19	-0.0223816
25	29	-0.0226628
17	23	-0.0229175
9	32	-0.0229778
28	36	-0.0231208
6	15	-0.0234008
14	17	-0.023772
31	33	-0.0238089
25	26	-0.0239375
17	34	-0.0240187
6	28	-0.0240906
6	38	-0.0241072
7	19	-0.0242077
31	35	-0.0242535
20	30	-0.0245779
20	21	-0.0245858
19	29	-0.0251148
17	42	-0.0252178
2	38	-0.0252426
11	37	-0.0255421
18	25	-0.0255478
29	37	-0.0256383
39	41	-0.0258945
7	30	-0.026117
25	38	-0.0261516
10	40	-0.0261622
33	42	-0.0262541
7	20	-0.0262928
16	37	-0.0263552
9	30	-0.0266078
29	42	-0.0266836
7	36	-0.026794
9	27	-0.0270354
3	11	-0.0270593
28	32	-0.0272273
9	26	-0.0272664
6	36	-0.0273804
21	36	-0.0276315
6	25	-0.0278203
9	17	-0.0279418
28	31	-0.0280387
29	33	-0.028118
31	37	-0.0281262
8	30	-0.028985
10	21	-0.0290177
22	42	-0.029125
11	35	-0.0293161
16	18	-0.0295748
9	14	-0.0296868
6	22	-0.0297522
3	35	-0.0297578
5	17	-0.0300323
11	27	-0.0302571
6	32	-0.0305878
11	30	-0.0306531
7	23	-0.0310272
11	22	-0.0310727
16	32	-0.031143
9	40	-0.0311467
11	16	-0.0311575
8	17	-0.0316326
2	25	-0.0317073
24	36	-0.0322091
22	23	-0.0323626
24	25	-0.032556
40	42	-0.0328878
9	25	-0.0331977
38	40	-0.0333857
6	24	-0.0336197
9	33	-0.0337813
9	16	-0.0338405
26	28	-0.0340104
11	17	-0.0342043
8	18	-0.0342243
26	30	-0.0343159
19	39	-0.034532
6	31	-0.034628
27	36	-0.0348215
15	22	-0.0348686
10	17	-0.0349343
11	40	-0.0355365
11	21	-0.0356772
20	26	-0.0358154
6	42	-0.0358463
10	29	-0.0358507
15	19	-0.0360021
8	36	-0.0360203
6	21	-0.0360386
6	20	-0.0362896
26	38	-0.0365801
2	35	-0.0366733
14	20	-0.0369542
30	42	-0.0369623
2	24	-0.037049
6	35	-0.0371682
11	41	-0.0372211
20	34	-0.0376852
9	39	-0.0377598
9	41	-0.0378327
7	32	-0.0380106
11	25	-0.0380196
8	20	-0.0381559
11	24	-0.0383505
17	38	-0.0386814
14	39	-0.038729
11	20	-0.0390792
8	23	-0.0392544
6	39	-0.0392662
2	20	-0.039456
7	25	-0.039506
7	34	-0.0395731
8	32	-0.039647
9	28	-0.0397746
23	40	-0.039829
10	27	-0.0400027
11	29	-0.040039
15	41	-0.0401125
3	26	-0.0402473
32	38	-0.0404483
3	22	-0.0405617
29	40	-0.0407775
7	15	-0.0416445
6	33	-0.0418036
6	34	-0.0419913
7	39	-0.042052
10	23	-0.0422472
8	41	-0.0422937
11	18	-0.0423831
7	33	-0.0424231
3	30	-0.0426703
7	21	-0.0427103
7	42	-0.0427815
5	8	-0.0429431
4	41	-0.0430421
30	35	-0.0430567
10	33	-0.0431498
7	18	-0.0433529
21	31	-0.0435992
2	36	-0.0440215
9	24	-0.0441492
21	33	-0.0446524
7	37	-0.0446577
10	16	-0.0446717
5	37	-0.0448054
6	19	-0.0448744
9	38	-0.0449162
21	25	-0.0450534
6	14	-0.0452753
7	26	-0.0455219
10	20	-0.0455695
3	39	-0.0459386
22	29	-0.0459699
5	21	-0.0461306
14	23	-0.046487
8	28	-0.0466574
2	26	-0.0468555
2	37	-0.0469416
9	19	-0.0469524
5	19	-0.0470289
2	29	-0.0470831
8	31	-0.0471087
7	41	-0.0472286
7	16	-0.0472794
11	39	-0.0474681
6	27	-0.0477276
7	28	-0.0478922
4	20	-0.0479467
11	12	-0.0480711
5	29	-0.0481204
2	30	-0.048198
5	42	-0.0482261
3	37	-0.0482695
3	17	-0.0485509
2	19	-0.0486213
2	27	-0.0488522
11	34	-0.0489649
8	34	-0.0490846
2	16	-0.0492283
8	25	-0.0492777
10	15	-0.0494822
10	25	-0.0496491
9	22	-0.0498048
7	24	-0.0498636
2	42	-0.0502325
10	32	-0.0504565
5	31	-0.0507038
3	38	-0.0508404
7	22	-0.0508683
10	42	-0.050943
2	15	-0.0509943
6	41	-0.0510224
4	18	-0.0510412
3	23	-0.0511783
3	29	-0.0511968
9	15	-0.0516113
5	36	-0.0519669
2	14	-0.0520071
1	6	-0.0520397
3	36	-0.0520798
8	38	-0.0520975
11	26	-0.0521802
5	32	-0.0522529
9	18	-0.0522549
3	41	-0.0524055
2	31	-0.0527603
10	41	-0.0527753
18	41	-0.0528672
10	28	-0.0531265
10	18	-0.0537206
8	40	-0.0538171
7	31	-0.0538346
10	14	-0.0541081
7	29	-0.0541497
2	40	-0.0543036
5	16	-0.0543569
2	32	-0.0544766
8	29	-0.0545635
10	30	-0.0545736
2	21	-0.0546294
8	14	-0.054693
3	16	-0.0549112
3	33	-0.054965
7	40	-0.0550525
10	34	-0.055259
9	29	-0.0552938
5	33	-0.0553075
3	40	-0.0555637
5	25	-0.0558075
2	22	-0.0558218
8	33	-0.0559149
5	35	-0.055956
8	19	-0.0560711
7	17	-0.0568351
7	14	-0.0572761
8	39	-0.0572865
8	42	-0.0574003
5	23	-0.0575272
10	39	-0.057546
5	38	-0.0576279
10	37	-0.0577288
10	38	-0.0577473
5	28	-0.0578922
10	31	-0.058
5	7	-0.0580613
9	21	-0.0584246
4	30	-0.0584597
8	24	-0.0589664
8	26	-0.0590028
11	38	-0.0590209
7	27	-0.0590707
2	41	-0.0590879
9	36	-0.0591885
2	33	-0.0592655
8	21	-0.0593046
2	17	-0.0597967
10	35	-0.0601021
3	27	-0.0601087
7	35	-0.0602492
11	14	-0.0605046
4	40	-0.0609569
4	27	-0.061409
5	39	-0.0614555
3	28	-0.0614636
8	27	-0.0615836
10	26	-0.0616949
2	28	-0.0623376
4	35	-0.0629599
3	20	-0.063045
3	24	-0.0631023
3	18	-0.0635742
8	35	-0.0639604
2	18	-0.0640039
1	10	-0.0640045
4	25	-0.0640252
3	19	-0.0645143
7	38	-0.0648797
2	39	-0.0650185
10	19	-0.0654668
3	25	-0.0658162
3	32	-0.065951
3	42	-0.0660929
4	29	-0.0662248
10	24	-0.0664145
4	15	-0.0666587
15	32	-0.0678009
4	17	-0.0682884
5	41	-0.0691271
2	34	-0.0694899
4	42	-0.0698302
3	21	-0.069911
5	15	-0.0699395
4	32	-0.0701182
9	35	-0.0703794
4	33	-0.0711656
4	39	-0.0711833
4	24	-0.0717404
4	31	-0.0722817
3	15	-0.0739571
1	11	-0.074112
5	24	-0.0742353
4	16	-0.074288
5	40	-0.0756066
4	21	-0.0758942
1	9	-0.0759935
5	22	-0.076226
10	22	-0.0763174
3	31	-0.0764542
4	28	-0.0765613
5	20	-0.0766891
10	36	-0.077123
4	14	-0.0771464
5	26	-0.077841
12	14	-0.078224
4	38	-0.0783214
13	34	-0.0783365
4	34	-0.0784421
5	30	-0.0799013
4	22	-0.0801486
4	36	-0.0806449
5	14	-0.0806563
3	14	-0.0815116
4	23	-0.0825989
13	21	-0.0831052
12	33	-0.0841891
12	40	-0.0844753
12	38	-0.0853031
3	34	-0.0854028
2	11	-0.0873816
4	37	-0.0878809
5	18	-0.0896794
4	26	-0.0898233
4	19	-0.0909339
13	24	-0.0918784
5	34	-0.0921385
12	26	-0.092399
13	32	-0.092659
12	31	-0.0982266
1	7	-0.0988707
12	15	-0.0998277
13	37	-0.099863
13	29	-0.0999115
13	42	-0.100437
13	15	-0.101641
13	41	-0.101991
12	27	-0.103036
13	40	-0.103073
13	25	-0.103212
3	7	-0.105045
11	13	-0.108377
5	27	-0.109231
12	23	-0.109574
13	17	-0.110703
12	25	-0.110732
12	41	-0.110769
13	20	-0.110819
12	17	-0.110958
1	29	-0.111957
1	14	-0.114052
13	22	-0.114906
2	8	-0.116706
12	32	-0.118783
1	31	-0.119226
1	38	-0.120113
3	8	-0.120127
1	20	-0.120355
1	42	-0.121496
1	30	-0.121745
13	33	-0.121826
1	15	-0.122101
1	25	-0.124318
13	16	-0.124674
1	40	-0.12491
13	35	-0.126054
13	23	-0.126127
12	22	-0.127417
13	38	-0.127725
12	30	-0.128091
2	7	-0.128479
12	42	-0.129721
3	10	-0.130395
13	36	-0.131435
1	8	-0.13386
13	39	-0.133999
12	20	-0.134232
1	34	-0.134609
13	18	-0.135616
13	14	-0.136404
1	37	-0.136812
12	21	-0.137101
1	39	-0.139228
1	28	-0.139369
1	23	-0.139529
1	27	-0.139753
1	17	-0.139984
1	41	-0.14005
1	26	-0.14032
12	39	-0.140566
12	36	-0.140781
1	36	-0.142059
1	24	-0.142243
1	16	-0.142958
12	34	-0.144247
12	18	-0.144549
12	35	-0.145169
13	31	-0.146091
1	32	-0.146273
12	19	-0.146599
12	29	-0.148255
1	19	-0.149127
13	19	-0.150425
1	33	-0.151574
12	24	-0.151838
5	9	-0.153156
2	3	-0.153394
13	27	-0.154856
13	26	-0.155091
12	37	-0.156207
12	16	-0.156775
1	35	-0.15789
6	13	-0.158084
12	28	-0.159316
13	28	-0.160026
1	22	-0.160881
1	18	-0.161765
13	30	-0.163534
2	6	-0.167895
5	6	-0.169485
1	21	-0.177239
8	12	-0.178358
3	6	-0.185475
2	9	-0.187837
9	13	-0.192765
7	12	-0.206636
8	13	-0.227309
7	13	-0.241238