#==========================================================================
# The first and second rows contain site pairs (i, j) such that j > i
# The third row contains coevolutionary scores obtained 
# using Boltzmann learning algorithm.
# Note that in this data sites are counted/labelled starting from 1
#==========================================================================
16	25	3.75633
17	24	3.67008
14	27	3.52912
3	86	2.8923
15	26	2.83924
2	87	2.57016
42	61	2.44555
4	85	2.41291
43	60	2.34107
29	74	2.19072
6	83	2.11818
12	28	1.97998
5	84	1.9667
37	67	1.93398
44	59	1.77285
45	58	1.75977
36	68	1.10069
46	57	1.07339
38	66	1.04358
7	82	0.985087
10	79	0.652481
22	23	0.628389
12	13	0.607932
65	80	0.606659
75	76	0.600067
13	28	0.577072
20	23	0.576457
47	56	0.575635
41	62	0.575631
76	77	0.567208
60	62	0.538776
39	65	0.537798
78	79	0.537747
42	60	0.531061
21	22	0.528288
1	2	0.521576
13	75	0.507938
60	61	0.50312
20	21	0.501349
39	64	0.496629
78	80	0.493182
43	45	0.490763
45	46	0.475563
13	76	0.46804
46	60	0.466881
38	64	0.459144
55	56	0.450086
48	55	0.441852
18	23	0.431407
64	66	0.425747
10	34	0.415019
40	41	0.408537
38	39	0.405229
77	79	0.400411
33	80	0.3998
61	62	0.39359
60	80	0.392909
2	3	0.388148
83	86	0.379744
76	79	0.372996
6	86	0.371062
77	78	0.364956
76	80	0.363601
51	52	0.363151
46	47	0.362028
49	50	0.362002
39	66	0.355973
3	85	0.354133
6	85	0.351471
20	22	0.348559
13	65	0.345658
63	64	0.342676
43	62	0.341653
57	58	0.341156
41	63	0.339903
4	41	0.333636
56	57	0.329714
21	23	0.318625
65	77	0.316761
1	33	0.310135
4	5	0.309349
58	59	0.307254
4	6	0.306537
40	66	0.305411
18	19	0.303191
42	44	0.302922
83	85	0.302668
30	73	0.295189
3	87	0.288235
53	54	0.28787
38	63	0.282515
37	41	0.278158
1	87	0.272118
14	15	0.271796
31	72	0.27077
83	84	0.268343
10	32	0.266161
6	87	0.263681
2	67	0.263645
83	87	0.261832
26	27	0.260755
10	39	0.258574
13	14	0.258334
13	27	0.255579
46	61	0.254466
39	63	0.253974
52	53	0.251128
45	57	0.246406
6	63	0.246131
62	63	0.245823
42	65	0.239919
4	83	0.239288
3	4	0.238937
14	37	0.235816
18	77	0.234042
48	49	0.23335
38	40	0.232391
46	56	0.228567
5	85	0.228481
7	37	0.227201
14	26	0.226071
10	77	0.223201
19	20	0.223024
27	37	0.221558
46	51	0.221413
29	37	0.220807
1	18	0.219513
65	79	0.2193
6	15	0.215635
45	62	0.208859
33	61	0.208323
42	62	0.207959
2	37	0.207901
46	58	0.2079
76	78	0.207708
63	83	0.2071
15	27	0.206772
41	85	0.205976
29	77	0.204694
2	41	0.203732
37	74	0.202563
47	48	0.201364
26	75	0.200384
19	24	0.200218
37	62	0.198228
42	43	0.198066
44	80	0.197802
18	21	0.196833
26	76	0.195882
13	29	0.194729
75	78	0.192987
67	81	0.192952
30	68	0.192381
68	73	0.191628
37	40	0.186455
33	87	0.185139
48	50	0.183367
18	22	0.182993
19	23	0.182054
37	82	0.18202
13	77	0.181958
44	62	0.18099
40	64	0.178753
32	34	0.177234
5	83	0.176634
84	86	0.17595
41	59	0.175721
18	65	0.175712
45	77	0.174299
42	80	0.173918
27	67	0.172698
29	73	0.172408
5	6	0.171761
63	66	0.171709
30	36	0.171592
9	11	0.171507
36	73	0.171168
3	6	0.170645
3	38	0.17059
18	62	0.170214
9	35	0.169135
33	69	0.1687
33	60	0.168049
82	84	0.168017
43	80	0.167878
31	35	0.167167
1	45	0.166783
43	46	0.16672
2	33	0.166382
80	85	0.166034
60	78	0.165759
4	28	0.165731
37	39	0.164506
11	31	0.164353
6	67	0.164213
35	70	0.163919
11	35	0.163706
70	71	0.163572
45	60	0.16284
35	71	0.162576
47	51	0.162313
47	55	0.161524
11	70	0.161034
57	59	0.160866
70	72	0.160643
42	79	0.160474
39	42	0.159874
13	78	0.15954
2	86	0.15949
7	65	0.159103
49	52	0.158727
33	86	0.15859
69	71	0.157874
74	77	0.157697
13	37	0.157248
9	70	0.157048
9	71	0.156888
39	78	0.156253
12	14	0.155986
4	12	0.154911
40	76	0.152228
30	35	0.151308
11	72	0.15074
37	42	0.150728
31	71	0.149889
30	31	0.149829
35	72	0.149615
30	70	0.149202
31	70	0.149198
39	80	0.149185
70	73	0.149088
50	51	0.148963
19	33	0.148756
35	69	0.148741
41	44	0.148506
31	69	0.148457
47	50	0.148391
39	61	0.147053
65	66	0.146939
5	79	0.146814
32	79	0.146809
10	16	0.146501
29	30	0.146028
16	33	0.145836
3	83	0.1458
8	34	0.145761
74	82	0.145121
1	84	0.145089
44	65	0.144465
71	73	0.144266
26	83	0.144215
69	70	0.144118
9	72	0.144071
3	84	0.143757
9	31	0.143445
45	61	0.143394
11	71	0.143167
11	30	0.142955
84	85	0.142886
9	30	0.140649
51	54	0.140006
6	26	0.138861
8	32	0.138005
10	41	0.137727
6	84	0.137715
11	69	0.136611
9	73	0.136438
51	53	0.136127
3	66	0.136054
71	72	0.135611
35	73	0.135415
32	73	0.13477
69	72	0.134593
10	75	0.134576
31	73	0.134295
47	54	0.133836
26	77	0.133725
6	82	0.133591
19	52	0.133542
3	33	0.13351
55	57	0.133136
72	73	0.132273
77	85	0.132249
49	53	0.131802
33	42	0.131635
8	62	0.131162
11	73	0.1311
19	87	0.130976
38	86	0.130702
11	81	0.13012
30	32	0.129711
14	28	0.129069
28	44	0.129068
8	11	0.128077
10	76	0.127922
32	35	0.127814
36	70	0.127546
59	62	0.127486
9	69	0.127407
35	81	0.127383
33	75	0.126752
54	56	0.126702
8	31	0.126543
31	81	0.126542
48	51	0.126376
24	46	0.125904
69	73	0.125767
47	49	0.125712
22	26	0.125451
10	13	0.124716
8	69	0.124713
8	9	0.124557
17	18	0.124547
8	70	0.124373
5	43	0.123892
44	58	0.123784
30	69	0.123641
39	84	0.123259
4	86	0.122992
9	81	0.122187
13	39	0.122136
32	71	0.121992
86	87	0.121522
37	65	0.12119
37	80	0.120952
4	63	0.120621
48	56	0.120531
18	79	0.120431
48	54	0.120143
63	67	0.12009
72	81	0.119994
8	71	0.119894
7	36	0.119436
30	72	0.119359
30	71	0.119017
71	81	0.118244
24	40	0.118133
70	81	0.11787
7	68	0.117869
63	85	0.117118
55	74	0.116899
61	86	0.116764
11	36	0.11674
28	75	0.116675
36	71	0.116617
18	25	0.116454
46	59	0.115725
69	81	0.115534
30	81	0.115245
15	83	0.114776
36	69	0.114702
4	7	0.114556
17	19	0.11455
32	72	0.114056
41	46	0.113982
7	74	0.113946
8	35	0.113944
5	7	0.113894
33	70	0.113718
51	56	0.113529
32	70	0.113336
5	86	0.113137
43	77	0.113009
42	78	0.112939
9	36	0.112738
52	56	0.112205
9	32	0.111792
19	22	0.11178
73	74	0.111644
44	57	0.111114
3	5	0.110466
1	51	0.110382
15	76	0.110223
8	33	0.110047
12	75	0.109919
11	33	0.109701
22	58	0.109284
49	58	0.109247
16	18	0.109206
11	32	0.109108
10	62	0.108614
72	74	0.108544
1	25	0.108481
29	31	0.108243
49	51	0.108216
2	65	0.107982
34	35	0.107253
33	73	0.107
33	46	0.10699
53	56	0.106951
25	76	0.106906
24	28	0.106888
64	65	0.106737
73	81	0.106719
61	77	0.106515
9	68	0.106014
50	52	0.105372
40	75	0.105073
61	84	0.105049
17	40	0.104817
33	35	0.104645
46	62	0.104565
8	72	0.1044
61	75	0.104298
68	69	0.104287
9	33	0.104262
29	55	0.104127
33	71	0.103843
15	75	0.103818
11	29	0.103716
68	70	0.103708
7	29	0.103342
31	74	0.102622
67	70	0.102496
14	67	0.102346
19	21	0.102315
68	71	0.101941
9	29	0.101913
79	80	0.101756
8	30	0.10151
35	36	0.101447
41	79	0.101285
43	59	0.101185
12	44	0.100805
3	79	0.100346
44	48	0.100273
9	10	0.100164
11	34	0.100147
53	57	0.0997627
36	81	0.0997417
9	67	0.0996388
29	72	0.0993377
43	84	0.0992809
11	68	0.0989793
31	67	0.0987863
15	77	0.0986311
1	43	0.098341
28	37	0.0982732
48	59	0.098091
19	53	0.0978895
40	77	0.0972944
82	83	0.0971595
38	65	0.0968451
18	80	0.096773
17	28	0.0960723
43	58	0.0959633
47	52	0.0958462
44	50	0.0958056
33	45	0.0956503
10	70	0.0951025
36	82	0.0948683
8	79	0.0948315
67	71	0.0942088
14	74	0.0936457
54	55	0.0935792
45	59	0.0934105
29	32	0.0934003
10	25	0.0933163
35	67	0.0925168
6	37	0.0923834
8	73	0.0923525
11	67	0.0918027
65	84	0.0916896
3	41	0.0915183
31	68	0.0915006
30	74	0.0913556
50	53	0.0909892
8	81	0.0908132
12	37	0.0905144
1	60	0.0904655
31	32	0.090252
27	80	0.0901578
30	33	0.0899013
43	44	0.0898503
36	72	0.0896871
19	46	0.0887672
62	75	0.0885687
33	72	0.0884868
32	81	0.0883505
34	73	0.0883019
7	84	0.0875826
56	59	0.0872635
21	55	0.087036
6	64	0.0869464
19	75	0.0867956
21	50	0.0866171
42	50	0.0865053
10	35	0.0864871
10	11	0.086442
22	76	0.0864304
7	9	0.0864098
10	31	0.086224
35	68	0.0861801
52	58	0.0861686
31	36	0.086077
10	59	0.0859214
79	84	0.0853518
43	87	0.0850133
34	79	0.0849838
18	42	0.0847323
6	10	0.0845294
1	5	0.0844163
4	80	0.0839289
20	56	0.083778
17	55	0.0837151
34	70	0.0832914
54	57	0.0828358
39	40	0.0823677
34	71	0.0823601
7	70	0.0820946
1	78	0.0818177
16	34	0.0813936
17	56	0.0811903
80	83	0.0810925
5	82	0.0809077
18	45	0.0808714
23	76	0.0808382
20	54	0.0808348
27	28	0.08066
50	55	0.0805956
51	55	0.0805845
32	69	0.0805754
17	54	0.0804541
37	63	0.0804202
22	53	0.0803183
68	72	0.0800185
5	65	0.0799636
21	40	0.0798665
62	85	0.0796189
16	84	0.0793444
10	37	0.0792671
21	65	0.0790994
40	44	0.0789881
19	48	0.0785223
7	71	0.0785089
1	27	0.0783659
41	87	0.0777679
18	51	0.0777375
7	11	0.0775463
18	82	0.0774658
29	70	0.0773517
24	57	0.0769728
8	36	0.0769539
32	36	0.0768386
10	40	0.0764267
65	76	0.0762493
34	62	0.0761174
6	48	0.0761001
47	57	0.0759998
20	50	0.0757455
4	39	0.0754836
11	82	0.0754277
4	40	0.0754214
10	72	0.0750248
1	82	0.0749812
67	69	0.0747172
1	58	0.074552
31	33	0.074271
3	23	0.0742291
21	51	0.0740692
10	69	0.0739719
13	64	0.0739582
29	35	0.0738176
25	38	0.073684
8	84	0.0730591
29	82	0.0729187
8	68	0.0725823
2	83	0.0725432
39	85	0.0725294
18	57	0.0724532
33	81	0.0717353
71	82	0.0714453
19	77	0.0712933
23	49	0.0712339
65	74	0.0711681
7	31	0.0710944
75	79	0.0710688
21	57	0.0708829
4	84	0.0708278
62	79	0.0707366
67	83	0.0705628
44	51	0.0704502
29	64	0.0704363
9	34	0.0704062
34	69	0.0702711
51	58	0.0696174
11	74	0.0696102
70	82	0.0694258
32	37	0.0692961
32	68	0.0692868
39	62	0.0691761
44	61	0.0690149
22	50	0.0688817
66	86	0.0687089
10	30	0.0686711
18	46	0.0685396
28	84	0.0682468
49	57	0.0681776
48	86	0.0680043
79	83	0.0678567
71	74	0.0677794
20	52	0.0677029
21	26	0.0676164
15	44	0.0675524
30	34	0.0674905
29	71	0.0673257
31	34	0.0672245
80	86	0.0665817
43	61	0.0661855
12	24	0.0659319
48	83	0.0659044
10	65	0.0657599
26	52	0.0656874
12	27	0.0655713
44	60	0.0654155
67	72	0.0652038
59	61	0.0651938
46	48	0.0651428
35	82	0.0649973
24	49	0.0649436
22	54	0.0645518
8	65	0.0643254
39	59	0.06405
28	76	0.0640281
21	58	0.0640101
65	86	0.0639278
68	81	0.06365
46	52	0.0634338
64	83	0.0634063
24	79	0.0632597
2	38	0.0630497
66	85	0.0630342
7	35	0.062825
49	55	0.0624585
10	71	0.062428
19	79	0.0624209
19	55	0.0623989
45	48	0.0623805
34	81	0.0621578
8	10	0.0621172
15	52	0.0619915
40	63	0.0618331
38	57	0.0616773
40	85	0.0616725
1	85	0.0614365
29	69	0.0612661
34	76	0.0610043
10	81	0.0609369
4	73	0.0606386
50	57	0.060527
26	57	0.060513
24	45	0.0603803
23	54	0.0602155
26	34	0.0600141
62	77	0.0600088
34	72	0.0598892
65	85	0.0598317
4	77	0.05975
17	62	0.0597015
29	79	0.0596829
46	50	0.0596692
8	29	0.0596649
34	74	0.0594488
15	80	0.0594109
74	78	0.0591109
18	75	0.0590127
22	44	0.0586887
58	63	0.0580629
58	78	0.0579011
13	74	0.0578423
8	80	0.0578185
2	54	0.0577509
60	65	0.0577052
31	82	0.05769
5	8	0.0573911
16	76	0.0572083
25	33	0.0570393
69	82	0.0570132
18	55	0.0568564
7	30	0.0567541
81	82	0.0566929
53	78	0.0562008
35	74	0.0561714
49	87	0.0560536
1	22	0.0560449
46	76	0.0556901
22	63	0.0555911
19	56	0.0555532
32	39	0.055501
34	61	0.0551092
2	78	0.055049
58	60	0.0548337
53	55	0.0547537
9	82	0.0545572
17	49	0.0543204
50	54	0.0542703
6	16	0.0540524
2	76	0.0539919
40	57	0.0538284
6	66	0.0537932
25	32	0.0537561
6	80	0.0535975
7	72	0.0535214
7	69	0.0533778
51	86	0.0532854
25	84	0.0531229
19	58	0.0528973
44	47	0.0525864
10	83	0.0524771
25	44	0.0523403
47	61	0.0520588
15	78	0.0520287
41	61	0.051996
16	44	0.0519675
48	52	0.0516299
48	53	0.0514949
33	44	0.0514365
27	45	0.0513224
55	58	0.0512438
28	62	0.0511103
20	58	0.050833
13	87	0.0507773
33	76	0.050607
19	78	0.0505721
44	45	0.0504836
2	13	0.0503246
4	30	0.0500925
50	77	0.0499174
41	80	0.0499096
18	47	0.049772
28	36	0.0497352
46	53	0.0494908
15	40	0.0494852
68	82	0.0491713
16	32	0.0491662
30	67	0.0490286
8	52	0.0486928
18	24	0.0485662
20	47	0.0485612
34	68	0.0485152
69	80	0.0484896
23	51	0.0484388
61	80	0.048363
13	63	0.0483264
26	40	0.0481473
19	59	0.0479479
18	58	0.0479181
44	46	0.047398
23	75	0.0473236
52	54	0.0472088
23	38	0.0470828
47	59	0.0469183
1	67	0.046775
70	74	0.0467737
17	20	0.0465433
10	29	0.0464609
16	38	0.0463995
45	76	0.0463258
29	63	0.0463218
26	78	0.0460784
14	41	0.046002
2	57	0.0457544
4	78	0.0457466
15	21	0.0456729
20	86	0.0454915
39	47	0.0454817
16	49	0.0453634
40	78	0.0452819
47	53	0.0451549
54	59	0.044415
7	73	0.0441262
19	63	0.0438039
20	60	0.0435614
22	75	0.0435208
32	59	0.0434332
1	83	0.0433904
40	59	0.0431975
6	43	0.0431692
13	16	0.0431085
56	58	0.0429033
27	52	0.0427052
41	77	0.0426067
59	65	0.0425143
19	51	0.042434
8	67	0.0423415
50	59	0.042265
6	55	0.0422401
6	38	0.0422069
12	84	0.04215
13	67	0.0420603
63	86	0.0419622
5	39	0.0418634
19	47	0.041841
1	15	0.0416383
9	74	0.0415919
21	47	0.0414237
42	49	0.0409214
27	64	0.0407976
5	61	0.0405847
19	26	0.0405763
50	87	0.040489
48	58	0.0404256
30	82	0.040415
49	54	0.0403631
20	63	0.039985
20	38	0.039937
53	77	0.0399319
48	74	0.0397638
32	74	0.0397148
18	29	0.0393639
15	87	0.039335
51	59	0.0391303
12	62	0.0391272
12	82	0.0383158
15	19	0.0379644
18	20	0.0378018
53	84	0.0375832
65	87	0.0375032
7	81	0.0374299
8	39	0.0372804
16	68	0.0372535
7	8	0.0372512
21	84	0.0371345
51	61	0.0369514
67	73	0.0369172
29	81	0.0367028
55	59	0.0366416
64	67	0.036508
32	33	0.036369
60	87	0.0361844
38	55	0.0361126
45	49	0.0356532
52	55	0.0355175
71	80	0.0355088
25	34	0.0354508
74	81	0.0354218
37	81	0.0353619
26	50	0.0353397
46	54	0.0353198
9	28	0.0352721
18	61	0.0351345
21	49	0.0351281
32	44	0.0349638
10	36	0.0347362
22	45	0.0347159
38	85	0.0346577
85	86	0.0346242
39	55	0.0346058
46	80	0.034602
15	17	0.0345068
49	59	0.0344907
35	84	0.0342044
12	36	0.0341527
60	79	0.034023
4	26	0.034007
23	59	0.0338535
17	21	0.0337856
56	60	0.0335798
2	85	0.0335667
23	82	0.0335471
19	27	0.0335013
20	65	0.0334427
54	65	0.0333512
1	44	0.0333287
50	56	0.0332232
23	77	0.0332111
1	86	0.0331026
29	78	0.0328894
69	74	0.0328681
64	85	0.03281
22	61	0.0328091
5	54	0.0327781
78	85	0.0327206
33	68	0.0326375
1	42	0.0326362
1	80	0.0325767
28	42	0.032217
57	66	0.0321665
21	48	0.0321216
22	46	0.0320455
26	53	0.0320233
22	42	0.0318963
22	52	0.0317234
48	65	0.0316105
54	78	0.0315879
17	57	0.0314886
66	82	0.0313325
35	64	0.0312534
53	66	0.0312263
43	74	0.0308445
17	58	0.0305709
5	49	0.0303801
43	55	0.0300411
72	82	0.0298253
47	75	0.0295791
61	63	0.0295711
51	57	0.0294976
39	81	0.029418
27	62	0.0292648
21	59	0.029196
22	59	0.0291623
68	75	0.0291572
12	35	0.0290773
17	34	0.029049
14	62	0.0290162
24	54	0.0288339
29	34	0.0286935
29	38	0.0286106
13	41	0.02859
21	77	0.0283592
4	82	0.0281169
34	67	0.0280116
45	53	0.027736
1	20	0.0277021
41	78	0.0276442
1	26	0.0276333
45	78	0.0276249
34	65	0.0275068
20	51	0.0274941
13	19	0.0274668
28	68	0.027443
50	78	0.0272527
46	75	0.0270469
52	59	0.0270175
13	18	0.0268543
53	83	0.026728
17	83	0.0266676
12	68	0.0266451
38	74	0.0266314
12	42	0.0263049
73	82	0.0262534
24	48	0.0261384
1	34	0.0260689
10	53	0.0259846
26	82	0.0259584
40	83	0.0259297
42	47	0.0259235
46	49	0.0259165
5	12	0.0259136
17	48	0.0259118
4	13	0.0258781
45	54	0.0257337
55	83	0.0257093
23	48	0.0256487
32	58	0.0254852
20	45	0.0253939
71	84	0.0251784
7	87	0.0250874
9	84	0.0250601
46	83	0.0250558
20	43	0.0250347
66	67	0.0249295
76	87	0.0248872
27	32	0.0247124
8	75	0.0246961
33	78	0.0246917
12	17	0.0246418
22	55	0.0246209
25	54	0.0244954
40	65	0.024463
41	70	0.0243713
12	70	0.0243158
25	57	0.0242349
3	56	0.0241997
28	70	0.0241232
15	32	0.0240709
47	58	0.0239852
60	84	0.0239773
20	82	0.0238765
28	71	0.0237887
40	79	0.0237429
67	68	0.0235797
35	66	0.0233492
10	73	0.0232916
32	67	0.023181
24	34	0.0230805
61	68	0.0230156
45	65	0.0228319
20	49	0.022805
35	38	0.0227878
2	23	0.0226246
21	44	0.0226055
20	80	0.0225869
7	85	0.0223588
23	57	0.0223483
7	67	0.0221168
41	60	0.0220921
21	45	0.0219769
7	34	0.0217875
22	49	0.021714
36	38	0.0216301
41	86	0.0215208
27	53	0.0213414
64	71	0.0212763
21	54	0.0212138
46	78	0.0212042
42	46	0.0210176
40	70	0.0209727
22	24	0.0208978
1	36	0.0206688
27	41	0.0206366
11	28	0.0206077
55	75	0.0205411
26	87	0.0204428
3	58	0.0204062
49	56	0.0202363
57	87	0.0200968
35	40	0.019985
26	29	0.0199696
64	70	0.0199538
41	74	0.0198375
81	84	0.0197854
8	74	0.0196107
21	85	0.0195221
12	71	0.0195176
37	43	0.0193696
23	65	0.0193009
13	40	0.0192559
20	75	0.0190354
20	57	0.0188898
45	47	0.0186299
37	78	0.0185632
38	68	0.0185626
18	76	0.0185115
38	71	0.0184727
6	25	0.0183521
62	65	0.018321
16	63	0.018291
21	64	0.0182018
51	66	0.0181622
15	24	0.0180808
24	33	0.0180736
9	66	0.0180648
50	75	0.0178741
10	14	0.0178369
1	50	0.0177879
8	54	0.0175526
69	75	0.0174969
8	12	0.0174054
1	19	0.0173542
1	16	0.0172326
75	87	0.0171648
28	60	0.017077
38	72	0.0170722
18	52	0.0170454
21	52	0.0169794
29	68	0.016777
23	86	0.0167251
5	35	0.0166779
11	38	0.0166311
27	74	0.0166069
15	34	0.016502
21	53	0.0164269
28	31	0.0163995
40	46	0.0163566
13	52	0.0161855
20	77	0.0161677
16	69	0.015945
11	40	0.0158627
24	50	0.0158272
56	74	0.0157965
34	36	0.0155626
19	67	0.0154902
2	22	0.0154321
1	3	0.0153963
5	9	0.0153563
18	49	0.0153246
24	51	0.0152131
23	52	0.0151386
42	84	0.0150818
53	59	0.0150248
49	77	0.0149414
1	48	0.0149334
8	78	0.0149051
20	62	0.0148894
40	58	0.0148646
16	20	0.0148593
4	72	0.0148407
23	55	0.0148405
6	40	0.0148012
74	80	0.0146757
26	54	0.0146518
28	82	0.014647
19	60	0.0146196
14	44	0.0145399
2	75	0.0142696
1	4	0.0142277
21	37	0.0141405
11	66	0.0140322
7	12	0.0139725
25	79	0.0139367
12	43	0.0139113
23	45	0.0137902
18	26	0.0137567
22	79	0.0137414
19	57	0.013718
66	71	0.013687
67	85	0.0135637
2	28	0.0135204
16	52	0.013481
65	75	0.0131524
17	45	0.0129915
5	67	0.0128572
12	31	0.0127382
31	66	0.0126398
14	80	0.0124094
54	58	0.0123939
16	17	0.0123396
8	87	0.0123172
75	77	0.0122367
26	49	0.012222
51	78	0.0121839
49	78	0.0121563
7	32	0.0121375
15	51	0.012096
14	52	0.011955
48	57	0.0119326
15	49	0.0115355
19	50	0.0113652
54	68	0.0112618
45	52	0.0112275
55	86	0.0111884
11	12	0.0111421
36	41	0.0111107
18	37	0.0110864
51	62	0.0110258
42	75	0.0108278
23	50	0.0108212
26	44	0.0108036
35	79	0.0106874
62	84	0.0106151
61	83	0.0105546
43	50	0.0104522
20	48	0.0103525
11	64	0.0102493
6	7	0.0101006
3	51	0.0100615
47	83	0.0100515
4	52	0.00986844
5	87	0.00977781
50	85	0.0097292
3	63	0.00968363
8	82	0.00965031
46	55	0.00963689
20	59	0.00954588
40	69	0.00950378
56	75	0.00947607
33	74	0.00943238
11	84	0.00940637
5	31	0.00926777
52	57	0.0092563
25	51	0.00922548
1	65	0.00920854
2	47	0.00920825
9	12	0.00917821
20	76	0.00908435
16	80	0.00900744
36	67	0.00890892
38	70	0.00888224
5	72	0.00883734
10	86	0.00880691
9	64	0.00871446
44	54	0.00869178
24	39	0.00867899
4	65	0.00855477
26	32	0.00851678
36	66	0.00849935
35	41	0.00839561
66	70	0.00829246
66	72	0.00823055
17	38	0.00821699
10	52	0.00820475
70	84	0.00816515
5	70	0.00808638
48	61	0.00783973
16	53	0.00764684
36	48	0.00764024
53	67	0.00763939
25	80	0.00763618
54	76	0.00763116
65	82	0.00761317
7	18	0.00756222
20	44	0.00754924
47	77	0.0073815
17	43	0.00732217
5	21	0.00714741
39	69	0.00705295
22	57	0.0068165
17	75	0.00674345
21	76	0.00662816
74	76	0.006595
40	49	0.00658844
5	11	0.00654389
33	36	0.00650864
9	38	0.00644122
13	38	0.00637795
47	74	0.00633324
9	77	0.00616321
28	43	0.00588684
20	39	0.00578998
42	59	0.00576218
32	82	0.00575447
9	41	0.00574149
12	72	0.00559466
23	64	0.00558861
31	38	0.00526523
17	82	0.00523728
66	83	0.00506606
71	79	0.00503544
66	69	0.00497018
66	68	0.00494267
51	63	0.00492156
5	71	0.0049186
10	68	0.00490477
70	77	0.0048641
3	10	0.00479071
36	45	0.00475321
18	40	0.00471412
50	58	0.00461728
9	40	0.00450579
35	63	0.00446577
1	31	0.00439838
18	54	0.00437297
38	83	0.00424729
41	43	0.00423985
45	51	0.00422525
49	68	0.00415516
22	39	0.0041175
79	82	0.00405609
15	53	0.0039865
36	49	0.00389663
8	43	0.00386511
18	60	0.00381334
2	56	0.00366178
77	81	0.00359219
20	46	0.00351682
5	62	0.00344183
14	53	0.0034305
18	78	0.00342388
72	77	0.00336433
3	55	0.00331029
1	39	0.0032528
41	67	0.00313239
8	50	0.00301232
43	66	0.0029612
15	55	0.0027746
31	64	0.00277066
8	26	0.0027005
57	75	0.00257398
36	47	0.00251762
4	69	0.00251471
8	15	0.00247652
55	66	0.00242502
16	79	0.00242205
73	85	0.00235955
50	61	0.00231675
45	55	0.0023082
28	87	0.00221344
32	77	0.00214389
4	81	0.00182954
46	67	0.00177948
79	81	0.00174341
21	46	0.00172679
50	60	0.00163869
45	50	0.00162097
66	81	0.00159016
12	61	0.00154116
2	49	0.00149474
64	69	0.00146877
47	63	0.00145597
14	57	0.00145377
1	79	0.00135959
16	54	0.00132347
82	85	0.00128162
28	69	0.00126112
2	8	0.00114254
64	72	0.000997058
59	66	0.000986619
3	67	0.000811768
23	58	0.000740096
26	55	0.000396841
43	49	0.000326428
17	63	0.000319099
21	41	0.000310581
21	34	0.000195184
28	86	0.000132113
35	55	-0.000416343
26	64	-0.000454786
38	69	-0.000571951
15	23	-0.000799515
40	42	-0.000859375
21	67	-0.000862936
12	87	-0.000904617
41	47	-0.000962492
51	87	-0.00112399
12	22	-0.00114946
25	39	-0.00119671
77	82	-0.00121265
25	28	-0.00125846
34	80	-0.00135725
37	50	-0.00152829
41	81	-0.00157535
3	60	-0.00159338
66	73	-0.0016124
52	76	-0.00161528
1	72	-0.00162236
11	41	-0.00162334
22	48	-0.00164844
22	47	-0.00164872
59	60	-0.00169067
1	13	-0.00171765
50	84	-0.00186
36	56	-0.00188113
49	61	-0.00195783
11	39	-0.00197256
24	38	-0.00204315
5	28	-0.00204409
23	78	-0.00205615
46	65	-0.00205657
46	79	-0.00206694
36	74	-0.0021079
49	60	-0.00220699
46	66	-0.00222566
16	30	-0.00232337
29	48	-0.00233739
19	44	-0.00236392
7	23	-0.00250399
18	48	-0.00258563
5	52	-0.00260341
5	17	-0.00270446
36	64	-0.00277553
22	38	-0.00286304
24	55	-0.00298858
30	66	-0.0030915
31	40	-0.00311212
29	65	-0.00313927
18	56	-0.00316995
70	80	-0.00318708
38	81	-0.00318852
79	86	-0.00330283
23	26	-0.00348106
37	58	-0.00374095
9	16	-0.00387486
30	85	-0.00407206
12	34	-0.00408499
29	36	-0.00408948
32	76	-0.00428565
27	57	-0.0042876
64	73	-0.004317
67	84	-0.00431739
1	53	-0.00434871
11	79	-0.00437537
39	86	-0.00452817
7	62	-0.00457165
19	34	-0.00458709
24	78	-0.00469485
22	81	-0.00471329
5	41	-0.0048579
15	57	-0.00487935
72	84	-0.00499987
44	56	-0.00509837
67	82	-0.00535909
13	56	-0.00536699
59	67	-0.00540588
45	56	-0.00541401
32	52	-0.00549428
8	64	-0.00554388
62	78	-0.00559201
27	49	-0.00561374
4	64	-0.00562609
18	33	-0.00574086
33	67	-0.00592967
31	84	-0.00601441
13	79	-0.00606483
16	57	-0.00619445
64	68	-0.00624284
42	51	-0.00634625
7	76	-0.00637156
55	70	-0.00643458
5	42	-0.00647938
40	52	-0.00650546
34	66	-0.00660835
19	76	-0.00663633
3	40	-0.00674474
21	56	-0.00687136
55	81	-0.00687512
47	82	-0.00691506
68	74	-0.00696496
36	58	-0.00709005
58	68	-0.00715425
20	81	-0.00715468
61	82	-0.00719099
7	61	-0.00724606
14	32	-0.00736525
13	51	-0.00742018
6	30	-0.00748608
34	52	-0.00753197
22	74	-0.00757546
8	63	-0.00765063
16	66	-0.00772294
32	57	-0.00775761
64	81	-0.00786362
75	80	-0.00793013
56	61	-0.00794425
24	75	-0.00794529
11	53	-0.00797293
4	68	-0.008038
9	79	-0.00810904
53	68	-0.00817898
8	28	-0.00818758
26	51	-0.00822426
39	72	-0.0082849
11	63	-0.00830327
39	52	-0.00831956
10	33	-0.00837618
45	74	-0.00840097
40	72	-0.00841811
74	79	-0.00844008
36	52	-0.00844862
21	80	-0.00855865
35	39	-0.00856517
53	74	-0.00857265
21	42	-0.00864176
28	72	-0.00890442
39	71	-0.00894225
30	84	-0.00896622
63	70	-0.00899221
39	77	-0.00902569
76	81	-0.00904641
37	61	-0.00911146
24	64	-0.00912796
28	35	-0.0091435
29	54	-0.00914394
23	80	-0.00920522
5	27	-0.00921125
54	62	-0.00928761
10	64	-0.00937524
10	66	-0.00938392
3	13	-0.00951162
8	49	-0.00960756
44	83	-0.00964108
64	74	-0.00965695
15	64	-0.00976218
63	72	-0.00977203
71	77	-0.00992094
15	54	-0.00993176
32	78	-0.0100138
63	74	-0.0100961
61	78	-0.0101615
2	48	-0.0102308
17	78	-0.010283
19	61	-0.0102882
30	38	-0.0103761
23	68	-0.0103824
34	43	-0.0106288
22	78	-0.0106298
17	39	-0.0106355
34	82	-0.0106449
14	47	-0.0106634
30	52	-0.0107999
27	33	-0.0108663
31	77	-0.0109155
66	78	-0.0109285
5	26	-0.0110657
5	48	-0.0110809
43	54	-0.0111174
3	20	-0.011138
62	76	-0.0111567
55	87	-0.0111892
69	84	-0.0112351
19	86	-0.0112393
48	75	-0.0112631
23	81	-0.0112846
20	66	-0.0112988
14	75	-0.0113406
8	76	-0.0113578
38	73	-0.0115186
28	83	-0.0115283
48	78	-0.0115408
5	53	-0.0115459
12	20	-0.0115489
15	43	-0.0116685
9	63	-0.0116898
20	25	-0.011786
7	50	-0.0119152
53	81	-0.0119345
70	79	-0.011938
28	30	-0.0119473
23	63	-0.0119716
4	15	-0.0119762
57	62	-0.0120063
1	38	-0.0120158
24	56	-0.0120717
13	25	-0.0122398
24	84	-0.0123245
14	50	-0.0123668
39	56	-0.0124338
15	22	-0.0124676
52	60	-0.0125666
25	46	-0.0126639
49	67	-0.0127365
30	40	-0.0128024
2	14	-0.0128945
52	74	-0.0129183
14	64	-0.0129687
63	71	-0.0130226
21	75	-0.013029
50	72	-0.0130532
11	77	-0.0130629
53	69	-0.0130747
16	86	-0.0131374
21	72	-0.0132905
25	45	-0.0133723
40	47	-0.0134392
1	57	-0.0134869
18	30	-0.013506
49	62	-0.0135271
23	43	-0.0136484
49	65	-0.0137188
7	43	-0.013771
47	60	-0.0137789
7	20	-0.0138295
43	79	-0.0139595
32	75	-0.0139692
12	76	-0.0140826
35	80	-0.0141341
2	6	-0.0141388
41	50	-0.0141857
51	73	-0.0141908
4	54	-0.0142522
53	70	-0.0142687
28	34	-0.0142779
25	63	-0.0143719
22	80	-0.0144879
7	39	-0.0145334
32	51	-0.0146206
34	42	-0.0146733
19	37	-0.0146909
40	73	-0.0147117
45	68	-0.0147504
5	15	-0.0147581
8	86	-0.0148155
12	60	-0.014856
8	66	-0.0148909
12	19	-0.0148992
9	53	-0.0149502
9	55	-0.0149546
7	54	-0.015056
52	75	-0.0150629
16	56	-0.0150711
39	60	-0.0151006
40	71	-0.0152429
5	16	-0.0152637
43	51	-0.0152684
56	76	-0.0153174
34	75	-0.0153259
36	54	-0.0153422
6	29	-0.0153811
41	68	-0.0154304
12	30	-0.0155068
69	78	-0.0155284
19	54	-0.0156776
11	56	-0.0157216
42	56	-0.0157386
20	42	-0.0157623
1	30	-0.0157908
15	50	-0.0158742
22	56	-0.0158794
7	28	-0.0159579
24	63	-0.0159774
73	84	-0.0161316
20	28	-0.0161799
22	31	-0.016237
11	54	-0.0162396
63	76	-0.016254
30	64	-0.0163356
53	64	-0.0163532
5	81	-0.0164591
54	64	-0.0165723
24	58	-0.0166111
12	86	-0.0166146
26	56	-0.0166396
24	53	-0.0167286
34	77	-0.016786
6	34	-0.016913
1	46	-0.016921
13	62	-0.0169236
42	76	-0.0169909
52	73	-0.0170261
47	87	-0.0172301
52	82	-0.0173062
34	78	-0.0173415
36	75	-0.0173428
24	62	-0.0173693
43	52	-0.0173942
29	51	-0.0174056
44	68	-0.0174216
4	43	-0.0174261
3	53	-0.0174891
53	63	-0.0175582
31	63	-0.0175672
1	55	-0.0176133
12	41	-0.0176533
17	41	-0.0176686
34	53	-0.0177693
19	65	-0.0177827
43	47	-0.0177917
18	38	-0.0178173
53	58	-0.0178223
55	85	-0.0178875
55	71	-0.0179466
53	87	-0.0180646
19	68	-0.0181066
5	30	-0.018119
22	64	-0.0181819
54	70	-0.0182221
49	82	-0.0182382
15	59	-0.0182962
11	19	-0.0183298
23	56	-0.0184272
9	80	-0.0185094
59	68	-0.0185116
24	82	-0.0185252
9	39	-0.0185857
22	51	-0.0186442
12	69	-0.0187208
11	55	-0.0187353
28	81	-0.0187645
2	5	-0.0187942
30	63	-0.018853
31	87	-0.0189766
48	81	-0.0190191
65	78	-0.0191707
45	81	-0.0191929
29	40	-0.0192027
33	62	-0.0192065
30	54	-0.0192454
8	59	-0.0193176
7	75	-0.0193717
37	73	-0.0193756
72	75	-0.0194104
25	49	-0.0194426
9	49	-0.0194889
52	61	-0.0194932
9	56	-0.0195178
24	41	-0.0195422
4	71	-0.0195656
48	72	-0.0195861
31	55	-0.0196075
44	75	-0.0196358
54	81	-0.0196366
16	51	-0.0196462
61	79	-0.019649
7	10	-0.0196773
23	47	-0.0196988
23	69	-0.0197284
1	68	-0.0197567
45	64	-0.0200214
29	33	-0.0200393
37	66	-0.0200513
22	34	-0.0200662
53	75	-0.0200717
10	19	-0.0200723
1	23	-0.0201877
36	40	-0.0202314
15	29	-0.0203394
23	53	-0.0203424
51	64	-0.0203495
48	68	-0.0203557
69	85	-0.0204017
49	73	-0.0204318
3	14	-0.0204664
31	39	-0.0205734
41	71	-0.020623
22	32	-0.020709
52	78	-0.020778
35	53	-0.0207874
39	46	-0.0208018
73	80	-0.0208537
39	70	-0.0209333
54	72	-0.0209437
20	67	-0.0209914
52	83	-0.0209963
21	69	-0.0210202
30	51	-0.0211928
12	23	-0.0212373
11	16	-0.0213295
30	50	-0.0214024
67	75	-0.0214504
1	35	-0.0214972
54	73	-0.0215075
17	50	-0.021621
63	79	-0.0217127
5	25	-0.02173
52	81	-0.0217949
28	73	-0.0218005
48	87	-0.0218298
19	49	-0.0218428
58	71	-0.0218905
47	76	-0.0219007
29	62	-0.0219405
13	59	-0.0219427
34	56	-0.0219639
66	76	-0.0219645
36	50	-0.0220639
42	53	-0.0220912
23	87	-0.022187
53	71	-0.0222131
60	77	-0.0222401
35	51	-0.022286
18	64	-0.0223252
47	78	-0.0223318
50	64	-0.0223443
7	15	-0.0223716
54	71	-0.0223805
30	53	-0.0224577
9	47	-0.0226759
7	33	-0.0226791
4	38	-0.0226964
19	39	-0.0227874
49	79	-0.0228547
49	72	-0.0228959
37	59	-0.0229453
47	73	-0.0229738
41	69	-0.0229994
6	68	-0.0230196
4	49	-0.0230681
5	69	-0.0231085
14	34	-0.0231323
27	81	-0.0231998
54	87	-0.0232328
63	65	-0.0232651
45	75	-0.0232993
18	63	-0.0233167
3	73	-0.023318
66	75	-0.0233455
53	85	-0.023357
19	41	-0.0234116
66	87	-0.0234606
25	69	-0.0235085
20	36	-0.0235118
28	41	-0.0235616
56	77	-0.0235827
5	50	-0.023607
6	8	-0.0236276
18	27	-0.0236629
53	79	-0.0237582
35	77	-0.0239392
55	69	-0.0240519
22	73	-0.0240687
29	67	-0.0240828
47	68	-0.0240914
2	50	-0.024158
19	28	-0.0242131
31	80	-0.0242137
20	40	-0.0242243
43	83	-0.024267
33	64	-0.0242895
16	27	-0.0243073
34	57	-0.0243407
65	72	-0.0244203
23	60	-0.024464
60	76	-0.0244843
24	26	-0.0245539
49	71	-0.0245903
2	55	-0.0245981
15	18	-0.0246126
50	81	-0.0247599
3	77	-0.0247764
25	50	-0.0248679
49	81	-0.0248693
68	80	-0.0249053
9	54	-0.0249153
16	50	-0.0249558
21	35	-0.0249772
41	73	-0.0249817
50	68	-0.0250354
31	41	-0.0250646
35	50	-0.0250954
53	61	-0.025157
6	47	-0.0251757
37	47	-0.0251953
25	55	-0.0253121
19	32	-0.0253323
9	51	-0.0253774
35	54	-0.0254763
38	53	-0.0254849
48	70	-0.0255135
54	66	-0.0255187
48	82	-0.0255379
58	87	-0.0256508
31	54	-0.0257373
28	85	-0.0258262
6	52	-0.0259136
4	50	-0.0260348
42	55	-0.0261372
23	35	-0.0262196
43	63	-0.0262322
50	70	-0.0262667
63	69	-0.0262988
17	52	-0.0263066
31	65	-0.0263741
25	66	-0.0264955
7	55	-0.0265052
52	68	-0.0265312
70	75	-0.0265775
55	72	-0.0265998
44	55	-0.0266022
65	81	-0.0266529
55	63	-0.0267154
9	22	-0.0267261
34	64	-0.0267798
8	53	-0.0268955
7	79	-0.0269574
52	85	-0.0269645
59	84	-0.0270105
66	79	-0.0270996
14	81	-0.0271499
15	82	-0.0272439
20	69	-0.0272688
41	53	-0.0272841
80	81	-0.0273104
54	69	-0.0273462
11	48	-0.0274406
1	56	-0.0274424
1	14	-0.0274536
56	87	-0.0274687
22	28	-0.0275307
18	50	-0.0275831
22	69	-0.0276801
14	22	-0.0277662
16	58	-0.0277732
52	87	-0.0278175
31	79	-0.027853
21	38	-0.0279702
51	60	-0.0280245
24	77	-0.0280273
36	80	-0.0280655
40	60	-0.0280834
50	76	-0.0281113
11	49	-0.0281566
24	36	-0.0281598
6	36	-0.028202
67	87	-0.0282289
35	52	-0.028258
54	77	-0.0282788
11	22	-0.0283051
18	39	-0.0283287
16	22	-0.0283699
31	50	-0.0284407
50	66	-0.0284851
36	51	-0.0285061
11	58	-0.0285074
48	71	-0.0285194
1	64	-0.0285199
38	67	-0.0285321
52	70	-0.0285375
19	64	-0.0285703
25	52	-0.0285884
47	69	-0.0286447
16	59	-0.0286575
63	73	-0.0287048
17	23	-0.0287499
22	72	-0.0288232
3	19	-0.0288419
11	52	-0.0288452
27	75	-0.0289378
33	34	-0.0289402
69	79	-0.0289977
31	45	-0.0290695
15	56	-0.0290804
32	83	-0.0291316
7	63	-0.0291567
49	83	-0.0291758
35	49	-0.0292444
17	47	-0.0292957
62	82	-0.0292964
20	53	-0.0293008
27	48	-0.0293318
30	80	-0.0293427
23	30	-0.0294395
11	51	-0.0294653
11	47	-0.0295311
41	45	-0.029566
32	49	-0.0295749
4	44	-0.0296132
31	53	-0.0296137
19	36	-0.0296153
7	77	-0.0296175
56	83	-0.029623
19	40	-0.0296495
42	82	-0.0296915
41	72	-0.029717
72	76	-0.0297458
41	56	-0.0297592
4	66	-0.0297638
32	54	-0.0297923
30	37	-0.0298483
25	36	-0.0298585
40	51	-0.0299
15	39	-0.0299192
7	47	-0.0299541
22	77	-0.0300009
31	49	-0.0300058
5	59	-0.0300392
53	72	-0.0301851
50	63	-0.0302122
8	25	-0.0302198
29	52	-0.0302365
48	77	-0.0302373
56	68	-0.0302614
50	82	-0.0302949
20	55	-0.0303042
50	69	-0.0303114
27	78	-0.030413
48	64	-0.030418
10	27	-0.0304383
49	69	-0.0304406
9	48	-0.0304631
12	73	-0.0305216
71	75	-0.0305731
41	48	-0.0306375
6	24	-0.0306874
64	77	-0.0306896
72	79	-0.0307572
27	38	-0.0307675
55	82	-0.0308036
20	31	-0.0308873
36	63	-0.0310721
49	75	-0.0310829
70	78	-0.0310902
40	68	-0.0311281
30	55	-0.0311759
17	53	-0.0312748
52	71	-0.0312997
23	62	-0.0313102
13	66	-0.0313152
55	68	-0.0313329
18	68	-0.0313689
31	51	-0.0313925
17	46	-0.0314006
73	79	-0.0314013
25	68	-0.0314159
31	52	-0.0314415
35	58	-0.0314483
62	64	-0.0314728
33	54	-0.0314984
27	86	-0.0315104
33	82	-0.0315142
8	14	-0.0315198
2	19	-0.0315288
3	48	-0.0315696
44	79	-0.0315773
25	86	-0.0316316
69	77	-0.0316729
8	19	-0.0316881
21	86	-0.0316941
8	41	-0.0317222
37	68	-0.0317225
42	68	-0.0317435
51	81	-0.0317524
44	66	-0.0317551
36	55	-0.0317852
12	81	-0.0317947
17	26	-0.0318906
30	56	-0.0319829
22	36	-0.0319834
6	73	-0.0320139
13	81	-0.0320475
21	33	-0.032097
21	31	-0.0321753
39	54	-0.0322368
11	78	-0.0322415
40	53	-0.0322444
50	83	-0.0322476
31	75	-0.0322988
34	59	-0.0323244
40	74	-0.032347
1	12	-0.0324518
7	66	-0.0325302
6	81	-0.0325524
49	70	-0.0326405
11	50	-0.0326416
39	73	-0.0326835
54	79	-0.0327352
37	86	-0.032761
44	84	-0.0328458
22	71	-0.0329006
54	85	-0.032977
42	48	-0.0329881
34	54	-0.033009
40	81	-0.0330144
10	54	-0.033035
19	71	-0.0330612
62	80	-0.0330804
25	56	-0.0331085
34	46	-0.0331744
9	52	-0.0332355
73	77	-0.0333519
38	41	-0.0333581
56	71	-0.0334163
29	53	-0.0334409
76	84	-0.0334996
29	56	-0.0335624
72	87	-0.0335696
38	54	-0.0336272
44	76	-0.0336381
3	27	-0.0338178
8	38	-0.0338192
9	50	-0.0338198
40	56	-0.0338364
57	76	-0.0339521
47	71	-0.0340144
25	53	-0.034027
23	37	-0.0340946
57	72	-0.0340979
57	60	-0.0341193
23	28	-0.0341598
60	75	-0.0341811
71	78	-0.0342248
13	24	-0.03424
51	70	-0.0342555
17	85	-0.0343136
50	73	-0.0343225
48	69	-0.0343333
37	85	-0.0343416
70	76	-0.0343996
17	51	-0.0344384
17	22	-0.0344738
64	82	-0.0345311
40	43	-0.0345616
63	87	-0.0345682
56	69	-0.0345724
8	16	-0.0345949
23	73	-0.0346062
21	66	-0.0346192
22	87	-0.0346236
32	53	-0.0346874
12	49	-0.0346975
9	76	-0.0347179
34	45	-0.0347187
4	35	-0.0347526
16	19	-0.0348168
51	83	-0.0348218
11	80	-0.0348473
56	73	-0.0348477
31	56	-0.0348491
52	69	-0.0348745
15	58	-0.0349371
17	81	-0.0349457
44	74	-0.0349601
14	38	-0.0349779
52	66	-0.0349842
32	64	-0.0350888
6	53	-0.0351106
35	56	-0.0352265
30	49	-0.035227
32	66	-0.0352521
43	48	-0.0352867
5	24	-0.0352892
26	63	-0.0353064
21	32	-0.0354275
18	73	-0.0354869
3	37	-0.0354969
47	70	-0.0355446
51	71	-0.035558
4	48	-0.0356166
51	69	-0.035648
4	62	-0.0356785
44	53	-0.0356875
35	48	-0.0357012
1	32	-0.0357439
20	41	-0.0357986
9	57	-0.0358116
55	73	-0.035897
18	31	-0.0359021
50	79	-0.0359486
43	56	-0.0360027
13	53	-0.0360286
13	23	-0.0360307
20	70	-0.0360313
21	71	-0.0361186
37	54	-0.0361508
25	43	-0.0361509
3	28	-0.0361633
4	10	-0.0361779
64	78	-0.0361816
52	77	-0.0361828
2	59	-0.036206
38	76	-0.0362425
72	80	-0.0362491
18	72	-0.0362602
13	34	-0.0362945
52	72	-0.0364295
14	45	-0.036574
7	42	-0.0365857
14	18	-0.0366058
53	73	-0.0366126
13	86	-0.0366796
58	70	-0.0367022
1	47	-0.036855
5	78	-0.0368652
34	60	-0.036889
21	62	-0.0369422
72	78	-0.0369518
14	78	-0.0369927
54	80	-0.037012
4	53	-0.0370785
47	67	-0.0371038
27	42	-0.0371096
53	86	-0.0371211
36	87	-0.0372306
72	85	-0.0372332
66	84	-0.0372346
50	71	-0.0372672
9	25	-0.0373038
54	74	-0.0374091
80	87	-0.0375104
58	86	-0.0375285
24	47	-0.0376213
30	86	-0.0376272
23	36	-0.03767
56	81	-0.0377174
18	28	-0.037724
48	63	-0.0377264
27	30	-0.0377613
14	48	-0.0377806
65	70	-0.0377998
36	53	-0.0378986
7	64	-0.0379246
45	85	-0.0380806
47	66	-0.0380806
21	68	-0.0380952
2	62	-0.0380971
3	30	-0.0381024
14	58	-0.0381042
5	66	-0.0381132
15	68	-0.0381315
50	65	-0.0381475
56	64	-0.0381672
42	72	-0.0381956
1	73	-0.0382501
34	37	-0.0382741
13	84	-0.0383017
63	81	-0.0383212
40	50	-0.0383493
23	71	-0.0383732
6	57	-0.0383779
57	71	-0.038396
21	79	-0.0384045
2	58	-0.0384126
7	53	-0.0384229
35	76	-0.0384617
20	29	-0.0385256
7	14	-0.0385801
47	62	-0.038583
1	71	-0.0386126
30	83	-0.0386321
50	74	-0.0386688
39	75	-0.0387213
6	46	-0.0387652
23	70	-0.038775
54	86	-0.0388563
15	74	-0.0389823
13	32	-0.039015
51	72	-0.0390355
27	82	-0.0391546
32	84	-0.0391547
81	85	-0.0392764
28	49	-0.0393034
2	4	-0.0394153
21	24	-0.0394335
59	64	-0.0394413
47	84	-0.0395426
1	77	-0.0395507
47	86	-0.0395647
27	58	-0.0396722
24	71	-0.0396864
40	54	-0.0396965
12	54	-0.039733
9	23	-0.0397475
9	75	-0.0397644
30	47	-0.0398376
25	48	-0.0398738
21	28	-0.0399173
6	61	-0.0399457
32	47	-0.0400221
57	85	-0.0400254
15	33	-0.0400603
15	31	-0.0401209
17	36	-0.0401623
21	25	-0.0401811
18	84	-0.0401932
9	19	-0.0402197
56	80	-0.0402359
21	61	-0.0402707
7	49	-0.040298
27	34	-0.0403036
17	73	-0.0403175
58	83	-0.0403562
6	65	-0.0403663
38	62	-0.0403819
25	30	-0.0404062
7	56	-0.040495
26	43	-0.0404998
1	17	-0.04059
85	87	-0.0407774
30	48	-0.0409122
9	20	-0.0409246
56	70	-0.0409273
31	48	-0.040965
11	57	-0.0411548
25	73	-0.0412712
47	81	-0.0413075
9	17	-0.0413143
5	73	-0.0413544
1	49	-0.0414034
8	55	-0.0414093
55	60	-0.041413
28	48	-0.0414357
36	83	-0.0414997
42	45	-0.041505
16	31	-0.0415189
42	73	-0.0415536
51	77	-0.0416711
62	74	-0.0417054
19	62	-0.0417354
56	72	-0.0417681
19	69	-0.0417788
16	71	-0.041853
10	78	-0.0419079
20	72	-0.0419122
35	47	-0.0419986
30	39	-0.0420201
21	36	-0.0420702
16	48	-0.0421941
35	75	-0.0422286
4	31	-0.042233
3	82	-0.0422551
24	35	-0.0422833
51	75	-0.0423149
63	82	-0.0423189
32	48	-0.0423276
30	41	-0.04233
4	36	-0.0423508
7	19	-0.0424151
15	72	-0.0424667
3	22	-0.0424771
1	40	-0.042499
31	47	-0.0425436
45	80	-0.0425895
21	82	-0.0426179
24	70	-0.0426582
37	69	-0.0426631
31	76	-0.0426689
46	81	-0.0426974
49	66	-0.042743
57	64	-0.0428289
42	52	-0.0428705
22	29	-0.042947
28	74	-0.0429592
38	47	-0.0429604
32	50	-0.0429661
78	81	-0.0430798
39	50	-0.0430817
5	60	-0.0431348
76	82	-0.0431423
8	60	-0.0432699
18	53	-0.0432892
16	28	-0.0433311
45	84	-0.043336
33	85	-0.0434495
11	25	-0.0435098
16	64	-0.0435804
11	75	-0.0435855
22	68	-0.0436489
6	69	-0.0436507
31	85	-0.0437004
14	19	-0.0437284
33	51	-0.0437348
27	54	-0.0437471
21	81	-0.043845
30	57	-0.0438814
10	67	-0.0439685
38	58	-0.0439914
19	73	-0.0440299
22	85	-0.0440605
7	83	-0.0441387
18	87	-0.0441404
78	86	-0.0441418
8	20	-0.0441628
27	73	-0.0442102
25	42	-0.0444114
2	84	-0.0444414
39	49	-0.0445316
12	85	-0.0445802
17	33	-0.044631
35	37	-0.0446438
45	79	-0.0446487
2	25	-0.0446609
41	64	-0.0446649
57	78	-0.0447178
25	59	-0.0447264
23	32	-0.0447434
28	50	-0.0447789
14	71	-0.0447954
14	73	-0.0448263
64	75	-0.0448453
22	82	-0.0448766
7	26	-0.0449627
38	51	-0.0449758
49	85	-0.0449842
58	81	-0.0450058
33	50	-0.0450106
23	46	-0.045109
47	72	-0.0451092
14	23	-0.0451136
9	87	-0.0451851
3	75	-0.0454474
24	76	-0.0455211
14	20	-0.0455733
28	66	-0.0455843
51	79	-0.0456011
17	32	-0.0457091
73	76	-0.0457193
25	47	-0.0457449
6	23	-0.0459086
48	73	-0.0459112
22	35	-0.0462238
15	36	-0.0462272
26	81	-0.0462464
68	79	-0.0462518
2	40	-0.0463434
19	31	-0.046368
44	52	-0.0463808
35	57	-0.0464127
17	76	-0.0465715
26	60	-0.0465943
34	48	-0.0466455
32	38	-0.0467358
24	81	-0.0467501
64	86	-0.0467665
4	11	-0.0467918
14	63	-0.0468294
36	84	-0.0468463
57	81	-0.0468997
12	47	-0.0469517
9	24	-0.0470704
16	73	-0.0471349
36	61	-0.047145
16	40	-0.0471605
2	52	-0.0471987
12	83	-0.0472544
2	7	-0.0473045
59	74	-0.0473288
16	45	-0.0473679
2	77	-0.0473762
53	62	-0.0473916
53	80	-0.0474263
12	48	-0.0474459
70	85	-0.0474995
32	55	-0.0475689
58	62	-0.0475834
11	23	-0.0476618
17	79	-0.0476728
6	56	-0.0476818
74	85	-0.047726
6	51	-0.0477696
39	68	-0.0477852
56	86	-0.0478056
32	45	-0.0478257
12	52	-0.0478919
41	52	-0.0479083
11	21	-0.0479092
62	68	-0.0482216
48	66	-0.0482275
59	79	-0.0482317
14	56	-0.0483311
41	49	-0.0484101
41	75	-0.0484997
44	69	-0.0485235
31	46	-0.0485236
40	55	-0.0485545
16	72	-0.0485656
23	72	-0.0485778
12	53	-0.0485833
57	61	-0.0486214
34	63	-0.0486934
59	85	-0.0487525
2	72	-0.0488369
47	80	-0.0489001
9	59	-0.0490035
24	59	-0.0490275
20	84	-0.049163
34	40	-0.0491773
73	75	-0.0491995
24	52	-0.0492087
54	61	-0.04923
7	48	-0.0492915
55	64	-0.0493605
25	40	-0.0493763
25	81	-0.0494212
30	76	-0.0494856
57	73	-0.049557
29	61	-0.0496246
11	76	-0.0496652
22	70	-0.0496926
5	13	-0.0497073
27	47	-0.0497172
22	67	-0.0497256
51	82	-0.04982
22	43	-0.0498297
80	82	-0.0498302
18	66	-0.0498362
75	81	-0.0499048
19	25	-0.0499155
9	78	-0.0499876
41	54	-0.0500073
57	70	-0.0500779
31	57	-0.0500952
20	73	-0.0501603
54	82	-0.0501911
37	53	-0.0502382
54	63	-0.0502397
44	49	-0.0502622
20	71	-0.0503105
35	78	-0.0503402
38	48	-0.0503546
27	87	-0.0504184
44	77	-0.0504788
65	71	-0.0505177
65	69	-0.0505895
24	83	-0.0506047
12	33	-0.0506141
14	69	-0.0506709
52	84	-0.0506836
48	60	-0.050716
41	51	-0.0507576
7	52	-0.0507725
34	55	-0.0507818
42	83	-0.0507829
71	85	-0.0508979
34	51	-0.0509075
23	31	-0.050961
5	68	-0.050992
23	25	-0.0510887
4	57	-0.0511009
25	35	-0.0511672
52	64	-0.0512086
10	48	-0.051249
37	84	-0.0513102
17	64	-0.0513321
40	87	-0.0514463
12	39	-0.0514501
50	67	-0.0514529
8	40	-0.0514595
28	52	-0.0515285
7	22	-0.0515976
54	67	-0.0516367
2	81	-0.0516398
10	82	-0.051771
27	77	-0.0517887
61	81	-0.0517889
30	79	-0.0518329
1	63	-0.0519323
5	57	-0.0519326
14	30	-0.0519837
42	58	-0.0520128
25	27	-0.052028
13	30	-0.0521004
32	63	-0.0521074
32	61	-0.0522221
63	68	-0.0522295
46	77	-0.0523208
32	56	-0.0523643
6	54	-0.0524132
14	55	-0.0524313
1	70	-0.0524772
8	51	-0.0524915
23	40	-0.0525248
34	38	-0.0525373
4	56	-0.0525432
75	84	-0.0525532
45	72	-0.0525694
44	87	-0.0525921
20	78	-0.0526081
25	72	-0.0526236
58	61	-0.0526318
11	20	-0.0526376
37	83	-0.0526461
34	85	-0.0526746
5	63	-0.052699
10	85	-0.0527802
2	21	-0.0528288
49	64	-0.0528476
30	77	-0.052874
5	20	-0.052887
21	30	-0.0529053
2	51	-0.0529848
14	54	-0.0530409
56	78	-0.0530467
3	15	-0.0530773
40	62	-0.05308
35	65	-0.0531571
14	82	-0.0534957
1	9	-0.0535509
12	51	-0.0535623
28	54	-0.0535649
69	76	-0.0535732
24	73	-0.0535834
70	87	-0.0536356
34	86	-0.0536393
20	35	-0.053746
1	6	-0.0537605
13	42	-0.0537733
3	64	-0.0537763
20	68	-0.0538028
10	49	-0.0539073
14	66	-0.0540309
21	74	-0.0540651
13	73	-0.0540935
9	26	-0.0542494
12	55	-0.0542679
18	44	-0.0543485
1	28	-0.0543564
27	72	-0.0543744
22	25	-0.0543887
12	46	-0.0544003
19	30	-0.0544274
54	75	-0.054463
52	62	-0.0545116
78	83	-0.0545666
81	87	-0.0545911
22	65	-0.0546145
24	69	-0.054704
15	16	-0.0547282
23	42	-0.0547332
14	51	-0.0547739
51	68	-0.0547853
29	39	-0.0548068
38	43	-0.0548113
58	85	-0.0548219
20	79	-0.0548241
54	84	-0.0548676
3	78	-0.0549022
26	31	-0.0549057
29	43	-0.0549577
23	66	-0.0549988
7	16	-0.0550504
17	30	-0.0550728
36	59	-0.055141
1	75	-0.0552628
13	54	-0.0552756
9	18	-0.0552861
32	46	-0.0553201
21	70	-0.0553623
51	84	-0.0553884
17	69	-0.0554472
58	64	-0.0554731
65	83	-0.0554855
56	67	-0.0555258
12	56	-0.055565
58	69	-0.0555732
34	39	-0.05558
1	21	-0.0556746
57	69	-0.0556813
9	58	-0.0557433
8	57	-0.0558999
56	84	-0.0559163
34	41	-0.0559642
13	21	-0.0559939
57	83	-0.0560198
11	24	-0.0560315
20	26	-0.0560741
14	72	-0.0561813
64	87	-0.0562561
43	81	-0.056272
51	85	-0.0562721
29	50	-0.0562738
6	32	-0.0563151
3	44	-0.0563242
44	85	-0.0563799
3	69	-0.0563932
7	51	-0.0564009
16	36	-0.0564252
8	83	-0.0564568
58	73	-0.056485
46	69	-0.0565104
42	69	-0.0565644
29	59	-0.0565734
47	64	-0.0566669
52	79	-0.0566953
18	41	-0.0568145
15	81	-0.0568297
16	35	-0.0568556
29	41	-0.056859
36	78	-0.0568838
73	87	-0.0569379
59	75	-0.0569416
36	79	-0.0569847
4	75	-0.0569889
15	48	-0.0570848
25	41	-0.0571026
34	50	-0.057106
43	53	-0.0571517
29	47	-0.057181
11	15	-0.0572333
16	81	-0.0572468
60	72	-0.0573527
23	84	-0.0573921
17	25	-0.0574615
25	31	-0.0575276
18	71	-0.0575277
10	38	-0.0575517
12	57	-0.0575575
20	61	-0.0575822
20	30	-0.0576532
21	63	-0.057657
61	64	-0.0576627
52	65	-0.0576814
68	87	-0.057694
34	87	-0.0578036
18	81	-0.0578083
52	63	-0.0578198
37	64	-0.0578684
64	80	-0.0579081
36	39	-0.0579304
20	64	-0.0580108
21	27	-0.0580127
27	69	-0.0580914
16	82	-0.0580951
32	42	-0.0581463
2	53	-0.0582419
13	20	-0.0583051
42	81	-0.0583715
2	36	-0.0583807
64	76	-0.0584283
3	70	-0.05845
22	30	-0.0584699
3	12	-0.0585422
9	21	-0.0585789
36	43	-0.0585929
4	9	-0.0587248
18	74	-0.0587596
5	44	-0.0588171
12	64	-0.0588349
14	49	-0.0589439
17	71	-0.0589666
2	31	-0.0589859
13	43	-0.0590055
13	69	-0.0590861
59	80	-0.0591029
19	42	-0.0591304
1	11	-0.0591915
17	70	-0.0592728
19	35	-0.0593286
29	49	-0.0593468
53	76	-0.0593792
53	82	-0.0594573
67	74	-0.0597085
15	35	-0.059723
28	61	-0.0597429
57	65	-0.0597514
40	45	-0.059787
19	70	-0.0600072
8	24	-0.0600112
31	37	-0.0601361
4	58	-0.0601771
27	71	-0.0601806
4	23	-0.060329
8	47	-0.0603558
11	62	-0.0604183
27	55	-0.0604869
36	76	-0.0605147
40	61	-0.0605191
1	7	-0.0605666
39	79	-0.0607651
13	49	-0.0608167
32	40	-0.0608239
36	60	-0.0608259
19	81	-0.0608693
43	64	-0.0611199
44	64	-0.0611903
27	66	-0.0612371
22	41	-0.06127
17	84	-0.0613538
39	51	-0.061439
30	78	-0.061486
51	80	-0.0614889
4	70	-0.0615954
21	78	-0.0616658
61	66	-0.0616724
22	66	-0.0617162
14	87	-0.061797
55	78	-0.0618121
4	21	-0.0619352
5	36	-0.0619967
24	30	-0.0620782
14	79	-0.0621361
30	75	-0.0621974
37	48	-0.0622272
49	74	-0.0622681
23	85	-0.0623735
18	69	-0.0623897
20	74	-0.0624033
73	83	-0.0624365
21	87	-0.0624468
52	80	-0.0624815
1	69	-0.0624826
26	71	-0.0624955
14	33	-0.0625043
59	63	-0.0625107
30	58	-0.0625564
56	63	-0.0625598
8	48	-0.0625739
14	31	-0.0626111
73	78	-0.0626659
12	16	-0.0627404
48	85	-0.0627695
15	62	-0.0627856
10	23	-0.0627886
11	17	-0.062855
14	24	-0.0628813
37	52	-0.0629657
24	68	-0.0630195
13	26	-0.0630585
35	85	-0.0631042
6	13	-0.0631255
21	73	-0.0631387
10	51	-0.0631598
9	42	-0.0632109
22	60	-0.0633952
61	73	-0.0634319
47	79	-0.0634614
40	67	-0.0635292
71	76	-0.0635992
25	70	-0.0636058
68	78	-0.0636079
14	17	-0.0636262
17	31	-0.0636592
63	75	-0.0636709
34	49	-0.0636901
18	35	-0.0637321
38	61	-0.0637453
18	32	-0.0637499
73	86	-0.0637714
25	71	-0.0637759
7	25	-0.0638466
58	66	-0.0638871
49	86	-0.0639593
59	76	-0.0640027
82	87	-0.0640089
20	24	-0.0640675
38	49	-0.0641102
38	50	-0.0642684
11	59	-0.064273
23	67	-0.0643223
1	81	-0.0643312
27	35	-0.0644002
7	27	-0.0645407
31	58	-0.0645655
19	72	-0.0645994
59	71	-0.0646355
7	21	-0.0647563
60	64	-0.0648123
11	18	-0.0648726
27	40	-0.0649442
71	87	-0.0650203
28	47	-0.0650635
9	86	-0.0650638
14	36	-0.0650831
3	34	-0.0650922
26	80	-0.065181
15	20	-0.0651857
58	72	-0.0652008
8	21	-0.0652315
28	67	-0.0652745
45	82	-0.0653059
11	65	-0.0653794
69	86	-0.0653834
35	59	-0.0654204
13	15	-0.065544
49	63	-0.0656163
42	54	-0.065633
7	58	-0.0656572
57	68	-0.0657278
5	46	-0.0657396
13	71	-0.0658387
64	79	-0.0658726
59	69	-0.0659087
8	17	-0.0659132
26	74	-0.0661061
6	41	-0.0661903
51	65	-0.0661959
2	26	-0.066241
55	77	-0.0662969
40	48	-0.0662973
2	20	-0.0663472
6	49	-0.0664484
23	24	-0.0664493
46	63	-0.0665188
6	71	-0.0665466
61	76	-0.0665548
33	79	-0.0665615
18	70	-0.0666005
25	87	-0.0666671
28	53	-0.0666841
16	70	-0.0666847
8	77	-0.0668145
8	56	-0.0668699
10	44	-0.0669117
39	48	-0.0669416
34	83	-0.0670284
13	50	-0.0670757
43	57	-0.0671044
42	71	-0.0671618
15	30	-0.0671658
53	65	-0.0672266
7	46	-0.0674083
23	61	-0.0674857
12	15	-0.0676256
9	15	-0.0676531
56	66	-0.0678496
6	17	-0.06792
69	83	-0.0680209
38	87	-0.0680249
67	86	-0.068037
2	34	-0.0680756
20	33	-0.068104
11	87	-0.0681412
45	70	-0.0681785
21	39	-0.068216
3	57	-0.0683937
20	27	-0.0684261
33	38	-0.0685075
38	56	-0.0685262
18	36	-0.0686491
12	32	-0.0686771
25	67	-0.0688106
48	76	-0.0688603
75	83	-0.0689362
51	74	-0.0690281
33	48	-0.0690333
23	74	-0.0690508
5	32	-0.0690526
33	66	-0.0691234
15	70	-0.0691303
55	76	-0.0691332
46	72	-0.0691794
17	35	-0.0692638
2	69	-0.0692746
37	72	-0.0693245
5	19	-0.0693646
41	76	-0.0694187
26	69	-0.0694212
51	67	-0.0694383
36	77	-0.069457
6	21	-0.0694922
32	87	-0.0695331
12	66	-0.0696481
64	84	-0.0696938
44	73	-0.0697208
40	86	-0.0697268
27	31	-0.0697296
9	27	-0.069768
61	72	-0.069781
3	32	-0.0700461
2	24	-0.07013
10	50	-0.0701788
44	70	-0.0701789
70	83	-0.0702613
14	35	-0.0703104
8	27	-0.0704643
56	82	-0.0705245
68	76	-0.0705279
1	59	-0.0706307
61	65	-0.070632
38	59	-0.0706353
3	49	-0.0706533
60	66	-0.0706599
34	47	-0.0706982
2	39	-0.0707425
36	44	-0.0707594
59	72	-0.0707904
34	58	-0.0708065
79	85	-0.0709104
41	58	-0.0710032
38	46	-0.0711446
16	42	-0.0713637
5	23	-0.0713698
3	54	-0.0715054
1	76	-0.071508
38	75	-0.0716042
14	77	-0.0716934
38	82	-0.0717199
29	75	-0.0717704
26	72	-0.0718497
9	45	-0.0718509
11	83	-0.0721137
2	27	-0.0721812
6	50	-0.0722096
28	51	-0.072435
11	44	-0.0724952
59	70	-0.0726345
15	69	-0.0726503
45	66	-0.0726744
2	74	-0.0727012
81	86	-0.0728013
17	68	-0.0728306
39	41	-0.07284
27	63	-0.0728722
31	78	-0.0728929
29	85	-0.0729377
27	43	-0.0729775
13	22	-0.0729938
22	62	-0.0730417
25	83	-0.073083
12	63	-0.0731167
2	16	-0.0732059
30	59	-0.0732993
16	55	-0.0733876
17	80	-0.0734524
48	67	-0.0734858
46	82	-0.0735241
62	66	-0.0735462
3	76	-0.0735678
26	35	-0.0735956
31	83	-0.0736295
15	71	-0.0736788
14	70	-0.0736901
19	85	-0.0739528
24	32	-0.0741351
59	81	-0.0742834
3	52	-0.0744137
36	62	-0.074493
25	61	-0.0745118
62	72	-0.0745176
19	29	-0.0745388
30	43	-0.0746221
59	87	-0.074873
31	59	-0.0748933
31	60	-0.0749052
37	49	-0.0750293
30	87	-0.0750968
26	70	-0.0750976
26	30	-0.0751115
17	72	-0.0751486
6	72	-0.0751632
30	44	-0.0753232
12	21	-0.0753408
9	65	-0.0754175
10	47	-0.0754264
52	67	-0.0754711
4	59	-0.0755133
9	46	-0.0756183
26	73	-0.075627
68	86	-0.0756411
13	55	-0.0756651
35	42	-0.0756836
59	73	-0.075769
38	52	-0.0758383
3	11	-0.0758556
31	61	-0.0758905
9	14	-0.0759526
12	25	-0.0759626
30	42	-0.0761981
42	64	-0.0762801
9	62	-0.0762985
4	55	-0.0763917
45	71	-0.0764019
54	83	-0.0764364
41	55	-0.0764851
22	86	-0.0764868
2	9	-0.0764943
16	74	-0.0765049
11	85	-0.0765161
15	63	-0.0765374
19	66	-0.0766178
13	33	-0.0766207
24	27	-0.076649
13	35	-0.0767357
15	60	-0.0768154
11	13	-0.0768881
70	86	-0.0769077
44	81	-0.0769253
10	87	-0.0769776
3	47	-0.0770697
19	43	-0.0770703
7	38	-0.0770931
10	55	-0.0770939
55	61	-0.0770949
56	62	-0.0771279
42	57	-0.0773201
19	45	-0.0774096
36	57	-0.0774311
79	87	-0.0774869
37	55	-0.0775089
2	79	-0.0776441
15	38	-0.0776621
49	76	-0.0776904
49	84	-0.0777629
29	76	-0.0778192
14	84	-0.0779187
13	82	-0.0779532
25	64	-0.0780112
10	57	-0.0780115
6	70	-0.0780222
62	81	-0.0781122
74	87	-0.0783235
3	71	-0.0784767
52	86	-0.0786932
81	83	-0.0787248
72	86	-0.0788338
20	37	-0.0789173
13	80	-0.0789198
4	51	-0.078971
4	8	-0.0789908
3	46	-0.0790188
6	11	-0.0790407
3	35	-0.0790473
68	84	-0.0790798
12	26	-0.0790965
9	13	-0.0791338
6	35	-0.0792836
71	86	-0.079296
7	57	-0.0793552
11	27	-0.0793999
28	56	-0.0794235
62	70	-0.0794478
11	26	-0.0794531
11	45	-0.0795152
35	44	-0.079583
26	58	-0.0796107
23	34	-0.0796871
28	32	-0.079709
27	44	-0.0797501
59	83	-0.0799661
43	69	-0.0799714
4	25	-0.0800529
23	29	-0.0801801
10	20	-0.0802605
28	55	-0.0803834
82	86	-0.0804589
24	72	-0.0804978
43	65	-0.0805619
27	56	-0.0805909
55	67	-0.0806636
22	33	-0.0806804
1	8	-0.0807033
42	70	-0.0807212
13	48	-0.0808426
63	77	-0.0810655
75	82	-0.081086
32	80	-0.0810973
28	58	-0.0811158
60	71	-0.0811454
34	44	-0.0812236
68	77	-0.0813402
1	66	-0.0813511
18	43	-0.0813581
20	34	-0.0814615
48	62	-0.0816949
72	83	-0.0817926
21	43	-0.0818194
11	46	-0.0818796
14	21	-0.0819911
23	39	-0.0820035
14	16	-0.0821107
26	62	-0.0821199
2	71	-0.0821574
8	58	-0.0821853
35	87	-0.0822989
12	67	-0.0824792
14	86	-0.0825086
37	76	-0.08251
15	73	-0.0825697
6	9	-0.0825819
12	78	-0.082632
10	56	-0.0826551
58	74	-0.0826992
37	71	-0.0827643
26	38	-0.082792
20	32	-0.0829829
33	37	-0.0829862
2	11	-0.0830231
42	77	-0.0830478
46	70	-0.0831802
9	61	-0.0832217
24	42	-0.083222
39	76	-0.0832963
32	60	-0.0833042
27	70	-0.0833722
44	78	-0.0833761
77	86	-0.0834105
39	87	-0.0834239
43	73	-0.0834563
20	83	-0.0835367
30	60	-0.083575
12	18	-0.0836333
11	14	-0.0839056
23	33	-0.0840277
8	23	-0.0840478
55	84	-0.084103
51	76	-0.0841331
65	73	-0.0841478
10	18	-0.0842334
3	9	-0.0842633
42	66	-0.0842945
36	86	-0.0843448
16	41	-0.0844119
54	60	-0.084508
2	35	-0.08452
35	86	-0.0846301
24	31	-0.0850041
43	72	-0.085038
27	50	-0.0850388
6	31	-0.0851142
30	61	-0.0851231
4	46	-0.0851635
11	37	-0.0852252
32	65	-0.0852348
43	70	-0.0852815
17	60	-0.0853821
23	41	-0.0854235
47	85	-0.0855012
4	20	-0.085509
41	42	-0.085583
62	73	-0.085605
3	39	-0.0857126
13	31	-0.0857667
33	52	-0.085768
4	45	-0.08593
1	24	-0.0859683
2	60	-0.0860516
15	47	-0.0860792
9	83	-0.0861526
14	83	-0.0861546
23	79	-0.0861852
45	69	-0.0862202
33	53	-0.086278
55	65	-0.0862988
69	87	-0.086301
6	28	-0.0863426
8	45	-0.0864295
71	83	-0.0864686
29	83	-0.0865031
44	71	-0.086527
55	62	-0.0865799
31	62	-0.086759
50	86	-0.0869129
35	46	-0.0869946
28	29	-0.0870162
32	43	-0.0871296
30	45	-0.0871543
75	86	-0.0871731
62	87	-0.0871901
9	60	-0.0872136
11	60	-0.087341
26	48	-0.0873966
28	64	-0.0874135
2	42	-0.0874605
3	21	-0.0874799
60	70	-0.0874981
33	49	-0.0875661
26	47	-0.0875695
8	37	-0.0875939
60	67	-0.0877172
38	77	-0.0877327
7	45	-0.0878047
13	44	-0.0878055
66	80	-0.0879068
45	73	-0.0880109
33	40	-0.0880136
5	22	-0.0880205
10	21	-0.0880339
25	58	-0.0880888
7	78	-0.0881247
8	18	-0.0881263
57	84	-0.0881961
4	37	-0.0882481
57	63	-0.0883054
16	46	-0.0883376
16	67	-0.0884512
11	61	-0.0884723
44	72	-0.0884984
3	8	-0.0885362
35	83	-0.0885423
11	86	-0.0885738
47	65	-0.0887811
40	82	-0.0889582
67	80	-0.0889958
28	57	-0.0890875
33	56	-0.0891236
39	44	-0.0891292
63	80	-0.0893492
25	65	-0.0896504
4	22	-0.0896649
17	77	-0.0897166
26	45	-0.0897486
12	74	-0.0898359
7	40	-0.0901378
37	79	-0.0901552
16	85	-0.0901611
21	29	-0.0903488
15	25	-0.0903587
9	43	-0.0904905
5	56	-0.0905353
75	85	-0.0905642
29	45	-0.0907227
50	80	-0.0907453
6	14	-0.0908009
43	68	-0.0908954
8	22	-0.0909113
27	83	-0.0909259
12	80	-0.0909426
33	55	-0.0910076
61	71	-0.0911301
31	43	-0.0912164
43	86	-0.0912794
7	86	-0.091411
25	85	-0.091526
60	81	-0.0915966
42	63	-0.0916275
62	71	-0.0917807
19	38	-0.0917959
16	24	-0.0919381
28	63	-0.0920591
78	87	-0.0920946
10	74	-0.0922871
2	63	-0.0924432
65	68	-0.0926023
35	62	-0.0927865
1	54	-0.0928769
4	67	-0.0929252
11	42	-0.0929872
10	58	-0.0930021
31	44	-0.0930963
61	70	-0.0931496
2	82	-0.0931814
10	63	-0.0933797
1	52	-0.0935017
16	77	-0.0936707
46	85	-0.0936838
38	45	-0.0938256
5	51	-0.0942084
56	85	-0.0944712
23	83	-0.0945852
11	43	-0.0947876
38	60	-0.0948027
32	62	-0.0949916
33	47	-0.0949944
25	82	-0.095044
5	37	-0.0951714
61	69	-0.0952468
8	44	-0.0954926
3	81	-0.0955801
16	26	-0.095838
32	86	-0.0959768
30	65	-0.0959844
62	69	-0.0960343
31	42	-0.0960929
58	82	-0.0960943
5	64	-0.096096
44	82	-0.0961157
19	84	-0.0961386
57	77	-0.0961524
4	32	-0.0962505
5	34	-0.0963668
9	37	-0.0964154
2	70	-0.0964395
17	66	-0.0965867
37	70	-0.0966097
39	53	-0.0966615
27	84	-0.0966934
16	23	-0.0971225
53	60	-0.0971963
23	27	-0.0972056
46	71	-0.0974169
14	43	-0.097428
4	34	-0.0975346
22	40	-0.0975622
21	83	-0.0976383
22	27	-0.0977993
3	59	-0.0979465
1	37	-0.0979826
32	85	-0.0981416
58	67	-0.0982214
6	58	-0.0985767
32	41	-0.0986723
60	85	-0.098806
12	58	-0.0990209
41	66	-0.0991092
31	86	-0.0991521
46	73	-0.099269
24	66	-0.0992977
2	73	-0.099358
13	72	-0.0993861
2	10	-0.0994948
24	74	-0.0995473
25	26	-0.099562
39	74	-0.0996138
57	82	-0.0996367
80	84	-0.0996531
30	62	-0.0997546
27	36	-0.099765
36	42	-0.0997748
12	50	-0.0998848
38	78	-0.100066
35	43	-0.100103
13	47	-0.10022
14	29	-0.100459
2	64	-0.100626
10	28	-0.100673
12	29	-0.100885
12	59	-0.100983
13	60	-0.101017
9	85	-0.101076
14	59	-0.101149
35	45	-0.101212
39	82	-0.101225
63	84	-0.101235
35	61	-0.101253
6	19	-0.101299
68	85	-0.101344
25	77	-0.101429
17	67	-0.101632
26	36	-0.101787
56	79	-0.102036
13	70	-0.102057
10	61	-0.102225
3	61	-0.102346
60	68	-0.102362
36	37	-0.102387
15	67	-0.102465
33	63	-0.102492
67	77	-0.102541
57	67	-0.102646
8	46	-0.102648
6	27	-0.102692
5	18	-0.102816
12	38	-0.103069
55	80	-0.103265
37	38	-0.103324
24	87	-0.10346
74	75	-0.103763
2	43	-0.10377
2	30	-0.103813
12	65	-0.103848
37	75	-0.103853
37	77	-0.103917
43	71	-0.104044
59	82	-0.104112
2	32	-0.104118
30	46	-0.104375
26	61	-0.104531
37	87	-0.104563
17	27	-0.104659
3	17	-0.104787
39	57	-0.104806
35	60	-0.104891
17	74	-0.104913
29	58	-0.105115
46	64	-0.105165
3	72	-0.105245
62	67	-0.105252
28	78	-0.105261
9	44	-0.105511
48	80	-0.105533
41	83	-0.105572
84	87	-0.105597
24	60	-0.105653
16	21	-0.105841
18	59	-0.105949
57	79	-0.105959
15	41	-0.105982
66	74	-0.106469
60	86	-0.106472
7	59	-0.106481
17	59	-0.106491
59	86	-0.10669
4	33	-0.107006
10	12	-0.107031
20	85	-0.10708
3	26	-0.107185
60	69	-0.107264
5	38	-0.10729
37	56	-0.107601
6	22	-0.107609
13	83	-0.107642
28	65	-0.107665
28	33	-0.107682
28	38	-0.107731
24	37	-0.107865
6	39	-0.107909
46	84	-0.107996
76	85	-0.108012
58	79	-0.108034
26	68	-0.108114
37	46	-0.108188
3	31	-0.108214
26	42	-0.108525
46	68	-0.108594
2	61	-0.108596
23	44	-0.108603
3	68	-0.108691
38	79	-0.108811
2	44	-0.108922
17	87	-0.109062
44	63	-0.109144
78	84	-0.1092
7	13	-0.109246
3	50	-0.109298
2	12	-0.109315
16	78	-0.109335
45	63	-0.109578
10	26	-0.109826
60	73	-0.110068
2	68	-0.110218
39	67	-0.110379
15	66	-0.110444
19	80	-0.110457
43	82	-0.110462
27	29	-0.110464
28	80	-0.110669
7	24	-0.11067
57	74	-0.110721
60	63	-0.110854
5	55	-0.110937
7	41	-0.110993
14	25	-0.111131
8	42	-0.111142
7	17	-0.111226
48	84	-0.111321
27	59	-0.111358
28	45	-0.111403
74	83	-0.111631
3	7	-0.111884
46	86	-0.111902
50	62	-0.111907
29	66	-0.112057
36	46	-0.112082
6	12	-0.112205
68	83	-0.112237
60	82	-0.112354
27	68	-0.112453
22	84	-0.112533
22	37	-0.112544
26	66	-0.112781
77	80	-0.112914
19	74	-0.112964
55	79	-0.114381
61	74	-0.114616
14	68	-0.114726
26	59	-0.114757
5	45	-0.114959
67	76	-0.114988
29	57	-0.115477
14	40	-0.115801
42	86	-0.115891
24	43	-0.116037
13	57	-0.116178
33	77	-0.116213
13	61	-0.116246
58	65	-0.116333
56	65	-0.116499
3	29	-0.116585
25	78	-0.116673
15	45	-0.116716
48	79	-0.116744
10	60	-0.117084
41	57	-0.117478
38	44	-0.117707
63	78	-0.117839
29	86	-0.117927
18	34	-0.118031
24	67	-0.118285
5	10	-0.118363
43	85	-0.118693
78	82	-0.118722
26	65	-0.118934
16	43	-0.119128
13	58	-0.119229
2	15	-0.119289
18	67	-0.119297
26	28	-0.119338
33	58	-0.119352
1	29	-0.119699
33	39	-0.120169
6	74	-0.120385
39	58	-0.120437
24	29	-0.12048
29	44	-0.120569
27	51	-0.120684
10	15	-0.120702
20	87	-0.12103
19	83	-0.122048
5	77	-0.122241
16	47	-0.122522
26	39	-0.122542
6	42	-0.122634
7	80	-0.122634
17	86	-0.122816
24	44	-0.123189
58	76	-0.123419
28	59	-0.123529
2	80	-0.123671
19	82	-0.123919
5	14	-0.124165
3	45	-0.124671
15	84	-0.125207
74	86	-0.125212
25	74	-0.125329
49	80	-0.125499
59	78	-0.125818
6	20	-0.125923
57	80	-0.125968
26	67	-0.126324
16	65	-0.12641
12	79	-0.126554
4	19	-0.126744
33	59	-0.12689
16	75	-0.126912
5	47	-0.127256
5	58	-0.127294
33	57	-0.127699
21	60	-0.12792
4	47	-0.1282
1	61	-0.128303
38	84	-0.12862
5	75	-0.128787
4	60	-0.129222
67	78	-0.129283
13	46	-0.129412
33	43	-0.129658
26	85	-0.130032
36	65	-0.130033
58	84	-0.130328
24	80	-0.130565
2	66	-0.130659
6	78	-0.130839
10	84	-0.130867
13	85	-0.131167
8	13	-0.131203
28	77	-0.131441
67	79	-0.131707
77	84	-0.131829
16	39	-0.131833
17	65	-0.13198
28	40	-0.132271
14	60	-0.132834
16	62	-0.133001
7	60	-0.133178
43	75	-0.133428
10	80	-0.133885
10	46	-0.133965
27	60	-0.134139
7	44	-0.134485
26	86	-0.134497
10	22	-0.134572
3	62	-0.134724
27	65	-0.135379
4	18	-0.135396
13	36	-0.13556
16	29	-0.135861
28	39	-0.135921
58	75	-0.135952
26	37	-0.136426
2	18	-0.136519
44	86	-0.136729
12	45	-0.13674
10	24	-0.136993
1	62	-0.137408
76	83	-0.137681
61	67	-0.137756
34	84	-0.138024
13	17	-0.1383
3	36	-0.13848
26	33	-0.138737
10	42	-0.138792
14	65	-0.138848
4	16	-0.138949
38	42	-0.139065
66	77	-0.13925
16	83	-0.139856
5	33	-0.140292
26	84	-0.1407
37	51	-0.140993
74	84	-0.141327
15	28	-0.14148
37	57	-0.141659
18	85	-0.141771
24	85	-0.141831
25	60	-0.141879
8	85	-0.141939
29	42	-0.142301
6	59	-0.142328
12	40	-0.143124
3	18	-0.143303
3	24	-0.143311
29	60	-0.143441
33	65	-0.145349
24	25	-0.145396
24	86	-0.145639
45	83	-0.146112
26	41	-0.146363
13	68	-0.146708
4	76	-0.146904
59	77	-0.147131
29	80	-0.147346
45	86	-0.147983
17	42	-0.148035
33	41	-0.148261
10	17	-0.148407
16	61	-0.148476
33	83	-0.1487
17	29	-0.149278
27	79	-0.149663
42	74	-0.149726
61	87	-0.149795
3	25	-0.149869
45	87	-0.149906
5	29	-0.150022
38	80	-0.150582
2	45	-0.150733
1	10	-0.151
15	85	-0.151213
33	84	-0.151253
62	83	-0.151486
41	82	-0.151985
4	27	-0.152215
29	87	-0.152298
22	83	-0.15233
77	83	-0.152369
57	86	-0.152501
6	18	-0.152653
14	39	-0.15269
25	29	-0.152833
37	45	-0.153588
17	44	-0.154
58	80	-0.154463
29	84	-0.155293
43	78	-0.155628
6	77	-0.155748
58	77	-0.156659
8	61	-0.156762
6	76	-0.157448
1	74	-0.157493
41	65	-0.158959
15	86	-0.159011
25	75	-0.159107
29	46	-0.159347
10	45	-0.159667
15	42	-0.159829
25	62	-0.159982
5	76	-0.160272
12	77	-0.161161
15	79	-0.161359
24	61	-0.161574
41	84	-0.161867
4	29	-0.161904
27	61	-0.162445
4	87	-0.162717
3	16	-0.163173
44	67	-0.163254
6	33	-0.163531
16	87	-0.163777
27	46	-0.163959
39	83	-0.164626
5	40	-0.165113
14	46	-0.165563
43	76	-0.165956
46	87	-0.166688
40	80	-0.167344
5	74	-0.167389
42	67	-0.168373
43	67	-0.168632
6	75	-0.169574
3	74	-0.17006
36	85	-0.170406
2	29	-0.171578
6	45	-0.173407
4	14	-0.173705
28	46	-0.174141
16	60	-0.174981
6	44	-0.175109
4	17	-0.175199
76	86	-0.176048
24	65	-0.176328
15	37	-0.176587
3	65	-0.176808
5	80	-0.17824
14	42	-0.178252
14	76	-0.178382
3	43	-0.178642
3	42	-0.179229
15	61	-0.179683
14	85	-0.181694
4	79	-0.181744
14	61	-0.184509
60	74	-0.185505
39	43	-0.185793
45	67	-0.187637
4	42	-0.187893
18	86	-0.188406
6	79	-0.188731
1	41	-0.188845
15	65	-0.189126
26	79	-0.193428
46	74	-0.194118
18	83	-0.194399
39	45	-0.194988
61	85	-0.195481
27	76	-0.195509
26	46	-0.197227
65	67	-0.197845
27	39	-0.19797
42	87	-0.199168
15	46	-0.199272
17	37	-0.199828
3	80	-0.203341
2	17	-0.203742
28	79	-0.205281
2	46	-0.206085
40	84	-0.20686
42	85	-0.207388
13	45	-0.208361
4	24	-0.208865
4	61	-0.208941
77	87	-0.209016
37	60	-0.209751
17	61	-0.211167
4	74	-0.21226
10	43	-0.212678
37	44	-0.216835
16	37	-0.21854
27	85	-0.22211
25	37	-0.243628
62	86	-0.261356
6	60	-0.264545
6	62	-0.277816
60	83	-0.317427