#==========================================================================
# The first and second rows contain site pairs (i, j) such that j > i
# The third row contains coevolutionary scores obtained 
# using Boltzmann learning algorithm.
# Note that in this data sites are counted/labelled starting from 1
#==========================================================================
29	41	4.15252
28	42	4.10252
50	64	3.94455
51	63	3.78426
2	71	3.73093
7	66	3.69873
5	68	3.67123
6	67	3.66661
31	39	3.66524
3	70	3.62701
4	69	3.62048
49	65	3.2921
12	23	3.26391
27	43	3.13421
30	40	3.04509
52	62	2.8365
11	24	2.83615
1	72	2.50337
10	25	2.01252
15	48	1.6784
53	61	1.5233
13	22	1.37544
36	37	1.23566
22	46	1.09917
9	13	1.08899
26	44	1.06023
35	73	1.05758
34	35	1.03319
19	56	0.966232
32	38	0.891153
54	60	0.806383
36	38	0.717966
9	23	0.700878
9	12	0.683426
13	46	0.616893
10	45	0.602303
32	36	0.58783
18	56	0.575353
18	19	0.555862
8	21	0.555813
8	14	0.547462
18	55	0.52164
20	60	0.519448
12	13	0.505204
1	73	0.49439
35	38	0.472827
13	23	0.465906
34	36	0.455367
35	72	0.452789
19	57	0.414862
1	35	0.40905
72	73	0.406907
53	58	0.406045
13	21	0.400833
13	47	0.391056
21	48	0.386159
34	73	0.370732
48	59	0.364953
21	59	0.363201
53	54	0.348926
15	59	0.348077
13	24	0.346817
18	57	0.343411
34	72	0.337521
4	5	0.335197
11	13	0.328145
54	58	0.323865
71	73	0.308121
67	68	0.30428
36	39	0.302691
35	37	0.302204
18	20	0.292345
68	69	0.283528
17	19	0.280968
20	35	0.27965
31	36	0.276467
44	59	0.274722
58	61	0.272672
55	57	0.272327
15	21	0.271456
70	71	0.269562
5	69	0.264053
22	47	0.263244
19	54	0.262671
21	22	0.26166
32	73	0.256563
54	57	0.256312
34	40	0.255337
58	60	0.254247
36	73	0.251999
29	31	0.251071
57	60	0.250726
56	57	0.250427
37	72	0.248504
3	36	0.248441
59	60	0.247974
26	73	0.24582
13	44	0.2451
25	26	0.245016
8	55	0.244572
13	45	0.243812
43	44	0.243512
2	73	0.241574
63	73	0.241468
16	20	0.238669
19	61	0.238595
38	46	0.23224
25	47	0.229387
19	53	0.228686
51	73	0.226527
33	60	0.224497
57	58	0.223273
3	4	0.222133
2	70	0.221549
11	32	0.220948
20	54	0.220452
30	62	0.219188
19	58	0.219172
21	23	0.217913
16	64	0.217525
16	59	0.215541
4	68	0.214091
2	3	0.213086
14	21	0.208136
15	56	0.207262
3	69	0.207105
36	63	0.206254
44	45	0.206167
9	45	0.206126
18	58	0.206094
48	52	0.205746
23	70	0.202691
40	62	0.202178
54	61	0.201246
8	18	0.201117
64	65	0.198176
5	16	0.197703
20	56	0.19747
33	54	0.19695
3	71	0.194746
37	38	0.194271
9	21	0.193692
3	73	0.193662
3	23	0.19191
12	22	0.191441
14	16	0.190794
14	25	0.189923
10	47	0.189251
31	35	0.188477
25	45	0.188363
67	73	0.187305
22	44	0.187134
14	29	0.187131
16	48	0.186222
2	8	0.186105
32	33	0.185436
36	70	0.184232
16	19	0.182803
7	49	0.177497
40	52	0.175949
44	47	0.175882
17	59	0.175437
10	11	0.174232
69	70	0.17389
12	21	0.172632
37	62	0.171875
34	67	0.171226
55	61	0.169827
7	40	0.168901
46	49	0.168898
13	25	0.166113
16	21	0.163523
32	35	0.161751
31	33	0.161195
15	22	0.161127
27	72	0.160939
3	44	0.159993
19	55	0.159793
18	47	0.159004
52	63	0.158334
18	54	0.157558
24	32	0.156804
3	35	0.156686
56	61	0.156325
30	43	0.155897
30	34	0.155702
53	57	0.155351
36	41	0.155339
9	46	0.155115
15	30	0.155058
20	45	0.154884
24	72	0.152995
8	48	0.152773
32	59	0.152351
25	56	0.152341
26	46	0.152074
8	26	0.151868
14	15	0.151677
31	41	0.151121
9	17	0.151099
53	65	0.150263
37	70	0.150225
6	34	0.149886
53	60	0.148715
32	40	0.147779
20	59	0.147667
22	45	0.147395
34	46	0.147372
30	39	0.147027
29	36	0.145518
1	2	0.143837
9	47	0.143726
14	41	0.143289
21	49	0.143136
15	16	0.142342
10	24	0.141521
1	39	0.140438
32	57	0.138614
1	11	0.138246
21	35	0.1381
32	68	0.137658
2	72	0.137515
24	26	0.136382
7	17	0.135749
29	39	0.134833
42	62	0.132626
10	36	0.13244
17	35	0.132043
11	55	0.131196
17	20	0.131133
35	70	0.12979
1	5	0.129438
51	52	0.12829
47	48	0.126881
26	50	0.126389
16	58	0.126367
18	61	0.125959
15	19	0.125653
17	66	0.125283
47	56	0.125261
10	59	0.125158
60	66	0.124867
40	43	0.124789
2	21	0.124663
57	61	0.124342
19	60	0.123034
25	34	0.122816
20	63	0.122536
9	24	0.121468
4	70	0.121422
50	51	0.121332
17	46	0.12076
33	72	0.120651
38	72	0.120499
11	41	0.119875
21	71	0.119457
35	51	0.119229
21	34	0.119217
34	41	0.118858
37	54	0.117724
11	36	0.117528
26	43	0.116519
9	11	0.116012
6	45	0.115489
9	33	0.115315
20	33	0.115242
16	73	0.115056
37	52	0.114531
26	47	0.114518
55	58	0.114509
14	73	0.114261
22	71	0.11404
45	59	0.113757
16	45	0.113744
13	17	0.1136
23	24	0.113551
20	70	0.113112
22	65	0.112957
4	8	0.112935
11	35	0.112657
30	52	0.112174
45	46	0.112078
14	35	0.112054
36	42	0.112043
43	48	0.111997
28	52	0.111502
29	34	0.11084
18	53	0.110835
36	72	0.109913
16	17	0.109896
15	18	0.109331
45	61	0.109186
7	10	0.108764
22	26	0.10778
61	62	0.107691
1	68	0.107333
67	71	0.107188
50	67	0.106683
6	27	0.10667
51	60	0.106348
42	52	0.105271
38	48	0.104487
49	66	0.104426
46	63	0.103491
35	36	0.103388
19	20	0.10246
46	69	0.101308
14	48	0.100633
17	45	0.100449
44	69	0.0997509
33	46	0.0997223
29	45	0.0988967
17	37	0.0981987
10	38	0.0980212
45	68	0.0977801
3	6	0.0976028
5	32	0.0974535
47	70	0.0971373
48	57	0.0970478
46	59	0.0967747
45	49	0.0966125
55	60	0.0963077
20	50	0.0961719
22	72	0.0958519
35	69	0.0958074
28	54	0.0954753
8	66	0.0942688
31	34	0.094192
37	51	0.0940789
9	26	0.0929512
15	58	0.0923522
39	41	0.0920476
62	67	0.0918422
15	17	0.091313
14	37	0.091247
35	57	0.0903534
64	66	0.0895737
16	50	0.0895558
48	60	0.0892302
15	40	0.0885485
38	49	0.0884731
2	37	0.0883345
10	66	0.0880265
14	57	0.0878875
1	63	0.0877511
44	48	0.0875431
23	47	0.087365
24	40	0.0872429
26	71	0.0871739
55	66	0.0868887
10	13	0.0867431
36	45	0.0866483
3	12	0.0863268
11	40	0.0861955
19	50	0.0857953
21	64	0.0854739
10	39	0.0853325
4	46	0.0851501
39	49	0.0849665
12	47	0.084886
2	54	0.0838425
14	30	0.0837312
33	48	0.0836858
16	61	0.0834554
55	70	0.0831073
10	34	0.082745
53	55	0.0820484
20	29	0.0818912
31	55	0.0812188
28	69	0.080533
16	68	0.080481
27	36	0.0803319
1	7	0.0802253
19	64	0.0797902
24	55	0.0791616
3	20	0.07909
24	35	0.0789038
1	57	0.0784719
26	56	0.0780601
25	65	0.0779573
21	50	0.0778978
4	45	0.0777102
44	63	0.077614
12	24	0.0767659
45	69	0.0760273
19	48	0.0759345
20	36	0.0756983
5	8	0.0756229
14	52	0.0755879
50	65	0.0753422
50	68	0.0753306
4	20	0.0753299
49	72	0.0752056
7	60	0.074505
30	60	0.0742303
8	16	0.0741848
16	34	0.0738222
25	38	0.0735094
33	57	0.0734794
8	50	0.0731759
55	65	0.0731283
9	55	0.0729372
18	59	0.072844
19	28	0.0726949
19	41	0.072142
1	15	0.0716955
46	47	0.0716678
35	39	0.0716511
11	26	0.0716154
6	46	0.0715129
14	31	0.0714378
49	64	0.0713038
4	33	0.071298
19	42	0.0707641
28	62	0.0704762
58	64	0.070192
70	73	0.0700283
7	8	0.0699831
17	71	0.0696913
34	63	0.0690456
2	60	0.0689937
33	39	0.0689212
26	42	0.0685583
50	58	0.0685216
50	57	0.068387
53	56	0.0681629
22	35	0.0680552
12	45	0.0678745
8	27	0.0674501
16	38	0.0674315
30	32	0.0672988
17	38	0.0668548
48	58	0.0667589
60	61	0.0665338
26	32	0.0662232
9	57	0.0661256
38	67	0.0655076
36	40	0.0652212
63	65	0.0649257
11	39	0.0648751
18	24	0.0647434
23	33	0.0646014
15	54	0.0645633
5	58	0.0643707
53	59	0.06436
58	68	0.0641431
6	50	0.0640213
5	59	0.063604
7	30	0.0632881
24	25	0.063239
13	26	0.0631732
38	43	0.06315
48	62	0.0627429
34	44	0.0622699
44	46	0.0622084
5	10	0.062066
47	55	0.062065
8	69	0.0618307
8	11	0.0617873
56	58	0.061467
51	65	0.0612944
11	34	0.0612558
13	56	0.0612077
38	47	0.0611979
38	44	0.0611253
1	4	0.06093
12	70	0.0608141
44	60	0.0603388
17	68	0.0603279
1	31	0.059968
52	61	0.0598865
8	15	0.0596102
20	40	0.0593433
21	46	0.0592801
3	53	0.0592557
7	34	0.0591736
17	42	0.058865
55	69	0.0588485
25	70	0.0585691
58	59	0.058555
7	33	0.0581113
45	53	0.0580436
34	47	0.0579858
8	17	0.0577425
10	23	0.0576159
31	45	0.0575593
15	49	0.0575059
59	65	0.0575051
1	38	0.0573184
45	62	0.0566961
7	56	0.0565663
21	44	0.0565243
26	45	0.0560031
57	68	0.0557072
6	70	0.0554956
29	40	0.055341
33	66	0.0550738
42	43	0.0547783
17	28	0.0546187
27	66	0.0545196
30	66	0.0540692
8	32	0.0540082
26	67	0.0537017
3	22	0.0535608
46	51	0.0534574
57	63	0.0533488
57	73	0.0531227
22	25	0.0528922
56	59	0.0528336
25	67	0.0525726
5	6	0.052414
17	58	0.0521833
11	18	0.0520659
14	40	0.0520128
29	49	0.051768
5	27	0.0517228
11	72	0.0517139
28	43	0.0514411
17	49	0.051301
9	27	0.0511357
16	37	0.0510653
35	46	0.0504268
32	37	0.0503779
8	68	0.0502218
17	73	0.0499467
9	22	0.0499391
2	27	0.0498907
10	32	0.0498588
37	71	0.0496525
7	20	0.0487578
47	53	0.0486579
9	10	0.0486121
35	63	0.0485864
46	73	0.0481592
41	54	0.0476306
62	63	0.0476129
40	41	0.047451
45	72	0.0474135
21	43	0.047302
51	72	0.0470744
31	68	0.0470058
54	59	0.0469126
37	55	0.0468803
7	14	0.0466413
46	60	0.0463188
2	67	0.046237
31	66	0.0460795
7	65	0.0460618
3	38	0.0460372
25	35	0.045824
39	45	0.0456786
58	75	0.0456524
5	43	0.0456251
12	19	0.0455546
35	44	0.0454815
35	60	0.0453419
45	47	0.0449442
74	75	0.0449388
61	65	0.0446701
31	52	0.0443766
16	66	0.0439183
31	72	0.0438901
41	45	0.0437016
55	63	0.0434952
28	41	0.0434254
1	45	0.0431866
30	53	0.0430627
44	67	0.0430188
16	28	0.0429887
11	25	0.0428666
17	55	0.0426492
37	60	0.042478
38	39	0.0424343
13	59	0.0422958
1	51	0.0420158
47	60	0.0417696
20	66	0.0417492
16	25	0.0415676
5	41	0.0413414
40	66	0.0409789
27	71	0.0409314
31	62	0.0408096
1	36	0.0404769
21	36	0.0404493
26	41	0.0404241
22	27	0.0402996
5	44	0.0402737
9	56	0.0401786
8	37	0.040102
55	64	0.0399601
11	30	0.0399333
14	27	0.0398955
16	49	0.0398069
17	69	0.0393332
37	73	0.0390301
33	75	0.0386426
2	58	0.038435
22	48	0.0383873
29	35	0.0383332
18	69	0.0383007
5	65	0.0380282
50	55	0.0380108
9	14	0.0378354
10	50	0.0377523
12	34	0.0377048
32	53	0.0375901
5	67	0.0374444
16	43	0.0372581
9	54	0.0371594
59	62	0.0369414
16	42	0.0367442
33	76	0.0366396
42	47	0.0365956
39	52	0.0365362
35	40	0.0363719
6	47	0.0362878
64	70	0.0362685
26	34	0.0359596
9	28	0.0359028
33	74	0.0358116
41	67	0.0354137
4	34	0.0352308
9	72	0.0351903
50	53	0.03514
74	76	0.0351006
18	67	0.034876
15	71	0.0348531
34	66	0.0347534
57	64	0.0346988
56	66	0.0345931
2	12	0.0345029
20	26	0.0343101
14	33	0.0341779
1	60	0.0341632
28	36	0.0337529
43	56	0.0332098
64	71	0.033194
36	65	0.0330814
36	50	0.0330454
15	33	0.0330222
31	65	0.0328174
5	63	0.0327299
32	50	0.0325769
2	64	0.0325107
33	69	0.0324572
26	68	0.0323381
11	14	0.0322897
26	62	0.0322574
43	60	0.03221
49	53	0.0321919
25	27	0.0321537
20	30	0.0320706
14	76	0.0320241
14	60	0.031945
4	56	0.031872
3	25	0.0316622
24	39	0.0314508
10	15	0.0314135
21	63	0.03132
16	33	0.0312269
7	43	0.0312189
44	54	0.0311844
37	61	0.0307176
20	23	0.0306502
22	33	0.030602
2	59	0.030389
33	59	0.0300799
36	47	0.0300598
59	68	0.029997
20	51	0.0299835
19	73	0.0299815
69	73	0.0298425
54	56	0.029796
11	44	0.0295594
18	60	0.0293077
39	62	0.0292323
58	76	0.0290732
50	73	0.028855
33	37	0.0288318
30	61	0.0287518
14	75	0.0286611
24	41	0.0285702
19	37	0.0283606
4	28	0.0283359
59	61	0.0282286
13	18	0.0281145
42	45	0.0279844
9	19	0.0279066
16	18	0.0278429
24	66	0.0275857
1	23	0.0273794
14	74	0.0273546
20	69	0.0272171
27	56	0.026987
34	57	0.0267564
32	54	0.0267183
64	67	0.0266182
30	41	0.0265263
48	53	0.0264922
58	74	0.0260823
36	43	0.025919
4	63	0.0258765
37	58	0.025857
49	57	0.0257977
52	53	0.0256557
48	66	0.0255159
8	33	0.0254869
29	38	0.0253522
1	34	0.0253094
56	72	0.0252152
51	62	0.0250997
23	38	0.0249497
11	15	0.0249457
34	65	0.0248886
33	51	0.0246912
58	72	0.0246783
8	42	0.0246742
19	26	0.0243809
9	43	0.0243654
9	48	0.0242839
49	63	0.0242412
40	74	0.0241785
2	14	0.0241383
12	55	0.0238937
49	70	0.0238479
61	74	0.0237501
29	65	0.023722
54	71	0.0236499
14	72	0.0236345
59	71	0.0236124
21	45	0.0236065
31	60	0.0235485
2	16	0.0235464
29	37	0.0234177
28	67	0.0232315
44	51	0.0227493
1	8	0.0225906
7	55	0.0225669
4	17	0.0225624
15	29	0.0225112
60	76	0.0224147
18	26	0.0224116
1	66	0.0223182
37	76	0.0221933
7	31	0.0220449
1	24	0.0219172
75	76	0.0219146
52	67	0.0218824
43	57	0.021802
5	56	0.021789
13	27	0.0217744
20	42	0.0217318
35	68	0.0214898
15	47	0.0214254
5	75	0.0213637
43	46	0.0213343
11	45	0.0213069
62	71	0.0212911
41	68	0.0212707
24	29	0.0209326
27	40	0.0209173
4	72	0.020682
63	72	0.0205225
39	60	0.020135
56	62	0.0199759
24	31	0.0198828
56	60	0.0197116
24	30	0.0195083
12	56	0.0194973
55	68	0.0192196
22	61	0.0189776
50	76	0.018941
58	65	0.0186474
54	55	0.0186249
48	56	0.0179198
47	49	0.01786
62	76	0.0178176
22	23	0.0176392
31	44	0.017434
9	52	0.0173103
45	67	0.0171542
28	60	0.0169553
29	30	0.0167187
49	55	0.0166725
19	45	0.0166417
20	73	0.0166093
49	50	0.0165795
8	28	0.0164894
32	61	0.0163997
26	29	0.0162244
12	65	0.0162103
42	54	0.0161725
42	48	0.0158674
37	53	0.015853
36	55	0.0158348
18	76	0.0156384
9	73	0.0155136
52	74	0.0154782
31	40	0.0153509
43	74	0.0153256
48	50	0.0153143
43	63	0.0152624
41	56	0.0152244
2	22	0.0152084
47	65	0.0151402
27	62	0.0150978
25	59	0.0150846
71	76	0.015062
55	76	0.0149062
46	58	0.0146782
48	76	0.0145992
55	75	0.014337
60	71	0.0142198
66	76	0.0141839
60	74	0.0141632
55	56	0.0141518
8	47	0.0140634
45	64	0.0139586
70	72	0.0138674
25	46	0.0137961
63	74	0.0136774
57	74	0.0136038
71	72	0.0134704
14	24	0.013248
23	45	0.0132001
19	65	0.0131593
39	72	0.0131504
22	59	0.0131241
55	74	0.0130827
9	59	0.0130765
6	40	0.0129957
40	60	0.012779
61	70	0.0127532
54	74	0.0126033
12	38	0.0126005
47	61	0.012489
8	74	0.0124154
37	56	0.0123071
8	73	0.0121722
58	71	0.0120042
52	75	0.0119894
12	15	0.0119406
64	74	0.0118728
48	55	0.0118644
8	75	0.0117832
23	55	0.0117603
6	64	0.0116522
53	76	0.0116256
53	74	0.0115154
26	53	0.011419
23	34	0.0114185
1	18	0.0112919
21	75	0.0112636
2	48	0.0111446
61	75	0.0110878
16	47	0.0110624
10	48	0.0110359
53	75	0.0110253
8	76	0.0109223
21	74	0.010641
49	74	0.0105718
59	73	0.0103863
22	36	0.010254
6	73	0.01021
42	49	0.0101077
46	48	0.0100755
39	54	0.00998219
18	74	0.00975386
25	74	0.009737
13	20	0.00965059
69	76	0.00951724
8	59	0.00941855
8	63	0.00935686
11	22	0.00926937
6	25	0.00923369
57	66	0.00910236
18	51	0.0090517
33	63	0.00883312
52	54	0.00872866
32	47	0.0084895
6	21	0.008334
8	24	0.00821696
11	29	0.00816055
10	74	0.00814916
5	51	0.00814421
6	42	0.00812491
6	26	0.00806145
17	27	0.00802013
10	28	0.0079289
38	69	0.00780681
19	74	0.00776587
21	76	0.00766269
20	74	0.00762461
8	71	0.00758551
37	75	0.00753791
6	38	0.00752198
37	74	0.00737924
11	52	0.00716144
11	59	0.00706902
46	66	0.00691361
15	23	0.00688731
54	64	0.00686577
26	36	0.00669923
2	76	0.00651626
26	28	0.00650983
56	75	0.0065071
18	48	0.00630254
8	38	0.00629505
32	76	0.00624762
26	38	0.00619538
40	76	0.00609317
52	76	0.00581262
41	73	0.00567241
27	32	0.00551899
28	30	0.00548333
73	75	0.00531033
73	74	0.00512458
19	31	0.00506907
47	75	0.00487062
29	76	0.00484949
5	70	0.00482402
14	18	0.00473691
54	75	0.00454732
4	54	0.00432849
4	30	0.00430594
27	42	0.00429262
44	53	0.00418495
10	75	0.00414236
41	42	0.00409163
19	75	0.00404091
19	76	0.00394342
38	59	0.0039014
17	60	0.00389131
1	59	0.00386936
41	75	0.00381327
14	71	0.00371918
61	76	0.00370343
36	51	0.00368568
12	16	0.00361076
51	64	0.00360852
57	75	0.00338267
13	14	0.00336875
32	72	0.00328614
56	76	0.00318358
54	76	0.00308843
10	33	0.00307325
61	69	0.00281334
9	75	0.00269933
39	74	0.00267981
21	42	0.00266255
62	75	0.00263671
13	71	0.00244888
17	43	0.00236115
3	21	0.00234806
33	70	0.00230557
18	41	0.0020705
6	71	0.0019902
18	75	0.00195226
57	76	0.00191352
3	56	0.00189856
16	57	0.00188599
38	41	0.0018292
59	75	0.00165757
25	50	0.00146497
34	68	0.00136829
42	67	0.00129574
22	75	0.00112274
10	12	0.00104646
8	43	0.0010178
71	74	0.000932172
10	31	0.000918965
40	57	0.000917313
38	40	0.000868577
60	63	0.0008599
6	62	0.000854473
34	48	0.00075372
52	55	0.000669384
10	76	0.000649232
48	61	0.000625219
19	32	0.000611733
11	12	0.000609956
13	62	0.000566731
3	37	0.000540856
34	55	0.000511262
17	57	0.000436695
67	76	0.000331489
8	30	0.000277752
15	57	0.000211552
17	21	6.13485e-05
40	54	-6.47305e-05
62	74	-6.70936e-05
16	54	-0.000123997
2	24	-0.000125389
26	74	-0.000174086
29	56	-0.000181037
39	40	-0.000358227
40	73	-0.000391578
27	74	-0.000415154
35	45	-0.00043971
26	64	-0.000466583
20	76	-0.000587644
25	52	-0.00071058
16	75	-0.000773452
8	57	-0.000836469
5	73	-0.000962068
22	38	-0.00102601
18	29	-0.00103419
29	67	-0.0011247
12	26	-0.00121203
9	67	-0.00134358
51	75	-0.0014978
53	72	-0.00155919
25	61	-0.00160839
55	71	-0.00170318
11	33	-0.00174749
8	72	-0.00184915
16	74	-0.00188139
39	75	-0.0020601
34	71	-0.00227632
65	74	-0.00227645
20	75	-0.00233419
32	74	-0.00254818
37	66	-0.00255117
1	76	-0.00257055
20	41	-0.00264563
9	68	-0.00271347
1	71	-0.00276803
46	67	-0.00277997
42	69	-0.00287377
59	76	-0.00297738
7	22	-0.00309647
27	34	-0.00311518
15	45	-0.00315016
1	75	-0.00323522
2	74	-0.00331542
17	65	-0.00345714
14	56	-0.00349828
46	75	-0.003558
30	74	-0.00367857
30	64	-0.0038542
50	63	-0.00389368
11	75	-0.00400517
27	73	-0.00400614
19	66	-0.00442129
52	59	-0.00446124
17	40	-0.00453682
6	18	-0.00467874
25	76	-0.00468253
56	70	-0.00470046
21	66	-0.00490603
4	11	-0.00497278
14	46	-0.00499786
40	59	-0.00500932
8	67	-0.00508922
25	42	-0.0051684
53	62	-0.00520033
26	75	-0.00520639
16	23	-0.00526934
28	47	-0.0055095
22	43	-0.0055656
29	75	-0.00559181
11	23	-0.00569164
2	56	-0.0057543
33	58	-0.00590202
7	76	-0.00597336
25	28	-0.0059889
68	75	-0.0059898
39	50	-0.00599267
25	75	-0.00600092
50	75	-0.00604757
13	19	-0.00609896
32	65	-0.00612784
28	58	-0.00615796
23	74	-0.00623523
42	74	-0.00633098
26	58	-0.00634054
39	46	-0.00638806
15	65	-0.00639304
7	48	-0.00640202
44	70	-0.00648482
1	74	-0.00655938
1	27	-0.00658214
7	19	-0.0067247
34	60	-0.00673841
13	75	-0.00675247
23	63	-0.00676532
11	76	-0.00677144
59	66	-0.00696949
60	75	-0.00704599
65	76	-0.00718085
14	62	-0.00722182
17	75	-0.0072345
31	75	-0.007276
32	46	-0.00731393
1	14	-0.0073212
39	55	-0.00749274
65	71	-0.00753895
23	67	-0.00758225
17	30	-0.00758492
68	74	-0.00759628
27	75	-0.00769768
38	65	-0.00771378
51	61	-0.00773018
26	57	-0.00775595
6	53	-0.00784411
20	31	-0.00794808
29	54	-0.00806706
6	41	-0.0080755
22	74	-0.00823555
48	64	-0.00831989
5	45	-0.00834351
63	69	-0.00840546
15	53	-0.00856614
7	74	-0.00858318
68	76	-0.00858841
42	76	-0.00861681
45	52	-0.00861861
15	75	-0.00866581
17	47	-0.00868973
30	76	-0.00869594
9	64	-0.00873949
45	76	-0.00880022
44	65	-0.00881949
5	76	-0.00884676
4	53	-0.00885762
49	75	-0.00889444
48	74	-0.00889647
53	67	-0.00898209
30	75	-0.00898888
46	74	-0.00906888
7	25	-0.00907461
62	73	-0.00912012
19	34	-0.00926595
6	76	-0.00933535
19	23	-0.00952441
28	49	-0.0095746
66	75	-0.00959271
21	55	-0.00959496
45	54	-0.00963482
49	71	-0.0096574
39	58	-0.00969846
16	76	-0.00987497
20	58	-0.0102028
4	75	-0.0102246
9	76	-0.0102271
20	47	-0.0102804
43	52	-0.0103225
16	63	-0.0103313
44	75	-0.0103533
19	47	-0.0103961
56	74	-0.0103969
27	76	-0.0104555
25	54	-0.0104659
58	69	-0.0104871
43	54	-0.0104893
26	52	-0.0105298
6	66	-0.0106728
64	76	-0.0107238
21	33	-0.0108142
1	37	-0.0108373
35	75	-0.0108447
32	75	-0.010862
37	49	-0.0108781
14	39	-0.0110751
51	76	-0.0110757
38	75	-0.0111591
56	64	-0.0113605
24	61	-0.011365
5	34	-0.0114178
6	63	-0.0115841
31	54	-0.0117215
22	76	-0.0117588
3	27	-0.0118943
38	45	-0.0119762
44	76	-0.0121557
3	43	-0.01219
33	47	-0.0121972
66	74	-0.0122071
44	74	-0.0122461
28	53	-0.0123102
21	70	-0.0124222
4	6	-0.0124459
57	71	-0.0124773
5	74	-0.0125323
22	24	-0.0126134
21	51	-0.0126379
43	64	-0.0127579
32	62	-0.0127931
33	40	-0.0130407
20	49	-0.0130552
13	15	-0.0130968
14	23	-0.0132193
27	53	-0.013243
8	60	-0.013295
69	75	-0.0133277
25	33	-0.0134177
7	28	-0.0134251
47	74	-0.0134981
57	59	-0.0135765
34	74	-0.0136136
17	67	-0.0136773
3	13	-0.0136827
56	67	-0.0137675
40	75	-0.0138114
17	76	-0.013925
43	76	-0.0139708
46	76	-0.0140835
5	14	-0.0140977
39	76	-0.0141051
12	69	-0.0142325
23	75	-0.0142642
20	38	-0.0142643
16	39	-0.0143332
57	65	-0.0143532
59	74	-0.0144442
23	76	-0.0144722
42	75	-0.0145082
20	37	-0.0145301
5	17	-0.0147252
17	74	-0.0148245
9	74	-0.0149419
9	16	-0.0149573
9	42	-0.0151179
29	73	-0.0151332
1	22	-0.0152027
8	51	-0.0152325
15	46	-0.0155109
27	59	-0.0155234
9	44	-0.015807
22	49	-0.0158474
33	34	-0.0158639
48	75	-0.0159
15	76	-0.0159104
11	61	-0.0159669
31	51	-0.0160976
4	74	-0.0161151
34	75	-0.0161177
15	39	-0.0161443
4	49	-0.0161845
28	76	-0.0161874
8	13	-0.016194
7	46	-0.0162225
44	49	-0.0164492
59	64	-0.0164712
13	30	-0.0164727
27	55	-0.0165035
30	47	-0.0166171
38	76	-0.0166203
3	33	-0.0166348
2	65	-0.016662
5	55	-0.016747
17	32	-0.0170036
13	33	-0.0172462
7	75	-0.0173193
63	76	-0.0174789
45	75	-0.0174946
28	74	-0.0175786
50	66	-0.0176725
32	34	-0.0176947
69	72	-0.017732
29	74	-0.0178154
28	75	-0.0178918
28	29	-0.0180199
17	52	-0.0180884
12	36	-0.0182276
65	75	-0.0182605
20	28	-0.0182904
55	62	-0.0182952
6	74	-0.0185562
41	44	-0.0185605
47	76	-0.018581
72	75	-0.0186725
1	58	-0.0187535
14	47	-0.019033
62	66	-0.0190337
17	62	-0.0190475
73	76	-0.0190567
30	31	-0.0190924
2	75	-0.0191182
10	68	-0.0191731
44	55	-0.0193161
42	53	-0.0193228
8	64	-0.019413
49	61	-0.0194463
52	70	-0.0194968
10	55	-0.0195119
6	72	-0.0197285
21	27	-0.0197526
3	76	-0.0199167
31	74	-0.0199577
71	75	-0.0200312
22	37	-0.020183
16	65	-0.0202792
17	23	-0.0203752
72	74	-0.0203848
6	59	-0.0204028
2	26	-0.0204952
27	30	-0.0205324
14	42	-0.0205612
45	56	-0.0206171
9	18	-0.0206732
30	50	-0.020692
42	58	-0.0209139
33	35	-0.020994
70	74	-0.0211531
4	51	-0.0211778
53	64	-0.0211828
15	74	-0.0213079
30	36	-0.021534
47	67	-0.0216614
30	56	-0.0216842
12	48	-0.0217479
56	68	-0.0217519
63	66	-0.0217985
17	44	-0.0219031
7	52	-0.0227923
11	62	-0.0228402
3	10	-0.0228791
23	25	-0.022902
9	60	-0.0229489
11	74	-0.0230708
15	51	-0.0230974
43	75	-0.0232728
27	47	-0.0233822
50	74	-0.0234091
8	54	-0.0235472
52	57	-0.0235482
16	44	-0.0236077
51	56	-0.0236122
33	67	-0.0237175
6	58	-0.0237343
24	36	-0.0237707
63	75	-0.0238367
40	47	-0.0242322
18	42	-0.0242706
22	55	-0.0242966
38	74	-0.0243376
47	59	-0.024346
50	54	-0.0243571
45	74	-0.0244681
49	58	-0.024659
72	76	-0.0248083
24	76	-0.0249425
35	56	-0.0250363
63	64	-0.0250436
10	67	-0.0250594
27	46	-0.0251077
28	32	-0.0252752
6	30	-0.0253842
23	37	-0.0253907
24	33	-0.0257055
41	76	-0.0257192
25	32	-0.0258475
7	72	-0.0259222
54	65	-0.026013
3	75	-0.0260536
24	69	-0.026062
30	51	-0.0260912
29	58	-0.0261057
51	74	-0.0261332
7	53	-0.0261573
38	54	-0.0261714
7	13	-0.0262055
1	32	-0.0262535
27	52	-0.0264638
6	60	-0.0264885
30	59	-0.0266177
24	71	-0.0267161
7	32	-0.0267228
28	55	-0.0267416
31	76	-0.0267934
24	52	-0.0268468
24	74	-0.0269099
66	73	-0.0270151
49	76	-0.0270624
67	74	-0.0271081
50	71	-0.027203
35	47	-0.0273088
10	61	-0.0273113
13	32	-0.0273205
38	62	-0.0274822
26	55	-0.0275052
4	64	-0.0275069
16	40	-0.0275776
9	30	-0.0277994
26	76	-0.0278122
49	51	-0.0278196
11	47	-0.0278266
51	59	-0.0279066
19	29	-0.0279635
12	49	-0.0280245
5	33	-0.028142
35	41	-0.0281972
16	67	-0.0290961
63	70	-0.0291372
6	75	-0.0291726
21	38	-0.0291764
25	68	-0.0292221
40	61	-0.029226
50	61	-0.0293419
24	75	-0.0294241
58	62	-0.0295964
34	76	-0.0299494
21	57	-0.0301506
32	58	-0.0301868
4	44	-0.0303679
31	61	-0.0303764
43	59	-0.0304138
44	68	-0.0304441
19	25	-0.0304582
9	40	-0.0305246
4	39	-0.0307422
7	18	-0.0307486
45	51	-0.03095
28	40	-0.0309506
20	32	-0.0310047
40	53	-0.0310549
31	53	-0.0312385
18	44	-0.0313298
2	28	-0.0313758
52	58	-0.0314725
39	65	-0.031553
37	57	-0.0315886
7	39	-0.0316489
69	71	-0.0316798
9	25	-0.0317634
27	60	-0.0318376
18	21	-0.0319238
20	64	-0.03222
12	52	-0.0322991
58	67	-0.0323432
48	51	-0.0323547
49	69	-0.0325074
15	26	-0.0325763
37	45	-0.0326402
41	74	-0.0327894
33	65	-0.0328101
17	18	-0.032811
41	60	-0.0328714
14	66	-0.0329365
59	69	-0.033054
6	14	-0.0331275
14	67	-0.0331857
4	76	-0.0332178
55	59	-0.0335036
33	61	-0.0335815
8	52	-0.0336858
21	58	-0.033722
14	70	-0.0337468
7	37	-0.0337613
16	72	-0.0337872
38	55	-0.0338031
17	56	-0.0338353
47	62	-0.0338375
24	68	-0.0338804
9	53	-0.033923
39	44	-0.0339326
33	55	-0.0339941
65	66	-0.034042
51	55	-0.0340723
32	64	-0.0340792
2	44	-0.034122
8	56	-0.0341929
1	10	-0.0342276
18	40	-0.0345081
14	22	-0.0345594
1	44	-0.0345605
14	55	-0.0345951
40	46	-0.0346078
11	60	-0.0346093
17	39	-0.0347207
12	33	-0.0347388
22	60	-0.035113
26	31	-0.0353587
12	17	-0.0353678
16	53	-0.0353864
70	75	-0.0353922
7	58	-0.0357924
58	63	-0.035851
18	33	-0.0358577
38	70	-0.0358684
38	52	-0.0359626
40	55	-0.0360152
2	20	-0.036064
2	23	-0.0361617
33	44	-0.0362082
33	41	-0.0365
24	45	-0.0366159
38	71	-0.0366795
2	62	-0.0367881
31	58	-0.0370306
40	67	-0.0371231
12	74	-0.0371531
30	33	-0.0371769
5	49	-0.0371882
7	64	-0.0372081
35	76	-0.0372714
65	70	-0.0373152
29	33	-0.0374098
17	25	-0.0374274
14	38	-0.037448
23	46	-0.0375933
7	50	-0.037595
10	26	-0.0377233
64	75	-0.0378608
10	64	-0.0378788
17	24	-0.0379397
26	49	-0.0380099
12	76	-0.0382485
23	61	-0.0382782
35	64	-0.0383058
32	69	-0.0383224
22	68	-0.0383505
46	62	-0.0383747
22	50	-0.0384551
2	49	-0.0386225
15	42	-0.0388878
60	68	-0.0388975
25	66	-0.039136
23	56	-0.0392971
26	72	-0.0393502
67	75	-0.0393852
35	74	-0.0399835
38	57	-0.0401436
14	32	-0.0401547
70	76	-0.0402458
5	57	-0.0403061
45	65	-0.0403464
10	46	-0.0405384
6	31	-0.0405883
10	52	-0.0408249
14	44	-0.0408936
23	26	-0.0410366
4	24	-0.0410434
69	74	-0.041066
25	49	-0.0410835
51	68	-0.0411023
17	36	-0.0412369
33	53	-0.0412776
22	41	-0.0415018
10	63	-0.0415247
5	26	-0.0415251
21	47	-0.0415481
54	66	-0.0416014
12	75	-0.0417073
42	61	-0.0417817
40	68	-0.0419735
10	51	-0.0420477
57	72	-0.0424356
47	58	-0.042486
4	43	-0.0426227
37	64	-0.0426439
22	57	-0.042945
8	29	-0.0430225
43	68	-0.043098
46	52	-0.0431198
4	67	-0.0431507
34	56	-0.043214
14	68	-0.0433862
12	20	-0.0436082
36	75	-0.0436844
42	66	-0.0437837
28	61	-0.0437939
14	61	-0.0438053
33	36	-0.0439264
12	68	-0.0442943
6	33	-0.0443179
27	58	-0.0443409
24	27	-0.0444916
34	51	-0.0445163
7	51	-0.0445715
26	33	-0.0446469
6	8	-0.0447524
5	54	-0.0449126
1	17	-0.0449177
15	20	-0.0451169
16	69	-0.0452772
52	66	-0.0454385
34	43	-0.0454664
19	63	-0.0456461
5	18	-0.0456944
25	69	-0.0456983
32	48	-0.0457022
43	66	-0.0457308
18	66	-0.0458078
6	20	-0.0460637
48	63	-0.0461337
6	10	-0.046144
17	64	-0.0463528
24	46	-0.0464964
13	61	-0.0466038
37	65	-0.0466413
2	4	-0.0467071
8	62	-0.0468803
8	49	-0.046883
52	73	-0.0469408
39	70	-0.0469901
39	47	-0.0469922
37	41	-0.046993
30	67	-0.0470054
7	42	-0.0471614
8	58	-0.0471662
22	34	-0.0472626
51	70	-0.0473416
16	70	-0.0474864
34	54	-0.0476745
3	19	-0.0478381
14	50	-0.0478573
33	68	-0.0478723
15	44	-0.0478872
3	74	-0.0480299
34	38	-0.048077
13	74	-0.0482151
32	39	-0.0482893
4	55	-0.0483644
1	65	-0.0484021
5	19	-0.0484824
44	50	-0.0486018
60	67	-0.0486899
15	63	-0.0487763
24	65	-0.0487927
28	37	-0.0490925
22	73	-0.0491305
5	29	-0.0494562
3	61	-0.0495701
16	60	-0.049709
44	58	-0.049774
15	25	-0.0498645
6	17	-0.0499202
7	57	-0.0502037
12	59	-0.0502123
44	73	-0.0503156
25	44	-0.0503485
13	76	-0.0503513
6	52	-0.0503727
16	27	-0.0505328
23	52	-0.0506742
56	63	-0.0507526
12	14	-0.0508763
28	33	-0.0508773
24	60	-0.0509009
20	71	-0.0509261
38	53	-0.0510065
9	65	-0.0512493
26	54	-0.0512523
47	63	-0.0513281
27	63	-0.0513647
21	25	-0.0514672
17	33	-0.0514698
17	51	-0.0515152
3	15	-0.0515335
31	50	-0.0515919
61	72	-0.0516475
28	72	-0.0518305
33	62	-0.0518495
36	76	-0.0518698
4	59	-0.0520276
32	44	-0.0520717
28	71	-0.052216
43	62	-0.0522916
2	35	-0.0523077
17	26	-0.0523546
64	73	-0.0523842
46	64	-0.0524133
39	51	-0.0524464
23	51	-0.0524491
4	71	-0.0524816
1	33	-0.0527316
45	50	-0.0527565
5	30	-0.0527729
23	59	-0.0530672
12	67	-0.0531857
1	12	-0.0532483
5	38	-0.0532551
27	44	-0.0532563
38	63	-0.0533824
10	62	-0.0534333
47	52	-0.0534464
47	64	-0.0534502
15	31	-0.0534716
12	18	-0.0534943
24	44	-0.0535488
37	42	-0.0535969
32	49	-0.0536472
10	18	-0.0537519
27	41	-0.0538019
50	60	-0.0539966
25	63	-0.0540873
56	69	-0.0541943
2	69	-0.0542028
32	52	-0.0544813
9	61	-0.0545933
8	61	-0.0545973
11	31	-0.0549231
46	71	-0.0549667
43	70	-0.0550396
11	73	-0.0550559
10	54	-0.0551957
37	46	-0.0552662
1	52	-0.0552723
4	16	-0.055392
20	44	-0.0554397
51	54	-0.0554686
5	47	-0.0556202
3	26	-0.0556985
11	68	-0.0557086
3	42	-0.0557346
18	30	-0.0558329
5	28	-0.0558385
26	37	-0.0559132
14	53	-0.0559642
50	59	-0.0560608
28	65	-0.0566956
27	57	-0.0568232
3	72	-0.0569448
36	74	-0.0570181
48	54	-0.0570247
5	37	-0.0570364
37	40	-0.0570858
33	45	-0.0571108
41	59	-0.0572295
32	70	-0.0575843
28	57	-0.0577953
25	43	-0.0579113
5	62	-0.0580354
15	61	-0.0580634
31	42	-0.0580666
50	52	-0.0581333
2	17	-0.0581473
48	73	-0.0581538
8	44	-0.0581676
61	63	-0.0581926
43	53	-0.0582861
11	48	-0.0583328
21	28	-0.0583848
27	38	-0.0585339
16	55	-0.058623
15	41	-0.0586496
6	39	-0.0588367
13	42	-0.058918
47	71	-0.0589346
24	62	-0.0589435
10	70	-0.058947
40	48	-0.0590959
14	17	-0.0591086
3	45	-0.0591533
18	34	-0.0591574
6	15	-0.0593201
61	66	-0.0593963
39	73	-0.0594757
15	24	-0.0594976
10	57	-0.0596276
29	71	-0.059641
16	26	-0.059773
11	17	-0.0598741
36	57	-0.0599017
33	43	-0.0599491
15	32	-0.0599649
30	55	-0.0599713
10	42	-0.0600018
27	28	-0.0600354
3	64	-0.0600593
1	40	-0.0601114
2	46	-0.0602672
24	38	-0.0602824
28	31	-0.0602883
2	43	-0.0605218
14	43	-0.0605625
34	42	-0.0605887
10	37	-0.0606556
24	47	-0.06069
19	68	-0.0607422
58	70	-0.0610677
18	32	-0.0611089
8	9	-0.0611389
2	55	-0.0613858
13	53	-0.0614332
3	58	-0.0615234
3	46	-0.0615268
4	19	-0.0616023
20	68	-0.0616404
14	26	-0.061764
62	70	-0.0617831
30	37	-0.061789
2	61	-0.0618212
44	71	-0.0619242
43	69	-0.0619954
51	67	-0.0621229
18	23	-0.0624347
59	70	-0.0624452
4	10	-0.0625779
37	69	-0.0626735
65	68	-0.0626936
47	57	-0.0627757
7	27	-0.0629339
54	72	-0.0629524
7	38	-0.0629681
8	40	-0.0630225
8	23	-0.0630569
8	39	-0.0630783
23	29	-0.0633268
23	27	-0.0634444
4	40	-0.063459
46	61	-0.0635843
18	43	-0.0636199
3	57	-0.0636275
43	58	-0.0636586
23	58	-0.063789
20	52	-0.0638443
15	28	-0.063852
18	68	-0.0640988
32	42	-0.0641321
16	51	-0.0641717
58	66	-0.0642289
24	59	-0.0642377
24	34	-0.0643611
3	17	-0.0643978
12	63	-0.0644194
29	44	-0.0646213
39	48	-0.0646487
15	52	-0.064666
1	46	-0.0646871
35	52	-0.0647316
53	69	-0.0647333
36	56	-0.0647536
12	29	-0.0647702
45	63	-0.0649667
9	35	-0.0650803
45	58	-0.0651065
11	38	-0.065173
21	62	-0.0653128
31	37	-0.0653927
7	41	-0.065493
10	53	-0.0657231
44	57	-0.0658082
25	57	-0.0658649
43	45	-0.0658706
22	32	-0.0658956
13	29	-0.0659681
23	54	-0.0659688
41	65	-0.0662857
20	57	-0.0663522
44	56	-0.0663778
43	72	-0.0665304
18	65	-0.0665458
41	47	-0.0665661
60	69	-0.0666965
39	66	-0.0670115
53	70	-0.0671311
43	71	-0.0672144
56	71	-0.0673277
29	53	-0.067453
30	38	-0.0675311
18	37	-0.0675535
40	64	-0.0675657
3	54	-0.0677744
41	61	-0.0678088
9	36	-0.0680893
43	50	-0.0682023
41	49	-0.0685506
18	62	-0.0689218
30	68	-0.0689425
6	44	-0.0690746
46	65	-0.0690824
16	71	-0.0692095
52	56	-0.0693381
10	16	-0.0694785
12	25	-0.0695659
29	47	-0.0695871
21	29	-0.0696432
19	70	-0.0696438
1	48	-0.069658
14	69	-0.0696646
29	60	-0.0698628
4	25	-0.0698865
4	60	-0.0699168
3	52	-0.070035
1	21	-0.0700977
18	50	-0.0701076
30	71	-0.0702168
17	22	-0.0702673
3	16	-0.0703193
4	14	-0.0704259
45	48	-0.0706006
27	45	-0.0708115
61	67	-0.0709809
30	69	-0.0710731
49	60	-0.0711073
14	49	-0.0711603
12	51	-0.071178
8	46	-0.0714904
46	70	-0.0715571
22	39	-0.0716104
4	31	-0.0716157
2	52	-0.0716275
4	48	-0.0717597
15	38	-0.0717791
21	65	-0.0718013
33	52	-0.0718476
10	44	-0.0718504
23	36	-0.0718831
38	42	-0.0719409
27	33	-0.0719829
1	55	-0.0720734
30	54	-0.0721457
20	61	-0.0722172
30	48	-0.0722207
10	21	-0.0722785
10	27	-0.0722967
27	31	-0.0723234
18	46	-0.0723709
17	54	-0.0724689
41	64	-0.0724912
5	53	-0.0725173
17	70	-0.0725204
17	41	-0.0728996
18	45	-0.0730065
10	20	-0.0733993
33	42	-0.0734034
7	21	-0.0734477
15	43	-0.0734975
19	52	-0.0735018
28	70	-0.0735726
3	63	-0.0736128
12	37	-0.0738378
20	46	-0.073962
44	62	-0.0740513
9	62	-0.0740627
33	73	-0.0740859
16	32	-0.0741403
66	72	-0.0742076
25	39	-0.0743306
36	62	-0.0743582
48	67	-0.0745413
3	14	-0.0745417
20	67	-0.0748736
15	62	-0.0749033
29	57	-0.0749784
30	46	-0.0751576
6	11	-0.0751937
41	43	-0.0752735
11	49	-0.0753174
25	37	-0.0753847
12	46	-0.0756921
10	65	-0.0756935
32	56	-0.075773
20	48	-0.0758181
7	68	-0.0758331
43	51	-0.0759138
5	42	-0.0761179
48	71	-0.0762105
29	68	-0.0763101
27	51	-0.0763602
33	71	-0.0765333
13	69	-0.0765978
51	53	-0.0768216
36	61	-0.0768615
5	40	-0.0769674
37	48	-0.0772333
22	69	-0.0772405
21	72	-0.0772831
12	35	-0.0773863
14	45	-0.077415
1	69	-0.0776012
20	27	-0.0776659
33	49	-0.0776963
37	63	-0.0777032
7	63	-0.0777493
27	65	-0.077772
5	7	-0.0778756
19	30	-0.0778816
19	27	-0.0779461
11	58	-0.0779974
20	22	-0.0780072
54	62	-0.078159
19	51	-0.0781692
25	73	-0.078193
15	37	-0.0781987
54	73	-0.078223
26	70	-0.078366
25	55	-0.0784804
21	37	-0.0785147
27	68	-0.078598
42	72	-0.0788073
46	57	-0.0789563
33	38	-0.0790878
34	69	-0.0790995
36	49	-0.0791255
24	37	-0.0791479
26	39	-0.0792928
7	16	-0.0793979
2	13	-0.079575
29	50	-0.0797059
42	60	-0.0797188
31	47	-0.0797833
24	73	-0.0798565
19	33	-0.0799725
41	53	-0.0801423
32	41	-0.0802148
19	44	-0.080239
21	56	-0.0802901
15	35	-0.0803927
6	61	-0.0806734
10	69	-0.08069
46	53	-0.0808266
1	56	-0.0808573
39	61	-0.0809344
2	53	-0.0810529
11	37	-0.0810731
35	58	-0.0811044
9	37	-0.0812658
29	32	-0.0815125
3	51	-0.0815641
33	64	-0.0815704
8	53	-0.0817326
34	59	-0.0817707
67	69	-0.0818664
40	72	-0.0820636
62	72	-0.0820992
6	43	-0.0821093
22	30	-0.082171
24	49	-0.0822215
2	34	-0.0824195
25	29	-0.0825304
31	57	-0.0826025
38	51	-0.0826312
47	54	-0.0827828
35	62	-0.0828326
9	39	-0.0828406
15	60	-0.0830553
41	57	-0.0830771
16	22	-0.0831348
1	53	-0.0831481
51	58	-0.0833066
36	69	-0.083388
66	68	-0.0834901
40	56	-0.0836233
16	31	-0.0836297
4	15	-0.083656
1	61	-0.0838719
54	69	-0.0839427
4	50	-0.0839761
9	38	-0.084084
37	47	-0.0841157
36	54	-0.0841213
25	58	-0.0841617
5	64	-0.0842348
47	66	-0.0843275
27	67	-0.0843977
49	62	-0.0844903
13	65	-0.0850786
6	9	-0.0851038
17	63	-0.0852618
25	64	-0.0852678
51	57	-0.0853358
4	21	-0.0853913
42	57	-0.0854001
20	34	-0.0855491
31	56	-0.0856466
62	64	-0.0857555
1	25	-0.0858228
2	15	-0.0859463
7	73	-0.0859582
10	19	-0.085965
28	44	-0.0861006
13	55	-0.0861884
21	24	-0.0862632
12	57	-0.0865168
12	64	-0.0865382
1	62	-0.0865562
6	24	-0.0868178
44	64	-0.0868242
61	71	-0.0868398
14	59	-0.0868567
22	62	-0.0870354
14	34	-0.087211
54	70	-0.0872499
41	48	-0.0872657
29	61	-0.0873025
18	27	-0.0873456
41	50	-0.0873896
38	58	-0.0874356
38	64	-0.0874498
11	66	-0.0874972
32	63	-0.0875159
12	58	-0.0875828
22	70	-0.0877412
5	11	-0.0877514
57	67	-0.0878537
61	68	-0.0880261
46	56	-0.0882448
39	69	-0.0883698
29	70	-0.0883948
11	65	-0.0884217
19	62	-0.0885726
67	72	-0.088717
41	46	-0.0888225
27	50	-0.0889225
4	47	-0.0890345
5	9	-0.0890711
13	58	-0.0893533
1	43	-0.0893746
6	54	-0.0893961
23	64	-0.0893977
18	25	-0.0896929
8	31	-0.0899801
61	73	-0.09004
32	43	-0.0900433
23	48	-0.0902376
56	73	-0.0902747
14	19	-0.0902925
30	35	-0.0904354
18	63	-0.0908674
2	45	-0.0910723
11	69	-0.0911494
49	54	-0.0911631
13	41	-0.0913208
32	51	-0.0917851
58	73	-0.0918041
46	54	-0.0918664
13	38	-0.0919158
9	32	-0.0920674
25	41	-0.0922948
32	67	-0.0923965
23	53	-0.0924592
13	28	-0.0924604
3	55	-0.0925
11	46	-0.0925996
12	28	-0.0927996
21	73	-0.0929342
44	61	-0.0929486
47	69	-0.0931841
35	43	-0.0933132
16	30	-0.0933169
28	39	-0.0933288
35	55	-0.0935547
6	23	-0.0936497
11	28	-0.0936876
1	6	-0.0938466
39	53	-0.0938595
31	69	-0.0939833
38	56	-0.0941307
5	60	-0.0942495
12	27	-0.0942831
27	54	-0.094286
23	35	-0.0943238
43	65	-0.0943285
17	53	-0.0944403
65	67	-0.0949603
18	22	-0.0950355
17	50	-0.0951267
3	41	-0.0951421
28	66	-0.0951558
19	39	-0.0952243
14	58	-0.0952854
18	38	-0.0952959
31	32	-0.0953028
17	61	-0.0954688
13	52	-0.095478
4	42	-0.0954807
7	62	-0.0955536
6	68	-0.0955747
7	61	-0.0955914
27	37	-0.0958431
1	42	-0.0961012
3	29	-0.0961695
40	42	-0.0963966
31	71	-0.0965176
2	6	-0.0968045
41	58	-0.0968429
3	59	-0.0968778
27	61	-0.0969702
11	42	-0.0970433
24	67	-0.0971664
10	72	-0.0972253
43	61	-0.0972871
4	18	-0.0973604
2	57	-0.0974673
25	53	-0.0975501
12	53	-0.0975775
30	44	-0.0976521
39	43	-0.0976608
31	70	-0.0977648
57	62	-0.0977678
41	71	-0.0979587
10	58	-0.0980041
39	64	-0.0980182
23	44	-0.0980651
26	59	-0.098145
63	68	-0.0982084
13	49	-0.0982105
7	45	-0.0983041
5	61	-0.0983388
7	24	-0.0983436
20	53	-0.0983579
11	43	-0.0984504
10	49	-0.0986166
27	48	-0.0988199
18	64	-0.0989818
37	44	-0.0994737
16	24	-0.0994923
18	71	-0.0996138
38	50	-0.0998496
26	60	-0.100131
12	66	-0.100186
24	58	-0.100206
11	53	-0.100381
35	61	-0.100384
60	70	-0.100405
20	62	-0.100514
40	58	-0.100933
13	68	-0.101211
12	44	-0.101355
21	31	-0.101425
3	32	-0.101515
6	16	-0.101576
54	68	-0.101702
22	58	-0.101731
4	57	-0.101896
22	67	-0.101976
8	10	-0.102083
60	72	-0.102332
15	34	-0.102617
4	32	-0.102804
26	66	-0.102813
60	64	-0.102965
28	68	-0.103215
36	71	-0.103303
16	56	-0.103917
19	49	-0.104127
65	72	-0.104167
30	57	-0.104187
3	28	-0.104257
62	65	-0.104579
4	26	-0.104779
4	61	-0.104788
15	67	-0.104803
34	37	-0.104835
15	55	-0.104904
8	19	-0.104933
10	41	-0.105202
43	67	-0.105212
24	28	-0.105241
3	18	-0.105291
22	40	-0.105401
44	52	-0.105406
31	64	-0.105444
5	46	-0.105524
62	68	-0.105739
4	58	-0.10575
52	69	-0.106188
23	66	-0.106239
23	62	-0.106522
12	71	-0.106551
28	46	-0.106646
40	69	-0.106784
26	63	-0.106934
15	72	-0.106998
29	55	-0.107154
25	51	-0.107187
6	51	-0.107283
13	70	-0.107347
6	7	-0.107459
4	12	-0.107496
1	20	-0.107666
18	31	-0.107883
42	63	-0.10832
5	20	-0.108664
22	53	-0.108721
5	25	-0.108856
21	32	-0.109204
29	42	-0.109351
41	62	-0.10939
42	64	-0.109707
14	36	-0.109787
10	43	-0.11
17	72	-0.110025
24	43	-0.110091
26	65	-0.110104
17	34	-0.110121
15	27	-0.110156
33	50	-0.11026
62	69	-0.110367
46	72	-0.110393
36	59	-0.11058
16	52	-0.11062
22	66	-0.110734
34	50	-0.110843
30	73	-0.110903
13	34	-0.110937
25	72	-0.111087
28	45	-0.111209
18	28	-0.111555
15	69	-0.111602
6	13	-0.111618
14	28	-0.111701
4	73	-0.111848
4	13	-0.111884
41	55	-0.111958
12	54	-0.112002
6	48	-0.112025
10	60	-0.11219
68	71	-0.112247
24	42	-0.112284
1	50	-0.1123
10	22	-0.112318
4	9	-0.112366
5	66	-0.112438
1	47	-0.112466
2	50	-0.112527
30	42	-0.112988
12	42	-0.113049
14	64	-0.113088
31	67	-0.113191
8	65	-0.113245
29	62	-0.113369
7	29	-0.113445
61	64	-0.11355
27	49	-0.113576
6	57	-0.113589
29	59	-0.113693
38	60	-0.113696
8	12	-0.113768
66	70	-0.11377
22	52	-0.11384
16	62	-0.113914
52	72	-0.113983
12	73	-0.114001
14	51	-0.114106
65	73	-0.114179
47	50	-0.114338
12	61	-0.114428
43	47	-0.114468
50	56	-0.115011
2	38	-0.115056
3	9	-0.115208
48	68	-0.115242
16	36	-0.115289
23	72	-0.11542
46	55	-0.11568
34	64	-0.115688
13	48	-0.115923
9	31	-0.116189
24	53	-0.116451
6	29	-0.116557
17	29	-0.116861
46	68	-0.116874
47	72	-0.116901
7	23	-0.116946
37	50	-0.116989
21	39	-0.117259
27	39	-0.117273
5	50	-0.117727
3	49	-0.117954
20	43	-0.118248
23	41	-0.118297
4	36	-0.118365
57	69	-0.118537
51	66	-0.11857
29	66	-0.118806
2	25	-0.118971
21	26	-0.119018
45	55	-0.119274
20	55	-0.119404
25	48	-0.119408
5	72	-0.119439
20	72	-0.119734
44	72	-0.119752
42	65	-0.119754
23	57	-0.119786
12	60	-0.120158
7	54	-0.12025
27	69	-0.120282
32	60	-0.120568
11	16	-0.120595
6	36	-0.120843
24	54	-0.120963
3	65	-0.121004
45	60	-0.121032
19	67	-0.121057
14	54	-0.121065
6	56	-0.121094
29	46	-0.12119
31	63	-0.121201
41	52	-0.121227
39	67	-0.12123
39	57	-0.121239
13	66	-0.121309
23	69	-0.121354
11	54	-0.121371
2	39	-0.121459
6	12	-0.121468
4	38	-0.121633
2	47	-0.121642
21	54	-0.121775
23	42	-0.122174
33	56	-0.122399
22	64	-0.122566
63	67	-0.122774
2	51	-0.122792
18	72	-0.122812
17	31	-0.122822
29	43	-0.12287
8	25	-0.122895
13	16	-0.123174
1	26	-0.123229
35	54	-0.123317
20	65	-0.123423
31	59	-0.123673
36	64	-0.123708
18	52	-0.123835
39	71	-0.1239
9	34	-0.123923
14	65	-0.123975
52	64	-0.124387
35	42	-0.124419
35	66	-0.124483
26	30	-0.124516
19	69	-0.124528
15	64	-0.124665
2	11	-0.124862
25	62	-0.124863
52	65	-0.124867
35	53	-0.125073
57	70	-0.12522
18	49	-0.125222
49	73	-0.125342
43	73	-0.125546
37	43	-0.125586
3	67	-0.125807
43	49	-0.125821
7	15	-0.126577
22	42	-0.126661
9	69	-0.126687
47	68	-0.126791
3	62	-0.126957
4	37	-0.12713
24	48	-0.127155
35	59	-0.12716
7	70	-0.12717
20	25	-0.127232
6	49	-0.127337
18	39	-0.127511
59	63	-0.127806
6	55	-0.127814
53	73	-0.12784
23	60	-0.127874
28	56	-0.127987
2	30	-0.128439
13	57	-0.128513
55	67	-0.128582
29	63	-0.128764
12	72	-0.128814
19	43	-0.128927
16	46	-0.129032
20	24	-0.129108
39	42	-0.129175
22	54	-0.12922
3	31	-0.129502
12	30	-0.129502
36	66	-0.129731
38	68	-0.129803
27	64	-0.130462
8	22	-0.130474
31	49	-0.130527
21	61	-0.130547
8	41	-0.130622
13	40	-0.130635
6	37	-0.130844
50	69	-0.130845
34	58	-0.131152
11	67	-0.131418
6	65	-0.131571
2	33	-0.131589
3	48	-0.131768
42	73	-0.132323
48	49	-0.132453
3	30	-0.13247
36	53	-0.133277
7	69	-0.133305
24	51	-0.133494
6	35	-0.133555
10	17	-0.133719
21	52	-0.133913
29	48	-0.133935
13	54	-0.133982
53	66	-0.133992
13	36	-0.134253
28	59	-0.134331
32	66	-0.134997
28	34	-0.135177
31	48	-0.13525
38	66	-0.135775
23	49	-0.135892
38	61	-0.136201
11	21	-0.136297
1	54	-0.136346
42	50	-0.136898
10	14	-0.136933
55	73	-0.137134
37	39	-0.13729
29	64	-0.137339
60	65	-0.137624
3	47	-0.137712
9	51	-0.137803
39	63	-0.137911
9	15	-0.137956
30	49	-0.138632
22	31	-0.138798
48	69	-0.139357
44	66	-0.139405
32	71	-0.139517
49	52	-0.139626
28	38	-0.139938
19	46	-0.140251
10	29	-0.140258
9	50	-0.140541
25	36	-0.140777
14	20	-0.140834
51	69	-0.141008
68	72	-0.141489
8	36	-0.141554
4	65	-0.141609
1	28	-0.141749
7	59	-0.141786
12	41	-0.142108
42	46	-0.142474
59	67	-0.142608
1	16	-0.142619
26	61	-0.142659
2	9	-0.142695
24	56	-0.14282
1	49	-0.142896
9	71	-0.142918
45	66	-0.143006
30	58	-0.143103
9	29	-0.143127
49	67	-0.143363
9	20	-0.14351
47	51	-0.144078
37	68	-0.144278
15	68	-0.144902
10	30	-0.145187
30	45	-0.145282
35	48	-0.14546
12	32	-0.14547
1	9	-0.145623
26	48	-0.145688
48	65	-0.145702
6	28	-0.145712
65	69	-0.14578
3	34	-0.146098
28	63	-0.146131
26	27	-0.146175
4	7	-0.146218
2	32	-0.146262
11	71	-0.146455
39	68	-0.14664
29	51	-0.14669
12	39	-0.146877
6	19	-0.146902
36	44	-0.147211
10	73	-0.14734
7	26	-0.147383
16	41	-0.147537
37	59	-0.147689
5	22	-0.147695
25	30	-0.14774
49	68	-0.147793
21	41	-0.147862
26	40	-0.147926
36	52	-0.148958
48	70	-0.148992
40	71	-0.149158
30	65	-0.149294
35	71	-0.149519
22	51	-0.149631
41	66	-0.149757
3	7	-0.14998
53	63	-0.149998
42	44	-0.150017
2	31	-0.150172
21	30	-0.150613
13	31	-0.150647
22	56	-0.150713
21	40	-0.150756
6	32	-0.150757
22	28	-0.150813
16	29	-0.151205
29	52	-0.151217
12	50	-0.151282
50	62	-0.15135
2	10	-0.151705
4	27	-0.151711
40	50	-0.151913
15	50	-0.15192
43	55	-0.151987
5	23	-0.152515
20	39	-0.152596
5	24	-0.152627
68	73	-0.15272
20	21	-0.153204
42	55	-0.153277
31	43	-0.153323
4	41	-0.153364
23	65	-0.153424
2	5	-0.153527
4	35	-0.153636
27	35	-0.153648
27	70	-0.153947
4	52	-0.154404
42	68	-0.154449
23	50	-0.154565
1	67	-0.154608
40	51	-0.154625
11	56	-0.15476
37	67	-0.154879
67	70	-0.154992
32	45	-0.155006
24	57	-0.155008
7	67	-0.155193
17	48	-0.155596
28	50	-0.155991
39	56	-0.156353
11	20	-0.15654
7	9	-0.156586
52	71	-0.156898
23	71	-0.157317
28	35	-0.157656
34	70	-0.157901
9	58	-0.157909
55	72	-0.157913
2	7	-0.158317
40	65	-0.158941
21	53	-0.158985
19	40	-0.159258
23	40	-0.159588
3	8	-0.159952
14	63	-0.16032
7	71	-0.160365
64	68	-0.160644
5	35	-0.161038
1	19	-0.161144
4	22	-0.161237
49	56	-0.161479
42	59	-0.161718
68	70	-0.161721
35	49	-0.162125
3	24	-0.162157
3	60	-0.162205
5	21	-0.162661
51	71	-0.16277
11	27	-0.16309
28	64	-0.163277
7	47	-0.163306
42	71	-0.163617
8	34	-0.163778
52	60	-0.163957
42	70	-0.164555
23	73	-0.16491
46	50	-0.164966
26	51	-0.165602
5	48	-0.165702
2	42	-0.165758
8	20	-0.166385
40	44	-0.166402
25	31	-0.16669
18	35	-0.166978
9	63	-0.166981
21	68	-0.167239
2	41	-0.168247
36	60	-0.16827
23	39	-0.168527
32	55	-0.168631
10	35	-0.168707
54	63	-0.168735
19	36	-0.169297
45	57	-0.169502
26	69	-0.169605
5	13	-0.169859
38	73	-0.169882
19	59	-0.170056
23	32	-0.170202
42	56	-0.170311
2	19	-0.170382
54	67	-0.170666
40	63	-0.170716
7	35	-0.171113
45	70	-0.171131
30	70	-0.171296
49	59	-0.171914
4	23	-0.172493
24	70	-0.172726
9	70	-0.172945
3	11	-0.172966
3	40	-0.173008
53	68	-0.173368
25	40	-0.173886
19	21	-0.173897
60	73	-0.173951
41	70	-0.174181
48	72	-0.174236
39	59	-0.174737
5	52	-0.174817
21	60	-0.174843
1	13	-0.175368
15	66	-0.175753
1	70	-0.175859
40	49	-0.175947
30	63	-0.176006
28	51	-0.176126
11	70	-0.176136
23	68	-0.176327
2	66	-0.176929
23	30	-0.177229
8	70	-0.177718
2	18	-0.178041
6	22	-0.178231
2	29	-0.178711
59	72	-0.178932
34	39	-0.179046
12	62	-0.179268
64	69	-0.179555
42	51	-0.179567
19	24	-0.179573
60	62	-0.180629
6	69	-0.18088
7	11	-0.181028
66	67	-0.181334
2	68	-0.181389
1	64	-0.181545
35	50	-0.18164
19	72	-0.182007
18	36	-0.182509
21	69	-0.182642
53	71	-0.183079
11	50	-0.183603
11	57	-0.183642
47	73	-0.184233
8	45	-0.185324
34	45	-0.185399
5	71	-0.185713
66	71	-0.186023
7	44	-0.186464
34	53	-0.18693
13	43	-0.187205
10	56	-0.187431
3	5	-0.187654
50	70	-0.187887
5	12	-0.187948
45	73	-0.188424
7	36	-0.188557
27	29	-0.188898
19	35	-0.189491
34	52	-0.189802
19	38	-0.189803
11	51	-0.189821
13	37	-0.190135
3	66	-0.190769
12	40	-0.191009
34	61	-0.191567
9	66	-0.191912
11	64	-0.191936
25	60	-0.192195
22	63	-0.192424
28	48	-0.192813
13	39	-0.195072
5	15	-0.195288
9	49	-0.195817
19	71	-0.195963
36	68	-0.196687
24	63	-0.197249
52	68	-0.197924
13	60	-0.198666
36	58	-0.19971
21	67	-0.199905
23	43	-0.200603
4	29	-0.20104
2	63	-0.203053
29	69	-0.203061
4	66	-0.20414
31	73	-0.205158
63	71	-0.205161
10	40	-0.205363
56	65	-0.205949
40	45	-0.206108
40	70	-0.207557
41	72	-0.208112
34	49	-0.208339
50	72	-0.208351
23	28	-0.208521
18	73	-0.208591
24	64	-0.209081
1	30	-0.209643
26	35	-0.210048
66	69	-0.210132
10	71	-0.210408
30	72	-0.21041
1	29	-0.211698
13	67	-0.211754
15	70	-0.211983
1	3	-0.212708
7	12	-0.213106
24	50	-0.2134
28	73	-0.213478
2	40	-0.214218
2	36	-0.214917
9	41	-0.215227
36	46	-0.216331
41	51	-0.216673
13	50	-0.218062
15	73	-0.218149
12	43	-0.21921
22	29	-0.22007
4	62	-0.221684
15	36	-0.223346
23	31	-0.225094
19	22	-0.225206
41	63	-0.227106
11	19	-0.227655
36	48	-0.228613
5	36	-0.228729
35	65	-0.229399
31	38	-0.230037
3	50	-0.230437
25	71	-0.232422
36	67	-0.233464
64	72	-0.233628
16	35	-0.234386
3	68	-0.236306
8	35	-0.237468
3	39	-0.238904
29	72	-0.245021
5	31	-0.24747
13	51	-0.255448
45	71	-0.257015
11	63	-0.263609
18	70	-0.268101
13	72	-0.269137
5	39	-0.269727
41	69	-0.270847
12	31	-0.270998
34	62	-0.271946
1	41	-0.280367
35	67	-0.280802
13	63	-0.281375
31	46	-0.286786
13	64	-0.299822
13	35	-0.312116
13	73	-0.328649