#==========================================================================
# The first and second rows contain site pairs (i, j) such that j > i
# The third row contains coevolutionary scores obtained 
# using Boltzmann learning algorithm.
# Note that in this data sites are counted/labelled starting from 1
#==========================================================================
42	43	2.44347
1	29	1.01849
1	41	0.996533
1	43	0.882459
1	42	0.877056
33	41	0.775433
29	41	0.494436
29	42	0.474489
29	33	0.466445
29	43	0.460656
30	41	0.246483
30	34	0.237994
36	37	0.148006
39	40	0.142316
41	43	0.142099
30	31	0.140653
41	42	0.139545
37	38	0.119522
36	38	0.0992235
29	34	0.094918
34	41	0.0867851
38	39	0.086641
37	39	0.0821325
32	38	0.0788583
28	31	0.0702557
33	42	0.0678156
33	43	0.0646373
36	39	0.0625952
32	36	0.0615262
34	37	0.0602008
35	37	0.0594485
32	37	0.0581414
31	32	0.0541513
32	40	0.0511856
34	39	0.0494056
32	39	0.0465984
38	40	0.0465014
1	30	0.0450734
35	39	0.0441728
4	28	0.0440887
40	41	0.042808
35	38	0.0417261
28	30	0.0404244
35	36	0.0380414
37	40	0.0366234
30	32	0.0358949
34	38	0.0350313
31	37	0.0298098
25	28	0.0292656
31	38	0.0287334
6	28	0.0284283
31	39	0.0283747
36	40	0.027219
3	36	0.0258412
4	31	0.0258089
19	23	0.0254424
28	38	0.0252055
20	28	0.0250003
30	39	0.0245622
28	37	0.0243898
9	28	0.0242824
7	28	0.0241029
11	14	0.0237099
18	28	0.022663
17	28	0.0224203
26	35	0.0220568
15	39	0.0213034
13	31	0.0210994
21	28	0.0204187
10	28	0.0202257
28	32	0.0192761
14	31	0.0188618
11	28	0.0187909
15	35	0.0187909
28	39	0.0186617
26	28	0.0185934
22	28	0.0181518
5	31	0.0180215
32	34	0.0179722
13	28	0.0179524
25	39	0.0178553
2	28	0.017719
27	28	0.017661
8	28	0.0175047
3	35	0.0174543
13	38	0.0174253
13	39	0.0174052
6	31	0.0173482
22	36	0.0171429
15	23	0.0169335
17	36	0.0165817
5	28	0.0163778
2	31	0.0163578
10	32	0.0163448
6	35	0.0162041
16	28	0.0162008
17	37	0.0160372
10	39	0.0159022
3	28	0.015884
20	37	0.0157642
20	36	0.0157635
20	31	0.015526
15	28	0.0154919
23	28	0.0152735
20	39	0.0152258
28	36	0.0149842
26	39	0.0148417
22	31	0.0147367
14	28	0.0146275
10	31	0.014465
34	35	0.0142994
35	40	0.0142119
26	31	0.0139815
15	31	0.0137844
3	31	0.0137087
24	38	0.0136724
12	28	0.0135827
6	36	0.0134651
24	28	0.0130843
12	31	0.0130768
4	37	0.0129389
16	31	0.0128584
2	38	0.0127029
16	38	0.0125751
14	32	0.0125557
4	38	0.0124185
18	27	0.012404
24	31	0.0123649
18	35	0.0123331
25	35	0.0122028
19	35	0.0119189
26	37	0.0119092
7	27	0.0118134
28	34	0.0117022
11	31	0.0115574
24	35	0.0114375
23	31	0.0114046
25	31	0.010932
19	38	0.0108509
7	35	0.0107759
7	31	0.0107559
5	37	0.0106497
19	28	0.010556
23	36	0.0104111
21	31	0.01032
10	37	0.0101937
7	37	0.010086
12	39	0.00995184
9	35	0.00986912
22	32	0.00984112
14	38	0.0097266
21	36	0.00971713
19	31	0.00970286
5	39	0.00956679
13	37	0.00954891
24	37	0.00950826
5	38	0.00936078
14	37	0.0093433
4	39	0.00930008
22	37	0.00912955
25	37	0.00891735
27	31	0.00885799
20	38	0.00878264
4	32	0.00877699
12	37	0.00870664
13	35	0.00869769
17	32	0.0086653
9	31	0.0086463
20	32	0.00857239
8	31	0.00852181
4	23	0.00842892
4	36	0.008392
22	35	0.00826532
8	35	0.00825146
24	36	0.00824048
17	38	0.00822908
19	40	0.00821069
18	39	0.0082096
7	39	0.00805386
11	35	0.00804101
11	36	0.00797759
18	31	0.00790374
18	22	0.0077818
22	39	0.00765777
12	32	0.00754621
11	39	0.00749058
11	37	0.00735959
7	36	0.00733314
17	31	0.00731978
13	36	0.00716366
22	38	0.00714767
17	39	0.00708982
15	38	0.00700562
5	9	0.00688459
26	32	0.00687341
27	32	0.00686149
18	38	0.00677286
12	38	0.00669976
7	32	0.00663567
30	37	0.00662044
21	38	0.0065309
26	36	0.00651665
11	38	0.00643335
27	38	0.00638996
8	39	0.00624732
6	38	0.00615248
16	32	0.00612133
3	39	0.00608064
17	35	0.00607564
21	39	0.00605509
18	37	0.00597233
12	35	0.0059591
13	32	0.00591551
23	39	0.00591408
14	39	0.00583247
26	38	0.00580505
5	35	0.00576901
9	19	0.00572055
9	39	0.00566552
4	26	0.00556161
18	36	0.00548334
27	36	0.0054142
2	35	0.00524037
31	35	0.00522484
8	10	0.00512611
25	38	0.00503784
10	38	0.00502463
2	37	0.00498547
10	36	0.00497049
14	36	0.00489944
23	35	0.00489716
7	16	0.00485605
6	37	0.00477969
19	32	0.00472171
7	38	0.00472152
25	26	0.00446324
16	39	0.00441705
8	13	0.00433684
10	35	0.00421754
14	35	0.00418561
2	39	0.00418503
18	32	0.00415993
5	40	0.00408419
8	32	0.00403667
9	37	0.00402839
6	39	0.00401338
24	32	0.00400385
6	32	0.00392331
27	39	0.00390317
19	39	0.00387293
25	36	0.00372769
5	36	0.00372553
6	34	0.00367884
2	36	0.00361716
3	37	0.003578
8	26	0.00351287
23	38	0.00323678
22	34	0.00316951
2	12	0.00309379
16	37	0.00296747
3	4	0.00278627
16	36	0.00270637
9	22	0.00267646
19	24	0.00262783
4	40	0.00254279
4	34	0.00248557
13	40	0.00238628
9	38	0.00238547
21	37	0.00194064
21	35	0.00190194
20	35	0.00179595
2	32	0.00173567
3	32	0.00160596
24	39	0.0015389
25	32	0.00138286
8	36	0.00134796
21	32	0.00112843
2	19	0.00107552
15	36	0.000826527
15	37	0.000795282
23	37	0.000769915
27	37	0.000729176
11	32	0.000580838
8	38	0.000552673
5	32	0.000376726
2	34	0.00030342
6	23	0.00026401
9	40	0.000263359
15	18	0.000122835
23	32	1.62755e-05
6	25	-0.000282673
5	19	-0.000290993
4	35	-0.000349414
6	24	-0.000355925
24	34	-0.000375539
2	8	-0.000441795
9	20	-0.000553368
17	20	-0.000563272
19	37	-0.000604771
33	37	-0.000689763
6	19	-0.000732037
2	15	-0.000736322
15	32	-0.000799893
17	19	-0.00110576
3	38	-0.00116586
16	30	-0.00121177
15	16	-0.00121978
17	26	-0.00123412
32	35	-0.00127595
9	17	-0.00143018
20	26	-0.00156156
16	19	-0.00175203
5	22	-0.00183551
40	42	-0.00183586
21	26	-0.00183978
33	40	-0.00199028
9	36	-0.00201262
12	36	-0.00204717
7	9	-0.00205185
9	32	-0.00233242
15	27	-0.00235052
8	21	-0.00246597
18	34	-0.00276733
19	36	-0.00280159
16	35	-0.00286756
4	27	-0.00290361
27	35	-0.00315726
21	25	-0.00322598
3	21	-0.00338748
26	40	-0.00346112
34	36	-0.00348485
16	17	-0.00358315
3	7	-0.00376937
15	25	-0.00377672
9	25	-0.00379916
3	27	-0.0038939
5	18	-0.00391678
16	34	-0.00422112
11	34	-0.00434846
13	24	-0.00439325
31	34	-0.00444559
7	34	-0.004464
27	34	-0.00464574
31	36	-0.0046737
24	25	-0.00467432
8	11	-0.00479795
2	18	-0.00492702
12	14	-0.0050268
20	40	-0.00512184
15	40	-0.00532359
8	37	-0.00533486
21	30	-0.00541862
8	34	-0.00554015
2	30	-0.00582659
23	34	-0.00584519
29	30	-0.00589367
12	21	-0.00595167
16	23	-0.00601687
17	34	-0.00610838
18	24	-0.00612485
2	6	-0.00616819
12	17	-0.00624037
10	40	-0.00642794
25	34	-0.0069261
7	12	-0.00704537
17	30	-0.00713463
3	9	-0.00736465
16	40	-0.00739868
22	40	-0.00753319
12	40	-0.00754814
3	40	-0.00756879
16	26	-0.00758422
25	40	-0.00760413
6	17	-0.00762794
20	27	-0.00780162
11	19	-0.00822738
8	27	-0.00857528
4	30	-0.00857911
21	40	-0.0086696
16	25	-0.00881895
14	34	-0.00887367
24	40	-0.00920505
19	25	-0.00936535
12	25	-0.00937535
9	34	-0.00938039
30	35	-0.00943011
14	40	-0.00952945
20	34	-0.00953495
3	11	-0.00962923
23	40	-0.00964197
13	14	-0.00967728
10	22	-0.00969869
14	21	-0.00977394
4	20	-0.00985117
2	7	-0.00997576
8	40	-0.0100017
14	18	-0.0101186
26	27	-0.0101433
9	11	-0.0102284
17	40	-0.0103216
5	34	-0.0103401
7	11	-0.0103895
7	8	-0.010421
15	34	-0.0104283
18	40	-0.0105209
6	27	-0.0106691
2	24	-0.0107486
13	34	-0.0108216
11	40	-0.0108583
10	15	-0.0108629
2	5	-0.0109058
10	34	-0.0109162
10	12	-0.0109944
22	23	-0.0110455
17	18	-0.0110458
15	20	-0.0110698
8	30	-0.0110843
7	40	-0.0110871
5	17	-0.0111208
11	30	-0.0113851
14	24	-0.0115548
14	30	-0.0116816
2	40	-0.0117634
12	34	-0.0119081
5	30	-0.0120178
12	23	-0.0121329
9	18	-0.0122724
21	34	-0.0122997
19	34	-0.0123401
9	24	-0.0124846
19	22	-0.0125196
12	30	-0.0125239
30	33	-0.0125513
17	27	-0.0125782
10	30	-0.0126288
22	30	-0.0126309
20	22	-0.0126465
3	34	-0.0126709
11	27	-0.0126967
3	25	-0.0132039
21	23	-0.0132322
5	16	-0.0132511
11	24	-0.0132801
10	24	-0.0134012
6	40	-0.013413
20	21	-0.0134373
20	30	-0.0135079
4	8	-0.0135145
14	33	-0.0135299
3	26	-0.0136007
11	25	-0.0136072
2	21	-0.0136628
13	21	-0.0136908
13	22	-0.0137753
8	16	-0.013941
2	13	-0.014013
2	27	-0.0140478
9	12	-0.0141451
8	20	-0.0142192
13	18	-0.0143269
26	34	-0.014681
23	25	-0.0147208
10	18	-0.0147504
10	21	-0.0147916
4	12	-0.0149071
13	19	-0.0149421
30	38	-0.0149759
4	10	-0.014996
5	15	-0.0150562
6	30	-0.0151167
5	26	-0.0152589
3	16	-0.0153711
23	27	-0.015408
6	15	-0.0154821
2	22	-0.015528
16	18	-0.0155354
15	24	-0.0157991
13	17	-0.0159045
3	12	-0.0161433
27	40	-0.0161486
12	13	-0.0161882
7	30	-0.016208
4	17	-0.0163118
16	20	-0.0163176
11	23	-0.0166296
5	10	-0.0171004
9	10	-0.0171018
6	22	-0.0172351
21	27	-0.0173524
18	30	-0.0174968
5	24	-0.0175691
3	30	-0.0175938
9	30	-0.0176506
13	30	-0.0177026
4	7	-0.0177818
16	27	-0.0178901
26	30	-0.0179703
19	27	-0.0179707
14	17	-0.0181785
10	11	-0.018215
6	20	-0.018263
9	26	-0.0184364
11	16	-0.0185825
6	8	-0.0186077
14	20	-0.0186132
6	21	-0.0186641
3	14	-0.018907
11	18	-0.0189579
13	25	-0.0190169
29	40	-0.0190731
13	23	-0.0191472
7	15	-0.0191665
10	14	-0.0193533
14	23	-0.0194065
21	22	-0.0194108
28	35	-0.019652
15	30	-0.0198197
24	30	-0.0198687
6	9	-0.0199117
14	22	-0.0199882
12	26	-0.0199991
34	40	-0.0200043
3	10	-0.0200839
9	16	-0.0201958
3	24	-0.0202373
3	23	-0.0203156
12	24	-0.0204896
18	21	-0.0205666
23	26	-0.0205907
4	24	-0.0206497
4	6	-0.0209999
12	15	-0.0210694
3	8	-0.021161
10	27	-0.0212521
4	11	-0.0212566
16	24	-0.0215702
8	12	-0.0215938
11	13	-0.0215965
7	10	-0.0217151
6	14	-0.021794
4	16	-0.0218409
14	25	-0.0218468
5	21	-0.0220091
7	26	-0.0220844
12	20	-0.0220983
27	30	-0.0223799
11	26	-0.0223918
7	20	-0.0224784
5	27	-0.0226426
25	30	-0.0226464
7	22	-0.0226825
10	19	-0.0227189
10	20	-0.0227698
8	24	-0.0228698
30	36	-0.0229888
17	21	-0.0230168
5	20	-0.02305
19	30	-0.0233567
15	26	-0.0234237
3	5	-0.0235348
16	22	-0.0236046
22	24	-0.0237803
23	30	-0.0237902
22	27	-0.0238049
3	22	-0.0238143
20	24	-0.0238864
15	22	-0.0238917
12	19	-0.0240154
5	23	-0.0241
7	17	-0.0242496
3	19	-0.024259
19	21	-0.0242976
18	33	-0.024353
17	22	-0.0243675
9	27	-0.0245636
9	21	-0.0245692
17	23	-0.0245886
13	20	-0.0247164
11	15	-0.0247463
3	17	-0.0247757
18	25	-0.0248382
2	14	-0.0248408
10	23	-0.024867
7	18	-0.0248929
9	14	-0.0251185
40	43	-0.0251345
20	23	-0.0252107
4	13	-0.0252582
13	27	-0.0253985
7	21	-0.0254944
7	14	-0.0255498
5	14	-0.0256291
20	33	-0.0257463
4	33	-0.0259622
21	33	-0.0260969
5	8	-0.0260971
13	33	-0.0266776
2	25	-0.0267795
2	9	-0.0268275
28	40	-0.0270294
4	25	-0.0272673
14	15	-0.0275903
17	24	-0.0276108
13	26	-0.0276134
2	17	-0.0277023
6	10	-0.0278208
22	33	-0.0279749
8	22	-0.0280077
4	5	-0.0280218
8	18	-0.0280578
32	33	-0.0280698
13	16	-0.0281022
22	25	-0.0281037
8	15	-0.0281503
10	26	-0.0283312
11	12	-0.0284096
4	15	-0.0287028
5	12	-0.0288449
20	25	-0.0290003
18	20	-0.0290084
30	40	-0.0290094
6	7	-0.0291007
8	9	-0.0292629
21	24	-0.0292771
7	19	-0.0293418
14	19	-0.0293726
7	23	-0.0294416
14	16	-0.0296105
18	19	-0.0296358
2	3	-0.0296515
5	11	-0.0298164
12	33	-0.0299149
12	16	-0.030304
9	13	-0.0303463
3	18	-0.0303676
6	16	-0.0303791
15	21	-0.0303923
13	15	-0.0306776
8	23	-0.0309378
10	16	-0.030995
16	33	-0.0310753
8	33	-0.0311335
11	20	-0.0313865
11	22	-0.0314354
16	21	-0.0314639
10	17	-0.0314673
18	23	-0.0314705
17	25	-0.0315945
11	21	-0.031712
11	33	-0.0319375
26	33	-0.0322034
7	33	-0.0322486
4	18	-0.0322896
9	15	-0.0324773
24	33	-0.0324916
15	17	-0.0326278
5	6	-0.0327045
27	33	-0.0329764
5	13	-0.0330424
8	17	-0.033325
10	25	-0.0333263
6	13	-0.0335335
2	16	-0.0336062
4	14	-0.0336175
2	33	-0.0337127
14	26	-0.0337932
5	25	-0.0338039
17	33	-0.033826
19	26	-0.0340774
8	25	-0.0341962
3	20	-0.0342827
4	19	-0.0344676
29	32	-0.0344818
22	26	-0.0345934
10	33	-0.0346303
33	35	-0.034689
31	33	-0.0351124
33	38	-0.0351149
33	39	-0.0351453
2	23	-0.0351571
6	11	-0.0354576
3	41	-0.0356944
12	27	-0.0359492
12	22	-0.036227
24	26	-0.0364042
3	6	-0.0368917
14	27	-0.0373105
7	13	-0.0373917
25	33	-0.0374291
4	22	-0.0374349
10	13	-0.0374755
31	40	-0.0377082
2	20	-0.038134
15	19	-0.0382108
5	33	-0.0382468
12	18	-0.0389386
6	33	-0.0390065
8	19	-0.0390306
3	33	-0.0395982
3	15	-0.0397093
9	33	-0.0397954
2	10	-0.0398471
19	20	-0.0399905
19	33	-0.0403662
3	13	-0.0409676
23	24	-0.0412313
4	21	-0.0415435
2	26	-0.0416025
18	26	-0.0417793
5	7	-0.0419432
9	23	-0.0419444
25	27	-0.0421275
8	14	-0.0421636
11	17	-0.0430512
2	4	-0.0431373
33	36	-0.0439487
7	24	-0.0450752
15	33	-0.045127
24	27	-0.0451432
23	33	-0.045424
2	11	-0.0461862
6	12	-0.0465234
7	25	-0.0470005
35	42	-0.0470454
6	26	-0.0481797
13	41	-0.0494374
24	43	-0.0499677
11	43	-0.0524566
6	18	-0.0526658
4	9	-0.0530524
2	42	-0.0535107
23	41	-0.0542045
15	29	-0.0548915
6	42	-0.0561687
21	41	-0.0565533
5	41	-0.057112
17	41	-0.0581443
14	41	-0.0583231
10	43	-0.0585289
7	29	-0.0588375
9	29	-0.0596281
10	41	-0.0598331
2	29	-0.0601704
16	41	-0.0601813
11	41	-0.0610066
15	41	-0.0612555
23	42	-0.061399
22	41	-0.0624265
33	34	-0.0625344
18	41	-0.0625419
20	41	-0.0627769
4	42	-0.0628884
7	42	-0.0629186
4	41	-0.0641712
8	41	-0.0645296
27	41	-0.0645415
8	29	-0.0646492
26	42	-0.064693
1	10	-0.0650024
12	41	-0.0651797
9	43	-0.0654407
2	41	-0.0666189
10	29	-0.0667122
22	29	-0.0669595
1	6	-0.0677031
25	42	-0.0677389
7	41	-0.0681427
26	41	-0.0692641
1	3	-0.069659
6	41	-0.0708719
9	41	-0.0712727
18	29	-0.0718872
24	41	-0.0721312
21	29	-0.0722443
1	13	-0.0724326
19	41	-0.0725028
12	43	-0.0727078
26	29	-0.0728782
25	41	-0.0730418
20	29	-0.0730605
12	29	-0.0733225
4	29	-0.0735927
11	42	-0.0740279
27	29	-0.0744384
16	29	-0.0747186
25	29	-0.075507
11	29	-0.0755169
13	29	-0.0755192
14	29	-0.075994
3	29	-0.0760225
19	29	-0.0762834
1	12	-0.0768689
29	35	-0.0773436
8	43	-0.0777672
5	42	-0.0778697
24	42	-0.0779912
18	42	-0.0783029
3	42	-0.0787229
1	27	-0.079696
28	33	-0.080427
6	29	-0.080757
24	29	-0.0807735
1	14	-0.0811193
14	42	-0.0811554
17	29	-0.0813812
6	43	-0.0815135
13	42	-0.0819535
26	43	-0.0820706
12	42	-0.0821536
23	29	-0.0828088
5	43	-0.0832403
22	42	-0.0833231
18	43	-0.08407
27	42	-0.0841297
2	43	-0.0842812
5	29	-0.0844484
20	42	-0.0853342
1	7	-0.0853359
1	21	-0.0853559
1	5	-0.0854276
8	42	-0.0854683
15	43	-0.086033
1	25	-0.0860651
17	43	-0.0862294
1	8	-0.0864556
13	43	-0.0878793
1	19	-0.0881104
4	43	-0.0884102
1	2	-0.0886456
7	43	-0.0888548
10	42	-0.0891271
14	43	-0.0902187
23	43	-0.0909116
19	42	-0.0910594
27	43	-0.0916746
21	42	-0.0919995
1	16	-0.0920031
22	43	-0.0921249
21	43	-0.0932031
17	42	-0.0940724
16	43	-0.0944063
1	24	-0.0945878
25	43	-0.0960467
3	43	-0.0960873
20	43	-0.0963567
1	23	-0.0970956
19	43	-0.0985939
1	11	-0.101478
16	42	-0.102068
1	26	-0.102101
1	31	-0.102161
1	22	-0.104296
15	42	-0.106227
1	15	-0.106439
28	41	-0.106936
9	42	-0.10756
1	32	-0.108339
1	20	-0.108963
1	17	-0.109145
29	31	-0.109341
1	18	-0.109512
1	40	-0.110171
1	4	-0.110456
34	43	-0.11053
35	41	-0.11064
29	36	-0.116282
1	9	-0.121636
37	41	-0.122144
38	41	-0.125557
1	28	-0.129399
36	43	-0.129825
28	29	-0.13017
36	41	-0.133393
35	43	-0.136156
31	41	-0.139228
39	43	-0.142677
34	42	-0.146144
30	43	-0.146833
30	42	-0.147855
29	38	-0.151347
32	41	-0.154723
1	33	-0.155766
31	42	-0.158544
1	35	-0.159226
29	37	-0.160739
1	36	-0.163392
1	34	-0.1656
32	43	-0.167004
32	42	-0.169326
28	43	-0.169471
29	39	-0.170128
1	38	-0.18023
39	41	-0.181786
31	43	-0.184311
28	42	-0.184656
36	42	-0.185256
1	37	-0.188336
1	39	-0.191387
38	43	-0.191988
39	42	-0.210226
38	42	-0.210309
37	43	-0.225537
37	42	-0.23944