#==========================================================================
# The first and second rows contain site pairs (i, j) such that j > i
# The third row contains coevolutionary scores obtained 
# using Boltzmann learning algorithm.
# Note that in this data sites are counted/labelled starting from 1
#==========================================================================
46	56	3.53949
45	57	3.50994
15	31	3.41189
18	28	3.13396
17	29	3.08974
43	59	3.07642
47	55	3.07343
44	58	3.06234
19	27	2.99601
16	30	2.9568
6	66	2.33907
13	33	2.14691
3	69	2.07005
42	60	2.0668
7	65	2.01995
14	32	1.87823
5	67	1.79475
4	68	1.79283
51	52	0.960725
42	61	0.918336
2	70	0.901051
9	63	0.886363
12	13	0.859671
21	22	0.708168
23	52	0.550026
50	52	0.519132
22	51	0.516755
12	62	0.51289
52	54	0.454073
68	71	0.416903
5	66	0.406336
21	54	0.399165
53	54	0.383302
5	6	0.375529
19	20	0.358448
22	53	0.349655
22	54	0.349329
1	2	0.346062
51	53	0.339208
21	53	0.320766
21	52	0.319006
22	66	0.29172
46	57	0.281264
24	50	0.280197
4	5	0.279896
4	70	0.277406
12	31	0.275352
12	33	0.26759
68	69	0.262295
13	36	0.260968
43	71	0.259674
23	47	0.259597
70	71	0.258925
33	65	0.257915
61	62	0.252029
67	69	0.250488
6	22	0.244409
14	33	0.242052
9	60	0.235916
23	55	0.235781
23	51	0.234784
60	63	0.233946
15	29	0.232308
3	4	0.231409
4	65	0.230173
25	26	0.222967
13	27	0.222875
22	52	0.220771
13	14	0.220393
1	12	0.220202
69	71	0.216283
47	57	0.215038
21	51	0.21378
42	62	0.210217
58	70	0.209374
65	71	0.209277
51	54	0.208375
24	51	0.205408
5	16	0.20534
45	46	0.201922
2	71	0.201781
62	68	0.201361
10	40	0.197537
23	50	0.195826
15	69	0.19531
2	65	0.194306
52	53	0.193503
56	62	0.192852
37	38	0.192019
33	36	0.187972
3	65	0.187644
9	39	0.186146
1	68	0.183568
30	67	0.182878
5	30	0.182088
41	61	0.181942
8	38	0.181768
46	47	0.181665
1	7	0.181005
39	63	0.180655
69	70	0.180402
33	56	0.179765
20	24	0.17947
60	65	0.179208
39	61	0.178186
11	40	0.176978
66	67	0.176861
29	31	0.176763
8	10	0.176083
32	66	0.175282
38	40	0.173601
19	24	0.173427
12	14	0.1733
59	60	0.173201
59	70	0.173011
65	70	0.17208
8	40	0.171047
10	64	0.170261
14	61	0.169668
20	27	0.169304
9	42	0.166816
10	38	0.166658
40	64	0.164329
24	36	0.164046
52	55	0.163646
59	61	0.163554
10	11	0.163506
60	61	0.163019
6	32	0.162744
8	64	0.162343
31	61	0.161895
19	62	0.16126
5	68	0.160401
8	11	0.16025
6	67	0.159961
61	65	0.159591
38	64	0.159118
34	40	0.157855
37	40	0.156889
11	38	0.156025
10	37	0.155818
36	68	0.155363
14	29	0.154886
45	70	0.154745
34	64	0.154335
15	17	0.154019
34	41	0.153041
30	58	0.152908
10	34	0.1525
31	32	0.151423
10	48	0.151386
20	54	0.150541
11	64	0.150319
34	38	0.15031
35	48	0.148801
14	68	0.148785
42	63	0.148446
48	49	0.148173
30	44	0.148117
11	37	0.147394
40	48	0.147171
13	71	0.146604
35	64	0.146405
18	19	0.146228
11	34	0.14603
37	64	0.145899
43	62	0.143859
17	62	0.143663
11	49	0.143269
30	31	0.142194
1	31	0.142122
16	58	0.141388
34	37	0.141275
24	69	0.141053
8	34	0.140533
11	35	0.140424
8	48	0.140391
8	35	0.140128
34	35	0.140056
35	38	0.139949
10	35	0.139292
15	61	0.13929
11	48	0.138838
29	30	0.138504
4	44	0.138424
33	51	0.138137
45	47	0.136777
16	44	0.136394
17	20	0.136043
11	26	0.136024
38	48	0.134067
60	67	0.132899
3	62	0.131838
8	49	0.131132
13	19	0.131018
34	48	0.130991
50	71	0.130969
10	26	0.130779
42	71	0.130502
10	49	0.130058
8	37	0.129846
6	63	0.129174
34	49	0.128845
47	56	0.128201
23	24	0.12791
3	36	0.126951
27	71	0.126656
38	49	0.126412
43	55	0.126083
50	53	0.125345
40	41	0.125099
1	71	0.124323
22	50	0.124247
33	68	0.123806
17	32	0.123556
8	62	0.123514
40	49	0.12239
35	40	0.122365
48	64	0.121717
10	25	0.121025
8	26	0.120031
1	29	0.119966
36	39	0.119039
6	9	0.118797
26	34	0.118731
26	38	0.118546
31	42	0.118435
3	42	0.118013
33	70	0.117649
39	40	0.117389
59	69	0.117309
57	70	0.11729
12	59	0.117255
62	64	0.116718
2	69	0.116537
3	68	0.11642
15	42	0.116289
47	51	0.116056
1	32	0.115752
35	37	0.115257
49	64	0.114569
26	64	0.1145
23	45	0.114095
37	48	0.114051
16	67	0.113429
23	42	0.112255
62	70	0.112232
10	41	0.11209
44	45	0.110425
4	20	0.110044
50	70	0.109154
5	69	0.109124
16	28	0.108705
15	50	0.108694
58	59	0.108165
43	69	0.107992
46	51	0.107749
45	58	0.107701
2	29	0.107332
20	29	0.106792
10	62	0.106769
33	60	0.106675
37	49	0.106451
31	59	0.106244
50	54	0.106166
22	36	0.105848
41	59	0.105786
67	68	0.10516
51	56	0.104872
19	53	0.104734
40	62	0.104697
25	40	0.104318
2	50	0.104297
11	25	0.104161
35	49	0.104051
2	52	0.103644
43	58	0.102862
35	39	0.102496
11	62	0.102217
25	64	0.102068
29	33	0.101891
1	17	0.10104
8	39	0.100962
42	69	0.100762
16	63	0.100606
26	48	0.0999568
25	38	0.0998852
26	40	0.0995864
38	41	0.0990051
7	70	0.0989608
7	9	0.0987718
38	62	0.0984637
33	47	0.0979505
25	34	0.0967327
25	37	0.0966481
8	41	0.096581
12	32	0.0964993
26	49	0.0964766
8	25	0.0959072
28	51	0.0953945
17	19	0.0946814
27	67	0.0945855
5	32	0.0941284
7	60	0.0940374
41	48	0.0939036
2	32	0.093264
11	39	0.0931654
17	69	0.0931192
13	23	0.0927156
37	41	0.0918897
3	7	0.091549
9	66	0.0913128
2	45	0.0910015
6	20	0.0904679
12	43	0.0904068
19	41	0.0901847
12	15	0.0901379
10	39	0.090064
42	59	0.0899558
19	21	0.0896577
42	47	0.0889124
35	36	0.0886791
9	65	0.0885143
16	29	0.0881367
34	62	0.0880001
50	51	0.0877111
47	71	0.0876887
38	39	0.087401
21	25	0.0873777
58	60	0.0870485
49	62	0.0868546
3	55	0.086743
11	41	0.0867424
5	46	0.0844901
26	37	0.084489
16	18	0.0843669
32	43	0.0842952
20	28	0.0840868
22	27	0.0836683
34	39	0.0832828
36	46	0.0832125
54	59	0.0831111
41	64	0.0825039
7	30	0.0824102
35	41	0.0819739
26	53	0.0819638
57	69	0.0816674
23	63	0.0816666
62	69	0.0806559
47	52	0.08002
25	49	0.0799545
13	61	0.0798486
13	31	0.0798222
27	30	0.079777
39	64	0.0792568
19	71	0.07914
17	31	0.0790177
13	51	0.0788973
44	57	0.0785637
7	63	0.0783776
9	12	0.0783547
25	48	0.0781078
34	53	0.0779418
1	3	0.0775207
24	52	0.0769487
23	61	0.0763517
6	17	0.0763277
29	62	0.0762237
45	59	0.0761351
4	59	0.0742237
35	62	0.0741461
26	35	0.0740624
12	69	0.0739757
13	56	0.0739735
44	56	0.0736671
14	51	0.073469
57	58	0.073379
48	50	0.0731323
39	48	0.072886
7	67	0.0718457
37	62	0.0716298
26	41	0.0716267
45	55	0.0715716
4	69	0.0712067
12	18	0.0710412
9	30	0.070743
7	68	0.0707001
24	25	0.0701942
43	70	0.0698927
12	51	0.0695473
33	43	0.0693068
25	53	0.0689428
20	62	0.0685832
55	57	0.068559
45	60	0.0685398
4	14	0.0683908
21	26	0.0682528
14	15	0.0682458
41	49	0.0681095
63	66	0.0677376
44	50	0.067728
37	39	0.067269
1	50	0.0671072
6	14	0.0670536
55	59	0.0670039
39	49	0.0669171
15	30	0.0667955
20	53	0.0665658
25	35	0.0661721
9	23	0.0655924
7	39	0.0654697
61	69	0.0653422
33	62	0.0642958
32	36	0.0637103
29	36	0.0634452
9	70	0.063414
36	47	0.0626879
43	54	0.0623704
28	71	0.062107
20	36	0.0619664
45	61	0.0617282
19	29	0.0616732
18	50	0.061141
9	36	0.0606638
18	55	0.0602174
29	32	0.0601856
46	58	0.0593176
11	63	0.0592804
57	65	0.0591176
36	50	0.0589384
20	32	0.0588983
28	68	0.0584303
16	31	0.0579973
44	59	0.0577788
2	62	0.0576763
18	33	0.0574646
9	16	0.0569461
36	56	0.0564816
15	62	0.0563843
22	25	0.0563429
14	23	0.0559049
9	71	0.0556316
26	62	0.0548193
44	70	0.054768
16	27	0.0545016
26	54	0.0538461
10	63	0.0538124
63	65	0.0535069
25	39	0.0534006
3	61	0.0533644
14	24	0.0532174
21	59	0.0531908
14	43	0.0527963
21	48	0.052769
21	43	0.0525455
8	63	0.0523049
39	65	0.052303
39	71	0.0522911
50	56	0.0522673
8	9	0.0517844
17	33	0.0517137
1	18	0.0515248
23	70	0.0511767
14	52	0.0511307
4	18	0.0510526
26	65	0.050789
14	16	0.0506242
30	63	0.0505147
32	33	0.0503351
26	39	0.0503317
9	64	0.0501322
27	43	0.0501277
48	62	0.0501187
12	19	0.0500515
13	42	0.049827
17	30	0.0497823
1	54	0.0497491
32	54	0.0496097
21	27	0.0491925
4	42	0.049083
19	28	0.0487393
5	22	0.0484855
8	53	0.0481129
3	15	0.0479898
27	62	0.0477401
22	44	0.0475555
50	55	0.0472361
20	33	0.0471799
22	26	0.0466988
49	53	0.0464181
63	71	0.0463587
4	7	0.0462561
9	10	0.0461078
12	41	0.0460798
20	52	0.0460222
15	20	0.0459116
27	60	0.0458656
9	35	0.0458446
35	65	0.0457081
18	68	0.0454654
29	63	0.0453133
17	36	0.045237
36	63	0.0451559
28	53	0.0450366
5	65	0.0449307
4	47	0.0449269
41	53	0.0446815
9	11	0.0445178
6	47	0.0443133
24	63	0.0441431
20	26	0.0441368
28	29	0.0440486
2	56	0.0439783
9	48	0.0438402
24	26	0.0438138
39	69	0.0436275
3	17	0.0433896
27	65	0.0433884
2	14	0.0432247
6	27	0.0430248
6	71	0.0423624
28	33	0.042269
67	71	0.0421634
15	60	0.0420623
15	16	0.0420086
23	32	0.0417128
46	62	0.0415703
24	33	0.0414821
18	23	0.0413875
25	41	0.0412687
5	60	0.0409923
7	8	0.0406402
2	3	0.0404457
1	23	0.0403992
15	47	0.0397849
50	69	0.0395998
18	53	0.0394582
2	47	0.0394004
63	64	0.0391528
9	38	0.0390812
10	53	0.038814
20	66	0.0382198
41	67	0.0377999
57	71	0.0375035
23	26	0.0374975
33	59	0.0373247
23	65	0.0372611
5	55	0.0372326
25	62	0.0372254
38	63	0.0372056
9	27	0.0370864
7	40	0.0370774
2	20	0.0370164
34	36	0.0369573
11	53	0.0368219
41	43	0.0367194
16	23	0.0366949
44	46	0.0365756
20	55	0.0364001
16	32	0.0361846
25	63	0.0361521
31	69	0.0360981
17	27	0.0360222
23	60	0.0359163
12	63	0.035739
3	31	0.0357252
7	33	0.0356269
50	60	0.0355414
4	19	0.0354491
18	51	0.0354177
5	56	0.0348084
7	48	0.0345942
7	35	0.0338252
66	70	0.0337676
25	65	0.0334753
12	21	0.033086
36	40	0.0330029
66	71	0.0329967
24	71	0.0328445
40	63	0.0326507
14	22	0.03265
20	31	0.0322671
1	47	0.0321987
23	39	0.0321115
1	14	0.0319569
28	41	0.0319378
60	70	0.0317669
49	54	0.0316468
7	10	0.031574
18	44	0.0313096
12	37	0.0312691
35	63	0.0312304
64	65	0.0312017
18	71	0.0311518
28	60	0.0310387
6	24	0.030999
19	43	0.030557
2	55	0.0304416
3	19	0.0302629
45	67	0.0302357
36	65	0.0302302
23	25	0.03022
7	62	0.0301697
54	66	0.0300908
17	18	0.0295135
5	14	0.0293774
58	68	0.0292594
65	68	0.0291493
40	53	0.0291091
7	16	0.0290892
3	66	0.028806
4	58	0.0287941
20	38	0.02865
59	62	0.0286482
19	51	0.0285709
48	63	0.0285009
50	68	0.0284991
2	58	0.0284577
4	51	0.0284495
63	70	0.0284291
36	38	0.028359
5	61	0.0283382
34	63	0.0281948
1	24	0.0280774
23	30	0.0279215
56	58	0.0276211
15	43	0.0274866
19	67	0.0274497
54	58	0.0272031
53	64	0.0271505
9	34	0.0269335
22	67	0.0268722
36	70	0.026584
7	64	0.0264179
49	50	0.0261775
12	22	0.0260979
20	37	0.0258763
58	63	0.025628
36	69	0.0255379
3	39	0.0253797
68	70	0.0253316
21	29	0.0252986
43	57	0.0251375
18	24	0.0250462
9	40	0.024761
32	41	0.0246234
11	24	0.0245069
11	20	0.0244642
32	39	0.0243676
36	64	0.0242199
9	29	0.0240886
18	30	0.0237496
8	36	0.0237463
36	62	0.023554
1	28	0.0232957
24	43	0.0230163
34	61	0.0229727
24	55	0.0227064
20	56	0.0226008
2	17	0.022277
1	4	0.0222162
6	51	0.0221312
7	26	0.0220234
47	66	0.0220207
9	58	0.0219415
14	27	0.0217957
6	21	0.0216991
11	36	0.021663
7	37	0.0216297
7	49	0.0212984
25	33	0.0210135
57	59	0.0208252
53	71	0.0205303
54	68	0.0203599
44	60	0.0201842
2	24	0.0201815
3	18	0.0200362
7	31	0.0199223
9	24	0.0198784
9	19	0.0198426
21	34	0.0195981
8	24	0.019417
23	56	0.0193022
6	25	0.0191953
17	63	0.0191153
18	66	0.0190927
14	36	0.01894
7	11	0.0189392
7	38	0.0188282
33	58	0.0186175
46	50	0.0185484
14	30	0.0185302
19	61	0.0184607
20	50	0.0184569
38	53	0.0184061
40	65	0.0183119
18	41	0.0182667
14	71	0.0182611
22	58	0.0181209
10	24	0.0179878
37	53	0.0179406
39	41	0.0177413
3	59	0.0177311
9	37	0.0176476
21	49	0.0175819
31	50	0.0175622
2	39	0.0174705
13	67	0.0174449
32	59	0.0173271
1	51	0.0171466
28	30	0.0168414
20	25	0.016688
29	69	0.0165203
29	54	0.0162109
1	58	0.0161943
14	69	0.0161635
9	67	0.016069
49	65	0.0160439
24	38	0.0160325
9	25	0.0160063
4	33	0.0159566
14	45	0.0157238
13	16	0.0156389
46	54	0.0153099
25	28	0.0152606
4	29	0.0152284
25	54	0.0151567
59	71	0.0149685
63	67	0.0148954
26	28	0.0148869
19	22	0.0147911
12	28	0.0147578
52	58	0.0144405
2	44	0.0143124
44	54	0.0140956
28	44	0.0140695
12	20	0.0139434
7	34	0.0135741
31	43	0.0135194
53	66	0.013253
1	36	0.0132499
14	59	0.0131896
37	50	0.0129047
3	57	0.0128325
58	61	0.0127063
13	50	0.0126476
50	58	0.0124952
7	57	0.0124567
7	61	0.0122875
44	67	0.0122591
9	49	0.0122335
21	37	0.011959
2	4	0.0118384
48	53	0.0117025
24	35	0.0117009
5	39	0.0112228
10	54	0.0110896
3	67	0.0108743
11	54	0.0107318
37	63	0.0107207
26	50	0.0105824
6	13	0.0104494
39	46	0.010372
5	51	0.0103634
18	58	0.010103
17	46	0.0100882
3	27	0.0100306
2	12	0.00991911
6	35	0.00979055
36	48	0.00977076
21	40	0.0096911
51	57	0.00947167
10	61	0.00925882
39	67	0.00909388
37	65	0.00887807
10	36	0.00881727
25	50	0.00866501
10	20	0.00859801
6	64	0.00828113
1	38	0.00775785
4	37	0.00762916
37	54	0.0070337
12	44	0.00700309
64	66	0.00681393
7	50	0.00679301
35	66	0.00653092
12	61	0.00651922
20	64	0.00642717
36	37	0.00640892
2	57	0.00639151
11	65	0.00633841
20	40	0.0062957
20	21	0.00628909
32	68	0.00596958
2	51	0.00536927
42	52	0.00527316
30	71	0.00524347
36	49	0.00512568
6	29	0.00504275
21	66	0.00504059
21	24	0.00504018
2	53	0.00503857
41	70	0.00483274
51	55	0.00479243
5	27	0.00477997
1	48	0.00475517
34	54	0.00473366
15	36	0.00470497
20	23	0.00457983
36	41	0.00455548
7	25	0.00448945
24	29	0.0043426
49	63	0.00430415
35	50	0.0043018
51	62	0.00406622
25	60	0.00394652
5	41	0.00384546
1	37	0.00352265
24	28	0.00342546
41	62	0.00339486
10	65	0.00325362
26	33	0.00324164
21	65	0.0032311
54	64	0.00313076
38	54	0.00304816
23	62	0.00297807
11	12	0.00280155
1	40	0.00259427
25	36	0.00256631
1	70	0.00246157
3	6	0.00199996
39	56	0.00181535
9	26	0.0015675
48	65	0.00135987
16	21	0.00122115
13	70	0.00113725
27	41	0.00113324
65	67	0.00109799
48	54	0.00108031
12	34	0.000994739
11	21	0.000939306
9	52	0.000820571
1	53	0.000712648
11	47	0.000667563
11	50	0.00059681
38	52	0.000497772
20	34	0.000480551
6	23	0.000359753
8	20	0.000297471
8	54	0.000282575
47	61	0.000231283
24	64	9.62656e-05
24	41	9.08138e-05
8	61	6.12274e-06
30	49	-0.000253988
15	49	-0.000346611
43	45	-0.000357188
33	44	-0.000454359
39	51	-0.000535708
16	49	-0.000789921
4	53	-0.000803039
12	39	-0.000840072
5	47	-0.00122711
38	65	-0.00139571
2	11	-0.00140579
24	32	-0.00144272
52	71	-0.00151627
11	61	-0.00156193
29	67	-0.00172435
22	43	-0.00172781
16	19	-0.00186987
15	52	-0.00187966
2	21	-0.00199448
21	35	-0.00206311
23	57	-0.00206451
50	64	-0.00221644
3	5	-0.00230152
54	70	-0.0026389
40	54	-0.00276905
21	38	-0.00285278
45	71	-0.00288762
1	41	-0.00298819
5	63	-0.00325079
13	15	-0.00333248
41	68	-0.00337566
18	62	-0.00340893
1	30	-0.00345907
57	67	-0.00346912
44	64	-0.0035055
18	22	-0.00364744
24	44	-0.00370036
52	63	-0.00373904
3	29	-0.00374215
21	64	-0.00378498
12	53	-0.00382115
9	17	-0.00398441
24	34	-0.00423437
3	45	-0.00436732
30	56	-0.00462426
13	30	-0.00510733
17	28	-0.00514926
58	67	-0.00539619
2	9	-0.00554355
31	67	-0.00571348
49	59	-0.00581121
43	60	-0.0059317
20	48	-0.00600827
6	7	-0.00667199
21	32	-0.00668326
30	32	-0.00674951
15	48	-0.00684657
1	15	-0.00702735
24	61	-0.00709137
26	69	-0.00712045
2	38	-0.00725636
8	47	-0.00729556
28	50	-0.00731273
24	65	-0.00735646
16	39	-0.00772449
28	32	-0.00785561
16	24	-0.00798082
49	61	-0.00802713
19	63	-0.00805421
13	32	-0.00805995
4	50	-0.00809437
14	66	-0.00818199
26	63	-0.00843696
22	34	-0.00854038
8	21	-0.00854155
3	21	-0.00865615
35	68	-0.00870124
4	71	-0.00876093
1	10	-0.00882079
5	42	-0.00890647
27	63	-0.00903902
4	17	-0.00909571
12	38	-0.00940102
12	24	-0.00940812
20	22	-0.00967136
1	21	-0.00980486
20	49	-0.00980938
33	35	-0.0102394
12	48	-0.0103501
45	65	-0.0103857
25	42	-0.0103886
1	49	-0.0104628
13	25	-0.0104751
48	66	-0.0104795
21	50	-0.0104845
6	53	-0.0107032
61	66	-0.0107146
40	70	-0.0110168
10	12	-0.0110966
6	10	-0.0111331
25	66	-0.011214
18	27	-0.0112708
26	36	-0.0112888
6	70	-0.0112978
22	45	-0.0113631
19	32	-0.0115434
1	66	-0.0115747
55	60	-0.0116355
6	18	-0.011787
1	43	-0.0118325
10	21	-0.0120157
16	55	-0.0121777
13	68	-0.0121796
27	53	-0.0122795
53	70	-0.0124149
8	65	-0.0124335
65	69	-0.0125055
15	59	-0.0127164
50	67	-0.0127993
20	46	-0.0128042
36	53	-0.0129067
8	12	-0.0129353
22	28	-0.0129397
12	40	-0.0131296
24	40	-0.0131829
23	29	-0.0135069
42	67	-0.0138148
55	70	-0.0139461
28	37	-0.0139816
38	50	-0.0139925
61	64	-0.0140559
34	65	-0.0141836
29	50	-0.0142363
1	26	-0.0143835
7	12	-0.0145324
37	44	-0.0145531
18	25	-0.0146089
1	57	-0.0146383
28	47	-0.0147018
24	30	-0.0147364
45	69	-0.0147697
56	57	-0.0147995
27	54	-0.0148242
38	61	-0.0148962
1	39	-0.0150482
25	67	-0.0151017
25	58	-0.0151204
19	60	-0.015161
31	37	-0.0152847
2	64	-0.0153194
12	49	-0.0155077
7	53	-0.0155724
22	38	-0.0156246
7	23	-0.0158157
12	26	-0.0160565
41	63	-0.0161426
3	32	-0.0162921
32	56	-0.0164707
26	58	-0.0166166
20	41	-0.0166209
44	52	-0.0166798
28	55	-0.0167582
1	11	-0.0170489
6	48	-0.0171452
5	45	-0.0171469
30	46	-0.0172329
3	34	-0.017311
13	59	-0.0174717
14	31	-0.0175303
30	45	-0.0175391
2	68	-0.0176581
2	36	-0.0177228
15	64	-0.0177914
39	59	-0.0181672
60	62	-0.0181972
22	40	-0.018512
22	71	-0.0186525
20	35	-0.0186746
5	71	-0.0186768
31	60	-0.0187218
60	66	-0.0189342
47	48	-0.019149
2	10	-0.019244
14	57	-0.0192711
15	70	-0.0192928
21	41	-0.0193001
39	62	-0.0193194
35	53	-0.0193407
12	64	-0.0194209
57	60	-0.0194236
23	28	-0.0194334
4	36	-0.0195761
4	41	-0.0196942
16	60	-0.0197885
27	46	-0.019871
37	61	-0.0199744
10	22	-0.0201152
5	48	-0.0201803
21	31	-0.0202049
20	65	-0.0203193
27	69	-0.0205487
13	21	-0.0208078
48	55	-0.020812
22	35	-0.020966
6	34	-0.0211536
13	41	-0.0212528
14	34	-0.0213602
40	50	-0.02142
22	39	-0.0214499
19	46	-0.0215361
2	49	-0.0216253
24	48	-0.0216318
6	8	-0.021639
16	41	-0.0217317
30	39	-0.0217608
23	35	-0.0218832
8	50	-0.0222091
24	54	-0.0222126
16	70	-0.0222821
26	46	-0.0224665
54	71	-0.0224809
51	66	-0.0224962
20	51	-0.0225329
2	19	-0.0225343
41	54	-0.0225416
44	68	-0.0225643
39	55	-0.0225735
36	59	-0.022582
42	43	-0.0226385
33	42	-0.0228002
22	59	-0.0229155
23	27	-0.0230325
18	26	-0.0230572
35	54	-0.0230881
4	54	-0.0231577
33	71	-0.0232552
53	68	-0.0233046
15	41	-0.0233174
1	16	-0.0233305
2	28	-0.0233404
48	67	-0.0234783
31	34	-0.0235221
22	48	-0.023585
42	44	-0.0235938
10	15	-0.0236452
17	49	-0.0236689
51	68	-0.0237993
49	71	-0.023862
34	71	-0.0239642
48	57	-0.0240114
3	24	-0.0240287
18	20	-0.0240672
11	23	-0.0241391
52	64	-0.0241664
36	43	-0.0241715
42	57	-0.024187
28	58	-0.0242376
41	51	-0.0243436
4	21	-0.0244556
21	39	-0.0244893
66	69	-0.0245611
11	31	-0.0245766
44	49	-0.0246936
7	21	-0.024831
38	47	-0.0248923
39	53	-0.0249716
1	35	-0.0249758
48	71	-0.025032
7	36	-0.0251897
4	24	-0.0251961
30	41	-0.0253068
22	64	-0.0255259
47	64	-0.0255386
26	60	-0.0255705
12	67	-0.0255851
11	14	-0.0256653
5	21	-0.0256782
11	22	-0.0257636
16	17	-0.0259296
13	66	-0.0259822
56	70	-0.0260681
26	68	-0.0260742
31	48	-0.0262026
25	44	-0.0263847
32	47	-0.0264766
15	37	-0.0265669
33	46	-0.0266513
1	20	-0.0268022
22	37	-0.0268784
35	55	-0.0269227
14	35	-0.0271956
19	30	-0.0272399
47	49	-0.0273354
36	61	-0.0273584
22	24	-0.0273677
40	61	-0.0273746
14	26	-0.0274064
2	41	-0.0274404
42	58	-0.0274816
44	53	-0.0277693
45	51	-0.0277884
20	60	-0.0280381
39	45	-0.0280622
12	42	-0.0282391
21	67	-0.0284442
21	36	-0.0284724
14	49	-0.0284775
37	46	-0.0285198
7	41	-0.0285472
24	37	-0.0285731
5	8	-0.0286851
15	35	-0.0286955
17	56	-0.028873
9	41	-0.0289136
18	42	-0.0289307
42	66	-0.0289404
40	52	-0.0294128
14	40	-0.0294811
28	63	-0.0295184
4	27	-0.0297095
2	22	-0.0297994
48	61	-0.0298735
31	38	-0.0299782
8	31	-0.0300839
6	37	-0.0301075
6	69	-0.0301695
28	52	-0.0301956
26	57	-0.0302044
8	14	-0.0302598
26	52	-0.0303263
2	40	-0.030362
13	26	-0.0304734
10	66	-0.0304781
14	48	-0.0305056
23	66	-0.0305841
44	66	-0.030624
24	59	-0.0306268
35	47	-0.0306446
41	66	-0.0306819
37	58	-0.0307501
1	64	-0.0307664
43	49	-0.0307686
19	23	-0.0308498
32	70	-0.0310974
23	37	-0.0311119
4	35	-0.0311556
26	71	-0.031211
29	37	-0.0312922
35	46	-0.0312997
5	34	-0.0313013
9	55	-0.0313925
31	64	-0.0314887
38	44	-0.0314946
60	64	-0.0315568
5	13	-0.0316105
9	32	-0.0317594
36	54	-0.031837
8	15	-0.0320384
42	45	-0.0320948
67	70	-0.032183
1	22	-0.0322399
5	40	-0.0323948
23	54	-0.0324123
52	62	-0.0324488
3	49	-0.0324496
34	50	-0.0324865
5	25	-0.0325066
35	60	-0.0325347
3	40	-0.0327195
13	35	-0.0327396
39	54	-0.032836
6	26	-0.0328973
35	71	-0.0329857
56	69	-0.032998
46	68	-0.0332015
28	67	-0.0332877
41	47	-0.0332882
25	57	-0.0333346
54	56	-0.0333589
12	35	-0.0333729
3	11	-0.0334222
19	42	-0.0338044
37	68	-0.0338342
11	60	-0.0338655
7	69	-0.0338727
17	44	-0.033964
3	47	-0.0339893
48	52	-0.0340933
13	60	-0.0341095
35	51	-0.0341515
1	34	-0.0341566
41	50	-0.0342227
36	58	-0.0342554
9	53	-0.0343997
2	8	-0.0344009
8	67	-0.0345061
3	71	-0.0345434
28	35	-0.034658
8	52	-0.0346784
1	25	-0.0347411
20	63	-0.0348579
34	66	-0.0349504
54	55	-0.0351914
10	50	-0.0352497
8	22	-0.0352983
50	61	-0.0353436
53	63	-0.0354022
25	71	-0.03541
25	69	-0.0354269
14	65	-0.0355822
3	35	-0.0355918
20	71	-0.0355994
13	52	-0.0356499
1	8	-0.0356974
36	45	-0.0357212
3	38	-0.0357981
52	60	-0.0360121
25	46	-0.0360519
45	49	-0.0362577
28	49	-0.0362919
11	15	-0.0364699
3	23	-0.0365213
34	43	-0.0366131
9	20	-0.0366343
16	61	-0.0367059
32	40	-0.0368463
8	60	-0.0370015
34	67	-0.037005
40	47	-0.0370238
5	26	-0.0371895
28	38	-0.0374336
1	52	-0.0374628
9	44	-0.0375288
22	49	-0.0377295
34	47	-0.0377541
24	49	-0.0379416
2	25	-0.0379933
2	61	-0.0380302
1	63	-0.0381098
1	60	-0.0381369
7	46	-0.0382287
28	34	-0.0383022
7	66	-0.038373
21	71	-0.0384332
37	60	-0.0384494
10	14	-0.0385553
31	49	-0.0385744
5	11	-0.0385848
3	48	-0.0386072
2	5	-0.0386256
23	48	-0.0386388
49	51	-0.0386762
10	28	-0.0387982
58	64	-0.0389921
19	25	-0.0390217
1	46	-0.0390736
50	66	-0.0390912
39	44	-0.0392892
29	71	-0.0393625
64	68	-0.0394679
5	10	-0.0395434
5	64	-0.0395514
9	61	-0.039588
26	42	-0.0397699
4	43	-0.03977
2	34	-0.0398072
34	70	-0.0399058
23	36	-0.0399076
10	47	-0.0400329
52	61	-0.0401373
2	48	-0.040155
14	64	-0.0401848
30	65	-0.0401901
5	9	-0.0402135
23	33	-0.0402183
6	38	-0.0402453
12	57	-0.0402809
24	67	-0.0403284
52	69	-0.0403823
2	37	-0.0404564
14	37	-0.0404723
40	44	-0.0405195
27	66	-0.0407176
9	68	-0.0407435
21	23	-0.0407443
10	71	-0.0408221
4	55	-0.0408388
39	57	-0.0408973
3	51	-0.0410004
2	63	-0.0410083
32	38	-0.0413557
25	52	-0.0414073
28	48	-0.0414337
10	70	-0.0415286
55	66	-0.0415692
29	55	-0.0415986
2	42	-0.0416725
9	54	-0.0417172
46	55	-0.0417599
1	44	-0.041764
26	44	-0.0419457
35	52	-0.0419956
38	51	-0.0420098
29	41	-0.0421304
55	68	-0.0422084
5	37	-0.0422517
41	71	-0.0422544
61	63	-0.0422578
6	40	-0.0423219
2	23	-0.0423228
23	64	-0.0423956
6	11	-0.0424791
11	66	-0.0424794
37	70	-0.0424885
49	66	-0.0424886
15	34	-0.0426023
5	35	-0.0426319
32	37	-0.0426533
40	51	-0.0427354
26	56	-0.0428382
54	63	-0.0429402
10	57	-0.0429532
28	64	-0.0430279
11	70	-0.0430601
6	49	-0.0431367
4	66	-0.0431956
45	54	-0.0432945
37	45	-0.0432966
4	61	-0.043401
5	38	-0.0434958
5	7	-0.0435159
10	55	-0.0437076
25	31	-0.0437394
18	34	-0.0439614
46	48	-0.0439988
15	54	-0.0440007
15	38	-0.0440202
26	66	-0.0440638
22	23	-0.0440765
23	43	-0.0440879
17	45	-0.0441117
1	67	-0.0441349
44	63	-0.044153
7	54	-0.0441701
6	30	-0.0442026
8	70	-0.0442945
33	61	-0.0443074
18	48	-0.0443382
10	51	-0.0445655
40	67	-0.0445668
6	41	-0.0446391
11	52	-0.0446952
32	49	-0.0447887
17	24	-0.0448272
59	68	-0.044854
11	67	-0.0448982
18	35	-0.0450013
35	61	-0.0451479
32	48	-0.0452342
9	59	-0.0453337
10	31	-0.0453626
24	70	-0.0454043
30	48	-0.0454289
27	61	-0.0454334
14	38	-0.0456188
24	27	-0.0456269
20	42	-0.0457487
27	36	-0.0458045
63	68	-0.0459437
38	55	-0.0459844
8	23	-0.0460718
12	25	-0.0460731
56	61	-0.0460859
54	69	-0.0461663
49	58	-0.0461775
7	56	-0.0462323
31	41	-0.0462827
49	60	-0.0463341
27	39	-0.0463416
13	20	-0.0464061
32	57	-0.0464683
19	34	-0.0464921
2	35	-0.0465565
14	17	-0.0465953
35	70	-0.0469307
8	66	-0.0469531
4	46	-0.046957
23	34	-0.0469823
37	59	-0.0471361
4	67	-0.047241
14	41	-0.0472968
22	61	-0.0473236
38	70	-0.0474548
38	66	-0.0477037
17	42	-0.047745
22	57	-0.0477921
3	64	-0.0478211
17	41	-0.0478402
54	65	-0.0478747
55	63	-0.0479664
42	53	-0.0479716
39	47	-0.0479852
24	58	-0.048017
55	71	-0.0480536
23	71	-0.0481971
24	56	-0.0482357
42	55	-0.0482505
24	47	-0.0482705
3	8	-0.0483206
37	52	-0.0483443
14	44	-0.0485455
29	49	-0.048574
9	18	-0.04863
8	18	-0.0486371
27	59	-0.048701
55	69	-0.0487081
30	50	-0.0487846
6	50	-0.0489474
28	62	-0.048984
36	57	-0.0490181
49	70	-0.0490434
53	60	-0.0490451
3	26	-0.0491166
25	51	-0.0491214
49	52	-0.0493019
31	40	-0.0493287
16	26	-0.0494623
53	59	-0.0494927
54	67	-0.0495688
64	70	-0.0496082
39	58	-0.0496461
23	38	-0.0496761
25	68	-0.0497846
20	30	-0.049993
18	39	-0.050015
31	52	-0.0500415
34	58	-0.050083
17	47	-0.050091
35	42	-0.0501133
18	49	-0.0502045
41	60	-0.050321
32	64	-0.0505415
49	57	-0.0506095
55	56	-0.0506444
35	69	-0.050917
24	53	-0.0509547
39	70	-0.0509597
10	52	-0.0510025
38	67	-0.0510417
35	67	-0.0512366
11	28	-0.0512487
12	17	-0.0512978
12	70	-0.0515503
39	66	-0.0515852
15	32	-0.0515995
11	18	-0.0516375
37	67	-0.0516588
43	48	-0.0516643
37	57	-0.05169
37	47	-0.0516977
64	67	-0.0517224
40	56	-0.0517347
33	48	-0.0518839
6	44	-0.0519242
23	41	-0.051946
23	46	-0.051991
17	65	-0.0520242
4	34	-0.052056
18	38	-0.0520606
34	45	-0.0520728
10	67	-0.0521389
54	61	-0.052153
56	68	-0.0522228
4	13	-0.0523317
33	41	-0.0523403
28	61	-0.0524258
4	22	-0.0524505
1	45	-0.0524866
13	37	-0.052497
15	71	-0.0525075
40	68	-0.052511
6	62	-0.0525312
11	71	-0.0525605
10	58	-0.0525981
32	50	-0.0526003
31	36	-0.0526378
24	62	-0.0526535
11	32	-0.052692
5	24	-0.0528542
40	46	-0.0530662
10	60	-0.0530979
37	66	-0.0531284
53	69	-0.0531485
23	49	-0.0531983
25	55	-0.0532209
19	39	-0.0533277
5	49	-0.0533602
38	58	-0.0534986
8	32	-0.0535033
30	40	-0.0535945
34	52	-0.0536887
32	45	-0.0537494
4	9	-0.0538285
3	37	-0.0538739
22	41	-0.0539656
23	40	-0.0540008
14	25	-0.0540278
51	64	-0.0540501
48	51	-0.0541379
40	60	-0.0541712
38	60	-0.0544576
57	61	-0.0544924
8	28	-0.0547513
20	61	-0.0548065
28	54	-0.054808
32	34	-0.0548161
16	56	-0.0548265
38	68	-0.0548294
20	47	-0.0548304
19	40	-0.054919
45	56	-0.0549903
49	67	-0.0550949
43	63	-0.0551486
27	48	-0.0551783
43	52	-0.0552606
20	39	-0.0553828
1	9	-0.0553913
61	71	-0.0555359
22	46	-0.055592
33	49	-0.0558111
15	40	-0.0560024
30	70	-0.0560978
40	55	-0.056114
39	60	-0.0562308
11	19	-0.0562599
20	45	-0.0563104
31	47	-0.0563116
17	66	-0.0564304
8	19	-0.0565206
8	71	-0.0565749
39	68	-0.0566854
37	56	-0.0566945
47	60	-0.056862
40	58	-0.0568632
53	65	-0.0568654
39	43	-0.0568673
7	24	-0.0570769
16	71	-0.0572051
20	57	-0.0572269
4	38	-0.0572425
21	28	-0.0572756
17	37	-0.0572995
41	65	-0.0573835
8	30	-0.057461
18	43	-0.0576258
56	64	-0.057798
12	55	-0.0579007
21	70	-0.0579515
8	51	-0.0579685
59	63	-0.0579848
2	6	-0.0580078
13	49	-0.058027
42	70	-0.0580479
33	55	-0.0582131
41	52	-0.0583499
56	63	-0.0584109
52	67	-0.0584783
2	46	-0.0585267
7	20	-0.0586276
25	61	-0.0586299
45	66	-0.0586771
13	46	-0.0587983
3	54	-0.0588353
1	13	-0.0588413
27	28	-0.0589091
10	23	-0.0589269
32	71	-0.0589732
26	67	-0.059045
8	16	-0.0590992
14	58	-0.0592055
33	63	-0.0592213
41	58	-0.0592749
33	50	-0.0593538
8	56	-0.059384
49	56	-0.0594859
55	62	-0.0594967
4	12	-0.0596204
2	13	-0.0597328
18	63	-0.0598563
16	50	-0.0599773
3	58	-0.059985
35	57	-0.0599927
48	69	-0.060141
34	57	-0.0601544
26	55	-0.0601643
11	51	-0.0603138
57	66	-0.0603721
8	58	-0.0603858
11	13	-0.0604455
51	59	-0.060471
5	57	-0.0604802
43	53	-0.0605546
27	42	-0.0605553
32	35	-0.0606601
27	56	-0.0608497
24	39	-0.060856
53	61	-0.0609305
4	49	-0.0609539
31	35	-0.0610441
55	64	-0.0611539
21	60	-0.0611602
4	10	-0.0611771
17	50	-0.0612131
8	55	-0.061288
24	31	-0.0613313
18	37	-0.061356
36	51	-0.0616224
12	52	-0.0617073
4	8	-0.0617367
17	21	-0.0617898
9	28	-0.0618508
43	56	-0.0619068
21	56	-0.0619274
27	49	-0.0620168
8	68	-0.0620509
50	57	-0.0620552
1	19	-0.0621269
10	32	-0.0621354
49	68	-0.0621716
29	52	-0.062185
8	44	-0.0622146
11	55	-0.062351
27	29	-0.0623696
10	30	-0.0623764
46	64	-0.0623957
48	60	-0.0626582
2	26	-0.0626655
7	13	-0.0627116
25	70	-0.0627877
40	71	-0.0628255
3	10	-0.0628583
27	52	-0.0630393
26	31	-0.0631633
10	69	-0.0632431
16	35	-0.0633085
34	69	-0.0633693
57	64	-0.0636721
45	63	-0.0638327
19	59	-0.0638332
4	64	-0.0639654
25	59	-0.0639866
32	51	-0.0640085
16	37	-0.0640515
30	38	-0.0640706
44	47	-0.0642193
15	26	-0.0642893
37	51	-0.06433
54	57	-0.0644421
26	45	-0.0645074
46	61	-0.0646607
31	44	-0.0647218
38	71	-0.0648487
10	45	-0.0648947
32	52	-0.064917
9	46	-0.0649409
10	44	-0.065059
33	53	-0.0651709
30	35	-0.0652223
14	70	-0.0653876
29	48	-0.0654045
38	56	-0.0655881
48	70	-0.0655888
17	23	-0.0656056
22	63	-0.0656487
18	40	-0.0656825
37	55	-0.0658811
34	68	-0.0658889
4	15	-0.0659753
31	54	-0.0660456
10	18	-0.0661445
11	57	-0.066146
27	32	-0.0662312
10	16	-0.0662771
15	25	-0.0665532
28	40	-0.0666356
47	59	-0.0666794
53	55	-0.0667502
27	64	-0.0667545
36	44	-0.0667775
4	63	-0.0668034
8	13	-0.0668137
17	55	-0.066853
25	45	-0.0668668
19	37	-0.066978
34	51	-0.0670781
40	66	-0.0670977
43	46	-0.0672114
37	43	-0.0673499
30	37	-0.0673505
34	46	-0.0674809
5	19	-0.0676244
38	69	-0.0676826
18	21	-0.0678485
25	27	-0.0678744
33	40	-0.0679633
19	33	-0.0680148
13	39	-0.0681585
3	43	-0.0683267
23	44	-0.068342
12	45	-0.0683754
30	53	-0.068454
38	45	-0.0685839
59	64	-0.0685959
21	63	-0.068604
3	13	-0.0687352
48	68	-0.0688037
27	35	-0.068828
34	56	-0.0688693
11	59	-0.0689783
41	44	-0.0691821
32	63	-0.0691971
1	33	-0.0692113
36	66	-0.0692707
19	35	-0.0692913
21	61	-0.0696745
5	44	-0.0697127
35	58	-0.069724
60	68	-0.0697982
7	15	-0.069808
13	55	-0.0698494
4	11	-0.069853
11	58	-0.0699015
22	62	-0.0700064
46	69	-0.0700128
31	65	-0.0700787
35	45	-0.070118
42	51	-0.0703328
34	59	-0.070526
10	56	-0.0706468
16	43	-0.0706635
13	34	-0.070703
64	71	-0.07071
16	48	-0.0707188
4	25	-0.0709376
12	27	-0.0710605
16	65	-0.0711346
6	39	-0.0711361
11	16	-0.0711908
49	69	-0.0711994
28	66	-0.071236
18	64	-0.0712824
16	36	-0.0713791
16	25	-0.0715142
13	48	-0.0716356
26	32	-0.0716383
45	48	-0.0717259
35	56	-0.0717659
46	63	-0.0718409
2	66	-0.0719356
50	65	-0.0719387
16	20	-0.0719939
19	26	-0.0720137
37	42	-0.0720514
4	48	-0.0721389
34	55	-0.0721537
34	60	-0.0722899
23	53	-0.0723238
11	45	-0.0723391
25	43	-0.0723575
25	30	-0.0723576
26	30	-0.0724205
7	32	-0.0724226
35	44	-0.0725254
7	18	-0.0725946
29	43	-0.0727077
32	55	-0.0729751
37	71	-0.073005
19	64	-0.0731489
20	68	-0.0732441
8	33	-0.0732498
17	64	-0.0733771
20	44	-0.0734068
44	48	-0.0734646
22	47	-0.0734727
3	20	-0.0734883
40	69	-0.0735669
24	46	-0.0736853
10	13	-0.0737903
4	40	-0.0738917
26	51	-0.0739105
53	58	-0.0739747
16	34	-0.0739765
16	40	-0.0741017
52	66	-0.074182
8	46	-0.0742193
19	49	-0.0742694
11	68	-0.07442
31	55	-0.0747494
24	60	-0.0747596
61	67	-0.0747627
46	53	-0.0748207
22	60	-0.074891
21	46	-0.0750086
1	56	-0.0750283
26	61	-0.0750517
7	14	-0.0752247
38	46	-0.0752251
21	42	-0.0752577
39	52	-0.0753098
33	39	-0.0753161
30	64	-0.0754183
8	27	-0.0754206
49	55	-0.0755453
8	59	-0.075555
30	43	-0.0755761
4	39	-0.0755922
26	70	-0.075627
29	64	-0.0756636
1	6	-0.0756958
39	50	-0.0758712
10	19	-0.0759298
17	67	-0.0759428
6	54	-0.0760346
30	34	-0.0761214
30	69	-0.0762397
18	56	-0.0763206
13	38	-0.0763324
51	61	-0.0763462
29	38	-0.0763689
62	63	-0.0766512
14	60	-0.0767183
5	52	-0.0767591
33	38	-0.0770228
22	68	-0.0770679
29	46	-0.0771141
3	41	-0.0771262
46	67	-0.0771287
53	67	-0.0771536
28	42	-0.0771858
26	27	-0.0772053
18	52	-0.0772225
10	68	-0.0772521
11	43	-0.077302
19	65	-0.0773305
29	35	-0.0774495
4	28	-0.0775554
29	56	-0.0775669
7	22	-0.0776037
47	63	-0.0778342
1	61	-0.0778777
14	21	-0.0779016
40	45	-0.077948
2	54	-0.0779539
4	23	-0.077983
8	57	-0.078355
42	48	-0.0783568
3	22	-0.0784068
32	65	-0.0784375
17	35	-0.0784706
1	27	-0.0784934
8	69	-0.0785863
16	64	-0.0786302
17	40	-0.0787008
16	51	-0.0788602
11	69	-0.0790237
48	58	-0.0791271
40	57	-0.0792897
19	50	-0.0792959
27	34	-0.0793069
24	68	-0.0793118
11	44	-0.0793273
26	59	-0.0794305
27	40	-0.0794844
33	52	-0.0795102
28	69	-0.0795571
24	66	-0.0796837
17	39	-0.0797772
30	36	-0.0799364
19	48	-0.0799607
36	52	-0.0800883
34	44	-0.0801311
10	17	-0.0801789
7	27	-0.0801792
6	65	-0.0801964
53	56	-0.0802956
2	31	-0.0803222
9	56	-0.0803591
11	30	-0.0804434
28	57	-0.0805753
9	21	-0.0806147
31	33	-0.0806718
48	59	-0.0806788
18	54	-0.0808257
31	70	-0.0809539
8	45	-0.0810411
21	33	-0.0811007
16	38	-0.0811515
1	55	-0.0811635
52	70	-0.0811731
38	57	-0.0814463
11	56	-0.0816819
6	36	-0.0817059
45	64	-0.0817279
8	29	-0.0818607
30	55	-0.0821547
19	56	-0.0823485
10	33	-0.0823635
53	57	-0.0824768
14	39	-0.0825795
27	68	-0.0825954
18	31	-0.0826525
32	67	-0.0828069
40	59	-0.0828721
46	59	-0.0829668
4	31	-0.0830304
52	68	-0.083054
64	69	-0.083115
41	55	-0.0831196
54	62	-0.0831363
30	60	-0.0832452
53	62	-0.0832474
46	49	-0.0832764
13	47	-0.0832967
29	34	-0.0833912
41	45	-0.0834698
17	48	-0.0834977
25	47	-0.0836061
15	27	-0.0839626
13	53	-0.0845101
12	54	-0.0846517
48	56	-0.0848803
27	38	-0.084913
28	39	-0.0850016
35	59	-0.0850392
5	43	-0.0851195
9	45	-0.0851228
34	42	-0.0851977
47	50	-0.0852408
30	61	-0.0852425
19	38	-0.0852937
46	70	-0.0856471
33	34	-0.0856877
8	43	-0.0858443
40	43	-0.0859706
47	67	-0.0860032
7	45	-0.0863393
42	49	-0.0863604
21	55	-0.0866486
11	46	-0.086834
25	32	-0.0869068
17	25	-0.0872003
19	52	-0.0872878
38	43	-0.0873298
11	17	-0.087598
10	27	-0.0877555
40	42	-0.0878786
15	53	-0.0879183
9	51	-0.0880311
43	64	-0.0880385
31	53	-0.088058
7	42	-0.0880838
3	53	-0.0881918
26	43	-0.0883502
3	25	-0.088386
18	36	-0.0885257
5	59	-0.0885685
33	54	-0.0887448
55	61	-0.0891155
18	61	-0.089211
41	42	-0.0892137
16	53	-0.0892259
11	27	-0.0892513
46	60	-0.0892809
11	33	-0.0893823
28	31	-0.0895069
12	50	-0.0896924
2	43	-0.0897035
8	17	-0.0899078
9	47	-0.0899667
18	69	-0.0900105
41	57	-0.0900688
44	51	-0.0901382
56	66	-0.0901584
24	42	-0.0901961
9	57	-0.090224
21	68	-0.0902256
3	70	-0.0903296
21	62	-0.0904195
7	52	-0.0905243
28	43	-0.0907321
22	33	-0.0907404
13	40	-0.0909685
32	46	-0.090982
54	60	-0.0910014
2	67	-0.0910665
44	61	-0.0910902
46	71	-0.0912252
18	47	-0.0912584
10	59	-0.0915198
32	69	-0.0915719
6	58	-0.0917999
51	65	-0.091832
25	56	-0.0922782
17	34	-0.0922916
17	22	-0.092369
12	66	-0.0924275
12	65	-0.0924916
14	50	-0.092493
57	63	-0.0925095
2	7	-0.0925214
18	65	-0.0925816
26	29	-0.0926526
38	42	-0.0926928
29	61	-0.0931023
27	70	-0.0932282
24	45	-0.0933141
45	53	-0.0933169
50	62	-0.0934943
10	46	-0.0935031
3	52	-0.0935167
6	19	-0.0935228
9	22	-0.0935247
2	15	-0.093629
29	40	-0.0938206
17	53	-0.0940061
13	24	-0.0941884
20	58	-0.0945676
13	54	-0.0946365
13	28	-0.0946457
3	12	-0.0948032
43	44	-0.0948616
38	59	-0.0949628
15	33	-0.0950826
37	69	-0.0952059
56	67	-0.0952738
45	50	-0.0952777
58	66	-0.0953495
10	43	-0.0958795
3	60	-0.095941
61	68	-0.0961658
36	42	-0.0963044
29	59	-0.0963233
55	65	-0.0964294
22	32	-0.0965396
31	68	-0.0965694
56	65	-0.0967101
4	26	-0.0967556
32	42	-0.0967835
30	52	-0.0967941
3	30	-0.0970752
5	36	-0.0971316
42	64	-0.0972642
11	42	-0.0976048
1	5	-0.097967
14	54	-0.0979848
25	29	-0.0981011
66	68	-0.0981683
11	29	-0.0982147
8	42	-0.098225
3	16	-0.0982393
17	43	-0.0983188
14	20	-0.0983262
16	59	-0.0984002
19	36	-0.0984497
13	62	-0.0985023
21	30	-0.0986788
35	43	-0.0988833
31	46	-0.0989105
6	57	-0.0989865
2	59	-0.0990485
41	69	-0.0991735
9	43	-0.0991889
6	46	-0.0992591
16	62	-0.0996835
12	71	-0.0997202
10	29	-0.100035
43	47	-0.100089
16	54	-0.100127
12	56	-0.100397
17	38	-0.100409
28	36	-0.100462
4	56	-0.100518
23	68	-0.100596
13	64	-0.100808
27	37	-0.100817
4	6	-0.100988
41	56	-0.101007
15	67	-0.101099
10	42	-0.101215
33	37	-0.101228
17	26	-0.101337
17	54	-0.101434
21	45	-0.101498
13	43	-0.101598
6	16	-0.102096
5	18	-0.102339
18	32	-0.102708
33	64	-0.102767
1	65	-0.103103
5	54	-0.103298
2	27	-0.1033
29	53	-0.103325
16	33	-0.103445
21	44	-0.103503
28	45	-0.103779
42	56	-0.10382
26	47	-0.10434
62	66	-0.104368
17	68	-0.104413
32	53	-0.104814
28	46	-0.104827
1	59	-0.104905
13	69	-0.104926
14	19	-0.105082
14	67	-0.105103
31	39	-0.105192
42	50	-0.105239
30	68	-0.105317
19	54	-0.105482
6	42	-0.105665
22	42	-0.105685
55	67	-0.10573
51	58	-0.106097
47	58	-0.106672
9	50	-0.106674
51	67	-0.106783
43	61	-0.106862
31	71	-0.107135
12	36	-0.107159
42	68	-0.107197
15	55	-0.107451
6	61	-0.107469
18	29	-0.107507
41	46	-0.107567
3	50	-0.108452
36	71	-0.108652
29	39	-0.109047
57	68	-0.109162
42	65	-0.109268
13	17	-0.109274
22	69	-0.109337
39	42	-0.109501
12	58	-0.109519
33	67	-0.109695
21	58	-0.109738
29	47	-0.109827
1	42	-0.109859
12	29	-0.110058
5	17	-0.110097
15	45	-0.110543
18	46	-0.110575
18	67	-0.110625
3	63	-0.110788
17	51	-0.11122
12	23	-0.111351
47	53	-0.111401
12	68	-0.111417
15	44	-0.111657
43	51	-0.111673
22	56	-0.111681
17	58	-0.111744
16	42	-0.111763
29	45	-0.111827
56	71	-0.112021
13	22	-0.112102
5	29	-0.11265
30	47	-0.112862
15	19	-0.113084
31	56	-0.113384
4	32	-0.113621
9	33	-0.113623
14	53	-0.113711
5	58	-0.113945
19	70	-0.113962
5	53	-0.113997
15	39	-0.114068
6	52	-0.114184
14	47	-0.114424
47	54	-0.114469
51	70	-0.114716
65	66	-0.114948
9	62	-0.115023
51	60	-0.115073
31	62	-0.115181
30	66	-0.115195
18	60	-0.115318
13	29	-0.115525
45	68	-0.115693
62	71	-0.115706
47	70	-0.11572
22	29	-0.115739
29	60	-0.116147
6	55	-0.11619
20	69	-0.11626
17	57	-0.116393
51	63	-0.117185
6	12	-0.117319
29	51	-0.117588
1	62	-0.1179
23	67	-0.118108
63	69	-0.118194
23	69	-0.118391
30	57	-0.118909
3	46	-0.119109
17	59	-0.119283
17	70	-0.119432
14	18	-0.119545
5	70	-0.119662
29	57	-0.119696
20	70	-0.119724
7	55	-0.119806
45	52	-0.120526
6	56	-0.120619
3	28	-0.120689
28	56	-0.120691
7	17	-0.121367
60	71	-0.121909
29	58	-0.122442
32	44	-0.122588
36	60	-0.122739
19	55	-0.122945
33	57	-0.123135
58	69	-0.123264
36	55	-0.1235
16	57	-0.123508
16	52	-0.124575
31	57	-0.125096
30	54	-0.12549
50	63	-0.125503
15	58	-0.125578
27	33	-0.12558
9	69	-0.126313
15	68	-0.126431
20	67	-0.126614
15	56	-0.127098
27	45	-0.127099
24	57	-0.127245
7	47	-0.127831
20	43	-0.127956
16	45	-0.128257
17	71	-0.12838
21	57	-0.129019
16	22	-0.130105
15	57	-0.130249
21	47	-0.130568
6	15	-0.130788
9	13	-0.131107
55	58	-0.131111
16	46	-0.131114
61	70	-0.131306
6	60	-0.132527
43	68	-0.132596
14	42	-0.132899
5	23	-0.133234
15	22	-0.133276
32	58	-0.133298
44	65	-0.13384
46	52	-0.134138
29	66	-0.134802
15	51	-0.134911
14	28	-0.135251
16	68	-0.135344
18	70	-0.135674
33	66	-0.135709
43	65	-0.13615
23	59	-0.13626
23	58	-0.136266
56	60	-0.136335
6	33	-0.136542
15	24	-0.136558
12	46	-0.13657
13	63	-0.136767
59	67	-0.137126
22	70	-0.137213
27	31	-0.137566
2	30	-0.137627
57	62	-0.137705
44	62	-0.138126
51	71	-0.138503
31	58	-0.13871
33	45	-0.138993
16	69	-0.139213
6	28	-0.1393
50	59	-0.139804
14	56	-0.140346
20	59	-0.140376
5	20	-0.140469
47	68	-0.140469
44	69	-0.141004
19	66	-0.14104
4	60	-0.141248
58	62	-0.141667
22	30	-0.141789
42	54	-0.14266
29	70	-0.142898
12	16	-0.143753
7	44	-0.1444
44	55	-0.144551
5	50	-0.145729
7	71	-0.146026
36	67	-0.146422
15	18	-0.146603
27	50	-0.147049
31	51	-0.147067
22	55	-0.147973
58	71	-0.148746
62	65	-0.148819
15	21	-0.149171
30	51	-0.149597
29	65	-0.149709
12	60	-0.149714
5	28	-0.150042
5	12	-0.150118
43	67	-0.150189
7	51	-0.150407
16	66	-0.150443
42	46	-0.15069
27	44	-0.151753
44	71	-0.151832
21	69	-0.152135
52	56	-0.15235
43	66	-0.152442
52	57	-0.152604
28	59	-0.152794
2	33	-0.152861
3	9	-0.15355
13	18	-0.153927
15	23	-0.155188
32	62	-0.155428
15	66	-0.155568
6	45	-0.155672
7	28	-0.155691
27	55	-0.156049
1	69	-0.156807
12	30	-0.157431
30	62	-0.1575
46	66	-0.157825
5	62	-0.158224
18	59	-0.158584
4	30	-0.158711
32	61	-0.160001
27	51	-0.161357
29	44	-0.161438
4	57	-0.161483
15	65	-0.163219
47	69	-0.163296
56	59	-0.163481
22	31	-0.163742
14	46	-0.164203
15	46	-0.164655
2	60	-0.165031
13	57	-0.166222
3	44	-0.166269
4	52	-0.166667
17	61	-0.168005
7	58	-0.168689
27	57	-0.169029
29	68	-0.170174
14	55	-0.171084
59	66	-0.17135
22	65	-0.173575
4	45	-0.173651
27	58	-0.173775
27	47	-0.173824
2	16	-0.173936
62	67	-0.174382
18	57	-0.174724
17	52	-0.174778
15	28	-0.175805
30	33	-0.176751
52	65	-0.177078
7	59	-0.177096
6	68	-0.177425
19	58	-0.177654
32	60	-0.178605
45	62	-0.17873
31	45	-0.179106
4	16	-0.180041
3	56	-0.182193
13	44	-0.182944
43	50	-0.185039
60	69	-0.185518
52	59	-0.18555
14	63	-0.185676
16	47	-0.186084
13	58	-0.186977
28	65	-0.188924
18	45	-0.190053
17	60	-0.191662
19	69	-0.192933
19	68	-0.193023
58	65	-0.194065
19	31	-0.194108
6	43	-0.195012
23	31	-0.195021
30	42	-0.195801
2	18	-0.196054
9	15	-0.199099
28	70	-0.199698
9	14	-0.199911
9	31	-0.199935
46	65	-0.203345
15	63	-0.203646
19	44	-0.206437
4	62	-0.208212
7	19	-0.211885
31	63	-0.212535
14	62	-0.213012
31	66	-0.214926
6	31	-0.218174
6	59	-0.219208
51	69	-0.219683
47	62	-0.220991
3	33	-0.222367
7	29	-0.223341
29	42	-0.223518
13	65	-0.224997
19	47	-0.226659
5	31	-0.227859
7	43	-0.228114
5	15	-0.228384
3	14	-0.229237
19	57	-0.232329
59	65	-0.233274
19	45	-0.233616
13	45	-0.236102
12	47	-0.242617
5	33	-0.263772
30	59	-0.267391
47	65	-0.267988
33	69	-0.278808