#==========================================================================
# The first and second rows contain site pairs (i, j) such that j > i
# The third row contains coevolutionary scores obtained 
# using Boltzmann learning algorithm.
# Note that in this data sites are counted/labelled starting from 1
#==========================================================================
6	44	2.07601
7	43	1.99787
8	42	1.90556
5	45	1.57
21	27	1.35702
4	46	1.33911
20	28	1.30001
4	45	1.21565
42	43	0.985013
4	5	0.983883
7	8	0.830808
5	12	0.815855
44	46	0.741124
23	33	0.662687
21	30	0.648375
7	42	0.612099
12	45	0.581964
12	43	0.57689
8	43	0.540189
43	46	0.530714
7	12	0.530604
5	44	0.520124
6	46	0.489198
7	46	0.43946
27	46	0.433843
4	23	0.416547
5	6	0.412014
30	44	0.4064
4	43	0.406201
5	27	0.404437
6	43	0.401406
27	45	0.384044
4	12	0.382709
30	45	0.375724
4	7	0.330562
30	43	0.306668
1	3	0.301443
7	30	0.297191
1	47	0.295724
26	30	0.293104
2	3	0.28962
3	47	0.28873
1	2	0.287123
4	9	0.280969
2	47	0.28095
11	12	0.277155
5	21	0.275258
12	27	0.270674
21	46	0.265214
6	7	0.26503
11	45	0.26293
23	46	0.25365
12	23	0.251342
29	30	0.249505
5	43	0.243309
21	45	0.241599
20	21	0.24054
23	45	0.23974
4	44	0.239045
6	12	0.231224
5	28	0.228709
20	32	0.227191
4	6	0.22559
21	28	0.224983
42	45	0.223444
32	44	0.20861
28	32	0.208357
7	44	0.205265
5	20	0.203074
5	7	0.202653
7	45	0.201286
8	46	0.198326
32	46	0.193185
7	14	0.188308
8	21	0.183013
5	23	0.178354
4	32	0.174939
43	44	0.173182
42	46	0.16806
8	14	0.167527
4	28	0.164804
4	20	0.154402
7	23	0.148637
32	45	0.147828
14	30	0.146631
17	39	0.146488
10	39	0.145272
5	30	0.145006
16	36	0.14497
27	43	0.143899
16	38	0.142044
22	38	0.141587
10	40	0.141508
17	40	0.141243
34	41	0.140963
24	38	0.1407
10	15	0.14038
23	43	0.140176
17	38	0.140148
7	28	0.140027
15	38	0.13983
15	17	0.1389
1	4	0.138843
10	13	0.138831
34	40	0.137964
34	35	0.137659
31	34	0.13685
15	36	0.136334
17	36	0.135433
16	31	0.135401
2	4	0.135168
31	38	0.134654
16	34	0.134529
16	40	0.134113
4	47	0.134088
12	42	0.133643
16	35	0.1336
15	34	0.132796
13	16	0.132616
17	34	0.132612
22	39	0.132532
14	42	0.13187
14	43	0.13142
10	37	0.131286
18	36	0.131188
22	36	0.131065
10	38	0.130702
9	12	0.130628
15	18	0.13047
10	36	0.130046
24	34	0.129397
36	37	0.129115
10	35	0.129048
13	17	0.128841
4	30	0.128601
17	37	0.128314
15	24	0.128188
15	22	0.128036
15	16	0.128028
17	41	0.127994
17	22	0.127913
22	41	0.127839
16	24	0.127835
35	36	0.127822
12	25	0.127683
15	35	0.127582
18	34	0.127195
34	36	0.126962
36	41	0.126569
17	18	0.126141
18	38	0.125937
10	34	0.125896
37	41	0.125862
34	38	0.125624
38	40	0.125218
37	38	0.125199
16	17	0.125082
16	22	0.124952
10	18	0.124897
7	20	0.12488
36	38	0.124847
24	37	0.124713
24	31	0.124637
10	31	0.12455
38	41	0.124548
15	40	0.124519
18	24	0.124469
13	34	0.124444
18	35	0.124047
18	31	0.124006
37	40	0.123894
24	39	0.123818
40	41	0.123755
35	41	0.123558
12	44	0.123442
15	31	0.123411
16	37	0.123341
22	34	0.123285
35	39	0.123251
18	41	0.122918
15	39	0.122791
3	4	0.122774
13	38	0.122012
22	31	0.121752
24	41	0.121395
16	39	0.120563
45	46	0.120528
35	38	0.119571
6	30	0.11916
31	40	0.119038
22	24	0.118352
36	40	0.118138
10	41	0.118025
15	37	0.117872
24	35	0.117452
35	40	0.117363
13	41	0.117267
17	31	0.117165
34	37	0.116947
39	41	0.116667
36	39	0.116396
10	24	0.11609
13	24	0.115972
22	37	0.115744
13	15	0.115678
18	40	0.115481
8	45	0.115439
18	39	0.115138
31	39	0.114915
37	39	0.114813
6	27	0.114665
31	36	0.114297
22	35	0.113943
13	22	0.113746
18	22	0.11355
17	35	0.113545
22	40	0.113509
24	36	0.113164
13	36	0.113109
13	37	0.112856
13	35	0.11254
17	24	0.112534
10	16	0.112523
13	18	0.112297
18	37	0.111964
31	37	0.111956
15	41	0.111458
34	39	0.111431
31	35	0.111301
13	39	0.110417
35	37	0.109784
10	22	0.109409
24	40	0.108604
19	36	0.108305
31	41	0.108147
39	40	0.106331
16	41	0.106058
38	39	0.105966
12	21	0.105465
16	18	0.104084
10	17	0.102749
24	25	0.101852
4	8	0.101715
25	35	0.100351
13	31	0.0992914
12	14	0.0988526
29	38	0.0986235
22	25	0.0982274
17	25	0.0980641
15	19	0.0976247
13	40	0.0972737
19	41	0.096471
33	40	0.0963034
25	40	0.0957107
29	34	0.0944493
25	31	0.0943494
6	45	0.0942119
25	38	0.0938998
19	34	0.0936441
25	37	0.0928241
4	42	0.0925505
19	38	0.0925336
10	11	0.0916354
17	29	0.091349
10	25	0.0912024
16	25	0.0909623
26	36	0.0901434
26	31	0.0897832
25	34	0.0896423
11	35	0.0895676
13	25	0.0891803
19	40	0.0885485
17	26	0.0878236
26	34	0.0875724
11	17	0.0875062
24	33	0.0873358
24	29	0.0870731
11	16	0.087027
12	33	0.086284
11	40	0.0860696
11	41	0.0857177
19	31	0.0856662
9	21	0.0855013
17	33	0.0848055
19	39	0.0846282
13	19	0.0839485
18	25	0.0836933
29	31	0.0836364
19	37	0.0834783
17	19	0.0833258
5	14	0.0832444
29	39	0.0829223
13	33	0.0828859
19	35	0.0827639
13	29	0.0823863
33	39	0.0823194
10	19	0.0820931
25	41	0.0819959
16	19	0.0817648
24	26	0.0817548
29	35	0.081644
11	18	0.0809453
19	24	0.0800908
11	22	0.0794942
25	39	0.0793279
22	33	0.0788525
16	33	0.0779883
29	36	0.0777564
26	38	0.0773308
33	35	0.0769665
18	33	0.0768162
19	22	0.0767118
25	36	0.0763324
29	40	0.0762779
10	33	0.0757001
21	42	0.0756662
22	29	0.0755173
15	33	0.075037
31	33	0.0749319
29	37	0.0746687
26	37	0.074479
26	39	0.0736207
26	41	0.0734717
26	35	0.0734516
11	31	0.0732271
10	29	0.0730499
33	34	0.0729973
11	15	0.0722787
15	25	0.0719912
29	41	0.0710836
15	29	0.0709789
33	38	0.070757
33	41	0.0707121
18	26	0.0703617
33	36	0.069993
8	28	0.0689774
11	34	0.0687034
13	26	0.068254
9	27	0.0677347
16	26	0.0676196
8	12	0.0668162
11	38	0.0652899
18	19	0.0652294
31	32	0.0647044
32	35	0.0646276
9	31	0.0641377
15	26	0.0621066
32	39	0.0617754
10	26	0.0616871
32	40	0.0612149
5	46	0.0612001
33	37	0.0601447
11	13	0.0599999
12	46	0.05937
28	45	0.0593447
15	32	0.0593192
26	40	0.058217
11	39	0.0578877
18	29	0.0577835
22	32	0.057201
11	24	0.056911
24	32	0.0560072
13	32	0.0549365
11	37	0.0541196
22	26	0.0539889
9	22	0.053895
9	40	0.0538385
32	36	0.0528528
28	44	0.0526643
9	17	0.0521802
9	35	0.051566
17	32	0.0511678
20	45	0.0511106
9	15	0.0501965
32	34	0.0501571
9	36	0.0501268
16	29	0.0496608
11	36	0.0490924
10	14	0.048874
9	16	0.0476132
44	45	0.0473818
9	39	0.0472671
43	45	0.0467325
14	22	0.0467088
32	38	0.0463131
9	24	0.0448072
8	27	0.0447869
28	43	0.0447508
3	9	0.0443522
32	37	0.042855
16	32	0.0426725
26	33	0.042001
6	42	0.0416301
27	28	0.0409466
32	41	0.040751
20	44	0.0406276
9	13	0.0403001
9	41	0.0390906
11	29	0.037768
9	18	0.037395
14	40	0.0369466
9	37	0.0369053
11	19	0.0362115
9	34	0.0360785
18	32	0.0358496
9	10	0.0355606
11	26	0.03543
23	42	0.0349269
19	29	0.0348062
1	27	0.0345223
10	32	0.0344923
25	26	0.0342761
9	38	0.0341005
19	26	0.0340631
14	16	0.0340492
19	25	0.0339131
30	46	0.0337234
12	19	0.0334813
25	33	0.0323349
19	33	0.030501
11	25	0.0298473
2	9	0.0289697
8	9	0.0281181
25	29	0.0280506
6	9	0.0280051
14	17	0.0275852
9	47	0.0267503
14	15	0.0261394
29	33	0.0256941
14	24	0.0256382
7	27	0.0247304
14	21	0.0246532
28	46	0.0246389
14	18	0.0243394
14	34	0.0238604
43	47	0.0231672
20	27	0.0228857
14	38	0.0219709
1	9	0.0217323
13	14	0.0212575
14	39	0.0205851
17	23	0.01994
20	43	0.0191227
14	37	0.0189147
23	38	0.0165196
14	41	0.0159471
3	21	0.0158363
21	47	0.014883
23	35	0.0144985
14	31	0.0142091
23	37	0.014129
11	33	0.014056
11	21	0.0128216
26	29	0.0126245
19	32	0.0111266
23	34	0.0111172
25	32	0.00898912
2	27	0.00892647
14	35	0.00876625
14	36	0.0082517
10	23	0.00814497
44	47	0.00798202
13	23	0.00770527
23	31	0.00682115
12	30	0.00662696
23	24	0.00538073
23	36	0.00493449
14	44	0.0036173
23	41	0.00318894
3	18	0.0031086
3	27	0.00303879
23	39	0.00260928
8	20	0.00183168
11	27	0.00128504
1	21	0.000380017
15	23	7.29645e-05
2	6	-8.6846e-05
14	19	-0.000357699
3	35	-0.00102382
3	38	-0.00132269
3	13	-0.00163708
20	38	-0.00200724
23	40	-0.00250076
20	24	-0.00257449
32	33	-0.00268153
3	44	-0.00271129
19	21	-0.00276386
18	47	-0.00352449
9	19	-0.00384045
2	10	-0.00408412
15	47	-0.0041714
6	47	-0.00418225
9	46	-0.00453885
2	44	-0.00507007
28	35	-0.00553667
3	10	-0.00559891
1	13	-0.00576987
3	22	-0.00581629
9	25	-0.00607054
29	32	-0.00636149
2	31	-0.00646602
1	16	-0.00685565
2	13	-0.00713459
7	47	-0.00751431
3	17	-0.00759292
20	31	-0.00773927
40	47	-0.00802002
13	47	-0.00855557
20	35	-0.0088903
37	47	-0.00899391
3	31	-0.00909014
1	37	-0.00941437
17	28	-0.00996824
22	23	-0.0103654
20	41	-0.0107744
9	29	-0.0108004
24	47	-0.0109875
1	7	-0.0114752
1	15	-0.0114827
3	41	-0.0117125
1	5	-0.0121838
3	37	-0.0124169
14	25	-0.0124864
20	40	-0.0125879
41	47	-0.0126712
2	36	-0.0127145
28	31	-0.0130011
2	41	-0.0130695
11	32	-0.0135032
27	42	-0.0135182
28	36	-0.0136467
21	33	-0.0137792
17	20	-0.0138727
22	47	-0.0141726
1	22	-0.0142925
26	32	-0.0144142
1	18	-0.0144179
2	39	-0.014968
2	16	-0.0150571
1	39	-0.0152265
20	22	-0.015367
18	23	-0.0153843
25	27	-0.0159708
39	47	-0.0161538
10	20	-0.0165608
2	7	-0.0165671
2	18	-0.0166229
1	31	-0.0166889
1	35	-0.0167679
9	26	-0.0167818
2	42	-0.0167834
3	39	-0.0170883
10	28	-0.0175542
18	20	-0.0176956
20	36	-0.0178196
2	21	-0.0178548
16	47	-0.0178551
3	40	-0.0179126
2	38	-0.017972
27	47	-0.0180373
3	36	-0.0181601
1	44	-0.0184792
2	24	-0.0184869
1	41	-0.0184935
13	28	-0.0187711
20	42	-0.0192024
36	47	-0.019358
35	47	-0.0196484
31	47	-0.0197398
3	24	-0.0197862
2	15	-0.0197867
9	33	-0.0199707
28	39	-0.0200759
3	16	-0.020376
13	20	-0.0205575
1	10	-0.0206908
34	47	-0.0208709
28	37	-0.0210657
6	14	-0.021184
2	40	-0.0212187
2	17	-0.0214952
1	29	-0.0215295
2	37	-0.0216434
1	34	-0.0216687
38	47	-0.0220614
16	28	-0.0224574
2	35	-0.0226004
28	41	-0.0227456
2	34	-0.0227555
19	47	-0.0232394
3	6	-0.0232843
46	47	-0.0234038
3	15	-0.0234904
16	23	-0.0237605
1	24	-0.0237632
1	40	-0.0238979
2	22	-0.0241217
3	34	-0.0242839
3	26	-0.0245624
19	27	-0.0247088
1	17	-0.0250565
1	42	-0.0254632
1	36	-0.0263436
30	42	-0.0266494
1	8	-0.0267601
20	37	-0.0269187
24	28	-0.0271924
14	26	-0.0272437
3	19	-0.0275384
2	25	-0.0276981
10	47	-0.0278287
3	7	-0.0286457
1	38	-0.0286525
20	34	-0.0287116
11	14	-0.028864
14	29	-0.0295947
15	28	-0.0297244
15	20	-0.0300726
42	47	-0.0302544
25	47	-0.030409
26	46	-0.0305101
29	44	-0.0308918
30	34	-0.0309781
3	25	-0.0311085
17	47	-0.0318111
1	45	-0.0320175
30	38	-0.0323543
1	26	-0.0326359
26	47	-0.0326384
3	43	-0.0327136
1	25	-0.0328502
18	28	-0.0337781
28	34	-0.0338668
1	6	-0.0338781
6	25	-0.0342207
20	39	-0.0342488
26	43	-0.0344552
2	43	-0.0345158
3	8	-0.0345682
1	19	-0.0351546
3	33	-0.0352374
22	28	-0.035619
20	46	-0.0358573
30	39	-0.0362107
6	19	-0.0363633
29	47	-0.0364676
28	38	-0.0365394
2	8	-0.0375317
2	46	-0.0376277
2	26	-0.0379096
14	33	-0.0379237
3	14	-0.038116
16	20	-0.0381811
2	5	-0.0382187
1	43	-0.0384248
2	19	-0.0388993
33	47	-0.0393489
1	33	-0.0393509
28	40	-0.0395236
2	29	-0.039699
1	11	-0.0414815
7	9	-0.0415864
30	37	-0.0425598
9	11	-0.0429647
3	29	-0.0431452
2	33	-0.0431949
23	44	-0.0434424
2	12	-0.0440591
8	30	-0.0449782
21	25	-0.0453222
19	45	-0.045897
27	33	-0.0465428
13	30	-0.0477902
2	32	-0.0478103
3	46	-0.0482081
30	36	-0.0482967
2	14	-0.0485009
8	47	-0.048799
15	30	-0.0489006
3	32	-0.0497172
14	32	-0.0498581
3	11	-0.0501726
12	28	-0.0512487
2	11	-0.0517258
29	46	-0.0528426
8	23	-0.0531605
26	44	-0.0535299
32	47	-0.0539989
14	47	-0.0550543
11	46	-0.0550631
26	42	-0.0554671
1	14	-0.055853
5	8	-0.056298
18	30	-0.0565671
3	5	-0.056697
19	44	-0.0571968
9	44	-0.0576143
11	47	-0.0577159
1	46	-0.0577882
23	30	-0.0591219
1	12	-0.059828
3	12	-0.0602374
30	35	-0.060796
27	37	-0.0609465
21	26	-0.0620597
22	30	-0.0638033
22	27	-0.0638251
1	32	-0.0639965
29	43	-0.0647263
14	27	-0.0647508
2	45	-0.0651641
28	42	-0.0653733
17	27	-0.0655953
29	42	-0.0672424
3	42	-0.0673684
18	21	-0.0690549
9	43	-0.0693701
45	47	-0.069784
18	27	-0.0701921
23	25	-0.0702109
30	40	-0.0706645
27	36	-0.0709413
30	41	-0.0711961
21	23	-0.0712684
11	23	-0.0713102
19	23	-0.0717705
27	39	-0.0722704
21	41	-0.0724647
20	30	-0.0729869
12	29	-0.0735267
12	20	-0.0742211
27	35	-0.0751515
30	31	-0.0761881
20	33	-0.0766945
10	30	-0.0768892
19	28	-0.0777085
24	30	-0.0779624
24	27	-0.0783117
3	45	-0.0798893
5	47	-0.0806676
10	27	-0.0809424
2	30	-0.0812363
9	14	-0.081327
5	9	-0.0813691
16	21	-0.0817332
13	27	-0.081757
28	30	-0.0821056
6	11	-0.0825638
16	27	-0.0826262
25	28	-0.0827983
21	37	-0.0828258
8	29	-0.0832863
25	45	-0.083347
16	30	-0.0834404
19	20	-0.083556
27	41	-0.0842856
5	29	-0.0854008
27	34	-0.0861528
27	38	-0.0862928
6	20	-0.0863228
27	31	-0.0864612
12	26	-0.0864747
20	25	-0.0865101
21	22	-0.0867777
15	21	-0.0870092
3	28	-0.0870426
17	30	-0.0872404
13	21	-0.0886272
23	26	-0.0889019
30	47	-0.0889699
27	40	-0.0904015
9	32	-0.0907301
28	47	-0.0910441
12	47	-0.0916229
23	47	-0.0916633
8	32	-0.0921661
9	42	-0.0930436
33	45	-0.0932647
21	31	-0.0933964
19	46	-0.095097
1	23	-0.0956322
15	27	-0.0959695
20	26	-0.0964842
2	28	-0.0967976
28	33	-0.0968338
21	35	-0.0974266
9	45	-0.0975262
8	26	-0.0978486
14	28	-0.0978554
2	23	-0.0986359
1	20	-0.0986677
21	39	-0.0987464
17	21	-0.0993366
7	26	-0.100374
25	30	-0.100878
21	40	-0.100901
11	30	-0.101319
25	44	-0.102499
2	20	-0.102736
23	29	-0.102951
20	29	-0.102967
21	24	-0.103436
7	32	-0.103929
26	28	-0.104039
28	29	-0.104159
1	30	-0.104261
6	29	-0.104467
14	20	-0.105096
11	28	-0.105531
3	23	-0.106226
10	21	-0.107094
21	38	-0.108306
3	20	-0.108637
21	29	-0.109362
6	10	-0.109449
3	30	-0.109889
21	34	-0.110232
11	44	-0.110258
4	29	-0.11065
14	45	-0.110749
20	47	-0.111016
11	20	-0.111256
7	29	-0.111324
26	45	-0.111633
19	42	-0.111829
8	10	-0.112313
35	42	-0.112697
33	44	-0.114259
8	18	-0.114391
23	32	-0.11584
8	31	-0.116427
1	28	-0.116602
8	16	-0.117186
19	30	-0.117579
8	41	-0.117722
25	46	-0.117966
30	33	-0.118047
33	46	-0.118254
6	33	-0.1183
21	36	-0.120441
27	29	-0.121274
8	35	-0.122286
8	36	-0.122317
31	42	-0.122857
37	42	-0.122879
39	42	-0.123011
8	25	-0.123286
5	32	-0.123636
13	42	-0.123989
8	39	-0.124831
8	13	-0.125073
24	42	-0.125078
8	37	-0.125259
40	42	-0.125418
8	24	-0.125447
25	42	-0.125576
36	42	-0.126028
8	22	-0.126341
5	26	-0.126486
6	28	-0.127053
6	13	-0.127735
34	42	-0.127974
32	43	-0.128497
4	25	-0.128939
41	42	-0.129071
8	17	-0.129245
6	36	-0.129263
8	15	-0.130583
6	23	-0.130922
6	39	-0.131176
11	42	-0.131179
6	37	-0.131555
14	23	-0.132176
6	18	-0.13222
8	38	-0.132536
6	15	-0.133218
18	42	-0.133353
6	26	-0.133466
38	42	-0.133741
8	19	-0.13386
6	16	-0.134177
6	40	-0.134352
6	24	-0.135578
14	46	-0.13577
9	20	-0.136115
8	40	-0.137458
27	44	-0.138666
15	42	-0.139049
21	32	-0.139209
6	34	-0.139718
9	23	-0.141383
22	42	-0.14232
18	44	-0.142497
8	34	-0.142618
17	42	-0.142652
6	31	-0.142899
29	45	-0.14308
4	11	-0.143106
6	41	-0.143314
23	27	-0.143344
6	38	-0.143722
26	27	-0.144508
6	22	-0.145473
6	35	-0.146411
4	26	-0.146611
16	42	-0.147412
6	17	-0.149402
5	19	-0.150055
33	42	-0.150776
16	44	-0.152163
5	11	-0.152974
7	11	-0.154278
10	44	-0.155183
22	44	-0.155682
19	43	-0.155988
41	44	-0.157636
8	33	-0.158711
13	44	-0.159868
24	44	-0.161453
34	44	-0.162716
12	32	-0.164239
30	32	-0.164275
32	42	-0.164554
10	42	-0.165129
35	44	-0.166133
15	44	-0.166927
5	42	-0.167447
37	44	-0.167486
5	25	-0.167987
4	19	-0.168558
8	11	-0.168712
8	44	-0.169328
17	44	-0.169424
4	14	-0.169851
36	44	-0.170205
40	44	-0.170291
6	8	-0.173105
27	32	-0.175088
9	28	-0.175361
7	21	-0.178908
7	25	-0.180825
38	44	-0.181465
31	44	-0.182608
39	44	-0.183276
12	40	-0.183652
4	33	-0.183776
6	32	-0.184553
20	23	-0.186682
12	31	-0.188158
12	18	-0.188768
25	43	-0.190318
12	22	-0.190496
10	12	-0.191009
12	24	-0.191119
9	30	-0.191962
12	37	-0.193019
42	44	-0.193119
12	13	-0.193927
7	19	-0.19558
13	46	-0.199343
40	46	-0.204607
12	16	-0.205224
24	46	-0.205802
7	33	-0.207893
12	41	-0.208199
12	39	-0.208445
27	30	-0.209253
12	15	-0.209662
11	43	-0.209985
12	36	-0.210373
5	39	-0.210451
39	46	-0.211708
18	46	-0.212808
16	46	-0.212988
22	46	-0.213435
12	35	-0.213624
36	46	-0.218332
5	33	-0.219756
5	24	-0.220823
5	15	-0.220875
38	46	-0.221582
41	46	-0.223689
12	34	-0.224715
34	46	-0.225269
6	21	-0.225741
12	17	-0.22585
37	46	-0.226601
5	40	-0.229772
12	38	-0.229885
31	46	-0.230407
5	16	-0.23061
5	41	-0.231024
13	45	-0.232678
21	43	-0.233602
31	45	-0.233973
35	46	-0.234132
5	18	-0.234389
36	45	-0.234532
5	38	-0.236225
23	28	-0.238195
5	13	-0.238565
40	45	-0.240132
5	36	-0.242381
5	10	-0.243179
15	46	-0.243451
17	46	-0.245679
37	45	-0.245811
17	45	-0.246021
5	34	-0.246031
39	45	-0.246252
7	40	-0.246362
7	37	-0.24655
4	41	-0.246834
5	35	-0.246912
33	43	-0.247159
10	46	-0.247179
5	31	-0.247203
22	43	-0.247674
7	31	-0.248191
4	37	-0.248499
35	45	-0.249054
5	37	-0.249332
7	41	-0.249546
4	39	-0.249595
18	45	-0.250284
7	16	-0.250334
5	22	-0.251252
7	34	-0.251879
5	17	-0.252169
16	45	-0.252174
7	22	-0.252646
22	45	-0.253369
15	45	-0.253529
41	45	-0.253798
37	43	-0.253988
10	45	-0.25423
13	43	-0.254663
7	13	-0.255226
7	10	-0.25591
7	18	-0.256067
36	43	-0.257754
7	35	-0.257875
18	43	-0.257879
38	45	-0.25825
39	43	-0.259441
4	24	-0.25949
4	16	-0.260484
7	39	-0.260976
7	15	-0.261473
38	43	-0.262583
41	43	-0.263299
24	45	-0.263681
15	43	-0.263736
40	43	-0.264706
34	45	-0.265283
7	24	-0.265426
10	43	-0.265641
31	43	-0.266099
4	17	-0.267537
35	43	-0.269197
4	18	-0.269248
24	43	-0.269533
4	10	-0.269935
34	43	-0.270886
16	43	-0.271085
17	43	-0.271205
7	36	-0.272137
4	34	-0.272269
4	35	-0.27462
4	15	-0.275467
4	31	-0.275772
7	38	-0.275817
7	17	-0.276038
4	13	-0.276388
4	22	-0.277224
4	40	-0.277989
4	36	-0.279118
4	38	-0.28609
21	44	-0.301587
4	21	-0.307733
4	27	-0.326178