#==========================================================================
# The first and second rows contain site pairs (i, j) such that j > i
# The third row contains coevolutionary scores obtained 
# using Boltzmann learning algorithm.
# Note that in this data sites are counted/labelled starting from 1
#==========================================================================
17	24	2.43542
18	23	2.42058
16	25	2.15531
15	26	2.05018
2	52	1.53108
14	27	1.13522
30	53	0.927938
13	28	0.910107
20	22	0.747944
2	6	0.677448
6	52	0.662702
34	48	0.639089
20	21	0.635388
29	45	0.604246
13	53	0.583726
26	43	0.583181
25	26	0.573291
1	53	0.569383
22	42	0.537704
15	25	0.52511
14	29	0.523227
19	42	0.509703
9	31	0.489242
16	26	0.487541
19	20	0.484366
9	26	0.470057
27	29	0.467919
22	45	0.45499
22	44	0.454686
19	29	0.452052
16	31	0.45196
22	23	0.439656
43	53	0.428458
20	42	0.423908
13	45	0.423547
24	27	0.417678
6	34	0.417621
14	24	0.414877
30	42	0.405754
16	45	0.405651
6	48	0.405
45	53	0.40468
21	22	0.400596
28	53	0.387294
1	30	0.372459
1	29	0.364189
16	17	0.362812
14	15	0.359823
1	14	0.349499
15	27	0.349056
15	43	0.346579
9	13	0.345991
19	30	0.34303
21	44	0.339508
15	16	0.333911
6	45	0.332806
13	30	0.327772
26	27	0.325222
42	53	0.321393
1	27	0.3164
10	28	0.311688
14	26	0.310231
1	15	0.306484
1	13	0.306244
9	21	0.30185
22	53	0.301737
19	21	0.30103
15	18	0.300043
1	22	0.294325
1	6	0.293522
1	2	0.293119
13	31	0.292949
1	25	0.292095
21	28	0.289998
43	45	0.288779
18	25	0.287557
24	48	0.283783
24	34	0.282586
10	29	0.282164
31	44	0.281261
30	34	0.280679
17	27	0.278713
17	23	0.277002
14	17	0.276183
6	17	0.273374
23	25	0.272822
18	22	0.270865
27	43	0.270749
30	48	0.269247
6	53	0.264717
9	10	0.263316
10	53	0.262917
23	44	0.256961
16	18	0.256955
17	48	0.252473
20	43	0.252393
17	34	0.248907
14	43	0.2489
10	23	0.244444
10	34	0.241299
29	44	0.239933
9	22	0.239658
25	27	0.239622
29	42	0.238601
30	45	0.238303
21	26	0.237484
14	25	0.236622
10	48	0.235708
9	43	0.234388
17	28	0.233403
22	30	0.230039
9	53	0.229434
10	27	0.225542
10	14	0.224336
10	20	0.223374
24	25	0.222033
19	43	0.221686
17	26	0.221097
25	31	0.219919
18	44	0.212971
26	42	0.212011
29	53	0.208004
28	44	0.196961
21	31	0.195654
23	24	0.194941
22	24	0.194804
21	42	0.189483
15	21	0.188972
21	53	0.187073
16	22	0.183256
19	45	0.182008
11	37	0.179276
1	43	0.176296
11	35	0.173074
14	23	0.172238
41	50	0.17026
36	47	0.169945
16	24	0.16866
40	50	0.168461
36	50	0.168112
21	30	0.167725
5	35	0.167435
3	11	0.167414
36	51	0.166541
11	33	0.166301
24	28	0.165741
32	35	0.165426
36	38	0.165274
28	45	0.165022
7	11	0.164941
16	23	0.16478
11	32	0.164758
12	47	0.164672
35	49	0.164511
37	47	0.164198
15	17	0.163937
8	33	0.163465
35	50	0.163136
3	33	0.162867
28	30	0.162841
40	47	0.162516
3	47	0.162044
37	39	0.161568
11	49	0.161122
37	38	0.160963
21	23	0.160864
21	29	0.160721
12	35	0.160535
3	38	0.159976
11	36	0.159808
8	37	0.159568
7	35	0.159117
32	33	0.159068
3	39	0.158763
32	40	0.158735
35	47	0.158362
7	33	0.158347
3	5	0.157945
8	12	0.157493
35	41	0.157476
42	44	0.157464
50	51	0.157123
11	50	0.157102
11	46	0.157043
30	44	0.156916
11	47	0.156497
7	51	0.156375
12	40	0.15608
39	49	0.155958
37	50	0.155925
37	51	0.155842
7	36	0.15572
35	40	0.155556
38	49	0.155475
17	25	0.155399
32	37	0.155381
35	38	0.155369
35	46	0.155297
36	46	0.15499
35	36	0.154983
7	40	0.154968
32	39	0.154801
8	11	0.154683
8	41	0.154246
8	51	0.15418
11	40	0.153807
3	35	0.153513
8	46	0.153443
3	50	0.153056
7	49	0.152582
3	51	0.152554
32	50	0.15254
41	47	0.152509
3	46	0.152353
3	40	0.152287
4	51	0.152115
33	36	0.152091
12	38	0.152086
5	49	0.15195
32	47	0.151807
5	40	0.151778
33	40	0.151749
39	46	0.151737
40	46	0.15153
39	50	0.151478
3	37	0.151426
3	8	0.151136
6	44	0.151051
5	46	0.150859
4	33	0.150804
7	8	0.150511
49	50	0.150467
18	19	0.150446
4	37	0.15026
12	33	0.150219
7	12	0.150149
7	37	0.150144
39	47	0.149956
5	37	0.149947
39	51	0.149658
12	51	0.14961
3	7	0.14946
35	51	0.149246
32	51	0.149138
3	36	0.148799
7	39	0.148746
40	49	0.148549
36	37	0.148547
33	50	0.148232
33	38	0.147869
5	33	0.147641
5	36	0.147639
49	51	0.147531
33	39	0.147493
4	50	0.147453
8	32	0.14721
5	32	0.147049
14	22	0.14643
36	49	0.146306
47	49	0.146251
4	11	0.146214
32	36	0.146031
32	38	0.146005
46	50	0.145939
5	51	0.145937
38	39	0.14592
23	27	0.145834
5	8	0.145695
12	36	0.145638
13	29	0.145594
7	50	0.145356
8	39	0.14533
8	49	0.145322
12	39	0.145224
11	41	0.145092
4	47	0.145066
38	40	0.145032
11	12	0.14502
8	35	0.144987
7	47	0.144934
11	51	0.144733
5	11	0.144731
18	43	0.144535
7	41	0.144442
8	50	0.144375
13	25	0.144343
12	49	0.144285
37	41	0.143917
4	7	0.14358
46	51	0.143454
4	46	0.143432
2	42	0.143223
5	12	0.142826
33	51	0.142812
47	51	0.142763
33	35	0.142604
38	50	0.142287
12	37	0.142244
4	38	0.142086
46	47	0.141757
6	24	0.141561
35	37	0.14156
33	37	0.141414
37	46	0.141301
12	50	0.140475
5	7	0.140333
25	30	0.140311
3	41	0.140226
36	41	0.1401
40	51	0.140021
33	41	0.139996
8	36	0.139849
4	32	0.139824
12	46	0.139647
16	27	0.139618
11	39	0.139529
7	32	0.139493
37	49	0.139375
8	47	0.139222
35	39	0.139014
4	5	0.138742
37	40	0.138577
18	20	0.138465
18	21	0.13815
33	46	0.137952
41	49	0.137846
39	41	0.137795
4	35	0.137624
4	40	0.137515
20	23	0.137181
33	47	0.137179
1	42	0.13717
5	47	0.13713
4	12	0.136996
12	41	0.136853
32	46	0.136615
38	41	0.136562
46	49	0.13652
32	41	0.136404
33	49	0.136263
14	16	0.13623
5	50	0.136227
7	38	0.135906
4	39	0.135883
38	46	0.135762
39	40	0.135733
4	49	0.135396
3	32	0.135022
47	50	0.13499
8	40	0.133941
8	38	0.133765
6	42	0.133716
5	41	0.133143
3	12	0.132241
5	38	0.132199
20	31	0.132064
32	49	0.131311
24	26	0.131094
4	36	0.129997
11	38	0.129607
12	32	0.128853
3	4	0.127669
1	17	0.12745
5	39	0.127207
41	46	0.127196
4	41	0.127173
40	41	0.126827
38	51	0.126306
3	49	0.125672
7	46	0.125514
13	15	0.124994
18	26	0.124457
18	42	0.124218
38	47	0.124048
19	28	0.122934
15	48	0.11974
10	45	0.119224
4	8	0.118321
28	29	0.117965
41	51	0.117191
36	39	0.117134
30	52	0.117067
19	53	0.116415
19	24	0.115814
36	40	0.115767
15	34	0.111729
19	23	0.10664
22	29	0.106243
1	10	0.105883
20	44	0.105116
1	28	0.103596
20	26	0.103433
17	44	0.103303
22	27	0.10319
20	53	0.102038
9	15	0.10119
13	22	0.0982407
17	22	0.0938421
25	45	0.091561
29	30	0.0911903
2	45	0.0909571
6	19	0.0873774
19	22	0.0872754
10	21	0.0851211
19	31	0.0845455
17	19	0.083605
26	28	0.0835685
29	31	0.0831027
20	28	0.0829001
10	13	0.0817135
15	23	0.0798184
34	40	0.0783323
2	18	0.0767635
33	34	0.0762529
1	20	0.0758637
38	48	0.0757796
1	9	0.0755078
17	20	0.0749939
8	48	0.0747184
9	20	0.0745568
20	24	0.0744108
44	52	0.0731674
15	24	0.0730846
34	36	0.0725726
47	48	0.0725456
17	30	0.0720457
43	44	0.0720364
34	37	0.0720349
2	16	0.0712355
21	52	0.0704304
18	24	0.0703668
34	41	0.0703552
48	51	0.0700449
42	52	0.0698961
34	49	0.0698498
15	19	0.0697562
21	43	0.0691156
34	51	0.0685184
15	44	0.0679777
11	48	0.0652989
46	48	0.0634085
34	35	0.063358
10	24	0.0633383
22	25	0.0622289
11	34	0.0608419
24	30	0.0600619
5	34	0.0591773
16	52	0.0587822
48	49	0.0578931
45	52	0.0574486
4	34	0.0573971
32	48	0.0573456
2	25	0.0570385
30	43	0.0566336
16	19	0.0565854
7	48	0.0564934
32	34	0.0561536
34	39	0.0560323
14	21	0.0559454
34	47	0.0549607
1	19	0.0549368
33	48	0.0545198
48	50	0.0544641
40	48	0.0539777
34	46	0.0537383
34	38	0.0535528
8	34	0.0530439
4	48	0.0526691
39	48	0.0519739
17	31	0.0513869
23	31	0.0513815
3	48	0.0512574
5	48	0.0512359
7	34	0.0509188
37	48	0.0503418
35	48	0.0500929
12	34	0.0492776
41	48	0.0489215
20	30	0.0480517
1	21	0.0468752
36	48	0.0466728
12	48	0.0461541
13	24	0.0461247
34	50	0.0443042
28	43	0.0434994
3	34	0.0434805
46	52	0.0430907
14	18	0.0402929
9	25	0.0391159
9	38	0.037787
7	52	0.0373881
38	52	0.0358656
21	27	0.0354085
26	45	0.0344852
25	52	0.0334131
49	52	0.0326968
50	52	0.0317337
18	27	0.0315011
15	45	0.0312417
13	44	0.0308933
11	52	0.0306098
2	53	0.0302345
47	52	0.0300968
37	52	0.0300331
13	18	0.0297182
8	52	0.0284304
12	52	0.0276866
32	52	0.0253474
51	52	0.0245877
31	49	0.0245441
3	52	0.02333
26	48	0.023182
23	43	0.0230938
15	53	0.0230585
2	21	0.0224217
9	49	0.0224183
5	52	0.0216373
14	19	0.0214869
31	51	0.0208552
9	41	0.0202387
31	53	0.0188514
35	52	0.0187535
4	52	0.0185497
23	26	0.018216
26	53	0.0173193
31	47	0.0170018
33	52	0.0166557
21	45	0.0150026
20	27	0.0149628
9	51	0.014824
36	52	0.0135779
1	44	0.0129826
6	51	0.0128248
31	33	0.0124836
25	28	0.0122739
6	41	0.0121718
16	20	0.0114731
19	27	0.0113376
31	38	0.01069
11	31	0.0101556
9	47	0.00993098
40	52	0.00879625
16	21	0.00832926
6	38	0.00773259
4	9	0.00728453
3	31	0.00720408
9	45	0.00702097
6	39	0.00698529
41	52	0.00672227
7	9	0.00669267
26	34	0.00626396
10	44	0.00616501
13	17	0.00567783
31	46	0.00530119
6	11	0.00484451
9	46	0.00373839
31	41	0.00373732
8	31	0.00372725
39	52	0.00325444
2	49	0.00252723
9	12	0.00250396
23	29	0.00231687
5	6	0.00186165
31	40	0.00177572
31	37	0.00167071
2	50	0.0015498
29	52	0.00125562
9	24	0.0012506
7	31	0.00118143
6	10	0.000546395
31	50	-7.37677e-05
9	19	-0.000357628
8	9	-0.000593068
31	32	-0.00163676
31	35	-0.00181032
2	12	-0.00207632
4	31	-0.00216967
21	24	-0.00220021
24	45	-0.00220918
2	5	-0.00231629
6	33	-0.00241001
9	11	-0.00276552
6	12	-0.00300424
9	44	-0.00307397
14	20	-0.00352981
10	18	-0.00376782
6	47	-0.00472434
9	33	-0.00479539
13	20	-0.00487648
6	7	-0.00491236
18	34	-0.00495626
5	31	-0.00504192
1	23	-0.00533159
9	37	-0.00564391
31	36	-0.00582163
5	9	-0.00586339
10	50	-0.00614897
6	46	-0.00671605
28	42	-0.00712368
3	9	-0.00731472
18	31	-0.00745924
2	41	-0.00806147
2	11	-0.00833028
6	8	-0.00835998
9	32	-0.0084645
19	26	-0.00847786
12	31	-0.00852253
13	21	-0.00871157
6	32	-0.00880121
3	42	-0.00888605
13	16	-0.00909551
6	35	-0.00915292
1	18	-0.00938026
2	20	-0.00962128
31	39	-0.00987812
6	36	-0.0105144
23	34	-0.0105536
10	17	-0.0106331
4	6	-0.0110136
4	10	-0.0110269
9	39	-0.0110945
9	40	-0.0116147
10	49	-0.0116345
23	48	-0.0116507
2	3	-0.0117125
3	10	-0.0118351
13	26	-0.0121884
10	46	-0.012257
6	49	-0.0123651
2	47	-0.0123824
2	39	-0.0125425
2	37	-0.0132204
3	6	-0.0132709
8	10	-0.0137023
6	37	-0.0138769
6	40	-0.0139093
12	42	-0.014017
10	12	-0.0141295
9	23	-0.0141598
6	20	-0.0144692
2	4	-0.0146849
7	10	-0.0147837
41	42	-0.0155011
23	28	-0.0155049
9	50	-0.0163083
10	33	-0.0172329
2	38	-0.0172355
25	29	-0.017962
10	31	-0.0182094
5	42	-0.0184623
2	40	-0.0186418
42	45	-0.0187991
10	35	-0.0188063
21	25	-0.0188385
6	50	-0.0189643
33	42	-0.0192057
2	36	-0.0194015
10	37	-0.020059
2	22	-0.0203335
10	47	-0.020433
2	8	-0.0208613
37	42	-0.0208924
24	31	-0.0212374
42	43	-0.0215733
36	42	-0.0216543
7	42	-0.0221419
16	28	-0.0221623
42	49	-0.0223697
40	42	-0.0223957
10	39	-0.022442
42	46	-0.0225438
2	51	-0.022854
10	38	-0.0232196
18	28	-0.024645
2	46	-0.024751
2	23	-0.0252991
2	33	-0.0254766
38	42	-0.0258111
39	42	-0.0258345
13	23	-0.0258765
5	10	-0.0259683
11	42	-0.0263673
2	32	-0.0265447
14	30	-0.0266079
32	42	-0.0270807
18	29	-0.0277499
24	43	-0.0279108
10	51	-0.027991
10	32	-0.0283127
9	35	-0.0284256
42	47	-0.0288091
9	36	-0.0292297
10	36	-0.0297743
4	42	-0.0300181
10	11	-0.030481
2	7	-0.0312133
16	43	-0.0319314
22	31	-0.032742
10	41	-0.0332898
22	43	-0.0349051
8	42	-0.0359055
42	50	-0.0360553
24	44	-0.0367698
16	44	-0.0375873
19	52	-0.0377652
2	35	-0.0379562
23	42	-0.0380568
16	29	-0.0383114
35	42	-0.0386773
15	52	-0.0390467
10	40	-0.0392728
26	44	-0.039673
52	53	-0.0398469
1	16	-0.0405332
44	45	-0.0407426
10	16	-0.0413326
19	25	-0.041479
29	43	-0.0415737
43	49	-0.0428444
32	43	-0.0452341
42	51	-0.0465239
12	28	-0.0483774
31	45	-0.0484655
44	53	-0.0496324
28	35	-0.0500495
40	44	-0.0519303
5	43	-0.052458
20	45	-0.0537225
4	43	-0.0553024
41	43	-0.0557448
19	44	-0.0562857
11	28	-0.0564507
35	44	-0.0567809
38	44	-0.0572825
5	44	-0.0573481
20	29	-0.0581853
8	43	-0.0582011
43	46	-0.0586585
8	44	-0.0588365
3	44	-0.059271
18	48	-0.0593069
28	33	-0.0594131
39	43	-0.0595331
4	44	-0.0599774
1	52	-0.0607826
24	53	-0.0611805
43	52	-0.0631394
28	32	-0.0632065
7	43	-0.0636285
28	37	-0.0637527
3	28	-0.0641729
28	49	-0.0645424
43	47	-0.0653154
25	43	-0.0661532
17	21	-0.0666861
7	28	-0.067107
10	19	-0.0673388
43	50	-0.0673747
11	43	-0.0674131
19	48	-0.0677594
3	43	-0.0680831
36	44	-0.0686063
36	43	-0.0688391
28	46	-0.0688394
9	30	-0.0688527
12	44	-0.0690854
2	9	-0.0694605
39	44	-0.069475
28	39	-0.0695128
28	47	-0.0696314
37	44	-0.0701874
32	44	-0.0707526
7	44	-0.0718951
28	50	-0.0719472
27	30	-0.0719603
12	43	-0.072179
28	36	-0.0724971
22	26	-0.0731719
13	36	-0.07328
1	26	-0.0733052
8	13	-0.0735095
44	46	-0.0736429
28	40	-0.0737074
27	53	-0.073716
12	27	-0.0737531
40	43	-0.0739165
4	13	-0.0740651
13	39	-0.0742232
13	40	-0.0746147
2	48	-0.0747495
38	45	-0.0754009
37	43	-0.0754101
10	25	-0.075592
2	34	-0.0766945
28	51	-0.0768043
44	47	-0.0776871
13	33	-0.0786969
27	36	-0.0788591
33	43	-0.0790003
33	44	-0.079072
44	50	-0.0794226
35	43	-0.0800846
19	34	-0.0802597
13	51	-0.0805208
5	28	-0.0810979
11	44	-0.0812421
26	30	-0.0813988
13	47	-0.0817924
2	10	-0.0818528
34	52	-0.0824539
13	27	-0.0827147
13	35	-0.0827785
30	51	-0.0828467
27	35	-0.0829008
41	44	-0.0832905
20	51	-0.0834758
38	43	-0.0836492
14	36	-0.0838238
48	52	-0.0846663
4	28	-0.0847255
5	13	-0.0851359
13	41	-0.0855118
44	49	-0.0856228
2	24	-0.0858205
4	30	-0.0861801
7	30	-0.0861813
44	51	-0.0862799
14	39	-0.0865069
2	29	-0.0870305
28	41	-0.0873472
14	45	-0.0873887
30	37	-0.0873921
27	32	-0.088417
32	45	-0.0886932
43	51	-0.0890002
29	36	-0.0891141
16	30	-0.0891966
27	46	-0.0894905
14	49	-0.0898811
27	37	-0.0903911
3	27	-0.0904025
27	40	-0.0906667
28	38	-0.090699
2	44	-0.0908308
14	50	-0.0910798
8	28	-0.0913554
4	29	-0.0920133
13	38	-0.0920236
12	13	-0.0920605
3	13	-0.0928048
27	39	-0.0928224
4	27	-0.0929647
2	28	-0.0938213
30	46	-0.0938902
7	27	-0.0939113
29	32	-0.094144
4	14	-0.0942508
13	37	-0.0943084
30	32	-0.0943174
41	45	-0.0943929
15	29	-0.094402
30	41	-0.0952733
11	13	-0.0955998
18	45	-0.0959692
45	48	-0.0959935
12	29	-0.0960454
6	28	-0.0961461
26	52	-0.0965612
3	14	-0.096826
8	14	-0.0968826
8	27	-0.0969541
14	35	-0.0969587
20	41	-0.0970829
13	50	-0.097467
12	14	-0.0974874
11	14	-0.0974936
45	46	-0.0976498
13	32	-0.0977559
14	44	-0.097938
27	50	-0.0980968
30	49	-0.0984724
40	45	-0.0984928
12	30	-0.0986543
9	16	-0.0999397
2	19	-0.100003
13	49	-0.100022
7	13	-0.100509
29	39	-0.100786
23	52	-0.101411
14	46	-0.101474
27	51	-0.102456
37	45	-0.102458
14	32	-0.102911
5	30	-0.103574
11	27	-0.103989
27	49	-0.104104
9	18	-0.104189
17	29	-0.104517
45	51	-0.104719
5	14	-0.104842
28	52	-0.105032
45	47	-0.105064
3	30	-0.105144
30	33	-0.10539
8	30	-0.105417
2	26	-0.10544
16	42	-0.105536
14	38	-0.105728
27	38	-0.106287
30	31	-0.106294
31	43	-0.106305
29	49	-0.106548
29	41	-0.106572
7	45	-0.106668
13	43	-0.106684
27	45	-0.106959
33	45	-0.107756
19	38	-0.108419
5	20	-0.108504
14	33	-0.108521
27	33	-0.108663
19	39	-0.10881
4	45	-0.109554
13	46	-0.109653
14	47	-0.109705
18	52	-0.109793
14	51	-0.110123
30	35	-0.110163
36	45	-0.110291
20	38	-0.110423
29	37	-0.110452
2	30	-0.110764
14	40	-0.111087
11	45	-0.111094
29	35	-0.111299
3	29	-0.11136
29	33	-0.111536
20	33	-0.111559
5	27	-0.111735
30	38	-0.112019
27	47	-0.112064
14	41	-0.112664
19	36	-0.112856
29	50	-0.1132
11	30	-0.113385
27	41	-0.113499
29	47	-0.113616
30	39	-0.113833
35	45	-0.114403
14	37	-0.114676
11	19	-0.114777
15	28	-0.114867
13	14	-0.115775
14	53	-0.116075
34	45	-0.116079
9	29	-0.1166
8	29	-0.116927
12	45	-0.117277
39	45	-0.117312
3	45	-0.117402
19	50	-0.117491
13	19	-0.11755
30	50	-0.117569
12	20	-0.118373
8	45	-0.118621
20	46	-0.118792
7	29	-0.119627
20	47	-0.119881
4	19	-0.119994
5	45	-0.120573
8	19	-0.120606
27	44	-0.120979
17	42	-0.121011
5	29	-0.121034
6	29	-0.121293
9	27	-0.121417
7	14	-0.121542
20	50	-0.121675
4	21	-0.121997
30	36	-0.12278
30	47	-0.122967
17	43	-0.123336
29	40	-0.123673
7	20	-0.123765
45	49	-0.124057
30	40	-0.124099
21	41	-0.124266
29	46	-0.124802
18	49	-0.125056
22	28	-0.125124
20	40	-0.125447
20	34	-0.125527
2	15	-0.125797
5	19	-0.126328
18	41	-0.126616
20	36	-0.126885
4	18	-0.12703
15	42	-0.127067
29	51	-0.127082
19	41	-0.127343
19	46	-0.127383
20	39	-0.127508
15	31	-0.127802
20	48	-0.128318
6	25	-0.128396
29	38	-0.128817
17	18	-0.129002
6	16	-0.129285
28	48	-0.129298
19	49	-0.129428
12	19	-0.129538
14	28	-0.129542
20	37	-0.130326
22	52	-0.130513
11	20	-0.131153
7	21	-0.131241
18	40	-0.131702
19	33	-0.132363
11	29	-0.132589
19	32	-0.132617
20	35	-0.132706
19	47	-0.13296
21	40	-0.13353
20	32	-0.133823
22	33	-0.134034
8	22	-0.1348
17	53	-0.135166
21	38	-0.135331
3	19	-0.135628
23	45	-0.136577
19	51	-0.136638
45	50	-0.136763
4	20	-0.136778
11	21	-0.136931
1	31	-0.137155
5	15	-0.137277
19	40	-0.138386
21	51	-0.138388
46	53	-0.138683
20	49	-0.13869
7	19	-0.139496
3	18	-0.139763
6	13	-0.13982
26	29	-0.14063
31	34	-0.140886
21	46	-0.141001
21	36	-0.141565
19	35	-0.142511
26	31	-0.142652
1	48	-0.143418
31	48	-0.143478
39	53	-0.143582
8	20	-0.143709
4	23	-0.144268
50	53	-0.144522
12	53	-0.14633
5	22	-0.146442
12	21	-0.146484
3	20	-0.146569
6	18	-0.146809
1	49	-0.146897
1	4	-0.147774
1	50	-0.148104
1	12	-0.148184
5	21	-0.14848
41	53	-0.14868
28	34	-0.148844
1	7	-0.148932
11	53	-0.149351
9	14	-0.149404
23	41	-0.149465
18	51	-0.149827
22	41	-0.149829
1	39	-0.149995
1	34	-0.150716
11	18	-0.150727
1	5	-0.150815
40	53	-0.150837
17	41	-0.151216
31	52	-0.151949
22	35	-0.151964
22	47	-0.151979
1	46	-0.152024
34	44	-0.152042
8	21	-0.152203
14	31	-0.152204
4	22	-0.152253
8	18	-0.152341
21	33	-0.152478
1	11	-0.152706
13	48	-0.153015
19	37	-0.153139
21	32	-0.153292
1	37	-0.153407
1	41	-0.15345
21	48	-0.153819
16	41	-0.154322
10	52	-0.154495
18	46	-0.15453
15	50	-0.154575
22	37	-0.154644
2	31	-0.154899
1	38	-0.154937
21	39	-0.154985
21	37	-0.155195
8	15	-0.155498
3	53	-0.155726
22	40	-0.155832
16	40	-0.155864
22	46	-0.156406
22	36	-0.156497
29	48	-0.156621
4	53	-0.156655
8	53	-0.156677
1	47	-0.156822
23	39	-0.156898
22	50	-0.157503
51	53	-0.157685
23	46	-0.157718
32	53	-0.157778
7	23	-0.15778
3	22	-0.157841
27	28	-0.158006
1	3	-0.158032
17	33	-0.15816
20	52	-0.158334
18	39	-0.158414
5	23	-0.158601
18	32	-0.158662
25	39	-0.158772
18	35	-0.159012
23	47	-0.159012
47	53	-0.159027
1	33	-0.159034
18	30	-0.159253
36	53	-0.159419
22	32	-0.159469
1	32	-0.159565
16	38	-0.159626
49	53	-0.159643
18	37	-0.159708
22	51	-0.159749
35	53	-0.159805
6	22	-0.15982
48	53	-0.159851
25	50	-0.160167
18	50	-0.16024
23	40	-0.160445
22	39	-0.160484
22	49	-0.160607
10	15	-0.160756
17	35	-0.161118
23	38	-0.161128
8	16	-0.161546
22	38	-0.161552
12	18	-0.161586
6	31	-0.161929
17	39	-0.162065
7	18	-0.162183
18	33	-0.162291
17	38	-0.162377
4	17	-0.162558
18	38	-0.162704
7	53	-0.162762
3	23	-0.162791
23	51	-0.162811
7	22	-0.162873
21	49	-0.162896
4	15	-0.162974
15	47	-0.163003
26	32	-0.163132
21	35	-0.163459
25	32	-0.163504
38	53	-0.164194
33	53	-0.16425
17	40	-0.164296
25	51	-0.164362
15	30	-0.164387
24	36	-0.164524
1	51	-0.164946
3	21	-0.165039
5	18	-0.165258
5	17	-0.165265
17	46	-0.16532
1	24	-0.165687
8	23	-0.165913
15	20	-0.16598
9	34	-0.166196
23	37	-0.166252
17	49	-0.166458
15	40	-0.16649
16	46	-0.166527
5	53	-0.166897
18	36	-0.166901
3	25	-0.167466
1	35	-0.167588
16	47	-0.167655
1	40	-0.167926
21	47	-0.168081
26	50	-0.168462
18	47	-0.168651
14	48	-0.168723
21	50	-0.168748
12	15	-0.168749
8	25	-0.168826
37	53	-0.168826
23	50	-0.169083
1	36	-0.169141
5	16	-0.169415
29	34	-0.169474
23	32	-0.169569
12	22	-0.169628
15	46	-0.169824
25	42	-0.170104
23	33	-0.17033
2	17	-0.170471
23	36	-0.170537
34	53	-0.170702
1	8	-0.170917
16	51	-0.170959
17	51	-0.170992
15	36	-0.171154
16	36	-0.171164
16	32	-0.171171
15	38	-0.171311
7	15	-0.171349
12	25	-0.171454
25	47	-0.171549
23	49	-0.171598
7	16	-0.171833
17	47	-0.172261
4	16	-0.172417
15	33	-0.172458
3	17	-0.172767
15	39	-0.173058
16	39	-0.173286
12	23	-0.173574
25	40	-0.173656
17	32	-0.173739
26	40	-0.174433
5	26	-0.174573
16	50	-0.174982
9	48	-0.175129
17	36	-0.175249
23	35	-0.175669
17	37	-0.176527
25	36	-0.176542
12	16	-0.176935
20	25	-0.176972
4	25	-0.177326
16	33	-0.177603
5	24	-0.177689
15	35	-0.177759
16	37	-0.178103
12	17	-0.17819
3	24	-0.178239
24	29	-0.178452
15	32	-0.178734
10	43	-0.179093
24	35	-0.179097
7	25	-0.179113
26	39	-0.179247
8	17	-0.179684
15	41	-0.180239
7	26	-0.180438
13	34	-0.180567
25	49	-0.180583
5	25	-0.180586
3	15	-0.180698
14	34	-0.180761
25	34	-0.18087
28	31	-0.181092
7	17	-0.18112
25	41	-0.181219
27	31	-0.181308
11	16	-0.18134
4	26	-0.181402
16	49	-0.181427
6	15	-0.181442
16	35	-0.181467
42	48	-0.181656
15	37	-0.181968
24	41	-0.181986
25	46	-0.182066
24	39	-0.183131
24	40	-0.183254
11	23	-0.183451
26	41	-0.183553
3	16	-0.183899
26	46	-0.184245
31	42	-0.184352
34	42	-0.184365
26	37	-0.18444
15	49	-0.184475
15	51	-0.185557
24	38	-0.18562
2	43	-0.185816
8	24	-0.185864
26	38	-0.186025
9	42	-0.186195
17	50	-0.186219
26	49	-0.186321
24	51	-0.186326
27	34	-0.186332
25	37	-0.186351
4	24	-0.186511
12	26	-0.188009
27	48	-0.188076
26	33	-0.188366
25	33	-0.188941
25	38	-0.18942
25	48	-0.18961
44	48	-0.189766
24	46	-0.190097
11	24	-0.190936
24	49	-0.191554
11	25	-0.191636
8	26	-0.191647
21	34	-0.191764
16	48	-0.192347
25	35	-0.193338
6	43	-0.193785
3	26	-0.193962
11	17	-0.194093
26	36	-0.195623
11	15	-0.195918
26	51	-0.196311
24	47	-0.196725
7	24	-0.196933
11	22	-0.196961
26	47	-0.198606
24	37	-0.198622
24	32	-0.19871
12	24	-0.199149
23	53	-0.2002
1	45	-0.200367
13	42	-0.200903
9	28	-0.202532
27	52	-0.203302
24	33	-0.20506
17	45	-0.205128
11	26	-0.208464
24	50	-0.209001
24	42	-0.211032
26	35	-0.211195
16	34	-0.215549
25	44	-0.215695
2	13	-0.215697
25	53	-0.215944
24	52	-0.217632
22	34	-0.219097
18	53	-0.219626
2	27	-0.220388
27	42	-0.220574
34	43	-0.228504
43	48	-0.229641
22	48	-0.231233
6	14	-0.23395
6	27	-0.238246
13	52	-0.240079
9	52	-0.24139
6	9	-0.242198
14	52	-0.242473
16	53	-0.243456
6	21	-0.249011
14	42	-0.250027
2	14	-0.250442
23	30	-0.267388
9	17	-0.276707
10	30	-0.282857
15	22	-0.283934
6	23	-0.305189
10	42	-0.308073
6	30	-0.31894
17	52	-0.328583
6	26	-0.345151
10	26	-0.349572
10	22	-0.390005