#==========================================================================
# The first and second rows contain site pairs (i, j) such that j > i
# The third row contains coevolutionary scores obtained 
# using Boltzmann learning algorithm.
# Note that in this data sites are counted/labelled starting from 1
#==========================================================================
45	52	1.3597
44	53	1.2413
43	54	1.23059
41	56	1.15784
33	35	0.918533
42	55	0.91465
17	27	0.899971
49	54	0.812614
41	64	0.789494
15	53	0.776132
56	64	0.775186
55	64	0.755166
10	38	0.728529
22	54	0.715633
43	49	0.677134
1	66	0.669339
1	2	0.661196
7	12	0.655388
1	3	0.651682
15	49	0.6516
15	44	0.647887
40	57	0.637536
15	29	0.612882
42	49	0.593537
2	66	0.587607
1	67	0.579555
2	3	0.575919
3	66	0.569872
2	67	0.563069
13	23	0.557062
66	67	0.555118
44	52	0.554565
3	67	0.553645
35	49	0.55082
44	45	0.546484
7	49	0.544014
22	44	0.539358
23	42	0.532646
14	29	0.511832
14	30	0.494923
12	31	0.488412
20	48	0.487248
17	37	0.486295
55	56	0.480579
23	49	0.475707
43	56	0.469758
12	37	0.467668
46	51	0.465761
46	48	0.46576
14	37	0.461061
41	54	0.45792
27	37	0.455964
41	55	0.455473
29	37	0.453882
48	51	0.448723
54	56	0.448475
40	63	0.446011
35	44	0.444556
22	56	0.441183
12	30	0.440615
20	46	0.440297
57	63	0.438906
10	27	0.438418
22	42	0.437392
12	14	0.431927
10	35	0.430919
20	51	0.423521
23	43	0.420697
41	43	0.417208
53	54	0.40823
30	37	0.402074
22	41	0.399829
34	64	0.3933
22	33	0.390253
45	63	0.388306
10	17	0.387655
35	38	0.386923
27	38	0.384692
17	38	0.375508
42	54	0.375066
14	15	0.374075
12	55	0.372743
54	58	0.371854
13	49	0.371715
14	33	0.369589
13	45	0.367789
1	43	0.367407
34	45	0.365827
34	55	0.363692
1	46	0.362435
7	58	0.359889
35	42	0.345381
23	30	0.336447
42	43	0.335536
13	31	0.334982
14	31	0.332797
34	52	0.330015
30	33	0.328843
1	20	0.324933
43	53	0.323601
12	29	0.322211
29	30	0.320569
17	29	0.320356
22	30	0.320022
27	29	0.318884
41	57	0.313556
15	22	0.313185
34	49	0.312719
1	54	0.305818
42	44	0.30546
1	51	0.304192
1	48	0.303574
43	45	0.301539
35	41	0.298616
31	33	0.29837
12	17	0.295291
31	35	0.295226
23	40	0.29244
13	52	0.291656
52	64	0.290017
7	15	0.289845
1	31	0.288831
34	54	0.285021
49	55	0.281868
40	56	0.28172
31	55	0.28111
23	57	0.280776
56	57	0.279354
29	55	0.279128
45	64	0.276516
45	57	0.274897
40	41	0.274527
52	63	0.273582
40	45	0.269929
30	31	0.266885
22	43	0.265206
52	57	0.263983
7	14	0.263866
43	52	0.256006
10	14	0.253826
1	13	0.25306
29	45	0.252401
30	35	0.25137
10	30	0.250658
22	34	0.249586
30	41	0.244191
27	30	0.243758
40	52	0.24303
29	31	0.241802
42	56	0.241109
14	38	0.239241
29	42	0.239094
14	42	0.237225
30	56	0.235122
35	56	0.234109
34	53	0.229439
30	53	0.228838
29	52	0.226978
7	13	0.226755
41	52	0.225436
12	38	0.224103
22	49	0.223855
34	57	0.223341
29	49	0.22307
34	41	0.221309
13	63	0.22122
34	40	0.221184
30	38	0.220467
14	35	0.217834
13	57	0.217764
14	17	0.21125
7	42	0.209086
34	44	0.208294
45	49	0.205147
14	27	0.20508
13	53	0.204328
45	56	0.204227
38	45	0.2011
40	44	0.200663
41	49	0.200612
27	43	0.199176
12	33	0.198389
53	57	0.198292
30	34	0.198247
12	27	0.196908
52	56	0.196787
12	23	0.196373
40	53	0.195469
23	29	0.19535
43	64	0.19357
52	58	0.192453
13	40	0.192279
52	54	0.191069
17	43	0.189963
13	44	0.189676
41	44	0.18772
22	53	0.187426
55	58	0.187062
10	33	0.182004
44	56	0.181854
34	56	0.180495
41	42	0.178455
23	56	0.175384
23	55	0.174776
30	58	0.174637
23	31	0.173264
34	43	0.172979
40	43	0.170893
15	55	0.170729
7	38	0.170674
35	55	0.170338
38	48	0.169902
53	63	0.169476
33	34	0.168417
45	58	0.167383
17	30	0.167231
7	33	0.164719
49	56	0.159378
52	53	0.158398
13	33	0.158143
14	23	0.155525
10	48	0.153392
45	54	0.15086
35	43	0.150349
15	30	0.148824
27	48	0.148473
3	43	0.147582
14	55	0.147253
54	66	0.146916
54	64	0.145421
7	29	0.145095
22	58	0.144548
27	51	0.143915
30	44	0.143303
15	37	0.143281
49	64	0.143144
44	57	0.142907
35	52	0.141763
7	54	0.141434
33	41	0.141432
44	63	0.141344
23	41	0.14125
17	51	0.14072
43	44	0.139912
13	14	0.139176
17	31	0.136465
20	38	0.13509
38	46	0.13498
7	10	0.133729
41	45	0.131485
49	53	0.131439
13	54	0.131132
7	34	0.130778
44	54	0.1303
28	39	0.129655
31	37	0.129209
7	31	0.128705
22	23	0.127459
43	66	0.126725
4	24	0.126433
31	57	0.125652
13	34	0.125371
38	51	0.124987
54	57	0.124839
2	43	0.124586
19	25	0.123434
38	52	0.123226
9	25	0.12318
25	36	0.123082
24	65	0.122534
17	54	0.122071
25	26	0.121994
11	19	0.12199
34	35	0.121917
24	25	0.121611
28	47	0.120675
43	57	0.12066
28	62	0.120373
5	32	0.120284
25	39	0.120172
36	61	0.119676
11	24	0.119554
19	24	0.11937
25	60	0.119153
24	36	0.118644
5	28	0.118596
11	62	0.118303
16	28	0.11817
36	65	0.118028
39	61	0.117573
36	47	0.117465
45	53	0.11736
50	60	0.117299
8	36	0.117181
8	24	0.117169
21	39	0.11698
8	32	0.116758
6	28	0.116565
11	25	0.116047
8	25	0.11591
11	39	0.115702
6	59	0.115673
16	65	0.115606
21	50	0.115155
16	50	0.115102
39	65	0.114948
9	36	0.114836
32	65	0.114685
19	36	0.114635
24	28	0.114388
49	52	0.11435
19	32	0.114328
25	28	0.114061
53	58	0.114025
5	19	0.113937
6	24	0.113845
14	45	0.113807
36	62	0.113781
28	59	0.113778
24	50	0.113582
24	32	0.113548
25	61	0.113282
19	47	0.113265
8	60	0.113207
8	21	0.113177
32	61	0.113076
10	51	0.113045
6	8	0.11292
16	19	0.11287
47	60	0.112809
18	24	0.112745
32	47	0.112476
24	62	0.112379
5	9	0.112305
53	55	0.112269
5	62	0.111976
9	39	0.111894
8	28	0.111787
25	62	0.111761
8	16	0.11175
19	39	0.111689
11	59	0.11163
4	39	0.111459
26	61	0.111451
28	50	0.111352
16	47	0.111307
6	19	0.111293
8	59	0.11129
5	16	0.111285
59	61	0.11126
21	61	0.110972
39	47	0.110885
12	63	0.110737
60	62	0.110535
28	36	0.110361
6	32	0.110334
19	28	0.110219
9	50	0.110084
24	60	0.109941
6	60	0.1099
6	39	0.109763
6	25	0.109583
28	65	0.109302
21	62	0.109242
19	21	0.109149
19	59	0.109148
16	24	0.109095
6	62	0.10888
26	28	0.108877
18	25	0.108816
16	25	0.108789
24	61	0.108665
13	58	0.108645
4	59	0.108535
5	11	0.108458
47	62	0.108335
8	11	0.108257
5	61	0.108244
11	47	0.108023
32	60	0.107854
36	50	0.107852
25	47	0.107784
5	24	0.107557
16	39	0.107543
19	50	0.107444
9	19	0.107387
24	26	0.107344
55	67	0.1073
47	61	0.107231
43	55	0.107035
17	46	0.107032
9	28	0.107018
25	32	0.107006
8	62	0.106891
26	65	0.1068
8	39	0.106683
8	19	0.106567
3	54	0.106562
16	32	0.106558
11	32	0.10645
4	60	0.106444
39	60	0.106348
16	60	0.106278
9	24	0.106245
11	65	0.106232
8	26	0.106209
9	26	0.106084
21	24	0.106009
62	65	0.105723
26	47	0.105607
60	61	0.105554
9	62	0.105467
32	36	0.105374
22	45	0.105272
19	65	0.105246
18	61	0.10523
16	62	0.105056
4	62	0.104941
4	47	0.104937
4	19	0.104789
8	9	0.104738
11	16	0.104666
6	50	0.104545
6	65	0.104533
47	59	0.104499
18	28	0.104456
8	18	0.104442
18	59	0.104425
5	21	0.10437
24	39	0.104243
18	60	0.104165
5	36	0.104098
32	50	0.104061
21	25	0.103959
25	59	0.103775
53	64	0.103766
9	65	0.10365
16	61	0.103528
21	60	0.10338
9	32	0.103336
33	38	0.103332
6	61	0.103073
25	50	0.103006
7	52	0.102966
8	47	0.102852
17	48	0.102848
50	59	0.102734
4	26	0.102561
59	65	0.102531
20	33	0.102474
19	62	0.102445
5	6	0.102352
32	62	0.102318
18	65	0.102218
21	65	0.101965
16	26	0.101926
27	31	0.101921
6	21	0.101827
11	21	0.101798
5	39	0.10164
16	59	0.101586
4	9	0.101503
11	60	0.101498
6	26	0.101415
16	21	0.101308
9	18	0.101229
36	39	0.10118
18	47	0.101161
26	32	0.100956
60	65	0.100951
5	60	0.100881
4	36	0.100786
16	36	0.100657
19	60	0.100619
18	62	0.100467
24	47	0.100424
20	27	0.100387
4	32	0.10038
11	50	0.100266
36	59	0.100253
4	6	0.100042
50	61	0.0998425
9	60	0.099705
4	5	0.0996077
61	65	0.0995904
6	9	0.0994657
5	18	0.0994283
18	19	0.0994166
26	62	0.099389
6	36	0.0993578
11	36	0.0993157
18	32	0.099138
21	36	0.0991087
28	61	0.0990231
36	60	0.0984629
8	61	0.098453
9	16	0.0984461
21	26	0.0983349
9	59	0.0982011
10	46	0.0981558
11	61	0.0980328
39	62	0.0980063
33	56	0.097976
9	61	0.0976792
21	47	0.0975557
11	26	0.0974348
4	21	0.0973619
47	65	0.096925
50	65	0.0968754
32	39	0.0968102
8	65	0.0967322
30	40	0.0965973
4	50	0.0965303
12	57	0.0965155
32	59	0.0962267
2	54	0.0960663
10	52	0.0960304
4	61	0.0957527
12	13	0.0956651
24	59	0.0956584
50	62	0.0955075
9	47	0.0954215
4	28	0.0954091
61	62	0.0953996
11	28	0.0953251
4	8	0.0951832
4	11	0.0951558
18	39	0.0951227
14	52	0.095011
23	33	0.0950067
16	18	0.094991
5	59	0.0949249
9	21	0.0948219
15	23	0.0947894
5	8	0.0945884
39	59	0.0945641
59	62	0.09448
26	50	0.094474
47	50	0.094135
5	26	0.0938862
5	25	0.0938388
49	58	0.0938197
18	21	0.0937425
18	50	0.0936922
4	65	0.0930055
39	50	0.0927116
27	46	0.0925908
59	60	0.0925181
11	18	0.0923775
9	11	0.0923194
28	32	0.0922743
4	25	0.0922616
10	12	0.0914688
21	28	0.0913434
19	26	0.0906838
6	11	0.0902726
21	59	0.0902684
6	47	0.089499
44	58	0.0892209
4	16	0.0887692
27	54	0.0887538
40	54	0.0883537
25	65	0.088263
21	32	0.0878892
19	61	0.0878416
4	18	0.0876963
15	52	0.08767
26	60	0.0876507
5	50	0.0874754
42	58	0.0871547
28	60	0.0871481
8	50	0.087051
12	34	0.0868418
26	39	0.0859994
18	26	0.0859823
31	38	0.0855397
37	53	0.0855388
33	43	0.0848196
5	47	0.0842286
18	36	0.0840011
6	16	0.0833622
26	36	0.0832092
26	59	0.0831007
6	18	0.0826805
22	37	0.0819142
20	56	0.0812911
37	46	0.0805086
5	65	0.0801913
34	37	0.0787013
14	53	0.078475
33	46	0.0774446
43	67	0.0757839
54	67	0.0754161
2	56	0.0728385
33	49	0.0723062
14	54	0.071286
30	54	0.0708332
10	31	0.0690516
20	41	0.068653
17	20	0.0683853
41	67	0.066665
12	35	0.0665905
12	40	0.0661769
10	37	0.0654486
7	45	0.0652603
31	40	0.0647601
36	58	0.0638013
1	12	0.0626573
33	51	0.0599816
35	45	0.0593596
58	60	0.059316
33	40	0.057422
15	40	0.0572997
5	58	0.0572896
2	55	0.0571849
14	56	0.0555397
14	34	0.0551054
31	54	0.0548479
46	50	0.0547965
39	46	0.0540734
26	58	0.053443
10	45	0.0530274
22	52	0.0523259
14	41	0.0517951
10	20	0.0514289
30	57	0.0509388
6	20	0.050502
25	58	0.0504555
23	37	0.0503759
28	63	0.0501673
42	51	0.0500819
11	58	0.0499418
51	56	0.0498882
46	60	0.0496665
41	51	0.0494692
11	63	0.0493771
33	57	0.0493177
9	63	0.0488244
28	51	0.0481805
23	63	0.0478199
20	47	0.047815
5	63	0.0477039
21	63	0.0474338
3	17	0.0469392
15	27	0.0468605
36	63	0.0467851
63	65	0.0464917
55	66	0.0463286
20	21	0.0462885
20	37	0.0462632
19	58	0.0462562
16	58	0.0461354
16	63	0.0458544
34	58	0.0458499
15	57	0.0456691
12	15	0.0453989
32	63	0.0451848
41	48	0.0448655
6	58	0.0445197
25	63	0.0444687
32	51	0.0444551
47	63	0.0441929
28	58	0.0437601
8	46	0.0436769
4	58	0.043451
19	46	0.0434319
1	52	0.0434316
16	20	0.0430614
11	20	0.042969
41	46	0.042721
60	63	0.0427126
13	30	0.042626
18	58	0.0423944
59	63	0.042144
48	61	0.0416734
51	60	0.0415864
36	46	0.0415761
21	58	0.0414865
26	46	0.0414279
11	46	0.0411786
28	48	0.0411595
20	28	0.0407626
19	48	0.0407202
20	25	0.0405226
20	61	0.040361
20	36	0.040346
32	48	0.0402719
47	48	0.0400574
4	20	0.0396851
35	54	0.0396532
6	48	0.0393271
58	65	0.0389413
3	55	0.0389154
48	62	0.0387518
18	20	0.0385771
24	63	0.0385737
61	63	0.0384554
46	65	0.0382948
9	51	0.0380577
8	20	0.0379794
20	26	0.0379592
8	51	0.0379332
37	48	0.0378608
25	27	0.0377238
20	24	0.0376067
58	59	0.0375498
47	58	0.0373682
58	61	0.0369582
43	51	0.036908
41	66	0.0368771
7	63	0.0367344
4	63	0.0366801
19	20	0.0365664
44	49	0.0363396
30	52	0.0360401
4	51	0.0359936
8	58	0.0357997
11	51	0.0357954
5	20	0.0357916
9	48	0.0355409
16	51	0.0353997
31	49	0.0352306
20	65	0.0348694
39	58	0.0345929
28	46	0.0344963
26	63	0.0344285
24	48	0.0343916
2	17	0.034293
10	53	0.0340215
3	42	0.0340123
19	51	0.0337401
42	48	0.0336847
46	56	0.0335965
26	48	0.0335414
6	63	0.0334438
2	41	0.0333757
62	63	0.0330499
46	59	0.0330016
18	63	0.0327476
12	49	0.0326087
24	58	0.0325677
20	60	0.032492
19	63	0.0323581
5	46	0.0317479
48	60	0.0315778
50	51	0.0313837
25	46	0.031191
9	58	0.0311486
33	48	0.0309861
24	51	0.0308291
48	50	0.030825
18	46	0.03074
4	46	0.0305844
8	48	0.0304654
39	51	0.0303025
3	56	0.0296779
36	51	0.0293254
24	46	0.0292945
48	59	0.0291968
21	48	0.0290234
39	63	0.028971
30	45	0.0286773
51	65	0.0285785
36	48	0.0283265
46	61	0.0280423
35	66	0.027549
42	46	0.0271814
39	48	0.0271134
51	61	0.0269666
30	49	0.026953
58	62	0.0268632
50	63	0.0263321
31	34	0.026157
44	55	0.0259491
51	59	0.0256725
9	17	0.0255761
6	51	0.0254724
8	63	0.0254019
9	20	0.025098
32	58	0.024891
50	58	0.0244805
46	62	0.0244172
18	48	0.0242689
17	66	0.0242467
21	51	0.0238071
20	32	0.0235829
20	59	0.0234662
46	47	0.0232909
51	62	0.0231782
25	51	0.0230797
36	64	0.0229535
9	46	0.0227313
20	42	0.0224041
11	48	0.0223322
12	58	0.0221552
17	67	0.0220154
32	46	0.0214083
6	46	0.0212495
20	62	0.0212369
27	66	0.0209254
48	65	0.0207925
26	51	0.0207421
6	64	0.0204487
5	51	0.020304
17	62	0.0202308
22	55	0.0201743
20	50	0.0196979
47	51	0.0196373
18	64	0.019309
3	27	0.0191689
17	21	0.0191597
15	58	0.0190941
27	65	0.0186393
4	48	0.0182094
17	25	0.0181933
4	27	0.0180558
31	53	0.018029
13	43	0.0180263
4	17	0.0179827
34	46	0.0175817
25	48	0.0175388
20	39	0.0173956
37	51	0.0171146
16	46	0.0169408
42	64	0.0168383
7	62	0.0167697
37	38	0.016406
14	22	0.0162787
5	48	0.0161708
23	38	0.0159351
51	54	0.0158362
7	35	0.0155534
2	35	0.0153208
11	64	0.0151619
56	66	0.0148972
27	28	0.014512
11	17	0.0141693
27	67	0.0141298
5	27	0.0140259
16	48	0.0138854
60	64	0.0137445
5	64	0.0136047
7	24	0.0135532
49	66	0.0130951
10	23	0.0130275
15	17	0.0129678
7	16	0.01296
7	61	0.0127055
17	28	0.0123937
16	64	0.0122169
15	45	0.0122031
7	59	0.0121877
64	66	0.0119555
27	60	0.0116203
19	27	0.0115582
2	27	0.0114878
17	32	0.0114827
7	25	0.0105789
8	64	0.0103932
15	56	0.0102152
46	54	0.0100603
47	64	0.00986861
21	46	0.00966261
24	64	0.00927804
23	54	0.00900272
61	64	0.00847101
18	27	0.00800801
7	64	0.00794259
59	64	0.00785681
17	36	0.00773348
13	37	0.00767394
64	65	0.00752965
17	65	0.00738013
26	64	0.00726934
27	62	0.00668536
9	64	0.00653936
62	64	0.00650358
7	19	0.00621284
5	17	0.00596461
29	40	0.00565609
7	47	0.0055122
11	27	0.00549832
7	36	0.00528382
6	27	0.00513101
48	56	0.00492616
18	51	0.00492596
21	64	0.00482253
1	38	0.00471915
16	17	0.00421421
7	9	0.00416674
17	59	0.00408154
50	64	0.00400551
27	50	0.00384877
17	61	0.00369875
3	34	0.0036725
39	64	0.00361212
5	7	0.0034091
28	64	0.0033987
4	64	0.00334938
27	61	0.00320625
21	27	0.00311694
6	17	0.00278851
17	60	0.00248808
17	24	0.00231623
8	17	0.0023112
8	27	0.00230165
23	27	0.00214735
17	18	0.00190316
14	58	0.00183729
7	65	0.00144857
56	67	0.00121186
42	67	0.000702696
25	64	0.000542055
27	36	0.000324487
20	54	-3.15042e-05
4	37	-0.000409854
4	7	-0.000445726
43	48	-0.00135114
6	7	-0.0018268
17	47	-0.00222291
17	50	-0.00225156
7	21	-0.002535
44	51	-0.00342282
7	26	-0.00452322
7	18	-0.00458304
16	27	-0.0050012
27	39	-0.00518969
7	32	-0.00520667
34	51	-0.00523846
29	57	-0.00589475
7	8	-0.00593223
27	59	-0.00631984
38	67	-0.00664258
37	65	-0.00669842
27	32	-0.00674118
19	37	-0.00685042
3	18	-0.00698299
37	61	-0.00704525
36	40	-0.00729072
19	64	-0.00776184
31	43	-0.00787828
7	60	-0.00788836
27	47	-0.00814091
1	57	-0.00817513
24	27	-0.00846991
7	50	-0.00848719
8	37	-0.00864904
1	10	-0.0087109
64	67	-0.0088042
33	44	-0.00925685
4	10	-0.0095923
21	38	-0.00977713
3	60	-0.00998735
7	39	-0.0100173
17	39	-0.0106418
2	49	-0.0109653
34	48	-0.0111249
17	19	-0.0112704
42	66	-0.0113303
28	40	-0.0113795
7	30	-0.0114738
17	26	-0.0114872
31	39	-0.0115736
20	34	-0.0115776
10	26	-0.0117715
2	64	-0.0119579
37	67	-0.0123553
18	67	-0.0126254
2	37	-0.0128485
43	63	-0.0130502
37	62	-0.0130742
26	40	-0.0131442
26	27	-0.0131826
3	41	-0.0133146
39	40	-0.0133676
3	36	-0.0133731
5	37	-0.0134627
9	38	-0.0135402
2	9	-0.0137371
32	67	-0.0137652
28	37	-0.0138194
49	67	-0.0143638
32	40	-0.0146286
11	66	-0.014818
3	35	-0.0148802
38	61	-0.0148872
2	28	-0.0151513
35	67	-0.0151889
10	11	-0.015241
6	66	-0.0153375
37	39	-0.0154477
5	10	-0.0154975
38	65	-0.0157466
32	64	-0.0158701
44	48	-0.0160611
27	64	-0.0160645
6	37	-0.0161379
39	67	-0.0161768
10	39	-0.0163477
18	66	-0.0164193
1	34	-0.0164268
10	58	-0.0165462
9	10	-0.0166342
23	35	-0.0166489
15	38	-0.0167311
7	11	-0.0167572
16	67	-0.0168791
3	45	-0.0170085
37	50	-0.0170142
13	38	-0.0170566
2	11	-0.0170659
21	67	-0.0172411
41	53	-0.0173537
3	26	-0.0173993
26	37	-0.0174001
8	38	-0.0174222
15	32	-0.0174625
5	38	-0.0176375
18	37	-0.0178132
4	38	-0.018152
21	37	-0.0182597
22	65	-0.0182978
4	66	-0.0183174
25	66	-0.0184133
1	7	-0.018462
9	67	-0.0185515
40	50	-0.0188012
26	66	-0.0189276
3	39	-0.0190674
10	18	-0.0190684
8	22	-0.0191169
2	21	-0.0191491
13	26	-0.0191726
29	59	-0.0191939
22	50	-0.0193788
16	66	-0.0194187
3	5	-0.0195243
6	67	-0.0195603
16	57	-0.0195787
18	40	-0.0196558
47	67	-0.0198975
45	66	-0.0200309
55	57	-0.0200336
7	28	-0.0200502
21	29	-0.0201575
38	47	-0.0201872
3	65	-0.0203109
35	48	-0.0203355
50	66	-0.020504
4	67	-0.0205217
31	50	-0.0206223
2	18	-0.020694
65	66	-0.0208235
3	32	-0.0208361
54	63	-0.0208512
10	56	-0.0210035
6	10	-0.0210492
2	65	-0.0210747
28	29	-0.021111
37	47	-0.0211268
10	60	-0.0211838
40	59	-0.0212007
3	6	-0.0212835
2	60	-0.0212896
60	67	-0.021324
24	57	-0.0213668
10	61	-0.0214437
29	47	-0.0215351
25	37	-0.0215575
29	32	-0.0216551
2	4	-0.0216784
16	37	-0.021704
3	50	-0.0217497
10	65	-0.021841
61	66	-0.0218951
10	13	-0.0219059
3	21	-0.0219065
3	9	-0.0219314
29	50	-0.0219416
10	59	-0.0219889
9	66	-0.0219912
26	67	-0.0220138
10	43	-0.0220452
10	21	-0.0222981
29	62	-0.0226273
3	16	-0.0226565
19	66	-0.0226713
22	39	-0.0226767
8	66	-0.0227659
62	66	-0.0228673
3	59	-0.0229085
2	26	-0.0231314
2	32	-0.0231368
10	47	-0.0231417
8	31	-0.0232765
2	50	-0.0234032
9	37	-0.0234115
8	10	-0.0234431
3	25	-0.0235078
33	54	-0.0235567
13	18	-0.0236109
10	28	-0.0237558
62	67	-0.0238278
59	67	-0.0238648
32	66	-0.0239565
21	66	-0.0240796
8	42	-0.0241846
5	22	-0.0242524
2	8	-0.0242886
3	4	-0.0243002
23	45	-0.0243022
2	6	-0.0243297
43	46	-0.0244139
5	67	-0.0244305
37	60	-0.0244327
24	29	-0.0244746
38	59	-0.0245162
8	67	-0.0245938
22	61	-0.024597
28	67	-0.0245979
2	29	-0.0246397
2	59	-0.0247529
22	62	-0.0248383
47	66	-0.024847
59	66	-0.024933
2	19	-0.0250164
22	60	-0.0250812
3	11	-0.0251658
2	5	-0.0252018
15	28	-0.0252607
5	66	-0.0253056
4	22	-0.0255273
36	66	-0.0256628
11	37	-0.0257042
3	47	-0.0257405
36	67	-0.0258828
4	40	-0.0259149
57	64	-0.0259481
50	67	-0.0259621
40	60	-0.0259891
61	67	-0.0260662
3	19	-0.0261838
5	57	-0.0262225
4	15	-0.0262692
2	47	-0.0262841
36	37	-0.0264225
38	62	-0.0264274
2	39	-0.0264381
12	52	-0.0265317
41	63	-0.0265474
60	66	-0.0265672
3	28	-0.0265773
29	65	-0.0265924
24	42	-0.0266082
39	66	-0.0266508
13	32	-0.0266568
32	37	-0.0267744
11	67	-0.0268669
2	61	-0.0268696
50	57	-0.0269446
25	38	-0.0269737
2	16	-0.0270791
37	59	-0.0270993
13	47	-0.0272149
2	62	-0.0273929
47	57	-0.0274566
26	29	-0.0275331
3	24	-0.0275584
24	37	-0.0275584
8	29	-0.0276
24	40	-0.0276509
2	36	-0.0276527
16	38	-0.027792
37	55	-0.0278242
33	60	-0.0278331
28	66	-0.0278405
24	67	-0.0278587
10	24	-0.0278613
42	59	-0.0279665
29	60	-0.0283033
3	8	-0.0283384
19	67	-0.0284201
5	31	-0.0285646
3	64	-0.0286533
3	62	-0.0286739
19	38	-0.0286968
4	42	-0.0288491
44	46	-0.0288733
15	21	-0.0289534
11	40	-0.0291884
65	67	-0.0292215
18	38	-0.0292481
52	55	-0.0292523
9	27	-0.0293137
38	39	-0.0293346
18	22	-0.029348
2	25	-0.0294768
21	42	-0.0294942
31	52	-0.0295311
13	36	-0.0296519
13	62	-0.0297038
10	62	-0.0297567
16	22	-0.0298065
52	67	-0.0298479
10	19	-0.0298963
20	44	-0.0299279
32	42	-0.0299285
25	29	-0.0300461
4	29	-0.0301199
22	47	-0.0301548
36	57	-0.0301611
21	40	-0.0301761
38	50	-0.0302181
6	29	-0.0302195
15	16	-0.0302565
5	29	-0.0303363
42	50	-0.0304353
10	16	-0.0304728
13	50	-0.0306213
3	61	-0.0306922
42	47	-0.0307833
11	57	-0.0308692
25	67	-0.0310562
42	61	-0.0311052
6	40	-0.0311703
20	43	-0.0312706
10	25	-0.0312889
24	66	-0.0313536
6	38	-0.0314162
2	24	-0.0314927
15	59	-0.0315419
32	57	-0.0316161
28	57	-0.0316473
11	38	-0.0316877
13	59	-0.0317377
10	50	-0.0318492
9	29	-0.0319225
5	33	-0.032013
6	57	-0.0320205
11	22	-0.0320438
11	29	-0.0320456
26	38	-0.0321615
5	40	-0.0323147
22	67	-0.0327382
33	62	-0.0327388
28	42	-0.0327675
19	33	-0.0327713
23	53	-0.0328919
10	32	-0.0329583
33	39	-0.0329946
15	18	-0.0333729
14	44	-0.0334981
33	59	-0.0336165
18	29	-0.0337239
19	42	-0.033742
21	33	-0.0337492
25	42	-0.0338474
32	38	-0.0338974
18	57	-0.0339887
9	33	-0.0340052
38	60	-0.0340472
15	25	-0.0341821
29	61	-0.0342436
31	63	-0.0342544
26	42	-0.0343805
6	22	-0.0343883
25	40	-0.0343921
10	36	-0.034462
15	36	-0.034711
13	39	-0.0347811
22	26	-0.0349152
31	62	-0.0349805
19	22	-0.0351753
15	26	-0.0352718
33	65	-0.0354661
52	66	-0.0355479
33	47	-0.0357408
42	62	-0.0359869
15	50	-0.0361459
19	57	-0.0362105
4	31	-0.0362207
9	57	-0.0362663
12	56	-0.0364255
19	40	-0.0365882
19	29	-0.0366712
42	65	-0.036698
18	42	-0.0368471
3	52	-0.036955
26	31	-0.0369868
29	36	-0.0370748
16	40	-0.0373072
15	39	-0.0374779
15	19	-0.0374863
9	22	-0.0376223
15	62	-0.0377299
57	65	-0.0379209
2	38	-0.0379452
57	62	-0.0379811
37	66	-0.0379878
40	62	-0.0380778
26	33	-0.0382898
8	15	-0.0383581
8	33	-0.0385002
9	42	-0.0386352
4	33	-0.0387392
28	38	-0.0387502
8	40	-0.0387739
13	21	-0.0387929
57	61	-0.0388058
16	42	-0.0388228
24	38	-0.0388884
15	61	-0.0389534
25	57	-0.0391635
1	4	-0.0391663
8	57	-0.0392815
18	33	-0.0392898
6	42	-0.0394107
29	58	-0.0394776
15	60	-0.0395821
1	28	-0.0398242
13	24	-0.0398415
15	24	-0.0399766
9	40	-0.0401156
5	42	-0.0401427
40	47	-0.040563
31	65	-0.0407182
22	35	-0.0408903
1	8	-0.0409375
29	39	-0.0410957
26	57	-0.0415964
33	36	-0.0416741
31	59	-0.0416825
32	33	-0.0416934
1	32	-0.0417425
16	33	-0.0417464
6	13	-0.041937
13	60	-0.0420117
25	31	-0.0421049
2	42	-0.0421382
34	66	-0.0421619
14	49	-0.0421628
3	37	-0.0424925
6	31	-0.0425105
9	13	-0.0426347
11	15	-0.04283
46	67	-0.0428345
51	66	-0.042893
16	29	-0.0430015
40	64	-0.0431811
13	19	-0.0432426
57	59	-0.0432569
22	25	-0.0438036
13	28	-0.0440638
4	57	-0.0442392
1	24	-0.0442472
33	61	-0.0444533
9	15	-0.0445496
1	5	-0.0445981
34	42	-0.044613
6	15	-0.0446257
5	13	-0.0447129
15	65	-0.0450465
39	57	-0.0451789
1	19	-0.04562
25	33	-0.0457295
13	16	-0.0457959
38	58	-0.0460535
24	33	-0.0463321
1	6	-0.0465181
48	54	-0.0465488
22	24	-0.0466743
36	42	-0.0467498
16	31	-0.0468076
11	42	-0.0469693
57	60	-0.0471866
22	59	-0.0473335
7	57	-0.0473987
37	44	-0.0476111
40	61	-0.0477826
39	42	-0.0478532
1	9	-0.0478795
4	13	-0.0480595
53	56	-0.048063
10	67	-0.048078
31	45	-0.0484915
10	34	-0.0485908
18	31	-0.0486569
2	52	-0.0487874
29	67	-0.0488294
40	65	-0.0488582
3	38	-0.0489451
38	56	-0.0493783
1	50	-0.0493854
11	35	-0.0495545
5	15	-0.0497498
1	11	-0.0500276
23	61	-0.0502315
6	23	-0.0502866
22	28	-0.0502929
26	35	-0.0503149
45	67	-0.0503272
33	50	-0.0505481
11	31	-0.0506127
21	22	-0.0507851
31	32	-0.0508074
21	57	-0.0509411
31	60	-0.0510409
1	60	-0.0511169
1	40	-0.0513042
1	25	-0.0513874
1	62	-0.0515922
1	61	-0.0516025
36	38	-0.0516271
1	65	-0.0517682
1	21	-0.0518428
10	41	-0.0521706
15	47	-0.0522951
17	23	-0.0522968
1	47	-0.0523698
1	18	-0.0523801
42	60	-0.0526256
31	36	-0.0526971
31	47	-0.0528598
10	40	-0.0528743
23	32	-0.0532063
22	32	-0.0532753
3	33	-0.0533195
6	33	-0.0533539
11	33	-0.0534358
2	20	-0.0535161
18	23	-0.0540369
10	57	-0.0543343
2	51	-0.054447
23	36	-0.0546513
2	46	-0.0551309
13	61	-0.0551383
20	67	-0.0551749
35	59	-0.055228
11	13	-0.0553454
35	50	-0.0553997
12	45	-0.0554128
1	16	-0.0555601
14	57	-0.0563514
16	53	-0.0564578
14	40	-0.0564665
12	53	-0.0565113
48	58	-0.0570011
35	39	-0.057187
9	35	-0.0572601
13	65	-0.0573812
22	66	-0.0574066
1	17	-0.0578531
31	41	-0.058069
23	62	-0.0585417
9	31	-0.0588711
23	39	-0.0589192
3	49	-0.0592032
23	52	-0.0594142
1	36	-0.0594423
24	31	-0.0596204
40	55	-0.059706
1	26	-0.0597478
19	23	-0.0603367
23	47	-0.0605159
23	59	-0.060519
3	20	-0.0605593
18	35	-0.0608225
46	63	-0.0610412
22	57	-0.0611371
1	39	-0.0612179
8	23	-0.0614747
8	13	-0.0614784
18	53	-0.061604
28	33	-0.062016
23	50	-0.0620551
16	23	-0.0624964
5	23	-0.0627259
3	22	-0.0627536
22	36	-0.0627543
37	49	-0.0630419
2	48	-0.0631338
4	35	-0.0636774
31	61	-0.0637128
1	59	-0.0637285
48	66	-0.0639747
1	42	-0.0640605
21	31	-0.064285
3	48	-0.0643904
15	41	-0.0644351
19	31	-0.0646626
29	51	-0.0651895
3	51	-0.0652216
12	64	-0.0652758
46	66	-0.065421
3	14	-0.0654516
15	63	-0.0655772
1	44	-0.0656461
20	66	-0.0656728
51	67	-0.0658391
38	53	-0.0659146
21	23	-0.0660036
35	36	-0.0662149
22	63	-0.0667578
3	31	-0.0670779
35	62	-0.0676425
13	25	-0.0676429
51	58	-0.0680637
17	64	-0.068234
4	23	-0.0683708
37	41	-0.0688264
1	27	-0.0692733
13	64	-0.0695123
23	65	-0.0695499
6	53	-0.0696572
48	63	-0.0698604
30	67	-0.0699462
29	53	-0.0700767
7	40	-0.0701546
21	35	-0.0705401
20	45	-0.0708939
23	25	-0.070946
9	23	-0.0709803
45	55	-0.0710886
32	35	-0.071116
1	56	-0.0713098
37	56	-0.0717956
23	26	-0.0718435
35	61	-0.0720923
35	60	-0.0722393
28	31	-0.0723736
50	53	-0.073272
5	53	-0.0733234
3	12	-0.073656
36	53	-0.0744555
12	41	-0.0744676
19	35	-0.0745396
34	67	-0.0756603
23	28	-0.0757106
2	34	-0.0762917
35	46	-0.0764579
39	53	-0.0764916
44	67	-0.0765855
20	63	-0.0765975
23	60	-0.076922
14	66	-0.0769369
42	53	-0.077055
11	55	-0.0772958
11	23	-0.0774254
10	66	-0.0775951
4	53	-0.0777092
63	66	-0.0778845
2	45	-0.07813
21	55	-0.0781634
26	53	-0.0784297
58	63	-0.0785804
22	64	-0.0792491
4	55	-0.079527
6	55	-0.0795846
12	20	-0.079782
38	41	-0.0797883
23	34	-0.0800554
2	14	-0.0803813
35	65	-0.0805482
28	35	-0.0806687
18	55	-0.0807344
2	10	-0.0808693
25	35	-0.081264
24	35	-0.0816299
13	46	-0.0817629
16	35	-0.0819243
32	55	-0.082098
11	53	-0.0823026
3	10	-0.082447
9	53	-0.0830136
33	55	-0.083571
47	53	-0.0836901
3	46	-0.0836986
35	47	-0.0838059
8	35	-0.0838664
47	55	-0.0839124
31	67	-0.083984
5	55	-0.0842803
48	67	-0.0844642
5	35	-0.084601
13	29	-0.0849602
53	65	-0.0852495
33	66	-0.085303
12	48	-0.085639
20	58	-0.0856484
51	63	-0.0857893
35	51	-0.0859449
8	53	-0.086161
14	46	-0.086243
15	66	-0.086267
24	53	-0.0862678
38	43	-0.0863014
3	63	-0.0866781
12	67	-0.0867473
53	62	-0.0868682
36	55	-0.0869466
7	43	-0.0871478
29	56	-0.0873693
20	29	-0.0880939
32	53	-0.0881266
26	55	-0.0884017
16	55	-0.0884859
2	15	-0.0887336
19	53	-0.0892329
21	53	-0.089255
9	55	-0.0892842
53	61	-0.089461
12	60	-0.0894663
25	53	-0.0895776
14	48	-0.0898149
25	55	-0.0899824
13	51	-0.0900139
7	37	-0.090225
55	62	-0.090283
33	67	-0.0906474
56	63	-0.0911441
27	35	-0.0913601
6	35	-0.0914775
2	63	-0.0915076
37	40	-0.0915634
29	46	-0.0916183
29	66	-0.0916669
63	67	-0.0917452
15	20	-0.0924456
17	53	-0.0924546
19	55	-0.0928933
24	55	-0.0931454
55	59	-0.0932358
46	52	-0.0933448
53	59	-0.0934533
3	58	-0.0938718
14	20	-0.0939113
28	55	-0.0940048
15	46	-0.0945974
33	53	-0.0947434
12	18	-0.0947729
31	64	-0.0947971
29	41	-0.094934
55	61	-0.0950067
53	60	-0.0955013
23	24	-0.0965991
9	12	-0.0979092
46	58	-0.0981289
38	66	-0.0986327
2	30	-0.0988395
23	44	-0.0990402
11	12	-0.0990725
1	41	-0.0991533
50	55	-0.0993765
3	29	-0.099523
2	31	-0.0997872
2	12	-0.100118
4	12	-0.100337
44	61	-0.100388
12	26	-0.100443
58	66	-0.100639
8	55	-0.100673
34	63	-0.101125
12	19	-0.101127
1	33	-0.101491
39	55	-0.102015
29	48	-0.102153
12	21	-0.102172
12	61	-0.102247
38	44	-0.102309
12	24	-0.10235
12	62	-0.102401
15	67	-0.102405
11	44	-0.102508
30	63	-0.102526
14	67	-0.102581
12	65	-0.102631
9	34	-0.103251
13	20	-0.103708
9	44	-0.103896
29	63	-0.104
12	59	-0.104505
29	54	-0.104586
6	12	-0.104589
2	22	-0.1046
31	66	-0.104911
58	67	-0.104916
12	47	-0.105174
12	50	-0.105435
28	53	-0.105521
34	47	-0.105628
16	34	-0.105758
12	36	-0.106126
1	37	-0.106147
12	39	-0.106217
30	48	-0.106467
43	58	-0.106585
44	59	-0.10664
13	41	-0.106722
5	12	-0.106878
8	44	-0.106953
12	16	-0.106954
19	34	-0.107076
33	58	-0.107181
21	34	-0.107372
34	59	-0.107541
13	48	-0.107669
8	12	-0.107728
6	34	-0.107857
12	25	-0.107858
40	67	-0.107894
17	33	-0.108018
42	57	-0.108052
1	63	-0.108454
38	40	-0.108549
1	45	-0.108571
51	64	-0.108578
37	64	-0.10863
55	65	-0.108812
12	28	-0.109205
2	58	-0.109353
34	60	-0.10981
12	32	-0.110073
18	34	-0.110091
12	46	-0.110223
29	34	-0.110531
55	60	-0.111198
34	61	-0.111499
34	65	-0.112223
44	50	-0.112293
13	55	-0.112324
20	52	-0.112849
30	43	-0.113158
44	60	-0.113344
25	44	-0.113454
2	33	-0.113507
44	65	-0.113601
26	34	-0.114069
44	62	-0.114362
30	51	-0.115065
42	63	-0.115869
51	52	-0.116493
15	33	-0.116617
3	30	-0.116775
14	63	-0.116927
32	34	-0.116943
57	67	-0.117003
27	63	-0.117149
15	48	-0.117381
48	55	-0.117564
10	44	-0.118102
5	34	-0.118361
24	44	-0.119226
23	58	-0.119356
16	44	-0.119359
30	46	-0.119753
34	62	-0.120104
13	15	-0.120261
21	44	-0.120354
34	38	-0.120367
2	44	-0.1206
2	7	-0.120955
14	51	-0.120968
3	7	-0.121119
26	44	-0.121169
18	44	-0.12139
30	42	-0.121973
44	47	-0.122026
30	61	-0.122173
34	50	-0.1223
2	40	-0.12264
12	51	-0.122951
32	44	-0.123312
22	40	-0.123403
28	44	-0.12369
24	34	-0.123773
4	44	-0.124042
14	18	-0.12407
34	39	-0.124071
3	57	-0.125033
5	44	-0.12548
45	48	-0.125492
4	14	-0.125641
44	66	-0.125944
42	45	-0.125987
5	52	-0.125995
8	34	-0.126257
46	64	-0.126637
11	34	-0.126749
19	44	-0.126909
39	44	-0.127173
57	66	-0.127269
6	45	-0.127295
37	42	-0.127384
14	47	-0.127648
6	14	-0.127705
3	40	-0.127851
12	43	-0.128032
3	44	-0.128106
11	14	-0.128219
45	61	-0.128239
30	32	-0.128357
52	60	-0.12839
63	64	-0.128424
41	58	-0.128436
4	34	-0.128512
45	47	-0.12902
11	45	-0.129085
20	35	-0.129383
21	30	-0.130325
2	57	-0.130343
22	31	-0.130367
16	45	-0.130377
40	66	-0.130873
17	63	-0.130913
20	30	-0.131001
14	26	-0.131137
28	34	-0.131208
30	66	-0.131466
38	63	-0.131487
3	15	-0.13154
15	51	-0.131586
14	61	-0.131646
36	52	-0.131964
10	15	-0.13244
32	52	-0.132445
23	67	-0.132458
14	16	-0.132463
54	55	-0.132618
36	44	-0.133012
4	45	-0.133162
45	59	-0.133542
37	58	-0.133736
30	39	-0.133849
50	52	-0.133886
25	34	-0.133976
10	63	-0.134133
5	45	-0.134217
52	59	-0.134479
45	60	-0.134573
13	56	-0.134584
37	57	-0.134624
49	63	-0.134661
17	58	-0.134939
14	60	-0.135098
11	52	-0.135158
14	21	-0.135276
26	52	-0.135327
8	30	-0.135354
14	59	-0.135446
26	30	-0.135485
38	57	-0.135555
18	52	-0.135913
20	64	-0.136375
9	14	-0.13645
25	52	-0.136712
34	36	-0.137048
7	46	-0.137062
1	64	-0.137126
6	44	-0.13715
21	52	-0.137573
14	50	-0.138059
24	45	-0.138081
18	45	-0.138087
26	45	-0.138113
45	46	-0.138413
14	24	-0.138433
28	52	-0.138694
2	53	-0.138802
28	30	-0.13882
7	51	-0.138918
52	65	-0.138965
45	62	-0.139102
30	50	-0.139565
23	66	-0.139657
17	35	-0.139659
2	23	-0.139685
4	30	-0.139801
55	63	-0.139903
14	65	-0.140131
22	48	-0.140157
52	61	-0.140231
8	14	-0.140257
25	45	-0.140384
24	30	-0.140461
24	52	-0.140737
14	36	-0.140764
19	30	-0.141022
52	62	-0.141217
27	55	-0.141414
14	28	-0.14223
30	65	-0.142368
37	63	-0.142372
45	65	-0.142504
7	17	-0.142836
36	45	-0.142841
27	49	-0.143035
39	52	-0.143571
5	30	-0.143852
49	50	-0.144144
14	32	-0.144409
6	52	-0.144524
8	45	-0.144625
48	52	-0.144804
28	45	-0.14498
3	23	-0.145022
7	20	-0.145293
1	53	-0.145352
48	64	-0.145664
31	58	-0.145854
21	45	-0.146365
30	47	-0.14671
40	58	-0.146742
14	19	-0.146763
7	67	-0.147202
2	13	-0.147296
12	66	-0.147503
16	30	-0.14763
8	52	-0.147724
14	62	-0.148155
9	45	-0.148188
27	53	-0.148217
30	55	-0.148301
11	30	-0.148378
30	62	-0.148385
14	25	-0.148581
1	49	-0.148951
9	52	-0.149304
49	65	-0.149419
30	59	-0.14949
53	66	-0.149756
5	14	-0.149934
30	60	-0.150161
47	52	-0.150236
22	46	-0.150269
18	30	-0.150588
6	30	-0.150598
39	49	-0.150765
14	39	-0.150819
19	45	-0.150909
49	51	-0.151159
39	45	-0.151268
45	50	-0.152107
7	66	-0.152146
14	64	-0.152567
21	49	-0.152717
32	45	-0.153004
49	59	-0.153316
7	48	-0.153425
16	49	-0.153577
45	51	-0.154324
26	49	-0.154546
27	33	-0.15461
3	53	-0.154697
9	49	-0.154746
18	49	-0.154797
40	48	-0.155419
9	30	-0.155572
26	56	-0.155907
50	56	-0.156061
31	56	-0.156118
8	49	-0.15614
16	52	-0.156653
51	53	-0.157174
19	52	-0.157315
33	63	-0.157574
36	49	-0.157688
20	55	-0.157888
28	56	-0.158158
35	57	-0.158995
7	27	-0.159063
15	43	-0.159093
41	65	-0.159188
25	30	-0.160065
1	22	-0.160196
31	44	-0.160697
20	53	-0.160719
6	49	-0.160754
57	58	-0.160978
40	49	-0.161098
30	36	-0.161208
49	61	-0.161523
20	40	-0.162452
13	66	-0.163187
40	46	-0.163336
46	55	-0.163687
4	52	-0.163932
41	59	-0.164002
5	49	-0.16421
36	56	-0.164503
20	22	-0.164554
48	57	-0.165243
49	57	-0.165481
49	60	-0.165512
4	49	-0.165579
30	64	-0.165858
43	59	-0.166466
25	41	-0.167007
13	67	-0.167099
47	49	-0.167198
5	41	-0.167371
58	64	-0.167382
32	49	-0.167576
12	44	-0.168141
51	57	-0.168705
5	56	-0.169358
25	49	-0.169486
11	49	-0.169577
40	42	-0.169689
15	31	-0.169882
40	51	-0.169903
33	52	-0.170184
49	62	-0.17036
18	41	-0.170824
27	58	-0.171185
51	55	-0.171427
19	56	-0.171728
46	53	-0.172432
24	56	-0.172902
42	52	-0.17324
12	22	-0.173299
3	13	-0.173868
16	41	-0.174203
26	43	-0.174493
19	49	-0.175364
9	56	-0.175424
20	57	-0.176093
13	35	-0.176356
41	60	-0.176413
29	35	-0.176427
48	53	-0.176701
21	43	-0.176889
28	49	-0.176908
38	49	-0.177137
18	43	-0.177197
32	56	-0.177248
9	41	-0.177313
26	41	-0.177429
21	56	-0.177491
33	45	-0.17783
6	41	-0.177924
56	58	-0.178139
56	59	-0.178211
24	49	-0.178262
6	56	-0.178276
4	56	-0.178773
46	57	-0.179021
4	43	-0.179494
18	56	-0.179705
4	41	-0.179997
9	43	-0.180081
41	47	-0.180157
56	62	-0.180405
47	56	-0.180588
36	41	-0.181152
41	50	-0.181512
11	41	-0.182402
56	61	-0.182536
39	56	-0.182674
11	56	-0.1828
22	51	-0.183597
21	41	-0.183978
32	43	-0.184283
6	43	-0.185358
48	49	-0.185532
16	56	-0.185627
35	58	-0.186164
43	62	-0.186257
11	43	-0.186364
56	65	-0.186423
31	48	-0.186914
43	65	-0.187234
44	64	-0.187826
39	41	-0.187905
16	43	-0.188221
43	60	-0.188264
19	41	-0.189109
20	31	-0.189544
8	41	-0.190825
8	43	-0.190978
32	41	-0.191474
19	43	-0.191773
24	41	-0.192173
39	43	-0.192513
56	60	-0.192557
43	47	-0.192973
9	54	-0.193186
28	43	-0.193194
41	61	-0.193299
18	54	-0.193371
23	64	-0.193403
28	41	-0.194934
53	67	-0.194981
8	56	-0.195208
41	62	-0.195862
43	61	-0.195988
12	54	-0.196325
21	54	-0.196456
25	56	-0.197456
43	50	-0.198182
15	54	-0.198251
31	51	-0.198332
35	40	-0.198564
26	54	-0.198621
36	43	-0.199165
7	55	-0.199695
23	51	-0.200015
23	46	-0.200447
17	49	-0.200825
54	65	-0.20163
54	59	-0.201685
5	43	-0.202419
7	23	-0.2027
24	43	-0.202862
27	40	-0.203407
10	49	-0.203734
4	54	-0.204017
13	17	-0.204786
27	57	-0.205574
50	54	-0.205731
29	64	-0.205733
38	55	-0.206292
35	37	-0.206633
20	23	-0.206782
47	54	-0.206981
6	54	-0.207283
32	54	-0.207955
39	54	-0.209083
20	49	-0.209694
54	61	-0.210602
16	54	-0.210706
25	43	-0.21095
23	48	-0.211073
54	62	-0.212149
17	57	-0.212318
29	38	-0.213127
22	27	-0.214025
54	60	-0.215266
31	46	-0.215958
5	54	-0.216517
19	54	-0.217128
36	54	-0.217295
17	40	-0.218869
25	54	-0.220211
11	54	-0.220389
17	22	-0.220778
13	42	-0.221543
10	54	-0.223638
35	63	-0.224189
35	64	-0.224223
7	53	-0.224376
13	27	-0.224991
24	54	-0.225926
8	54	-0.226098
28	54	-0.226589
27	41	-0.227459
37	43	-0.228629
17	56	-0.228968
1	35	-0.230822
1	58	-0.23102
1	29	-0.23172
35	53	-0.234396
17	41	-0.236884
17	34	-0.237507
27	56	-0.237569
17	55	-0.239514
33	37	-0.2407
29	44	-0.241581
38	54	-0.243132
10	55	-0.244138
46	49	-0.2496
27	34	-0.251759
10	29	-0.251761
27	45	-0.251991
1	14	-0.252443
1	30	-0.25276
17	45	-0.254912
1	15	-0.255808
17	52	-0.263083
1	23	-0.26414
7	44	-0.26441
15	64	-0.26493
38	64	-0.267011
7	56	-0.268051
15	34	-0.268951
27	52	-0.275413
10	64	-0.280874
12	42	-0.28463
10	22	-0.28507
7	41	-0.290572
33	64	-0.292463
37	45	-0.292982
33	42	-0.296518
37	54	-0.297939
17	44	-0.301877
37	52	-0.306067
7	22	-0.311365
17	42	-0.311684
31	42	-0.312586
1	55	-0.313303
10	42	-0.317646
29	33	-0.317654
22	38	-0.317675
27	42	-0.320659
15	35	-0.321887
27	44	-0.333902
38	42	-0.333995
22	29	-0.341457
13	22	-0.343875
15	42	-0.351374
14	43	-0.357697
29	43	-0.379084