#==========================================================================
# The first and second rows contain site pairs (i, j) such that j > i
# The third row contains coevolutionary scores obtained 
# using Boltzmann learning algorithm.
# Note that in this data sites are counted/labelled starting from 1
#==========================================================================
4	42	2.86282
2	44	2.64312
5	41	2.59625
3	43	2.51069
21	32	2.41859
1	45	2.2788
6	40	1.92611
13	56	1.79895
22	31	1.72604
16	53	1.63211
23	30	1.39855
48	62	1.13646
47	63	1.03707
33	34	0.776113
26	27	0.715755
63	64	0.711443
7	39	0.674396
17	19	0.617266
16	52	0.582461
52	53	0.577809
46	64	0.559225
19	20	0.522431
3	42	0.498253
42	43	0.497707
3	4	0.489316
17	52	0.45993
17	46	0.457176
4	43	0.446837
33	41	0.438753
16	18	0.412714
18	52	0.404132
18	19	0.403983
52	64	0.398092
25	26	0.394809
62	63	0.381467
7	35	0.372782
2	3	0.3612
9	37	0.354592
5	33	0.35415
17	47	0.332408
47	64	0.329937
19	39	0.329934
46	47	0.325262
30	31	0.318362
28	46	0.31042
25	27	0.309432
8	9	0.30784
7	28	0.307103
39	41	0.304343
20	33	0.30301
22	23	0.302467
28	33	0.297676
23	31	0.292743
4	5	0.287068
22	30	0.28679
35	37	0.2845
9	35	0.283676
17	53	0.282852
6	42	0.277977
2	28	0.269616
35	39	0.263615
16	49	0.259237
2	39	0.253442
18	46	0.25178
2	19	0.248186
4	41	0.245717
3	47	0.245429
43	47	0.23752
34	47	0.236468
35	52	0.235754
7	49	0.234238
8	26	0.233566
42	47	0.231317
17	20	0.231154
6	9	0.224917
18	53	0.224114
1	43	0.220958
20	45	0.217831
19	45	0.216318
5	42	0.216244
46	49	0.213994
16	63	0.211453
17	44	0.211354
43	44	0.211174
8	46	0.209945
24	29	0.204766
49	53	0.202625
3	7	0.202184
16	17	0.200961
53	64	0.199752
28	52	0.198208
6	53	0.198036
39	44	0.197137
28	37	0.196686
9	13	0.196326
9	40	0.195926
26	46	0.193452
18	26	0.192227
19	44	0.191465
8	20	0.190829
18	39	0.188623
1	28	0.188386
26	37	0.1869
1	20	0.186797
42	56	0.18661
7	41	0.185858
9	56	0.185659
18	20	0.185317
2	47	0.183702
28	44	0.183631
4	13	0.183259
35	49	0.182871
16	56	0.182317
3	26	0.181367
19	64	0.181356
48	64	0.181259
1	3	0.177365
32	63	0.174674
4	56	0.174056
25	63	0.173099
3	18	0.171028
19	53	0.169253
46	53	0.169249
19	47	0.167052
2	17	0.167001
1	17	0.165898
2	43	0.164503
20	34	0.164489
8	34	0.163584
20	63	0.162465
16	20	0.162455
10	58	0.161212
2	52	0.161146
17	21	0.159657
16	43	0.158981
15	54	0.158539
13	32	0.156867
27	28	0.156611
23	37	0.15495
43	63	0.15468
25	53	0.154559
12	57	0.152594
21	35	0.152092
55	57	0.151373
8	18	0.151028
47	62	0.149824
5	39	0.149459
33	45	0.149208
21	33	0.148918
48	49	0.148918
20	39	0.148563
7	53	0.148163
12	58	0.14789
27	35	0.147874
28	45	0.147622
57	58	0.147411
48	63	0.147233
33	52	0.144709
18	63	0.143808
17	25	0.143543
17	18	0.143509
1	16	0.142681
6	8	0.141975
14	55	0.141961
36	59	0.141706
12	55	0.141438
26	62	0.141014
50	57	0.140615
10	55	0.140564
3	52	0.140335
27	64	0.139942
12	14	0.138948
36	57	0.138704
20	64	0.13852
33	42	0.138258
26	33	0.137901
36	55	0.136997
36	60	0.136921
15	55	0.13676
17	32	0.136546
12	51	0.136292
18	22	0.135575
10	57	0.134933
5	31	0.134457
15	60	0.134344
15	50	0.134328
12	36	0.133902
14	15	0.133884
57	59	0.133488
8	37	0.13344
50	55	0.133196
12	54	0.132872
34	39	0.132405
10	12	0.132225
12	15	0.132086
43	64	0.131964
4	45	0.131728
30	37	0.131468
3	63	0.131088
12	24	0.130904
29	58	0.130583
35	47	0.130172
28	64	0.129856
5	34	0.129761
55	58	0.129623
13	16	0.129546
15	57	0.128884
54	55	0.128409
10	15	0.128107
12	50	0.127583
26	34	0.127442
12	60	0.127163
51	57	0.127032
58	59	0.126056
51	58	0.125933
4	6	0.125912
51	55	0.124942
29	55	0.1247
29	57	0.124488
36	51	0.124421
1	49	0.124325
50	51	0.123952
14	29	0.123469
13	62	0.1234
29	60	0.123333
10	60	0.123192
15	51	0.122961
11	57	0.122765
27	42	0.12195
41	42	0.121228
50	58	0.12111
7	52	0.120877
16	47	0.120677
55	59	0.120628
10	14	0.120456
15	58	0.120408
3	17	0.120387
14	59	0.120184
57	60	0.119574
17	64	0.119075
10	54	0.119
39	53	0.118821
50	60	0.118375
34	41	0.118338
51	59	0.118165
14	50	0.118129
45	48	0.118117
32	35	0.117546
14	57	0.11736
14	51	0.117068
19	46	0.116922
9	38	0.116443
36	50	0.115986
10	51	0.115963
55	60	0.115924
10	36	0.115686
24	59	0.115116
12	29	0.114983
57	61	0.114728
14	58	0.114406
54	59	0.114383
12	61	0.114283
25	37	0.114007
18	44	0.113897
10	24	0.113738
54	60	0.113478
15	24	0.113403
8	52	0.113204
58	61	0.11313
15	59	0.112732
14	36	0.112704
61	62	0.112578
8	49	0.112247
10	59	0.112246
54	57	0.112128
47	48	0.11179
33	63	0.111736
24	57	0.111688
24	60	0.11144
50	59	0.110987
18	25	0.110713
14	54	0.110321
55	61	0.110258
51	60	0.11012
58	60	0.109744
3	45	0.109594
51	54	0.10959
54	58	0.109354
4	47	0.10927
25	47	0.10866
10	50	0.107789
24	58	0.107722
24	50	0.107434
11	14	0.106913
29	36	0.106291
29	51	0.106188
7	63	0.106144
8	33	0.105841
29	50	0.105802
31	44	0.10552
21	63	0.105286
59	60	0.105112
12	59	0.104872
34	35	0.104843
8	25	0.104842
6	33	0.104743
19	28	0.104714
22	25	0.104281
24	55	0.103755
17	45	0.103223
29	54	0.103033
48	61	0.103019
17	34	0.102704
33	53	0.102479
47	53	0.102417
18	47	0.102221
35	45	0.101992
36	58	0.101857
10	29	0.101787
24	36	0.10173
24	54	0.101679
47	49	0.10136
6	11	0.101009
22	44	0.10091
10	38	0.100571
49	61	0.100319
4	44	0.100079
15	36	0.100063
14	60	0.100025
27	46	0.0997853
6	46	0.0997658
5	40	0.0997329
50	61	0.0989034
27	39	0.0983491
18	31	0.0977398
7	47	0.0974581
59	61	0.0974125
29	59	0.0970139
11	50	0.0965727
8	38	0.0960056
5	22	0.0956576
37	52	0.0956145
11	51	0.095428
15	61	0.0953063
38	58	0.0950112
31	64	0.0949458
14	38	0.0948845
11	60	0.0948839
50	54	0.0948362
11	12	0.0939298
24	51	0.0939121
11	58	0.0938712
25	33	0.093852
14	24	0.0931301
32	53	0.092821
36	54	0.0927362
27	37	0.0927033
21	61	0.0926831
11	55	0.0921824
32	33	0.0920586
15	38	0.0919812
9	64	0.091944
10	11	0.0917707
15	29	0.0917395
7	9	0.0912604
12	49	0.0906634
13	21	0.090504
23	27	0.0899549
29	61	0.0899107
3	44	0.089223
52	56	0.0889936
26	45	0.0882424
26	40	0.088104
32	61	0.087855
60	61	0.0876433
25	31	0.0875706
36	49	0.0875413
51	61	0.0874882
4	33	0.0874346
36	61	0.0870821
18	33	0.0868398
54	61	0.0865619
39	47	0.0862282
11	36	0.0861374
41	52	0.0861083
17	28	0.0859868
32	56	0.0857605
10	61	0.0855378
49	50	0.0852519
11	24	0.0851251
37	56	0.0849652
14	61	0.0840603
11	40	0.0838085
42	62	0.08369
11	15	0.0832531
20	49	0.0831945
31	41	0.083146
28	59	0.0830528
19	26	0.0826861
49	55	0.081597
25	34	0.0813648
8	40	0.08091
17	23	0.0804999
24	61	0.0803839
12	38	0.0796193
11	54	0.0795507
3	31	0.0794281
31	32	0.0793817
21	53	0.0792857
13	38	0.0790583
40	46	0.0790147
49	59	0.0788266
9	19	0.0784394
19	33	0.0783201
38	54	0.0781596
11	59	0.0777897
38	57	0.0770696
37	62	0.0769933
1	2	0.0763591
14	23	0.0759014
17	39	0.0757035
7	46	0.075545
38	56	0.0755369
44	64	0.0747254
49	58	0.0733325
22	41	0.0728291
11	61	0.0724934
16	22	0.0723106
5	26	0.072253
35	38	0.0722249
30	64	0.0718525
26	35	0.0718373
44	47	0.07181
38	50	0.0714282
27	33	0.0713768
5	20	0.0712195
8	28	0.0707617
14	49	0.0704786
16	46	0.0700678
44	52	0.0700504
49	57	0.0700324
13	48	0.0698685
4	35	0.0698385
13	42	0.0697955
8	13	0.0696245
37	40	0.0692794
23	57	0.0691975
38	55	0.0691883
1	46	0.0690977
6	37	0.0689364
26	39	0.0687579
22	64	0.0687305
49	54	0.0669843
24	49	0.0668265
11	29	0.0667402
48	57	0.0666234
19	37	0.0665249
2	7	0.0664822
36	38	0.0664249
22	32	0.0661751
8	42	0.0661077
10	49	0.065856
23	24	0.0658427
29	38	0.0652816
1	8	0.064999
7	17	0.0648531
5	52	0.064055
49	60	0.0637662
38	51	0.0635668
8	64	0.0634596
8	56	0.0634494
11	49	0.0632469
20	62	0.0631053
26	63	0.063062
38	60	0.0626834
38	59	0.0626624
18	49	0.0624164
19	34	0.0623287
45	49	0.0621361
8	53	0.0616107
2	22	0.0603602
7	37	0.0602811
1	25	0.0602632
13	37	0.0599657
16	48	0.0595317
33	37	0.0589592
49	51	0.0585993
15	49	0.0584611
48	58	0.0584213
1	48	0.0584028
31	45	0.058312
3	22	0.0579241
33	46	0.0579146
28	50	0.0578189
25	64	0.057622
37	64	0.0573414
13	50	0.0571658
49	62	0.057105
20	37	0.0569321
56	62	0.0567976
24	38	0.0562892
46	62	0.0562314
48	50	0.0561133
21	25	0.055549
15	30	0.0553734
5	48	0.0549279
7	33	0.054667
26	41	0.0545781
4	48	0.0540237
2	33	0.053745
1	33	0.053701
46	63	0.0536848
13	52	0.0535648
14	48	0.0531949
57	62	0.0531521
40	42	0.0531418
23	36	0.0531172
10	13	0.0529861
38	49	0.0529809
2	45	0.0529105
19	23	0.0525055
30	58	0.0524271
24	48	0.0523044
17	41	0.0515504
28	36	0.0514874
15	23	0.0510563
23	51	0.0510466
30	57	0.0510108
48	51	0.0508143
10	62	0.0508073
12	23	0.0507511
7	48	0.0506939
38	61	0.0505473
18	48	0.0503113
36	62	0.0498015
10	48	0.0490299
45	64	0.0489775
9	12	0.0487462
12	62	0.0486939
2	35	0.0485219
36	48	0.0484378
48	55	0.0483905
29	49	0.0478874
12	28	0.0475532
23	50	0.0473084
5	56	0.0472884
30	55	0.0470959
12	30	0.0467689
13	55	0.0467112
59	62	0.0466612
23	55	0.046288
23	58	0.0457659
13	54	0.0455856
28	57	0.0453949
14	62	0.0452401
10	23	0.0451534
10	30	0.0449591
7	25	0.0446922
37	38	0.0446695
48	60	0.044502
48	54	0.0440677
13	15	0.043759
18	64	0.0437473
13	29	0.0437116
34	45	0.0437027
34	53	0.0435745
15	48	0.0430686
30	43	0.0429327
9	55	0.0428011
34	52	0.0427258
29	62	0.0427087
30	60	0.0425675
35	42	0.0423639
13	59	0.0422191
15	62	0.042173
12	48	0.0421015
5	13	0.041906
30	35	0.0418923
7	26	0.0418908
13	51	0.0417986
23	59	0.0415756
13	61	0.0415244
9	57	0.0414145
56	57	0.0412834
29	30	0.0410488
20	28	0.0409979
23	60	0.0409817
21	22	0.0408264
14	30	0.0406746
25	32	0.0406084
55	62	0.0405957
28	47	0.039977
10	25	0.039555
30	59	0.0395043
30	36	0.0392375
30	54	0.0391284
25	46	0.0389434
26	43	0.0386039
13	49	0.0385636
45	62	0.0384604
13	24	0.038138
45	63	0.0380735
11	38	0.0377015
13	36	0.03754
48	59	0.0374433
3	16	0.0373865
12	13	0.0372288
13	58	0.0370602
13	35	0.0367847
6	21	0.0367209
6	16	0.0363751
33	40	0.0363706
30	51	0.036219
51	62	0.0359499
6	61	0.0358945
23	54	0.035783
22	46	0.0355851
50	62	0.0350738
34	58	0.0347276
13	14	0.0346139
15	28	0.0343648
13	60	0.0342042
28	55	0.0341337
23	29	0.0341182
8	63	0.0340204
9	50	0.0338882
9	51	0.0336526
4	62	0.0332967
32	40	0.0332289
17	27	0.0332119
30	50	0.0330434
29	48	0.0327591
56	59	0.0321941
9	10	0.0321419
2	31	0.0319953
5	49	0.0317663
34	36	0.0317558
60	62	0.031713
9	59	0.0305518
19	27	0.0305305
12	56	0.0305129
29	34	0.0305013
17	26	0.0302154
8	39	0.0299831
23	61	0.0299375
27	30	0.0297283
54	62	0.0296033
22	33	0.0294602
9	60	0.0293828
25	49	0.0292167
24	30	0.0290804
30	61	0.0290685
4	8	0.0289576
10	28	0.0289222
9	58	0.0289152
43	52	0.0288271
22	26	0.0284217
35	60	0.0283306
20	46	0.0282983
2	20	0.0281348
33	44	0.0279546
24	62	0.0279287
16	31	0.027917
4	27	0.0275334
13	57	0.027517
31	62	0.027438
34	56	0.0268393
9	15	0.0267675
34	57	0.0265558
11	62	0.0262751
14	34	0.0258038
28	60	0.0255624
5	63	0.0251455
14	56	0.0251127
41	63	0.0249267
40	44	0.0242753
58	62	0.0242432
40	56	0.024013
34	50	0.0239535
21	45	0.0235387
37	54	0.0235264
5	43	0.0233544
1	31	0.0233525
15	34	0.0232169
1	22	0.0230762
9	36	0.0230167
56	60	0.0227521
8	22	0.0227465
21	31	0.022711
51	56	0.0226905
28	35	0.0226759
20	53	0.022636
38	62	0.0213238
9	46	0.0211184
24	56	0.0209989
35	57	0.0207754
41	64	0.0206087
24	34	0.0199483
41	46	0.0199349
14	28	0.0197133
48	52	0.0196994
9	14	0.0196195
23	43	0.0195973
55	56	0.0195267
6	35	0.0193657
30	49	0.0193261
20	27	0.018922
11	46	0.0188359
56	58	0.0180017
28	29	0.0179747
30	40	0.0176094
9	26	0.0175612
28	51	0.017531
27	34	0.0169676
34	61	0.0167008
50	56	0.0162468
7	16	0.0161599
25	36	0.0161461
9	11	0.0158453
9	24	0.0156195
18	28	0.0155591
1	39	0.0154234
7	18	0.0150475
23	38	0.0143033
43	46	0.0142625
29	56	0.0140461
27	44	0.0139276
4	9	0.0137136
7	44	0.0136616
35	51	0.0135721
32	41	0.0135408
17	43	0.0132939
34	51	0.0132507
21	54	0.0129413
27	52	0.0127518
10	56	0.0125025
23	49	0.0122134
34	60	0.0121851
11	30	0.0119235
42	53	0.0116169
38	48	0.0113459
13	34	0.0110931
34	59	0.0108938
28	58	0.0106609
10	34	0.01046
31	46	0.0104533
31	33	0.0103928
36	56	0.0100994
26	28	0.0100109
16	42	0.00987557
44	46	0.00977249
15	21	0.0096324
11	39	0.00936028
24	28	0.00927497
28	54	0.00924154
1	27	0.00924128
2	23	0.00891648
21	55	0.00875218
25	59	0.00866447
35	40	0.00757378
34	40	0.00746358
32	52	0.00733573
40	61	0.00732294
26	64	0.00720897
5	32	0.00705626
34	55	0.00705144
42	45	0.00702965
27	41	0.00683151
31	43	0.00661433
18	41	0.00653481
28	61	0.00647099
7	8	0.00591834
9	27	0.0059171
33	64	0.00584805
1	53	0.00581381
21	24	0.00572508
38	39	0.00569264
7	11	0.00568888
15	56	0.00562527
30	38	0.00559195
16	27	0.00558848
53	62	0.00547209
37	50	0.00543484
9	61	0.00515899
27	47	0.00508791
21	29	0.00500914
34	54	0.00498606
7	27	0.00496684
18	43	0.00479105
35	44	0.00477718
39	61	0.00475048
11	48	0.0044788
11	13	0.0044637
3	30	0.00421445
11	23	0.00417994
33	47	0.004001
23	40	0.00338301
9	33	0.00310498
30	62	0.00305338
26	47	0.00293091
31	49	0.00292198
21	58	0.00289917
15	35	0.00289361
37	39	0.00285159
3	5	0.00267957
35	54	0.0026133
54	56	0.00240069
2	11	0.00222632
9	20	0.0021162
26	31	0.00187662
35	55	0.00149583
1	62	0.00147109
1	11	0.00126096
34	37	0.000881811
21	40	0.000589545
7	38	0.000560056
21	52	0.000542068
13	19	0.000411395
2	13	0.000246864
56	61	3.91207e-05
45	46	-0.000166386
32	54	-0.000353252
52	63	-0.000487106
21	56	-0.000631227
15	37	-0.00071528
37	58	-0.00112261
25	60	-0.00121194
32	51	-0.00140229
25	57	-0.00144547
9	29	-0.00170385
37	51	-0.00178085
14	25	-0.00179205
19	30	-0.00204839
9	34	-0.00236533
12	34	-0.00248476
15	32	-0.00263593
21	36	-0.00333648
20	41	-0.00345475
17	30	-0.00378429
12	21	-0.00392268
21	51	-0.00398596
47	52	-0.00402268
9	54	-0.00415241
32	55	-0.0041961
22	43	-0.00429318
26	49	-0.00446044
37	57	-0.00447901
53	56	-0.00453938
21	57	-0.00461818
41	43	-0.00488781
21	59	-0.00489893
10	37	-0.00495343
27	43	-0.00504293
7	22	-0.00504931
6	27	-0.00520774
12	25	-0.00525191
22	45	-0.00548521
24	37	-0.00596111
14	32	-0.00608716
24	32	-0.00620954
14	35	-0.00633047
39	57	-0.00667741
16	35	-0.00680959
32	57	-0.00681121
13	40	-0.00723116
10	39	-0.00740847
56	63	-0.00747578
8	54	-0.00749538
19	56	-0.00768073
18	37	-0.00770426
32	59	-0.00771644
39	52	-0.00781315
25	50	-0.00791644
37	60	-0.00799186
14	21	-0.0081616
36	37	-0.00832339
2	37	-0.00836837
10	21	-0.0084427
32	46	-0.00879353
1	40	-0.00922035
53	63	-0.00959803
27	38	-0.00967176
46	52	-0.00976
29	39	-0.0103402
32	58	-0.0105587
34	49	-0.0107008
21	50	-0.0107395
25	29	-0.0108905
11	27	-0.0109772
23	25	-0.011067
8	16	-0.0110939
18	38	-0.0117657
37	55	-0.0118379
12	35	-0.012113
6	26	-0.0123047
37	47	-0.0123574
31	53	-0.0125218
1	6	-0.0127344
34	38	-0.0129291
1	44	-0.0130613
1	47	-0.0130876
4	16	-0.0138192
3	28	-0.0138571
18	42	-0.0140777
21	60	-0.0141722
22	35	-0.014296
44	62	-0.0143379
24	25	-0.0145295
6	56	-0.0145315
42	63	-0.0145804
16	37	-0.01471
41	61	-0.0147279
5	25	-0.0148776
19	21	-0.0149319
19	49	-0.0149467
44	63	-0.0151917
40	41	-0.0154585
25	51	-0.0154678
6	34	-0.0155795
9	49	-0.0159071
32	36	-0.0161709
6	38	-0.0161991
25	58	-0.016596
11	44	-0.0168687
16	19	-0.0169713
4	34	-0.017085
42	48	-0.0172412
14	39	-0.0174957
44	48	-0.0178249
29	37	-0.0179067
1	37	-0.018029
32	50	-0.0181034
6	29	-0.0181565
32	38	-0.0185381
8	59	-0.0189911
25	40	-0.0194702
1	61	-0.0195634
11	32	-0.0195653
35	64	-0.019758
35	58	-0.0197841
5	64	-0.0198679
2	30	-0.0199277
48	56	-0.0200138
4	64	-0.0201107
39	59	-0.0202492
39	63	-0.0203283
25	41	-0.0203458
30	48	-0.0204691
31	35	-0.0205317
11	21	-0.0205617
32	60	-0.0206193
35	36	-0.0206919
27	62	-0.0207908
20	52	-0.0209671
24	35	-0.0209932
25	28	-0.021153
1	26	-0.0214403
14	37	-0.0216459
25	55	-0.021746
11	35	-0.021993
7	10	-0.0220467
7	59	-0.0221574
10	32	-0.0221726
11	56	-0.0222608
11	34	-0.0224415
44	45	-0.0224789
8	15	-0.022518
23	35	-0.0225271
19	43	-0.0225648
11	18	-0.0227927
29	35	-0.0228137
4	7	-0.0229028
16	33	-0.0232585
17	42	-0.023384
25	54	-0.0233894
39	51	-0.0234192
10	31	-0.0234755
3	23	-0.0235813
39	58	-0.0236235
8	58	-0.0239482
5	61	-0.0239686
36	40	-0.0240823
19	40	-0.0242078
35	56	-0.0242831
12	32	-0.0242888
14	40	-0.0244577
4	40	-0.0244883
22	53	-0.0245816
15	39	-0.0246138
6	12	-0.0250585
11	28	-0.025141
7	58	-0.025389
40	50	-0.0255382
20	44	-0.0256297
3	6	-0.0259369
12	37	-0.0259806
37	59	-0.0260426
29	32	-0.0261534
23	28	-0.0262063
1	38	-0.0262739
31	54	-0.0263519
39	60	-0.0265754
31	40	-0.0266316
40	54	-0.0268401
22	40	-0.0269762
8	50	-0.0270053
6	24	-0.0273431
40	53	-0.0275596
16	45	-0.0276198
10	35	-0.0277099
27	63	-0.0279387
22	49	-0.0281316
39	50	-0.0286663
3	41	-0.0288148
6	55	-0.0289287
24	40	-0.0289426
6	50	-0.0291314
52	61	-0.0291474
12	40	-0.0293681
39	54	-0.0296371
12	39	-0.0297325
40	51	-0.0297715
6	51	-0.0298668
7	31	-0.0301872
8	14	-0.0302765
38	40	-0.0303293
16	25	-0.0305498
6	59	-0.030657
16	62	-0.0307224
22	55	-0.0307372
8	19	-0.0308878
31	50	-0.0310193
35	59	-0.0310299
36	39	-0.0311379
6	60	-0.0314468
9	23	-0.0314934
40	58	-0.0315984
33	38	-0.0316275
2	27	-0.0317974
13	27	-0.03194
6	57	-0.0320763
7	15	-0.0321054
15	27	-0.0321768
26	53	-0.0322359
41	56	-0.0322518
22	57	-0.0326391
4	37	-0.0326567
2	49	-0.0328069
8	30	-0.0329344
37	42	-0.0329479
24	39	-0.0330161
16	39	-0.0332234
18	32	-0.0334394
15	40	-0.0335112
4	38	-0.0336092
16	40	-0.0338874
40	55	-0.0339456
8	36	-0.0342013
20	26	-0.0343444
21	64	-0.0345474
5	7	-0.0345593
31	57	-0.0349652
22	24	-0.0351525
13	53	-0.0352247
23	64	-0.0353368
15	25	-0.0353888
20	35	-0.0355176
2	63	-0.0355915
22	51	-0.0356027
20	32	-0.0356424
17	51	-0.035848
29	31	-0.0360579
35	50	-0.036356
5	46	-0.0363923
45	61	-0.0365148
30	44	-0.0367108
8	12	-0.0367412
23	62	-0.0367628
31	36	-0.0368195
25	38	-0.0371816
40	60	-0.0372902
6	32	-0.0373404
7	36	-0.0374992
41	49	-0.0375327
12	22	-0.0377199
23	48	-0.0377899
6	47	-0.0380375
4	18	-0.0381272
11	45	-0.0382541
26	29	-0.0385051
11	64	-0.0385337
22	60	-0.0386427
10	27	-0.0387036
40	57	-0.0388089
40	59	-0.0388394
8	11	-0.0389358
22	37	-0.0389495
19	24	-0.0390977
14	22	-0.0391094
6	7	-0.0393057
15	31	-0.0393503
6	14	-0.0394899
33	39	-0.0395081
31	55	-0.0395678
7	54	-0.0397309
17	60	-0.0397383
27	53	-0.0398632
29	40	-0.0399002
22	59	-0.0400714
9	30	-0.0401725
6	22	-0.0402151
34	48	-0.0402357
27	54	-0.0402434
6	15	-0.0402747
35	61	-0.0406288
11	19	-0.0406632
7	19	-0.0408482
62	64	-0.0408903
21	38	-0.04147
21	41	-0.0423794
17	50	-0.0424702
8	55	-0.0425283
8	61	-0.0425361
10	40	-0.04261
39	55	-0.0426626
17	33	-0.0428015
20	38	-0.0428122
6	10	-0.0428361
40	52	-0.0429922
31	48	-0.0430754
6	31	-0.0430876
33	43	-0.0432431
11	25	-0.0433403
31	51	-0.043481
7	55	-0.0435049
7	29	-0.0436527
8	60	-0.0436667
8	29	-0.0438756
26	38	-0.0439271
21	34	-0.0441153
30	46	-0.0442772
22	58	-0.0444236
15	26	-0.0445714
37	61	-0.0451421
22	27	-0.0455179
9	62	-0.0455636
8	10	-0.0456653
8	57	-0.0457865
11	43	-0.0460647
11	37	-0.0460818
6	36	-0.0462124
2	56	-0.0465011
7	50	-0.0465264
8	24	-0.0468964
24	46	-0.0471407
20	23	-0.0473609
21	48	-0.047615
12	31	-0.0476673
38	42	-0.0476781
16	23	-0.0477558
6	13	-0.0478731
20	59	-0.0480732
24	31	-0.0480916
27	31	-0.0481546
46	58	-0.0481854
2	26	-0.0487802
46	48	-0.0489463
35	62	-0.0493316
3	64	-0.0493329
6	58	-0.0494101
6	43	-0.0494833
25	43	-0.0496668
8	31	-0.0496885
7	24	-0.049768
7	60	-0.049788
7	45	-0.0498677
27	32	-0.0503016
31	37	-0.0504042
9	39	-0.050432
18	27	-0.0505518
28	38	-0.0506309
21	39	-0.0509046
8	51	-0.0511594
9	48	-0.0512087
25	35	-0.0513856
3	8	-0.0514712
22	29	-0.0515723
34	42	-0.0515729
14	31	-0.051742
40	63	-0.0517525
15	22	-0.0518095
5	36	-0.0518595
6	54	-0.0518816
25	61	-0.0521624
11	42	-0.052221
1	60	-0.0524492
31	58	-0.0524746
22	61	-0.0524823
5	8	-0.0527026
20	56	-0.0530396
1	59	-0.0531869
20	47	-0.0532043
5	28	-0.0532517
22	50	-0.0532779
9	45	-0.0532821
26	32	-0.0533001
25	30	-0.0533138
26	58	-0.0534264
1	63	-0.0534378
24	33	-0.0537014
14	27	-0.053803
24	26	-0.0540842
40	43	-0.0542004
27	40	-0.0542167
27	36	-0.0542474
17	54	-0.0543443
2	4	-0.0543931
7	51	-0.0545906
7	12	-0.0547194
10	22	-0.0547482
19	61	-0.054856
1	14	-0.0552858
26	61	-0.0553279
27	51	-0.0553588
19	50	-0.055393
35	63	-0.0557076
39	40	-0.0558694
26	60	-0.0559067
61	64	-0.055935
2	60	-0.0560264
38	46	-0.0560344
19	25	-0.0561703
14	20	-0.056444
38	45	-0.0565633
19	60	-0.0566553
12	52	-0.0568813
27	60	-0.0568819
25	44	-0.0569708
29	46	-0.0569899
27	29	-0.0570203
32	34	-0.0572577
7	57	-0.0573053
22	36	-0.0573449
24	41	-0.0574607
56	64	-0.0576301
17	55	-0.0576595
1	29	-0.0577589
4	63	-0.0578261
45	51	-0.0579007
8	48	-0.0580501
27	50	-0.0583259
8	47	-0.0584445
49	63	-0.0586795
7	14	-0.0588955
21	27	-0.0589125
22	52	-0.0591235
15	17	-0.0591431
19	54	-0.0592601
26	54	-0.0592935
31	59	-0.059553
27	45	-0.0595544
3	11	-0.0597175
1	21	-0.059768
9	21	-0.0598724
35	48	-0.0600805
19	51	-0.060084
19	32	-0.060088
52	54	-0.0602882
20	57	-0.0604835
10	20	-0.0605992
22	54	-0.060616
17	63	-0.0607408
38	64	-0.0607886
20	36	-0.0610393
2	29	-0.0611445
2	54	-0.0615054
46	60	-0.0621333
5	18	-0.0621403
5	29	-0.0622372
20	51	-0.0624555
6	25	-0.0625194
12	20	-0.0630549
40	45	-0.0631193
27	48	-0.0631511
19	59	-0.0634719
8	23	-0.0634958
15	45	-0.0635259
36	64	-0.0636063
27	59	-0.0636274
41	47	-0.0636784
27	61	-0.0637903
20	30	-0.0638297
20	50	-0.0639293
54	63	-0.0641354
31	60	-0.064467
20	29	-0.0645167
17	36	-0.0647246
24	27	-0.065042
53	60	-0.06533
10	63	-0.0655125
37	43	-0.0658009
2	38	-0.0658961
27	57	-0.0659508
19	55	-0.0660377
10	64	-0.0660803
1	10	-0.066208
6	45	-0.0662124
40	64	-0.0662126
30	34	-0.0665654
6	39	-0.0665819
16	38	-0.0667407
27	58	-0.0669132
7	20	-0.066978
14	64	-0.0669928
53	58	-0.0671165
31	61	-0.0672835
6	63	-0.0674324
10	26	-0.0674819
36	46	-0.0675504
45	54	-0.0675643
29	41	-0.0676303
44	60	-0.0678149
20	61	-0.0679928
17	59	-0.0680226
1	54	-0.068074
20	54	-0.0681776
2	51	-0.0682344
32	39	-0.0682576
60	64	-0.0682834
2	41	-0.0683049
3	40	-0.0686185
29	42	-0.0687082
11	52	-0.0687395
7	40	-0.0687834
13	23	-0.0689226
19	31	-0.0689247
1	51	-0.0691011
45	59	-0.0693334
27	49	-0.0693616
20	40	-0.0694559
20	60	-0.0695005
1	5	-0.0695711
39	56	-0.0697509
42	44	-0.0697703
54	64	-0.0700367
13	63	-0.0700895
3	38	-0.070276
9	41	-0.0704494
15	53	-0.0704626
2	25	-0.0704739
26	55	-0.0707021
15	20	-0.070833
51	52	-0.0708665
37	53	-0.0710978
3	35	-0.0711103
17	57	-0.0711912
28	39	-0.0714945
11	31	-0.0719359
19	63	-0.0719978
43	45	-0.072043
9	32	-0.0722411
2	10	-0.0722478
53	54	-0.0722576
43	61	-0.0724073
2	24	-0.0725298
26	36	-0.0725644
24	42	-0.0725804
46	57	-0.0727066
22	48	-0.072754
20	58	-0.0728016
9	25	-0.0728957
41	59	-0.0729848
18	30	-0.0732219
6	19	-0.0734026
41	48	-0.0734567
17	58	-0.0734605
38	43	-0.0735274
1	32	-0.0735592
47	54	-0.0736341
11	22	-0.0736457
22	62	-0.0737067
38	63	-0.0737324
1	12	-0.0738032
27	55	-0.0738586
20	24	-0.073975
5	24	-0.0739952
28	40	-0.0740338
41	58	-0.074072
38	52	-0.0741447
26	51	-0.0742193
28	30	-0.0745648
8	17	-0.0746311
36	63	-0.0746439
25	62	-0.0746446
23	44	-0.0746639
20	21	-0.0746657
31	52	-0.0748977
29	33	-0.0750145
28	43	-0.0750318
11	26	-0.0753134
11	47	-0.0753594
9	43	-0.0756702
24	44	-0.0757436
50	63	-0.0758241
1	41	-0.075951
45	50	-0.0760306
23	56	-0.0762509
5	14	-0.0762909
28	62	-0.0763149
41	60	-0.0766933
39	43	-0.0769555
17	35	-0.0771338
14	26	-0.0771387
33	50	-0.0772024
1	50	-0.0773591
29	63	-0.0773729
23	32	-0.0774215
11	41	-0.0774732
29	64	-0.0775154
5	19	-0.0775802
12	19	-0.0775967
12	44	-0.0776312
3	53	-0.0777468
18	21	-0.0778553
10	46	-0.0779511
9	63	-0.0780714
20	25	-0.0781522
46	50	-0.0781838
5	6	-0.0783959
1	15	-0.0784459
18	54	-0.0786406
18	36	-0.0786768
59	64	-0.0786787
4	28	-0.0787082
3	14	-0.0787801
19	38	-0.0789434
5	59	-0.0790355
38	44	-0.0791164
44	55	-0.0791274
12	17	-0.0791369
26	50	-0.0792643
21	23	-0.0793333
15	18	-0.0793689
12	27	-0.0794048
46	55	-0.0794109
46	54	-0.079637
11	63	-0.0796397
26	59	-0.0799336
15	52	-0.080133
53	55	-0.0801577
45	60	-0.080322
5	15	-0.0804686
23	34	-0.0804912
22	38	-0.0805856
49	56	-0.0806886
16	29	-0.0807487
52	59	-0.0808348
52	60	-0.0809401
14	43	-0.0812199
38	41	-0.0813393
4	20	-0.0813555
18	51	-0.0813681
45	58	-0.0815063
12	53	-0.0815079
19	29	-0.0816339
13	30	-0.0817297
24	43	-0.0817826
2	50	-0.0818278
1	58	-0.0818345
9	47	-0.0818437
18	24	-0.0819359
24	63	-0.0820121
31	38	-0.0822653
34	44	-0.0823997
12	64	-0.0824338
19	36	-0.0825944
6	48	-0.0829335
38	53	-0.0830679
16	55	-0.0834957
2	61	-0.0835165
24	45	-0.0836049
42	59	-0.0836075
14	17	-0.0837029
42	61	-0.0839196
10	18	-0.0839371
15	64	-0.083939
13	39	-0.0840614
41	62	-0.0843262
36	53	-0.084371
20	48	-0.0843975
19	57	-0.0845233
44	61	-0.0845636
14	18	-0.0846015
20	55	-0.0846238
47	50	-0.084668
37	46	-0.0848691
5	9	-0.084893
19	58	-0.0849061
44	53	-0.0852726
29	47	-0.0853166
51	53	-0.085393
1	52	-0.0854468
5	11	-0.0855833
52	57	-0.0855934
52	55	-0.0859305
23	52	-0.0860347
37	41	-0.086063
39	45	-0.0861197
14	41	-0.0862402
16	30	-0.0863366
1	36	-0.0865581
43	54	-0.0865652
14	63	-0.0866611
2	58	-0.0867423
6	52	-0.0868872
5	10	-0.086936
7	56	-0.0870442
24	52	-0.0873668
10	17	-0.0874513
29	44	-0.0874729
45	53	-0.0876838
36	45	-0.0876868
2	14	-0.087803
10	53	-0.0879021
44	59	-0.0879261
15	19	-0.0879804
30	56	-0.08808
24	64	-0.088159
20	43	-0.088198
51	64	-0.0882233
58	63	-0.088382
45	55	-0.0885251
55	63	-0.0889429
18	50	-0.0890151
22	56	-0.0890237
14	19	-0.0890521
41	45	-0.0892045
14	47	-0.0892182
46	51	-0.0892746
16	26	-0.0894533
6	30	-0.0896972
13	20	-0.0898233
17	24	-0.0898357
3	61	-0.0898629
12	26	-0.0900661
28	56	-0.0902439
1	55	-0.0902745
10	44	-0.0906613
18	59	-0.0907743
5	54	-0.0909284
57	63	-0.0912007
23	39	-0.0912164
43	48	-0.0912521
1	24	-0.0914716
18	29	-0.0915024
29	45	-0.0917053
11	17	-0.0917109
44	58	-0.0918006
25	52	-0.0919002
5	55	-0.0921418
2	55	-0.0921876
59	63	-0.0923718
35	53	-0.0923725
44	50	-0.0924856
38	47	-0.0925153
5	37	-0.0927052
2	57	-0.0928122
7	13	-0.0929441
2	36	-0.0929528
18	56	-0.0929723
5	38	-0.093094
13	31	-0.0932143
14	45	-0.0933614
12	63	-0.093415
24	47	-0.0934355
18	23	-0.0936004
1	57	-0.0936346
47	61	-0.0936533
39	62	-0.0936639
36	52	-0.0937847
41	51	-0.0938381
3	27	-0.0938828
12	46	-0.0939648
14	53	-0.0940204
6	18	-0.0940512
50	64	-0.0940798
10	47	-0.0942352
36	47	-0.0943274
11	16	-0.0943829
33	58	-0.0943944
5	21	-0.0945067
1	35	-0.0945232
18	61	-0.0947725
46	59	-0.0947915
42	51	-0.0949179
16	36	-0.0950987
41	44	-0.0951171
5	50	-0.0951315
13	28	-0.0951954
14	52	-0.0952088
5	51	-0.0953077
5	47	-0.0953636
4	29	-0.095965
4	14	-0.0960353
2	46	-0.096105
12	18	-0.096604
17	29	-0.0968154
12	45	-0.0968967
52	58	-0.0970725
44	54	-0.0971695
41	50	-0.0972533
44	51	-0.0972706
9	16	-0.0974247
10	45	-0.0974866
28	42	-0.0978014
2	59	-0.0979878
26	44	-0.0980093
53	57	-0.0980657
5	58	-0.098084
18	57	-0.0982696
5	12	-0.0983366
43	59	-0.0984869
26	57	-0.0988493
21	42	-0.0990088
5	57	-0.0991289
29	43	-0.0991396
55	64	-0.0994292
33	36	-0.099569
18	60	-0.0996455
1	23	-0.0996626
42	54	-0.0997356
16	51	-0.0997676
18	55	-0.0999514
29	52	-0.100115
5	62	-0.100597
9	42	-0.100643
3	24	-0.100775
7	61	-0.100856
2	12	-0.100894
10	41	-0.101029
7	34	-0.101243
15	46	-0.10126
3	59	-0.101406
50	52	-0.101445
10	52	-0.10155
18	45	-0.10161
9	52	-0.101678
28	49	-0.101678
14	46	-0.101765
30	32	-0.102153
9	18	-0.102248
32	43	-0.102358
43	51	-0.102465
4	21	-0.102552
15	44	-0.10272
3	9	-0.102967
10	19	-0.103041
2	15	-0.103136
5	60	-0.103164
6	23	-0.103165
42	60	-0.103201
32	64	-0.103293
30	39	-0.103363
51	63	-0.103432
22	42	-0.103597
8	32	-0.103638
21	43	-0.103859
13	22	-0.104025
18	58	-0.104119
58	64	-0.104189
11	20	-0.104198
15	63	-0.10446
41	54	-0.104543
33	51	-0.104548
21	30	-0.105097
43	58	-0.105339
36	42	-0.105633
42	58	-0.10565
4	61	-0.105753
34	62	-0.105783
42	50	-0.105928
46	61	-0.105956
12	43	-0.105982
10	43	-0.106171
43	60	-0.106261
6	64	-0.106332
33	54	-0.106496
4	24	-0.106513
32	48	-0.106579
33	59	-0.106722
1	19	-0.106755
3	46	-0.1071
26	56	-0.107128
34	64	-0.107183
19	22	-0.10756
2	40	-0.107645
14	42	-0.107719
36	41	-0.107781
4	59	-0.107843
4	15	-0.107891
39	42	-0.107961
8	62	-0.108072
16	50	-0.108159
21	28	-0.108536
53	59	-0.108574
60	63	-0.108612
25	45	-0.10875
21	46	-0.108915
16	32	-0.109086
36	44	-0.109201
1	7	-0.109205
15	43	-0.109329
45	57	-0.109486
33	60	-0.109986
21	62	-0.110335
36	43	-0.110414
8	27	-0.11047
16	24	-0.110511
5	17	-0.110568
15	41	-0.110571
47	51	-0.111057
12	16	-0.111372
47	59	-0.111755
15	47	-0.111825
4	36	-0.111907
12	41	-0.112185
44	57	-0.112251
16	60	-0.112304
47	60	-0.112307
14	44	-0.112336
50	53	-0.112404
14	33	-0.113002
7	62	-0.113084
39	48	-0.113171
41	57	-0.113225
1	18	-0.113298
3	19	-0.113407
4	22	-0.113673
26	48	-0.11383
1	30	-0.11385
4	60	-0.113905
28	48	-0.114079
10	42	-0.114102
29	53	-0.114343
11	53	-0.114627
26	30	-0.115013
33	61	-0.115056
45	47	-0.115112
41	55	-0.115204
8	41	-0.115428
23	46	-0.115518
3	51	-0.115797
61	63	-0.115973
3	10	-0.116372
25	48	-0.11641
3	60	-0.116419
45	56	-0.116599
6	20	-0.116664
11	33	-0.116882
3	29	-0.117321
3	36	-0.11733
15	33	-0.117376
17	38	-0.117997
4	55	-0.118194
30	47	-0.118202
43	50	-0.11837
5	44	-0.11857
31	56	-0.118825
47	58	-0.119021
16	58	-0.119182
43	57	-0.119185
33	55	-0.119229
9	44	-0.119564
12	33	-0.119918
37	45	-0.120104
45	52	-0.120106
3	54	-0.120421
14	16	-0.121125
3	20	-0.121156
30	45	-0.121579
8	45	-0.12165
9	31	-0.121826
27	56	-0.122266
57	64	-0.122329
15	16	-0.122341
4	50	-0.122439
8	35	-0.122474
16	59	-0.122788
4	54	-0.122862
33	57	-0.123229
4	12	-0.123246
6	44	-0.123629
4	11	-0.124215
16	57	-0.124293
3	58	-0.124301
16	61	-0.124531
13	44	-0.124639
48	53	-0.124756
32	42	-0.125163
10	16	-0.125549
6	62	-0.125751
3	25	-0.125958
7	64	-0.126139
13	25	-0.126192
3	37	-0.126355
47	57	-0.126356
16	54	-0.126935
3	55	-0.127071
24	53	-0.127395
3	50	-0.127433
43	55	-0.127555
23	41	-0.127614
7	23	-0.127838
4	51	-0.127891
20	42	-0.128161
30	63	-0.128341
5	16	-0.128565
12	47	-0.128724
15	42	-0.128831
3	12	-0.128845
43	56	-0.1295
4	17	-0.129516
4	10	-0.129567
30	42	-0.12963
40	49	-0.129656
17	61	-0.130111
4	30	-0.130216
10	33	-0.130581
18	62	-0.13067
2	18	-0.130916
21	49	-0.130964
16	34	-0.131116
25	56	-0.131158
13	18	-0.131462
37	44	-0.131484
17	22	-0.131567
7	30	-0.131625
3	57	-0.131721
32	45	-0.131748
19	42	-0.131837
20	22	-0.131993
28	32	-0.132088
53	61	-0.132124
12	42	-0.132575
47	55	-0.132859
28	34	-0.133042
42	55	-0.133475
42	57	-0.133612
3	39	-0.133828
3	15	-0.134405
9	22	-0.134489
30	52	-0.135211
39	49	-0.135481
23	63	-0.135694
4	58	-0.135754
34	43	-0.135822
9	53	-0.135875
13	64	-0.136396
2	53	-0.136953
19	41	-0.137028
4	57	-0.137504
28	31	-0.137518
16	21	-0.137877
32	62	-0.139065
19	48	-0.139087
17	31	-0.139151
18	35	-0.139304
4	23	-0.140171
2	34	-0.140226
23	33	-0.140537
6	28	-0.140656
42	49	-0.140718
39	46	-0.14106
3	33	-0.141495
1	34	-0.141541
1	9	-0.141754
9	28	-0.142397
32	49	-0.144601
34	46	-0.145626
37	63	-0.145644
4	31	-0.146138
5	27	-0.146474
23	45	-0.146612
6	49	-0.14936
2	42	-0.149519
4	53	-0.149728
32	44	-0.150974
18	40	-0.152373
22	34	-0.152426
31	47	-0.152431
44	56	-0.152577
3	21	-0.153102
8	21	-0.153182
31	34	-0.15419
25	42	-0.154226
4	26	-0.15467
22	47	-0.155481
25	39	-0.156547
37	48	-0.156582
2	8	-0.157222
30	41	-0.157315
49	64	-0.157358
23	26	-0.157693
3	32	-0.159116
21	26	-0.159125
2	5	-0.159769
16	64	-0.159991
4	32	-0.16051
2	62	-0.16067
13	41	-0.160937
37	49	-0.161025
31	42	-0.161099
6	41	-0.161211
21	44	-0.161548
42	64	-0.162135
33	56	-0.162354
23	42	-0.162475
32	37	-0.162623
4	52	-0.163105
43	53	-0.165524
22	39	-0.166777
16	41	-0.168923
30	33	-0.169219
43	62	-0.16973
20	31	-0.170302
4	39	-0.170591
17	56	-0.171084
2	9	-0.171516
4	49	-0.17328
21	37	-0.173406
39	64	-0.173535
26	52	-0.173642
16	44	-0.173644
40	48	-0.174097
40	62	-0.175342
7	42	-0.176621
5	30	-0.177331
4	46	-0.177341
17	62	-0.178143
9	17	-0.179802
35	43	-0.180764
5	53	-0.181805
33	48	-0.181959
3	34	-0.182084
52	62	-0.182236
7	21	-0.18302
30	53	-0.183627
4	19	-0.183974
23	47	-0.187076
19	52	-0.187092
28	41	-0.187188
2	16	-0.188391
5	23	-0.188649
19	62	-0.19072
4	25	-0.190782
31	63	-0.192113
2	6	-0.193087
42	46	-0.194198
7	32	-0.194639
13	33	-0.196837
22	28	-0.197525
34	63	-0.198723
28	53	-0.199351
41	53	-0.199891
2	21	-0.201575
33	49	-0.201999
3	56	-0.204547
26	42	-0.206606
22	63	-0.206641
17	49	-0.206864
32	47	-0.207573
35	41	-0.207986
1	56	-0.208763
31	39	-0.209434
5	45	-0.210974
1	4	-0.211255
13	43	-0.212061
3	49	-0.212175
13	46	-0.212842
23	53	-0.214292
1	42	-0.214342
18	34	-0.214343
1	13	-0.218271
3	62	-0.219717
13	45	-0.225931
21	47	-0.226767
13	26	-0.227869
17	48	-0.229788
19	35	-0.229949
16	28	-0.232585
49	52	-0.23274
8	44	-0.233673
8	43	-0.233959
2	32	-0.236022
17	40	-0.236046
33	62	-0.23635
35	46	-0.24137
7	43	-0.243933
2	48	-0.243941
40	47	-0.244222
13	17	-0.247713
17	37	-0.250021
43	49	-0.25044
3	48	-0.250707
33	35	-0.252087
6	17	-0.253029
44	49	-0.25554
3	13	-0.257738
42	52	-0.258417
5	35	-0.259611
2	64	-0.265045
47	56	-0.271441
46	56	-0.277397
13	47	-0.280293
1	64	-0.281258
28	63	-0.283585