#==========================================================================
# The first and second rows contain site pairs (i, j) such that j > i
# The third row contains coevolutionary scores obtained 
# using Boltzmann learning algorithm.
# Note that in this data sites are counted/labelled starting from 1
#==========================================================================
13	19	3.02964
12	20	2.78272
75	82	2.77996
14	18	2.66836
76	81	2.16689
73	84	2.15103
74	83	2.13486
32	40	2.06787
31	41	1.8726
23	49	1.74086
2	70	1.64866
29	44	1.57808
10	21	1.54807
1	71	1.38589
22	50	1.2783
15	17	0.907237
5	67	0.753818
38	93	0.703654
55	67	0.620056
53	55	0.5844
51	53	0.577527
36	95	0.555909
77	80	0.512318
87	90	0.503881
6	7	0.497316
30	31	0.494877
92	95	0.491484
34	35	0.488005
12	19	0.482286
30	87	0.479669
29	30	0.477312
19	20	0.476468
7	55	0.457728
22	51	0.452438
57	58	0.448317
56	65	0.432714
30	41	0.428468
56	59	0.422566
30	44	0.41518
35	92	0.412884
37	94	0.40847
89	90	0.402135
15	16	0.401266
52	57	0.393765
1	50	0.389713
11	12	0.386376
29	31	0.380002
31	38	0.377584
35	36	0.376753
89	94	0.375265
32	39	0.373418
30	42	0.370075
36	77	0.362019
37	38	0.358673
14	49	0.358249
16	17	0.357913
82	84	0.357437
49	83	0.3526
11	20	0.350901
6	80	0.344241
34	36	0.343589
43	54	0.343492
43	88	0.343339
49	50	0.342812
23	50	0.340323
1	16	0.335606
49	74	0.334805
5	54	0.332977
18	49	0.326696
79	91	0.315798
36	38	0.314437
23	32	0.312983
92	94	0.312338
10	11	0.312185
34	79	0.310268
32	49	0.306141
14	23	0.303455
29	41	0.302151
52	56	0.299305
93	94	0.29608
54	80	0.294438
12	13	0.292102
51	66	0.291896
38	41	0.291152
52	64	0.289954
90	92	0.289196
21	93	0.286605
18	23	0.286259
3	69	0.282584
23	74	0.280229
53	80	0.279244
52	58	0.277937
36	96	0.276516
56	57	0.276295
6	55	0.275316
87	88	0.275216
95	96	0.272959
32	38	0.269914
56	64	0.262921
35	67	0.260866
71	84	0.260314
59	64	0.258938
32	35	0.258368
31	44	0.256336
79	80	0.25624
13	20	0.256031
62	63	0.253658
37	95	0.252728
14	55	0.252086
35	96	0.250905
35	79	0.249501
38	92	0.248188
87	89	0.247591
54	88	0.24634
23	83	0.245514
6	36	0.243593
58	63	0.242371
77	94	0.242364
63	66	0.241631
12	79	0.241306
91	92	0.237994
5	21	0.237597
42	87	0.237177
5	35	0.236541
78	94	0.235418
18	55	0.234752
90	94	0.233584
70	75	0.233373
36	41	0.232579
34	66	0.232486
88	92	0.231917
78	92	0.231625
21	65	0.229649
59	62	0.229616
42	81	0.228835
7	96	0.228514
64	65	0.228081
39	92	0.227367
38	94	0.227331
58	91	0.225836
71	73	0.224287
43	87	0.223658
51	78	0.222694
77	78	0.221832
80	96	0.221073
33	39	0.220779
50	65	0.219154
91	95	0.218617
10	93	0.218132
17	36	0.217915
7	53	0.217304
31	90	0.21696
35	38	0.216869
33	93	0.216529
31	42	0.216272
55	96	0.21619
11	42	0.216157
35	53	0.215903
23	31	0.214799
26	27	0.214675
35	77	0.214563
22	53	0.214544
57	65	0.21454
58	65	0.212894
12	83	0.212277
36	94	0.211972
64	80	0.211441
40	70	0.210399
24	48	0.210205
22	91	0.210162
22	88	0.209585
4	26	0.209312
52	91	0.208158
43	80	0.208148
28	45	0.208136
31	89	0.207008
34	77	0.206936
66	94	0.205279
5	71	0.204871
2	22	0.204506
75	92	0.203348
9	26	0.203088
34	65	0.202605
54	79	0.202179
12	74	0.201939
41	44	0.201487
51	79	0.201396
4	25	0.201357
14	54	0.200698
27	47	0.20045
6	67	0.200309
42	94	0.200283
20	37	0.199866
25	27	0.199833
2	40	0.199638
15	20	0.199303
31	88	0.199261
80	95	0.199151
5	6	0.199124
29	74	0.198839
5	81	0.198682
70	78	0.198668
16	39	0.198607
73	82	0.198513
9	27	0.198056
24	27	0.197842
21	78	0.197577
29	89	0.197363
23	40	0.197345
56	61	0.197224
9	47	0.196696
32	33	0.196623
88	96	0.195799
58	78	0.195575
51	65	0.195182
29	83	0.194926
33	59	0.194779
31	49	0.19471
11	14	0.194102
22	70	0.193823
25	47	0.193087
11	21	0.193068
41	74	0.19266
34	92	0.192375
35	95	0.192346
9	68	0.191814
27	68	0.191724
1	20	0.191475
20	74	0.19099
25	68	0.190902
34	95	0.190465
47	68	0.190357
58	80	0.189783
63	78	0.18956
4	9	0.18871
47	72	0.188528
74	75	0.188355
9	46	0.188281
37	92	0.188216
56	62	0.188103
68	72	0.187771
16	19	0.18776
58	59	0.187356
46	47	0.187299
26	47	0.187169
21	54	0.186958
52	59	0.186915
6	94	0.186308
39	88	0.186045
26	68	0.185742
32	37	0.185665
11	50	0.185647
53	77	0.185353
11	52	0.185047
4	45	0.184824
45	68	0.184642
17	65	0.184509
26	28	0.184353
24	47	0.184059
4	72	0.183416
25	26	0.183149
75	84	0.182458
20	22	0.182369
4	46	0.181046
21	50	0.180869
25	46	0.180826
19	63	0.18073
32	67	0.180112
10	42	0.179339
4	24	0.179132
15	18	0.178918
32	91	0.17888
5	77	0.178875
67	95	0.178835
9	25	0.178604
53	54	0.178442
9	85	0.178428
30	83	0.178296
71	88	0.178129
8	47	0.178035
42	53	0.177994
53	96	0.177906
4	47	0.177674
25	28	0.177378
83	96	0.176016
6	16	0.174899
57	62	0.174867
30	74	0.174814
25	85	0.174321
7	51	0.173946
34	52	0.173789
24	26	0.173732
65	93	0.173646
36	80	0.173507
26	48	0.173128
39	91	0.1731
74	78	0.172822
61	62	0.17282
4	68	0.172778
38	40	0.172664
33	64	0.172516
66	81	0.172422
6	37	0.17218
26	45	0.171957
25	45	0.171826
10	54	0.171712
27	48	0.171652
46	68	0.171518
27	28	0.171498
76	93	0.171452
34	57	0.171272
4	27	0.170957
47	86	0.170794
24	25	0.170619
1	5	0.170411
34	53	0.169874
9	45	0.16945
39	95	0.169369
46	48	0.169159
89	92	0.169095
27	72	0.16876
26	46	0.168219
28	47	0.16817
36	93	0.168006
25	72	0.167601
35	81	0.16716
64	95	0.166845
41	49	0.166806
27	45	0.166787
62	64	0.166623
45	47	0.166562
24	72	0.166477
77	81	0.16646
41	90	0.166446
47	85	0.166276
25	48	0.166192
21	23	0.16617
8	25	0.166018
71	94	0.166003
21	31	0.165525
24	68	0.165358
12	92	0.165223
73	74	0.165094
4	85	0.165043
17	34	0.164786
15	79	0.164661
26	72	0.164462
9	28	0.164434
9	24	0.163873
5	18	0.163697
54	77	0.163626
27	46	0.163601
27	85	0.16348
9	72	0.163421
30	53	0.163191
41	77	0.163183
50	57	0.163115
48	72	0.16286
24	45	0.162795
52	65	0.162749
74	80	0.162592
55	89	0.162448
16	78	0.162121
48	68	0.160901
8	26	0.160823
3	27	0.160712
15	96	0.160297
55	82	0.160215
28	72	0.16
75	87	0.15973
9	48	0.15947
11	57	0.15864
25	69	0.158631
91	94	0.158591
5	14	0.158353
11	35	0.158164
68	69	0.157763
60	96	0.157358
8	9	0.157289
53	81	0.157212
39	49	0.156979
8	27	0.156817
60	63	0.156619
10	39	0.156562
45	72	0.156009
40	49	0.155826
74	95	0.155774
11	55	0.155448
22	40	0.155325
54	55	0.155191
5	34	0.15509
73	75	0.154913
3	43	0.154562
68	85	0.15448
47	48	0.154345
18	54	0.154261
79	87	0.153878
67	87	0.153732
24	46	0.153536
44	74	0.153431
52	82	0.152852
40	89	0.152742
13	51	0.152419
66	78	0.152372
7	37	0.152328
26	86	0.152304
9	69	0.152247
4	8	0.152091
58	90	0.151932
45	48	0.15184
4	28	0.151765
27	69	0.151656
24	69	0.151357
43	82	0.151297
23	63	0.151285
46	69	0.151123
5	55	0.151027
6	17	0.150691
75	76	0.150632
26	69	0.150515
45	46	0.150476
51	55	0.150352
28	68	0.149941
89	96	0.149893
51	62	0.14978
2	75	0.149461
17	20	0.149419
17	52	0.149397
48	85	0.14923
3	26	0.148875
20	79	0.148861
28	46	0.148861
26	85	0.148784
53	67	0.148745
64	88	0.14861
4	48	0.148488
45	85	0.148195
15	66	0.148093
9	86	0.148038
92	96	0.14797
3	9	0.147675
51	52	0.147669
11	33	0.147445
24	43	0.146752
58	89	0.146686
16	54	0.146453
43	78	0.146338
76	77	0.146147
15	56	0.145981
80	84	0.145938
8	68	0.145886
10	92	0.145794
27	86	0.145758
4	69	0.145639
45	86	0.145323
8	46	0.145137
62	66	0.14499
23	41	0.144635
42	96	0.144383
3	25	0.14435
57	64	0.144287
3	72	0.144266
54	92	0.143922
57	71	0.143632
1	15	0.143594
2	37	0.143516
24	28	0.143234
81	93	0.14315
25	86	0.14311
46	72	0.14294
22	34	0.142788
1	81	0.14278
24	85	0.14268
20	83	0.142557
73	83	0.142275
38	53	0.142226
8	24	0.142088
3	68	0.14208
6	51	0.141679
75	83	0.141562
37	84	0.141449
8	28	0.141445
6	77	0.141349
28	48	0.141309
89	93	0.141164
28	85	0.141007
1	22	0.140969
4	86	0.140874
10	76	0.140857
34	50	0.140609
8	48	0.140579
21	57	0.14022
14	63	0.140152
5	7	0.139868
65	95	0.1394
41	73	0.139392
35	37	0.139086
28	69	0.139039
43	69	0.138703
6	78	0.138655
61	63	0.138642
52	63	0.138582
67	92	0.13844
60	79	0.138293
21	41	0.137963
44	83	0.137885
3	46	0.137761
69	72	0.13754
47	69	0.137091
88	94	0.136927
54	95	0.136701
8	72	0.136674
50	51	0.136648
8	45	0.136494
72	85	0.136185
16	32	0.13603
39	41	0.135835
31	39	0.135542
14	44	0.135381
14	52	0.135365
69	85	0.135184
40	93	0.134452
57	59	0.13424
7	65	0.134163
46	85	0.133944
66	75	0.133942
68	86	0.133467
57	93	0.133242
3	4	0.133212
3	47	0.13285
66	93	0.132633
67	91	0.132493
57	91	0.132168
88	89	0.131726
32	34	0.131663
18	62	0.131467
8	85	0.131208
45	69	0.131
30	40	0.130954
77	96	0.130904
6	71	0.130707
48	86	0.13054
81	94	0.129885
33	73	0.129679
11	65	0.129606
79	96	0.129483
18	63	0.129219
74	84	0.12918
21	49	0.128857
31	74	0.128799
38	71	0.12865
5	37	0.1282
27	43	0.127934
12	65	0.127906
34	67	0.127834
56	58	0.127005
51	88	0.126948
28	86	0.126838
42	71	0.126719
8	69	0.126584
21	58	0.126574
76	82	0.126512
16	90	0.126062
31	36	0.125954
52	75	0.125796
12	61	0.125742
17	38	0.125733
93	95	0.125714
15	51	0.125674
3	85	0.125564
56	90	0.125543
17	80	0.125335
30	73	0.12497
56	74	0.124963
1	56	0.124935
40	56	0.124809
24	86	0.124504
58	77	0.124278
7	15	0.124218
55	92	0.123917
53	79	0.123683
6	11	0.123643
61	64	0.123555
57	66	0.123445
20	71	0.123376
34	56	0.123179
52	90	0.123062
59	61	0.122773
60	62	0.122359
78	90	0.122356
22	39	0.122309
37	70	0.122274
12	29	0.122091
41	83	0.122013
50	54	0.121945
51	75	0.121718
54	78	0.121435
3	24	0.121415
69	86	0.121024
18	29	0.12099
30	92	0.120547
66	95	0.120356
79	88	0.120222
17	57	0.120081
85	86	0.118643
78	83	0.118572
5	20	0.118469
31	77	0.118398
80	83	0.11836
56	76	0.118146
53	74	0.118023
38	64	0.117881
42	44	0.117721
55	75	0.117675
43	47	0.117405
5	76	0.11704
21	63	0.116919
3	45	0.116509
51	63	0.116503
51	67	0.116299
43	46	0.116272
3	86	0.116148
16	35	0.115866
37	64	0.115664
2	19	0.115631
88	90	0.115451
1	52	0.115288
42	62	0.115133
13	63	0.114915
3	8	0.114901
65	81	0.114791
43	48	0.114596
40	67	0.114568
54	57	0.114402
3	28	0.114333
48	69	0.114325
14	37	0.113694
30	84	0.113538
9	43	0.113489
6	15	0.113154
15	50	0.113006
40	94	0.112982
15	33	0.112898
14	30	0.112895
26	43	0.112895
33	95	0.112746
4	43	0.112655
15	65	0.112276
52	62	0.112117
44	89	0.111858
33	84	0.111666
18	30	0.111652
13	15	0.111621
17	87	0.111493
23	44	0.111472
36	37	0.111248
32	80	0.11124
17	58	0.111136
78	87	0.111059
3	48	0.110985
46	86	0.110848
20	92	0.110756
55	95	0.110275
82	93	0.109873
5	51	0.109779
39	40	0.109683
16	77	0.109436
53	91	0.109436
43	68	0.109055
19	51	0.108827
11	93	0.108715
77	90	0.108711
74	96	0.108692
13	50	0.108687
75	93	0.108426
16	59	0.10841
67	93	0.108325
61	73	0.108156
65	66	0.108097
72	86	0.107825
40	80	0.107805
33	52	0.107685
41	87	0.107597
19	66	0.107532
31	50	0.107319
36	42	0.107075
35	87	0.106876
5	49	0.106125
59	60	0.105596
13	57	0.105483
91	93	0.105323
11	95	0.105299
43	85	0.105299
35	90	0.104921
60	91	0.104728
77	89	0.104563
8	86	0.104426
42	83	0.104343
65	91	0.104251
17	76	0.103905
20	21	0.103599
49	73	0.103564
1	69	0.10343
14	29	0.10328
15	34	0.102518
78	95	0.102284
56	66	0.101778
5	23	0.101618
58	62	0.101615
43	75	0.100868
23	59	0.100811
33	94	0.100147
32	36	0.0999626
55	81	0.0999581
7	67	0.0998876
17	39	0.0998371
37	91	0.0998055
7	81	0.0997315
40	63	0.0992724
28	43	0.0990916
66	91	0.0990275
30	38	0.0988564
36	83	0.0986281
39	55	0.0981179
80	88	0.0981094
16	95	0.0977502
49	96	0.0977272
33	40	0.0975465
35	41	0.0974354
22	79	0.0972404
21	43	0.0969823
17	90	0.096866
5	53	0.0968251
12	21	0.0967997
39	93	0.096791
23	89	0.096607
66	79	0.0965389
60	77	0.0961617
16	57	0.0961588
56	87	0.0959839
11	13	0.095791
14	62	0.0957894
6	8	0.0957439
2	61	0.0956772
60	78	0.0954964
13	16	0.0953594
7	21	0.0953099
11	36	0.0952609
63	82	0.0948544
7	88	0.0948518
43	45	0.0947089
41	42	0.0946139
83	88	0.0945392
16	34	0.094518
1	67	0.0944752
38	54	0.0941765
30	51	0.0938654
12	51	0.0938093
1	37	0.0937383
25	43	0.0932244
15	58	0.0931872
87	92	0.0928286
11	60	0.0926462
13	36	0.0926309
7	89	0.0923999
30	50	0.0923171
37	71	0.0921634
38	55	0.0920986
1	3	0.0918537
59	94	0.0915212
16	38	0.0914572
65	90	0.091364
30	57	0.0913497
30	59	0.0913382
40	42	0.0912882
39	58	0.0910268
62	88	0.091007
59	95	0.0908825
18	52	0.0908598
44	94	0.0907194
37	89	0.0906488
58	95	0.0904218
70	79	0.0903834
43	72	0.0903621
41	50	0.090338
64	81	0.0900299
40	91	0.0900246
49	63	0.0898979
60	88	0.0890345
57	90	0.0890201
51	91	0.0890169
88	93	0.0887893
13	60	0.088717
11	19	0.0885707
22	80	0.0883604
66	88	0.0883249
22	38	0.088213
38	70	0.0881372
19	54	0.0881302
56	96	0.0878469
17	93	0.0877569
60	64	0.0876715
41	91	0.0876223
53	71	0.0874696
16	56	0.087359
35	74	0.0871545
30	91	0.0869516
10	31	0.0868174
59	63	0.0868075
40	41	0.0866886
77	79	0.0864899
35	63	0.0861222
38	67	0.0859137
53	93	0.0857869
66	71	0.0856749
34	51	0.0856296
81	82	0.0854686
56	79	0.0853382
36	53	0.0852446
60	76	0.0849136
59	96	0.084573
53	87	0.0844557
19	65	0.0838179
74	82	0.0837512
57	76	0.0837098
42	77	0.0836377
7	19	0.0835807
30	89	0.0835415
64	91	0.083397
59	65	0.083252
12	44	0.0831463
29	87	0.0828891
11	71	0.0827456
77	88	0.082702
23	82	0.0825402
15	59	0.08247
12	43	0.0824075
6	82	0.0821933
39	66	0.0821841
90	93	0.0820397
33	81	0.0820257
63	91	0.0819594
68	70	0.0816722
35	59	0.0815047
10	74	0.0811593
14	73	0.0810701
21	70	0.0810539
7	41	0.0809938
71	89	0.0809473
11	37	0.080947
12	17	0.0806818
39	65	0.0800862
67	77	0.0799091
13	71	0.0797937
11	90	0.0797226
20	59	0.0796208
11	39	0.0796203
50	84	0.0795163
52	81	0.0792245
13	54	0.0792193
71	76	0.0791887
71	80	0.0786039
2	53	0.078474
21	81	0.0780285
5	40	0.0779712
58	79	0.0778644
8	29	0.0778097
65	77	0.0776606
44	87	0.077583
35	54	0.0774728
60	66	0.0773617
61	65	0.0772542
35	91	0.0772514
34	93	0.0771521
1	6	0.0770923
12	42	0.0768447
61	90	0.0768408
60	94	0.0766722
79	84	0.0766614
53	92	0.0765812
73	93	0.0763516
89	91	0.0762982
6	38	0.0760515
10	63	0.0760018
7	30	0.0760001
70	85	0.0758244
44	70	0.0757769
65	82	0.0756666
19	56	0.075489
22	95	0.0753963
5	79	0.0752056
52	89	0.0751791
73	79	0.074848
8	43	0.0747596
58	60	0.0744173
59	77	0.0741497
12	15	0.0741406
65	76	0.0740437
17	62	0.073565
23	39	0.0735545
49	59	0.0735167
91	96	0.0731489
42	76	0.0731251
59	80	0.0731165
44	90	0.0730945
49	69	0.0730482
42	74	0.0728687
51	93	0.072511
23	37	0.0724879
33	90	0.0724649
52	87	0.0722502
2	25	0.0722125
59	78	0.0718654
42	52	0.0717789
7	70	0.0716445
33	75	0.071536
71	87	0.0714606
9	70	0.0714403
50	76	0.0713523
18	37	0.0711616
76	96	0.0710417
64	76	0.07077
62	81	0.07072
78	89	0.0707045
57	78	0.0706213
1	17	0.070574
63	75	0.0705441
51	59	0.0703348
5	80	0.0701603
1	33	0.070142
16	37	0.0700722
65	80	0.0700373
42	67	0.069504
12	89	0.0694912
81	92	0.0693795
15	22	0.0692398
36	55	0.0691906
22	64	0.0689718
10	50	0.0688417
33	65	0.0686894
38	82	0.0686856
64	87	0.0685985
32	57	0.0683911
33	37	0.068328
1	73	0.0683274
41	84	0.0682677
43	94	0.0682559
61	84	0.0679782
23	73	0.0677745
26	70	0.0677468
3	70	0.0673087
2	26	0.0672395
38	81	0.0668922
17	91	0.0665892
71	93	0.0664016
82	83	0.066312
51	82	0.0662965
73	81	0.0661473
65	84	0.0660812
6	72	0.0656715
77	95	0.0654402
3	49	0.0653308
33	57	0.0651584
41	96	0.0650769
20	65	0.0648748
30	58	0.0645647
71	82	0.0643853
31	96	0.0641816
2	3	0.0641654
12	16	0.0641395
8	87	0.0641134
30	62	0.0640777
43	67	0.0640356
67	73	0.063818
27	70	0.0637099
37	55	0.0637032
35	56	0.0634925
3	23	0.0634249
28	70	0.0633389
10	61	0.0631469
15	94	0.0630766
18	57	0.063035
13	89	0.0627937
5	12	0.0627818
15	90	0.0626936
2	55	0.0626434
11	32	0.0625982
31	35	0.0625942
25	70	0.06259
1	42	0.0624869
1	8	0.062332
41	89	0.0620478
24	70	0.0619852
5	92	0.0616822
57	63	0.0615674
23	29	0.0615404
35	93	0.061528
32	63	0.0615147
55	83	0.0614845
34	37	0.0613623
54	91	0.0610804
1	90	0.0609769
20	94	0.0608591
14	40	0.0606539
33	38	0.0605249
44	47	0.0604146
50	89	0.0603481
2	47	0.0603454
57	70	0.0603122
83	84	0.0602813
50	82	0.060257
22	93	0.0600712
32	41	0.0600607
87	91	0.0599434
5	93	0.0597809
43	55	0.0596579
69	70	0.0594977
36	76	0.059447
12	59	0.0594296
37	51	0.0593336
16	20	0.0593212
35	65	0.0592557
13	82	0.0590348
38	78	0.0587866
7	54	0.0587259
11	51	0.0586867
58	61	0.0586554
27	44	0.0586058
2	68	0.0585736
39	50	0.0585659
11	18	0.058545
64	77	0.058491
7	64	0.0584633
32	94	0.0583895
62	78	0.058293
15	63	0.0581541
1	18	0.0580826
61	70	0.0580469
22	25	0.0579329
18	61	0.0574798
33	71	0.0574703
2	46	0.0574571
56	63	0.057378
18	89	0.0573212
17	66	0.0572976
15	71	0.0572825
43	86	0.0572139
40	76	0.0571834
16	51	0.0570656
14	58	0.0567104
15	39	0.0566223
2	50	0.0565525
19	52	0.0565486
84	92	0.0565134
29	90	0.0561284
21	36	0.0560935
34	58	0.0559453
7	48	0.0558055
57	96	0.0556864
7	49	0.0554795
7	12	0.0552487
59	90	0.0552012
2	24	0.0550906
2	28	0.0550348
4	70	0.0550024
28	44	0.0549123
1	7	0.0547558
5	27	0.0547202
17	81	0.0546306
76	84	0.0545419
1	58	0.0543242
42	89	0.0541802
64	92	0.0541729
22	26	0.0541493
2	38	0.0540258
44	68	0.0536204
76	90	0.0535989
78	91	0.0533961
12	77	0.0533935
19	61	0.0533627
10	30	0.0532024
2	9	0.052929
33	78	0.0529244
1	40	0.0528992
36	44	0.0528939
32	54	0.0528505
18	44	0.0525079
73	80	0.0524215
22	36	0.052358
5	28	0.0520104
2	45	0.0519875
65	73	0.0519169
7	57	0.0517841
17	96	0.0517103
1	14	0.0516893
56	60	0.0515456
78	88	0.0515422
67	84	0.0514565
2	69	0.0514405
29	78	0.0513849
35	83	0.0513836
38	89	0.0511866
7	93	0.0511792
26	44	0.0511485
37	82	0.051028
23	69	0.0509641
41	63	0.0508601
80	92	0.0507925
54	64	0.0507878
15	80	0.050666
37	73	0.0504681
10	43	0.0504315
65	78	0.0504309
67	78	0.0502853
39	59	0.0502705
82	92	0.0502219
13	61	0.0501258
19	75	0.0500632
11	64	0.0499387
62	82	0.0497911
87	94	0.0496925
61	87	0.0495765
49	84	0.0494775
9	49	0.0494436
2	85	0.0491883
46	70	0.0491666
60	95	0.0491315
10	51	0.0491112
64	90	0.0490951
10	55	0.0489598
65	71	0.0489296
1	43	0.0488127
15	19	0.0487786
59	89	0.0486883
52	66	0.0486519
21	83	0.0486324
17	43	0.0485646
20	57	0.0485297
15	55	0.048512
39	74	0.0484298
22	94	0.0483842
34	42	0.0483526
70	86	0.0483472
47	70	0.0481964
2	86	0.0481317
2	27	0.0480576
22	24	0.0480237
31	81	0.0479532
20	43	0.0479086
63	65	0.0478778
37	90	0.0478655
54	76	0.0477521
6	66	0.0476148
34	70	0.0475149
42	43	0.0474347
44	49	0.0473093
10	64	0.0471973
60	61	0.0470645
50	79	0.046999
32	56	0.0468859
51	64	0.0467952
54	94	0.0467403
49	76	0.0467352
56	91	0.0466871
2	87	0.0466603
2	4	0.0465881
44	45	0.046473
7	36	0.0463173
16	87	0.0462419
21	89	0.0462046
29	49	0.0461388
34	38	0.0461108
21	96	0.0460752
78	79	0.0460032
29	94	0.0458741
52	60	0.0456969
23	54	0.0456637
58	71	0.0456049
27	49	0.0456025
22	92	0.0453466
10	73	0.0453136
17	74	0.0452284
18	82	0.0450066
18	39	0.0449309
42	57	0.0447249
51	57	0.0446834
53	88	0.044602
38	87	0.0444799
48	70	0.0444536
15	38	0.0443774
9	44	0.0443208
94	95	0.0443062
20	35	0.0442825
7	31	0.0442768
66	96	0.0442404
4	5	0.0442067
66	73	0.0439983
22	85	0.0438446
19	74	0.0438304
17	22	0.0438223
10	83	0.043454
55	91	0.0434149
2	57	0.0434106
58	64	0.043349
10	84	0.0432903
8	70	0.0432269
23	28	0.0431385
61	67	0.0429871
35	52	0.0429517
25	44	0.042916
36	74	0.042906
45	49	0.042901
23	25	0.0428833
23	45	0.0427558
18	75	0.0427122
13	56	0.0426725
55	88	0.0424704
87	96	0.0423872
75	81	0.0422077
52	92	0.0421445
17	71	0.0418104
6	29	0.0416984
19	36	0.0415873
39	71	0.0413504
18	65	0.0412883
21	85	0.0412164
39	89	0.0409758
49	89	0.040857
5	47	0.0408167
8	18	0.040724
7	24	0.0406832
2	72	0.0406069
13	90	0.0406048
40	75	0.040562
45	70	0.0405464
61	82	0.0405412
39	94	0.0404701
13	59	0.0404665
1	62	0.0402946
41	94	0.040238
14	93	0.0401563
63	79	0.0401453
30	60	0.0401433
2	48	0.0399582
11	16	0.0399428
62	76	0.0398879
5	68	0.0396252
15	61	0.0396205
36	89	0.0394915
56	95	0.0393666
66	82	0.0393493
70	72	0.0392334
2	51	0.0391764
5	24	0.0391357
13	66	0.0390149
5	26	0.0389909
76	79	0.0389137
14	15	0.0389108
35	66	0.0388915
40	59	0.03889
50	69	0.0388818
26	49	0.0388442
31	83	0.0386711
1	55	0.0386179
19	60	0.0385451
5	9	0.0384448
13	64	0.0383021
67	94	0.0382299
51	81	0.0380879
33	88	0.0380634
40	84	0.0380278
17	86	0.037856
60	87	0.0377116
36	52	0.0376506
34	78	0.0372665
5	25	0.0372196
33	77	0.037179
12	66	0.0370732
59	76	0.0368759
3	50	0.036798
64	79	0.0367787
20	96	0.0367766
77	82	0.036764
4	44	0.0366828
82	87	0.0365352
10	46	0.0363922
22	69	0.0363889
45	53	0.036128
57	60	0.036095
49	55	0.0359974
67	79	0.0359683
28	53	0.035904
22	68	0.0358526
44	73	0.0358348
19	64	0.0357967
1	84	0.0357881
13	33	0.0356996
33	50	0.0353512
25	29	0.035142
36	59	0.0349597
24	44	0.0349406
21	88	0.0348435
79	94	0.0348404
63	88	0.0346286
21	53	0.0344005
54	90	0.0343708
58	76	0.0342025
60	90	0.0341926
39	53	0.0339932
47	49	0.0338039
19	80	0.033692
24	49	0.033672
12	95	0.0335451
44	72	0.0334912
21	94	0.033472
74	77	0.0334243
1	29	0.0334006
49	68	0.0332862
13	58	0.0332734
67	89	0.0331728
38	95	0.0331403
41	81	0.0331127
44	85	0.0330759
56	70	0.032906
34	64	0.0328537
21	22	0.0328446
55	87	0.0328354
6	13	0.0328095
64	82	0.0327293
37	83	0.0327224
66	92	0.0326045
23	26	0.0324918
25	49	0.0324832
8	19	0.0323151
64	74	0.0322374
14	33	0.0320321
29	70	0.0319524
22	37	0.0319367
5	45	0.031935
6	88	0.0317652
56	83	0.0317571
16	64	0.0316642
5	85	0.0314918
16	91	0.0313694
22	45	0.0313198
30	88	0.031259
14	51	0.0312116
50	58	0.0311641
63	73	0.0310663
72	87	0.0309467
61	66	0.0309453
13	34	0.030916
54	93	0.0309084
44	61	0.0307672
21	80	0.0306619
23	91	0.0306406
39	83	0.0305243
8	13	0.0304631
9	22	0.030392
38	63	0.0301257
44	48	0.0300912
82	94	0.0300622
22	48	0.030055
28	49	0.0300084
13	75	0.0299594
67	90	0.0299274
48	49	0.0298543
7	20	0.0297653
63	76	0.02975
51	80	0.0296728
16	58	0.0295232
46	49	0.0294702
50	61	0.0294057
56	78	0.0293623
42	79	0.0292752
42	48	0.0291991
6	95	0.0291423
9	23	0.0291042
14	61	0.0289411
23	27	0.0288747
34	40	0.0287897
37	66	0.0287705
74	79	0.0286928
88	95	0.028629
20	61	0.0286251
36	79	0.0286197
32	50	0.028556
33	58	0.0284705
6	96	0.0284114
7	25	0.0281412
19	70	0.0281057
62	71	0.0280529
75	77	0.0279976
35	42	0.0279939
33	79	0.0277585
38	66	0.0272388
22	44	0.0270161
44	92	0.0270033
2	13	0.0268722
19	50	0.0268597
19	89	0.0268589
5	43	0.0268402
30	71	0.0267935
8	22	0.0267378
7	39	0.0266856
15	73	0.0266748
14	20	0.026584
21	32	0.0264673
57	80	0.0264031
22	46	0.026367
66	77	0.02635
2	8	0.0262826
44	84	0.0262134
4	49	0.0260497
8	76	0.0260409
18	73	0.0259761
8	14	0.0259505
23	46	0.0259314
66	86	0.0258529
71	78	0.0258528
49	85	0.0258424
8	55	0.0258139
65	75	0.0255045
35	60	0.0255015
23	24	0.0254871
42	65	0.0254452
39	56	0.0254218
60	65	0.0253756
34	59	0.0253195
15	53	0.0252426
37	93	0.0250201
43	56	0.0248198
49	86	0.0247729
5	66	0.0247461
23	68	0.0247339
36	66	0.0243127
44	69	0.0242885
29	42	0.0242243
24	42	0.0240267
40	58	0.0239558
12	58	0.0235512
29	60	0.0235345
61	86	0.0234676
44	46	0.0234539
7	73	0.0233605
10	44	0.0232003
43	95	0.023104
5	84	0.0229772
52	93	0.0226524
59	87	0.0226129
22	82	0.0225845
43	77	0.0225821
75	95	0.0225503
22	30	0.022526
27	54	0.0225167
17	79	0.0224524
37	59	0.0224312
9	54	0.0223353
23	86	0.0223064
61	75	0.0223055
17	78	0.0222019
33	76	0.0222015
6	35	0.0221996
15	78	0.0221934
4	22	0.0221334
2	78	0.022102
22	47	0.022056
22	27	0.0218831
23	85	0.0214307
43	51	0.0212906
1	76	0.021246
14	56	0.0211181
29	84	0.0211051
37	54	0.0210627
37	67	0.0210145
36	65	0.0207671
8	90	0.0206962
11	88	0.0205609
76	89	0.0204303
7	38	0.0204206
53	89	0.020268
9	29	0.0202664
30	55	0.0202634
44	93	0.0202418
19	71	0.0202155
5	48	0.0202095
33	56	0.0202046
70	74	0.0201484
19	86	0.0199924
18	95	0.0199769
67	75	0.0197976
13	80	0.0197407
11	84	0.0194966
10	96	0.0193986
1	72	0.0193954
18	87	0.0193149
2	64	0.0192843
77	93	0.0191753
6	60	0.0191504
19	33	0.0191283
39	96	0.0190273
33	34	0.0189122
3	22	0.0188766
64	70	0.0188537
65	79	0.0188064
4	54	0.0187613
33	60	0.0187017
23	36	0.0186515
31	40	0.0186141
29	92	0.0185846
10	70	0.0185843
40	44	0.0185306
57	61	0.018385
50	73	0.0183289
25	54	0.0182805
1	45	0.0182459
17	30	0.0181614
49	87	0.0181261
33	66	0.018105
12	50	0.0180487
40	90	0.0180432
22	66	0.0176879
5	44	0.0176444
64	78	0.0175828
1	57	0.0174384
31	92	0.0174197
44	88	0.0173527
83	95	0.0173015
31	55	0.0172662
79	92	0.0172473
7	9	0.0171829
4	7	0.0171436
31	84	0.0170965
37	60	0.0170875
4	23	0.0170021
16	76	0.0169827
2	71	0.0168319
46	54	0.0167397
29	71	0.0165059
20	44	0.0163917
63	64	0.0163546
11	63	0.0161778
7	76	0.0161458
13	30	0.0161331
11	40	0.0161223
32	64	0.0161056
55	80	0.0160817
8	44	0.0159268
79	90	0.0158512
7	80	0.015799
29	37	0.0157748
65	88	0.0157743
62	96	0.0157047
39	61	0.0156645
42	58	0.0156176
8	15	0.0155552
3	44	0.0155059
38	76	0.0154188
61	71	0.0154181
7	71	0.0153692
49	72	0.0153643
4	29	0.0153293
44	65	0.0152184
13	86	0.015103
53	83	0.0148551
16	79	0.0148001
55	94	0.0147943
47	54	0.0145491
29	55	0.01452
23	47	0.0143554
23	72	0.0143482
90	95	0.0142574
29	61	0.0142566
33	69	0.0142354
22	72	0.0141961
19	62	0.0140983
87	93	0.0139518
7	47	0.0139505
15	67	0.0137988
3	71	0.0137756
7	26	0.0137756
44	58	0.0136585
10	65	0.013589
66	76	0.0135768
14	76	0.0134993
58	81	0.0133472
54	83	0.0133449
36	58	0.0131808
5	32	0.0130041
75	88	0.012912
62	77	0.0128688
10	79	0.0128631
9	42	0.0127832
6	19	0.0127413
16	24	0.0127094
82	89	0.0125423
81	89	0.012541
3	5	0.0125053
61	88	0.0124838
15	88	0.0124651
5	95	0.0124645
37	41	0.0124418
15	62	0.0123764
28	71	0.0123492
33	87	0.0123298
7	34	0.0123059
79	95	0.0121227
69	76	0.0121203
59	93	0.0120735
63	67	0.0120081
16	48	0.0119713
11	92	0.0117544
33	41	0.0117137
7	79	0.0116796
37	81	0.0116059
64	67	0.0114293
8	77	0.0114212
36	67	0.0113281
31	78	0.0112912
7	78	0.0112718
38	96	0.0112184
16	42	0.0111965
85	90	0.0111931
21	46	0.0109087
50	91	0.0109065
60	73	0.0109025
48	62	0.0108848
18	50	0.0108594
76	92	0.0106983
62	75	0.010391
15	42	0.0103711
3	33	0.0101976
38	77	0.0101279
37	74	0.00998431
44	60	0.00994898
8	82	0.00992808
72	81	0.00959034
39	44	0.00953983
7	16	0.00947898
32	71	0.00941528
34	80	0.00917708
27	29	0.00891694
60	86	0.00889246
8	23	0.00879066
22	89	0.00868118
30	52	0.00865994
46	53	0.00863641
40	54	0.00862765
1	64	0.00853406
53	72	0.00849793
63	72	0.00842489
73	91	0.00837838
33	55	0.00835583
29	68	0.0082986
6	42	0.00822488
58	87	0.00819679
37	40	0.00819164
19	30	0.0079878
5	64	0.0079383
14	81	0.00786887
1	96	0.00786573
19	58	0.00784658
6	40	0.0077717
14	17	0.00777077
17	72	0.00776707
21	92	0.00776359
22	83	0.00761424
34	83	0.00752399
2	94	0.00731127
38	57	0.00729016
73	76	0.00728277
20	86	0.00724876
11	73	0.00723836
27	53	0.00720589
18	76	0.00713942
12	22	0.00711733
31	62	0.00701611
32	76	0.00700369
17	61	0.00699797
31	87	0.00684403
84	85	0.00684285
11	34	0.00677597
38	80	0.00676843
7	45	0.00667224
49	62	0.00652883
36	49	0.00646359
23	75	0.0064048
6	47	0.00638567
48	54	0.00633696
29	47	0.00626423
40	73	0.00622634
25	42	0.00611603
40	95	0.0059266
6	25	0.00590273
1	9	0.0059
55	66	0.00588315
31	54	0.00585848
5	46	0.00577964
17	21	0.00576521
6	56	0.00568806
6	64	0.00534858
5	19	0.00533202
62	70	0.00524885
5	86	0.00524535
34	61	0.00522344
62	73	0.0051487
67	80	0.00510775
63	95	0.00507488
35	75	0.00502178
50	66	0.00490164
62	91	0.00486408
32	93	0.00485573
27	67	0.00483526
69	81	0.00480384
36	78	0.00480123
59	75	0.00478924
22	86	0.00475094
80	93	0.00474112
2	60	0.00464647
13	65	0.00458032
6	58	0.00457946
80	90	0.00456778
11	22	0.00450511
10	91	0.00449202
2	6	0.00448686
19	55	0.00446749
8	49	0.00446707
46	90	0.00445036
17	89	0.00443908
45	71	0.00441476
14	80	0.00440931
17	33	0.00440025
20	80	0.00439814
39	69	0.00432558
5	88	0.00412928
41	93	0.00408129
12	56	0.00404435
16	93	0.00394075
46	84	0.00393089
34	60	0.00388943
33	82	0.00382673
7	27	0.00379378
62	89	0.00374968
56	92	0.00369615
30	66	0.00354857
59	88	0.00352407
73	95	0.00342282
47	53	0.00336643
67	86	0.00336619
33	89	0.00333534
63	94	0.0032475
32	55	0.00314748
72	90	0.00304011
62	65	0.00296139
10	68	0.00291157
75	79	0.00276263
44	86	0.00271599
1	51	0.00269925
52	79	0.00266096
37	49	0.0026564
63	70	0.00263802
34	72	0.00255077
29	62	0.00252191
25	53	0.00239094
32	59	0.00217139
60	89	0.00212843
4	61	0.00201249
3	73	0.00198662
23	94	0.00191733
50	67	0.00178247
79	83	0.00172987
74	90	0.00171022
62	74	0.0016773
14	59	0.00162858
17	35	0.00162722
80	87	0.00157161
86	90	0.00155975
42	68	0.00148903
49	94	0.001414
30	90	0.00113997
7	68	0.00108224
67	82	0.00107042
16	46	0.000972778
4	53	0.000783538
42	75	0.0007584
2	84	0.000661697
13	87	0.000654646
2	56	0.000487722
66	84	0.000442354
78	96	0.000263861
78	80	0.000184178
20	89	0.000164206
48	73	8.75349e-05
84	93	3.50087e-05
54	68	-1.87192e-05
16	33	-2.9079e-05
7	42	-0.00014592
17	77	-0.000235897
12	35	-0.000300761
26	54	-0.000356018
2	10	-0.00039355
37	77	-0.000481638
51	56	-0.000496168
2	79	-0.000558353
46	87	-0.000651476
5	8	-0.000714831
33	43	-0.000762042
60	82	-0.0007621
1	30	-0.000778708
29	93	-0.000912701
1	26	-0.000942969
71	86	-0.00103935
1	39	-0.00123566
76	95	-0.00133931
60	84	-0.00135114
10	47	-0.00136562
4	42	-0.00146919
27	87	-0.00151914
7	33	-0.00152669
15	84	-0.00153297
10	32	-0.00161963
12	71	-0.00166855
1	24	-0.00172191
53	82	-0.00180821
19	78	-0.00190293
22	35	-0.001912
24	61	-0.00198202
10	23	-0.00219421
20	77	-0.0022842
13	55	-0.00233475
55	71	-0.00250913
21	86	-0.00256202
24	34	-0.00256676
72	88	-0.00258877
64	73	-0.00263132
26	50	-0.00268625
52	61	-0.00272093
54	72	-0.00281719
23	48	-0.00282175
38	88	-0.00284891
62	92	-0.00296665
2	42	-0.00307165
26	29	-0.00315838
3	76	-0.00323254
29	72	-0.00332623
82	88	-0.00381144
9	53	-0.00382528
30	63	-0.00391899
10	49	-0.00395044
70	96	-0.0039987
4	6	-0.00403003
31	37	-0.00411256
23	84	-0.00426482
14	87	-0.00427362
51	77	-0.00427384
4	10	-0.00428711
24	54	-0.0042975
37	57	-0.0045315
30	85	-0.00458053
6	27	-0.00471401
10	41	-0.00495777
32	81	-0.00496056
23	87	-0.00498704
10	16	-0.00500903
6	91	-0.00501128
29	73	-0.00501825
52	83	-0.00504373
36	54	-0.00507316
28	61	-0.00518257
28	73	-0.0052472
43	90	-0.00524843
10	12	-0.00531029
43	92	-0.00536233
34	84	-0.00538477
10	87	-0.00555783
40	60	-0.00559041
19	82	-0.00570624
52	70	-0.0058029
75	94	-0.0058609
44	78	-0.0058844
69	96	-0.00592302
17	75	-0.00592714
6	92	-0.00594732
28	34	-0.0061175
5	61	-0.00623115
59	66	-0.00638128
29	50	-0.00638322
63	90	-0.00643203
19	85	-0.00647
14	50	-0.00648086
3	14	-0.0065341
6	68	-0.00656678
62	67	-0.00665314
42	47	-0.00672315
35	64	-0.00678455
46	61	-0.00683013
4	87	-0.00687253
47	62	-0.00687418
41	67	-0.00694202
33	80	-0.00715565
10	26	-0.0072016
29	45	-0.00727971
33	63	-0.0072802
31	95	-0.00738515
52	77	-0.0074004
28	60	-0.0075314
7	85	-0.00758657
24	53	-0.00760057
40	82	-0.00770958
13	17	-0.00772983
79	81	-0.0077742
1	25	-0.00778047
60	75	-0.00778182
7	90	-0.00781455
42	50	-0.00781568
2	80	-0.00785698
51	60	-0.00793664
10	24	-0.00813579
5	69	-0.00815976
61	68	-0.00818247
45	91	-0.0082211
3	39	-0.00824176
16	30	-0.0083684
26	62	-0.00867718
34	91	-0.00869399
8	79	-0.00878562
11	38	-0.00879283
6	89	-0.00881633
10	28	-0.00881977
22	32	-0.00892183
13	72	-0.00893977
11	54	-0.00895143
18	81	-0.00897972
76	80	-0.00899118
45	60	-0.00900794
74	94	-0.0090442
50	62	-0.0090515
55	79	-0.00907572
86	87	-0.00907847
24	62	-0.00908435
34	48	-0.00910338
23	62	-0.00913296
8	11	-0.00914234
90	91	-0.00922052
33	61	-0.00929826
43	70	-0.00935707
69	73	-0.00939738
1	27	-0.00939976
12	32	-0.00941614
6	46	-0.00951921
61	89	-0.00957518
7	86	-0.00964741
62	90	-0.00966386
27	42	-0.00967468
2	43	-0.00968217
26	67	-0.00977669
24	73	-0.00978375
50	88	-0.00978425
65	70	-0.00984082
26	61	-0.00985215
29	85	-0.0100624
60	70	-0.0100798
20	34	-0.0100898
64	75	-0.010095
17	25	-0.0102128
59	92	-0.0102473
56	75	-0.0102712
52	80	-0.0102843
41	88	-0.0102923
72	79	-0.0103726
42	45	-0.0103868
13	91	-0.0104066
10	25	-0.0104825
53	78	-0.0104998
35	78	-0.0105082
2	44	-0.0105154
33	49	-0.0105395
75	96	-0.0105627
17	23	-0.0105657
21	47	-0.0106059
60	92	-0.0107587
66	80	-0.0108359
8	39	-0.0108386
55	77	-0.0108428
8	75	-0.0109586
19	79	-0.0110398
61	76	-0.011081
9	60	-0.0111926
39	78	-0.0112906
68	88	-0.0113931
32	44	-0.011418
64	96	-0.0114556
28	29	-0.0116545
52	74	-0.011682
10	27	-0.0117511
9	10	-0.0117948
48	84	-0.0118224
77	83	-0.0118371
24	77	-0.0118584
47	60	-0.0118884
52	94	-0.0119047
18	58	-0.0119379
46	73	-0.0120469
15	37	-0.0121283
25	61	-0.0121482
10	80	-0.0122729
76	87	-0.0123895
5	29	-0.012422
83	89	-0.0125317
39	43	-0.0125907
36	50	-0.012647
63	92	-0.012653
21	74	-0.0127192
41	66	-0.012722
7	28	-0.0127837
9	61	-0.0127906
48	53	-0.0128244
47	61	-0.0129307
54	66	-0.0130396
61	85	-0.0130728
11	58	-0.0130737
21	76	-0.0130744
73	85	-0.0131661
6	26	-0.0132662
17	26	-0.013338
6	85	-0.0134422
15	36	-0.0134472
28	42	-0.0134679
27	60	-0.0135872
48	66	-0.0136089
22	28	-0.0136273
45	84	-0.0136274
25	87	-0.0136451
22	62	-0.0136629
37	62	-0.0137408
17	56	-0.0137989
21	27	-0.013807
1	28	-0.0138172
6	9	-0.0139819
53	68	-0.0140074
8	51	-0.0140183
46	91	-0.0141023
10	71	-0.0141055
35	51	-0.0141683
67	68	-0.0141836
37	79	-0.0142127
12	53	-0.0142497
59	73	-0.0142974
26	30	-0.0143109
28	91	-0.014362
18	70	-0.0143887
1	83	-0.0144284
71	96	-0.0144376
11	15	-0.0144607
48	63	-0.0144768
29	36	-0.0144897
29	40	-0.0145002
45	73	-0.0146491
72	78	-0.0146743
57	88	-0.0146973
6	28	-0.0147846
4	50	-0.0148001
30	32	-0.0148185
12	62	-0.0148701
71	75	-0.0149428
60	68	-0.0150398
2	34	-0.0150519
3	54	-0.0151129
2	63	-0.0151167
33	86	-0.0151678
21	68	-0.0151748
10	77	-0.0152621
69	84	-0.015325
72	92	-0.0153263
56	93	-0.0153831
39	64	-0.0154415
60	81	-0.0154988
24	29	-0.0155003
4	60	-0.0155281
3	84	-0.0155586
48	61	-0.0155962
84	91	-0.0157949
9	16	-0.0157981
42	66	-0.0158974
56	86	-0.0159385
25	88	-0.0159521
15	72	-0.0159653
8	33	-0.0160044
21	84	-0.0160102
13	96	-0.0160773
3	60	-0.0160945
42	82	-0.0161612
17	37	-0.0161775
61	74	-0.0162544
48	90	-0.01628
57	87	-0.0162841
39	81	-0.0163332
81	95	-0.0165132
8	31	-0.0165458
40	61	-0.0165506
2	33	-0.0165618
15	52	-0.0166483
17	85	-0.0166779
38	39	-0.0167675
10	48	-0.0168463
45	54	-0.0168648
23	55	-0.016872
6	84	-0.0168755
25	60	-0.0168759
50	68	-0.0168941
37	53	-0.0169619
10	60	-0.0170024
20	85	-0.0170075
1	91	-0.0170948
8	41	-0.0171315
7	69	-0.0171558
17	68	-0.0171933
48	60	-0.0172257
9	67	-0.0172752
1	48	-0.0173483
18	48	-0.0173884
21	52	-0.0174447
32	95	-0.0174637
61	77	-0.0175106
1	68	-0.0175187
50	95	-0.0176062
66	72	-0.0176095
26	42	-0.0176616
3	18	-0.0177961
46	58	-0.0179398
16	82	-0.0179483
1	66	-0.0179653
52	78	-0.0179925
69	79	-0.0180037
38	60	-0.0180383
6	39	-0.0181535
6	24	-0.0181869
10	90	-0.018195
1	61	-0.0182205
79	82	-0.0182829
60	85	-0.0184114
2	77	-0.0185065
21	69	-0.0185368
13	85	-0.0185505
32	42	-0.0185548
63	89	-0.0185719
53	70	-0.0185829
45	67	-0.0185894
55	73	-0.0186037
21	45	-0.0186465
10	19	-0.0186509
29	48	-0.0186886
52	76	-0.0188304
37	56	-0.0189154
10	86	-0.0190222
10	85	-0.0191733
1	4	-0.0191989
16	69	-0.0193255
20	29	-0.0193613
62	83	-0.0194944
18	90	-0.0195665
3	29	-0.0195816
27	61	-0.0195911
39	67	-0.0198244
57	73	-0.0198581
62	86	-0.019887
69	82	-0.0199315
11	86	-0.0199708
1	85	-0.0199834
22	61	-0.0200138
32	58	-0.0200477
26	60	-0.0200905
3	62	-0.0201052
29	35	-0.0201279
9	87	-0.020216
48	64	-0.0202898
36	39	-0.0203045
24	60	-0.0203114
67	85	-0.0203323
37	88	-0.0203357
53	86	-0.0203843
45	62	-0.0204216
7	61	-0.0204516
9	21	-0.0206251
45	61	-0.0206408
39	86	-0.0206472
68	87	-0.0206881
61	96	-0.0207573
83	91	-0.0208029
14	32	-0.0208353
5	72	-0.0208635
3	88	-0.0209078
54	65	-0.0209947
19	45	-0.0209979
62	85	-0.0209988
70	92	-0.0210592
60	93	-0.0211463
17	60	-0.0211616
51	70	-0.0211668
38	43	-0.0211836
5	11	-0.0211961
44	50	-0.0212225
24	67	-0.0212262
19	59	-0.0212712
21	26	-0.0212739
6	63	-0.0212848
46	60	-0.0213077
51	92	-0.0213139
28	84	-0.0213407
4	67	-0.0213761
23	33	-0.0215317
15	41	-0.0215327
67	83	-0.0215692
93	96	-0.0215692
3	19	-0.0215756
58	72	-0.0216198
80	94	-0.0216301
79	86	-0.0217092
11	61	-0.0217556
37	61	-0.0217631
70	82	-0.0218102
18	69	-0.0218374
57	81	-0.021848
21	91	-0.0218905
12	96	-0.0220415
57	89	-0.0221017
46	56	-0.0221355
76	83	-0.0221392
56	73	-0.0221533
1	86	-0.0221582
31	68	-0.0221626
29	46	-0.0224305
46	78	-0.0224719
60	69	-0.0225128
25	79	-0.0227169
47	50	-0.022753
54	62	-0.0228097
63	81	-0.0228541
76	78	-0.0228575
42	85	-0.0229489
60	80	-0.0229898
21	28	-0.0229914
2	21	-0.023019
51	69	-0.0230301
55	78	-0.0230309
10	69	-0.0230491
48	59	-0.0230998
8	61	-0.0231021
33	70	-0.023214
30	45	-0.023286
6	44	-0.0233026
52	67	-0.0233558
39	73	-0.0234299
24	90	-0.0234334
10	29	-0.0234468
40	77	-0.023532
3	61	-0.0235974
59	84	-0.0236262
4	16	-0.0236285
59	79	-0.0236875
39	82	-0.0237687
41	68	-0.0238247
61	69	-0.0238671
11	62	-0.0239063
55	85	-0.0239557
58	66	-0.0239941
39	60	-0.0241805
26	53	-0.0241854
47	87	-0.0242091
18	96	-0.0242248
62	93	-0.0242672
24	91	-0.0242764
19	69	-0.0243788
42	55	-0.0243811
42	69	-0.0243976
41	80	-0.0243987
4	62	-0.0244249
16	36	-0.0244559
65	94	-0.0245269
21	25	-0.024552
20	47	-0.0246132
42	46	-0.0247306
64	84	-0.0247377
64	72	-0.0248501
2	52	-0.0248959
32	60	-0.0249247
3	51	-0.0250631
50	93	-0.0251385
3	31	-0.0251745
1	2	-0.0252094
46	67	-0.0252396
3	16	-0.025315
16	61	-0.0253304
46	62	-0.0253718
10	20	-0.0253969
14	89	-0.025423
33	92	-0.0254782
30	46	-0.0255496
16	26	-0.0256167
46	64	-0.0256231
16	27	-0.0256905
35	57	-0.0257643
10	58	-0.0258029
77	86	-0.0258091
6	14	-0.0258675
19	39	-0.0259114
15	32	-0.0259452
3	6	-0.0259595
55	86	-0.0259734
30	68	-0.02601
3	82	-0.0261923
14	57	-0.0262511
64	66	-0.0262978
10	59	-0.026332
7	46	-0.0265301
5	31	-0.0265324
58	75	-0.0265535
3	91	-0.0267481
62	68	-0.0267551
56	72	-0.0268199
9	17	-0.0268438
85	87	-0.0268612
22	56	-0.0268809
7	18	-0.0269158
63	86	-0.0269786
19	34	-0.0269917
15	60	-0.0269949
24	59	-0.0270836
4	21	-0.0271428
61	72	-0.0271722
38	79	-0.0272148
26	84	-0.0273431
24	84	-0.0273476
7	84	-0.0273793
17	59	-0.0273883
38	90	-0.0275106
9	71	-0.027564
24	63	-0.0275814
52	86	-0.0276075
53	85	-0.0276347
28	88	-0.0276618
15	35	-0.0277296
10	45	-0.0278565
2	65	-0.0279275
26	87	-0.027929
46	63	-0.027963
69	71	-0.0279696
29	32	-0.0280001
54	74	-0.0280236
81	84	-0.0280407
1	70	-0.0280803
20	53	-0.0281497
1	47	-0.028291
29	69	-0.0283614
12	78	-0.0283963
3	55	-0.0284705
31	52	-0.0285035
29	66	-0.0285219
14	96	-0.028529
21	24	-0.028546
29	86	-0.0286431
10	53	-0.0286683
48	91	-0.0286769
40	53	-0.0287138
15	48	-0.0288682
9	50	-0.0289475
34	68	-0.0289953
13	45	-0.0290232
60	67	-0.0290742
72	95	-0.0291121
12	36	-0.0291663
17	64	-0.0292389
6	86	-0.0292556
54	69	-0.0292886
29	88	-0.0293127
7	50	-0.0293174
62	69	-0.0293746
14	84	-0.029397
54	86	-0.0294384
3	42	-0.0294622
24	71	-0.0295187
13	32	-0.029601
64	83	-0.0296061
6	48	-0.0296117
66	70	-0.0296456
38	42	-0.0296466
74	87	-0.029685
90	96	-0.0297436
2	62	-0.0297486
27	90	-0.0297991
3	79	-0.0298729
17	88	-0.0299471
10	18	-0.0299652
3	30	-0.0300156
3	10	-0.0300483
47	88	-0.0300826
41	92	-0.0301309
85	88	-0.0301326
39	85	-0.0301607
35	94	-0.0301832
27	50	-0.0301948
47	67	-0.0302702
26	51	-0.0303011
9	88	-0.0303524
37	86	-0.0303632
10	40	-0.0303794
51	86	-0.0305966
44	62	-0.0306147
6	41	-0.0306217
21	48	-0.030709
62	84	-0.0308717
25	51	-0.030938
34	45	-0.0309571
12	67	-0.0309657
2	76	-0.0310765
9	34	-0.03109
14	21	-0.0310912
8	12	-0.0311539
25	71	-0.0311999
24	30	-0.0312018
29	39	-0.0312641
9	90	-0.0313122
27	62	-0.0314257
8	32	-0.0314894
28	64	-0.0315147
58	86	-0.0315195
12	37	-0.0315583
16	21	-0.0315704
12	14	-0.0316233
14	69	-0.0316245
7	14	-0.031772
19	57	-0.0318287
14	28	-0.031839
17	54	-0.0320231
30	65	-0.0321574
25	62	-0.0321699
16	25	-0.0321846
34	62	-0.0321865
54	85	-0.0321922
6	70	-0.0322026
31	53	-0.0322373
17	83	-0.0322637
4	35	-0.032264
10	66	-0.0322909
22	49	-0.0323347
3	81	-0.0323369
47	90	-0.0324032
8	60	-0.0324171
22	71	-0.0325369
28	96	-0.0326182
28	87	-0.0327518
13	74	-0.0327742
19	72	-0.0328891
36	72	-0.0329014
17	92	-0.0329151
16	66	-0.0330343
25	30	-0.0331121
26	90	-0.0332127
25	50	-0.0332234
16	62	-0.0333246
21	60	-0.0333768
4	88	-0.0333784
27	84	-0.0335512
28	62	-0.0335657
49	75	-0.0336392
61	80	-0.0336932
8	71	-0.0337311
59	82	-0.0337606
29	58	-0.033798
12	28	-0.0338328
40	55	-0.0339001
35	48	-0.0339577
14	16	-0.0340715
35	43	-0.0340799
16	47	-0.0341209
8	35	-0.0341437
4	90	-0.0341516
18	85	-0.0341622
19	28	-0.0342002
28	32	-0.034218
9	30	-0.0342183
24	58	-0.0342391
45	96	-0.0343632
33	44	-0.0344336
43	52	-0.0344365
51	76	-0.0345292
33	47	-0.0345311
55	69	-0.0345335
42	92	-0.0345459
9	62	-0.0346766
83	92	-0.0346919
58	73	-0.034696
57	72	-0.0348087
21	72	-0.0348371
4	71	-0.0348411
65	87	-0.0348576
41	56	-0.0348787
3	41	-0.0348954
52	88	-0.0350558
60	72	-0.0350734
28	67	-0.0352844
56	80	-0.0353011
12	18	-0.0353171
2	73	-0.0353523
83	87	-0.0353632
3	13	-0.0354791
15	92	-0.0355295
17	94	-0.0355497
8	96	-0.0355793
31	72	-0.0355964
27	88	-0.0356601
75	78	-0.0357139
17	47	-0.0357869
14	45	-0.035938
39	52	-0.0359644
28	50	-0.0359659
68	90	-0.0359916
38	61	-0.0360867
46	59	-0.0361265
68	79	-0.0361678
22	81	-0.0362316
24	66	-0.0362387
31	73	-0.0362848
12	52	-0.0363006
29	38	-0.0363751
42	95	-0.0364142
44	66	-0.0364439
3	21	-0.0364701
6	69	-0.0364795
1	53	-0.0365243
32	96	-0.0365688
18	93	-0.036583
67	74	-0.0365933
10	36	-0.0367131
51	68	-0.0367309
33	68	-0.0367351
35	85	-0.0368201
40	57	-0.0368722
27	63	-0.0369059
59	85	-0.0369271
25	84	-0.0369461
74	76	-0.0370346
73	78	-0.0370405
47	51	-0.0370543
30	69	-0.0371049
28	54	-0.0371604
28	51	-0.0371819
28	30	-0.0372267
45	57	-0.0372451
25	67	-0.0372835
48	52	-0.0373096
29	33	-0.0373493
45	50	-0.0373515
37	44	-0.0373798
15	47	-0.0375108
10	72	-0.0375367
4	59	-0.0377361
4	73	-0.0377396
4	91	-0.0377615
50	56	-0.0378585
15	26	-0.0378684
17	19	-0.0378858
33	48	-0.0379242
25	77	-0.0379265
44	81	-0.0379297
27	30	-0.0379553
36	70	-0.0379783
33	45	-0.0380123
27	91	-0.0380252
44	71	-0.0380388
47	77	-0.038045
7	91	-0.0380471
36	87	-0.038064
15	95	-0.0380908
9	73	-0.0381304
37	63	-0.0381786
14	48	-0.038181
36	60	-0.0382583
66	68	-0.0382714
1	92	-0.038299
26	73	-0.0383656
26	52	-0.0383893
10	13	-0.038404
31	43	-0.038471
9	63	-0.0384896
20	36	-0.0387068
42	51	-0.0387122
23	96	-0.0387904
26	77	-0.0388112
31	33	-0.0388256
2	16	-0.0388369
30	96	-0.0389723
35	40	-0.0390237
26	59	-0.0390483
24	78	-0.0390521
52	84	-0.0390668
45	78	-0.039132
16	50	-0.0392403
30	47	-0.0392855
55	84	-0.0392877
28	59	-0.039378
48	78	-0.0393809
17	18	-0.0394161
8	42	-0.0395445
27	34	-0.0395596
63	71	-0.0396319
7	60	-0.039663
18	38	-0.0396872
30	75	-0.0398198
30	86	-0.0398243
14	60	-0.0398389
59	86	-0.0398772
63	87	-0.0398954
1	82	-0.0398973
45	87	-0.0399018
69	91	-0.0399213
9	57	-0.0399448
4	34	-0.0400187
14	64	-0.0400273
68	73	-0.0400868
70	80	-0.040131
82	85	-0.0401677
81	85	-0.0402929
10	14	-0.0402959
26	58	-0.0402993
4	33	-0.0403031
50	60	-0.0403309
68	91	-0.0403331
11	94	-0.0404184
48	71	-0.0404603
27	79	-0.0404657
47	59	-0.0404886
18	94	-0.0404998
32	48	-0.0405
47	79	-0.0405005
17	48	-0.0405264
7	82	-0.0405279
9	84	-0.0405414
3	96	-0.0407249
17	28	-0.0407416
11	68	-0.0408183
22	29	-0.0408681
25	63	-0.0409207
6	75	-0.0409614
41	78	-0.0409751
9	15	-0.0409773
45	63	-0.0410017
46	81	-0.0410626
26	91	-0.041064
71	85	-0.0411278
45	52	-0.0411365
24	87	-0.041176
37	85	-0.0412062
3	7	-0.0412458
1	10	-0.0412492
15	86	-0.0412492
64	86	-0.0412881
6	87	-0.0413335
49	61	-0.0413429
44	91	-0.0413699
28	33	-0.0413799
14	78	-0.0414361
27	71	-0.0414898
14	24	-0.0415961
41	69	-0.0416071
48	67	-0.0416128
32	65	-0.0416938
34	43	-0.0417215
27	66	-0.0417416
32	66	-0.0417634
27	51	-0.0420302
30	95	-0.0420545
28	79	-0.0420785
18	28	-0.0420864
30	48	-0.0420908
61	81	-0.0421059
20	67	-0.0421318
59	68	-0.0421533
45	66	-0.0421631
30	61	-0.0422119
15	25	-0.0422228
20	51	-0.0422242
57	79	-0.0422307
8	50	-0.04224
10	67	-0.0422558
42	84	-0.0423571
4	66	-0.0424721
65	72	-0.042487
26	34	-0.0425381
18	24	-0.042542
13	69	-0.0425555
18	33	-0.0426806
35	84	-0.0428199
51	58	-0.0428563
83	90	-0.0429986
8	92	-0.0430073
1	46	-0.0430606
42	61	-0.0430889
7	72	-0.0431219
72	75	-0.043155
31	93	-0.0431578
2	29	-0.0431854
15	85	-0.043212
11	46	-0.0432326
4	15	-0.0432512
13	28	-0.0432651
4	32	-0.0433245
4	30	-0.0434377
68	84	-0.043456
21	61	-0.0435029
47	73	-0.0435635
11	53	-0.0436166
24	88	-0.0436461
46	79	-0.0436539
18	20	-0.0437404
47	71	-0.0437435
46	66	-0.0438239
11	59	-0.0438443
65	92	-0.0438944
42	86	-0.0438989
70	73	-0.043924
42	54	-0.0439634
8	53	-0.044148
18	25	-0.04416
18	64	-0.0441902
3	20	-0.0442312
63	85	-0.044252
14	94	-0.0443013
69	95	-0.0443159
58	70	-0.0443649
55	74	-0.0443744
1	36	-0.0444087
27	33	-0.0444558
4	20	-0.044466
17	32	-0.0445045
43	53	-0.0445218
2	93	-0.0446483
83	86	-0.0446684
48	77	-0.0448199
55	93	-0.0448601
66	90	-0.044874
47	58	-0.0448955
50	81	-0.044928
40	45	-0.0449357
47	66	-0.0449397
48	51	-0.0449504
54	56	-0.0450179
53	69	-0.0451062
18	86	-0.04511
28	90	-0.0451814
10	52	-0.0452662
43	91	-0.0452668
32	89	-0.0452959
64	68	-0.0453071
27	73	-0.0453684
63	68	-0.0453754
24	52	-0.0454515
69	77	-0.0454765
46	95	-0.045496
14	39	-0.0456519
16	28	-0.0457163
85	91	-0.0457718
26	88	-0.0457944
72	77	-0.045838
68	71	-0.0458899
25	90	-0.0459517
3	34	-0.0459805
25	33	-0.0459892
33	62	-0.0460026
48	58	-0.0460426
46	89	-0.0460643
9	13	-0.0460687
26	71	-0.0461275
12	86	-0.0461337
32	69	-0.0461803
41	55	-0.0462016
2	92	-0.0462206
6	45	-0.0463521
27	59	-0.0464036
71	81	-0.0464055
43	71	-0.0464519
14	86	-0.0465106
25	59	-0.0465146
61	83	-0.0466223
56	82	-0.04663
24	33	-0.0466406
16	80	-0.0467019
39	84	-0.0467471
22	75	-0.0467744
63	84	-0.046784
26	95	-0.0468695
17	69	-0.046879
42	59	-0.0469353
76	85	-0.0469657
13	70	-0.0469755
17	45	-0.0469873
39	77	-0.04702
28	76	-0.0470392
58	84	-0.0470844
19	26	-0.04711
72	76	-0.0471484
6	65	-0.0471586
22	43	-0.0472258
61	94	-0.0472301
27	55	-0.0473691
44	56	-0.0474321
15	75	-0.0474446
6	61	-0.0474868
23	88	-0.0474909
37	75	-0.0475377
24	56	-0.047559
83	85	-0.0475848
57	86	-0.0475981
13	79	-0.0476305
45	59	-0.0476589
26	79	-0.0476595
21	33	-0.0476616
3	57	-0.0476744
31	69	-0.0477075
73	89	-0.0477095
48	65	-0.0478185
34	69	-0.0478387
14	85	-0.0479553
42	72	-0.0479793
16	86	-0.0479976
9	40	-0.0480138
11	85	-0.0480364
61	78	-0.048058
43	44	-0.0480802
20	48	-0.0482212
37	65	-0.0482403
8	10	-0.0482437
31	64	-0.0482602
59	70	-0.0482874
3	53	-0.0483372
12	85	-0.0483796
7	11	-0.0483952
16	96	-0.0484573
37	72	-0.0484724
53	76	-0.0484753
31	86	-0.0484913
15	81	-0.0484978
35	62	-0.048498
13	68	-0.0485753
34	54	-0.0485887
13	67	-0.0487255
39	51	-0.0488138
20	31	-0.0488531
33	91	-0.0488661
50	85	-0.0489292
34	47	-0.0489368
33	46	-0.0489371
10	57	-0.048944
14	46	-0.0489832
24	96	-0.0490384
17	46	-0.0490583
62	72	-0.0490836
18	21	-0.0491198
74	86	-0.0491564
22	74	-0.0492216
32	61	-0.0492762
36	63	-0.0492894
11	27	-0.0493324
22	52	-0.0493445
60	71	-0.0493501
46	57	-0.0493996
85	93	-0.0494642
4	11	-0.0494695
49	65	-0.0494816
12	80	-0.0495738
9	91	-0.0495813
33	85	-0.0496325
28	66	-0.0496813
69	75	-0.0497201
40	62	-0.0497469
9	59	-0.0497987
32	84	-0.0498458
15	91	-0.0499349
15	28	-0.0499476
18	45	-0.0499637
41	64	-0.0499667
15	68	-0.0500013
13	52	-0.0500715
84	88	-0.0500973
34	85	-0.0501453
85	96	-0.0501464
86	95	-0.0501787
18	27	-0.0502265
40	48	-0.0503498
22	67	-0.0504613
39	87	-0.0505639
40	47	-0.0506202
3	17	-0.0506495
26	92	-0.0506926
45	90	-0.0506983
22	78	-0.0507024
59	91	-0.0507108
20	42	-0.0507159
47	84	-0.0507416
48	92	-0.0507681
49	60	-0.0507705
11	45	-0.0508259
11	23	-0.0508457
16	70	-0.0508813
14	25	-0.0509065
30	72	-0.0509611
24	82	-0.0509617
48	56	-0.0510077
62	94	-0.0510461
11	70	-0.0511624
58	96	-0.0511674
36	62	-0.0511808
25	91	-0.0511952
9	51	-0.0512861
3	92	-0.0512863
34	89	-0.0513151
26	63	-0.0513288
16	41	-0.0513313
11	75	-0.0514061
43	84	-0.0514166
68	81	-0.0514813
9	80	-0.0515393
63	80	-0.0515512
9	33	-0.0516832
37	52	-0.0516937
45	77	-0.0517908
41	61	-0.0518077
20	26	-0.0518152
73	92	-0.0518308
48	95	-0.0518821
58	85	-0.0518874
51	95	-0.0519409
14	91	-0.0519596
88	91	-0.0519722
45	89	-0.05198
4	84	-0.0520406
81	88	-0.0520854
35	72	-0.0521574
28	55	-0.0522376
11	47	-0.0522515
16	18	-0.0524525
8	80	-0.0524578
6	18	-0.0525845
23	76	-0.0525942
58	68	-0.0526004
19	90	-0.0526182
14	26	-0.0526195
11	25	-0.0526374
82	90	-0.0526375
15	24	-0.0527633
31	32	-0.0527743
28	82	-0.0528325
25	73	-0.0529039
16	45	-0.0529268
25	34	-0.0529398
4	51	-0.0529811
3	11	-0.0530202
26	33	-0.0530585
94	96	-0.0530683
39	46	-0.0531326
24	51	-0.0531405
45	51	-0.0531672
28	89	-0.0531804
32	45	-0.0532377
45	79	-0.0532533
46	92	-0.0532654
3	95	-0.0533751
37	42	-0.0534288
41	86	-0.0534333
28	57	-0.0534579
12	81	-0.0534941
24	50	-0.0535005
63	83	-0.0535445
71	72	-0.0535553
36	45	-0.0536335
77	85	-0.0536539
39	80	-0.0536726
16	75	-0.0538106
31	47	-0.0538295
18	77	-0.0538798
69	93	-0.0538887
18	19	-0.0539109
9	78	-0.0539574
46	50	-0.0539831
11	30	-0.054044
45	76	-0.0540494
29	56	-0.0540626
27	58	-0.0541519
60	74	-0.0542026
4	41	-0.0542182
62	79	-0.0542777
25	40	-0.0542956
46	76	-0.0543219
14	77	-0.0544273
4	17	-0.0545187
75	86	-0.0545473
69	83	-0.0545727
47	63	-0.0545985
28	58	-0.054607
39	75	-0.0546127
35	82	-0.0546129
28	63	-0.0546279
16	68	-0.0546888
72	96	-0.0548002
13	47	-0.054808
7	52	-0.0548199
8	21	-0.0548471
80	86	-0.0548686
26	81	-0.0549118
46	96	-0.0549347
3	63	-0.0549886
48	50	-0.0550187
69	92	-0.0550333
5	63	-0.0551078
50	72	-0.055111
35	88	-0.0551175
18	46	-0.0551328
4	89	-0.0551465
5	73	-0.0552474
18	84	-0.0552591
27	56	-0.0552736
15	45	-0.0552741
18	26	-0.0553006
5	17	-0.0553155
23	58	-0.0553455
31	80	-0.0553708
23	71	-0.0553874
5	30	-0.0554781
9	89	-0.0554821
42	90	-0.055488
8	66	-0.055517
28	78	-0.0556278
45	88	-0.0556289
32	47	-0.0556499
2	67	-0.0558091
69	90	-0.0558441
12	64	-0.055847
24	64	-0.0558537
9	31	-0.0558631
8	62	-0.0558774
11	74	-0.0558866
27	32	-0.0559328
20	78	-0.055981
7	43	-0.0559811
8	81	-0.0560302
3	12	-0.056047
18	60	-0.0560601
16	89	-0.0562522
8	54	-0.0563385
26	39	-0.0563499
35	86	-0.0563625
43	60	-0.0564086
9	14	-0.0564094
7	8	-0.0564221
11	49	-0.0564251
26	56	-0.0564733
18	68	-0.0564816
56	77	-0.0565881
20	25	-0.0566048
12	48	-0.0566214
4	13	-0.0566977
9	11	-0.0567069
67	69	-0.0567145
67	70	-0.0567447
16	88	-0.0567659
46	71	-0.0568083
86	91	-0.0568211
35	44	-0.0568355
25	81	-0.0568665
51	96	-0.0568941
40	86	-0.0568946
76	86	-0.0569071
72	89	-0.0569086
11	28	-0.05694
4	63	-0.0570205
13	83	-0.0570818
19	43	-0.0571218
9	64	-0.0571544
34	74	-0.0571964
3	90	-0.0572669
16	71	-0.057273
46	74	-0.057293
24	95	-0.0573692
13	18	-0.0573931
42	64	-0.0574138
31	75	-0.0574284
53	90	-0.0574774
47	89	-0.0575231
11	41	-0.0576003
27	57	-0.0576122
21	39	-0.0576179
85	89	-0.0576246
28	81	-0.0576707
16	74	-0.0577078
19	22	-0.0577549
24	89	-0.0577858
82	86	-0.0578539
16	63	-0.0578872
5	62	-0.0579432
1	34	-0.0579692
6	34	-0.0579766
6	10	-0.0579874
59	69	-0.0581585
43	83	-0.0582385
40	50	-0.058253
72	82	-0.0582726
48	57	-0.0583354
16	84	-0.0583385
34	63	-0.0583675
76	94	-0.0583903
34	96	-0.0584224
12	84	-0.0584324
84	86	-0.0584354
3	75	-0.0584379
41	95	-0.0584385
37	39	-0.0584714
2	31	-0.0584767
3	59	-0.0585067
31	51	-0.0585449
85	92	-0.0585721
4	79	-0.0585772
45	81	-0.0585972
4	40	-0.0586507
48	87	-0.0587237
70	94	-0.0587347
8	91	-0.0587551
4	19	-0.0588155
45	80	-0.0588254
63	96	-0.0588386
67	72	-0.0588446
8	16	-0.0588952
5	41	-0.0589145
40	69	-0.0589568
66	85	-0.0589633
38	65	-0.0589901
40	96	-0.0590144
68	96	-0.0590438
24	40	-0.0590638
13	48	-0.0590678
14	27	-0.0590946
15	31	-0.0591379
5	16	-0.0592347
11	69	-0.0592619
48	82	-0.0592976
12	87	-0.0593313
8	59	-0.0593499
3	32	-0.0594075
32	78	-0.0594529
60	83	-0.0594842
61	79	-0.0594875
3	77	-0.0594905
4	76	-0.0594996
13	21	-0.0595051
4	58	-0.0595213
25	92	-0.0595312
8	30	-0.0595372
20	95	-0.0595562
20	62	-0.0596363
86	96	-0.0596774
4	14	-0.0597281
46	93	-0.0597318
76	91	-0.0597407
19	27	-0.0597614
46	51	-0.0597769
73	86	-0.0598184
36	88	-0.059835
7	23	-0.0598905
59	72	-0.0599319
24	57	-0.0599468
50	75	-0.0600229
3	66	-0.0600344
28	56	-0.0600588
49	67	-0.0601758
29	91	-0.0602099
49	82	-0.0602176
14	47	-0.0602289
57	85	-0.0602403
24	92	-0.0602442
13	22	-0.0602448
45	58	-0.0602481
39	48	-0.0603168
3	67	-0.0603221
4	39	-0.0603356
34	86	-0.0603385
25	31	-0.0603504
64	71	-0.0603869
26	40	-0.0604312
35	46	-0.060468
39	45	-0.0604794
61	95	-0.0604943
41	57	-0.0605545
26	64	-0.0605703
86	93	-0.0606103
46	88	-0.0606159
47	91	-0.0606415
25	58	-0.0606639
17	24	-0.0607973
30	34	-0.0608027
18	32	-0.0608643
8	84	-0.0609092
38	86	-0.060955
4	18	-0.0609676
57	68	-0.0609768
42	70	-0.0610477
13	78	-0.061137
43	61	-0.0611416
2	36	-0.0611497
19	91	-0.061151
14	72	-0.0612197
85	94	-0.0612915
47	81	-0.0613651
28	39	-0.0613746
25	39	-0.0613748
4	31	-0.0613902
15	30	-0.0614014
26	66	-0.0614319
39	47	-0.0615187
13	43	-0.061582
3	93	-0.0616177
25	32	-0.0616285
62	95	-0.0616295
56	88	-0.0616697
4	57	-0.0616988
24	35	-0.0617545
48	76	-0.0618196
34	46	-0.0618358
12	27	-0.0619308
29	81	-0.0619381
28	77	-0.0620152
7	94	-0.0620248
55	90	-0.0621276
18	40	-0.0621676
15	27	-0.0621677
32	53	-0.0622386
47	80	-0.0622508
23	51	-0.0623422
30	39	-0.0623507
28	93	-0.0624119
48	79	-0.0624215
19	25	-0.0624289
16	85	-0.0624999
9	58	-0.0625191
10	56	-0.0625297
27	89	-0.0625509
68	80	-0.0625763
86	94	-0.0626266
9	19	-0.0626318
68	77	-0.0626576
4	12	-0.0627379
29	65	-0.0627477
8	74	-0.062783
39	68	-0.0627925
14	68	-0.0628018
36	92	-0.0628179
46	75	-0.0628798
16	44	-0.0629229
57	69	-0.062933
7	59	-0.0629562
3	40	-0.0629989
1	95	-0.0630301
61	91	-0.0630399
70	76	-0.0630545
15	23	-0.0630708
19	37	-0.0631448
48	80	-0.0631975
22	54	-0.0632585
47	52	-0.0633232
26	31	-0.0633688
25	89	-0.0634013
42	78	-0.0634574
4	77	-0.0634829
4	78	-0.0635177
46	65	-0.0635391
41	53	-0.0636618
46	55	-0.0636906
11	43	-0.0637293
69	94	-0.0638459
28	40	-0.0638545
9	36	-0.0638707
48	89	-0.0639067
17	27	-0.0639603
32	72	-0.0639918
18	47	-0.0640364
14	43	-0.0641268
48	88	-0.064174
7	58	-0.0642168
47	64	-0.06428
24	39	-0.0644134
5	36	-0.0644302
62	80	-0.0644699
12	40	-0.0644791
14	88	-0.0645398
18	53	-0.064546
35	76	-0.064571
27	39	-0.0646602
3	38	-0.0646606
4	64	-0.0647172
47	57	-0.0647423
11	67	-0.0647776
26	37	-0.0647811
27	81	-0.0647885
2	82	-0.0648013
9	55	-0.0648028
32	46	-0.0648159
43	50	-0.0648213
86	89	-0.0648253
2	32	-0.0648374
19	68	-0.0648814
54	67	-0.0648951
16	60	-0.0649651
34	90	-0.0649893
11	24	-0.0650257
57	95	-0.0650326
9	35	-0.0650825
36	69	-0.0651276
79	85	-0.0651385
4	56	-0.065179
64	85	-0.065194
2	41	-0.0652053
25	78	-0.0652941
3	87	-0.0652967
4	92	-0.0652995
46	52	-0.065312
12	45	-0.0653149
1	87	-0.0653625
2	11	-0.0653635
32	79	-0.0654276
69	80	-0.0654444
11	79	-0.0654446
18	72	-0.0654845
9	92	-0.0654888
36	86	-0.0655227
59	81	-0.0655295
39	63	-0.0655554
26	89	-0.065634
28	36	-0.0657497
31	85	-0.0657895
27	40	-0.0658549
4	80	-0.0658927
27	76	-0.0659212
49	81	-0.0659698
46	94	-0.0660455
3	80	-0.0660539
13	25	-0.0661146
18	43	-0.0661193
41	47	-0.0661335
36	71	-0.0661474
8	67	-0.0661746
45	64	-0.0661835
45	93	-0.0661944
13	14	-0.0662064
78	93	-0.0662378
83	93	-0.066248
24	38	-0.0662506
52	71	-0.0662832
58	74	-0.0663203
10	34	-0.0663238
43	89	-0.0663253
23	38	-0.0663374
16	83	-0.0664001
50	86	-0.0664086
8	88	-0.0664555
27	64	-0.0664697
21	73	-0.0665369
36	51	-0.0665442
21	56	-0.0665723
9	39	-0.0666618
11	81	-0.0667184
72	84	-0.066764
8	34	-0.0667699
30	56	-0.0668115
51	85	-0.066838
32	68	-0.0668818
28	38	-0.0668887
32	85	-0.0669054
52	72	-0.0669152
9	18	-0.0669275
38	75	-0.0669339
68	89	-0.0669883
16	43	-0.0670633
22	23	-0.0670744
43	93	-0.0671374
1	44	-0.0671532
31	46	-0.067196
15	69	-0.0672731
15	54	-0.0672766
23	56	-0.0672774
36	73	-0.0673176
8	73	-0.067329
28	74	-0.0673571
50	90	-0.0673961
25	56	-0.0674448
86	88	-0.0675544
45	94	-0.0675648
56	85	-0.0675792
64	94	-0.0676099
80	85	-0.0676179
11	87	-0.0676298
81	83	-0.067632
11	26	-0.0676589
24	80	-0.0677235
22	42	-0.0677413
28	75	-0.0677978
24	41	-0.0678088
15	46	-0.0678343
11	72	-0.067857
2	83	-0.0679104
38	84	-0.0679225
84	96	-0.0679512
89	95	-0.0679528
11	89	-0.0679541
63	69	-0.0679666
9	66	-0.0679843
56	69	-0.0680565
56	68	-0.0681782
54	96	-0.0681891
40	81	-0.0682176
8	95	-0.0682986
42	88	-0.0683064
24	94	-0.068317
28	92	-0.0683394
31	48	-0.0683461
57	84	-0.0683823
2	95	-0.06841
3	58	-0.0684851
13	62	-0.0685652
36	46	-0.0685823
35	73	-0.0687099
4	52	-0.0687687
25	64	-0.0688795
27	80	-0.0689001
72	73	-0.0689362
41	46	-0.0690075
49	53	-0.0691271
47	56	-0.0692417
23	81	-0.0692522
25	57	-0.0692813
33	72	-0.0692843
26	57	-0.0693076
50	59	-0.0694375
12	60	-0.0695302
9	96	-0.0695377
8	93	-0.0699401
13	93	-0.0699691
4	96	-0.0700356
50	52	-0.0700597
34	94	-0.0700928
52	85	-0.0701311
32	74	-0.0701457
41	72	-0.0703077
56	81	-0.0703079
81	86	-0.0703421
9	52	-0.070355
3	64	-0.0705823
45	92	-0.0706015
11	48	-0.0706306
40	72	-0.0706927
24	55	-0.0707344
52	68	-0.0707476
3	83	-0.0707541
9	81	-0.0709419
45	55	-0.070961
20	46	-0.0710188
46	82	-0.0710492
27	77	-0.0710871
7	95	-0.0711079
67	76	-0.0711207
50	70	-0.0711496
15	77	-0.071205
6	21	-0.0712168
41	60	-0.0712212
41	85	-0.0712476
33	42	-0.071262
32	52	-0.0712642
9	56	-0.0713145
35	80	-0.0713366
8	40	-0.0713746
25	80	-0.0714108
28	35	-0.0714171
68	74	-0.0714212
50	78	-0.071475
50	71	-0.0714941
26	32	-0.0715008
35	45	-0.0715896
9	77	-0.0716372
41	45	-0.0717153
46	77	-0.0717379
41	75	-0.0718856
6	93	-0.0718908
57	77	-0.0719026
59	67	-0.0719095
27	52	-0.0719187
65	86	-0.0719361
52	69	-0.0719589
35	47	-0.0719804
3	56	-0.0719978
27	92	-0.0720367
27	35	-0.0720379
25	66	-0.0720432
33	67	-0.0720899
31	45	-0.0720999
47	83	-0.072118
15	21	-0.0721264
38	48	-0.072192
58	69	-0.0722042
18	80	-0.0722716
35	69	-0.0722765
49	58	-0.0723132
69	88	-0.0723189
17	73	-0.0724185
25	55	-0.0724541
68	95	-0.0725607
16	72	-0.0725903
27	96	-0.072605
34	76	-0.072617
24	65	-0.0727902
9	41	-0.0727947
82	96	-0.0729442
25	75	-0.072991
9	12	-0.0730525
4	95	-0.0731337
81	96	-0.073199
42	91	-0.073216
24	79	-0.0734338
28	52	-0.0734463
38	69	-0.0735068
74	85	-0.0735369
33	51	-0.0735506
71	92	-0.0735603
25	95	-0.0735809
72	91	-0.0736164
68	92	-0.0736689
31	59	-0.073702
45	56	-0.0737504
51	72	-0.0738957
30	64	-0.0739035
66	74	-0.0739363
9	79	-0.0739766
27	75	-0.0739766
3	89	-0.0740455
33	36	-0.0741014
54	58	-0.0742975
27	78	-0.0743184
47	92	-0.0743221
7	40	-0.0743225
1	32	-0.0743355
16	92	-0.0743776
17	55	-0.0744624
39	54	-0.0745128
84	90	-0.0746899
24	76	-0.0747153
4	65	-0.0747171
12	72	-0.0748066
4	55	-0.0750438
6	23	-0.0750864
19	47	-0.0751075
64	69	-0.0751108
8	58	-0.0751153
27	41	-0.075199
26	55	-0.0753797
17	49	-0.0754557
78	85	-0.0754754
70	77	-0.0755275
46	83	-0.0755402
43	66	-0.0755501
5	78	-0.0755888
20	27	-0.0757557
48	96	-0.0758535
3	52	-0.0759431
27	37	-0.0760542
48	55	-0.0760682
18	67	-0.0760866
28	83	-0.076192
4	83	-0.0762081
54	89	-0.0763323
16	23	-0.0763388
37	43	-0.0765029
7	75	-0.0765892
45	75	-0.0765958
8	38	-0.0766041
14	19	-0.0766525
67	81	-0.0766747
28	31	-0.0767245
40	46	-0.0767995
49	70	-0.0768063
40	68	-0.0768484
69	78	-0.0769242
13	27	-0.0770103
79	89	-0.0771304
3	94	-0.0771369
28	80	-0.0771728
20	45	-0.0772116
9	83	-0.0772627
40	85	-0.0772762
12	47	-0.0773592
38	72	-0.0774117
47	96	-0.0775222
48	75	-0.0775446
52	73	-0.077563
46	80	-0.0776663
4	74	-0.0776783
52	95	-0.0777123
20	91	-0.077742
55	68	-0.0777747
41	48	-0.077818
42	63	-0.0778291
25	35	-0.0778453
26	80	-0.0778737
19	46	-0.0779131
16	29	-0.0779289
31	66	-0.0779353
8	57	-0.077978
12	39	-0.0780072
63	77	-0.0780225
9	20	-0.0780772
11	96	-0.0782309
50	63	-0.0782339
19	48	-0.0782508
48	94	-0.0782587
26	83	-0.0783332
68	82	-0.0783605
8	64	-0.0783724
43	58	-0.0783741
35	39	-0.0784104
54	61	-0.0784589
36	90	-0.0786961
1	63	-0.0787039
65	83	-0.0787827
38	50	-0.07886
28	95	-0.0788762
57	82	-0.0789622
78	82	-0.079004
19	93	-0.07906
31	61	-0.0792159
4	82	-0.079279
48	83	-0.0793535
66	69	-0.0793626
33	35	-0.079392
25	41	-0.0793941
3	36	-0.0794105
6	57	-0.0794469
27	82	-0.0794756
53	95	-0.079499
38	68	-0.0795716
32	86	-0.0795957
6	83	-0.079709
9	74	-0.0797098
63	74	-0.0797392
5	57	-0.0797404
38	56	-0.0798494
28	94	-0.0799271
28	41	-0.0799292
38	85	-0.0799515
24	31	-0.0800203
25	76	-0.0800832
43	59	-0.0801235
2	59	-0.0801852
61	92	-0.080356
3	37	-0.0803706
13	24	-0.0803871
68	76	-0.0803989
4	94	-0.080426
73	88	-0.0804888
64	89	-0.0804971
47	55	-0.0805188
38	52	-0.0805797
45	82	-0.0805896
8	63	-0.0806025
26	78	-0.0806587
65	68	-0.0806968
22	96	-0.0806972
38	62	-0.0806972
9	82	-0.0807146
10	88	-0.0807816
69	89	-0.0808117
86	92	-0.0808496
5	13	-0.0808734
38	58	-0.0809461
3	15	-0.0810244
4	81	-0.081027
41	52	-0.0811188
28	65	-0.0811245
25	96	-0.0812002
78	86	-0.081349
81	91	-0.081362
8	36	-0.0813978
26	96	-0.0814809
6	22	-0.0814909
4	37	-0.0815084
58	94	-0.0815255
1	35	-0.0816013
68	75	-0.0816639
7	10	-0.0816736
39	72	-0.0818066
42	60	-0.0818364
47	93	-0.0819057
20	72	-0.0819295
19	83	-0.0819333
4	75	-0.0820259
15	57	-0.0820524
45	74	-0.0820783
25	52	-0.0820959
35	55	-0.0821299
44	59	-0.0822807
20	76	-0.0823138
9	95	-0.0823143
5	50	-0.0824861
16	73	-0.0824921
48	81	-0.0824937
8	17	-0.0825282
49	51	-0.0825314
36	85	-0.08254
21	30	-0.0825477
27	31	-0.0825538
25	83	-0.0825682
37	45	-0.082636
22	76	-0.0826397
85	95	-0.0827186
52	96	-0.0827245
20	69	-0.082727
17	42	-0.0827515
30	54	-0.0829317
1	13	-0.0830566
20	87	-0.083068
5	33	-0.0830692
16	65	-0.0831282
41	51	-0.0831557
27	65	-0.0831639
13	40	-0.0833354
2	58	-0.083341
53	66	-0.0833471
1	54	-0.0833499
12	38	-0.0834072
47	76	-0.0834573
12	24	-0.0834683
6	54	-0.0836788
36	84	-0.0837502
17	53	-0.0837635
37	47	-0.0837669
2	96	-0.0838893
47	95	-0.0838923
2	54	-0.0839187
47	78	-0.0839813
9	65	-0.0840007
38	45	-0.0841091
49	56	-0.0841293
13	46	-0.0842334
58	88	-0.0843483
24	75	-0.0843533
26	75	-0.0843994
18	71	-0.0844995
75	85	-0.0845013
42	73	-0.0845404
68	94	-0.084668
37	87	-0.0846902
19	24	-0.084717
14	70	-0.0847253
47	94	-0.084797
65	85	-0.0848013
20	28	-0.0848602
13	95	-0.0848963
38	49	-0.0849559
57	83	-0.0850882
10	78	-0.085102
20	33	-0.0851069
35	89	-0.0853152
25	74	-0.0854287
37	96	-0.0854904
9	38	-0.0856538
30	79	-0.0856701
24	32	-0.0857357
47	75	-0.0857688
33	53	-0.0858803
72	94	-0.0860208
48	93	-0.0860435
16	49	-0.0860873
26	35	-0.0861126
17	70	-0.0861293
54	60	-0.0861324
68	93	-0.0861511
58	92	-0.086293
47	82	-0.0863138
10	22	-0.0863374
17	63	-0.0863491
80	82	-0.0863589
47	74	-0.0863961
35	68	-0.0864191
27	83	-0.0865779
26	82	-0.086597
1	77	-0.0866367
69	87	-0.0867065
8	52	-0.0867117
68	83	-0.086769
9	32	-0.0867883
13	94	-0.0868784
6	33	-0.0869099
3	78	-0.0869651
55	72	-0.0869907
21	51	-0.0870414
7	77	-0.0870517
40	78	-0.0870532
3	65	-0.0872152
15	70	-0.0874425
13	26	-0.0874935
11	80	-0.0875255
34	88	-0.0875373
26	65	-0.0875485
2	91	-0.0876364
3	35	-0.0876934
20	81	-0.0876974
24	81	-0.0876993
11	17	-0.0877724
26	74	-0.0877739
20	38	-0.0878626
70	83	-0.0878668
31	60	-0.087886
25	65	-0.0879369
9	75	-0.0879942
45	83	-0.0879974
24	83	-0.0880326
6	76	-0.0880515
12	25	-0.0880643
20	60	-0.0881651
39	42	-0.088178
16	31	-0.088217
8	20	-0.0883149
42	93	-0.0883351
16	81	-0.088348
40	65	-0.0884037
36	68	-0.0884829
45	65	-0.0885266
43	73	-0.0885708
71	74	-0.0886901
6	32	-0.088691
25	38	-0.0887339
21	34	-0.0887896
2	66	-0.0888085
70	93	-0.0888239
20	63	-0.088853
37	69	-0.0888643
20	68	-0.0888858
19	87	-0.0889445
45	95	-0.088971
7	83	-0.089152
27	95	-0.0892226
4	93	-0.0892924
43	63	-0.0894028
55	70	-0.0894587
4	36	-0.0896062
12	57	-0.0896228
12	68	-0.0896971
20	24	-0.0898609
6	81	-0.0899466
38	44	-0.0900224
23	34	-0.0900991
36	47	-0.0902058
6	59	-0.0902612
34	39	-0.090278
38	59	-0.0903785
35	61	-0.0903828
30	49	-0.0904655
32	70	-0.090497
81	90	-0.0906145
44	55	-0.0906922
24	37	-0.0907389
43	81	-0.0907563
24	74	-0.0907708
18	83	-0.0908701
8	56	-0.0909556
54	81	-0.0911092
26	41	-0.0911148
36	64	-0.0912099
84	89	-0.0914264
82	91	-0.0915996
25	82	-0.0916266
31	76	-0.091836
37	68	-0.0921519
20	64	-0.0921553
2	7	-0.0922735
37	46	-0.0923046
57	74	-0.092312
47	65	-0.0923171
83	94	-0.0923335
36	75	-0.0924007
18	51	-0.0926877
28	37	-0.0926918
27	74	-0.0926943
8	89	-0.0927211
31	82	-0.0929298
14	66	-0.092932
12	26	-0.0929323
68	78	-0.09296
38	46	-0.0929928
39	62	-0.0930474
41	62	-0.093055
25	36	-0.0930858
8	83	-0.0931058
17	67	-0.0931416
48	74	-0.0932075
8	78	-0.0932387
24	36	-0.0932822
36	48	-0.0932888
3	74	-0.0933062
39	76	-0.0933071
9	76	-0.0933678
6	73	-0.0933875
27	94	-0.093478
27	38	-0.0935549
79	93	-0.093621
71	95	-0.0937057
26	93	-0.0940941
5	83	-0.0941133
7	13	-0.0941717
9	94	-0.0942901
22	87	-0.094326
18	78	-0.094457
51	61	-0.0945268
70	89	-0.0945782
57	67	-0.0947762
38	47	-0.0948385
43	65	-0.0949775
30	36	-0.0952118
29	59	-0.095341
72	74	-0.0953964
29	63	-0.0954239
13	77	-0.0955292
26	38	-0.0955816
13	44	-0.0956187
17	51	-0.0956267
41	76	-0.0957048
38	91	-0.0957049
53	94	-0.0959761
23	60	-0.0959769
27	93	-0.0959965
80	81	-0.0962895
2	20	-0.0963072
12	46	-0.096376
7	63	-0.0966264
73	94	-0.0966947
13	81	-0.0966996
43	62	-0.0967779
4	38	-0.0968523
72	93	-0.0968616
6	20	-0.0968848
49	71	-0.0968948
29	43	-0.0970621
66	89	-0.0971445
12	55	-0.0971529
9	93	-0.0971944
1	19	-0.097637
18	56	-0.0976403
1	11	-0.0980573
43	49	-0.0980609
27	36	-0.0981803
70	91	-0.0983919
2	14	-0.09871
20	88	-0.0987746
23	30	-0.0988111
19	92	-0.0988496
21	55	-0.0989446
73	96	-0.0989535
75	90	-0.0989758
12	69	-0.0990277
69	74	-0.0990292
26	94	-0.0994497
1	59	-0.0994609
24	93	-0.0995286
37	48	-0.0995615
22	60	-0.0996136
30	43	-0.0996502
25	94	-0.0996759
25	37	-0.0997789
78	81	-0.0998079
21	40	-0.0999257
25	93	-0.100033
18	88	-0.100079
38	73	-0.100174
29	82	-0.100375
53	61	-0.100387
29	95	-0.100692
36	61	-0.100758
56	71	-0.100771
8	94	-0.100811
62	87	-0.101204
49	88	-0.101361
36	57	-0.101415
32	77	-0.101417
13	76	-0.101534
2	12	-0.101551
19	67	-0.101795
20	66	-0.10192
49	91	-0.102007
5	59	-0.102037
59	71	-0.10215
5	96	-0.102319
6	74	-0.102356
15	74	-0.102548
5	87	-0.102561
6	50	-0.102778
56	84	-0.102964
29	64	-0.102974
52	53	-0.102997
40	66	-0.103028
30	78	-0.103174
19	77	-0.103224
31	56	-0.103303
32	87	-0.103423
34	87	-0.103517
29	79	-0.103965
72	80	-0.104164
7	44	-0.104197
53	60	-0.104197
23	65	-0.104238
22	31	-0.104378
20	58	-0.104478
41	65	-0.10471
41	70	-0.10473
1	94	-0.104753
9	37	-0.104783
11	78	-0.104819
72	83	-0.104844
40	87	-0.104862
5	60	-0.105078
49	54	-0.105156
23	43	-0.105327
75	91	-0.105423
12	73	-0.105435
54	82	-0.105495
70	84	-0.105607
29	51	-0.105867
17	84	-0.105992
31	79	-0.106015
20	56	-0.106016
26	76	-0.10606
58	93	-0.106251
58	83	-0.106384
13	88	-0.106494
18	59	-0.106778
50	94	-0.106867
64	93	-0.106881
32	83	-0.106898
77	87	-0.107102
20	55	-0.107296
21	59	-0.107794
14	38	-0.107873
16	52	-0.10798
21	66	-0.108103
23	70	-0.108127
18	74	-0.108305
26	36	-0.108351
70	90	-0.108511
71	91	-0.108655
39	57	-0.108973
53	58	-0.109432
14	95	-0.109513
11	82	-0.109576
14	90	-0.109592
18	42	-0.109692
43	57	-0.109779
40	51	-0.109816
19	32	-0.109854
61	93	-0.110008
23	52	-0.110246
14	53	-0.110597
44	64	-0.110607
44	53	-0.110621
67	88	-0.111007
30	70	-0.11118
38	74	-0.111233
1	88	-0.111447
57	94	-0.111525
80	89	-0.111549
16	22	-0.111562
10	62	-0.111575
5	56	-0.111883
5	75	-0.111917
16	53	-0.111952
11	66	-0.111981
20	90	-0.112194
39	79	-0.112386
31	70	-0.112456
12	31	-0.112472
12	34	-0.112493
10	95	-0.112517
30	93	-0.11255
54	75	-0.112592
41	59	-0.112822
11	56	-0.112924
54	59	-0.112961
65	69	-0.112993
2	5	-0.113
15	49	-0.113136
31	63	-0.113374
84	94	-0.113374
73	90	-0.113535
84	95	-0.113543
55	60	-0.113579
67	71	-0.113678
5	42	-0.113922
43	74	-0.114071
6	31	-0.114226
30	82	-0.114479
77	91	-0.114627
33	96	-0.114817
74	91	-0.114823
21	82	-0.11484
55	61	-0.114865
34	49	-0.114988
17	41	-0.115019
7	74	-0.115077
1	23	-0.115506
23	67	-0.115655
12	88	-0.115664
37	50	-0.115792
17	29	-0.115903
40	92	-0.115949
21	90	-0.115985
31	67	-0.116717
2	39	-0.116964
23	61	-0.117039
54	87	-0.11704
10	89	-0.117379
33	74	-0.117639
34	71	-0.117761
11	76	-0.118166
71	77	-0.118478
71	83	-0.11851
44	54	-0.118645
2	88	-0.118739
11	29	-0.118858
5	58	-0.118864
14	83	-0.11887
44	96	-0.11895
44	57	-0.119101
41	79	-0.119149
54	63	-0.119208
29	96	-0.119295
21	79	-0.119496
7	62	-0.119647
1	74	-0.119656
58	82	-0.119667
13	29	-0.11975
49	52	-0.120208
51	74	-0.120361
2	49	-0.121048
8	65	-0.121607
7	22	-0.121633
16	67	-0.12201
92	93	-0.122053
29	53	-0.122253
53	75	-0.122426
32	62	-0.12253
40	83	-0.122598
20	54	-0.122609
41	43	-0.122925
2	18	-0.123216
10	33	-0.123352
57	75	-0.123379
20	50	-0.123445
29	77	-0.124141
6	90	-0.124162
30	67	-0.124205
31	34	-0.124254
80	91	-0.124269
11	91	-0.124484
32	73	-0.124684
53	56	-0.124767
43	64	-0.124981
36	91	-0.125503
51	94	-0.12564
17	31	-0.125731
2	89	-0.126137
10	37	-0.126344
21	87	-0.126534
33	83	-0.126802
43	96	-0.12681
40	64	-0.126831
1	38	-0.126834
5	52	-0.127185
21	62	-0.127228
63	93	-0.127566
44	67	-0.127795
17	50	-0.127825
52	54	-0.127902
19	53	-0.128106
12	70	-0.12848
15	76	-0.128588
21	71	-0.128672
1	65	-0.128748
50	80	-0.128895
14	74	-0.129179
54	70	-0.129212
30	37	-0.129562
29	76	-0.129798
6	52	-0.130137
20	84	-0.1303
19	41	-0.130541
30	35	-0.13061
57	92	-0.13078
70	95	-0.130823
35	58	-0.130849
10	82	-0.130881
41	58	-0.130975
16	55	-0.131009
19	23	-0.131021
37	58	-0.131296
15	29	-0.131317
13	49	-0.13156
15	43	-0.131596
21	67	-0.132067
65	74	-0.13227
8	37	-0.13232
20	39	-0.132367
56	67	-0.132815
11	83	-0.132939
10	15	-0.133078
40	74	-0.133207
21	29	-0.133217
23	53	-0.13341
19	49	-0.133522
44	76	-0.133659
70	88	-0.133697
70	71	-0.134273
23	93	-0.134369
39	70	-0.134607
34	55	-0.134707
34	81	-0.134804
78	84	-0.135149
35	71	-0.135204
5	70	-0.135279
35	50	-0.135356
42	80	-0.135371
13	39	-0.1356
14	42	-0.135902
5	89	-0.135976
51	54	-0.136159
44	79	-0.136394
12	33	-0.136577
29	57	-0.136826
7	87	-0.13702
53	64	-0.137282
7	29	-0.137302
15	87	-0.137457
52	55	-0.137457
18	66	-0.137553
55	76	-0.137594
53	73	-0.137649
32	90	-0.137659
66	67	-0.137663
14	82	-0.137795
14	71	-0.138232
41	82	-0.13854
13	37	-0.138728
19	81	-0.138764
36	43	-0.13893
15	40	-0.13916
13	53	-0.139223
76	88	-0.139243
12	94	-0.139779
1	60	-0.139867
12	90	-0.140089
1	79	-0.140314
20	40	-0.140368
18	35	-0.140444
40	43	-0.140449
34	73	-0.140769
32	88	-0.140933
15	64	-0.140936
2	81	-0.141068
2	74	-0.141144
18	91	-0.141505
54	71	-0.141597
44	52	-0.142186
59	83	-0.142556
29	67	-0.142618
21	77	-0.142719
6	49	-0.142753
19	35	-0.142845
50	96	-0.143183
19	76	-0.143276
6	62	-0.143404
22	84	-0.143456
34	82	-0.143539
53	84	-0.144029
36	81	-0.1442
5	15	-0.144413
14	65	-0.14452
19	40	-0.144554
56	94	-0.144566
71	79	-0.144644
10	75	-0.144801
20	52	-0.145204
17	82	-0.145515
22	63	-0.14572
1	12	-0.145797
12	30	-0.145991
55	64	-0.146423
77	84	-0.146613
31	94	-0.14662
1	80	-0.146906
12	75	-0.147011
7	56	-0.147267
6	43	-0.147302
39	90	-0.14745
14	31	-0.147479
44	63	-0.147725
15	82	-0.147788
74	93	-0.147834
51	90	-0.148017
19	21	-0.148051
23	90	-0.148167
55	57	-0.148457
20	49	-0.148519
1	75	-0.148628
12	63	-0.148787
20	32	-0.148978
73	77	-0.149043
23	64	-0.149292
29	75	-0.149401
53	57	-0.149716
19	44	-0.150361
42	56	-0.150377
43	76	-0.151193
2	17	-0.151634
50	77	-0.151926
13	41	-0.151949
15	89	-0.152066
2	35	-0.152193
21	44	-0.152202
19	95	-0.152212
2	23	-0.152549
44	82	-0.15268
10	17	-0.152792
81	87	-0.15387
67	96	-0.15406
41	54	-0.154206
71	90	-0.154317
1	49	-0.154864
51	71	-0.15496
36	40	-0.155271
1	89	-0.155339
58	67	-0.155547
75	89	-0.155566
15	93	-0.155586
13	84	-0.155677
5	65	-0.155803
13	42	-0.155923
21	35	-0.156198
23	77	-0.156374
29	80	-0.15653
32	51	-0.15675
49	93	-0.157418
22	58	-0.158062
2	90	-0.158268
56	89	-0.158662
73	87	-0.158935
35	49	-0.159363
53	62	-0.159582
5	74	-0.159812
20	41	-0.159828
10	94	-0.159859
36	56	-0.159883
7	66	-0.160106
44	51	-0.160213
31	91	-0.160216
6	79	-0.16047
6	12	-0.160591
29	54	-0.16066
19	29	-0.160722
40	52	-0.160746
30	33	-0.160753
51	89	-0.161589
6	53	-0.161653
40	71	-0.16252
17	40	-0.162689
19	94	-0.162954
12	54	-0.162958
38	83	-0.162999
15	83	-0.163014
66	87	-0.163541
16	94	-0.163848
44	95	-0.164346
21	38	-0.164366
22	55	-0.164373
2	30	-0.164377
31	57	-0.164423
53	63	-0.164576
19	42	-0.165162
13	31	-0.165296
34	41	-0.165836
30	81	-0.165911
84	87	-0.166132
5	38	-0.166333
70	87	-0.166621
87	95	-0.16676
66	83	-0.166984
40	79	-0.167658
5	10	-0.16772
14	67	-0.167814
82	95	-0.168288
12	82	-0.168954
40	88	-0.168987
7	35	-0.169096
20	75	-0.169376
18	22	-0.170842
74	89	-0.171436
13	92	-0.171641
34	75	-0.172336
21	64	-0.172438
50	74	-0.172502
44	80	-0.172893
14	75	-0.173316
13	73	-0.174004
44	77	-0.174604
16	40	-0.174815
19	96	-0.174907
13	23	-0.175773
5	94	-0.175867
31	71	-0.17659
53	59	-0.176872
18	79	-0.176902
55	58	-0.176925
1	31	-0.177352
23	35	-0.177363
11	31	-0.178651
19	38	-0.179025
5	82	-0.179131
37	80	-0.179572
33	54	-0.179748
20	23	-0.179771
1	41	-0.179943
50	64	-0.180666
31	65	-0.181189
30	94	-0.181604
22	59	-0.181625
65	67	-0.18178
21	42	-0.181898
55	56	-0.182465
50	83	-0.18255
14	35	-0.182757
14	79	-0.183285
59	74	-0.183518
22	57	-0.183768
2	15	-0.183854
20	73	-0.183892
17	95	-0.184156
19	88	-0.184293
12	91	-0.184337
14	22	-0.184535
20	82	-0.185626
55	62	-0.186114
55	59	-0.18637
50	87	-0.186718
7	17	-0.188043
49	66	-0.188129
77	92	-0.188684
18	31	-0.188733
7	32	-0.189157
65	96	-0.189443
49	80	-0.189465
74	92	-0.189808
23	66	-0.190225
10	81	-0.19053
43	79	-0.190632
51	83	-0.191437
74	81	-0.191562
12	23	-0.19176
49	77	-0.192222
55	63	-0.192384
35	70	-0.193329
29	52	-0.194119
65	89	-0.194198
19	31	-0.194277
20	30	-0.195395
21	95	-0.195741
22	90	-0.196321
32	43	-0.196673
11	77	-0.197392
49	64	-0.197762
22	41	-0.198345
30	77	-0.198368
18	34	-0.198588
19	84	-0.198957
23	95	-0.199421
23	57	-0.199948
51	87	-0.200259
37	78	-0.201378
10	38	-0.201698
1	93	-0.201825
1	21	-0.20195
23	42	-0.202405
23	78	-0.202457
13	38	-0.203159
34	44	-0.203227
29	34	-0.203948
22	77	-0.204561
42	49	-0.204998
10	35	-0.206249
23	79	-0.208252
49	95	-0.211032
21	75	-0.211342
5	91	-0.212199
14	41	-0.213134
14	34	-0.214374
6	30	-0.2144
22	65	-0.214621
49	79	-0.214847
18	36	-0.214964
70	81	-0.215005
74	88	-0.215017
18	41	-0.215233
37	76	-0.215411
12	93	-0.216743
51	73	-0.217384
14	92	-0.217707
23	80	-0.218798
22	33	-0.219809
19	73	-0.220931
31	58	-0.221887
32	92	-0.222326
11	44	-0.225635
53	65	-0.225755
15	44	-0.227059
75	80	-0.227581
5	90	-0.227961
12	76	-0.2282
49	92	-0.229589
50	53	-0.232395
49	90	-0.23306
50	55	-0.233212
12	49	-0.234081
17	44	-0.235656
44	75	-0.236207
14	36	-0.236773
20	70	-0.238083
20	93	-0.238626
54	84	-0.238921
36	82	-0.24014
38	51	-0.240172
1	78	-0.240755
41	71	-0.240757
54	73	-0.241757
13	35	-0.242785
49	57	-0.245561
12	41	-0.246113
7	92	-0.247356
22	73	-0.25272
55	65	-0.254963
5	39	-0.259092
51	84	-0.263693
30	80	-0.26383
21	37	-0.265211
30	76	-0.269102
32	82	-0.283157
49	78	-0.286959
5	22	-0.300156
50	92	-0.315794
18	92	-0.316199
32	75	-0.329392
23	92	-0.334532