#==========================================================================
# The first and second rows contain site pairs (i, j) such that j > i
# The third row contains coevolutionary scores obtained 
# using Boltzmann learning algorithm.
# Note that in this data sites are counted/labelled starting from 1
#==========================================================================
3	22	1.9472
12	41	1.64082
14	39	1.47042
16	37	1.42579
1	24	1.33511
30	31	1.32873
13	40	1.24738
26	27	1.2361
10	38	1.14056
10	15	0.796536
25	27	0.768991
15	38	0.7502
11	40	0.730069
2	23	0.697168
28	30	0.618879
25	26	0.57204
11	13	0.547642
16	39	0.533751
37	39	0.522078
14	25	0.498261
29	30	0.457166
11	39	0.456159
27	28	0.455157
28	38	0.448533
14	16	0.416518
16	40	0.398188
14	37	0.394829
25	41	0.371216
27	30	0.361922
28	31	0.354984
37	40	0.348806
38	40	0.347993
10	28	0.339936
10	14	0.339439
10	40	0.337923
9	10	0.336519
39	40	0.333681
29	33	0.331024
14	38	0.324117
9	13	0.321982
12	25	0.321624
22	31	0.319231
11	28	0.315099
32	33	0.312433
1	26	0.293236
30	38	0.293204
25	28	0.290503
3	11	0.288198
10	11	0.28293
15	30	0.277516
11	38	0.276315
3	31	0.271475
13	15	0.266257
15	28	0.248038
13	39	0.247877
15	40	0.240597
32	34	0.238711
3	10	0.2383
11	31	0.233938
11	22	0.222031
9	39	0.216317
13	27	0.214996
26	40	0.214977
9	37	0.214197
13	38	0.212639
14	40	0.20922
26	28	0.209
10	30	0.208353
22	27	0.207089
9	38	0.206225
14	26	0.204027
10	26	0.200832
1	9	0.195054
3	27	0.193828
11	12	0.192055
30	33	0.187644
9	16	0.187583
31	40	0.185843
33	34	0.184698
38	39	0.182635
26	30	0.18182
8	18	0.169906
12	39	0.169405
21	35	0.168054
5	21	0.166956
26	38	0.166431
24	26	0.16603
19	21	0.163853
18	36	0.163567
5	18	0.161675
15	27	0.160557
13	30	0.160182
19	20	0.159633
10	22	0.158671
8	35	0.158605
4	5	0.158482
20	35	0.157709
18	20	0.157207
5	20	0.156687
5	36	0.156408
4	18	0.155799
4	20	0.15491
18	35	0.154786
19	35	0.154783
15	25	0.154344
35	36	0.153426
4	21	0.152738
21	36	0.15273
8	21	0.151873
4	36	0.151328
19	36	0.150653
5	19	0.149991
6	35	0.149929
18	21	0.148931
5	35	0.148897
7	35	0.147463
18	19	0.147283
20	36	0.14644
29	34	0.14637
17	21	0.146256
4	35	0.145233
17	36	0.144859
17	19	0.144856
7	36	0.143005
8	20	0.142021
2	7	0.141129
5	8	0.140024
4	17	0.139884
8	17	0.139666
8	19	0.139408
6	34	0.139085
4	8	0.136934
2	20	0.136088
20	21	0.135012
9	24	0.134522
7	18	0.134198
11	15	0.134163
6	8	0.133949
8	36	0.132049
39	41	0.132022
16	24	0.131962
4	19	0.131662
23	28	0.130589
17	18	0.13021
4	7	0.130162
6	19	0.128565
7	21	0.12802
21	23	0.127604
7	20	0.127101
23	36	0.126874
5	7	0.126658
1	16	0.126635
6	36	0.126516
6	21	0.126264
5	17	0.126003
17	20	0.12596
23	35	0.124332
17	35	0.123879
5	6	0.123712
2	35	0.12161
2	36	0.121573
7	17	0.120795
2	28	0.120018
7	19	0.119392
9	14	0.117067
20	23	0.116813
4	6	0.116065
10	39	0.115413
18	23	0.115363
6	18	0.112757
2	21	0.112457
29	32	0.112129
2	5	0.111342
6	20	0.110448
7	8	0.110429
18	34	0.110079
25	29	0.109766
24	40	0.109687
6	7	0.108927
10	13	0.107442
17	23	0.107083
21	34	0.106846
4	23	0.106624
34	36	0.106091
2	18	0.103798
5	34	0.102245
15	31	0.102071
7	23	0.100803
1	37	0.100717
16	41	0.100093
2	8	0.0999127
24	37	0.0997557
6	17	0.0996872
19	23	0.0995865
1	39	0.0989883
2	19	0.0977236
8	23	0.0971962
6	23	0.0961656
19	34	0.0956724
2	4	0.0937934
4	34	0.0935455
22	34	0.0932725
6	32	0.0922161
5	23	0.0905489
1	13	0.0902655
20	32	0.0902458
2	17	0.0887881
2	6	0.0858859
12	13	0.0858463
21	32	0.0858046
34	35	0.0840968
17	34	0.0840361
1	40	0.0829563
11	41	0.0815627
32	36	0.0812728
29	31	0.0808826
8	32	0.0790811
20	34	0.0788671
8	34	0.0780487
9	25	0.077214
15	22	0.0747839
18	32	0.0721981
6	33	0.0715213
6	29	0.0705826
28	41	0.0694821
5	32	0.0665609
32	35	0.0627863
23	34	0.0620341
13	24	0.0615846
20	29	0.0614929
19	32	0.0613795
11	29	0.0611394
4	32	0.0599909
17	32	0.0599359
37	41	0.0588728
3	34	0.0584711
7	34	0.0577604
25	39	0.0561023
33	36	0.0558818
31	33	0.0549895
10	31	0.0541872
14	27	0.054169
2	34	0.0533797
7	32	0.0526223
29	35	0.051851
11	23	0.0506454
21	29	0.0488043
20	33	0.0480064
5	29	0.0469894
29	38	0.0468847
18	33	0.0452924
19	29	0.0442829
29	36	0.0436207
33	35	0.0428445
4	29	0.0412768
10	29	0.0399065
23	32	0.0395309
26	31	0.038801
13	14	0.0365831
12	32	0.0363378
27	41	0.0356663
12	27	0.0352563
25	38	0.0342449
9	41	0.0329852
21	33	0.0328244
5	33	0.0328018
8	33	0.030393
7	29	0.0303022
17	33	0.0290901
25	40	0.028151
17	29	0.0275159
2	32	0.0274762
6	24	0.0256821
1	6	0.0256302
8	29	0.0244062
19	33	0.0241282
14	28	0.0229243
4	33	0.0228704
25	33	0.0219908
13	16	0.0218594
24	25	0.0185261
7	33	0.0178762
18	29	0.0170097
26	33	0.0154786
22	32	0.0154295
9	27	0.0134331
3	6	0.0118463
24	39	0.0113426
8	24	0.0101964
4	24	0.0101799
13	26	0.00976677
20	24	0.00728753
12	28	0.00726883
31	34	0.00720801
7	9	0.00714131
21	24	0.00648655
18	24	0.00545647
28	29	0.00506442
5	37	0.0046596
32	41	0.00382014
17	22	0.00305083
19	24	0.00289826
27	37	0.00279031
7	41	0.00246135
8	9	0.00208208
5	24	0.00152592
4	37	0.00145299
1	36	0.00140281
1	5	0.00130518
19	37	0.00125998
1	19	0.000971323
1	21	0.000480222
6	37	7.54428e-05
7	24	6.63807e-05
17	24	1.41977e-05
18	37	-0.000855861
24	34	-0.00116178
21	37	-0.00146005
1	4	-0.00152254
3	38	-0.00184752
1	7	-0.0023099
26	39	-0.00231069
20	22	-0.00232909
10	41	-0.00278312
20	37	-0.00281008
26	29	-0.00329289
13	41	-0.00374347
25	30	-0.00377636
35	37	-0.00412085
3	15	-0.00510803
8	37	-0.00601055
1	18	-0.00622504
2	11	-0.00671514
36	37	-0.0067966
7	37	-0.00701588
1	8	-0.0070987
1	35	-0.00709915
6	9	-0.00747025
16	27	-0.00758369
9	30	-0.00806697
17	37	-0.00866687
13	22	-0.00912139
3	4	-0.00982516
2	29	-0.0109555
3	36	-0.0110623
32	38	-0.0111557
21	22	-0.0115986
1	17	-0.0121279
5	22	-0.0124027
9	12	-0.0124764
18	22	-0.0127218
6	22	-0.0129216
19	22	-0.0133953
12	16	-0.0134297
11	14	-0.0136342
12	37	-0.0136628
24	36	-0.0137916
3	20	-0.0149638
3	5	-0.0150117
14	24	-0.0154788
12	26	-0.0155124
3	19	-0.0160077
23	33	-0.0163372
12	35	-0.0167728
1	20	-0.0174658
3	13	-0.0180626
2	31	-0.0199266
24	35	-0.0201116
34	37	-0.0201753
10	12	-0.0206086
2	33	-0.0208496
22	25	-0.021246
9	26	-0.0216913
27	32	-0.0221187
4	22	-0.0224947
23	29	-0.023002
16	18	-0.0242959
12	19	-0.0247873
3	33	-0.0248824
19	41	-0.0249579
36	41	-0.0250381
15	39	-0.0255556
1	14	-0.0255932
22	36	-0.0265324
33	37	-0.0273245
22	35	-0.0279238
3	35	-0.0292323
21	41	-0.0293005
4	41	-0.0299632
23	24	-0.0303786
12	36	-0.0306133
12	18	-0.0312352
3	18	-0.0319622
24	32	-0.0322056
15	32	-0.0330586
1	34	-0.0340993
1	25	-0.0346312
3	8	-0.0347869
23	37	-0.0348381
8	22	-0.0349461
16	19	-0.0353585
16	21	-0.0356215
4	12	-0.0360495
3	28	-0.0364385
1	23	-0.03721
8	41	-0.0376173
18	41	-0.0378766
32	37	-0.0380969
12	21	-0.0385356
16	35	-0.03949
2	37	-0.0398737
16	17	-0.0402082
7	22	-0.0402187
5	41	-0.0402229
12	17	-0.0406719
9	40	-0.0407985
31	32	-0.0408435
6	15	-0.0413845
3	17	-0.0413903
9	36	-0.0415864
2	24	-0.0420365
7	16	-0.0420617
12	33	-0.0422097
3	7	-0.042344
9	21	-0.0423718
20	41	-0.0429338
3	21	-0.0432381
16	33	-0.0437812
35	41	-0.0444877
5	9	-0.0453119
2	22	-0.0457057
4	16	-0.0458347
5	16	-0.0458853
12	22	-0.0460721
8	16	-0.0461979
24	33	-0.0464531
9	20	-0.0465193
16	36	-0.0471588
3	32	-0.0472547
23	31	-0.0477368
1	29	-0.0482343
2	30	-0.048257
8	31	-0.0484404
16	20	-0.048783
33	38	-0.0489855
5	12	-0.0490012
6	16	-0.0495505
22	23	-0.049637
22	41	-0.050791
1	33	-0.0509787
9	19	-0.0516055
19	31	-0.0523185
15	21	-0.0523232
12	20	-0.0527173
12	15	-0.0532654
17	41	-0.0540907
3	25	-0.0542554
22	33	-0.0544213
7	31	-0.0547353
31	35	-0.0547734
8	12	-0.0556972
2	3	-0.0557305
2	41	-0.0561183
9	33	-0.056452
4	31	-0.0565174
1	2	-0.0565423
3	23	-0.0566089
9	15	-0.0571491
17	27	-0.057335
24	29	-0.0576932
2	12	-0.0584995
6	12	-0.0585008
9	17	-0.0585197
7	12	-0.0586034
16	34	-0.0591793
22	30	-0.0599598
13	25	-0.0608613
10	25	-0.060906
25	31	-0.0610609
15	20	-0.0611746
31	36	-0.061699
5	31	-0.0617499
13	33	-0.0620027
9	31	-0.0627935
6	41	-0.0631722
30	34	-0.0636925
15	18	-0.0642953
11	25	-0.0643511
6	31	-0.0643981
9	18	-0.064972
16	26	-0.0658396
27	29	-0.0664468
15	35	-0.0678502
1	32	-0.0684961
6	28	-0.0689233
26	41	-0.0691816
16	29	-0.0693126
4	9	-0.0694588
29	37	-0.0699454
13	31	-0.0703283
10	24	-0.0703439
15	17	-0.0705854
25	32	-0.0712431
18	31	-0.0716991
15	36	-0.0723625
1	10	-0.0725846
20	31	-0.0729041
17	31	-0.074163
12	23	-0.0741896
16	32	-0.0743467
3	41	-0.0743774
9	35	-0.0753456
27	33	-0.0754039
30	32	-0.0766316
7	15	-0.0768629
28	33	-0.0773437
15	29	-0.0776184
26	32	-0.07813
4	15	-0.0787607
10	34	-0.0789607
16	23	-0.0798891
28	39	-0.0799187
9	23	-0.0799631
12	34	-0.0803206
11	33	-0.0807348
5	15	-0.0811035
21	31	-0.0816979
9	34	-0.081871
14	21	-0.0828437
15	19	-0.0832613
22	29	-0.0846105
2	16	-0.0858278
24	41	-0.0862476
22	28	-0.0868054
3	12	-0.0894616
14	18	-0.0896959
3	29	-0.0899599
27	34	-0.0905986
28	32	-0.0911674
23	41	-0.0917885
6	30	-0.0943206
2	9	-0.0945587
14	17	-0.0948403
14	41	-0.0954498
5	14	-0.0956163
1	27	-0.0957434
15	33	-0.0962025
7	25	-0.0962579
7	11	-0.0965366
18	30	-0.096744
2	15	-0.0970815
23	30	-0.0971456
30	35	-0.0974292
8	26	-0.0998096
9	11	-0.100302
25	34	-0.101484
17	26	-0.101587
14	19	-0.102413
24	27	-0.102513
8	14	-0.102861
4	28	-0.102951
4	30	-0.103128
8	30	-0.103227
1	12	-0.103448
13	32	-0.103708
32	40	-0.103835
33	41	-0.104068
17	30	-0.104448
14	35	-0.104935
14	20	-0.105481
28	34	-0.10562
13	23	-0.105693
34	41	-0.105716
27	38	-0.106686
3	30	-0.106803
9	32	-0.107388
7	14	-0.107915
23	40	-0.108389
13	17	-0.108866
31	38	-0.109657
7	30	-0.109953
1	28	-0.110171
33	40	-0.111926
1	30	-0.112862
7	40	-0.113403
5	30	-0.113426
19	28	-0.11413
4	26	-0.114178
17	25	-0.1142
8	25	-0.114374
11	32	-0.114498
27	39	-0.114561
14	36	-0.114637
11	17	-0.114878
21	30	-0.115569
1	41	-0.116149
22	38	-0.1169
27	40	-0.117181
6	25	-0.118128
20	30	-0.118926
7	27	-0.119171
28	36	-0.119185
2	26	-0.119909
26	34	-0.121453
24	38	-0.121496
12	14	-0.121623
23	25	-0.12165
8	15	-0.121733
4	14	-0.122314
19	30	-0.122871
34	38	-0.123664
8	13	-0.12425
12	24	-0.124429
30	36	-0.124609
19	26	-0.124828
11	30	-0.124875
14	15	-0.124908
7	13	-0.125806
1	22	-0.127301
13	37	-0.127893
23	26	-0.128432
18	28	-0.128686
7	26	-0.129052
9	29	-0.129341
8	11	-0.129806
6	38	-0.130446
20	26	-0.130844
5	39	-0.131232
8	39	-0.131989
2	27	-0.134258
5	28	-0.13529
15	23	-0.135679
6	11	-0.136028
14	31	-0.136088
13	34	-0.136255
26	35	-0.136537
11	24	-0.136944
12	30	-0.137003
27	31	-0.137203
15	26	-0.137453
4	38	-0.137545
3	9	-0.137774
4	25	-0.13822
35	39	-0.138318
6	26	-0.138721
18	39	-0.138845
17	38	-0.139226
11	18	-0.139411
20	38	-0.139712
10	33	-0.139804
11	20	-0.139991
19	25	-0.140037
6	27	-0.140736
4	11	-0.141231
8	28	-0.141269
27	35	-0.141492
21	39	-0.14155
30	41	-0.14169
7	38	-0.142246
11	27	-0.142501
3	24	-0.142588
1	11	-0.142606
20	28	-0.143527
18	27	-0.143564
4	39	-0.143874
8	38	-0.143876
13	29	-0.143957
11	36	-0.144116
8	27	-0.144243
38	41	-0.144357
7	39	-0.144375
36	39	-0.145478
20	25	-0.145674
17	28	-0.145897
4	27	-0.146033
25	35	-0.14687
5	38	-0.147161
11	26	-0.147182
5	26	-0.147487
2	25	-0.147583
5	25	-0.14764
2	10	-0.147683
26	36	-0.148268
21	27	-0.148359
5	11	-0.148535
17	39	-0.148553
21	25	-0.14857
6	14	-0.148706
40	41	-0.148742
21	26	-0.148752
5	27	-0.149645
8	40	-0.149766
19	38	-0.149924
21	28	-0.150087
15	34	-0.150248
25	36	-0.150481
14	34	-0.150708
27	36	-0.151184
12	31	-0.151331
11	35	-0.151658
19	39	-0.151721
32	39	-0.152107
17	40	-0.153131
20	39	-0.153377
11	19	-0.153962
7	28	-0.154277
18	26	-0.154401
19	27	-0.154764
18	25	-0.155227
11	34	-0.15525
34	40	-0.155866
6	39	-0.156747
18	38	-0.156911
4	13	-0.157272
28	40	-0.157706
36	38	-0.159426
12	29	-0.161026
21	38	-0.161654
21	40	-0.164193
13	28	-0.164876
20	27	-0.165216
15	37	-0.165777
29	41	-0.166635
24	28	-0.166638
11	21	-0.166968
6	13	-0.167331
2	13	-0.167871
2	14	-0.168042
7	10	-0.168261
20	40	-0.168427
6	40	-0.168951
5	13	-0.169362
1	3	-0.169583
33	39	-0.170422
13	35	-0.171388
26	37	-0.171466
35	38	-0.171527
4	40	-0.171536
15	16	-0.17257
5	40	-0.173393
16	38	-0.173674
14	23	-0.174208
10	19	-0.174363
28	35	-0.174465
22	24	-0.175683
19	40	-0.175795
31	37	-0.176008
35	40	-0.176227
10	20	-0.176775
11	16	-0.176924
14	33	-0.177257
12	40	-0.177796
15	24	-0.177942
16	28	-0.178849
10	32	-0.180934
2	39	-0.181054
3	14	-0.182672
29	39	-0.184307
13	21	-0.184489
10	36	-0.184613
23	39	-0.1853
10	23	-0.185302
13	20	-0.185445
34	39	-0.186556
24	30	-0.186956
31	39	-0.187206
2	40	-0.187221
13	18	-0.187272
10	35	-0.187308
23	27	-0.187329
10	18	-0.187504
24	31	-0.188272
15	41	-0.188963
13	19	-0.190394
10	17	-0.190791
3	37	-0.191151
13	36	-0.193264
5	10	-0.194411
22	40	-0.198862
2	38	-0.198899
18	40	-0.200307
29	40	-0.202588
1	31	-0.202951
36	40	-0.203196
3	16	-0.20338
16	22	-0.203534
28	37	-0.204539
6	10	-0.205249
4	10	-0.205926
16	31	-0.207032
14	29	-0.209107
23	38	-0.212581
37	38	-0.213645
9	22	-0.214536
8	10	-0.216721
30	40	-0.220129
14	32	-0.221856
30	37	-0.223369
10	21	-0.227834
14	30	-0.229781
22	26	-0.23103
16	25	-0.234919
31	41	-0.237426
22	37	-0.237548
10	37	-0.238754
14	22	-0.24554
16	30	-0.24621
10	16	-0.249445
1	15	-0.255542
3	39	-0.257171
1	38	-0.258263
3	40	-0.259379
3	26	-0.262334
22	39	-0.270228
9	28	-0.280942
12	38	-0.282147
10	27	-0.299963
30	39	-0.302843
25	37	-0.303372
11	37	-0.310973