#==========================================================================
# The first and second rows contain site pairs (i, j) such that j > i
# The third row contains coevolutionary scores obtained 
# using Boltzmann learning algorithm.
# Note that in this data sites are counted/labelled starting from 1
#==========================================================================
11	73	1.92068
6	11	1.29091
10	76	0.843218
11	12	0.716297
4	11	0.651891
12	73	0.593294
14	75	0.557658
3	12	0.480494
7	13	0.429286
7	15	0.424697
7	8	0.41708
13	16	0.412241
2	7	0.410627
9	13	0.410077
8	15	0.409692
7	16	0.406515
7	9	0.40408
2	9	0.400674
15	16	0.399961
8	9	0.399591
2	13	0.393237
8	13	0.388786
9	15	0.38539
13	15	0.382861
2	8	0.382644
2	16	0.378433
9	16	0.373612
8	16	0.37072
2	15	0.364821
14	76	0.359845
4	73	0.335832
73	76	0.333645
3	73	0.323969
10	73	0.31505
10	14	0.26459
12	14	0.243091
11	76	0.190721
3	4	0.170325
7	75	0.162163
3	16	0.161534
1	5	0.157212
3	10	0.154497
9	75	0.152982
3	14	0.150835
3	8	0.147899
8	75	0.144793
3	7	0.143394
5	74	0.143332
16	75	0.142297
2	3	0.140096
2	75	0.136509
3	9	0.135546
3	15	0.134345
73	75	0.124111
13	75	0.123393
1	2	0.122448
10	11	0.120171
3	6	0.119258
15	75	0.117902
5	7	0.115016
3	13	0.107522
1	16	0.107397
1	74	0.107099
5	8	0.105398
1	9	0.103125
9	74	0.101956
9	73	0.101807
7	73	0.100259
5	9	0.100213
12	76	0.0997947
3	76	0.0985287
5	13	0.0984048
8	73	0.0968104
15	73	0.0957683
8	74	0.09367
1	8	0.0933595
1	15	0.0925448
6	14	0.0919504
5	15	0.0887462
4	5	0.0879814
2	73	0.082804
2	5	0.082535
16	74	0.0824451
2	74	0.0819887
16	73	0.0807858
13	73	0.0804397
4	6	0.0801399
7	74	0.0787554
13	74	0.0781224
1	7	0.0760572
15	74	0.073618
9	76	0.0722008
11	14	0.0681636
5	16	0.0677536
1	13	0.0672918
7	76	0.0660896
4	74	0.0653654
4	12	0.0644227
10	75	0.0632172
16	76	0.0608308
2	76	0.0608279
1	4	0.0596305
8	76	0.0583297
6	73	0.0565112
54	56	0.0549502
5	6	0.0539497
10	16	0.0530616
9	10	0.0498657
2	10	0.0491826
39	47	0.0487084
61	69	0.047917
40	53	0.0472721
43	62	0.0468972
26	58	0.0456336
45	50	0.0445803
15	76	0.0442007
27	63	0.0423298
8	10	0.041774
19	23	0.0417694
21	28	0.0405934
17	35	0.040424
57	60	0.0390999
57	61	0.0390197
10	15	0.0381494
64	70	0.0380764
1	6	0.0380745
28	50	0.0379341
18	58	0.0371908
57	58	0.0369972
10	13	0.0368986
6	76	0.0366189
38	56	0.0365242
55	71	0.0360671
24	29	0.0357743
26	36	0.0354251
38	71	0.0352765
28	71	0.0352477
37	57	0.035218
37	47	0.0349215
18	66	0.0347602
29	70	0.0347414
48	68	0.034367
38	47	0.0343323
35	53	0.0339751
21	67	0.0338702
25	56	0.0338535
46	59	0.033633
6	12	0.0335934
21	42	0.03336
42	70	0.0331241
36	40	0.0329566
28	69	0.0328107
21	60	0.0326728
66	69	0.0326379
3	75	0.0325863
56	64	0.0325027
38	45	0.0324749
29	32	0.0321453
7	10	0.0319804
31	32	0.031792
22	67	0.0317382
37	55	0.0316371
25	47	0.0315422
37	41	0.0313982
63	64	0.031211
31	34	0.031157
27	72	0.0309964
26	59	0.0307133
29	35	0.0305948
18	29	0.0305827
49	68	0.0305233
28	43	0.0304939
54	69	0.0303679
35	62	0.0303289
34	56	0.0302195
37	40	0.0301644
32	56	0.0300668
38	63	0.0299857
21	38	0.0297199
22	28	0.029643
34	45	0.0294863
17	60	0.0292497
40	44	0.0292468
28	44	0.0291317
20	60	0.0289184
57	69	0.0289014
29	41	0.0288927
6	74	0.0287901
32	57	0.0286703
32	59	0.0286631
49	55	0.0285379
42	58	0.0285121
21	48	0.0283947
20	46	0.0283776
62	65	0.0282701
27	28	0.0282484
12	36	0.028151
18	35	0.0279636
40	69	0.0279371
30	46	0.027809
43	59	0.0277874
62	66	0.0277826
22	66	0.0276132
18	59	0.0275894
27	29	0.0275412
27	54	0.0274645
57	67	0.027453
13	76	0.0273703
39	41	0.0273697
33	39	0.0273504
29	33	0.0273406
51	70	0.0272599
42	66	0.0269865
26	45	0.0269101
26	35	0.0268907
24	64	0.0268748
18	56	0.0267728
27	53	0.0266983
51	58	0.0266556
48	51	0.0265523
35	70	0.0264635
60	70	0.0263078
20	41	0.0262838
32	37	0.0261053
26	37	0.025909
18	52	0.025779
35	37	0.0256934
39	51	0.0255416
19	42	0.0254415
33	37	0.0254275
52	67	0.0253142
49	54	0.0252066
17	59	0.0250313
23	56	0.0249682
25	41	0.0247695
28	39	0.0246983
52	54	0.0246027
29	52	0.0245967
45	62	0.0244935
30	65	0.0244113
40	60	0.0243813
17	37	0.0242811
51	62	0.0242677
56	67	0.0242463
36	63	0.0241554
36	54	0.0241323
23	41	0.0240784
17	49	0.0240729
49	61	0.0239315
17	53	0.0239253
24	43	0.0239213
42	44	0.0238169
14	44	0.0238063
45	68	0.0236671
52	63	0.0236031
46	51	0.0235826
22	32	0.0234787
32	58	0.0232606
50	66	0.0232127
30	62	0.0230957
49	50	0.023023
20	70	0.0229818
20	37	0.02294
33	71	0.0229267
51	53	0.0229085
22	33	0.0228545
30	33	0.0226906
19	47	0.0226318
30	72	0.0225753
45	70	0.0225606
42	67	0.0224629
39	64	0.0223372
47	59	0.022287
41	66	0.0222452
32	66	0.0221186
24	65	0.0220712
35	65	0.022053
38	61	0.0219712
56	60	0.0219178
46	52	0.0218462
50	71	0.0218116
42	43	0.0217478
22	40	0.0216919
52	72	0.02167
40	63	0.0216661
18	43	0.0216411
33	34	0.0215922
62	63	0.0215767
17	42	0.0215453
53	68	0.0215311
61	71	0.0214919
21	36	0.0214281
22	63	0.0213417
20	21	0.02126
5	25	0.0212487
40	70	0.0212381
61	63	0.0210026
43	54	0.020994
62	68	0.0209802
29	38	0.0208965
46	65	0.0206737
53	63	0.020565
52	70	0.0205384
17	67	0.0205372
19	66	0.0204395
63	71	0.0204127
33	43	0.0203881
21	27	0.020322
36	70	0.0203095
63	70	0.0202355
25	60	0.0201348
20	39	0.0200197
27	43	0.0200072
44	67	0.0199858
47	48	0.0199749
36	59	0.0199634
22	41	0.0199613
27	39	0.0199447
57	70	0.019892
22	51	0.0198755
41	68	0.0198236
22	44	0.0197462
39	48	0.0197438
29	69	0.0196429
4	65	0.0196225
32	62	0.0195721
43	66	0.0195291
39	71	0.0194992
19	24	0.0194227
41	42	0.0194199
26	31	0.0193875
12	48	0.0192564
54	65	0.0192052
31	37	0.0191369
43	53	0.0191315
59	67	0.0190737
23	37	0.0190687
45	61	0.0190588
17	51	0.0190257
35	44	0.0189854
32	69	0.0189276
49	70	0.0189083
38	74	0.018881
37	48	0.0187154
21	62	0.0186994
27	31	0.0186948
20	74	0.0186825
31	65	0.0186529
26	34	0.0186218
49	59	0.0185836
44	48	0.0185065
22	55	0.0185025
24	34	0.0184661
43	69	0.0184303
31	50	0.0183711
29	59	0.018339
35	46	0.0183286
55	61	0.01828
17	58	0.0182587
24	38	0.0181461
28	33	0.0180356
30	41	0.0179879
59	72	0.0179441
26	56	0.0178932
27	65	0.0178885
17	28	0.0177701
21	72	0.0176753
22	31	0.0176693
51	72	0.0176417
38	44	0.0176408
18	34	0.0175914
47	65	0.0175845
58	64	0.0175575
23	27	0.017547
20	61	0.0175411
21	70	0.0175237
19	41	0.0175076
25	48	0.0174719
30	31	0.0174499
65	71	0.0173868
25	26	0.0173786
1	37	0.0173782
29	39	0.0173407
19	32	0.0173269
34	40	0.0173245
26	53	0.0173135
31	71	0.0172713
37	70	0.0172174
41	54	0.0171326
56	66	0.0171052
24	72	0.0170702
1	71	0.0170623
33	72	0.0170349
37	54	0.0170335
33	52	0.016973
31	51	0.0169344
25	40	0.0169024
24	26	0.016869
23	62	0.0168403
63	69	0.0168084
25	66	0.0167985
47	70	0.0167885
25	52	0.0167443
18	37	0.0166407
25	65	0.016554
49	66	0.0164625
32	45	0.0164606
48	63	0.0164578
34	47	0.0164526
23	34	0.0163703
48	57	0.0163532
34	58	0.0163105
14	50	0.0163053
44	58	0.0162204
25	27	0.0162027
24	60	0.0161591
43	57	0.0161493
14	69	0.0160764
23	24	0.0160622
19	69	0.0160134
25	33	0.0160066
71	74	0.0160004
30	49	0.0158999
56	61	0.0158788
30	52	0.0158463
20	40	0.0158364
17	41	0.0158316
38	41	0.01583
14	39	0.0158113
63	72	0.0157967
31	70	0.0157921
32	40	0.0157604
14	37	0.0157525
34	35	0.0157249
41	71	0.0155535
21	26	0.0155427
45	57	0.0154592
1	60	0.0154394
32	36	0.0154296
63	65	0.015403
51	60	0.0153631
20	57	0.0153165
19	72	0.0153147
19	46	0.015269
23	70	0.0152012
31	38	0.0151738
55	60	0.0151673
53	70	0.0150862
33	42	0.0150856
54	68	0.0150537
35	40	0.0149581
6	64	0.0149532
35	63	0.0149406
66	68	0.0149139
46	70	0.0148871
42	74	0.0148869
34	53	0.0148607
30	42	0.0148441
36	48	0.0147497
27	55	0.0146784
58	62	0.0146742
33	48	0.0146686
14	33	0.0146618
5	70	0.0146518
14	24	0.0146295
12	18	0.0145563
21	25	0.014539
14	46	0.0145318
42	51	0.0145155
27	64	0.0144784
5	35	0.0144576
24	66	0.0144082
33	65	0.0143917
20	50	0.0143541
18	33	0.0142697
21	50	0.0142628
43	58	0.0142072
14	31	0.0141633
48	60	0.0141554
34	68	0.0140461
34	72	0.014022
27	59	0.0139977
47	63	0.013937
54	67	0.0138898
41	46	0.0138692
42	68	0.0137824
21	24	0.0137564
54	57	0.013756
19	70	0.0137442
55	72	0.0136706
23	50	0.0135809
20	26	0.0135735
47	55	0.0135358
45	52	0.013533
22	24	0.0134575
53	56	0.0134364
54	72	0.0134217
57	62	0.0134156
46	54	0.0134097
30	57	0.0133688
20	30	0.0133551
19	52	0.0133518
58	70	0.0133351
35	50	0.0133333
43	56	0.0132213
28	42	0.0132109
24	51	0.0131675
62	72	0.0131204
1	44	0.0131128
19	53	0.0129885
46	47	0.0129678
26	41	0.0129465
53	65	0.0129383
45	51	0.0129
44	61	0.012885
22	64	0.012872
39	56	0.0128635
30	66	0.0128193
18	22	0.0128174
24	53	0.0127867
33	51	0.0127655
19	45	0.0127599
25	55	0.0127592
50	55	0.0126672
55	65	0.0126477
6	61	0.0125796
33	67	0.0125722
35	36	0.0125467
40	56	0.0125329
29	60	0.012483
19	33	0.012461
17	72	0.0124387
6	29	0.0124324
18	63	0.0124037
56	71	0.012292
40	43	0.0122775
35	67	0.0122382
57	64	0.0121946
30	38	0.0121924
25	63	0.0121889
23	28	0.0120983
38	62	0.0120445
57	59	0.0120437
26	44	0.0120237
58	63	0.0120157
29	61	0.0119984
42	65	0.0119887
26	64	0.0119595
20	55	0.0119579
69	70	0.0119475
53	66	0.0119059
64	74	0.0118358
25	58	0.0118147
23	61	0.0118065
59	63	0.0118053
5	69	0.0117843
53	54	0.0117708
31	49	0.0117425
1	26	0.0117166
30	51	0.0117149
28	70	0.0116978
39	74	0.0116978
48	61	0.0116825
21	49	0.0116655
20	64	0.0116614
33	40	0.0116409
33	45	0.0116176
20	72	0.0115903
48	71	0.0115306
39	58	0.0114605
23	60	0.0113988
42	56	0.0113812
3	40	0.0113445
22	38	0.0112869
27	38	0.0112763
27	49	0.01121
44	52	0.0111985
29	55	0.0111968
45	63	0.0111945
22	52	0.0111781
50	69	0.0111561
28	60	0.0111188
35	55	0.0111081
19	29	0.011095
23	74	0.0110948
51	59	0.0110449
1	18	0.0110327
21	61	0.0110219
33	66	0.0110017
19	31	0.0109883
22	48	0.0109769
20	25	0.0109625
31	58	0.0109327
54	61	0.0108895
37	74	0.0108619
28	29	0.0108487
23	68	0.0108435
23	57	0.0108343
33	61	0.0108165
50	72	0.010734
34	48	0.0106955
38	64	0.0106646
30	56	0.0106496
12	23	0.0106413
24	27	0.0106203
26	42	0.0106168
37	67	0.0105951
17	33	0.0105707
12	72	0.0105682
48	64	0.0105672
5	38	0.0105596
23	42	0.0105221
19	43	0.010478
12	46	0.0104328
22	43	0.0104163
47	67	0.0103993
58	60	0.0103924
17	36	0.0103873
20	68	0.0103368
24	50	0.0103273
29	49	0.0103037
43	70	0.0102907
19	67	0.0102741
24	48	0.0102377
45	54	0.0102355
22	26	0.0101575
60	61	0.0101422
61	68	0.0101382
44	47	0.0101321
6	30	0.0101308
62	71	0.0101179
44	70	0.0100964
30	50	0.0100399
6	22	0.0100153
27	47	0.010009
1	23	0.00981134
51	54	0.00980401
34	39	0.00977021
25	59	0.00973571
42	55	0.00971826
38	72	0.00967533
56	58	0.00965959
39	52	0.00958951
69	72	0.00958816
27	57	0.00958779
39	63	0.00952806
50	67	0.00946179
5	60	0.00943781
27	67	0.00943179
40	55	0.00939677
18	31	0.00936575
27	51	0.00935323
14	41	0.00929974
12	52	0.00927174
43	55	0.00923571
23	25	0.00920043
43	61	0.00918441
29	36	0.00914986
12	55	0.00913508
47	69	0.00911813
12	31	0.00910691
24	37	0.00910616
21	37	0.00908244
17	18	0.00907422
4	67	0.00904417
46	57	0.00903088
20	35	0.00900733
24	55	0.00898866
25	53	0.00892084
35	52	0.00891182
47	50	0.00886013
56	57	0.00885877
30	61	0.00882676
22	72	0.00878352
25	38	0.00878267
27	56	0.0087816
26	61	0.00876379
45	67	0.00874828
20	52	0.00873543
55	66	0.00869943
22	65	0.00868285
28	59	0.00865561
66	67	0.00859377
28	57	0.00855518
56	65	0.00852159
35	45	0.00851107
17	65	0.00850441
26	55	0.00850029
25	49	0.00849198
60	71	0.00845225
58	67	0.00844594
41	45	0.00843684
29	66	0.00840312
64	72	0.00836911
40	72	0.00836453
31	56	0.00835425
39	61	0.00830255
1	45	0.00827496
27	42	0.0082738
23	35	0.00825525
17	31	0.00821989
24	39	0.00820569
30	63	0.0081186
52	66	0.00808038
56	62	0.00806651
20	38	0.00806171
36	49	0.00803652
50	70	0.00803331
52	53	0.00803295
29	31	0.00802474
46	48	0.00801002
21	46	0.00798953
67	70	0.00798213
30	70	0.00794481
36	43	0.00791674
19	37	0.00788785
28	35	0.00786654
44	51	0.00786091
58	68	0.00780025
29	67	0.00777422
67	71	0.00774869
24	57	0.00772495
24	54	0.00770508
14	25	0.0076828
22	57	0.00767204
34	57	0.00765168
26	52	0.00764663
36	58	0.0076147
36	62	0.00755824
20	67	0.00752743
39	49	0.00749277
48	56	0.00748971
45	64	0.00748232
19	48	0.00747824
45	53	0.00747523
49	67	0.00745463
39	70	0.00745232
32	64	0.00742138
35	57	0.00741257
28	38	0.00740786
43	68	0.00739771
55	74	0.00737131
60	72	0.00735801
17	63	0.00732526
18	60	0.00728319
47	68	0.00726607
43	52	0.00723214
26	47	0.00719878
23	33	0.00715717
29	57	0.00713557
39	53	0.00713419
20	65	0.00711871
66	74	0.00710186
23	49	0.00709389
29	37	0.00703757
22	36	0.00703226
23	30	0.00703225
47	60	0.00701781
25	72	0.00697856
32	72	0.00697168
66	71	0.00697121
31	44	0.00696903
12	53	0.00693947
28	52	0.00689107
50	52	0.00688388
32	38	0.00683801
31	72	0.00683725
39	54	0.00680485
23	64	0.00680329
44	60	0.00680125
30	74	0.00679842
55	62	0.00678226
38	42	0.00676379
14	72	0.00675733
36	69	0.0067558
34	59	0.00670738
1	22	0.0066945
40	41	0.00664235
43	46	0.00663574
30	53	0.00662857
44	46	0.00655709
21	35	0.00651952
40	58	0.00649871
69	74	0.00649619
56	70	0.00649352
21	65	0.00647202
22	49	0.00640293
50	51	0.00639178
44	63	0.00639014
52	74	0.00630306
43	63	0.00630134
71	72	0.00629097
56	63	0.00628988
26	68	0.00626917
32	53	0.0062547
20	43	0.00621746
18	74	0.00620976
46	64	0.00619172
29	46	0.00617313
24	47	0.00616646
64	68	0.00616443
42	46	0.00615869
38	43	0.00615761
23	71	0.00612486
33	70	0.00611841
20	58	0.00610026
29	56	0.00609372
46	55	0.0060435
45	66	0.00603378
41	48	0.00601693
61	65	0.00599399
43	60	0.00598281
21	22	0.00597322
36	38	0.00596002
53	74	0.00595649
1	66	0.00589329
52	55	0.00584893
43	48	0.00580814
24	49	0.00580374
57	63	0.00580166
25	61	0.00573715
49	53	0.00571039
19	36	0.00571022
26	54	0.00565584
32	68	0.00564938
24	30	0.00563104
12	32	0.005613
22	34	0.005539
25	45	0.00552969
19	58	0.00546984
36	57	0.00546048
19	44	0.00543824
26	69	0.00541662
17	64	0.00534616
48	66	0.00534524
17	25	0.00530242
21	40	0.00529491
17	20	0.00527759
17	71	0.00524224
49	65	0.00520025
26	63	0.00519294
38	58	0.00517287
54	71	0.00516923
18	55	0.0051265
18	46	0.00509659
25	28	0.0050881
49	57	0.00503331
31	47	0.00502921
21	39	0.00500348
41	65	0.00496398
45	56	0.00496195
14	43	0.00490701
28	72	0.00488484
14	19	0.00488072
20	54	0.00487792
31	57	0.00482932
52	62	0.00482861
32	42	0.00476746
51	71	0.00472903
19	21	0.00471726
26	74	0.00464513
34	42	0.00463224
22	23	0.00461449
36	66	0.00460783
5	28	0.00460381
40	71	0.00451546
28	68	0.0045129
24	28	0.0045059
43	44	0.00442254
36	74	0.00440252
41	58	0.00438988
30	59	0.0043826
47	58	0.00437551
55	64	0.00434789
23	47	0.00434408
36	45	0.00433745
28	65	0.0043239
18	21	0.00427108
38	70	0.00427012
31	69	0.00425249
48	58	0.0042284
30	35	0.00419444
34	55	0.00418421
1	38	0.00411298
54	59	0.00410546
49	74	0.00407352
18	51	0.00406637
14	60	0.00405623
51	61	0.00404118
26	28	0.00402038
54	58	0.0039905
35	64	0.00397824
14	40	0.0039649
28	64	0.0039537
29	51	0.00395115
59	62	0.00385716
5	54	0.00385625
23	63	0.00384559
23	32	0.00383974
46	56	0.00382863
4	37	0.003828
29	50	0.00373932
34	71	0.00373347
51	65	0.00369747
67	72	0.00368551
6	37	0.00368226
17	27	0.00366224
59	60	0.0036342
23	59	0.0036288
27	35	0.00355677
12	24	0.00345669
57	72	0.00345265
68	71	0.00344589
5	71	0.00342401
24	32	0.00340895
36	41	0.00340675
5	19	0.00340463
40	45	0.00339932
6	21	0.00338456
6	26	0.00337199
45	65	0.0033606
35	61	0.00335828
18	50	0.00335344
17	34	0.00329428
28	67	0.00328216
40	59	0.00326481
4	76	0.00325753
10	28	0.00324728
25	29	0.00322491
19	71	0.00322054
21	44	0.00321216
38	54	0.00319945
37	68	0.00314947
53	67	0.00313968
20	32	0.00309003
28	74	0.00307356
18	64	0.00299648
14	53	0.00296854
1	50	0.0029603
62	69	0.00292272
40	62	0.00291742
51	55	0.00283913
28	54	0.00282214
5	34	0.00281946
29	42	0.00281599
17	30	0.00279417
35	72	0.00276837
32	60	0.00275807
32	50	0.00271932
64	69	0.00269274
40	42	0.00267528
18	57	0.00267413
26	60	0.00261408
34	46	0.00260916
59	64	0.00259501
28	56	0.0025847
27	32	0.00256432
44	62	0.00256365
39	72	0.00255105
48	67	0.00245846
18	65	0.00244847
49	62	0.00244422
42	45	0.00238334
42	63	0.00235848
12	39	0.00235796
23	75	0.00234717
5	68	0.00234357
19	50	0.00233338
21	52	0.00232705
37	52	0.00231657
39	42	0.00231004
27	44	0.00230709
20	48	0.00229172
24	68	0.00228107
22	74	0.00225993
30	47	0.00224534
17	45	0.00219465
25	51	0.00214915
14	54	0.00212996
28	58	0.002077
52	69	0.0019808
59	68	0.00195251
32	67	0.00191775
33	44	0.00191734
54	64	0.00191206
22	30	0.00184211
38	68	0.00184002
50	63	0.00182661
18	72	0.00179434
26	57	0.00178457
28	34	0.0017724
33	49	0.00176471
39	45	0.00176222
51	74	0.0017475
32	52	0.00173261
33	36	0.00164623
46	66	0.00164506
20	34	0.00164429
61	66	0.00160927
63	68	0.00158683
1	43	0.00155526
46	50	0.00152104
46	53	0.00148302
5	55	0.00145614
1	20	0.00145566
33	55	0.00144566
37	72	0.00143725
29	68	0.00139485
30	68	0.00134446
21	32	0.00133629
39	59	0.00128328
57	74	0.00120672
60	64	0.00120426
17	29	0.0012001
49	69	0.00118798
18	28	0.00117691
30	40	0.00117506
5	37	0.00116835
33	56	0.00116328
60	66	0.0011176
30	60	0.00110271
50	58	0.00107636
48	50	0.00104827
36	44	0.00104347
19	59	0.00101498
24	33	0.00099195
51	66	0.000984065
1	41	0.000942629
18	32	0.000941921
39	62	0.000926612
51	57	0.000880554
18	61	0.000860579
12	42	0.000799483
12	70	0.000798789
26	29	0.000784661
48	70	0.00077553
12	62	0.000774335
45	55	0.00073011
27	62	0.000726925
5	30	0.000716108
5	18	0.000714896
25	31	0.000695885
34	69	0.000692637
1	47	0.000691827
33	59	0.000669413
58	59	0.000664201
24	52	0.000651151
4	17	0.000638831
51	52	0.000623883
33	62	0.000552649
40	51	0.000552227
18	20	0.000533865
50	54	0.000521435
61	67	0.000446231
52	68	0.00044398
22	35	0.000434789
36	71	0.000414362
61	70	0.000390813
1	33	0.00038138
48	49	0.000346661
46	62	0.000297017
42	64	0.000243287
34	61	0.000243199
61	62	0.000224545
37	62	0.000206919
12	51	0.000185189
17	24	0.000179504
35	56	0.000179255
14	71	0.000157053
26	40	0.000152829
33	69	0.000119213
20	66	4.4865e-05
29	71	2.59186e-05
24	58	5.62091e-06
10	24	-4.65997e-06
59	65	-3.59601e-05
58	66	-4.79288e-05
22	27	-5.27403e-05
44	50	-9.06138e-05
48	72	-9.8179e-05
19	61	-0.000102236
42	69	-0.000119408
59	61	-0.000132505
58	65	-0.00015086
41	69	-0.000181029
1	59	-0.000198012
47	71	-0.000225844
25	44	-0.000259628
31	45	-0.000283847
3	68	-0.000305755
17	48	-0.000356112
46	61	-0.000382962
21	47	-0.000403026
12	45	-0.00041555
14	63	-0.000420277
55	70	-0.000429253
28	32	-0.000447002
17	23	-0.000461632
21	58	-0.000476362
5	20	-0.000484669
28	31	-0.000521094
52	57	-0.000532134
1	53	-0.000550962
10	41	-0.000555058
18	23	-0.000568716
26	39	-0.0006106
62	74	-0.000630737
47	51	-0.000654203
22	29	-0.000705244
39	50	-0.00072943
29	34	-0.000740215
36	55	-0.000790301
31	39	-0.00080488
18	41	-0.000843246
41	61	-0.000862792
53	72	-0.000867188
24	25	-0.000890829
18	48	-0.00089614
32	35	-0.000912071
42	71	-0.00103536
21	69	-0.00111605
40	49	-0.00118665
50	59	-0.0011965
17	52	-0.00119894
34	62	-0.00123526
1	52	-0.00126262
18	30	-0.00130172
28	37	-0.0013037
44	68	-0.00131421
49	58	-0.00131792
17	43	-0.00132905
44	54	-0.00135126
21	51	-0.00136707
41	47	-0.00139979
21	41	-0.00141819
22	47	-0.00144381
53	64	-0.00145516
31	52	-0.00148057
21	59	-0.00154519
17	69	-0.00157071
20	31	-0.0015713
36	72	-0.00159811
26	70	-0.00170114
33	57	-0.0017189
14	58	-0.00172365
37	63	-0.00174577
59	66	-0.0017536
68	69	-0.00176252
32	49	-0.00177676
1	27	-0.00183556
4	25	-0.00184869
12	64	-0.00187373
45	49	-0.00190501
31	40	-0.00200036
41	51	-0.00202568
35	39	-0.00204364
35	66	-0.00206255
21	71	-0.00214005
32	33	-0.0021974
1	30	-0.00219867
12	49	-0.00220491
20	69	-0.00222334
14	38	-0.00222465
5	32	-0.00226532
5	27	-0.00226575
31	62	-0.00235099
37	49	-0.00238229
59	74	-0.00241239
17	70	-0.00241548
23	26	-0.00245322
32	55	-0.00247728
22	54	-0.00253511
18	47	-0.00257974
6	51	-0.00260807
41	64	-0.0026088
17	32	-0.00261616
27	71	-0.00261881
21	54	-0.00264255
14	26	-0.00268142
29	63	-0.0026842
50	65	-0.00270424
10	20	-0.00271903
14	64	-0.00272576
4	36	-0.00275567
17	21	-0.00282195
37	71	-0.00287382
5	67	-0.00293483
34	67	-0.00293748
24	46	-0.00299914
10	44	-0.00301812
36	47	-0.0030435
45	46	-0.00307782
33	63	-0.0031507
35	48	-0.00315798
17	74	-0.00318213
31	36	-0.00320135
52	61	-0.00324154
23	31	-0.00326901
21	66	-0.00327939
35	58	-0.00329796
46	69	-0.00335953
67	74	-0.00338522
26	43	-0.00340929
27	69	-0.0034248
44	55	-0.00344345
5	61	-0.00346798
24	42	-0.00348503
4	59	-0.00349476
12	29	-0.00350076
48	59	-0.0035515
47	53	-0.00357253
38	49	-0.00362978
28	63	-0.00365579
48	65	-0.00370227
34	70	-0.00372371
41	62	-0.00373482
19	54	-0.00375853
14	55	-0.00375998
3	37	-0.00384185
19	22	-0.00384828
39	60	-0.00386624
26	71	-0.00387209
39	55	-0.00387448
42	47	-0.00387898
34	52	-0.0039025
12	69	-0.00390699
14	21	-0.00390799
24	45	-0.00391846
28	66	-0.00392336
50	56	-0.00394526
1	69	-0.00396025
4	44	-0.00396263
4	43	-0.00403549
20	45	-0.00407321
27	48	-0.00408336
1	39	-0.00409619
31	64	-0.00410878
24	40	-0.00411472
39	57	-0.0041197
26	32	-0.00412053
51	69	-0.0041593
25	67	-0.0041683
24	63	-0.00419731
47	62	-0.00420529
59	71	-0.00423791
5	33	-0.00423869
18	68	-0.00425281
39	40	-0.00432181
5	62	-0.0043882
12	68	-0.00444746
51	68	-0.0044613
25	43	-0.00448241
27	41	-0.00448564
50	57	-0.00454415
25	42	-0.00455213
30	36	-0.00455329
37	46	-0.00458851
43	64	-0.00466171
26	67	-0.00468999
18	69	-0.00469209
38	67	-0.00469469
59	69	-0.00478776
30	55	-0.00480699
30	54	-0.00485599
23	36	-0.00491328
20	27	-0.00495477
48	74	-0.00497658
39	68	-0.00499464
20	24	-0.00500443
34	50	-0.00501065
53	71	-0.00501144
34	64	-0.00503511
11	72	-0.00503616
4	23	-0.00504687
27	66	-0.00508068
32	44	-0.00511327
24	35	-0.00514024
4	22	-0.00515319
62	67	-0.00516427
45	74	-0.00516616
23	43	-0.00518323
48	62	-0.00519647
42	52	-0.0052056
63	66	-0.00521328
4	71	-0.00522063
1	62	-0.00523771
55	57	-0.00524749
23	51	-0.00528906
17	50	-0.00530358
24	71	-0.00531645
44	53	-0.00533055
14	22	-0.00533519
19	64	-0.00535707
44	74	-0.0053967
31	60	-0.00539898
23	69	-0.00540202
17	46	-0.00543315
18	76	-0.00543526
19	35	-0.00546975
37	66	-0.00548504
18	67	-0.00549312
25	71	-0.00570631
1	36	-0.00573711
32	65	-0.00576138
25	39	-0.0057859
17	19	-0.00581366
30	64	-0.00586536
32	71	-0.00588951
39	44	-0.00589279
6	57	-0.00589403
26	72	-0.00590527
35	71	-0.00590951
1	24	-0.00594621
65	69	-0.00596528
41	57	-0.00596667
41	50	-0.00596817
58	72	-0.00597146
5	42	-0.0059945
29	30	-0.00599865
24	59	-0.00600834
44	49	-0.00603147
31	61	-0.00607334
34	49	-0.00612898
35	69	-0.00614117
38	53	-0.00614217
21	75	-0.00614627
19	49	-0.0061701
33	46	-0.0062401
6	40	-0.00626
40	50	-0.00629501
31	74	-0.00631263
29	45	-0.00634276
38	69	-0.00635598
23	67	-0.00636465
39	69	-0.006453
5	51	-0.00648435
54	74	-0.00653373
61	72	-0.006565
26	30	-0.00660586
18	40	-0.00663397
34	51	-0.00663979
31	68	-0.00664505
55	58	-0.00665956
28	51	-0.00666411
21	56	-0.00666423
19	57	-0.00668123
19	55	-0.00669364
21	64	-0.00669456
64	75	-0.00672788
48	75	-0.00673301
28	53	-0.00678935
31	42	-0.00679176
47	54	-0.00683412
4	60	-0.00685936
25	46	-0.00688444
1	51	-0.00688704
60	62	-0.00691184
17	61	-0.00691784
28	61	-0.00692384
26	62	-0.0069368
43	71	-0.00695688
14	32	-0.00701668
28	62	-0.00701778
33	35	-0.0070366
52	56	-0.00708386
17	54	-0.00710199
34	44	-0.00712907
50	61	-0.00715069
40	57	-0.00715189
42	60	-0.0071695
1	21	-0.00718145
55	67	-0.00718452
44	57	-0.00722088
31	53	-0.00724708
4	68	-0.00726574
30	43	-0.0072789
6	66	-0.00728999
5	48	-0.00729566
28	41	-0.00729601
36	61	-0.00740835
21	31	-0.00742934
10	61	-0.0074499
50	64	-0.0074793
14	23	-0.00749872
30	34	-0.00752431
14	36	-0.00755876
25	74	-0.00757241
26	27	-0.00757653
45	76	-0.00757829
19	63	-0.00758321
46	74	-0.00760479
45	48	-0.00764576
19	25	-0.00765681
65	68	-0.00766375
49	60	-0.00767261
20	28	-0.00768088
49	56	-0.00770983
41	49	-0.0077153
12	17	-0.0077643
20	36	-0.00779218
31	41	-0.00780243
64	65	-0.00783341
29	44	-0.00786953
60	74	-0.00797161
17	38	-0.0080387
5	31	-0.0080642
35	68	-0.00808342
38	66	-0.00808507
65	75	-0.00809694
17	47	-0.00813481
36	56	-0.00813891
67	69	-0.00815857
46	63	-0.00816977
23	48	-0.00817749
23	40	-0.00822078
32	39	-0.00824647
29	72	-0.00825735
30	58	-0.00826919
54	55	-0.00826993
21	57	-0.0083432
4	20	-0.00834574
20	29	-0.0083572
68	72	-0.00836625
12	44	-0.00837822
6	39	-0.00837956
63	74	-0.00838356
25	64	-0.00846672
22	61	-0.00847169
43	47	-0.00849332
40	48	-0.00849471
14	49	-0.00852909
1	49	-0.00855372
36	65	-0.0086135
31	46	-0.00862976
41	44	-0.00864155
10	53	-0.00865455
24	62	-0.00867256
22	45	-0.00870964
12	57	-0.00883458
35	49	-0.00884052
30	48	-0.00885399
38	48	-0.00885404
37	38	-0.00887037
32	51	-0.00889215
55	56	-0.00889767
17	56	-0.00893677
5	40	-0.00896185
12	63	-0.00897096
41	56	-0.00904794
24	36	-0.00906487
50	53	-0.00907475
70	72	-0.00909185
22	56	-0.00911373
1	64	-0.0091228
33	41	-0.00912397
27	33	-0.00920856
1	42	-0.00922719
49	52	-0.00924697
51	64	-0.00928455
41	43	-0.00929211
4	52	-0.00930684
25	69	-0.00933976
34	41	-0.00936857
17	57	-0.00938961
5	57	-0.00942303
14	45	-0.00943071
24	74	-0.00943381
19	34	-0.00945528
28	47	-0.00953792
18	49	-0.00956443
1	57	-0.0096033
42	62	-0.00961268
29	48	-0.00962961
49	63	-0.00963376
6	58	-0.00966061
56	68	-0.00966109
44	59	-0.00966715
14	51	-0.00969267
28	45	-0.00969697
31	67	-0.00974535
26	51	-0.00983384
27	50	-0.00988762
5	39	-0.00989777
35	41	-0.00991455
22	70	-0.00995891
40	46	-0.00998855
5	36	-0.0101082
19	40	-0.0101307
10	37	-0.0101381
28	36	-0.0101635
20	42	-0.0101722
23	58	-0.0101829
34	43	-0.010186
24	61	-0.0102758
47	64	-0.010342
37	51	-0.0104177
18	27	-0.0104349
23	38	-0.0104642
49	75	-0.0105109
21	23	-0.0105632
24	56	-0.0105655
12	54	-0.010624
10	70	-0.0106455
29	40	-0.010664
54	75	-0.0107779
66	72	-0.010795
31	76	-0.0107956
4	56	-0.0108056
46	71	-0.0108125
24	67	-0.010846
43	49	-0.0108688
34	66	-0.0108773
39	65	-0.0108965
18	71	-0.0109143
23	52	-0.0109226
21	43	-0.0109307
55	59	-0.0109387
18	25	-0.0109524
32	54	-0.0110082
6	28	-0.0110105
19	20	-0.0110396
4	51	-0.0111102
28	40	-0.0111337
43	45	-0.0111419
23	45	-0.0112531
45	47	-0.011284
4	72	-0.0113042
23	46	-0.0113613
30	37	-0.0114672
6	56	-0.0114803
27	40	-0.0114954
68	74	-0.0115146
4	47	-0.0115266
31	54	-0.0115328
25	35	-0.011552
29	47	-0.0115582
19	60	-0.0116683
5	44	-0.0116926
30	69	-0.0117102
28	46	-0.0117205
63	67	-0.011741
14	18	-0.0117656
10	30	-0.0117833
4	42	-0.0117956
32	46	-0.0118094
26	65	-0.011846
19	38	-0.0118655
44	66	-0.0118917
44	64	-0.0119063
67	76	-0.0119104
53	69	-0.0119495
4	53	-0.0119812
68	70	-0.0120157
10	69	-0.0120238
1	70	-0.0120381
6	20	-0.0121155
52	60	-0.012124
55	68	-0.0121269
25	68	-0.0121765
39	43	-0.0121766
17	39	-0.0122291
5	10	-0.0122626
12	65	-0.0122657
10	26	-0.0122922
33	53	-0.0122935
5	23	-0.0123265
52	71	-0.0123358
65	72	-0.0123413
27	70	-0.0123566
34	65	-0.012367
3	32	-0.0123986
6	67	-0.0124279
19	51	-0.0124408
6	46	-0.0124608
18	53	-0.0124662
18	45	-0.0124682
47	52	-0.0124795
21	34	-0.0124982
10	46	-0.0125443
34	38	-0.0125464
37	64	-0.0125685
36	37	-0.0125822
20	33	-0.0125979
12	28	-0.0126112
21	55	-0.0126124
20	63	-0.012626
40	74	-0.0126631
22	25	-0.0126758
41	60	-0.0127012
43	65	-0.0128182
10	27	-0.0128515
35	54	-0.0128763
32	63	-0.0128904
68	73	-0.0129114
24	41	-0.0129194
12	27	-0.0129408
5	47	-0.0129459
14	65	-0.0129578
14	20	-0.0130013
36	52	-0.0130069
37	42	-0.0130398
4	46	-0.013063
26	66	-0.0130652
38	76	-0.0131001
4	39	-0.0131203
40	67	-0.0131356
3	52	-0.0131468
35	75	-0.0132021
31	43	-0.0132178
17	62	-0.0132562
65	67	-0.0133478
58	69	-0.0133904
6	71	-0.0133978
29	65	-0.0134236
45	58	-0.0134599
41	52	-0.0134669
61	64	-0.0134746
40	47	-0.0134811
1	25	-0.0135346
40	66	-0.0135713
19	28	-0.0135822
14	70	-0.0136221
31	35	-0.013665
1	68	-0.0136672
30	32	-0.0136968
22	58	-0.0137247
20	47	-0.0138082
14	67	-0.0138333
11	53	-0.0138735
12	30	-0.0139096
5	41	-0.0139127
4	58	-0.013925
27	34	-0.0140044
64	66	-0.0140454
56	72	-0.0140713
38	60	-0.0141353
5	46	-0.0142355
4	26	-0.0142502
5	63	-0.014282
14	48	-0.0143083
64	67	-0.014433
54	60	-0.0144433
53	60	-0.0144543
4	35	-0.0144958
60	63	-0.0145042
47	57	-0.0145258
27	74	-0.0145295
48	54	-0.0145942
31	63	-0.014617
1	65	-0.0146334
6	62	-0.0146479
18	54	-0.0146687
54	66	-0.0146744
4	64	-0.0146949
19	30	-0.0147204
17	22	-0.0147536
22	53	-0.0147873
34	60	-0.0147919
25	36	-0.0148399
39	67	-0.014862
21	74	-0.014871
36	68	-0.0149504
5	45	-0.0149798
55	69	-0.0150116
36	42	-0.0150839
33	58	-0.0150926
32	47	-0.0151398
10	19	-0.015147
69	71	-0.0151551
47	66	-0.0151602
58	61	-0.0151686
22	50	-0.0152557
46	72	-0.0152991
36	64	-0.0153551
3	27	-0.0153556
27	45	-0.0154183
33	64	-0.0156131
27	52	-0.0156146
22	46	-0.0156305
46	68	-0.0156338
47	74	-0.0156545
22	60	-0.0156714
1	72	-0.0157117
5	58	-0.0157198
28	55	-0.0157374
62	70	-0.0157752
53	57	-0.0158749
6	52	-0.0159554
17	55	-0.0159767
42	48	-0.0160239
10	65	-0.0160494
41	59	-0.0160567
1	54	-0.0160624
42	49	-0.0160668
26	38	-0.016103
53	58	-0.0161427
4	24	-0.0161574
12	26	-0.0161745
10	67	-0.0161746
37	65	-0.0162099
42	59	-0.0162394
55	73	-0.0162542
70	74	-0.0162663
12	20	-0.0162701
32	61	-0.0162718
40	65	-0.0162982
26	33	-0.0163147
21	45	-0.016339
30	39	-0.0163453
50	60	-0.0163782
1	58	-0.016385
38	46	-0.016403
15	21	-0.016442
35	38	-0.0164462
4	29	-0.0164504
30	71	-0.0164753
23	54	-0.0165182
41	67	-0.016539
44	69	-0.0166656
4	66	-0.0166659
14	62	-0.0167051
47	61	-0.0167188
18	26	-0.0167391
1	34	-0.0167538
3	71	-0.0168257
19	65	-0.0168274
5	49	-0.0168707
36	67	-0.0168892
57	71	-0.0169352
5	64	-0.0169365
41	53	-0.0169404
12	47	-0.0169535
37	50	-0.0169586
46	58	-0.0170019
18	75	-0.0170103
1	46	-0.0170869
5	24	-0.0171468
26	50	-0.0171514
12	61	-0.0171968
38	55	-0.0171978
17	68	-0.0172009
14	47	-0.017234
33	74	-0.0172389
23	65	-0.0172572
51	67	-0.0172663
21	53	-0.0172702
19	62	-0.0172803
42	54	-0.017285
4	62	-0.0173468
25	30	-0.0173814
5	52	-0.0173985
4	63	-0.0174118
18	70	-0.0174222
6	23	-0.01743
39	46	-0.0174437
36	75	-0.0174544
38	50	-0.0174653
34	37	-0.0174752
50	62	-0.0174876
37	43	-0.0175045
1	67	-0.0175113
10	39	-0.0175563
30	44	-0.0176127
47	56	-0.017756
40	61	-0.0177749
40	54	-0.0178103
17	75	-0.017812
29	75	-0.0178139
30	67	-0.017854
19	39	-0.0178729
2	62	-0.017904
4	45	-0.0179068
33	76	-0.0179681
35	42	-0.0179746
48	76	-0.0180044
37	45	-0.0180367
69	76	-0.0181197
52	65	-0.0181516
41	74	-0.0181971
19	56	-0.0182214
43	72	-0.0182766
32	41	-0.0182867
6	47	-0.0183189
37	44	-0.0183848
53	75	-0.018389
45	75	-0.0183913
42	53	-0.0183981
66	75	-0.0184632
1	28	-0.0184746
47	75	-0.0184809
68	76	-0.0184923
34	75	-0.0184952
20	71	-0.0184994
60	69	-0.0185156
3	66	-0.0185782
10	22	-0.0186438
50	74	-0.0186479
1	17	-0.018676
48	52	-0.0187198
35	60	-0.0187306
1	63	-0.0187507
45	59	-0.0188376
41	63	-0.0188557
20	23	-0.0189885
6	33	-0.0189935
42	50	-0.0191499
10	60	-0.0192566
52	59	-0.019263
6	38	-0.0193119
20	22	-0.0193491
1	75	-0.0193866
23	44	-0.0194411
5	59	-0.0194425
67	68	-0.0194607
1	31	-0.0194632
1	61	-0.0194731
27	37	-0.0196494
16	46	-0.0196647
20	44	-0.019691
5	65	-0.0197113
23	53	-0.0197225
4	69	-0.0197305
30	45	-0.019836
6	43	-0.0199631
23	29	-0.0199636
1	55	-0.0199879
20	49	-0.0200058
10	49	-0.0201004
36	53	-0.0201042
45	69	-0.020113
3	45	-0.0201534
33	47	-0.0201641
6	69	-0.0201658
37	59	-0.0202104
12	66	-0.0202235
21	30	-0.0202289
59	70	-0.0202498
14	57	-0.0203179
4	18	-0.0203304
43	74	-0.0203517
3	38	-0.0203665
34	74	-0.0203772
46	49	-0.0203978
1	32	-0.0204643
45	60	-0.0205751
37	58	-0.02058
42	57	-0.020682
18	38	-0.0206843
42	72	-0.0207235
25	50	-0.0207551
40	52	-0.0207856
58	75	-0.0207897
20	75	-0.0208204
14	59	-0.0208284
56	69	-0.0208322
28	30	-0.0208496
3	19	-0.0208538
32	34	-0.0208541
18	42	-0.0208575
31	48	-0.0208848
25	32	-0.0209034
24	44	-0.0209531
3	61	-0.020963
12	71	-0.0209973
5	56	-0.0210047
22	62	-0.0210155
44	56	-0.0210272
33	50	-0.0210436
27	36	-0.0210822
44	76	-0.0211229
31	66	-0.0211969
38	52	-0.0212202
20	59	-0.0212358
12	25	-0.0212695
6	49	-0.0213598
27	30	-0.0213833
66	70	-0.0214019
7	53	-0.0214758
6	35	-0.0214867
14	35	-0.0215106
65	76	-0.0215352
10	72	-0.0215759
14	52	-0.0215887
23	66	-0.0217697
34	54	-0.021783
6	55	-0.0218208
3	65	-0.0218977
19	74	-0.0218983
4	14	-0.0219423
43	50	-0.0219617
68	75	-0.022056
23	72	-0.022079
24	76	-0.0221123
17	40	-0.0221565
58	74	-0.0222224
5	72	-0.0222306
22	75	-0.0222623
10	62	-0.0222985
9	71	-0.0223778
33	38	-0.0223839
20	56	-0.0224072
36	51	-0.0224422
10	36	-0.0224485
33	60	-0.022565
12	34	-0.0225953
46	67	-0.0227018
60	75	-0.0227474
29	74	-0.0227477
3	29	-0.022752
65	74	-0.0227975
24	70	-0.0228726
40	68	-0.0229108
10	68	-0.0230687
25	62	-0.0231192
53	62	-0.0231374
1	35	-0.0231492
4	19	-0.0232015
44	75	-0.0232117
67	75	-0.0232216
36	76	-0.0232254
6	59	-0.0232621
41	55	-0.0232757
19	26	-0.02329
21	33	-0.0232958
6	70	-0.023342
36	60	-0.0233589
20	51	-0.0233887
1	40	-0.0234054
18	36	-0.0235006
36	50	-0.0235147
33	68	-0.0235333
35	59	-0.0235782
43	51	-0.0236268
33	75	-0.0237137
12	50	-0.0237271
49	72	-0.0238549
31	59	-0.0238834
48	53	-0.0239697
31	55	-0.0239779
26	49	-0.0240241
5	22	-0.0240611
54	63	-0.0241023
29	64	-0.0241046
13	19	-0.024109
27	61	-0.0241659
14	34	-0.0241855
6	53	-0.0242789
9	27	-0.0243388
6	31	-0.0243775
19	27	-0.0243923
58	71	-0.024406
6	32	-0.0244164
6	41	-0.0244921
57	65	-0.0245231
33	54	-0.0245691
39	66	-0.0245776
53	59	-0.0245957
13	35	-0.0246135
45	72	-0.0246347
49	76	-0.0246386
5	66	-0.0246834
2	60	-0.0247615
59	76	-0.0248063
6	19	-0.0248412
60	68	-0.024884
4	30	-0.0249544
31	75	-0.0250797
37	39	-0.0251613
69	75	-0.0251724
5	26	-0.0252194
14	30	-0.0252435
35	43	-0.025309
1	48	-0.0253537
6	34	-0.0253547
60	67	-0.0254383
51	63	-0.0256045
8	36	-0.025615
25	34	-0.0257071
25	75	-0.0258035
10	50	-0.0258565
18	24	-0.0258782
42	61	-0.0258805
6	72	-0.025935
14	27	-0.0259421
4	54	-0.0259423
37	56	-0.0259696
4	40	-0.0259946
53	55	-0.0260702
2	37	-0.0261482
20	62	-0.0261741
70	71	-0.0261989
10	48	-0.0262342
5	43	-0.0262395
10	63	-0.0262622
12	41	-0.0262813
60	65	-0.0262826
52	64	-0.0262851
15	49	-0.0263494
2	49	-0.0263572
20	53	-0.0264728
34	36	-0.0264947
38	75	-0.0266402
39	75	-0.0266759
36	39	-0.0267177
6	50	-0.0267398
12	56	-0.0267489
43	76	-0.026814
14	29	-0.0268212
44	72	-0.0268479
22	68	-0.0268483
14	68	-0.0268561
1	56	-0.0268822
51	56	-0.0269118
26	48	-0.0269203
56	59	-0.0269362
14	61	-0.0269851
29	54	-0.0271125
38	59	-0.0271281
12	19	-0.0271769
24	75	-0.0272133
47	49	-0.0273974
54	70	-0.0274203
7	49	-0.0276931
25	57	-0.0277153
64	71	-0.0277476
71	75	-0.0278524
40	64	-0.0280175
4	50	-0.0280441
14	66	-0.0280828
6	25	-0.0282335
65	70	-0.0282695
18	62	-0.0283
22	37	-0.0283198
5	21	-0.0283846
12	67	-0.0284004
48	55	-0.0284768
48	69	-0.0284784
27	68	-0.0285605
10	17	-0.0286773
38	39	-0.0287118
17	66	-0.0288014
37	53	-0.0289052
10	33	-0.0289105
10	59	-0.028936
57	66	-0.0290069
8	44	-0.0290302
3	30	-0.0290497
40	75	-0.0290523
23	76	-0.0291674
25	37	-0.0291691
4	31	-0.0291862
12	21	-0.0292012
10	34	-0.0292665
8	60	-0.0292692
41	76	-0.029278
41	72	-0.029346
49	71	-0.0293528
47	76	-0.0294067
6	68	-0.0294232
5	53	-0.0294349
18	39	-0.0294756
12	58	-0.0295255
35	74	-0.0295458
52	75	-0.0295568
1	19	-0.029608
4	41	-0.0296196
57	68	-0.0296304
10	51	-0.0296627
62	64	-0.0298048
43	75	-0.0298467
59	75	-0.0298748
21	68	-0.0298827
10	47	-0.0299853
56	76	-0.0300439
44	65	-0.0300623
10	31	-0.0301027
8	34	-0.0301469
41	70	-0.0301574
32	74	-0.0301745
3	33	-0.0302325
10	18	-0.0302742
10	25	-0.0303342
22	71	-0.0304348
6	65	-0.0304385
3	17	-0.0305246
4	34	-0.030541
14	17	-0.0306772
62	76	-0.0308875
57	75	-0.0308978
16	49	-0.0309475
5	50	-0.0311171
22	69	-0.0311738
6	17	-0.031192
14	42	-0.0311922
3	46	-0.0312146
38	40	-0.0312258
61	74	-0.0312449
19	75	-0.0313182
17	26	-0.0313641
49	51	-0.0313921
11	50	-0.0314415
43	67	-0.0314686
3	44	-0.0316422
11	64	-0.0316929
6	54	-0.0317974
10	64	-0.031798
10	55	-0.0318167
11	67	-0.031873
3	58	-0.0319225
4	7	-0.0319654
4	32	-0.0320021
15	62	-0.0320851
4	38	-0.0321584
3	70	-0.0321701
13	36	-0.0321715
51	75	-0.0322239
8	49	-0.0324337
4	49	-0.0324344
6	63	-0.0324878
8	11	-0.0325317
11	75	-0.032569
17	44	-0.0326287
14	28	-0.0326295
50	76	-0.0327541
12	40	-0.0327827
9	20	-0.0327897
13	40	-0.0328275
13	38	-0.0329434
8	51	-0.0329483
52	58	-0.0330905
2	59	-0.0331354
4	27	-0.0332429
34	63	-0.0333751
16	22	-0.0334194
4	70	-0.0334379
4	57	-0.0334475
10	45	-0.0336426
16	53	-0.0336749
15	64	-0.0336862
7	51	-0.0336968
11	61	-0.0337536
15	71	-0.0337706
10	66	-0.0338736
21	63	-0.0339574
29	62	-0.0339895
14	56	-0.0340333
3	60	-0.0341729
42	75	-0.034176
22	59	-0.0341818
29	58	-0.034184
55	63	-0.0342057
30	75	-0.0342751
15	54	-0.0342842
39	76	-0.0342959
55	75	-0.0343006
38	65	-0.034358
74	75	-0.0343815
37	69	-0.0343915
47	72	-0.0344004
62	75	-0.0344273
4	16	-0.0344281
1	29	-0.0345296
16	32	-0.0346756
9	44	-0.0347263
37	75	-0.0347534
44	71	-0.0349241
28	48	-0.0349559
12	43	-0.0349624
8	46	-0.0350057
36	46	-0.035062
27	58	-0.0351555
37	61	-0.03519
35	76	-0.0352534
10	56	-0.0354388
9	60	-0.0355343
10	38	-0.0356031
2	46	-0.0356239
18	19	-0.0357001
56	74	-0.0357182
16	54	-0.0357967
26	46	-0.0357977
13	50	-0.0359189
10	58	-0.0359636
6	48	-0.0360079
42	76	-0.0360712
53	61	-0.0361156
5	75	-0.0361631
10	23	-0.036183
6	24	-0.036238
38	51	-0.0364164
23	55	-0.0365048
73	74	-0.0365885
4	61	-0.0367266
16	60	-0.0367871
46	60	-0.0367921
12	38	-0.0368263
9	59	-0.0368335
24	31	-0.0368741
2	44	-0.0368874
1	3	-0.0369039
32	48	-0.0369064
9	58	-0.0370409
12	60	-0.037051
17	76	-0.0370655
5	17	-0.0370935
53	76	-0.0371866
29	53	-0.0372078
13	48	-0.0372221
15	46	-0.0373996
32	43	-0.0374364
18	44	-0.0375313
9	11	-0.0375575
7	11	-0.0376509
13	55	-0.0377645
5	12	-0.0377816
13	34	-0.0377834
60	76	-0.0378689
46	75	-0.0378782
13	59	-0.0379421
15	30	-0.0379554
3	22	-0.0380051
7	18	-0.0380828
21	29	-0.0380978
7	68	-0.0381226
49	64	-0.038143
57	76	-0.0381937
2	33	-0.0382221
21	76	-0.0383469
10	54	-0.0383526
15	32	-0.0383551
65	66	-0.0383772
52	76	-0.0384534
4	48	-0.0384536
15	29	-0.0384599
15	18	-0.0385284
12	59	-0.0385845
44	45	-0.0386285
66	76	-0.0386384
15	27	-0.0386446
40	76	-0.038675
34	73	-0.038701
3	50	-0.0387533
16	55	-0.0387582
35	51	-0.0388273
10	42	-0.0388555
13	30	-0.0388832
50	68	-0.0388958
6	42	-0.0389815
8	48	-0.0389894
64	76	-0.0390939
11	13	-0.03913
6	36	-0.0391325
32	75	-0.0391621
25	76	-0.0391716
9	30	-0.0392981
54	76	-0.0393099
2	53	-0.0394645
9	19	-0.0394647
12	37	-0.0394785
15	35	-0.0394816
16	36	-0.039506
26	75	-0.0395196
2	28	-0.0395773
16	42	-0.0397207
37	76	-0.0397208
13	60	-0.0398038
27	75	-0.0398208
72	74	-0.0398225
4	55	-0.0398257
15	33	-0.0398425
8	54	-0.039891
10	40	-0.0399625
10	71	-0.0400419
9	53	-0.0401292
13	31	-0.0401855
10	32	-0.0403365
6	44	-0.0403613
3	55	-0.0403716
7	55	-0.0403821
13	69	-0.0404141
16	39	-0.0404754
15	19	-0.0404907
13	27	-0.0406461
4	28	-0.0407382
63	75	-0.0407527
15	38	-0.0408097
31	33	-0.0408395
12	35	-0.040855
45	71	-0.0408821
13	62	-0.0410318
16	29	-0.0411376
9	45	-0.0413284
2	22	-0.0413483
25	54	-0.0415393
29	76	-0.0416099
2	18	-0.0416902
3	49	-0.0418401
2	29	-0.0418921
22	76	-0.0419127
8	66	-0.0419249
13	20	-0.0419912
8	65	-0.0420234
51	76	-0.0420298
6	60	-0.0420727
2	11	-0.0421761
4	13	-0.0423352
7	19	-0.0423443
8	40	-0.0424044
4	8	-0.0424264
1	12	-0.0424582
13	39	-0.0424652
7	41	-0.0425611
15	68	-0.0425785
6	45	-0.0426058
56	75	-0.0427599
4	33	-0.0428382
4	9	-0.0428698
10	74	-0.0429336
26	76	-0.0429884
15	41	-0.0429922
2	36	-0.0430338
16	43	-0.0430503
10	57	-0.0430625
2	31	-0.0430978
13	17	-0.0432857
10	52	-0.0433818
13	29	-0.043457
7	34	-0.043573
13	68	-0.0436942
11	22	-0.0438357
4	21	-0.0438938
16	50	-0.0439582
6	27	-0.0440274
9	25	-0.0440881
9	49	-0.0441341
23	39	-0.0441804
12	33	-0.044197
1	10	-0.0442043
55	76	-0.0442274
13	25	-0.044236
15	34	-0.0442572
7	37	-0.0443012
2	72	-0.0444218
2	4	-0.0444517
71	76	-0.0444662
27	46	-0.0447588
35	47	-0.0448901
9	66	-0.0449087
15	48	-0.0449479
15	58	-0.0449856
7	44	-0.044997
16	64	-0.045059
8	38	-0.0451385
3	72	-0.0451573
16	31	-0.0451768
2	47	-0.0452566
63	76	-0.0452643
8	20	-0.0453008
3	54	-0.0453306
9	36	-0.0453447
8	19	-0.0453484
3	59	-0.0454133
16	48	-0.0454206
61	75	-0.0454949
16	58	-0.0457016
9	21	-0.0458086
13	18	-0.0459817
6	18	-0.0460351
11	43	-0.0460395
72	76	-0.0460936
15	31	-0.0461422
13	52	-0.0462025
16	44	-0.0464216
22	39	-0.0465198
7	48	-0.0465542
8	50	-0.0467101
2	61	-0.0467249
7	65	-0.0467542
16	18	-0.0467648
22	42	-0.0467719
25	70	-0.0469407
19	68	-0.0469817
3	35	-0.0470813
9	31	-0.0471821
7	57	-0.0472251
72	75	-0.0472781
3	5	-0.0472791
2	41	-0.0472957
3	43	-0.0472966
42	73	-0.0472979
38	57	-0.047311
13	44	-0.0473377
16	21	-0.0475497
9	37	-0.0479135
8	68	-0.0479615
7	32	-0.0481283
13	46	-0.0481733
11	47	-0.0482168
7	58	-0.0483522
13	54	-0.0483711
11	23	-0.0484842
7	36	-0.0484995
16	68	-0.0486245
9	48	-0.0487163
16	26	-0.0487256
15	24	-0.0487586
3	64	-0.0487648
53	73	-0.0487771
15	26	-0.0488476
7	39	-0.0488707
12	22	-0.0488779
9	33	-0.0490296
3	63	-0.0490753
16	47	-0.0490779
20	76	-0.049086
2	19	-0.0491986
11	40	-0.0493089
2	56	-0.0493342
2	64	-0.0493923
7	23	-0.0495164
11	15	-0.0495549
2	68	-0.0495964
13	58	-0.049598
27	60	-0.0496021
13	22	-0.0498473
16	67	-0.0498825
15	69	-0.0499242
7	27	-0.0499532
16	23	-0.0499552
65	73	-0.0500035
15	44	-0.050009
24	69	-0.0500923
3	47	-0.0501602
8	47	-0.0502675
13	57	-0.050422
9	32	-0.0504324
15	40	-0.0505173
9	54	-0.0505521
9	55	-0.0506244
10	35	-0.050709
2	69	-0.0507868
15	43	-0.0507915
3	41	-0.0509246
13	26	-0.0509252
6	75	-0.0509543
2	21	-0.0510789
7	38	-0.05117
15	22	-0.0513336
2	45	-0.0513749
13	65	-0.0514152
5	29	-0.0516194
11	71	-0.0516362
54	62	-0.051675
29	43	-0.0518467
8	55	-0.0519045
3	11	-0.0519176
11	54	-0.0519244
8	42	-0.0519714
13	67	-0.0520854
46	76	-0.0521923
3	39	-0.0522646
7	59	-0.052402
9	68	-0.0524493
15	60	-0.0524639
2	48	-0.052502
2	24	-0.0525024
15	39	-0.0525953
9	69	-0.052638
8	33	-0.0527672
15	47	-0.0527795
8	32	-0.0527859
16	71	-0.052895
15	25	-0.0529315
15	45	-0.0529601
16	17	-0.0529684
16	24	-0.0530169
3	74	-0.0530993
50	75	-0.053137
16	37	-0.0531906
3	24	-0.0532286
3	67	-0.0536274
16	65	-0.0536339
37	60	-0.0537101
8	22	-0.0538084
2	43	-0.0539002
3	25	-0.0539361
9	22	-0.0540638
10	43	-0.0541488
15	57	-0.0541737
13	43	-0.0541941
2	42	-0.0542401
9	64	-0.0543051
32	70	-0.0543376
15	59	-0.0543884
11	46	-0.0544071
28	75	-0.0544094
3	23	-0.0546751
34	76	-0.0546869
11	41	-0.054722
16	34	-0.0547797
7	66	-0.0548459
7	25	-0.0548499
8	31	-0.0548558
15	61	-0.0549086
16	45	-0.0549123
15	37	-0.0550751
8	39	-0.0552366
8	56	-0.0553117
10	21	-0.0555818
13	42	-0.0556095
8	18	-0.055714
2	34	-0.0557223
8	67	-0.0557374
15	72	-0.0558222
2	25	-0.0558274
7	67	-0.0558588
3	51	-0.0558962
11	68	-0.0559091
8	35	-0.055994
2	65	-0.0560235
8	59	-0.0560754
7	33	-0.0561247
16	66	-0.0561714
41	75	-0.0562546
16	59	-0.0563218
11	35	-0.056328
13	64	-0.0563417
7	61	-0.056356
2	71	-0.056405
9	65	-0.0565459
75	76	-0.0565499
50	73	-0.0567016
15	17	-0.056799
9	62	-0.0568539
16	52	-0.0568632
16	63	-0.0569352
8	57	-0.05705
9	70	-0.0570872
9	24	-0.0571947
8	69	-0.0571973
15	70	-0.0572209
7	62	-0.0573156
9	34	-0.0574065
2	27	-0.0574909
9	46	-0.0575563
15	50	-0.0576067
8	71	-0.0576376
7	45	-0.0576682
58	76	-0.0577298
7	28	-0.0579278
3	62	-0.0580028
15	65	-0.0580035
3	28	-0.0580156
7	71	-0.0580558
7	72	-0.058075
7	60	-0.0581953
16	35	-0.0582817
70	76	-0.0582976
12	75	-0.0583713
2	20	-0.0583855
16	19	-0.0585442
16	30	-0.0585584
16	62	-0.0586406
8	72	-0.0587594
9	50	-0.0588762
28	49	-0.0589836
8	21	-0.0590332
7	30	-0.0593127
8	23	-0.059326
9	61	-0.0593687
16	25	-0.059539
2	67	-0.0596554
5	73	-0.0597106
7	20	-0.0597926
9	43	-0.0598018
9	26	-0.0598094
2	32	-0.0598167
15	63	-0.0598297
13	23	-0.060008
30	76	-0.0600614
16	40	-0.0600827
16	20	-0.0601467
16	51	-0.0601626
7	35	-0.0601785
2	35	-0.0603188
8	53	-0.0603557
9	42	-0.0605671
7	17	-0.0606978
8	24	-0.0607212
9	18	-0.060734
27	76	-0.0607624
2	30	-0.0608231
8	43	-0.0608745
3	36	-0.0609333
2	39	-0.0609396
2	54	-0.0609881
29	73	-0.0609964
13	37	-0.0610176
11	57	-0.0610984
11	60	-0.0611255
13	21	-0.0611256
17	73	-0.0611405
11	42	-0.0612386
8	30	-0.0613293
2	55	-0.0613393
7	50	-0.0613605
13	56	-0.0614487
15	56	-0.0614802
16	69	-0.0615493
12	74	-0.0615974
7	56	-0.061689
11	28	-0.0617211
8	58	-0.0618025
7	47	-0.0618922
3	20	-0.0619483
74	76	-0.0620564
16	27	-0.0621341
19	76	-0.0621555
60	73	-0.0622151
11	65	-0.0623385
9	52	-0.062343
1	73	-0.0623663
3	56	-0.0623976
13	71	-0.0624199
8	64	-0.0625927
8	25	-0.0626647
8	27	-0.0627082
9	51	-0.062821
9	38	-0.0628541
7	21	-0.063018
2	66	-0.0630555
16	38	-0.0632491
15	42	-0.0632526
13	63	-0.0632941
9	41	-0.0633877
11	49	-0.063409
15	66	-0.0634917
8	52	-0.0636021
2	51	-0.0636249
7	26	-0.0637884
8	37	-0.0638702
4	75	-0.063991
47	73	-0.0640185
9	63	-0.0640212
9	17	-0.064059
8	28	-0.0641317
2	63	-0.0643744
8	29	-0.0644655
31	73	-0.0644881
13	24	-0.0645187
13	33	-0.0645992
2	52	-0.0646297
9	67	-0.0646503
13	49	-0.0647871
2	70	-0.0649325
2	38	-0.0650186
7	63	-0.0651211
2	17	-0.0652236
61	76	-0.0653713
2	50	-0.0655758
15	52	-0.0656448
7	43	-0.0658759
13	41	-0.0659056
70	73	-0.0662017
72	73	-0.0662269
3	53	-0.0663479
7	29	-0.0664149
16	57	-0.0664177
11	38	-0.0665117
9	28	-0.0666859
38	73	-0.066732
15	36	-0.0667883
9	23	-0.0668048
16	61	-0.067144
16	33	-0.0671921
11	56	-0.0672581
7	31	-0.0674494
8	62	-0.0676928
15	55	-0.0680046
8	63	-0.0680255
7	42	-0.0682419
54	73	-0.0683501
32	76	-0.068391
19	73	-0.0686044
7	46	-0.0686937
8	41	-0.0690422
13	66	-0.0691324
10	29	-0.0691404
3	18	-0.0692198
16	72	-0.0692939
6	13	-0.0693124
15	20	-0.0693988
11	36	-0.0694253
3	42	-0.0694345
11	34	-0.0695227
2	58	-0.069562
32	73	-0.0696714
23	73	-0.0697006
36	73	-0.0698045
8	17	-0.0698061
13	61	-0.0698382
8	26	-0.0699149
9	72	-0.0699643
13	53	-0.0703154
69	73	-0.0705212
52	73	-0.070617
9	35	-0.0707155
11	25	-0.0708614
7	52	-0.0711274
25	73	-0.0711862
70	75	-0.0712305
7	70	-0.0713925
9	47	-0.0714558
13	72	-0.0716458
2	40	-0.0719012
8	70	-0.0720762
28	76	-0.0721285
13	70	-0.0722506
15	51	-0.0724743
7	40	-0.0726861
16	28	-0.0727992
15	67	-0.0728166
11	51	-0.0731809
11	27	-0.0732003
5	76	-0.0732822
13	32	-0.0732826
9	29	-0.073313
9	57	-0.0734396
13	47	-0.073463
51	73	-0.0734814
4	15	-0.0735124
2	26	-0.0735396
7	22	-0.0735434
8	45	-0.0737603
46	73	-0.0740206
3	31	-0.0740984
7	64	-0.0741017
28	73	-0.0742137
56	73	-0.074226
3	26	-0.0743308
3	69	-0.0746293
7	54	-0.0746776
16	56	-0.074758
43	73	-0.0748112
11	52	-0.0748877
9	39	-0.0749245
11	32	-0.0750224
15	23	-0.0750555
41	73	-0.0750804
3	48	-0.0753793
16	41	-0.0754541
15	53	-0.0755284
11	16	-0.0756984
13	28	-0.0757746
22	73	-0.0758596
27	73	-0.0767255
61	73	-0.0767311
16	70	-0.0768396
11	44	-0.0776694
13	51	-0.0776817
7	69	-0.0778456
2	23	-0.0779011
48	73	-0.0779902
14	73	-0.0780333
11	69	-0.0780856
2	6	-0.0789113
9	56	-0.0789393
3	21	-0.0791373
6	8	-0.0795508
39	73	-0.0797092
6	7	-0.080109
62	73	-0.0801513
6	16	-0.0803675
11	59	-0.0805735
45	73	-0.0810091
13	45	-0.0811087
6	10	-0.0812816
59	73	-0.0814698
11	30	-0.081642
11	39	-0.0820535
11	17	-0.0825413
11	29	-0.083861
3	34	-0.0843652
66	73	-0.0851474
15	28	-0.0852555
11	24	-0.085437
11	19	-0.0855563
2	57	-0.0858528
58	73	-0.0872953
1	76	-0.0873829
44	73	-0.0874893
6	9	-0.0880702
11	63	-0.0886262
64	73	-0.0887597
4	10	-0.0887832
8	61	-0.0892731
3	57	-0.0900694
9	40	-0.0904149
6	15	-0.0904227
11	18	-0.0913873
11	45	-0.0932773
18	73	-0.0944084
57	73	-0.0945478
2	14	-0.0968136
21	73	-0.0969832
33	73	-0.0985238
11	26	-0.0988871
7	24	-0.0990045
8	14	-0.0995601
11	48	-0.0995964
30	73	-0.100937
11	31	-0.102077
11	33	-0.102352
11	37	-0.104349
11	70	-0.104734
11	55	-0.104749
26	73	-0.10608
24	73	-0.10641
11	62	-0.108539
9	14	-0.109006
20	73	-0.109567
40	73	-0.109923
11	20	-0.11004
11	66	-0.111585
13	14	-0.112587
37	73	-0.113819
49	73	-0.115554
14	15	-0.116203
11	58	-0.116413
11	21	-0.11707
7	14	-0.11754
63	73	-0.117949
35	73	-0.124996
71	73	-0.125809
67	73	-0.131292
1	14	-0.135291
12	13	-0.137479
14	16	-0.139843
12	16	-0.142594
7	12	-0.142609
5	14	-0.143173
14	74	-0.14975
2	12	-0.151953
9	12	-0.153916
8	12	-0.154521
11	74	-0.158674
5	11	-0.16574
12	15	-0.165994
1	11	-0.17879
10	12	-0.223686