#==========================================================================
# The first and second rows contain site pairs (i, j) such that j > i
# The third row contains coevolutionary scores obtained 
# using Boltzmann learning algorithm.
# Note that in this data sites are counted/labelled starting from 1
#==========================================================================
1	2	1.48306
3	4	0.843024
3	5	0.737838
4	5	0.729329
5	6	0.660336
38	48	0.604485
39	47	0.561716
37	49	0.557561
3	7	0.52187
4	6	0.488788
36	50	0.423947
9	21	0.406977
5	7	0.403741
62	64	0.398097
6	61	0.394722
62	63	0.38858
2	4	0.381164
3	6	0.363247
14	29	0.355283
4	7	0.346658
2	26	0.342289
8	59	0.333396
61	62	0.332523
15	43	0.331837
2	3	0.309765
2	5	0.301948
60	64	0.297807
63	64	0.29737
27	37	0.2801
1	26	0.261221
23	24	0.256527
2	6	0.232504
60	62	0.229803
27	49	0.228837
14	37	0.22606
26	27	0.22017
14	49	0.214784
60	63	0.210757
6	7	0.209452
27	29	0.203546
37	54	0.190342
59	62	0.188591
38	57	0.186348
23	57	0.18563
23	28	0.184383
14	27	0.183713
24	27	0.183264
61	64	0.182178
23	27	0.179395
22	60	0.176581
60	61	0.175331
5	23	0.172625
43	47	0.170525
23	39	0.164093
58	61	0.163542
38	47	0.161172
7	27	0.160741
29	37	0.160405
5	62	0.157437
57	62	0.154458
51	56	0.151793
8	58	0.150174
1	15	0.149826
48	57	0.14816
23	48	0.148065
59	61	0.147844
28	39	0.147606
59	60	0.14669
61	63	0.145175
23	26	0.145056
19	56	0.144266
26	49	0.143227
19	20	0.142969
29	49	0.142764
7	25	0.141813
39	48	0.141768
20	51	0.14154
34	51	0.140778
38	39	0.140735
19	33	0.140418
19	34	0.139034
59	64	0.136877
23	54	0.136328
6	58	0.136322
19	51	0.135041
25	36	0.13321
10	19	0.133051
20	56	0.132325
34	56	0.131786
27	28	0.131613
35	51	0.130837
10	51	0.129924
1	43	0.129738
8	24	0.129256
35	56	0.126037
54	62	0.125865
11	19	0.12575
10	56	0.125645
33	56	0.125642
17	33	0.125002
25	48	0.123422
27	54	0.123147
51	52	0.122934
23	38	0.12237
33	35	0.121882
17	51	0.121436
33	51	0.121312
25	50	0.12028
11	56	0.120234
20	35	0.119985
53	56	0.119771
11	20	0.119739
11	34	0.118879
20	34	0.118801
34	35	0.118644
26	62	0.11863
52	56	0.117939
12	19	0.117896
23	47	0.117204
58	64	0.116502
25	38	0.115941
13	20	0.115661
40	46	0.115434
13	53	0.115331
51	53	0.115276
10	16	0.115208
5	24	0.114994
11	33	0.114732
13	56	0.1146
8	55	0.11443
35	52	0.114399
20	33	0.114275
19	35	0.113839
18	47	0.113754
16	20	0.112925
19	53	0.112665
18	39	0.112535
11	35	0.112313
17	19	0.111853
20	52	0.111799
10	35	0.11177
10	12	0.111641
17	35	0.111523
16	51	0.111483
20	53	0.111374
16	33	0.110232
12	33	0.110218
11	13	0.110207
16	56	0.110057
34	53	0.110048
13	33	0.109854
34	52	0.108757
2	22	0.108581
42	50	0.108265
5	61	0.108262
12	34	0.107781
16	34	0.107184
19	52	0.106711
13	16	0.106655
13	51	0.106593
26	54	0.105651
33	34	0.105423
11	52	0.105104
10	11	0.105022
39	57	0.104664
13	34	0.104654
27	62	0.104171
10	13	0.103697
28	47	0.103573
17	34	0.103284
15	47	0.103238
12	56	0.102662
4	57	0.102092
52	53	0.101967
10	53	0.101919
11	17	0.101875
47	48	0.101834
17	56	0.10129
11	12	0.101081
10	52	0.101073
33	52	0.101016
2	31	0.100956
12	51	0.100576
26	57	0.100095
11	51	0.0995674
23	43	0.099459
40	54	0.0986677
7	14	0.0979177
13	19	0.0978644
36	37	0.0977018
12	52	0.0972999
11	16	0.0972047
31	56	0.0970879
10	20	0.0968831
45	46	0.0964143
11	53	0.0961673
10	34	0.0961275
15	64	0.0959384
15	39	0.0956377
12	20	0.095551
17	20	0.0953491
13	52	0.0953453
35	53	0.0952514
12	13	0.0949876
40	41	0.0948505
26	64	0.0942493
16	52	0.093972
24	39	0.0935773
55	59	0.0935137
13	35	0.0934521
33	53	0.0931781
16	19	0.0928236
17	53	0.0926191
46	48	0.092403
1	5	0.0923693
18	25	0.0922914
6	63	0.0922205
16	17	0.0920523
10	17	0.0918734
23	62	0.0918449
12	35	0.0915413
40	50	0.0908608
16	53	0.0907696
25	54	0.0902286
31	47	0.0898629
13	30	0.0895359
10	33	0.0894568
12	16	0.0885464
43	54	0.0882856
12	53	0.0881595
16	35	0.0874418
36	42	0.0873147
19	31	0.0869802
28	29	0.0864208
12	17	0.0863241
20	31	0.0859612
13	17	0.0857609
43	48	0.0854623
28	57	0.0852975
8	46	0.0852263
1	3	0.0846896
9	45	0.0839867
48	59	0.0832486
17	52	0.0832423
15	54	0.08308
31	33	0.0825146
57	63	0.0824329
47	55	0.0822413
21	45	0.0819363
38	46	0.0818697
38	43	0.0815714
19	30	0.0815411
14	54	0.081024
24	57	0.0802128
17	31	0.0800026
31	34	0.0795279
25	40	0.0793717
10	31	0.0791122
24	28	0.0789514
15	42	0.0784388
52	55	0.0782414
18	27	0.0778925
18	28	0.0778598
13	31	0.0775666
14	40	0.0775594
25	27	0.0774758
27	57	0.0774504
32	48	0.0766895
2	59	0.076619
43	64	0.0765915
49	54	0.0765886
15	23	0.0763944
40	58	0.0763464
9	54	0.0759014
30	56	0.075831
8	49	0.0754934
47	57	0.0753098
28	36	0.0752912
8	37	0.0750737
8	36	0.0746541
37	46	0.0740321
31	51	0.073017
19	55	0.073004
24	59	0.0726197
20	55	0.0724908
32	64	0.0724654
37	55	0.0717671
15	29	0.0715474
25	59	0.0714786
32	60	0.0714504
10	55	0.0713468
11	55	0.0711896
34	55	0.0710136
51	55	0.070708
28	37	0.0704946
40	49	0.0701812
42	59	0.0701426
25	39	0.0697713
15	48	0.0697473
19	22	0.0694244
16	31	0.0688752
55	56	0.0687185
25	28	0.0686403
24	26	0.0685494
1	59	0.0683583
38	62	0.0678005
25	47	0.067656
31	52	0.0671558
36	40	0.0671284
39	61	0.0669681
27	46	0.0669674
42	45	0.0667086
8	27	0.0666848
30	53	0.0663907
12	22	0.0661064
22	51	0.0657603
14	62	0.0656473
42	46	0.0656441
40	42	0.0653679
18	57	0.0649381
11	22	0.0647609
30	34	0.064553
37	40	0.0642191
20	30	0.0642054
1	28	0.0641111
18	60	0.0639519
29	62	0.0638277
21	52	0.0637715
8	61	0.0633579
23	37	0.0632713
22	56	0.0629152
58	59	0.0627566
22	32	0.0626472
11	31	0.0625958
8	54	0.0624228
30	51	0.0621865
9	56	0.0618918
25	41	0.061451
5	39	0.0613927
31	53	0.0612723
32	46	0.0611983
26	39	0.0610924
30	32	0.0609157
33	55	0.0606942
32	49	0.0606072
28	50	0.060573
26	47	0.0603109
12	18	0.0602351
1	22	0.060006
15	25	0.0595022
32	38	0.0594914
36	41	0.059477
13	55	0.0594025
37	50	0.0591026
12	31	0.0589622
5	57	0.0588541
15	50	0.0587619
41	42	0.0587115
24	46	0.0585195
30	33	0.0583589
17	22	0.0583183
35	55	0.0581888
9	42	0.058062
9	34	0.0579774
25	44	0.0579763
21	42	0.0577708
37	62	0.0573599
41	47	0.0572431
32	47	0.0571695
15	38	0.0571303
9	19	0.0571138
18	24	0.057077
32	63	0.0569587
22	34	0.0566781
16	30	0.0563279
45	47	0.0563088
53	55	0.0563053
30	52	0.0561704
4	38	0.0560503
36	46	0.0560027
22	33	0.0558231
22	43	0.0555588
25	43	0.0553268
44	50	0.0551923
26	37	0.0550943
26	28	0.0549028
5	47	0.0546044
31	35	0.0543515
29	41	0.0542439
28	42	0.0538457
8	25	0.0536581
16	55	0.0535845
20	22	0.0532209
17	55	0.0531951
24	45	0.0531903
29	40	0.0530568
46	49	0.0526672
41	50	0.0526469
30	35	0.0526302
6	36	0.0525397
43	60	0.0524913
19	21	0.0523752
22	35	0.0521864
38	45	0.0521351
18	64	0.0520461
22	52	0.0519515
12	55	0.0519354
9	20	0.0519168
10	30	0.0518084
13	22	0.0513072
9	16	0.0512036
49	50	0.0511273
9	10	0.0506956
28	38	0.0505703
54	55	0.0505083
3	59	0.0504797
6	25	0.0504097
38	63	0.0501521
9	35	0.0500404
30	31	0.0500374
36	44	0.0494285
42	54	0.0493595
41	46	0.0493466
32	41	0.0490641
21	54	0.0486696
39	45	0.0482933
25	46	0.0479573
17	21	0.0479088
3	32	0.0477736
44	46	0.0475856
55	62	0.0473858
45	48	0.0472387
25	29	0.0469977
24	47	0.046761
47	54	0.0464698
6	62	0.0462775
37	39	0.0462254
21	56	0.0460485
20	21	0.0459763
11	30	0.0451878
22	53	0.0446294
5	38	0.0445396
9	33	0.0438836
39	49	0.0437527
26	43	0.0433821
21	41	0.0430381
12	30	0.0428414
12	29	0.0426193
36	54	0.0425866
27	43	0.0425807
30	54	0.0425706
15	26	0.0422684
9	12	0.0422427
10	21	0.0421614
46	58	0.0420733
27	38	0.0420449
39	41	0.0420005
44	63	0.0419613
21	35	0.0417945
23	49	0.0417843
41	58	0.0417657
50	58	0.0417447
8	45	0.041701
12	14	0.0416776
7	37	0.0415638
46	47	0.0415007
3	22	0.0414728
18	22	0.0413366
16	21	0.0412441
14	50	0.0411143
7	60	0.0410527
6	41	0.0410129
16	22	0.0409543
22	64	0.0409032
36	58	0.0408343
21	53	0.0406449
9	52	0.0405954
3	61	0.0404975
24	30	0.0403515
9	53	0.0401628
21	51	0.0398338
21	39	0.0398144
39	54	0.0395032
13	18	0.0394679
21	34	0.0394312
6	23	0.0391531
18	19	0.0389465
28	49	0.038665
9	23	0.0385969
49	63	0.0385828
46	50	0.0385414
8	40	0.0385337
37	47	0.0384475
11	21	0.0384207
36	57	0.0382858
8	32	0.0382295
2	43	0.0380222
4	48	0.0379193
37	44	0.0375458
18	43	0.0373253
18	32	0.0372013
27	40	0.0371666
14	25	0.036613
8	30	0.0363455
25	45	0.0361302
28	41	0.0360431
29	50	0.036018
21	33	0.0359568
17	30	0.0359564
2	48	0.0359325
9	17	0.0358691
23	42	0.0357523
23	63	0.0355378
15	36	0.0354858
27	39	0.0351625
8	50	0.0351606
26	63	0.0348984
25	42	0.034843
3	54	0.0347257
29	54	0.034724
49	62	0.0345644
7	59	0.03454
25	63	0.0344372
59	63	0.0343249
44	45	0.0342373
3	64	0.0341403
9	63	0.0341129
40	44	0.0339271
31	55	0.0339116
9	46	0.0338492
39	62	0.0338447
39	46	0.0336409
22	31	0.0336021
9	47	0.0335707
24	62	0.0334258
24	42	0.0333332
28	48	0.0324697
10	22	0.0323555
27	48	0.0322856
34	60	0.0322771
48	63	0.0322498
31	43	0.0322056
3	25	0.0320822
5	48	0.0320401
9	13	0.0319322
9	41	0.0318936
14	28	0.0318137
15	55	0.031685
1	49	0.0313914
9	11	0.0312577
39	55	0.0311645
4	26	0.0311311
8	57	0.0311089
19	60	0.0310923
54	63	0.0310429
6	45	0.0307617
1	63	0.0307466
7	29	0.0306155
6	8	0.030493
9	31	0.0301617
29	51	0.0299215
37	41	0.02978
29	44	0.0293767
9	51	0.0293232
41	44	0.0293211
47	62	0.0288201
37	58	0.0286858
2	15	0.028666
29	42	0.0284489
11	32	0.0279213
18	40	0.0276736
40	45	0.0275465
36	62	0.0273195
47	61	0.0272545
49	58	0.0271667
40	43	0.0268656
3	63	0.0266785
27	42	0.0263487
21	40	0.0263197
14	18	0.0263025
4	63	0.0261423
27	47	0.0260754
18	26	0.0258626
28	58	0.0257642
11	14	0.0257223
7	45	0.0256963
23	61	0.0256125
14	19	0.0253456
18	20	0.0251372
32	33	0.025098
5	8	0.0250759
14	17	0.0249881
8	41	0.0248682
18	31	0.0248482
29	30	0.0248336
36	49	0.0247759
25	60	0.0245279
21	31	0.0243672
30	50	0.0243436
18	35	0.0242351
13	21	0.0241212
39	42	0.0240481
32	39	0.0240251
41	45	0.0237962
13	14	0.0237691
47	64	0.0237209
32	43	0.0236818
29	33	0.0235996
50	54	0.0234091
16	59	0.0234071
10	29	0.0233888
12	21	0.0231885
21	37	0.0230471
21	23	0.0229601
30	63	0.0225272
58	62	0.0222285
24	43	0.0220937
32	44	0.0220429
3	60	0.0215662
37	43	0.0215366
8	48	0.0215306
10	14	0.0212828
17	32	0.021154
54	64	0.0211502
8	64	0.0211278
41	59	0.0210876
40	59	0.020646
50	64	0.0206234
17	18	0.0205798
19	29	0.0204858
21	25	0.0204698
49	64	0.0203961
21	63	0.020142
14	33	0.0200837
25	58	0.020077
14	41	0.0199709
11	18	0.0199468
43	50	0.0199063
32	52	0.0198571
45	64	0.0197774
44	54	0.0193468
49	55	0.0193241
18	53	0.0192574
15	41	0.0190184
46	59	0.0188597
28	46	0.0188502
30	55	0.01877
46	57	0.0186108
45	54	0.0185835
28	44	0.0185265
29	64	0.0182345
17	29	0.0180777
19	32	0.0180634
11	29	0.0179959
3	46	0.0179657
30	48	0.0178834
52	60	0.0178669
42	58	0.0178586
33	60	0.0177203
3	8	0.0176736
21	49	0.0176274
10	60	0.0176135
6	46	0.0175198
16	18	0.0172434
57	58	0.0171176
44	61	0.0171166
7	21	0.0170523
14	34	0.016945
27	50	0.0169137
29	53	0.0167078
57	64	0.0164907
3	48	0.0164671
30	36	0.0164265
27	44	0.0164137
25	32	0.0160608
48	62	0.0160258
45	63	0.0160082
9	37	0.0158206
24	63	0.0157569
14	56	0.0156791
43	58	0.0156124
32	45	0.0155635
11	60	0.0154142
8	31	0.0153672
13	29	0.0153205
18	34	0.0152948
14	16	0.0151563
3	42	0.015101
24	38	0.0149634
49	57	0.0148951
8	42	0.0148321
25	64	0.0147502
29	35	0.0146759
45	59	0.0145273
14	35	0.014325
32	42	0.0143096
38	61	0.0142527
20	29	0.0140312
26	32	0.0139978
29	36	0.0138883
5	27	0.0138011
24	32	0.0137907
24	49	0.0137537
21	30	0.0136687
22	30	0.0136574
32	34	0.0136296
15	45	0.0134557
30	45	0.0134492
15	46	0.0133047
20	32	0.0132897
24	64	0.0131349
17	60	0.01291
14	36	0.0127892
9	40	0.0127246
24	48	0.0126531
18	41	0.0125261
46	64	0.0125095
26	38	0.0124406
9	39	0.012326
47	58	0.0121856
25	57	0.0118826
29	52	0.0116333
27	32	0.0114643
18	46	0.0113829
51	60	0.0113577
14	51	0.0112928
29	34	0.0112611
18	52	0.0112133
45	49	0.0111759
21	46	0.0111298
22	26	0.0110825
18	51	0.0110589
48	49	0.0109284
14	59	0.0109117
26	50	0.0109017
21	27	0.0105364
46	54	0.0105167
15	49	0.0102396
18	42	0.0100393
26	45	0.00971099
21	44	0.00961798
56	60	0.00958219
20	60	0.00933408
14	46	0.00925146
49	61	0.00903005
9	44	0.0089062
14	44	0.00876603
28	40	0.00866769
39	40	0.00861778
40	64	0.00855572
15	22	0.00830743
46	63	0.00829388
24	61	0.00824276
29	56	0.00817169
18	50	0.00799672
7	48	0.0076069
18	59	0.00757308
27	64	0.00727374
1	31	0.00726571
14	15	0.0072554
29	31	0.00721945
42	64	0.0071969
42	48	0.00717185
26	61	0.00711684
35	60	0.0070878
28	62	0.00705522
44	49	0.00696385
27	36	0.00692258
1	24	0.00690487
5	29	0.00686687
29	59	0.0068162
30	38	0.00657964
9	30	0.00646253
32	58	0.00640924
43	49	0.00624984
14	20	0.00586263
21	47	0.00579363
47	49	0.00578688
5	54	0.00574599
6	40	0.00561259
32	36	0.00560758
45	61	0.00557577
18	33	0.00541585
30	58	0.00540835
15	40	0.00516019
9	29	0.00514208
10	32	0.00499407
4	36	0.00463258
41	64	0.00462859
2	7	0.00444743
2	36	0.00433816
16	43	0.00429433
43	46	0.00428447
6	50	0.00403867
22	24	0.00394368
18	30	0.00356482
50	53	0.00355913
18	56	0.00352908
14	52	0.00346447
1	61	0.00341765
9	25	0.00341631
37	45	0.0033595
4	8	0.00334051
16	60	0.0032834
41	61	0.00321286
32	56	0.00290177
1	64	0.00278734
22	55	0.00277769
16	29	0.00265842
13	32	0.0026402
32	50	0.00260435
51	58	0.00220202
22	54	0.00210305
15	59	0.00202093
4	46	0.00192149
6	59	0.00189052
5	49	0.00170613
19	58	0.00165472
44	57	0.00159592
5	28	0.00151845
41	54	0.00144593
27	41	0.0014106
14	23	0.00125631
27	45	0.00118102
40	47	0.00109513
1	8	0.00102695
56	58	0.000903839
1	4	0.000885934
9	22	0.000828399
48	60	0.000783684
36	43	0.000777815
53	60	0.00076325
42	47	0.000735159
36	64	0.000712655
16	32	0.000675021
38	58	0.000629038
2	58	0.000592349
30	44	0.000502872
21	28	0.000485104
23	41	0.00046491
44	47	0.0004205
52	57	0.000366026
28	54	0.000322375
32	51	0.000155079
44	62	5.32664e-06
44	53	-2.16394e-05
13	44	-2.2885e-05
14	30	-2.67214e-05
14	53	-9.07167e-05
26	46	-0.000168605
34	57	-0.000287928
39	43	-0.000370391
22	63	-0.000387545
22	25	-0.000640785
32	35	-0.000799654
40	61	-0.000831575
51	57	-0.000872104
28	45	-0.00126187
39	44	-0.00156568
2	24	-0.00157492
24	54	-0.0018421
13	60	-0.00204456
14	60	-0.00226605
39	63	-0.00232337
28	30	-0.00233878
32	37	-0.0024291
35	58	-0.00244196
7	40	-0.00257982
42	49	-0.00281527
8	13	-0.00284101
10	18	-0.00295125
30	61	-0.00295324
23	44	-0.00314814
41	63	-0.00334797
43	59	-0.00341946
23	50	-0.00342793
8	12	-0.00352819
15	31	-0.00356239
25	37	-0.0037681
57	59	-0.00377889
42	44	-0.00381109
8	63	-0.00397414
6	44	-0.00404928
23	25	-0.00426985
7	55	-0.00428056
16	57	-0.00437719
25	26	-0.00439268
36	59	-0.00447963
35	44	-0.0045609
35	36	-0.00457816
36	51	-0.0047345
8	14	-0.00474342
21	55	-0.00492494
20	58	-0.00499186
39	60	-0.00500485
9	55	-0.00506601
15	37	-0.00520204
4	32	-0.00526438
1	39	-0.00532964
14	55	-0.00564475
29	45	-0.00570455
44	58	-0.00574815
44	60	-0.0057722
12	32	-0.00589497
11	15	-0.00595536
19	44	-0.00605964
34	58	-0.00611414
31	60	-0.00616274
7	61	-0.00621644
4	18	-0.00636004
18	44	-0.00644298
17	44	-0.00645714
43	44	-0.00655029
14	42	-0.00655414
22	58	-0.00658456
41	49	-0.00664148
41	43	-0.00706453
54	57	-0.00708008
12	44	-0.00720456
6	42	-0.00736147
3	43	-0.00742544
23	45	-0.00743898
11	44	-0.00754815
23	59	-0.00755313
7	46	-0.00764615
9	27	-0.00766291
7	52	-0.00770164
10	36	-0.00776298
3	15	-0.00810068
20	36	-0.00825653
26	60	-0.00826252
44	59	-0.0082701
1	57	-0.0083355
16	58	-0.00833989
24	58	-0.00834128
11	36	-0.00840559
7	33	-0.0084198
7	13	-0.00855652
9	28	-0.00856499
24	55	-0.00897059
16	36	-0.00899083
12	50	-0.00908205
13	15	-0.00908676
18	23	-0.00911555
37	57	-0.00920049
50	57	-0.00924452
23	29	-0.00926834
21	22	-0.00941446
50	56	-0.00944828
6	24	-0.00950875
47	59	-0.00959167
38	42	-0.00962778
5	42	-0.00965051
12	60	-0.00982242
24	37	-0.00988
2	52	-0.00994757
49	59	-0.00995089
3	62	-0.0100489
7	41	-0.010211
2	54	-0.0102116
3	50	-0.0102929
12	36	-0.0103374
21	32	-0.0103579
7	10	-0.0103668
33	50	-0.0104846
37	61	-0.0106666
34	50	-0.010723
34	36	-0.0107295
7	18	-0.0108408
4	24	-0.0108569
6	28	-0.010881
7	47	-0.0111686
19	36	-0.01118
2	25	-0.011356
11	58	-0.0113565
31	61	-0.0113785
7	38	-0.0114403
17	41	-0.0114653
44	56	-0.0115244
20	50	-0.01154
17	36	-0.0115548
43	45	-0.0116643
18	29	-0.0118443
52	58	-0.0118955
22	39	-0.0119306
48	55	-0.0119737
5	46	-0.0119885
12	59	-0.0120121
4	23	-0.0120824
31	38	-0.0122234
3	45	-0.0122906
27	63	-0.0123366
13	36	-0.0123762
53	58	-0.0123813
35	50	-0.0125452
24	40	-0.0125762
33	44	-0.0125881
36	53	-0.0127257
5	43	-0.0127986
17	50	-0.0128524
28	35	-0.0129009
50	51	-0.0129912
8	43	-0.0130849
20	42	-0.0131596
10	15	-0.0132017
3	30	-0.0132235
21	29	-0.0132425
1	23	-0.0132846
29	55	-0.0133086
6	49	-0.013353
44	52	-0.0134661
22	50	-0.0134877
29	32	-0.0135214
32	53	-0.0135823
37	42	-0.0137441
15	44	-0.01379
36	61	-0.0140923
44	48	-0.0142583
14	45	-0.0142767
24	50	-0.0142854
7	56	-0.0144197
1	37	-0.0144686
14	22	-0.0144766
21	57	-0.0146129
17	58	-0.0147002
38	55	-0.014748
10	50	-0.0147502
42	62	-0.0148197
11	50	-0.0148654
43	57	-0.0153101
3	41	-0.0153891
10	44	-0.0153902
32	40	-0.0153939
18	45	-0.0154507
31	41	-0.0155353
31	32	-0.0155617
42	53	-0.0156846
31	44	-0.0157333
30	40	-0.0157509
55	63	-0.0157571
54	58	-0.0158031
50	52	-0.0160616
21	24	-0.0161056
41	48	-0.0161179
7	50	-0.0165925
3	13	-0.0169982
7	19	-0.0170493
14	31	-0.0170685
13	58	-0.0170755
2	44	-0.0172181
36	52	-0.0172376
11	45	-0.0174665
20	57	-0.0175004
11	28	-0.0175512
13	50	-0.0176964
4	30	-0.0177314
7	8	-0.0177456
12	24	-0.0179088
24	44	-0.0179137
9	57	-0.0179239
10	42	-0.0180405
4	39	-0.018043
10	58	-0.0180723
27	58	-0.0180912
40	48	-0.0181029
7	20	-0.0181065
7	9	-0.0181785
15	33	-0.0181889
4	44	-0.0183768
34	44	-0.0183861
40	63	-0.0184291
26	29	-0.0184415
48	61	-0.0185803
17	26	-0.0186001
12	58	-0.0186337
16	44	-0.0188338
46	61	-0.0188914
26	42	-0.0190132
8	10	-0.0190282
22	41	-0.0190773
43	55	-0.0191173
33	36	-0.0191867
53	57	-0.0192147
14	32	-0.0192236
38	49	-0.0192262
7	17	-0.0193099
6	39	-0.0194132
10	41	-0.0194132
50	59	-0.0194499
7	49	-0.0196441
39	58	-0.0196898
39	59	-0.0197688
47	50	-0.0199146
1	48	-0.0199454
1	29	-0.0200184
8	44	-0.0202068
9	24	-0.0202743
37	48	-0.0204163
31	59	-0.0204733
11	41	-0.0204795
25	61	-0.0205147
12	41	-0.0206264
30	41	-0.0206755
39	64	-0.0207485
20	44	-0.0207941
7	22	-0.020851
7	32	-0.0210022
33	41	-0.0210147
3	28	-0.0211397
7	12	-0.0211784
18	36	-0.021322
31	45	-0.021381
5	37	-0.0214271
38	59	-0.0215756
7	35	-0.0217257
17	61	-0.0218289
27	55	-0.0218338
18	49	-0.0218941
15	58	-0.0219152
31	42	-0.0219453
15	52	-0.0219708
33	58	-0.0220676
6	37	-0.0220694
9	32	-0.0221761
22	29	-0.02218
53	59	-0.022251
9	58	-0.0222844
1	6	-0.0224051
21	58	-0.0224785
12	15	-0.0224819
19	57	-0.0225529
7	34	-0.0225905
30	42	-0.0225939
36	56	-0.0226016
12	45	-0.0226358
3	38	-0.0226835
14	21	-0.0227734
10	45	-0.0228467
41	62	-0.0228668
44	51	-0.023186
13	45	-0.0232121
43	63	-0.0233224
16	64	-0.023652
42	61	-0.0237184
8	16	-0.0237617
13	24	-0.0238415
15	51	-0.023926
24	41	-0.0239351
22	61	-0.0240422
6	60	-0.0240593
8	23	-0.0240896
55	60	-0.0242632
9	49	-0.0242819
28	51	-0.0243677
7	16	-0.0245302
55	58	-0.0247292
58	60	-0.0247472
15	35	-0.024779
31	58	-0.0248934
3	44	-0.0250746
30	60	-0.0252193
35	42	-0.0252266
23	36	-0.0253435
13	59	-0.025363
7	53	-0.0254203
17	45	-0.0254713
19	50	-0.0255133
16	50	-0.0258509
21	26	-0.0259563
4	34	-0.0262853
4	50	-0.0263838
5	26	-0.0264379
32	57	-0.0265175
7	51	-0.0265776
41	53	-0.0266527
34	45	-0.0267131
10	57	-0.0269287
15	63	-0.027017
1	17	-0.0270275
15	53	-0.0270768
47	60	-0.0271082
23	58	-0.0271989
18	63	-0.0272137
9	14	-0.0273263
33	45	-0.0273402
30	64	-0.0274437
15	17	-0.0275154
15	20	-0.0275194
51	61	-0.0276042
33	42	-0.0278976
15	21	-0.0279149
12	40	-0.0279468
2	37	-0.0282801
10	38	-0.0283796
46	60	-0.0285552
18	58	-0.0287155
39	50	-0.0287409
7	44	-0.028751
13	61	-0.0288598
21	43	-0.0289971
19	24	-0.0290175
4	43	-0.0290861
26	58	-0.0291325
7	11	-0.0291472
38	44	-0.0291933
32	55	-0.0293891
37	38	-0.0294191
1	27	-0.0295712
16	42	-0.0297004
43	62	-0.0297005
20	26	-0.0298842
40	62	-0.0299239
8	11	-0.0300393
7	39	-0.0300819
45	53	-0.0303075
38	60	-0.0303103
54	60	-0.0303247
42	43	-0.0304756
1	7	-0.0305093
45	52	-0.030554
23	46	-0.0306586
15	34	-0.0307627
20	41	-0.0309655
11	61	-0.0310676
50	61	-0.0311665
29	46	-0.0311811
22	38	-0.0312696
31	40	-0.0312717
42	60	-0.0312835
15	56	-0.0313152
36	39	-0.0313172
31	50	-0.0313487
33	61	-0.031443
4	45	-0.0315296
8	60	-0.031561
2	16	-0.0319995
48	58	-0.0319999
1	14	-0.0320126
16	41	-0.0320389
52	59	-0.032062
52	63	-0.0321119
57	60	-0.0321491
18	55	-0.0321663
13	41	-0.0322308
1	54	-0.03226
26	56	-0.0323434
15	16	-0.0323527
45	58	-0.0324213
24	53	-0.0324535
43	52	-0.0325443
1	13	-0.0325451
44	55	-0.032652
38	41	-0.0328597
35	45	-0.0328985
8	9	-0.0329011
33	57	-0.0329842
2	49	-0.0329901
1	45	-0.0330144
17	40	-0.0330788
1	38	-0.0332186
11	40	-0.0332303
40	53	-0.0332931
6	9	-0.0334265
19	41	-0.0334566
45	51	-0.0335092
26	34	-0.0335262
20	45	-0.0335454
28	33	-0.0335924
17	42	-0.0337291
35	41	-0.0338698
45	57	-0.0338877
24	35	-0.0339262
16	61	-0.0339783
12	63	-0.0340251
36	47	-0.0340272
25	49	-0.0340913
2	30	-0.0341319
16	24	-0.0342044
15	60	-0.0342106
17	24	-0.0342445
9	43	-0.0344195
22	44	-0.034421
41	52	-0.0344892
15	19	-0.0347367
34	42	-0.0348097
23	40	-0.0348301
30	37	-0.0348645
15	62	-0.0350001
31	36	-0.0350382
2	61	-0.035106
37	59	-0.0351788
11	57	-0.0352362
11	42	-0.0353207
28	31	-0.0353917
16	45	-0.0354076
40	55	-0.035408
7	31	-0.0354354
28	63	-0.0354876
31	46	-0.035571
6	30	-0.0355873
41	55	-0.0356651
6	22	-0.0357424
40	56	-0.0359494
10	28	-0.0360022
42	52	-0.0360423
5	55	-0.036227
56	61	-0.0362759
38	40	-0.0363161
42	63	-0.0364161
41	51	-0.0368037
23	64	-0.0368507
12	28	-0.0369163
28	34	-0.0369276
52	61	-0.0369813
30	49	-0.0370041
19	26	-0.0372991
11	43	-0.0373745
9	18	-0.0373864
50	62	-0.0374679
27	61	-0.0374731
33	40	-0.037488
47	63	-0.0376592
19	42	-0.03766
6	64	-0.0376711
48	54	-0.0377548
36	45	-0.0377892
40	52	-0.0378306
31	48	-0.0378523
53	61	-0.0378684
45	56	-0.0380974
13	26	-0.0381993
6	21	-0.0384235
35	61	-0.0385332
11	59	-0.0386435
56	57	-0.0386468
41	56	-0.0386593
6	47	-0.0386627
10	61	-0.0386635
34	41	-0.0386963
20	38	-0.0387585
22	36	-0.0388064
28	32	-0.0388476
4	60	-0.0389096
13	64	-0.0389301
4	20	-0.0389849
35	57	-0.0390162
4	33	-0.0392561
1	18	-0.0392875
35	64	-0.0393522
24	51	-0.0395182
4	53	-0.0396108
34	40	-0.0398478
19	40	-0.0399071
3	40	-0.0399148
12	46	-0.0399229
38	54	-0.0400449
20	28	-0.0400651
24	56	-0.0400999
14	57	-0.0402863
14	43	-0.0403134
12	61	-0.0403579
12	43	-0.0404231
29	60	-0.0404233
31	63	-0.0405175
15	30	-0.0405256
18	61	-0.0407155
16	40	-0.0407231
45	62	-0.0408576
40	57	-0.0409627
3	49	-0.0410279
9	15	-0.0411123
38	56	-0.0411425
30	43	-0.0411683
26	35	-0.0411934
4	28	-0.0412133
26	33	-0.0412642
11	25	-0.041311
24	34	-0.0413962
27	59	-0.041501
16	38	-0.0415824
3	21	-0.0417061
10	40	-0.0417414
42	56	-0.0418245
28	53	-0.041872
13	43	-0.0419767
13	46	-0.0419934
34	61	-0.0420055
17	64	-0.0421476
22	42	-0.0421608
33	38	-0.0422484
44	64	-0.0423143
34	38	-0.0423799
12	42	-0.0424395
19	28	-0.04244
58	63	-0.0425275
22	47	-0.0426648
2	12	-0.0427323
20	61	-0.0428061
37	64	-0.042879
19	45	-0.0429457
4	47	-0.0429728
2	28	-0.0429787
31	54	-0.0433952
11	24	-0.0434164
45	55	-0.0435187
7	30	-0.0435832
13	40	-0.0435909
42	51	-0.0436652
20	40	-0.0436811
21	61	-0.0438207
15	18	-0.0440666
43	53	-0.0441223
41	57	-0.0442597
30	57	-0.0443701
10	24	-0.0444315
42	55	-0.0444676
7	28	-0.0445476
21	48	-0.0447935
53	63	-0.0448158
12	38	-0.0448219
28	56	-0.0449305
26	44	-0.0449587
38	51	-0.0450336
8	35	-0.0450977
35	40	-0.0454179
4	10	-0.0454686
5	59	-0.0455003
17	57	-0.045664
42	57	-0.0457298
6	52	-0.0457631
24	33	-0.0457632
19	46	-0.0459305
17	38	-0.0460301
22	46	-0.0461884
35	59	-0.0462604
26	48	-0.0463097
29	43	-0.0464385
3	26	-0.0464447
2	38	-0.0465378
1	33	-0.0466964
38	52	-0.0469248
30	46	-0.0469344
13	42	-0.0469883
2	40	-0.0470006
24	52	-0.047053
20	24	-0.0471124
24	31	-0.0471683
46	62	-0.0476027
8	17	-0.0476438
25	35	-0.0476611
31	64	-0.0477688
13	38	-0.047947
8	52	-0.0482008
15	32	-0.0482176
17	43	-0.0482531
48	50	-0.0483745
34	43	-0.0486507
2	45	-0.0487085
9	59	-0.0489426
30	59	-0.0489668
28	59	-0.0490554
5	14	-0.0491485
8	33	-0.0492039
3	36	-0.0492209
24	60	-0.0492218
56	63	-0.0492288
17	28	-0.0492951
9	60	-0.0493224
4	41	-0.0493931
8	51	-0.0495734
15	57	-0.0497129
33	63	-0.0497789
22	40	-0.0497823
4	55	-0.0498524
17	63	-0.0500067
4	12	-0.0500853
45	50	-0.0501003
46	53	-0.0501298
9	36	-0.0502432
8	53	-0.0502852
18	21	-0.0505226
2	18	-0.050681
19	61	-0.0506833
10	26	-0.0506932
40	51	-0.0507311
13	28	-0.0507313
38	53	-0.0508392
17	46	-0.05086
35	63	-0.0508638
24	36	-0.0511236
1	58	-0.0511614
16	63	-0.0512182
5	45	-0.0514806
20	63	-0.0517148
31	39	-0.0519444
10	46	-0.0522837
36	55	-0.0523064
22	48	-0.0523756
5	15	-0.0524454
23	52	-0.0524516
53	62	-0.0525032
1	35	-0.0525816
17	54	-0.0526619
33	43	-0.0526693
41	60	-0.05269
8	34	-0.0527011
26	51	-0.0527461
22	27	-0.0528639
21	60	-0.0529467
16	46	-0.0530421
6	17	-0.053164
15	27	-0.0531781
14	58	-0.0531933
2	8	-0.0531987
8	26	-0.0532269
4	40	-0.0536022
4	22	-0.0537383
1	44	-0.0538186
11	64	-0.0539891
19	38	-0.0540539
48	52	-0.0540732
11	26	-0.0541328
1	30	-0.054181
5	44	-0.0542083
4	16	-0.0542124
4	27	-0.0542684
3	37	-0.0542693
20	48	-0.0543902
6	53	-0.0544704
19	48	-0.0545526
53	64	-0.0546768
1	56	-0.054689
2	10	-0.0547583
8	20	-0.0547693
56	59	-0.0547839
6	16	-0.0548436
4	56	-0.0549044
27	60	-0.0549346
36	63	-0.0549416
51	59	-0.0551121
48	51	-0.0552519
8	22	-0.0554821
50	55	-0.0555124
10	64	-0.05553
2	20	-0.0555351
28	52	-0.0556227
23	53	-0.0556495
4	17	-0.0557013
7	54	-0.0557731
21	36	-0.0558889
31	57	-0.0559235
29	58	-0.055949
3	57	-0.0560956
5	64	-0.056276
13	57	-0.0563575
1	53	-0.0565438
2	63	-0.0568181
1	10	-0.0570671
4	58	-0.0571723
8	19	-0.0571757
28	60	-0.0572524
52	64	-0.0573799
35	38	-0.0574037
11	63	-0.0575224
16	25	-0.0575509
1	52	-0.0576057
12	48	-0.0577316
45	60	-0.0577588
6	15	-0.0579821
48	64	-0.0579971
10	63	-0.0580254
21	38	-0.0584511
8	18	-0.0585618
9	50	-0.0586125
10	48	-0.0587268
1	20	-0.0588243
56	62	-0.0593024
51	63	-0.0593452
6	55	-0.0594467
8	38	-0.0594962
25	56	-0.0597336
16	48	-0.0598726
20	43	-0.0598824
9	61	-0.0599869
12	57	-0.0600356
38	50	-0.0601582
35	43	-0.0602085
46	52	-0.0602761
8	62	-0.0603002
4	11	-0.0605233
33	64	-0.0605288
32	59	-0.0605953
1	11	-0.0606209
7	36	-0.0607057
54	59	-0.0607227
11	46	-0.0609083
5	41	-0.0610649
51	62	-0.0611201
28	43	-0.0611507
35	46	-0.0611723
22	45	-0.0613369
22	62	-0.0615574
55	61	-0.0616491
4	42	-0.0617025
2	53	-0.0617029
14	24	-0.0618317
25	33	-0.061893
1	62	-0.0619425
1	12	-0.0619814
23	34	-0.0621637
23	51	-0.0622139
34	64	-0.0622993
4	31	-0.06246
25	53	-0.0625059
11	48	-0.0626602
2	35	-0.062692
1	51	-0.0627218
40	60	-0.0628762
13	48	-0.0628846
23	33	-0.0629179
11	38	-0.0629267
10	59	-0.0630099
51	54	-0.0632268
16	28	-0.0633011
34	48	-0.0633279
6	35	-0.063399
1	47	-0.0636053
34	46	-0.063678
10	23	-0.0639004
26	40	-0.0639936
6	13	-0.0640955
19	64	-0.0642843
26	41	-0.0643285
17	48	-0.0643424
10	43	-0.0643484
55	57	-0.0643587
46	56	-0.0643901
5	16	-0.0644421
20	62	-0.0644559
27	30	-0.0644921
7	42	-0.0645234
12	54	-0.0645511
27	31	-0.0646188
8	39	-0.0647098
6	10	-0.0648597
4	35	-0.0649614
34	54	-0.0650087
37	63	-0.0652377
1	9	-0.0653955
12	25	-0.0654516
12	64	-0.0655109
6	31	-0.065629
13	25	-0.0656438
48	53	-0.0656826
17	62	-0.0657431
48	56	-0.0658263
3	58	-0.0658613
36	38	-0.0660528
22	28	-0.0664047
13	37	-0.0665541
43	56	-0.0665932
34	63	-0.0669084
11	62	-0.0669486
1	34	-0.0670363
32	61	-0.0671108
13	63	-0.0671742
33	54	-0.0673397
53	54	-0.0673983
35	48	-0.0675178
2	50	-0.0675473
20	23	-0.0677066
52	54	-0.0678736
54	61	-0.0679176
12	47	-0.0679898
16	39	-0.0681087
9	62	-0.0681311
8	28	-0.0681558
56	64	-0.0681692
4	19	-0.0682578
1	40	-0.0682653
17	59	-0.0683306
33	48	-0.0685421
10	54	-0.0685825
37	53	-0.0688044
14	63	-0.0688711
46	51	-0.0689095
2	46	-0.0689362
20	46	-0.06903
20	64	-0.0690662
5	53	-0.0691183
25	31	-0.0691637
20	25	-0.0693223
12	49	-0.0694514
29	57	-0.0694927
26	31	-0.069546
2	32	-0.0696652
17	49	-0.069833
15	28	-0.0699579
6	20	-0.0701336
33	46	-0.0702063
19	63	-0.0702263
13	54	-0.0702342
4	51	-0.0703847
5	52	-0.0705822
25	51	-0.0707621
2	56	-0.0709697
9	48	-0.0709793
4	52	-0.0710145
54	56	-0.0711668
5	34	-0.0713469
51	64	-0.0713752
18	37	-0.0715112
2	41	-0.0715339
43	51	-0.0715582
36	48	-0.0715869
8	47	-0.0716088
2	55	-0.0717275
12	39	-0.0717502
6	33	-0.0718116
9	26	-0.0718861
11	54	-0.0720761
26	53	-0.0721742
20	54	-0.0722244
26	30	-0.0724499
6	38	-0.0725712
19	43	-0.0725748
38	64	-0.0727075
33	59	-0.0728037
50	60	-0.0730032
28	55	-0.0730276
15	24	-0.0731262
33	62	-0.073164
17	25	-0.0731942
6	19	-0.0733885
12	26	-0.0734079
12	27	-0.0734818
25	62	-0.0737526
25	55	-0.0738499
19	54	-0.0740817
5	17	-0.0741422
5	40	-0.0741588
12	37	-0.0742684
26	52	-0.0742752
1	21	-0.0743876
1	16	-0.0743894
1	41	-0.0744379
50	63	-0.0744384
32	54	-0.0744448
35	54	-0.0744569
25	52	-0.0746971
17	23	-0.0748379
9	38	-0.0748634
8	21	-0.0749942
8	56	-0.0750184
10	25	-0.075155
2	17	-0.0751658
26	36	-0.075303
30	47	-0.0757815
49	53	-0.0757911
4	13	-0.0758544
1	55	-0.0758557
1	19	-0.0758736
11	23	-0.0759284
16	47	-0.0759849
1	32	-0.0761397
2	39	-0.076162
34	59	-0.0766788
12	23	-0.0767599
22	37	-0.0768409
6	51	-0.0769125
8	29	-0.0771533
1	42	-0.0771975
17	37	-0.0774281
35	47	-0.0775336
3	31	-0.0776233
18	48	-0.0776592
2	34	-0.0777018
49	60	-0.0779999
22	57	-0.0781361
52	62	-0.0781366
43	61	-0.0787791
17	39	-0.0788936
23	56	-0.0789143
21	62	-0.0792561
4	61	-0.0792822
22	59	-0.0792838
34	62	-0.0796308
13	27	-0.0797742
31	62	-0.0797847
2	57	-0.0798445
25	34	-0.0799637
23	35	-0.0803172
6	34	-0.0803588
28	64	-0.0804973
14	64	-0.0805479
12	62	-0.0806304
6	12	-0.0807586
49	52	-0.0808019
15	61	-0.0809728
35	37	-0.0811646
18	54	-0.0813973
10	39	-0.081466
2	42	-0.0815306
6	56	-0.0816315
2	13	-0.0816616
7	26	-0.0816818
9	64	-0.0817635
39	53	-0.0818887
16	54	-0.0818926
6	43	-0.0819561
55	64	-0.082026
16	62	-0.0823272
46	55	-0.0823768
25	30	-0.082617
23	55	-0.0828087
10	49	-0.0830188
30	39	-0.0831091
16	26	-0.0833634
7	63	-0.0835292
37	51	-0.0835738
16	37	-0.0836029
11	39	-0.0837074
5	60	-0.0837916
13	49	-0.0838817
7	64	-0.0840361
35	49	-0.084313
22	49	-0.0843195
3	16	-0.0845951
2	23	-0.0848339
19	59	-0.0849148
6	11	-0.0850627
11	37	-0.0851808
21	50	-0.0853032
13	39	-0.0853723
20	59	-0.0854157
4	54	-0.0854327
3	35	-0.0856158
35	39	-0.0857198
6	54	-0.0857364
14	47	-0.0863681
3	18	-0.0864537
19	25	-0.0865799
2	29	-0.0867087
10	62	-0.0867865
1	46	-0.0867916
1	36	-0.0868862
33	39	-0.08696
47	53	-0.0872744
36	60	-0.0877281
2	47	-0.0879129
8	15	-0.0879309
3	23	-0.0879392
17	47	-0.0880734
3	11	-0.0880823
33	47	-0.0884713
11	47	-0.0887286
13	47	-0.0888924
3	17	-0.0889778
5	33	-0.0890209
29	39	-0.0891729
4	25	-0.0892137
16	49	-0.0893649
23	30	-0.0893923
19	23	-0.0895339
31	49	-0.0896738
7	58	-0.089967
5	63	-0.0901481
13	62	-0.0901853
3	52	-0.0904963
10	47	-0.0906393
18	38	-0.0910835
3	55	-0.0912093
33	49	-0.0912251
11	49	-0.0912367
39	52	-0.0912654
33	37	-0.091338
37	52	-0.0913858
23	31	-0.091452
5	10	-0.0919343
3	12	-0.0921261
19	62	-0.0922143
35	62	-0.0922818
30	62	-0.0927099
14	26	-0.0927134
7	43	-0.0929706
2	11	-0.0929846
49	51	-0.0936182
10	37	-0.0940824
2	51	-0.0943685
2	14	-0.0943971
3	47	-0.0945079
20	49	-0.0947949
3	10	-0.0948727
5	31	-0.0952291
19	47	-0.0953301
5	11	-0.0953511
6	26	-0.0954523
6	27	-0.0958162
21	59	-0.0958319
16	23	-0.0959047
5	58	-0.0960181
23	60	-0.0960906
26	59	-0.0962228
6	18	-0.0967054
1	60	-0.0970416
31	37	-0.0971317
3	33	-0.0972023
7	57	-0.0972758
34	49	-0.0973509
3	9	-0.0975338
47	52	-0.0975732
39	51	-0.0976032
57	61	-0.0980355
19	37	-0.0981424
24	29	-0.098295
5	35	-0.0982963
26	55	-0.0987478
7	23	-0.0988102
16	27	-0.0989801
5	19	-0.0992122
2	60	-0.0992734
27	35	-0.0994966
24	25	-0.0998387
3	19	-0.0998952
3	34	-0.0999278
5	50	-0.100067
4	62	-0.100324
29	48	-0.100838
14	39	-0.100915
4	64	-0.101018
5	32	-0.101156
19	27	-0.101678
37	60	-0.101715
5	20	-0.102387
47	51	-0.102627
19	49	-0.102881
17	27	-0.103107
13	23	-0.103143
3	53	-0.103322
5	56	-0.103419
37	56	-0.103764
3	24	-0.10386
20	47	-0.104184
2	27	-0.104331
5	51	-0.104359
34	47	-0.104409
4	21	-0.104579
39	56	-0.104585
2	64	-0.10471
3	56	-0.104776
20	39	-0.104785
34	39	-0.104897
3	20	-0.10498
6	32	-0.105476
19	39	-0.106127
27	53	-0.10647
28	61	-0.106637
34	37	-0.106685
49	56	-0.106706
2	19	-0.107012
4	37	-0.1071
4	14	-0.108068
22	23	-0.108309
2	33	-0.108431
20	37	-0.108692
27	33	-0.109286
23	32	-0.109354
47	56	-0.109357
10	27	-0.109968
29	63	-0.11011
4	15	-0.110618
4	49	-0.111089
3	51	-0.1113
14	61	-0.111368
27	34	-0.111443
29	47	-0.111537
5	36	-0.111673
5	18	-0.112142
5	9	-0.112169
18	62	-0.112716
27	52	-0.113714
14	48	-0.114232
6	48	-0.114435
3	39	-0.115126
11	27	-0.115356
21	64	-0.116467
4	59	-0.117156
20	27	-0.117315
3	29	-0.118555
27	56	-0.11859
5	25	-0.118824
4	9	-0.118935
3	14	-0.119241
29	61	-0.119982
5	21	-0.120883
4	29	-0.121873
1	25	-0.12188
1	50	-0.122029
32	62	-0.122277
6	57	-0.12321
27	51	-0.124436
7	15	-0.12448
29	38	-0.124817
2	21	-0.124861
7	24	-0.126365
5	12	-0.130231
2	62	-0.132137
2	9	-0.133613
14	38	-0.136641
6	29	-0.137176
5	13	-0.139022
6	14	-0.139228
5	30	-0.142701
5	22	-0.156755
3	27	-0.180067
7	62	-0.189916