#==========================================================================
# The first and second rows contain site pairs (i, j) such that j > i
# The third row contains coevolutionary scores obtained 
# using Boltzmann learning algorithm.
# Note that in this data sites are counted/labelled starting from 1
#==========================================================================
24	44	1.30611
17	36	1.22506
26	42	1.18489
27	41	1.11478
28	30	1.08055
36	48	1.07653
28	40	0.92564
2	24	0.894837
6	36	0.892604
25	46	0.889642
31	36	0.885981
2	44	0.878632
5	37	0.799631
7	46	0.776456
50	57	0.761
41	49	0.759817
47	48	0.75565
1	57	0.754729
30	41	0.695838
17	46	0.687737
37	49	0.677032
31	47	0.673974
7	25	0.664681
25	26	0.655843
31	48	0.65292
6	37	0.640661
5	9	0.640653
7	17	0.615257
6	40	0.615069
43	50	0.602893
7	41	0.601027
9	36	0.5966
26	30	0.584413
25	43	0.582385
3	50	0.578631
5	49	0.568648
27	37	0.558643
23	36	0.556702
9	26	0.553311
9	17	0.525971
3	57	0.521018
49	57	0.515659
7	27	0.515254
7	40	0.514877
9	23	0.498125
17	23	0.494456
2	9	0.487827
25	42	0.486205
32	50	0.474102
6	28	0.461086
6	48	0.459409
4	30	0.450754
30	31	0.449755
27	50	0.44836
7	28	0.435428
1	8	0.419247
43	46	0.417868
28	50	0.417434
17	48	0.410779
3	9	0.407843
5	57	0.407541
40	43	0.394449
6	41	0.393795
1	27	0.385996
3	42	0.385226
7	47	0.381641
17	31	0.381234
32	47	0.378365
28	42	0.37759
23	31	0.376986
4	57	0.361825
25	44	0.348853
47	49	0.34761
2	5	0.34268
42	50	0.34161
28	49	0.338073
6	17	0.333273
9	43	0.331142
9	40	0.329462
2	57	0.329193
30	40	0.322863
9	37	0.31895
41	47	0.318846
9	30	0.313114
36	57	0.310046
44	50	0.306682
43	57	0.301894
24	50	0.299259
3	47	0.298534
4	49	0.298153
1	49	0.296714
5	8	0.2934
1	46	0.292487
5	36	0.292326
31	32	0.291825
3	4	0.29035
9	28	0.289572
5	47	0.287358
17	37	0.283262
46	57	0.26807
5	50	0.26411
40	50	0.262362
26	32	0.262355
30	32	0.259905
3	17	0.252256
27	47	0.251596
42	57	0.250512
9	31	0.249754
40	46	0.248777
42	49	0.248411
24	25	0.246887
2	25	0.242954
1	2	0.24221
3	36	0.240893
37	47	0.240838
2	32	0.240735
28	48	0.236809
27	49	0.23417
8	30	0.233251
32	36	0.232066
1	41	0.231059
8	49	0.225942
42	43	0.222945
4	50	0.220895
6	7	0.220855
8	28	0.219283
37	46	0.218189
27	43	0.216991
25	57	0.213628
28	57	0.210759
8	31	0.207202
23	30	0.204543
3	5	0.204014
36	42	0.20381
6	24	0.195829
31	42	0.193437
43	44	0.192207
20	45	0.19165
9	49	0.188482
34	39	0.185773
24	32	0.185073
33	48	0.18421
17	25	0.182852
49	50	0.17927
22	34	0.17905
3	24	0.178777
38	45	0.1771
22	45	0.177033
34	45	0.176433
6	44	0.174744
22	38	0.174642
18	21	0.172074
19	38	0.169383
29	34	0.168489
3	44	0.168067
19	20	0.166233
21	45	0.164676
20	21	0.164429
29	38	0.162672
18	35	0.161783
23	50	0.161661
18	34	0.161188
34	38	0.160816
21	22	0.160385
2	26	0.160383
18	29	0.160308
46	47	0.160007
20	35	0.159413
20	38	0.159327
18	38	0.159251
35	45	0.159227
39	45	0.158596
21	38	0.158473
18	45	0.158331
6	50	0.157456
18	20	0.157176
2	43	0.156826
27	57	0.156365
21	39	0.155859
22	35	0.155659
20	39	0.155516
35	38	0.154816
41	50	0.154756
1	42	0.154365
18	22	0.153983
20	29	0.153845
10	52	0.153635
20	34	0.153413
29	45	0.153274
18	19	0.152965
33	39	0.152742
19	39	0.152605
19	22	0.152475
33	38	0.152243
1	47	0.15175
19	34	0.151621
22	29	0.150523
19	45	0.150131
24	26	0.149969
21	34	0.149811
34	35	0.149705
22	33	0.149634
32	44	0.149474
22	39	0.148953
20	22	0.148881
1	48	0.148225
21	29	0.147937
13	55	0.147855
38	39	0.147051
11	13	0.145164
18	39	0.145016
19	29	0.144292
8	48	0.143514
19	21	0.143453
53	55	0.142881
12	56	0.142861
20	33	0.141947
35	39	0.141139
29	35	0.140483
11	14	0.140376
10	14	0.139667
14	53	0.138891
17	26	0.138057
51	54	0.138017
12	16	0.137694
5	27	0.137631
40	42	0.137512
11	51	0.137163
51	52	0.13713
21	35	0.136849
11	56	0.136563
33	43	0.136418
52	56	0.136414
12	51	0.135354
29	33	0.13531
29	39	0.135298
28	43	0.13516
13	16	0.135109
19	35	0.134814
18	33	0.133099
23	42	0.132464
14	16	0.131609
10	15	0.131569
13	56	0.131405
2	41	0.131142
14	51	0.130771
15	55	0.130054
17	57	0.129926
16	56	0.129902
51	53	0.129866
11	16	0.129599
4	28	0.129369
33	35	0.129359
33	45	0.12924
11	15	0.129216
11	55	0.128609
12	54	0.128404
12	14	0.127965
11	54	0.127824
12	52	0.127183
15	54	0.12692
12	13	0.126619
12	15	0.1265
54	56	0.12629
16	55	0.126199
52	53	0.125869
8	37	0.125817
13	52	0.124786
55	56	0.124785
13	53	0.124719
11	53	0.124375
10	13	0.12407
14	54	0.123536
21	33	0.123366
10	16	0.123241
11	52	0.123232
10	55	0.123025
52	54	0.122962
10	12	0.122852
15	16	0.122814
14	52	0.122693
11	12	0.122391
53	54	0.122286
52	55	0.121175
10	53	0.120834
16	53	0.12078
15	53	0.120456
51	55	0.118817
13	15	0.118776
13	14	0.118701
14	56	0.118273
10	56	0.116989
13	51	0.116828
54	55	0.116676
15	52	0.116532
19	33	0.115932
8	57	0.115845
13	54	0.115712
14	15	0.115268
16	54	0.11524
53	56	0.113665
12	55	0.113513
25	50	0.111566
51	56	0.110619
12	53	0.110048
15	51	0.109642
3	7	0.108872
16	51	0.107494
15	56	0.106755
33	34	0.106418
25	40	0.10582
10	51	0.10447
47	57	0.103692
28	46	0.103672
24	37	0.103454
16	52	0.103197
46	49	0.102478
10	54	0.100363
26	44	0.097162
4	54	0.0964738
10	11	0.0956841
6	33	0.0949445
23	38	0.093968
4	47	0.0934894
1	25	0.0934215
48	49	0.0933839
23	34	0.0925739
3	46	0.0917393
4	14	0.0913033
14	55	0.0907856
9	47	0.0895484
18	23	0.0887404
5	41	0.0880769
39	43	0.0867906
8	47	0.083181
36	43	0.0831517
23	35	0.0814905
2	3	0.08149
4	16	0.080295
21	23	0.0801375
31	37	0.0793548
36	37	0.0793083
20	23	0.0780963
33	37	0.0779435
1	17	0.0760184
4	12	0.0741071
4	51	0.0732082
7	48	0.0727061
4	11	0.0721963
32	41	0.0715971
4	52	0.0711141
23	45	0.0709917
32	48	0.0678767
23	29	0.0673957
27	39	0.0672496
1	50	0.067196
23	39	0.0668172
26	55	0.0656124
19	23	0.0651793
4	10	0.0638184
4	55	0.063815
4	15	0.0635341
8	45	0.0630599
4	53	0.0624144
8	34	0.0617259
24	43	0.0612853
37	48	0.0612505
38	43	0.060322
4	38	0.0600188
21	43	0.0594219
8	21	0.059063
5	32	0.0589907
29	43	0.0581062
27	29	0.0578022
35	43	0.0565808
22	43	0.0565645
22	27	0.055411
7	43	0.0554091
4	56	0.0546699
8	19	0.0536803
22	23	0.0527953
17	50	0.0519154
11	26	0.0512149
34	43	0.050931
20	43	0.0508513
32	52	0.0498809
14	26	0.0493448
15	26	0.0491769
31	44	0.0490889
4	13	0.0488135
26	52	0.0488053
2	27	0.0485096
27	38	0.0484013
8	20	0.0482592
36	46	0.0482448
13	32	0.0476087
8	35	0.0475098
4	39	0.0458527
18	43	0.0457113
1	5	0.0456262
8	38	0.0450783
20	27	0.0448884
5	14	0.0448266
15	42	0.0447991
19	27	0.0447594
15	32	0.0441901
38	41	0.0427956
24	31	0.042387
13	26	0.0423851
4	9	0.0422501
43	45	0.0421361
10	32	0.0416793
19	43	0.0414707
29	41	0.0413832
40	49	0.0412744
5	15	0.0408107
8	29	0.0408097
5	13	0.0406964
4	20	0.0399191
2	50	0.0391707
4	19	0.0376062
18	27	0.0373095
5	16	0.0369868
8	22	0.0362079
27	45	0.035582
34	41	0.0354642
1	3	0.0354197
30	33	0.0340938
5	12	0.0339046
21	27	0.0334251
2	17	0.033313
21	41	0.0331615
12	26	0.0328301
35	41	0.0323446
16	31	0.0322579
27	35	0.0318444
26	53	0.0318193
5	54	0.0311499
5	51	0.0306416
8	18	0.0303293
2	46	0.0297854
25	33	0.029484
4	18	0.0290973
1	38	0.0289035
26	43	0.0288556
20	41	0.0283064
8	40	0.0281066
11	32	0.0275171
1	21	0.0275051
1	34	0.0260516
3	30	0.0259303
1	35	0.0256717
4	21	0.0256603
5	55	0.0255002
4	22	0.0250575
2	55	0.0244006
40	51	0.0241053
23	33	0.0238433
4	29	0.0235835
13	42	0.0235226
22	41	0.0231487
42	51	0.0228581
19	41	0.0228395
4	45	0.022227
26	54	0.0222179
4	35	0.0214983
5	52	0.0210977
16	32	0.0209891
27	34	0.020769
17	24	0.0200765
8	39	0.019961
26	56	0.0198978
27	48	0.0198441
32	57	0.0197646
39	41	0.0189829
8	33	0.0189703
17	44	0.0184212
30	34	0.0182696
1	29	0.0182441
10	42	0.0181103
5	56	0.0178904
1	39	0.0178367
5	11	0.0177868
16	26	0.0176716
17	40	0.0167016
4	34	0.0166146
2	15	0.0156884
6	55	0.0156527
31	54	0.0156233
42	52	0.0156133
42	55	0.0156104
26	51	0.0153879
22	30	0.0153667
42	53	0.0152776
2	14	0.0150796
6	12	0.0149554
4	42	0.0149233
33	46	0.0138403
19	30	0.0135994
32	51	0.0135909
2	16	0.0135574
11	42	0.0129325
2	51	0.0129175
31	55	0.0122074
1	18	0.011454
5	53	0.0110008
42	54	0.0109451
20	30	0.010928
41	57	0.0109196
10	26	0.0106994
32	39	0.0106731
32	53	0.0106309
32	54	0.0105686
26	28	0.010276
4	7	0.0102299
13	31	0.00976248
8	50	0.00963047
16	42	0.00940623
6	14	0.00934588
37	44	0.00918173
14	42	0.00911489
21	25	0.00907706
6	54	0.00877435
18	41	0.00875651
4	36	0.00844644
11	57	0.00821129
19	25	0.00803977
31	53	0.00725854
18	30	0.00710435
31	56	0.00708605
26	40	0.0067991
12	31	0.00671497
2	23	0.00669193
29	30	0.0066694
23	32	0.0064044
26	57	0.00568732
9	50	0.00564647
19	32	0.00533532
1	19	0.00528589
21	32	0.00522823
35	56	0.00515741
41	45	0.0050889
10	40	0.00496953
30	35	0.00496197
21	56	0.0049242
12	42	0.0048747
30	38	0.00484415
26	49	0.00479964
37	45	0.00472338
2	10	0.0046934
10	31	0.00463186
24	40	0.00462771
1	45	0.0045611
15	57	0.0040758
32	43	0.00338353
18	40	0.00336691
18	44	0.00335587
2	31	0.00301402
31	51	0.00294491
6	23	0.00276984
25	45	0.00260119
31	52	0.00170351
2	56	0.00149812
2	11	0.00136733
23	48	0.0012718
20	46	0.000975292
30	45	0.00095006
40	55	0.000627491
25	29	0.000468734
12	28	0.000438869
33	53	0.000384286
30	39	-0.000123022
18	25	-0.000245067
29	46	-0.00047485
38	56	-0.000680136
14	31	-0.000857071
35	53	-0.00118648
19	52	-0.00127168
21	30	-0.00137668
29	56	-0.00168508
3	37	-0.00168627
44	52	-0.00187351
12	57	-0.00232389
29	52	-0.00247142
35	48	-0.00258046
38	48	-0.0026456
2	12	-0.00281461
45	56	-0.00288848
15	35	-0.00334329
5	10	-0.00370088
19	53	-0.0040157
34	56	-0.00459865
25	35	-0.00478103
31	50	-0.00478347
21	37	-0.00514733
2	52	-0.00524346
45	46	-0.00575089
29	32	-0.00581541
18	32	-0.00677041
12	30	-0.00703157
27	32	-0.00741617
23	24	-0.00748644
15	38	-0.00759361
56	57	-0.00768237
22	32	-0.00782471
12	32	-0.00786378
20	48	-0.00805399
15	31	-0.00814808
34	37	-0.00820634
16	19	-0.00822901
22	40	-0.00847602
14	37	-0.00849861
22	48	-0.00854793
47	55	-0.00856028
39	46	-0.00858604
32	38	-0.00860473
15	34	-0.00871251
19	56	-0.00872343
25	34	-0.00875334
32	45	-0.00877472
22	44	-0.00901838
11	31	-0.00916402
12	19	-0.0092163
36	41	-0.00925293
34	48	-0.00935474
18	46	-0.00954666
6	8	-0.00961348
29	37	-0.00962438
18	55	-0.00966456
25	39	-0.0096911
21	52	-0.00981943
11	20	-0.00989997
18	51	-0.00990593
3	43	-0.0100527
44	45	-0.0101092
15	22	-0.010144
34	51	-0.0101603
16	22	-0.0102832
15	21	-0.0103044
34	52	-0.0105506
19	48	-0.0105975
29	40	-0.0108229
45	54	-0.0108245
15	39	-0.0108801
18	24	-0.0108978
1	26	-0.0111468
15	20	-0.0111959
16	20	-0.0111972
35	37	-0.0113498
10	57	-0.0114608
12	22	-0.0115466
12	45	-0.0117194
16	38	-0.0117704
10	33	-0.0119415
37	51	-0.0120358
16	57	-0.0121187
20	40	-0.0121536
15	29	-0.0121623
10	18	-0.0122232
7	22	-0.0122384
19	44	-0.012339
21	53	-0.012352
29	54	-0.0124111
39	44	-0.012441
21	48	-0.0125606
35	52	-0.0127395
12	35	-0.0127623
19	40	-0.0128365
15	19	-0.0128634
20	56	-0.0128727
34	55	-0.0129746
19	46	-0.0129759
10	38	-0.0130142
20	51	-0.0130577
39	52	-0.0130847
16	39	-0.0131445
35	51	-0.0131534
2	13	-0.0132551
15	33	-0.0133235
1	20	-0.0133879
22	25	-0.0134668
13	57	-0.0135175
35	54	-0.0135693
33	52	-0.0135726
32	55	-0.0136104
13	45	-0.0138068
29	48	-0.0139103
15	18	-0.0139968
1	22	-0.0140005
38	46	-0.0141747
18	56	-0.014204
10	21	-0.0142458
13	29	-0.0142539
19	51	-0.0143521
2	54	-0.0146253
12	40	-0.0146529
22	52	-0.014733
39	56	-0.0148149
32	34	-0.0149656
13	18	-0.0151386
25	47	-0.0151475
10	20	-0.0151804
40	45	-0.0153357
7	38	-0.0154049
47	53	-0.0155483
22	46	-0.0156054
16	35	-0.0156255
13	30	-0.0156778
38	54	-0.0156928
8	9	-0.0156986
13	35	-0.0157252
46	56	-0.0157854
11	35	-0.0158021
35	55	-0.0158794
17	28	-0.0158852
24	29	-0.015981
13	21	-0.0159892
12	21	-0.0160587
42	56	-0.0161165
10	45	-0.0161785
16	34	-0.0164896
13	19	-0.0164995
16	29	-0.016548
20	25	-0.0166373
19	37	-0.0166571
35	46	-0.0169262
55	57	-0.0169667
22	51	-0.0171106
11	38	-0.0171277
16	21	-0.017146
19	55	-0.0171692
13	39	-0.0171721
20	32	-0.0172125
19	54	-0.017227
54	57	-0.0172534
14	21	-0.0173102
12	29	-0.0173634
34	44	-0.0174618
14	45	-0.0174635
10	39	-0.0175856
14	57	-0.0176347
11	21	-0.017726
16	45	-0.0177501
29	44	-0.0177929
34	46	-0.0178045
11	39	-0.0178487
7	35	-0.017948
11	18	-0.0179647
29	53	-0.0180239
10	34	-0.0180823
39	54	-0.0181145
21	54	-0.0181415
24	45	-0.0181573
7	29	-0.0181923
20	24	-0.0182335
11	19	-0.0183343
14	35	-0.0183688
45	55	-0.0183927
25	38	-0.0184693
6	35	-0.0185685
20	44	-0.0186146
34	40	-0.018653
51	57	-0.0186652
24	39	-0.0186882
38	52	-0.0188959
16	18	-0.0189539
7	39	-0.019158
30	54	-0.0192396
39	55	-0.0193369
15	45	-0.0193455
21	55	-0.0195545
11	34	-0.0196134
7	19	-0.0197395
16	30	-0.0198104
3	49	-0.0198524
5	43	-0.0199042
15	40	-0.0199476
39	53	-0.0199748
14	29	-0.0200033
7	18	-0.0200307
6	21	-0.020059
18	52	-0.0202736
27	33	-0.0202987
39	51	-0.0203456
30	52	-0.0203807
12	39	-0.0204045
39	48	-0.020487
10	22	-0.0205061
11	29	-0.0205883
7	20	-0.0207691
10	19	-0.020825
18	48	-0.0208254
35	44	-0.020877
22	54	-0.0210236
22	53	-0.0210959
11	45	-0.0211591
33	44	-0.0212387
19	24	-0.0212544
5	31	-0.0213406
39	40	-0.0213951
10	35	-0.0214812
21	44	-0.0214846
32	35	-0.0215873
33	41	-0.0216115
20	53	-0.0217109
14	20	-0.0217361
21	51	-0.021766
40	52	-0.0221151
10	29	-0.0221496
14	39	-0.0221733
12	20	-0.0221746
8	24	-0.0223397
34	53	-0.0223485
14	34	-0.0223536
11	22	-0.0223621
12	33	-0.0224093
22	56	-0.0230112
40	54	-0.0230202
18	54	-0.0230663
29	51	-0.0231086
14	32	-0.0231245
45	52	-0.0232803
13	22	-0.023324
3	11	-0.0233488
6	19	-0.023427
13	33	-0.0235297
20	52	-0.0235831
13	34	-0.023686
24	28	-0.0237016
22	24	-0.0237097
33	56	-0.0237641
7	30	-0.0238665
38	51	-0.0239228
12	34	-0.0239546
45	51	-0.0241609
38	55	-0.0242672
14	18	-0.0243403
22	55	-0.0244777
45	48	-0.0244892
1	11	-0.0246509
13	40	-0.0249608
14	22	-0.024963
7	21	-0.0250458
35	40	-0.0251131
8	44	-0.0253152
4	5	-0.0253186
45	53	-0.0253837
32	56	-0.0254222
6	45	-0.0254707
16	33	-0.0255311
13	38	-0.0255548
21	46	-0.0257698
13	20	-0.0258453
38	53	-0.0259404
24	35	-0.0261913
20	54	-0.0263171
20	55	-0.0263184
37	39	-0.0264371
6	34	-0.0265433
14	38	-0.02661
18	53	-0.0268019
47	54	-0.0268464
29	55	-0.0269014
12	18	-0.0270049
24	34	-0.0274814
11	33	-0.0276364
30	53	-0.0277595
6	11	-0.0277771
20	37	-0.0279178
14	19	-0.0282621
52	57	-0.0285451
49	56	-0.0285994
12	38	-0.0286203
37	38	-0.0288642
18	37	-0.0289713
33	54	-0.0289923
33	51	-0.0291287
32	49	-0.0292202
2	53	-0.0292531
34	54	-0.0294705
6	52	-0.029481
7	8	-0.0296264
9	51	-0.029642
16	40	-0.0299625
21	40	-0.030134
6	56	-0.0302634
24	38	-0.0302943
6	10	-0.0305044
28	51	-0.0305669
11	48	-0.0307241
33	55	-0.0307823
33	36	-0.0309797
11	50	-0.0310453
4	33	-0.0314181
37	56	-0.0314289
3	13	-0.0319571
16	28	-0.0320417
7	45	-0.0321654
7	34	-0.0323208
11	30	-0.0323422
3	10	-0.0325231
14	33	-0.0326734
23	44	-0.0327568
33	40	-0.0329386
26	27	-0.033087
22	37	-0.0331287
15	28	-0.0339206
7	54	-0.033928
6	22	-0.0342108
14	47	-0.0342194
6	29	-0.0347774
3	6	-0.0348822
44	49	-0.0349887
6	53	-0.035148
46	53	-0.0352912
17	33	-0.0353273
12	48	-0.0353548
8	53	-0.0354747
14	24	-0.0354795
25	37	-0.035755
7	52	-0.036372
13	50	-0.0370063
14	40	-0.0372986
32	33	-0.0374406
28	52	-0.0374596
4	48	-0.0374996
6	18	-0.0379837
38	44	-0.038044
8	15	-0.0382189
3	54	-0.0384
3	41	-0.0385393
24	48	-0.0386682
32	37	-0.0390439
9	11	-0.0392478
53	57	-0.0392812
9	24	-0.0400021
4	26	-0.04004
15	24	-0.0401631
2	42	-0.0408282
10	46	-0.0408292
8	51	-0.0408549
1	16	-0.0411123
39	42	-0.0413117
24	55	-0.0413904
10	28	-0.041471
11	40	-0.0419443
24	51	-0.0421206
40	56	-0.0421892
21	24	-0.0422317
50	52	-0.042961
9	44	-0.0430784
18	42	-0.0431124
25	28	-0.0432929
6	16	-0.0435921
30	55	-0.0437063
10	30	-0.0437978
30	56	-0.0439399
15	46	-0.04396
28	31	-0.0439933
7	53	-0.0440296
10	48	-0.0443939
12	44	-0.0448622
6	51	-0.0449072
24	36	-0.045293
47	56	-0.0453701
6	20	-0.0454103
1	52	-0.0466807
46	54	-0.0467786
48	56	-0.046787
11	44	-0.0473385
38	42	-0.047952
48	54	-0.0480138
14	30	-0.0483384
6	39	-0.0483833
1	10	-0.0487061
48	53	-0.0488788
3	53	-0.0489434
15	50	-0.0490077
14	28	-0.0490486
1	13	-0.0491593
7	33	-0.0501673
14	44	-0.0503204
10	47	-0.0504232
24	33	-0.0505864
13	28	-0.0507821
30	51	-0.0509129
40	53	-0.0510688
40	44	-0.0512734
13	48	-0.0518274
11	24	-0.0520732
1	33	-0.0521591
22	42	-0.0524622
16	23	-0.0524726
15	48	-0.0531779
16	44	-0.053254
1	12	-0.0533742
8	16	-0.0534716
44	46	-0.0535451
6	15	-0.053935
8	42	-0.0541007
38	40	-0.0543756
50	54	-0.0545684
22	26	-0.0547967
10	50	-0.0550467
3	12	-0.0550795
23	27	-0.0552512
6	38	-0.0553169
11	23	-0.0554191
1	51	-0.0556079
7	56	-0.0556973
8	55	-0.0557009
6	13	-0.0558088
14	50	-0.0560935
18	26	-0.0568587
8	46	-0.056989
9	10	-0.0570634
50	55	-0.0571464
29	42	-0.0578398
14	25	-0.0579364
3	48	-0.0580029
14	49	-0.0580468
19	31	-0.0586466
47	51	-0.0586829
3	23	-0.0587267
3	55	-0.0587882
3	15	-0.0590208
11	37	-0.059286
12	37	-0.0594323
46	55	-0.0596065
1	14	-0.0598141
31	38	-0.0599796
4	44	-0.0600065
28	54	-0.0601421
28	56	-0.0603219
44	48	-0.060433
34	42	-0.0604748
13	46	-0.0605065
43	53	-0.0606681
12	49	-0.06079
8	10	-0.0613053
8	13	-0.0615568
24	46	-0.0621091
15	30	-0.0622573
21	42	-0.0622646
2	8	-0.062346
8	23	-0.0630857
26	39	-0.0632363
33	49	-0.0633049
12	24	-0.0633598
3	16	-0.0634682
1	30	-0.0639647
25	54	-0.0645865
44	53	-0.0649987
3	14	-0.0651963
49	54	-0.0652829
31	39	-0.06544
48	55	-0.0659176
20	42	-0.0659472
4	46	-0.0660096
13	23	-0.0660115
2	6	-0.0660528
13	43	-0.0661466
15	37	-0.0661568
16	50	-0.0665565
12	23	-0.0665854
3	51	-0.0666347
4	8	-0.0668725
8	52	-0.0673511
5	22	-0.0674142
27	36	-0.0674897
3	56	-0.0676633
13	49	-0.0677693
8	12	-0.0682669
23	52	-0.0683222
8	54	-0.068442
26	35	-0.0685758
49	52	-0.0686063
26	29	-0.0686491
3	19	-0.0686919
31	45	-0.0691711
26	38	-0.0696369
20	26	-0.0697324
23	53	-0.0697814
48	52	-0.0698586
31	35	-0.0699591
42	45	-0.0700804
1	54	-0.0702427
5	38	-0.0703749
7	16	-0.0712082
10	23	-0.0712264
1	56	-0.0713348
11	47	-0.0717046
37	50	-0.0717542
9	56	-0.072612
24	49	-0.073046
47	50	-0.0730822
10	49	-0.0732246
9	55	-0.0736294
5	23	-0.0737006
7	55	-0.0737035
8	11	-0.0739662
12	50	-0.0740957
40	47	-0.0742186
21	26	-0.0742696
46	52	-0.0744095
9	16	-0.0750104
6	47	-0.0752623
13	24	-0.0752836
25	41	-0.0753584
44	51	-0.0755269
1	53	-0.0757524
16	46	-0.0758013
12	47	-0.0758317
50	53	-0.075875
9	19	-0.0759799
9	33	-0.0761421
49	55	-0.0761716
21	31	-0.0762357
7	14	-0.0762921
8	56	-0.0764442
7	10	-0.0764486
7	49	-0.0765757
17	30	-0.0766663
35	42	-0.0767537
19	42	-0.0769698
41	43	-0.0771809
3	35	-0.0771895
16	24	-0.0772417
37	55	-0.0773462
23	56	-0.0779133
5	39	-0.0781247
1	55	-0.078135
15	49	-0.0781366
3	22	-0.0781761
9	42	-0.0782998
13	37	-0.0787638
9	13	-0.0792433
22	47	-0.0798087
10	44	-0.0799469
41	54	-0.0800438
27	51	-0.080045
8	14	-0.080179
36	55	-0.080737
23	40	-0.080982
16	49	-0.0811704
25	53	-0.0814301
15	23	-0.0814625
13	47	-0.0815342
26	45	-0.0816373
5	18	-0.0817517
9	18	-0.0819029
3	34	-0.0824916
7	51	-0.0826519
5	29	-0.0826762
39	47	-0.0827595
28	55	-0.0830793
21	47	-0.0832918
28	53	-0.0834814
20	31	-0.0836207
9	39	-0.0836309
1	15	-0.0836844
8	27	-0.083688
14	46	-0.0839211
7	15	-0.0840361
50	51	-0.084047
16	47	-0.0844445
3	29	-0.0844858
23	51	-0.0845431
11	49	-0.0846587
9	35	-0.085434
23	55	-0.0855611
49	51	-0.0858336
46	51	-0.0860952
15	47	-0.0864434
3	40	-0.0866572
9	22	-0.0867127
36	49	-0.0869379
14	27	-0.0870849
19	26	-0.087226
9	34	-0.0873676
24	53	-0.0878969
14	48	-0.0879756
16	27	-0.0882643
18	31	-0.0882904
16	37	-0.0885352
7	13	-0.0886861
4	24	-0.0890154
10	37	-0.0895237
3	20	-0.0895762
5	35	-0.0895891
35	47	-0.0896903
29	31	-0.0897771
41	53	-0.0898534
3	45	-0.0898872
17	53	-0.0900667
27	56	-0.090134
44	54	-0.0901449
10	36	-0.0901879
5	30	-0.0902377
23	41	-0.090384
19	47	-0.090453
7	12	-0.090516
25	55	-0.0906077
37	52	-0.0909782
48	51	-0.0911238
14	43	-0.0918979
17	32	-0.0921842
7	11	-0.0922525
50	56	-0.0926016
34	47	-0.0927571
23	28	-0.0929014
25	51	-0.0929097
25	56	-0.0930538
28	34	-0.0931046
5	20	-0.0933046
38	47	-0.0935217
13	44	-0.0937153
5	34	-0.0940302
24	56	-0.094692
41	56	-0.0947482
5	17	-0.095039
37	54	-0.0951267
9	21	-0.0952816
17	49	-0.0953088
49	53	-0.0954784
7	31	-0.0957265
28	44	-0.0958298
3	21	-0.0959987
3	18	-0.0960168
16	41	-0.0963751
22	31	-0.0966891
26	34	-0.0967727
31	34	-0.096954
43	54	-0.0969604
20	47	-0.0973024
29	47	-0.097383
9	52	-0.0974389
41	51	-0.0974733
23	54	-0.0975234
6	49	-0.0975439
17	20	-0.0976382
16	48	-0.097955
24	52	-0.098171
7	32	-0.0982409
5	45	-0.0983888
26	31	-0.0986547
15	44	-0.0987412
36	44	-0.0987624
11	46	-0.0987954
14	23	-0.0988063
3	38	-0.0992692
11	28	-0.0993984
15	43	-0.0997882
10	41	-0.0998487
9	54	-0.100045
27	52	-0.100049
1	23	-0.100168
24	42	-0.100598
6	27	-0.101713
2	37	-0.101996
3	52	-0.102071
5	21	-0.102109
9	20	-0.102535
37	53	-0.102592
1	24	-0.10277
10	27	-0.102843
15	27	-0.102909
17	45	-0.102948
25	36	-0.103184
18	47	-0.103605
17	18	-0.104053
37	43	-0.104294
32	42	-0.104341
33	47	-0.104726
48	57	-0.104769
3	25	-0.104771
9	45	-0.105261
27	53	-0.105309
8	41	-0.105462
43	56	-0.105561
5	33	-0.105628
27	55	-0.106037
11	25	-0.106368
13	27	-0.106868
18	28	-0.107013
2	33	-0.107038
3	39	-0.107128
28	38	-0.107132
14	36	-0.107142
15	25	-0.107695
20	28	-0.107797
12	27	-0.108108
9	29	-0.108371
41	48	-0.108607
44	56	-0.108641
16	25	-0.108931
47	52	-0.10898
12	25	-0.109177
23	57	-0.109179
24	54	-0.110209
27	30	-0.110398
5	19	-0.110563
17	22	-0.110566
17	19	-0.110794
44	55	-0.111474
9	38	-0.112018
33	42	-0.112019
7	23	-0.1126
9	15	-0.112608
3	8	-0.11263
4	23	-0.11279
17	34	-0.112911
26	33	-0.112918
28	39	-0.114045
27	44	-0.114329
45	47	-0.114344
19	36	-0.114628
17	21	-0.115139
28	35	-0.11588
13	36	-0.116114
20	36	-0.116156
11	27	-0.116252
21	36	-0.116274
10	25	-0.116352
8	25	-0.116572
18	36	-0.116917
35	36	-0.117271
12	41	-0.117484
40	48	-0.1176
41	55	-0.117724
13	25	-0.118013
10	24	-0.118457
26	50	-0.118924
16	43	-0.119118
29	36	-0.119207
17	29	-0.119241
22	28	-0.119429
14	41	-0.119714
12	46	-0.119934
27	54	-0.120653
9	53	-0.121351
17	35	-0.121355
11	41	-0.121615
34	36	-0.122083
15	41	-0.122443
3	27	-0.122496
21	28	-0.122771
22	36	-0.122824
28	29	-0.122844
8	26	-0.123043
36	45	-0.123132
36	52	-0.123162
30	48	-0.12326
43	51	-0.123322
12	43	-0.123371
9	12	-0.123578
20	49	-0.124385
28	47	-0.124403
17	54	-0.126037
42	44	-0.126266
17	52	-0.126357
31	33	-0.126778
17	39	-0.126805
12	17	-0.127253
31	57	-0.127474
43	52	-0.127954
19	28	-0.128111
41	52	-0.128378
3	32	-0.129772
13	41	-0.130305
17	41	-0.130663
39	49	-0.130717
36	56	-0.13105
17	55	-0.131094
2	7	-0.131732
28	45	-0.131817
15	36	-0.132086
23	47	-0.132744
36	39	-0.132826
23	43	-0.133173
36	53	-0.133465
16	36	-0.133578
2	4	-0.134106
2	20	-0.13447
10	43	-0.135269
17	38	-0.136121
10	17	-0.136349
33	57	-0.137243
8	32	-0.137306
18	49	-0.138889
33	50	-0.139323
35	49	-0.139326
1	44	-0.139824
2	49	-0.140087
36	51	-0.14073
2	34	-0.14078
11	36	-0.141178
22	49	-0.141455
29	49	-0.141494
38	49	-0.141682
1	36	-0.142138
44	57	-0.142817
2	22	-0.143799
11	43	-0.144344
28	33	-0.145768
9	46	-0.145822
43	47	-0.14588
19	49	-0.147047
2	21	-0.147178
34	49	-0.148419
9	14	-0.148614
45	49	-0.148661
2	38	-0.14928
26	46	-0.149366
23	46	-0.14993
23	26	-0.150207
1	4	-0.15072
2	18	-0.151011
8	43	-0.15132
36	54	-0.152633
2	39	-0.152743
36	38	-0.154085
43	55	-0.154228
16	17	-0.154428
25	52	-0.154557
6	46	-0.155206
1	43	-0.155373
2	19	-0.155416
2	45	-0.155732
7	42	-0.155898
2	29	-0.156013
21	49	-0.15637
23	25	-0.156991
4	25	-0.157551
30	37	-0.157677
14	17	-0.158323
1	32	-0.158386
2	35	-0.158397
4	37	-0.158967
3	26	-0.160773
41	46	-0.161016
37	41	-0.161222
12	36	-0.162742
3	33	-0.165261
8	17	-0.1676
24	27	-0.169316
5	26	-0.171155
17	56	-0.172878
48	50	-0.174256
26	41	-0.175465
15	17	-0.175478
23	37	-0.176063
30	36	-0.177167
5	46	-0.178536
3	28	-0.178558
32	40	-0.178669
4	32	-0.181122
27	40	-0.181677
2	47	-0.183147
37	40	-0.1832
6	57	-0.184499
7	24	-0.185114
11	17	-0.186817
1	31	-0.188734
24	57	-0.189412
17	51	-0.190286
13	17	-0.191898
5	42	-0.194964
45	57	-0.196021
1	40	-0.197019
4	27	-0.197071
27	28	-0.19791
36	47	-0.198926
4	41	-0.199345
43	49	-0.200416
24	30	-0.204059
6	9	-0.204442
19	57	-0.20527
29	57	-0.205911
35	57	-0.206059
3	31	-0.206444
38	57	-0.206742
44	47	-0.206889
36	50	-0.207417
6	31	-0.208202
21	57	-0.209006
34	57	-0.21083
28	41	-0.211135
7	9	-0.212941
39	57	-0.214007
24	47	-0.215037
4	40	-0.2159
27	46	-0.216769
22	57	-0.217477
25	30	-0.21804
1	7	-0.21814
29	50	-0.219392
1	28	-0.219647
1	37	-0.220339
25	27	-0.220521
20	57	-0.221022
4	17	-0.221537
31	46	-0.221578
6	32	-0.221728
21	50	-0.22209
7	44	-0.223596
41	44	-0.224254
4	43	-0.224325
17	47	-0.225002
31	41	-0.227256
17	42	-0.228259
45	50	-0.228416
32	46	-0.228949
27	42	-0.230138
18	57	-0.230575
6	25	-0.231082
19	50	-0.231326
38	50	-0.2317
2	48	-0.231713
26	47	-0.234584
30	42	-0.235233
35	50	-0.235286
24	41	-0.235426
30	44	-0.23571
34	50	-0.236157
2	40	-0.236454
42	47	-0.236883
25	31	-0.240122
40	41	-0.240489
30	50	-0.241414
18	50	-0.242257
20	50	-0.245969
39	50	-0.246596
25	48	-0.24711
5	7	-0.249729
37	42	-0.251568
4	6	-0.252145
28	32	-0.253804
22	50	-0.255846
5	40	-0.256068
28	37	-0.256307
31	49	-0.259976
30	47	-0.260556
27	31	-0.261429
1	6	-0.261667
6	42	-0.263377
6	26	-0.270588
30	43	-0.271056
23	49	-0.271127
7	36	-0.27215
9	32	-0.272513
26	48	-0.278517
17	27	-0.280647
7	26	-0.28117
30	57	-0.281556
4	31	-0.282493
9	25	-0.28506
5	48	-0.286645
46	48	-0.288719
8	36	-0.288791
2	36	-0.28912
25	32	-0.289155
40	57	-0.290074
2	28	-0.292429
7	37	-0.292842
31	43	-0.293586
5	6	-0.294562
46	50	-0.294785
43	48	-0.297
37	57	-0.299293
42	48	-0.299695
2	30	-0.302009
30	46	-0.30439
6	30	-0.305277
5	44	-0.309317
25	49	-0.310839
9	57	-0.311364
30	49	-0.313844
26	37	-0.31656
42	46	-0.320341
5	24	-0.320831
5	25	-0.32101
26	36	-0.321099
6	43	-0.323865
9	27	-0.336976
5	28	-0.340221
36	40	-0.341959
9	41	-0.343075
1	9	-0.344628
41	42	-0.348033
17	43	-0.349621
31	40	-0.37561
7	50	-0.395307
9	48	-0.400108
28	36	-0.406466
7	57	-0.408312