#==========================================================================
# The first and second rows contain site pairs (i, j) such that j > i
# The third row contains coevolutionary scores obtained 
# using Boltzmann learning algorithm.
# Note that in this data sites are counted/labelled starting from 1
#==========================================================================
37	50	2.99201
3	79	2.92162
39	48	2.90831
38	49	2.81917
40	47	2.80495
2	80	2.36913
21	33	2.21768
4	78	2.18091
18	59	2.06236
41	46	2.00839
6	76	1.9403
20	34	1.8517
55	67	1.84687
60	62	1.67724
7	75	1.44867
36	51	1.16507
56	66	1.11706
5	77	1.10409
19	35	1.04786
22	32	1.0213
14	15	0.760461
12	13	0.760173
77	78	0.710837
65	66	0.69408
57	65	0.69161
10	11	0.667889
44	45	0.656958
16	65	0.649086
11	70	0.648956
12	14	0.648116
62	63	0.620917
4	77	0.620036
4	6	0.615141
13	14	0.599388
6	78	0.575803
61	64	0.570562
16	57	0.551975
57	66	0.547941
69	71	0.544598
56	65	0.540879
7	11	0.528918
9	11	0.502073
2	10	0.492929
15	17	0.488682
14	72	0.483493
72	73	0.475993
36	50	0.474991
6	71	0.473534
11	75	0.469143
20	69	0.465439
9	10	0.46248
43	74	0.460549
41	77	0.459174
33	69	0.456043
45	69	0.451638
5	7	0.430364
12	71	0.430145
73	74	0.428133
53	56	0.425372
18	30	0.424799
10	70	0.4113
54	68	0.410578
8	35	0.407337
16	56	0.407116
56	57	0.403723
71	74	0.402911
14	62	0.402414
29	30	0.397088
12	70	0.392115
2	11	0.384498
37	39	0.383561
17	55	0.37628
12	41	0.37464
36	37	0.372622
64	66	0.367753
17	67	0.363879
42	45	0.361911
59	79	0.360533
1	80	0.35479
33	34	0.354534
30	35	0.354125
43	44	0.343618
2	6	0.341852
1	6	0.341134
53	57	0.340754
27	39	0.339954
47	75	0.338449
13	39	0.337982
61	63	0.33127
71	73	0.329799
9	72	0.325718
14	69	0.324887
53	66	0.32471
5	75	0.324612
19	72	0.31947
13	29	0.313469
64	65	0.313205
43	46	0.310697
38	59	0.309251
8	47	0.307823
1	44	0.307394
35	44	0.304299
8	9	0.302853
18	38	0.302733
40	41	0.301717
29	76	0.301408
30	43	0.29736
9	75	0.29617
35	77	0.293964
47	48	0.29289
2	76	0.290569
7	9	0.290478
13	70	0.287753
44	46	0.28727
1	18	0.286766
8	10	0.286401
61	68	0.285898
17	59	0.285443
64	68	0.283678
16	53	0.283254
20	35	0.282505
1	17	0.28019
20	33	0.279866
62	80	0.2789
27	49	0.278235
44	47	0.277422
59	72	0.277353
7	30	0.275922
38	63	0.275663
30	75	0.274775
29	71	0.274448
47	74	0.272917
27	41	0.270429
13	48	0.268942
8	69	0.26767
16	66	0.267264
77	80	0.265397
15	55	0.263793
39	50	0.260747
1	2	0.260277
20	48	0.256222
51	59	0.256188
3	18	0.256144
68	80	0.255589
6	30	0.25461
16	20	0.254593
48	50	0.25447
47	72	0.253862
3	5	0.253736
1	46	0.253526
17	57	0.252742
18	53	0.252287
77	79	0.251883
2	45	0.251851
12	39	0.250562
42	44	0.250407
44	72	0.25025
13	45	0.248978
7	10	0.248809
22	72	0.248777
8	60	0.247524
8	68	0.247506
21	52	0.247096
1	15	0.246437
12	17	0.24597
34	59	0.245662
27	50	0.245543
14	17	0.24497
11	29	0.244739
34	53	0.243285
5	60	0.242518
6	77	0.242399
32	72	0.242121
6	7	0.239361
29	45	0.238307
21	34	0.238291
8	79	0.236722
48	75	0.234864
41	56	0.232785
51	63	0.232661
13	67	0.232406
10	71	0.232305
2	79	0.2321
15	53	0.231779
29	47	0.231744
2	68	0.231133
76	77	0.229975
1	13	0.229855
15	62	0.229612
63	67	0.227568
5	62	0.227011
10	80	0.22697
3	22	0.226163
57	71	0.225399
15	57	0.224693
6	10	0.223403
61	62	0.22328
58	61	0.222959
42	75	0.222052
12	15	0.221258
73	78	0.221065
30	46	0.218821
25	62	0.218737
44	50	0.218726
15	45	0.218593
17	70	0.217827
8	11	0.217549
13	68	0.217523
17	53	0.217314
22	79	0.216816
57	73	0.216706
60	74	0.216276
57	67	0.215858
17	63	0.213998
18	46	0.213836
3	4	0.213471
33	44	0.213177
65	68	0.212351
32	79	0.212238
9	62	0.211667
3	32	0.211207
40	75	0.210069
63	73	0.20995
35	37	0.209712
41	66	0.208313
28	31	0.208185
25	63	0.207343
56	62	0.207098
23	24	0.206576
1	7	0.20638
12	46	0.205669
66	67	0.205574
23	28	0.204594
55	63	0.204577
71	72	0.204468
25	60	0.204232
51	69	0.203209
52	55	0.202328
26	31	0.202125
22	47	0.201994
24	31	0.201654
76	78	0.201577
17	64	0.201212
38	73	0.200213
53	67	0.19944
7	77	0.199436
61	67	0.199358
57	64	0.199203
76	80	0.197834
24	26	0.197317
36	41	0.196897
15	74	0.19674
15	73	0.196732
33	52	0.195948
23	31	0.195898
24	28	0.195782
26	28	0.195551
40	49	0.195113
36	59	0.194387
12	60	0.19418
50	62	0.194101
9	70	0.194002
55	58	0.192876
62	64	0.192377
14	44	0.192141
40	44	0.191855
21	69	0.191382
14	29	0.190955
2	30	0.190867
5	76	0.190224
55	57	0.190149
17	56	0.189827
6	80	0.189504
35	39	0.189368
20	52	0.189271
32	47	0.189001
38	74	0.188795
5	11	0.188484
25	28	0.188389
12	72	0.187946
10	72	0.187709
70	71	0.187016
24	25	0.186756
21	37	0.186334
14	43	0.186114
41	44	0.185803
4	9	0.185478
25	31	0.185165
23	26	0.185006
23	25	0.184882
32	80	0.1845
13	74	0.184498
2	73	0.183991
18	29	0.183847
43	60	0.182912
19	46	0.182662
4	73	0.182345
7	42	0.182339
18	25	0.18157
52	61	0.181439
39	47	0.180693
15	67	0.180472
46	77	0.180426
52	58	0.17943
20	43	0.178972
30	71	0.178616
25	26	0.178182
3	70	0.17818
3	37	0.177746
20	53	0.177363
4	7	0.176875
50	69	0.176032
53	55	0.1757
13	55	0.175254
5	19	0.175176
14	30	0.174104
48	72	0.173993
38	48	0.173803
13	47	0.173606
33	37	0.173292
52	67	0.173166
29	36	0.173069
4	76	0.172618
49	75	0.172241
29	51	0.172008
7	78	0.171655
49	59	0.171391
34	52	0.169687
66	68	0.169583
30	41	0.169569
51	56	0.169361
3	74	0.169269
22	80	0.169135
37	74	0.168879
58	67	0.168674
59	69	0.168574
35	40	0.167456
1	54	0.167045
52	53	0.166872
16	59	0.166825
3	9	0.166822
3	8	0.165648
10	63	0.164859
29	63	0.164602
17	66	0.163246
17	35	0.162621
21	45	0.16144
9	22	0.161382
40	72	0.161004
10	43	0.160492
54	56	0.160314
29	77	0.160274
22	31	0.159854
4	5	0.159122
11	27	0.158559
15	16	0.158459
62	66	0.158239
24	32	0.158146
61	69	0.158138
37	60	0.157888
7	47	0.157528
2	12	0.157483
1	73	0.157427
3	44	0.157385
61	70	0.157291
16	55	0.157256
35	51	0.157093
7	59	0.156805
22	23	0.156462
21	78	0.155779
15	63	0.154829
16	67	0.154171
15	22	0.153528
14	74	0.152989
33	43	0.152655
62	72	0.152624
46	58	0.152177
31	32	0.151743
52	80	0.151264
10	76	0.151203
14	41	0.150675
53	58	0.150574
10	75	0.150502
7	49	0.149447
3	59	0.148836
14	16	0.148353
51	60	0.148329
14	80	0.148186
5	42	0.14807
36	54	0.147958
8	38	0.147706
61	65	0.147398
3	77	0.146975
66	74	0.146678
36	56	0.146674
63	66	0.146656
49	79	0.146649
53	65	0.146254
3	13	0.146105
63	65	0.145993
59	75	0.145789
10	46	0.145494
44	62	0.145254
4	8	0.145211
25	53	0.144957
68	72	0.144897
22	24	0.144681
41	42	0.144537
53	62	0.144534
64	67	0.143555
57	63	0.143418
29	41	0.143383
28	32	0.143269
25	39	0.14302
33	58	0.142799
42	69	0.142395
64	69	0.142359
51	54	0.141926
17	21	0.140602
38	75	0.139716
11	72	0.139634
34	79	0.139459
75	78	0.139415
22	26	0.138938
50	55	0.138365
19	33	0.138196
30	69	0.138184
27	40	0.137906
38	62	0.137872
15	29	0.137459
9	32	0.137101
7	8	0.136903
33	66	0.13665
19	71	0.13649
23	32	0.136169
50	65	0.136114
45	46	0.136111
69	80	0.135972
8	71	0.135682
7	36	0.135628
10	37	0.135602
54	58	0.13525
45	70	0.135246
29	79	0.135109
26	27	0.13483
9	77	0.134505
23	27	0.13428
27	28	0.134009
14	60	0.133496
14	34	0.133448
55	61	0.133445
27	73	0.133343
60	77	0.133342
22	28	0.132697
5	69	0.131888
73	80	0.131352
8	46	0.13126
40	74	0.131222
14	73	0.130492
39	41	0.130407
24	27	0.129927
39	73	0.129826
18	20	0.129795
8	78	0.129617
34	48	0.129616
30	73	0.129581
27	31	0.129457
30	45	0.129312
14	42	0.128903
13	60	0.128039
8	44	0.126375
46	65	0.125869
55	74	0.125303
17	71	0.125044
74	75	0.124985
34	72	0.124673
21	49	0.12409
5	78	0.123975
27	62	0.123872
26	32	0.12353
39	44	0.123396
27	70	0.123303
13	38	0.122215
61	79	0.122041
53	61	0.121892
20	79	0.121625
27	37	0.121354
25	59	0.121303
15	30	0.121042
15	66	0.12043
19	51	0.12039
5	46	0.119987
10	47	0.119914
54	61	0.119881
22	45	0.119676
26	30	0.119674
63	64	0.119569
5	50	0.119501
40	53	0.119102
13	72	0.118715
14	45	0.118578
44	51	0.118567
2	40	0.118475
8	49	0.118361
19	40	0.118336
73	79	0.117831
1	74	0.117809
49	71	0.116799
16	52	0.116679
5	13	0.116267
52	70	0.115736
65	67	0.11407
44	63	0.113618
2	69	0.113563
19	59	0.113532
43	45	0.113529
1	19	0.113217
5	30	0.113028
9	17	0.112216
19	80	0.110381
60	80	0.110227
43	66	0.110159
41	63	0.11015
35	59	0.110025
38	68	0.109931
9	73	0.109792
27	38	0.109618
55	77	0.109095
34	80	0.10905
8	19	0.109031
46	74	0.108997
4	21	0.108865
36	60	0.108793
39	42	0.108656
6	75	0.108365
30	44	0.108173
30	59	0.107957
55	64	0.107296
72	75	0.106829
56	59	0.106697
27	47	0.106096
27	46	0.105826
16	21	0.105793
12	30	0.105588
21	27	0.105216
19	58	0.105213
4	75	0.104756
23	30	0.104054
3	38	0.104042
43	76	0.104037
20	60	0.103985
34	69	0.103685
27	63	0.103337
17	41	0.103324
32	43	0.103291
20	21	0.10272
50	74	0.102484
9	44	0.102347
8	57	0.102131
58	64	0.102125
35	43	0.10191
48	57	0.101731
10	15	0.101614
17	37	0.101438
32	37	0.101195
41	54	0.101122
14	39	0.100536
27	43	0.100397
70	77	0.100041
2	75	0.099895
68	79	0.0990811
71	78	0.0990137
10	13	0.0988812
22	25	0.0986364
54	59	0.0985301
13	34	0.0983767
33	40	0.0976184
40	69	0.0976014
75	77	0.0975705
19	39	0.0973059
6	48	0.0971362
72	80	0.0969887
33	73	0.0966136
27	60	0.0965768
36	52	0.0965422
49	73	0.0964607
8	42	0.0963602
3	76	0.096189
5	58	0.0956803
49	68	0.0956558
30	31	0.0948635
14	36	0.0946724
10	50	0.0944084
20	59	0.0943293
47	57	0.094273
67	68	0.0942161
23	35	0.0941282
26	35	0.0938317
32	45	0.0937609
17	44	0.0934233
2	21	0.0933865
45	73	0.0928985
45	47	0.092891
15	32	0.0928835
19	74	0.0928588
14	21	0.0928253
16	73	0.0923884
28	35	0.0923245
16	64	0.0919616
34	56	0.0919425
60	61	0.0919014
30	60	0.091657
37	79	0.0915708
2	46	0.0913719
3	54	0.0913183
20	56	0.0912076
24	30	0.0908491
40	45	0.0905655
25	70	0.0905635
42	48	0.0903617
7	12	0.0901532
38	40	0.089891
2	77	0.0897594
54	60	0.0891602
12	42	0.089076
10	41	0.0890695
34	58	0.0888425
8	41	0.0887764
13	27	0.0882336
5	35	0.0881366
64	78	0.0880521
20	58	0.088029
40	57	0.0877504
11	32	0.0874552
40	76	0.0873441
50	63	0.0873152
56	63	0.0870702
46	61	0.0866951
37	48	0.0865633
25	55	0.0864419
51	74	0.086058
29	42	0.085853
30	37	0.0856531
22	37	0.0850881
11	22	0.0850324
12	67	0.085026
35	64	0.0847529
45	74	0.0847475
49	77	0.0846588
50	51	0.0846583
39	72	0.084486
1	55	0.0844461
52	71	0.0840192
2	33	0.0834085
58	71	0.0831625
52	64	0.0830896
33	36	0.0829257
13	16	0.0826566
7	70	0.0826426
6	51	0.0822981
18	52	0.0822493
48	55	0.0822352
8	72	0.0820194
31	35	0.0820099
21	53	0.0819217
12	35	0.0818385
29	53	0.0816536
29	46	0.0812138
15	75	0.0811754
13	42	0.0809594
5	59	0.0809516
1	29	0.0809239
8	37	0.0808378
9	39	0.0807567
3	78	0.0807207
25	27	0.0803751
36	74	0.0801661
50	60	0.0801511
31	38	0.079998
22	29	0.0798358
41	61	0.0796842
28	30	0.0796263
44	71	0.0790438
37	69	0.0788625
10	40	0.0786574
30	80	0.0786191
4	79	0.0785785
17	36	0.0784634
22	44	0.0783819
28	54	0.0783305
19	63	0.0782567
22	43	0.0781907
16	48	0.077991
54	79	0.077652
20	70	0.0775574
45	75	0.0774449
53	54	0.0772687
15	34	0.0772266
18	63	0.0770986
37	55	0.0767212
2	71	0.0763533
18	45	0.0755742
19	77	0.0754254
48	71	0.0753301
39	45	0.0750724
50	71	0.0748126
41	58	0.074682
39	75	0.074499
17	54	0.0744629
1	41	0.0743714
5	71	0.0743331
53	64	0.0740048
27	45	0.0739549
9	78	0.0736714
16	63	0.0735408
33	60	0.0730194
24	35	0.0729924
12	36	0.0726998
10	52	0.072403
45	49	0.0720993
21	56	0.0717466
70	73	0.0715968
16	74	0.0713318
49	76	0.0712362
42	49	0.0710842
69	74	0.0708585
8	63	0.0707116
3	73	0.0704631
64	79	0.0702182
24	54	0.0701972
15	46	0.0701938
25	32	0.0701059
5	6	0.0698043
2	72	0.0697736
27	72	0.0697114
41	51	0.0694347
1	30	0.0693524
26	54	0.0691795
19	23	0.0689429
20	61	0.0689142
47	69	0.068884
58	65	0.0687935
16	19	0.0687241
13	49	0.0685673
46	56	0.0685671
8	54	0.0680929
8	40	0.0675019
19	26	0.0673324
11	74	0.0669349
11	52	0.0668574
36	46	0.0668205
72	78	0.0666965
28	52	0.0666227
1	45	0.0665377
12	76	0.0663759
58	69	0.0662212
59	66	0.0658352
14	49	0.0657372
48	73	0.0657003
54	66	0.0655118
51	71	0.0654853
11	45	0.0654244
46	53	0.0652091
54	65	0.0651184
28	38	0.0651079
33	80	0.0650299
21	73	0.0646933
1	70	0.0644863
31	54	0.0642929
35	38	0.0640891
38	43	0.0640527
67	74	0.0640491
32	50	0.0636117
56	64	0.0635644
29	59	0.0627697
12	32	0.0627048
2	7	0.0626001
15	65	0.0625409
29	32	0.0625155
11	42	0.0624495
58	77	0.0623015
70	74	0.0622731
46	51	0.0622001
15	21	0.0618058
9	63	0.0616756
9	69	0.0613305
16	43	0.0612164
58	68	0.0610987
7	45	0.0609998
38	45	0.0608561
19	28	0.0608214
19	24	0.0606244
51	66	0.0603144
4	72	0.0598744
18	34	0.059861
33	78	0.0598343
34	70	0.0597701
8	50	0.05976
27	42	0.0596042
59	68	0.0595652
56	71	0.0595392
57	72	0.0588678
23	55	0.0586949
23	54	0.058538
59	63	0.0584688
3	34	0.0584481
38	42	0.0582238
50	79	0.0581912
12	51	0.0579524
49	50	0.0577815
1	67	0.0577306
29	64	0.0577013
19	31	0.0572488
22	50	0.0571006
14	51	0.0570729
5	54	0.056937
13	76	0.056837
18	49	0.0567705
35	58	0.0567651
20	62	0.0567507
48	51	0.0567105
8	80	0.05671
20	26	0.0560631
36	44	0.0560293
45	79	0.0556891
7	38	0.05568
34	61	0.0555051
34	54	0.0554557
14	35	0.0554264
20	24	0.0553975
6	42	0.0550801
11	43	0.0549313
31	52	0.0548732
36	79	0.0548113
25	54	0.0544945
29	78	0.0539791
18	56	0.0536745
57	79	0.0536151
26	58	0.0534136
4	19	0.0533791
51	72	0.053059
50	73	0.0528926
19	36	0.0527907
8	70	0.0524225
32	44	0.0522046
4	10	0.0520183
27	78	0.0519353
34	35	0.0519148
63	69	0.0518657
9	24	0.0516023
9	41	0.0515128
42	76	0.0513669
72	74	0.0512649
13	80	0.0512186
34	51	0.0510076
11	80	0.0508147
25	43	0.0507335
15	59	0.0503998
9	50	0.0503004
1	36	0.050205
29	33	0.0502002
12	47	0.0501514
26	52	0.050148
24	52	0.0501224
75	76	0.05005
6	11	0.0499291
49	63	0.0498779
26	51	0.0496621
12	77	0.0496413
24	58	0.0496103
9	43	0.0495666
71	75	0.0495517
50	67	0.0495323
30	76	0.0485784
33	41	0.0484231
18	33	0.0482321
45	62	0.0482263
23	51	0.0480839
16	17	0.0480138
15	33	0.0479178
36	68	0.0479127
60	71	0.0477377
25	67	0.0473065
7	71	0.0472488
15	76	0.0469788
1	51	0.0469619
28	55	0.046828
20	23	0.0468191
3	57	0.0468166
17	43	0.0467581
54	74	0.0467196
2	52	0.0464897
6	37	0.0459307
36	63	0.0459188
43	58	0.0456867
24	61	0.0454581
67	78	0.0454343
12	19	0.0454041
28	58	0.0453835
51	80	0.0453554
24	55	0.0450253
19	30	0.0449921
23	58	0.0449426
23	52	0.0448798
26	55	0.0448782
42	74	0.0448349
28	51	0.0445149
54	64	0.0442029
24	51	0.0441513
20	28	0.0438887
3	20	0.0438493
56	74	0.0437609
34	55	0.0437419
31	58	0.0436851
32	70	0.0434789
26	61	0.0431031
32	76	0.0428123
26	38	0.0427903
16	18	0.0427842
43	47	0.0427545
22	70	0.0426876
46	57	0.0426382
59	61	0.042605
22	39	0.0425133
68	74	0.0423911
18	35	0.0423353
32	39	0.0423027
42	52	0.0422641
40	67	0.0419829
18	55	0.0419556
25	38	0.041872
50	57	0.0418588
26	34	0.0415814
13	66	0.0415723
21	36	0.0414466
20	54	0.0413053
4	33	0.0410555
68	76	0.0409671
53	59	0.0409347
31	34	0.040769
45	72	0.0406532
23	34	0.0406015
9	42	0.0404786
33	64	0.0404337
28	61	0.0403272
25	77	0.0402634
20	31	0.0402462
9	28	0.0397278
28	67	0.0396992
51	62	0.0394641
19	27	0.0393587
55	66	0.0393291
16	31	0.0393105
31	51	0.0391369
16	24	0.0390981
67	77	0.0390253
5	12	0.0390203
18	67	0.0389775
23	65	0.0388217
22	76	0.0387171
79	80	0.0386439
19	60	0.0386048
50	58	0.0385126
70	75	0.0384683
24	34	0.0383549
13	63	0.0383048
67	73	0.0380132
8	48	0.0379675
5	41	0.0377296
5	64	0.0376717
48	66	0.0374301
44	79	0.0372177
9	33	0.0370602
34	63	0.0369178
1	42	0.0368895
30	39	0.0366504
29	38	0.0365892
4	64	0.0365176
31	55	0.0364002
5	29	0.036381
8	75	0.0362761
1	68	0.0362751
18	69	0.0361097
1	47	0.0359858
49	54	0.0358471
15	77	0.0358027
53	63	0.0357977
47	71	0.0357609
68	69	0.0357489
23	61	0.0357452
65	73	0.0355849
16	72	0.035414
24	38	0.0353366
1	21	0.0352195
16	29	0.0351554
7	32	0.0346494
43	69	0.0345458
58	79	0.0343468
43	67	0.0338801
15	71	0.0337943
32	75	0.0337687
9	26	0.0336219
51	65	0.0335641
2	47	0.0335495
21	43	0.0335332
53	73	0.0332205
1	58	0.0332163
17	79	0.0331177
31	61	0.0329955
43	64	0.0329437
26	65	0.0328845
60	70	0.0328256
20	45	0.0321545
9	31	0.0321444
12	55	0.0320413
58	59	0.0319658
2	3	0.0316866
27	30	0.031579
58	76	0.0312289
7	48	0.0311315
65	79	0.0308785
2	9	0.0305516
27	29	0.0303469
49	64	0.030339
1	75	0.0302988
35	73	0.030287
14	52	0.0301071
11	60	0.0300119
1	40	0.0300074
31	65	0.0297096
4	11	0.0296777
6	50	0.0294759
6	29	0.0294524
25	52	0.0293277
23	38	0.0292345
2	62	0.0290502
4	67	0.0290288
54	80	0.0289834
9	68	0.0288747
59	70	0.0288637
6	8	0.0286527
30	42	0.0286198
19	70	0.0285657
52	76	0.0282205
52	59	0.0281115
15	61	0.0278913
2	60	0.0276455
3	63	0.0276313
4	63	0.0273176
28	68	0.0272211
41	65	0.0268956
9	23	0.0268733
24	65	0.0267957
41	45	0.0266011
41	48	0.026376
27	33	0.0263232
52	54	0.0262896
22	75	0.0262012
51	79	0.026012
41	53	0.0259795
28	49	0.0257744
37	42	0.0256968
32	40	0.0256712
12	73	0.0256104
12	74	0.0255368
34	67	0.0254175
26	67	0.0253216
8	23	0.0251778
16	26	0.0251244
16	23	0.0249944
8	31	0.0249879
18	19	0.02497
29	68	0.0249604
6	40	0.0249083
14	71	0.0248231
46	64	0.0246766
13	65	0.0246679
25	79	0.0244788
11	15	0.0243533
24	68	0.0242661
42	72	0.0241904
41	68	0.0240745
18	65	0.0239088
9	79	0.0238923
34	73	0.0236698
18	76	0.0236006
47	77	0.0235264
26	75	0.0234648
62	65	0.0234316
5	70	0.0231884
24	67	0.0231591
45	58	0.0230728
16	71	0.0230221
3	60	0.0229179
54	57	0.022804
53	76	0.0225858
5	45	0.0224738
10	44	0.0224302
4	80	0.0224059
18	79	0.0217727
42	71	0.0215012
4	17	0.0214174
28	34	0.0213801
48	67	0.0211401
19	20	0.0205699
17	42	0.0205
28	65	0.0203139
27	69	0.0202769
11	47	0.019129
10	77	0.0189101
21	29	0.0187417
49	65	0.0186452
21	35	0.0186443
16	28	0.0186001
38	54	0.0185528
18	36	0.0183574
57	58	0.0182774
54	55	0.0181928
18	23	0.0179666
37	51	0.017887
3	17	0.0176842
28	57	0.0176822
3	68	0.0176814
39	40	0.0176236
1	20	0.0175153
11	68	0.017194
1	32	0.0171242
25	58	0.0170406
8	26	0.0170391
1	43	0.0169722
18	31	0.0169386
55	56	0.0168152
39	69	0.0168108
18	61	0.016746
38	77	0.0163314
3	36	0.0163083
18	57	0.016159
11	44	0.0160389
33	49	0.01599
28	36	0.0158904
7	22	0.0155549
78	80	0.0155349
36	72	0.0155345
23	67	0.0155297
40	54	0.015399
33	45	0.0153083
56	68	0.0151183
42	73	0.0149511
20	27	0.0148185
12	22	0.0147577
5	39	0.0146476
51	70	0.0145702
7	23	0.0141873
16	35	0.0141578
43	72	0.0141109
43	51	0.0138529
60	79	0.0137327
26	57	0.0136042
34	60	0.0134964
36	73	0.0134387
10	23	0.0132355
31	68	0.0132272
17	45	0.0131192
57	70	0.0130587
19	25	0.0130173
8	29	0.0129619
19	21	0.0129154
11	77	0.0127237
36	48	0.0126801
8	53	0.0123488
18	26	0.0121267
24	75	0.0120323
23	36	0.0119992
69	70	0.0116791
27	34	0.0116584
11	63	0.0116129
25	30	0.0112557
24	57	0.0111406
7	26	0.0109789
31	49	0.0105449
6	60	0.0104009
26	68	0.0103222
50	61	0.010202
20	55	0.0101511
24	56	0.0100541
43	54	0.00996306
18	24	0.00983728
14	47	0.00974736
67	70	0.00966058
20	25	0.00952434
46	66	0.00891705
19	68	0.00885766
31	75	0.00878191
54	67	0.00877483
34	44	0.00873932
23	75	0.00865259
42	46	0.00852078
23	68	0.00851993
36	70	0.00836999
23	57	0.00836802
65	74	0.00831209
10	31	0.00827989
31	36	0.00814318
15	56	0.00811126
29	74	0.00808055
4	71	0.00807315
26	49	0.00770876
16	50	0.00767222
3	25	0.00758473
19	43	0.00749782
44	58	0.00725571
21	60	0.00691632
25	65	0.00684082
32	49	0.00677259
17	78	0.00675125
36	66	0.00670067
43	62	0.00660402
41	75	0.0063953
10	68	0.00608227
7	31	0.0060312
24	42	0.00587404
24	49	0.00584373
46	49	0.00575086
5	10	0.00565601
29	48	0.00545827
15	41	0.00545076
13	24	0.00520448
55	73	0.00507534
42	79	0.00504941
43	73	0.00499134
2	54	0.00479281
7	15	0.00476984
18	28	0.00466789
25	47	0.00463929
59	64	0.0045823
15	54	0.00425283
1	52	0.0041609
9	45	0.00409832
15	52	0.00407253
22	73	0.0039618
37	44	0.00393996
30	51	0.00393188
8	24	0.00375528
50	70	0.00367881
49	74	0.00352575
37	57	0.003489
17	51	0.00347803
8	73	0.003385
35	60	0.00302656
9	61	0.00296169
4	18	0.0027143
24	36	0.0025497
28	56	0.00236153
52	69	0.0022784
66	71	0.00226802
9	40	0.00218427
41	57	0.0020959
56	58	0.00206461
28	75	0.00204909
27	76	0.00200064
11	31	0.00186879
20	67	0.00182293
16	79	0.00171324
16	62	0.00167053
22	62	0.00163115
10	24	0.00155828
31	57	0.00138471
35	61	0.00117513
40	52	0.000907247
33	67	0.000903403
28	39	0.000890682
14	70	0.000758238
31	56	0.000615031
37	62	0.000405083
45	60	0.000373885
26	56	0.000234469
18	78	0.00020989
13	57	-4.62049e-06
9	27	-0.000555469
40	70	-0.000794933
51	68	-0.000856814
10	26	-0.000924534
62	73	-0.001092
7	44	-0.00128002
42	47	-0.00132353
28	42	-0.00138916
6	54	-0.00143598
6	65	-0.00168415
15	19	-0.00173478
2	22	-0.0018019
29	60	-0.00181906
4	29	-0.00208123
21	40	-0.00225657
3	15	-0.00227923
27	44	-0.00231948
22	27	-0.00233191
38	41	-0.0024194
20	57	-0.00258054
3	21	-0.00260936
63	71	-0.00282865
8	39	-0.0029063
6	38	-0.00304481
26	72	-0.00321778
41	60	-0.00355848
43	50	-0.00360261
17	40	-0.00365389
22	40	-0.00374639
25	49	-0.00375944
31	67	-0.00379676
7	28	-0.0038246
25	50	-0.00384442
24	72	-0.00387329
17	33	-0.00387728
55	70	-0.00401679
8	28	-0.00412403
11	26	-0.00417358
33	42	-0.00430406
5	16	-0.00444475
44	66	-0.00451252
22	74	-0.00455654
20	64	-0.00466631
18	68	-0.00468956
10	42	-0.00469581
17	62	-0.00478095
13	26	-0.00508975
25	61	-0.00526415
26	36	-0.00540448
30	50	-0.00575724
71	80	-0.00597456
3	52	-0.0060142
45	80	-0.00610612
12	25	-0.00622271
45	56	-0.00646652
17	68	-0.00666679
5	48	-0.00669378
61	66	-0.00671813
7	76	-0.00687921
55	75	-0.00690347
32	54	-0.00691084
27	32	-0.00692931
7	24	-0.00696009
6	63	-0.00699877
20	77	-0.00701981
3	43	-0.00714667
13	40	-0.00716989
34	77	-0.00730451
31	72	-0.00741987
46	54	-0.007483
11	24	-0.00750256
15	36	-0.00755331
2	32	-0.0076797
17	18	-0.00815113
13	56	-0.00815943
62	71	-0.00836251
18	77	-0.00837016
44	65	-0.00837769
29	31	-0.00841942
3	55	-0.00844046
10	28	-0.00852349
54	77	-0.00854958
38	71	-0.00860909
15	39	-0.00862054
30	72	-0.00869845
6	46	-0.0086999
13	28	-0.00872007
66	70	-0.00889615
43	55	-0.00889827
16	33	-0.00909787
32	73	-0.00910699
33	46	-0.00919346
14	77	-0.00919851
8	61	-0.00928279
56	67	-0.00946467
12	58	-0.00953339
14	38	-0.00959863
21	44	-0.00962798
25	48	-0.00963692
26	29	-0.00964015
10	74	-0.00964491
31	39	-0.00987075
51	73	-0.00992692
36	78	-0.00996074
23	56	-0.00997573
23	72	-0.00999599
71	76	-0.0100376
64	71	-0.0100419
26	42	-0.0100825
72	76	-0.0101049
20	51	-0.010267
17	65	-0.0102702
60	68	-0.0102867
5	15	-0.010354
39	79	-0.0105108
12	52	-0.0105534
46	55	-0.0105659
63	74	-0.0105951
33	56	-0.0106622
25	72	-0.0106932
32	62	-0.0108584
42	61	-0.0108649
26	64	-0.0109261
6	49	-0.010949
38	64	-0.0110365
6	39	-0.0112006
31	42	-0.011211
1	64	-0.011353
3	10	-0.0113596
19	79	-0.011377
35	46	-0.0114015
11	50	-0.0114484
25	35	-0.0114682
70	76	-0.011495
9	25	-0.0115195
19	34	-0.0116528
32	46	-0.0117389
1	79	-0.0119164
21	76	-0.0119179
22	54	-0.0121181
48	53	-0.0121276
11	76	-0.0121739
46	80	-0.0123937
19	62	-0.0124142
62	78	-0.0124768
71	77	-0.0125
11	23	-0.0125089
23	39	-0.0125161
13	64	-0.0126038
46	68	-0.0127006
22	52	-0.0129147
31	37	-0.01323
23	49	-0.0132454
19	78	-0.0132624
57	61	-0.0132702
61	72	-0.0134543
47	63	-0.013658
1	69	-0.0136876
18	43	-0.013871
10	45	-0.0139019
4	55	-0.0139639
18	51	-0.0143456
16	69	-0.0143583
19	47	-0.0144447
69	72	-0.0145054
6	43	-0.014539
31	69	-0.0147066
74	78	-0.0147469
18	58	-0.0148188
11	41	-0.0149547
37	43	-0.0149971
1	34	-0.0150214
3	41	-0.0150626
7	40	-0.0152625
32	52	-0.0152682
23	42	-0.0153074
11	33	-0.0153284
24	29	-0.0153388
21	65	-0.0153797
28	72	-0.0155921
33	35	-0.0158427
60	63	-0.0160124
26	39	-0.0160647
7	79	-0.0160952
19	41	-0.0161898
5	21	-0.0162453
25	51	-0.0162891
21	26	-0.0163203
9	12	-0.0164166
65	72	-0.0165452
47	76	-0.0165817
21	70	-0.016582
13	37	-0.016587
42	50	-0.016624
27	48	-0.0166558
1	10	-0.0167313
23	69	-0.0169038
62	74	-0.0170331
73	77	-0.0170962
43	77	-0.017162
2	42	-0.0174875
42	70	-0.0176069
54	76	-0.0179561
30	49	-0.0179711
23	78	-0.0182147
35	36	-0.0186847
12	28	-0.0187426
30	36	-0.0188341
36	39	-0.018839
51	58	-0.0190107
53	68	-0.019079
32	48	-0.0192373
11	62	-0.0193046
22	69	-0.0194465
34	43	-0.0194608
13	50	-0.0195946
1	62	-0.0198217
12	31	-0.0198453
1	22	-0.0199762
46	59	-0.0200641
4	39	-0.0201085
52	65	-0.0201152
78	79	-0.0201703
48	58	-0.0201948
5	68	-0.0202988
39	78	-0.0203057
33	47	-0.020342
7	50	-0.0203699
12	64	-0.0203849
12	68	-0.0204935
4	68	-0.0205499
53	60	-0.0205532
52	68	-0.0206703
10	61	-0.0207221
6	13	-0.020834
26	70	-0.0208359
43	78	-0.0208925
5	44	-0.0209038
5	63	-0.0209208
58	62	-0.0209815
24	76	-0.0210101
11	28	-0.021033
16	25	-0.0210926
12	23	-0.0215109
63	72	-0.0216562
4	27	-0.021898
21	64	-0.0219576
27	80	-0.0219855
21	23	-0.0219916
32	33	-0.0220066
19	50	-0.0220222
4	44	-0.0223218
28	64	-0.0225352
23	64	-0.0226425
23	53	-0.0227222
43	53	-0.0227578
7	17	-0.0227743
36	77	-0.022779
26	78	-0.0228296
13	25	-0.0230678
2	61	-0.0230941
1	63	-0.0231113
32	60	-0.0232501
28	77	-0.0232982
69	76	-0.0233832
23	29	-0.0234237
28	70	-0.0234957
7	39	-0.0236208
32	69	-0.0239332
4	23	-0.0240239
4	61	-0.0241022
18	60	-0.0241275
17	58	-0.0244649
23	37	-0.0245848
26	53	-0.02466
24	64	-0.0246981
38	39	-0.0247383
36	58	-0.0247572
40	55	-0.0250107
22	49	-0.0252136
35	66	-0.0252186
14	56	-0.0252987
43	48	-0.025327
20	40	-0.0253352
47	78	-0.0255538
16	61	-0.0255855
15	58	-0.0259195
16	58	-0.0259583
53	69	-0.0262141
27	54	-0.0262571
61	71	-0.0264384
46	47	-0.0264847
12	54	-0.0265787
23	70	-0.0269654
36	53	-0.026985
24	39	-0.0270039
1	4	-0.0270179
1	49	-0.0270504
54	73	-0.0270684
11	61	-0.0272038
36	80	-0.0272176
32	74	-0.0272367
1	5	-0.0275445
58	74	-0.0275593
64	70	-0.027621
40	62	-0.0276478
26	76	-0.0276767
7	73	-0.0277912
28	29	-0.0277912
38	65	-0.0278457
56	61	-0.0278846
1	11	-0.0279036
44	64	-0.0279123
44	60	-0.0279476
28	53	-0.0279717
1	37	-0.0281503
17	23	-0.0281806
31	76	-0.0282009
13	71	-0.0282625
34	65	-0.0282883
52	73	-0.0284367
31	53	-0.0284984
11	17	-0.0286313
4	31	-0.0287115
15	24	-0.0287732
15	35	-0.0288019
28	78	-0.0288254
13	23	-0.0288752
12	26	-0.0288836
13	31	-0.0290184
1	16	-0.0290644
29	57	-0.0290995
26	37	-0.029117
40	48	-0.0291558
6	52	-0.0293184
6	57	-0.0293254
4	51	-0.0294211
68	71	-0.029461
7	41	-0.0296061
11	78	-0.0298961
31	70	-0.0299884
26	69	-0.0302123
5	49	-0.0302491
25	34	-0.0302496
12	24	-0.0302647
28	76	-0.0303996
3	61	-0.0304846
37	52	-0.0304885
44	76	-0.0306701
21	79	-0.0306738
26	80	-0.030779
16	40	-0.0307969
34	36	-0.0310084
35	68	-0.0310131
4	65	-0.0312511
22	60	-0.0313055
3	50	-0.0313076
60	64	-0.0313248
11	73	-0.0313837
27	52	-0.0314534
13	61	-0.0315175
22	58	-0.0316127
65	76	-0.0319398
24	70	-0.0319775
65	78	-0.0321039
24	53	-0.0321533
8	51	-0.0321819
4	36	-0.0322316
19	65	-0.0322638
2	36	-0.0323033
43	68	-0.0325828
22	46	-0.0326552
8	27	-0.0327972
5	22	-0.0329482
25	68	-0.0330277
16	77	-0.033111
60	76	-0.0331295
30	53	-0.0331384
19	44	-0.033192
17	28	-0.0331963
2	19	-0.0332849
29	43	-0.0334953
69	79	-0.0335521
14	54	-0.0335599
20	71	-0.0335836
28	69	-0.0335862
37	70	-0.0335987
30	66	-0.0337133
25	56	-0.0337646
31	62	-0.0337906
20	72	-0.033825
40	59	-0.0338571
61	78	-0.033986
40	80	-0.0340369
4	26	-0.0340815
33	55	-0.0341251
24	77	-0.0342924
42	58	-0.0343471
58	73	-0.0343777
25	40	-0.0344515
24	37	-0.0344574
57	62	-0.0345814
4	53	-0.0345956
68	78	-0.0346258
13	46	-0.0346372
12	59	-0.0346442
10	29	-0.0347285
44	48	-0.0351583
52	72	-0.0352625
31	78	-0.0352827
16	70	-0.0353121
59	65	-0.0354128
1	72	-0.0355611
5	28	-0.0356011
20	30	-0.0357015
48	70	-0.035912
5	36	-0.0361021
5	25	-0.0361831
55	65	-0.0362036
42	54	-0.0362345
4	24	-0.0362791
21	24	-0.0363223
58	60	-0.0363545
31	80	-0.0366341
9	48	-0.0367324
17	26	-0.0367407
55	68	-0.0367673
14	76	-0.0368271
20	38	-0.0370089
12	29	-0.0370259
24	69	-0.0371802
38	50	-0.0372851
13	52	-0.0372978
19	57	-0.0373147
25	42	-0.0374061
9	30	-0.0375698
17	76	-0.0375716
23	76	-0.0376576
58	80	-0.0377001
37	58	-0.0377847
30	79	-0.0378232
40	42	-0.0380034
31	64	-0.0380125
26	77	-0.0380351
34	76	-0.0381747
37	53	-0.0382307
7	35	-0.0383017
25	57	-0.0384666
46	71	-0.0384785
49	69	-0.0384905
22	48	-0.0385114
3	16	-0.0386127
33	70	-0.0386827
28	37	-0.0388265
14	66	-0.0388668
27	65	-0.0389215
21	48	-0.0390564
29	75	-0.0392218
66	73	-0.0392301
36	61	-0.0392484
4	58	-0.0393298
2	29	-0.0393447
16	37	-0.0393803
38	47	-0.039411
14	59	-0.0394147
38	53	-0.0396907
30	47	-0.0396973
5	24	-0.0397025
17	34	-0.0397031
25	64	-0.0398834
17	52	-0.0398923
21	31	-0.0401635
26	59	-0.0401676
12	21	-0.0402495
60	67	-0.0403414
18	73	-0.0403716
24	80	-0.0404647
19	56	-0.0405141
19	29	-0.0406872
51	78	-0.0407483
6	70	-0.0408084
40	66	-0.0409762
15	28	-0.0410332
18	64	-0.0411345
17	61	-0.0412351
17	31	-0.0412986
45	71	-0.0413024
34	46	-0.041411
70	79	-0.0414409
53	72	-0.0415375
17	73	-0.0418319
17	25	-0.041851
74	79	-0.0418743
39	65	-0.0419177
29	62	-0.0419539
1	14	-0.0419658
8	64	-0.0419877
12	38	-0.0420269
10	78	-0.0420799
6	23	-0.0420844
31	77	-0.0422755
21	67	-0.0422769
34	78	-0.0423297
17	24	-0.042336
41	43	-0.0424279
6	15	-0.0426002
14	68	-0.0426012
8	25	-0.0426606
40	71	-0.0427408
18	50	-0.0428221
33	53	-0.0428708
14	31	-0.0428876
16	47	-0.0429104
5	31	-0.0429488
44	49	-0.0430287
6	53	-0.0431118
32	58	-0.0431699
35	74	-0.043192
1	9	-0.0431972
23	50	-0.0432053
10	25	-0.0432591
33	76	-0.0433233
19	64	-0.0433308
14	27	-0.043345
24	59	-0.0435759
38	61	-0.0436939
21	28	-0.043753
27	61	-0.0437695
37	49	-0.0437763
38	55	-0.0438214
24	78	-0.0438416
21	42	-0.0439724
57	74	-0.0439844
14	57	-0.0440022
31	71	-0.0441208
11	14	-0.0441268
14	48	-0.0442188
4	43	-0.0442257
4	59	-0.0442873
6	26	-0.0443755
37	56	-0.0444503
21	39	-0.0445001
1	38	-0.0445634
22	59	-0.044605
18	32	-0.044619
47	80	-0.0446549
22	35	-0.0447645
50	78	-0.0447936
43	56	-0.0448431
25	37	-0.0448877
42	62	-0.0449768
18	66	-0.0451297
27	35	-0.0451668
51	76	-0.0452855
7	52	-0.0455564
25	66	-0.0455964
36	49	-0.045856
16	60	-0.0458717
21	58	-0.0463185
52	57	-0.0469146
28	80	-0.0472658
5	23	-0.0472697
45	52	-0.0475217
9	14	-0.0475241
35	57	-0.0475704
61	80	-0.0476908
35	54	-0.0477556
44	75	-0.0479256
49	55	-0.0480805
17	74	-0.0481179
27	68	-0.0481415
47	49	-0.0483502
35	79	-0.0484254
19	32	-0.0484523
10	12	-0.0485129
22	61	-0.0486956
19	48	-0.0487011
4	28	-0.0487833
5	26	-0.0488435
57	76	-0.0489283
13	20	-0.0490748
2	58	-0.0491449
43	61	-0.049163
3	51	-0.0493052
46	75	-0.0493163
42	63	-0.049323
41	64	-0.0494247
3	71	-0.0495118
64	76	-0.0495895
52	79	-0.0497036
23	48	-0.0497172
31	79	-0.0497824
35	62	-0.0498538
48	65	-0.0498727
23	62	-0.0500948
27	56	-0.0501857
27	58	-0.0502418
58	63	-0.050291
10	73	-0.0504765
10	39	-0.0505297
21	80	-0.0506503
30	32	-0.0506932
52	56	-0.0507781
14	28	-0.050847
58	66	-0.0509
3	28	-0.0510743
2	24	-0.0512007
8	45	-0.0514642
49	67	-0.0515036
12	49	-0.0517067
59	80	-0.0518979
15	64	-0.0519857
20	74	-0.0522909
27	36	-0.0523348
53	71	-0.0523381
14	24	-0.0523568
21	55	-0.0524285
29	56	-0.0524434
13	43	-0.0526846
37	45	-0.0527666
23	71	-0.052788
24	66	-0.0528315
5	72	-0.0529758
39	76	-0.0529771
4	32	-0.0530815
28	59	-0.0530825
51	61	-0.0531017
64	80	-0.0533031
32	65	-0.0535227
17	60	-0.0535704
20	44	-0.0538288
33	57	-0.0538932
8	52	-0.0539987
9	15	-0.0540204
23	80	-0.0540274
13	73	-0.0543736
52	75	-0.0544342
22	78	-0.0544483
5	37	-0.0546908
2	28	-0.0548024
37	67	-0.0548453
40	58	-0.0549175
11	21	-0.054968
31	74	-0.0551776
4	35	-0.0552221
39	51	-0.0552523
2	17	-0.0553702
62	77	-0.0555669
6	58	-0.0555783
22	41	-0.0555814
28	62	-0.0556418
31	66	-0.0556594
34	49	-0.0557642
14	23	-0.0559853
6	21	-0.056009
8	77	-0.0560364
14	32	-0.0560424
5	79	-0.0560799
26	33	-0.0561276
6	28	-0.0561294
51	53	-0.0561775
4	54	-0.0561795
45	48	-0.0562083
50	64	-0.0562526
31	73	-0.0563872
5	32	-0.0564037
34	66	-0.0564283
31	59	-0.0565226
16	68	-0.056592
43	52	-0.0566013
6	24	-0.0567489
2	55	-0.0567553
2	23	-0.0568194
23	77	-0.0568306
19	61	-0.0570474
26	62	-0.0570935
12	27	-0.0571037
9	80	-0.0572676
5	9	-0.05772
2	56	-0.0578754
15	69	-0.057904
59	78	-0.0579336
12	18	-0.0579856
13	21	-0.0580607
56	60	-0.0580625
51	52	-0.0582916
3	56	-0.0584914
70	72	-0.0585648
21	38	-0.0586559
45	50	-0.0586589
14	26	-0.0586676
14	37	-0.0590285
28	66	-0.0590656
29	58	-0.0590789
48	56	-0.0591751
11	66	-0.0591855
23	45	-0.0591888
9	29	-0.059238
57	68	-0.0592471
18	42	-0.0594349
27	64	-0.0595037
63	68	-0.0595749
4	60	-0.0595999
9	21	-0.0596227
29	70	-0.0596464
17	46	-0.0597053
9	46	-0.0599464
22	33	-0.0599497
37	41	-0.059984
39	43	-0.0600173
35	75	-0.0602162
36	38	-0.0602768
11	25	-0.0603591
5	43	-0.0603949
2	74	-0.0604612
45	65	-0.0604684
25	75	-0.0604899
7	46	-0.0605191
41	69	-0.0605507
33	68	-0.0605938
12	63	-0.0606692
2	66	-0.0607721
26	66	-0.0608598
42	65	-0.0610113
6	31	-0.061378
26	45	-0.0614246
23	33	-0.0615459
21	66	-0.0615998
18	21	-0.0619013
47	60	-0.0620117
3	19	-0.0620205
48	69	-0.0622388
23	44	-0.0622495
29	44	-0.062276
37	40	-0.0624309
4	62	-0.0625244
25	36	-0.0625298
38	76	-0.0625857
19	37	-0.0626063
32	61	-0.0626545
1	35	-0.0626705
28	48	-0.0627708
28	33	-0.0628415
27	66	-0.0629799
3	64	-0.0630101
32	59	-0.0630758
6	44	-0.0631504
52	63	-0.0632114
27	74	-0.0633257
20	78	-0.0634278
42	55	-0.0634792
16	54	-0.0634877
37	78	-0.0634961
52	62	-0.0635034
31	50	-0.0636148
15	26	-0.0636353
22	42	-0.0636475
28	79	-0.0637959
16	46	-0.0639242
28	73	-0.0639822
12	34	-0.0639951
30	64	-0.0643378
15	25	-0.0643466
24	60	-0.0643856
10	62	-0.0644558
23	59	-0.0645294
15	44	-0.0645456
21	25	-0.064762
35	52	-0.0648299
6	64	-0.0650826
5	52	-0.0652886
14	33	-0.065327
58	78	-0.0653537
35	78	-0.0654406
66	77	-0.0655263
66	80	-0.0657257
14	25	-0.0657996
29	73	-0.0658598
52	77	-0.0659167
42	60	-0.0660235
28	45	-0.0662851
49	56	-0.0664151
19	22	-0.0664275
4	52	-0.0665102
60	65	-0.0666821
10	14	-0.0666834
6	73	-0.0669153
23	74	-0.0669653
7	53	-0.0669934
15	72	-0.0670379
37	54	-0.0672921
46	70	-0.0673442
14	53	-0.067376
33	38	-0.0674169
32	41	-0.0674863
22	71	-0.0674883
26	73	-0.0676221
3	42	-0.0676663
24	79	-0.0676784
41	79	-0.067683
20	32	-0.0677154
20	49	-0.0677382
32	38	-0.0678172
6	66	-0.0680422
24	43	-0.0681337
46	76	-0.0681436
12	37	-0.068238
9	37	-0.0683992
3	40	-0.068657
5	27	-0.0687073
66	69	-0.0687441
31	33	-0.0688429
20	22	-0.0689662
2	31	-0.0689674
13	17	-0.0689829
4	69	-0.0692078
55	80	-0.0692208
23	66	-0.0692494
35	50	-0.069271
48	60	-0.0693386
19	54	-0.0695832
5	33	-0.069674
24	45	-0.0698487
33	54	-0.0699552
13	51	-0.0700987
27	53	-0.0701042
37	38	-0.070144
26	43	-0.0702134
18	54	-0.0706829
15	79	-0.070868
39	63	-0.0708912
23	43	-0.0710051
14	64	-0.0711093
6	25	-0.0712178
9	71	-0.0712709
34	64	-0.0714264
49	53	-0.0715037
22	65	-0.071801
33	50	-0.0719099
38	67	-0.071969
26	74	-0.0720811
3	7	-0.0721594
39	56	-0.0723841
3	31	-0.0724108
24	44	-0.0724673
7	13	-0.072517
29	65	-0.0725852
31	47	-0.0726055
62	69	-0.0726668
24	33	-0.0726971
42	59	-0.0727295
21	41	-0.0728291
53	78	-0.0728857
42	78	-0.0729587
9	20	-0.0730132
30	48	-0.0732305
46	52	-0.0733323
18	22	-0.0733625
20	76	-0.0733753
40	68	-0.0736289
39	66	-0.0736966
1	8	-0.0740327
3	23	-0.0741
55	59	-0.0741599
15	23	-0.0741768
1	76	-0.0742055
58	72	-0.0742198
5	18	-0.07422
9	59	-0.0742428
9	64	-0.0743
26	50	-0.0744603
30	65	-0.0745778
1	12	-0.074628
55	78	-0.0747941
16	45	-0.0748268
24	74	-0.0751056
9	65	-0.0751441
9	47	-0.0752037
7	25	-0.075276
19	52	-0.0754264
15	31	-0.0754881
35	63	-0.075534
29	66	-0.0755431
26	71	-0.0755662
49	57	-0.0755748
67	75	-0.0758313
47	67	-0.0760518
24	73	-0.0761145
24	62	-0.0762317
48	49	-0.0763053
18	75	-0.0764192
43	70	-0.0764779
9	13	-0.0765864
24	50	-0.0766269
1	31	-0.0768813
30	56	-0.0768824
59	73	-0.0768953
32	42	-0.0769574
36	65	-0.0770755
62	68	-0.0773478
14	63	-0.0774605
51	57	-0.0775927
30	54	-0.0777642
29	35	-0.0777947
7	61	-0.0778727
2	26	-0.0778882
32	71	-0.0779566
28	44	-0.0781044
4	46	-0.0781456
28	50	-0.078165
41	76	-0.0781677
24	47	-0.0781749
21	74	-0.0784421
5	56	-0.0784824
40	50	-0.0785216
7	72	-0.0785621
28	71	-0.0786715
15	68	-0.0789615
28	43	-0.0791707
45	77	-0.0794397
21	50	-0.0795064
20	42	-0.0795129
12	48	-0.0795449
12	57	-0.0796356
32	35	-0.0796935
56	75	-0.0797851
8	43	-0.0798022
25	69	-0.0799737
2	43	-0.0802026
1	25	-0.0803781
35	48	-0.0803898
63	76	-0.0804354
39	54	-0.0804961
29	54	-0.0806295
6	14	-0.0807322
61	73	-0.0808008
4	42	-0.0808191
48	54	-0.0809824
25	76	-0.0809911
13	79	-0.0809948
22	68	-0.0810872
26	44	-0.0810971
9	67	-0.0811849
8	18	-0.0812962
10	69	-0.0814758
10	65	-0.0815254
60	78	-0.0816961
42	80	-0.0817367
12	43	-0.0817552
7	29	-0.0819083
24	71	-0.0819573
25	33	-0.0819802
11	48	-0.0819809
24	48	-0.0822022
4	70	-0.0828246
31	44	-0.0828393
13	19	-0.0828878
23	73	-0.0828933
50	72	-0.0829874
53	75	-0.0832403
1	59	-0.0832624
28	74	-0.0835103
18	47	-0.0835777
10	27	-0.0836817
54	72	-0.0837214
48	64	-0.0838582
52	78	-0.0839478
11	54	-0.0839954
29	67	-0.084019
20	68	-0.0840223
47	70	-0.0840926
45	57	-0.0841777
63	79	-0.084205
26	79	-0.0842219
3	26	-0.0843481
35	53	-0.0843667
11	69	-0.0843896
19	45	-0.0844171
32	78	-0.0846627
1	24	-0.084958
68	70	-0.0849609
27	71	-0.0850022
65	70	-0.0850409
15	37	-0.0851375
3	24	-0.085176
37	68	-0.0852328
11	39	-0.0852989
1	78	-0.0855533
46	60	-0.0857891
26	47	-0.0859097
39	68	-0.086097
31	45	-0.0863556
20	29	-0.086466
45	64	-0.0866424
1	28	-0.0866818
9	34	-0.0867517
22	38	-0.0871031
47	62	-0.0873262
25	73	-0.0875435
36	69	-0.087678
8	34	-0.0876838
23	79	-0.0877112
29	52	-0.0878803
30	38	-0.087908
16	32	-0.0879147
12	45	-0.087962
49	61	-0.0879886
13	59	-0.0880999
42	68	-0.0882036
38	57	-0.0885603
12	69	-0.0887106
61	75	-0.0888226
21	61	-0.0888544
7	63	-0.0888765
21	22	-0.0889485
21	32	-0.0890503
23	63	-0.0891161
23	60	-0.0891236
42	64	-0.0892463
11	58	-0.089396
54	63	-0.0895945
40	73	-0.0897701
11	49	-0.0898596
28	63	-0.0898805
3	49	-0.0900875
4	20	-0.0901996
47	73	-0.0902959
67	79	-0.0903367
1	26	-0.0905224
64	72	-0.0907468
28	47	-0.0908417
42	43	-0.0908626
26	48	-0.0909051
65	75	-0.0909207
4	22	-0.0909434
42	53	-0.0909518
43	79	-0.0910117
15	80	-0.0910737
13	54	-0.0911516
23	47	-0.091164
54	69	-0.091223
48	80	-0.0912335
53	70	-0.0914165
34	74	-0.0915851
57	69	-0.0916088
26	63	-0.091678
11	71	-0.0917652
6	27	-0.0918444
25	78	-0.0918447
1	3	-0.0920448
37	63	-0.0922482
32	68	-0.0922518
42	67	-0.0923269
8	58	-0.0924258
49	51	-0.0926022
4	12	-0.0926092
3	35	-0.0927157
22	30	-0.0927342
22	51	-0.0928244
35	56	-0.0928792
6	18	-0.0929266
2	70	-0.0929995
25	44	-0.0930754
39	46	-0.0930802
1	23	-0.0931094
59	67	-0.0931381
45	54	-0.0932127
60	69	-0.0932157
10	54	-0.0932855
31	63	-0.0934696
36	64	-0.0935404
11	65	-0.0935735
36	43	-0.0937152
9	18	-0.0938514
13	62	-0.0940619
16	22	-0.0941726
25	29	-0.0942668
53	79	-0.0944977
21	75	-0.0948215
3	66	-0.094917
10	21	-0.0949884
64	73	-0.0950186
43	75	-0.0951388
11	12	-0.0954341
42	66	-0.0954856
11	13	-0.0954995
26	46	-0.0957636
29	40	-0.0960426
40	64	-0.0960563
30	52	-0.0962381
24	63	-0.0963973
13	75	-0.0964137
47	53	-0.09658
64	77	-0.0967582
31	43	-0.096822
4	25	-0.0968652
69	78	-0.0968879
28	46	-0.0971543
41	72	-0.0971924
34	41	-0.0972656
67	76	-0.0972686
56	80	-0.0972885
3	62	-0.0973145
54	71	-0.0974807
1	71	-0.097615
38	70	-0.0976668
41	74	-0.0976851
9	76	-0.0977553
54	62	-0.0978668
49	72	-0.0978874
8	56	-0.0979884
38	51	-0.0980508
6	69	-0.0980904
11	67	-0.0981587
5	61	-0.098277
56	77	-0.0983204
56	78	-0.0983746
27	55	-0.0984009
42	56	-0.0984178
30	40	-0.0985738
45	53	-0.0985901
32	51	-0.0989641
20	66	-0.0990831
52	66	-0.0994912
31	48	-0.0994923
56	73	-0.0995308
42	77	-0.0996952
36	67	-0.0999047
54	78	-0.100112
20	73	-0.100168
44	52	-0.100342
42	51	-0.100434
22	55	-0.100554
10	58	-0.100621
35	41	-0.100713
50	76	-0.100914
10	60	-0.100958
49	60	-0.100983
2	53	-0.101241
29	39	-0.101257
11	79	-0.101348
2	13	-0.101364
24	40	-0.101572
5	55	-0.101607
34	57	-0.101634
6	22	-0.101685
20	65	-0.101754
8	62	-0.101933
10	66	-0.101997
45	61	-0.102035
1	60	-0.102357
55	76	-0.102405
6	74	-0.102711
6	67	-0.102868
16	44	-0.102911
62	76	-0.103057
1	33	-0.103241
30	78	-0.103244
50	68	-0.103303
27	67	-0.103476
37	59	-0.103477
5	47	-0.103714
42	57	-0.104097
9	52	-0.104143
40	43	-0.10423
11	53	-0.104433
28	41	-0.104543
2	37	-0.104629
43	80	-0.104668
32	55	-0.104671
15	42	-0.10486
16	27	-0.104962
6	17	-0.105182
33	75	-0.105214
7	20	-0.105358
26	60	-0.105443
28	60	-0.105603
40	77	-0.105721
11	64	-0.105852
14	58	-0.105968
10	48	-0.106213
44	69	-0.106269
44	56	-0.106272
56	72	-0.106393
26	41	-0.106493
34	42	-0.106512
36	42	-0.106527
11	40	-0.106629
12	79	-0.10666
35	70	-0.106689
2	4	-0.107784
2	51	-0.107822
63	77	-0.107917
39	58	-0.10809
32	34	-0.108183
21	68	-0.108184
16	42	-0.108186
38	46	-0.108242
1	66	-0.108245
22	57	-0.108401
74	80	-0.108544
23	46	-0.108557
34	40	-0.108582
16	38	-0.108706
12	66	-0.108756
27	57	-0.108776
31	46	-0.108798
27	51	-0.108872
40	51	-0.108921
50	54	-0.108952
56	76	-0.109231
12	16	-0.109246
6	41	-0.109252
38	66	-0.109256
21	47	-0.109324
11	46	-0.109339
19	66	-0.109412
19	42	-0.109568
10	20	-0.109589
54	75	-0.10961
37	76	-0.109646
24	46	-0.109826
69	73	-0.109844
9	58	-0.11003
2	39	-0.110253
23	41	-0.110382
7	14	-0.110493
7	58	-0.110772
48	63	-0.110841
7	33	-0.111
31	60	-0.111194
7	65	-0.111303
32	64	-0.111496
48	79	-0.1115
10	35	-0.111579
57	77	-0.11164
38	80	-0.111725
48	76	-0.111879
38	58	-0.111941
5	51	-0.112103
45	66	-0.112147
46	67	-0.112256
19	55	-0.112461
30	61	-0.112482
19	76	-0.112711
5	14	-0.112778
35	49	-0.112864
36	40	-0.112956
4	15	-0.113007
17	29	-0.11316
9	54	-0.113188
53	77	-0.113474
10	64	-0.113709
3	80	-0.113929
1	53	-0.114127
7	56	-0.114187
28	40	-0.114529
24	41	-0.114556
22	64	-0.114574
34	45	-0.114578
10	36	-0.114734
44	74	-0.114849
12	44	-0.114919
15	43	-0.115083
22	56	-0.11512
57	59	-0.115207
57	78	-0.115378
32	63	-0.115398
3	48	-0.115477
49	66	-0.115616
70	80	-0.115815
30	58	-0.115916
1	50	-0.1161
44	67	-0.116283
13	69	-0.116349
7	55	-0.116839
69	75	-0.116964
11	36	-0.116977
40	63	-0.116978
39	52	-0.117028
11	37	-0.117126
8	30	-0.117159
22	63	-0.11719
51	55	-0.117239
1	61	-0.11724
56	70	-0.117509
17	80	-0.117549
11	20	-0.11766
17	77	-0.117758
52	74	-0.117863
7	68	-0.117974
10	17	-0.118059
4	47	-0.118261
3	58	-0.118336
5	74	-0.118433
41	59	-0.118437
44	57	-0.118506
15	70	-0.118572
48	74	-0.118602
23	40	-0.118794
31	40	-0.118888
14	78	-0.118912
8	20	-0.118951
14	61	-0.119154
47	64	-0.119228
37	64	-0.119533
38	52	-0.119587
41	52	-0.119655
19	53	-0.119656
12	53	-0.119678
33	48	-0.119681
25	71	-0.119907
6	55	-0.11997
19	38	-0.119998
47	51	-0.120022
36	55	-0.120131
34	68	-0.120325
49	58	-0.120412
16	34	-0.120562
4	34	-0.120633
21	46	-0.120948
68	75	-0.121083
35	69	-0.121127
16	51	-0.121381
37	66	-0.121532
2	25	-0.121567
14	22	-0.121588
18	27	-0.121814
47	54	-0.121868
50	52	-0.122013
9	74	-0.122073
51	67	-0.122947
32	56	-0.122962
30	68	-0.122963
7	21	-0.123036
31	41	-0.123132
34	39	-0.123221
7	67	-0.123507
11	38	-0.123633
10	79	-0.123667
1	48	-0.123937
50	66	-0.124484
7	54	-0.124699
19	67	-0.124809
16	80	-0.124966
26	40	-0.12498
52	60	-0.125288
63	70	-0.125347
36	71	-0.125598
40	65	-0.125694
25	74	-0.125773
3	67	-0.125855
61	77	-0.125859
12	80	-0.125908
46	72	-0.12596
7	18	-0.126144
37	80	-0.126197
15	18	-0.126234
6	61	-0.126513
62	70	-0.126596
6	33	-0.126911
6	68	-0.126989
13	36	-0.127054
6	56	-0.127094
4	56	-0.127319
8	13	-0.127514
64	75	-0.127543
38	69	-0.127591
18	48	-0.127651
7	43	-0.1277
37	61	-0.12807
48	68	-0.128182
4	16	-0.128231
22	67	-0.128433
16	36	-0.128595
4	50	-0.128732
22	34	-0.128814
3	75	-0.128828
4	57	-0.128969
47	52	-0.129099
33	61	-0.129255
3	53	-0.129387
22	66	-0.129481
17	27	-0.129606
32	57	-0.129701
16	49	-0.129712
35	65	-0.129796
47	66	-0.129987
34	71	-0.130326
6	47	-0.130328
2	38	-0.130361
49	80	-0.130456
35	42	-0.130667
13	18	-0.130732
8	21	-0.130859
47	65	-0.130871
39	53	-0.131246
39	74	-0.131293
54	70	-0.131433
16	78	-0.131655
19	73	-0.131658
15	78	-0.131864
16	41	-0.131976
58	75	-0.131992
32	36	-0.132162
48	61	-0.132167
44	80	-0.132203
62	67	-0.132492
14	20	-0.132682
5	8	-0.132688
33	71	-0.132728
46	78	-0.133368
30	33	-0.133406
2	8	-0.13386
6	12	-0.134347
17	75	-0.134351
44	78	-0.134607
22	36	-0.135282
61	76	-0.135335
9	66	-0.135426
32	67	-0.135608
13	35	-0.135855
15	60	-0.135969
10	67	-0.136301
43	65	-0.13637
45	51	-0.136499
29	34	-0.136604
12	33	-0.136957
20	75	-0.13698
66	76	-0.137006
9	56	-0.137021
66	78	-0.137069
16	39	-0.137182
47	68	-0.137354
33	39	-0.137781
13	58	-0.13779
40	78	-0.137983
50	75	-0.138046
12	78	-0.138194
8	76	-0.138476
48	77	-0.138506
32	53	-0.13875
59	60	-0.139451
6	32	-0.139601
20	63	-0.139842
39	57	-0.139853
21	54	-0.140007
9	49	-0.140357
7	16	-0.14061
14	18	-0.140891
17	20	-0.140897
30	62	-0.14118
21	30	-0.141207
57	75	-0.141577
49	52	-0.141664
37	46	-0.141793
10	34	-0.142014
12	40	-0.142073
35	55	-0.142206
44	61	-0.142254
34	37	-0.142451
3	45	-0.142719
17	39	-0.143047
60	75	-0.143198
35	72	-0.143226
5	65	-0.143396
25	80	-0.143599
58	70	-0.143721
60	72	-0.14376
47	50	-0.143988
47	58	-0.144023
49	70	-0.144236
4	41	-0.144291
2	20	-0.144324
43	57	-0.144352
9	36	-0.144408
13	33	-0.144492
48	52	-0.144757
2	5	-0.145155
21	77	-0.145246
67	72	-0.145332
2	14	-0.145425
10	53	-0.145448
55	62	-0.145576
17	47	-0.146066
10	19	-0.146171
10	56	-0.146237
40	60	-0.146498
53	74	-0.14673
29	49	-0.146961
34	47	-0.147229
12	56	-0.1475
2	16	-0.147693
49	62	-0.1477
10	32	-0.147883
17	19	-0.147936
34	38	-0.148017
25	45	-0.148089
7	66	-0.148269
41	71	-0.148471
22	53	-0.148478
5	57	-0.148607
14	55	-0.148642
51	64	-0.14903
10	33	-0.149201
8	32	-0.149282
39	80	-0.149343
55	60	-0.150082
6	36	-0.150249
10	22	-0.150389
4	66	-0.150923
11	55	-0.151931
8	55	-0.152104
3	65	-0.152658
40	56	-0.152744
37	72	-0.152815
10	38	-0.152884
62	75	-0.152975
7	69	-0.153006
39	61	-0.153099
6	72	-0.15312
2	78	-0.153205
74	77	-0.153266
65	71	-0.153456
19	69	-0.153578
4	74	-0.153677
21	71	-0.153709
11	56	-0.153847
65	80	-0.154101
5	17	-0.154136
74	76	-0.154285
53	80	-0.154766
41	50	-0.154802
43	49	-0.154863
29	61	-0.154916
32	66	-0.155239
46	62	-0.1553
14	67	-0.155862
4	30	-0.155938
9	60	-0.156185
35	80	-0.156538
27	59	-0.15657
4	37	-0.156852
36	75	-0.157201
17	48	-0.157292
16	76	-0.157323
19	49	-0.157324
30	74	-0.157361
18	80	-0.157364
33	62	-0.157402
7	64	-0.157543
48	78	-0.15779
1	39	-0.157928
2	65	-0.157993
61	74	-0.158294
10	55	-0.158455
75	79	-0.158775
12	65	-0.158924
41	78	-0.15901
13	53	-0.159483
39	62	-0.159489
39	60	-0.159906
11	59	-0.159956
20	36	-0.160171
35	45	-0.160478
2	50	-0.160579
8	36	-0.16086
8	59	-0.161071
13	30	-0.161174
6	9	-0.161203
37	47	-0.161542
9	51	-0.16156
5	66	-0.161901
25	46	-0.161913
29	80	-0.161921
30	34	-0.16201
15	38	-0.162056
35	71	-0.162099
4	45	-0.162198
12	62	-0.162412
21	57	-0.162802
47	55	-0.163
57	60	-0.163468
39	70	-0.163615
27	75	-0.163708
64	74	-0.164285
38	56	-0.164293
55	69	-0.164438
9	55	-0.164515
36	57	-0.164623
29	55	-0.165327
8	22	-0.165604
33	51	-0.165967
10	51	-0.166183
44	77	-0.166184
66	75	-0.166345
2	34	-0.166484
9	35	-0.166806
35	67	-0.167013
59	74	-0.167135
8	65	-0.167796
11	57	-0.168078
3	29	-0.168358
20	41	-0.168765
40	61	-0.169013
12	20	-0.169135
35	47	-0.169327
15	49	-0.169601
43	59	-0.169856
7	74	-0.1704
18	62	-0.170739
11	19	-0.170789
63	75	-0.170828
6	79	-0.170862
9	16	-0.17096
22	77	-0.170964
44	53	-0.171089
47	59	-0.171145
19	75	-0.171255
33	65	-0.171789
8	16	-0.171934
18	44	-0.17217
65	77	-0.17231
39	49	-0.172559
11	35	-0.172803
32	77	-0.173709
16	30	-0.173722
55	72	-0.175092
63	78	-0.1752
30	57	-0.175313
11	16	-0.175534
51	75	-0.175546
30	67	-0.175698
70	78	-0.175741
73	75	-0.176283
5	34	-0.176555
69	77	-0.176582
8	12	-0.176803
37	77	-0.176858
8	66	-0.177079
1	77	-0.177128
36	76	-0.177176
50	53	-0.177581
5	40	-0.177765
56	79	-0.177802
36	62	-0.178201
39	67	-0.178328
10	30	-0.178689
39	64	-0.179018
13	78	-0.179195
5	80	-0.179383
44	54	-0.179447
59	62	-0.179859
37	65	-0.180293
8	15	-0.180378
39	77	-0.180718
2	64	-0.18074
30	70	-0.180829
46	48	-0.180983
33	74	-0.181011
4	14	-0.181197
39	55	-0.18145
45	78	-0.181794
30	63	-0.181833
16	75	-0.182144
11	30	-0.182195
51	77	-0.182258
17	22	-0.182262
9	53	-0.182484
44	59	-0.182557
11	34	-0.182564
65	69	-0.183406
11	51	-0.183717
14	40	-0.183761
20	50	-0.184137
67	69	-0.184564
9	57	-0.184688
18	40	-0.18481
12	61	-0.184946
7	60	-0.184948
7	19	-0.185133
8	33	-0.185324
41	73	-0.185366
68	77	-0.18586
7	27	-0.185936
57	80	-0.18615
3	33	-0.186676
6	45	-0.186822
2	18	-0.186993
3	27	-0.187032
2	35	-0.187069
59	76	-0.187286
2	59	-0.18763
14	75	-0.187787
47	61	-0.187966
1	56	-0.187976
45	55	-0.188244
34	62	-0.189382
9	19	-0.189454
44	55	-0.189543
2	44	-0.189578
10	59	-0.189713
36	47	-0.189746
5	67	-0.189841
50	80	-0.189916
55	79	-0.190017
71	79	-0.190035
47	56	-0.190197
30	55	-0.190726
6	59	-0.190961
17	72	-0.191167
3	39	-0.191207
20	37	-0.191935
45	68	-0.192029
66	79	-0.192034
10	16	-0.192056
15	51	-0.192451
2	57	-0.193374
48	62	-0.193904
56	69	-0.19422
20	80	-0.195449
8	17	-0.19571
6	34	-0.196208
49	78	-0.196334
59	77	-0.196405
3	12	-0.196436
41	70	-0.196661
55	71	-0.197041
27	77	-0.197046
41	47	-0.197408
38	44	-0.197513
25	41	-0.197561
7	57	-0.197635
2	67	-0.19815
10	57	-0.198973
20	46	-0.199003
8	67	-0.19903
15	48	-0.199083
13	41	-0.200375
18	74	-0.200444
67	80	-0.200924
60	73	-0.201086
41	49	-0.201309
21	51	-0.201366
38	79	-0.20241
44	68	-0.20273
68	73	-0.203449
2	49	-0.204083
44	70	-0.204474
21	59	-0.20562
17	32	-0.20565
3	46	-0.205796
11	18	-0.207299
35	76	-0.207361
21	63	-0.207482
18	41	-0.208668
72	79	-0.208795
46	63	-0.209415
2	27	-0.210683
33	77	-0.211588
14	19	-0.211733
36	45	-0.211738
41	55	-0.211741
45	67	-0.211865
50	56	-0.211998
20	47	-0.212073
7	51	-0.212409
45	59	-0.212631
10	49	-0.213346
18	72	-0.213776
34	75	-0.214266
66	72	-0.214769
6	16	-0.216461
2	63	-0.216585
13	22	-0.217467
44	73	-0.217882
46	69	-0.21852
17	49	-0.218637
60	66	-0.219692
5	73	-0.221516
3	11	-0.221575
12	75	-0.222146
4	40	-0.222192
13	32	-0.22404
4	48	-0.224727
17	50	-0.225029
1	57	-0.225167
3	47	-0.225263
13	15	-0.226186
8	14	-0.22633
10	18	-0.228434
41	67	-0.230678
38	60	-0.231321
37	75	-0.231397
33	72	-0.231977
30	77	-0.232456
63	80	-0.232502
18	39	-0.232521
5	53	-0.23342
15	40	-0.23362
41	80	-0.233904
43	63	-0.234744
9	38	-0.235048
6	19	-0.235218
18	70	-0.236032
6	20	-0.236392
62	79	-0.236527
76	79	-0.238129
2	48	-0.239164
67	71	-0.239756
29	37	-0.240454
14	65	-0.241277
7	62	-0.241984
14	79	-0.241985
29	69	-0.243861
17	69	-0.245357
75	80	-0.245455
2	41	-0.245984
34	50	-0.246451
15	27	-0.246694
4	13	-0.247452
21	72	-0.248325
33	79	-0.24919
8	74	-0.249212
39	71	-0.249226
1	27	-0.249587
3	69	-0.250688
15	20	-0.251435
17	38	-0.252845
1	65	-0.253642
43	71	-0.2538
40	46	-0.254214
37	71	-0.255463
12	50	-0.255476
73	76	-0.255545
15	50	-0.255851
33	59	-0.257259
27	79	-0.258301
5	20	-0.258819
7	34	-0.258874
5	38	-0.259993
45	63	-0.261317
50	77	-0.263353
18	37	-0.264353
4	49	-0.264393
33	63	-0.264454
45	76	-0.268331
46	79	-0.270922
15	47	-0.272154
3	6	-0.272585
46	50	-0.275683
6	35	-0.276336
41	62	-0.278203
7	37	-0.279994
46	73	-0.282303
18	71	-0.285439
17	30	-0.287256
2	15	-0.287352
38	72	-0.287353
48	59	-0.288759
3	30	-0.289596
21	62	-0.292748
29	50	-0.293911
14	46	-0.296126
4	38	-0.298823
59	71	-0.299666
20	39	-0.300034
6	62	-0.30141
72	77	-0.304872
7	80	-0.305137
13	44	-0.311132
3	72	-0.311478
38	78	-0.327059
13	77	-0.333871
14	50	-0.334238
39	59	-0.335431
47	79	-0.344007
50	59	-0.346272
37	73	-0.377011
40	79	-0.392934
3	14	-0.419397
29	72	-0.43093