#==========================================================================
# The first and second rows contain site pairs (i, j) such that j > i
# The third row contains coevolutionary scores obtained 
# using Boltzmann learning algorithm.
# Note that in this data sites are counted/labelled starting from 1
#==========================================================================
19	29	2.70562
45	50	2.22952
44	51	2.17496
18	30	1.98945
20	28	1.89492
42	53	1.73987
17	31	1.73395
43	52	1.51418
21	27	1.48504
13	37	1.45347
6	84	1.37136
60	74	1.21339
58	76	1.15021
5	85	1.11928
16	32	1.03447
14	36	1.02298
15	34	0.96925
46	47	0.881996
68	70	0.848396
22	26	0.842512
57	77	0.837854
57	58	0.76619
4	86	0.740315
56	78	0.684594
41	54	0.677481
22	23	0.671179
69	70	0.667821
12	80	0.664793
62	63	0.638069
47	48	0.619196
21	28	0.543498
25	62	0.534653
58	78	0.531093
26	68	0.52997
20	27	0.521157
5	6	0.520578
44	45	0.512677
9	46	0.507663
61	66	0.504823
68	69	0.50442
61	74	0.499958
12	39	0.492838
59	75	0.490888
76	77	0.490172
9	34	0.487919
23	67	0.485555
3	28	0.483047
58	77	0.48051
62	64	0.476169
65	69	0.470433
84	85	0.457015
25	64	0.453847
20	29	0.453543
24	47	0.453213
65	67	0.449118
56	64	0.4488
62	66	0.44757
46	67	0.446545
5	84	0.443007
19	72	0.442936
58	75	0.432224
15	65	0.430317
46	48	0.427455
23	25	0.423031
36	87	0.418372
75	76	0.417828
1	4	0.41147
6	85	0.41076
22	69	0.41069
29	70	0.404378
24	46	0.399859
62	71	0.399743
71	72	0.398753
61	73	0.398708
48	49	0.398169
22	61	0.396352
17	49	0.395412
47	63	0.394468
3	61	0.39128
9	42	0.387266
1	2	0.387238
16	52	0.386323
3	5	0.385124
38	49	0.384585
6	60	0.383213
57	76	0.382988
56	81	0.379599
39	80	0.376567
72	74	0.37562
16	17	0.372754
34	64	0.369211
62	73	0.369162
8	11	0.368229
9	63	0.364887
50	51	0.359213
20	21	0.358794
42	48	0.358397
31	46	0.356348
22	47	0.351504
15	20	0.349391
10	42	0.34749
16	34	0.345111
23	48	0.343603
64	65	0.343069
16	27	0.342538
27	66	0.342528
26	61	0.341474
38	60	0.338272
63	65	0.338154
23	65	0.335419
22	67	0.335184
68	78	0.334784
17	34	0.334634
64	69	0.331659
66	68	0.325384
33	36	0.324257
15	17	0.324073
4	32	0.32385
56	60	0.321552
19	26	0.321051
43	66	0.320525
28	30	0.319696
79	83	0.31899
13	63	0.318751
24	25	0.318207
49	63	0.318203
32	61	0.318116
13	16	0.316922
9	53	0.315004
26	71	0.314476
19	70	0.312048
22	35	0.311801
1	7	0.311584
15	35	0.310855
19	20	0.310584
4	9	0.308793
26	67	0.307898
37	63	0.307513
28	32	0.306618
46	70	0.306019
65	78	0.305195
26	28	0.302114
19	34	0.302004
10	38	0.300992
24	87	0.300956
57	78	0.300896
9	19	0.300518
48	68	0.296993
35	73	0.295738
7	11	0.29048
7	85	0.287843
35	69	0.287451
41	42	0.286908
9	18	0.284193
80	81	0.283676
33	84	0.283432
20	68	0.283171
48	86	0.281877
7	15	0.280757
12	35	0.280036
62	72	0.279871
46	49	0.279853
19	64	0.279646
55	83	0.279407
7	38	0.2793
78	80	0.278106
54	64	0.277485
61	62	0.271606
35	87	0.270992
52	80	0.269202
23	46	0.268506
44	50	0.268398
9	39	0.268383
16	42	0.268129
48	53	0.266734
10	11	0.263695
36	45	0.263214
23	26	0.262699
2	65	0.262244
7	83	0.261406
11	12	0.260638
31	35	0.259856
20	32	0.259675
59	77	0.259657
37	40	0.258027
44	63	0.256622
25	29	0.255757
2	34	0.255536
51	85	0.255372
26	30	0.254348
27	71	0.25338
40	41	0.253236
18	47	0.252566
9	30	0.252467
29	76	0.250511
38	45	0.250283
15	66	0.250221
47	51	0.250173
51	63	0.248014
61	76	0.247815
41	74	0.247601
21	33	0.247536
59	76	0.246622
81	83	0.244616
1	6	0.244461
48	69	0.243421
38	50	0.243384
22	63	0.24198
37	77	0.24196
7	33	0.241797
63	67	0.241795
31	60	0.241247
1	43	0.241176
24	43	0.241014
31	58	0.240653
80	82	0.24062
14	33	0.240432
57	71	0.240131
56	68	0.238513
77	85	0.238145
10	24	0.237901
58	59	0.237827
52	63	0.23716
34	43	0.23656
13	14	0.23643
38	72	0.236386
65	68	0.235669
72	86	0.234359
15	43	0.234342
25	72	0.233802
9	35	0.233734
71	82	0.233656
60	65	0.233192
53	87	0.231735
13	40	0.231623
4	16	0.230455
28	33	0.229863
75	87	0.229489
15	44	0.229478
4	18	0.228365
7	82	0.227955
4	5	0.227835
4	30	0.227834
4	64	0.227557
31	34	0.227358
22	38	0.226931
8	12	0.226567
43	47	0.226491
29	72	0.225915
23	38	0.225302
2	24	0.225231
12	21	0.224594
82	83	0.223593
79	81	0.22334
74	84	0.222764
33	64	0.222739
32	53	0.222094
1	35	0.220902
4	74	0.22089
16	28	0.220102
7	10	0.21967
14	16	0.219273
4	84	0.218853
70	72	0.218459
55	84	0.218112
35	84	0.217971
38	74	0.217737
1	28	0.216747
29	66	0.216436
77	82	0.216022
33	63	0.215679
42	71	0.21443
14	82	0.214303
23	69	0.214063
19	28	0.214017
16	72	0.21397
18	61	0.213879
7	8	0.213267
48	56	0.212626
32	49	0.212359
41	53	0.212332
4	41	0.211743
22	77	0.211612
66	67	0.21154
28	78	0.211206
32	78	0.210086
24	38	0.210072
45	51	0.209911
32	58	0.209703
65	70	0.209103
3	27	0.209102
35	75	0.208661
1	56	0.20756
41	67	0.207416
19	27	0.207229
26	69	0.206421
49	73	0.206376
20	87	0.206052
53	57	0.205881
34	60	0.205667
24	27	0.205205
16	53	0.205147
27	35	0.205031
55	57	0.204555
23	41	0.204302
10	39	0.203269
73	81	0.202379
8	10	0.201397
29	64	0.201214
61	68	0.201137
21	26	0.200687
52	74	0.200207
59	82	0.199224
55	59	0.199138
29	34	0.198813
71	73	0.198712
2	15	0.198085
26	72	0.197929
1	87	0.197365
17	71	0.197173
2	30	0.196464
6	71	0.196396
4	35	0.19627
18	49	0.19586
29	63	0.195736
3	50	0.195333
33	72	0.195171
73	80	0.1951
74	80	0.194666
38	57	0.194613
26	56	0.194449
47	50	0.194323
17	66	0.193909
46	72	0.193379
53	54	0.193374
41	66	0.192906
23	51	0.19287
31	49	0.192469
20	22	0.192381
6	86	0.191758
27	67	0.191621
20	25	0.191559
49	65	0.191395
2	67	0.191299
10	56	0.19105
15	78	0.19099
31	72	0.190733
57	75	0.190508
18	19	0.19026
63	64	0.190018
56	73	0.190016
42	54	0.189967
27	37	0.189871
30	70	0.189867
9	36	0.189777
61	87	0.188149
31	44	0.187718
45	87	0.187628
22	43	0.187335
25	27	0.187095
59	81	0.186929
52	78	0.186789
47	68	0.186641
46	69	0.186502
76	82	0.186475
54	55	0.18577
24	49	0.185749
38	83	0.185071
7	71	0.184946
23	47	0.184917
1	85	0.184755
36	85	0.184599
63	87	0.18405
42	69	0.184038
5	45	0.183995
54	79	0.183879
20	85	0.183516
57	85	0.183501
24	63	0.183463
42	45	0.183423
21	68	0.183307
33	34	0.183125
84	86	0.183029
49	68	0.183008
7	46	0.182462
61	65	0.18213
46	68	0.182053
30	60	0.1818
5	57	0.181738
27	48	0.181395
2	57	0.179336
52	67	0.178934
44	69	0.178811
57	83	0.17865
55	76	0.178407
4	87	0.178058
23	50	0.177811
33	35	0.177762
8	86	0.177701
17	30	0.177362
19	67	0.177305
68	71	0.176971
75	81	0.176314
39	81	0.176268
57	59	0.176086
18	85	0.175284
8	39	0.174937
48	62	0.174034
75	82	0.173918
50	65	0.173559
35	64	0.173266
61	71	0.173237
73	74	0.173057
52	59	0.172856
55	81	0.172696
79	82	0.172607
11	39	0.172482
18	21	0.172264
14	38	0.172073
16	86	0.171871
3	73	0.171595
18	24	0.171207
43	86	0.170916
66	69	0.17035
37	79	0.170349
9	15	0.169857
23	49	0.169216
61	67	0.168924
60	67	0.16853
52	55	0.167807
24	68	0.167721
20	70	0.167503
44	77	0.167386
13	76	0.166656
4	27	0.166461
80	83	0.166121
52	84	0.165389
12	66	0.165212
23	72	0.1649
30	78	0.1647
48	67	0.164238
52	64	0.16405
54	74	0.163947
20	64	0.16298
69	87	0.162678
40	54	0.162528
63	73	0.162352
56	57	0.161711
32	33	0.161607
38	79	0.161591
79	80	0.161559
21	34	0.161154
32	63	0.160789
9	60	0.160679
5	86	0.16021
42	55	0.159757
55	58	0.159736
23	27	0.158917
18	63	0.158518
18	48	0.158505
62	69	0.158226
21	52	0.157664
9	38	0.15758
35	44	0.157166
21	62	0.157163
64	87	0.156988
40	82	0.156658
64	86	0.156568
50	57	0.156355
44	68	0.156316
2	56	0.156179
61	80	0.155722
24	62	0.155552
13	61	0.154032
8	85	0.153835
28	47	0.153696
27	54	0.153667
44	59	0.153641
51	82	0.153506
55	82	0.153024
53	81	0.15289
58	81	0.152476
18	86	0.152249
14	43	0.152237
20	23	0.152201
27	34	0.152198
75	77	0.152041
49	78	0.151388
2	23	0.151245
10	47	0.150752
12	58	0.150104
19	33	0.149988
46	61	0.149986
56	83	0.149702
13	77	0.149657
15	19	0.149552
68	72	0.148658
28	31	0.148506
17	22	0.1482
46	73	0.14815
10	81	0.147776
12	52	0.147023
47	69	0.146997
15	32	0.146737
83	84	0.146116
20	84	0.145812
2	85	0.145487
10	40	0.145005
9	45	0.144898
7	24	0.144777
71	87	0.144755
42	58	0.144732
38	63	0.144722
66	71	0.144701
50	62	0.144588
25	84	0.144472
54	56	0.144376
2	80	0.143952
21	54	0.1436
45	73	0.142915
56	79	0.142819
60	84	0.14193
37	72	0.141704
11	40	0.141593
42	57	0.1408
28	64	0.140757
14	37	0.140392
54	83	0.140006
12	74	0.139169
62	87	0.139132
25	46	0.139103
21	42	0.139046
63	68	0.138555
2	11	0.138515
38	62	0.138501
20	35	0.138458
33	51	0.138004
28	48	0.137828
12	44	0.137814
33	49	0.137812
19	66	0.137729
66	72	0.137685
35	77	0.137612
27	64	0.137559
64	72	0.137408
36	50	0.137228
3	48	0.137136
64	70	0.137007
8	9	0.136969
53	58	0.136376
30	63	0.136353
64	67	0.136129
55	56	0.136103
54	67	0.135982
59	79	0.1356
1	8	0.135458
1	5	0.135329
9	47	0.135278
1	78	0.135268
9	31	0.135222
22	72	0.135167
56	66	0.135164
30	35	0.135146
3	17	0.135007
40	86	0.134746
10	53	0.134127
4	12	0.134043
14	86	0.133898
41	64	0.133543
76	81	0.133451
2	47	0.133174
1	69	0.132752
49	77	0.132337
37	59	0.132153
54	59	0.131806
71	76	0.131567
16	31	0.13124
21	61	0.13107
34	50	0.130674
50	73	0.129903
2	4	0.129684
56	65	0.129279
25	26	0.129185
58	66	0.129104
13	27	0.128983
1	26	0.128928
6	8	0.128823
13	79	0.128318
42	87	0.128073
74	79	0.128054
51	57	0.127977
32	67	0.127969
41	56	0.127653
34	45	0.126361
77	81	0.12612
21	29	0.126058
1	52	0.125796
15	27	0.125592
3	44	0.125526
10	83	0.125441
2	86	0.125328
59	83	0.12527
8	38	0.124793
5	7	0.124307
23	70	0.124048
17	32	0.123932
9	48	0.123906
33	81	0.123814
45	71	0.123661
12	32	0.123508
75	79	0.123312
36	40	0.123293
40	80	0.122814
57	82	0.122707
16	37	0.122687
23	66	0.122611
45	53	0.122357
62	65	0.12188
35	53	0.121643
16	85	0.121381
15	25	0.121088
41	55	0.120669
72	78	0.120541
6	17	0.119934
81	82	0.119872
44	80	0.119759
3	6	0.11906
55	75	0.118834
45	63	0.118669
78	79	0.118595
10	78	0.118381
14	87	0.118189
56	59	0.117949
30	61	0.11718
22	57	0.117037
32	64	0.11659
2	32	0.116509
12	73	0.116354
27	32	0.115994
55	80	0.115887
64	68	0.11586
60	79	0.115827
37	74	0.115407
17	77	0.115272
3	14	0.114246
43	84	0.114082
51	61	0.113633
71	84	0.112669
39	52	0.112557
48	71	0.112282
39	59	0.112261
5	10	0.111625
1	62	0.111278
48	54	0.111243
47	60	0.111084
28	72	0.110842
5	51	0.110307
35	65	0.110202
69	74	0.109938
16	71	0.10937
14	85	0.109216
43	74	0.109166
13	33	0.109104
44	75	0.10902
16	83	0.108573
3	11	0.108336
67	72	0.108298
4	28	0.108066
12	78	0.107701
22	49	0.107227
35	37	0.107197
30	84	0.10677
1	72	0.106473
89	92	0.106156
1	21	0.106092
26	64	0.105647
38	40	0.105466
19	31	0.105343
49	55	0.105182
13	59	0.105161
3	47	0.105149
14	44	0.105093
46	71	0.104883
2	13	0.104821
6	31	0.1048
61	84	0.104607
6	21	0.104413
47	66	0.1043
16	79	0.104156
39	40	0.103949
41	79	0.103829
9	14	0.103343
22	29	0.103321
55	77	0.103212
13	72	0.1031
30	85	0.103047
2	5	0.102991
16	46	0.10283
78	81	0.102789
18	84	0.102764
27	50	0.102642
45	86	0.10251
16	61	0.102118
74	77	0.101955
15	24	0.101844
53	59	0.101334
22	50	0.100812
13	82	0.100739
31	51	0.10053
1	54	0.100465
70	71	0.100325
13	34	0.099633
55	79	0.099369
24	65	0.0991611
47	74	0.0991206
3	66	0.098872
66	73	0.0985684
29	35	0.0981651
6	58	0.0979961
2	31	0.0979039
74	86	0.0978727
39	75	0.0977659
24	58	0.0975071
54	81	0.0971154
8	40	0.0971145
41	85	0.0969823
16	82	0.0968973
2	6	0.0968957
30	52	0.0966205
34	58	0.096494
46	60	0.0964607
30	75	0.096057
5	9	0.0954945
58	82	0.0953726
21	71	0.0950582
16	56	0.0947711
86	87	0.0946066
37	76	0.0943909
32	60	0.0943873
44	62	0.0943687
63	80	0.0943686
29	86	0.0942982
24	72	0.0942817
63	70	0.0942036
39	67	0.0940564
14	79	0.0939589
7	45	0.0936075
24	44	0.0935924
14	49	0.0932626
31	36	0.0932563
73	87	0.093129
37	41	0.0930778
2	12	0.0930337
36	38	0.0929026
28	29	0.092651
2	37	0.0920947
9	86	0.0920941
88	90	0.0918524
89	90	0.0914886
39	56	0.0912329
82	86	0.0910743
25	74	0.091055
28	50	0.0908696
21	70	0.0908092
15	31	0.0907459
28	56	0.0907115
21	22	0.090599
24	29	0.0905183
6	33	0.090473
62	74	0.0903274
10	43	0.0900795
17	19	0.0898596
54	66	0.0896173
39	66	0.0894969
24	32	0.0894886
1	3	0.089013
38	70	0.0889105
88	89	0.0888564
64	75	0.0888492
29	33	0.0887919
42	67	0.0886856
15	33	0.0886444
28	68	0.0884036
75	83	0.0883812
2	48	0.0882856
12	54	0.088091
15	38	0.0880163
89	91	0.0879645
38	47	0.0878211
5	15	0.0876382
62	85	0.0876325
18	75	0.0873195
38	42	0.0873046
14	66	0.0870869
88	91	0.0870804
10	48	0.0869633
78	83	0.0868284
26	78	0.0867873
13	41	0.0867389
15	59	0.086645
6	46	0.08663
12	49	0.086593
6	7	0.0864573
65	87	0.0864192
2	28	0.0861907
31	57	0.0861631
5	46	0.0861289
9	32	0.0859659
31	61	0.085789
15	58	0.0852516
77	87	0.0851616
50	52	0.0850174
35	79	0.0849831
1	25	0.0849521
24	35	0.0848398
31	85	0.0843888
27	42	0.0843397
10	18	0.0842614
46	64	0.0842125
12	51	0.0840815
12	41	0.0839096
33	37	0.0838994
65	76	0.0838097
45	62	0.0837806
37	73	0.0837633
18	45	0.0834031
29	67	0.0831862
37	87	0.0826875
5	18	0.0826836
47	58	0.0824744
90	91	0.0821952
5	47	0.0820659
90	92	0.0818509
45	47	0.0818186
35	58	0.0807234
2	18	0.0806781
34	62	0.0805407
34	70	0.0804861
32	77	0.0804769
1	53	0.0803442
34	36	0.0803441
22	65	0.0800284
2	51	0.0798961
15	49	0.0797401
15	52	0.0796087
19	69	0.0796023
59	60	0.0795995
4	49	0.0793921
37	58	0.0793197
4	31	0.079301
40	56	0.0790691
37	43	0.0790678
7	72	0.0787904
21	36	0.078697
7	27	0.0785667
55	87	0.0784793
5	72	0.0781871
42	81	0.0780807
28	67	0.0780786
11	86	0.0780183
61	63	0.0775184
51	80	0.0773358
47	61	0.0772202
44	65	0.0769891
3	62	0.0767603
31	77	0.0766698
49	50	0.0766316
30	32	0.0765317
17	57	0.076262
21	58	0.0760735
9	16	0.0759644
42	56	0.0759456
7	84	0.0758081
54	85	0.0757889
61	69	0.075657
67	69	0.0756212
67	71	0.07551
1	19	0.075466
1	41	0.0753857
18	26	0.075302
14	45	0.0750908
37	61	0.0749529
30	31	0.0744602
49	76	0.0743449
15	83	0.0743378
10	60	0.0743047
36	37	0.0739101
10	85	0.0735899
30	66	0.0733803
56	88	0.0733355
40	64	0.0732528
21	25	0.073088
38	55	0.0730485
22	64	0.0730283
11	65	0.0728585
30	59	0.0728189
39	61	0.0727619
34	53	0.0726683
39	44	0.072662
17	35	0.0725813
24	86	0.0724887
6	16	0.0724085
52	60	0.0722925
56	77	0.0722903
52	73	0.0722086
61	72	0.0717317
4	8	0.0714589
46	87	0.0710548
9	41	0.0709119
28	36	0.0708127
25	61	0.0707476
61	64	0.0703841
9	25	0.070308
14	71	0.0701794
60	62	0.0701731
51	66	0.0701281
35	54	0.0700938
77	86	0.0698936
56	92	0.0697919
3	32	0.0697657
54	82	0.0691841
39	53	0.0688068
4	25	0.0687546
30	86	0.0687449
12	55	0.0686266
88	92	0.068622
25	42	0.0683917
6	55	0.06835
6	74	0.0680284
18	59	0.0680019
75	78	0.0679896
20	30	0.0679209
41	78	0.0679093
31	50	0.0678858
21	35	0.0678586
13	74	0.0678059
49	87	0.0677998
48	87	0.0677529
51	68	0.0676942
60	66	0.0676579
23	79	0.0672967
44	84	0.0672293
51	56	0.0668492
31	32	0.066802
3	87	0.0667792
34	87	0.0667065
19	43	0.0666406
40	87	0.0664704
7	50	0.0663022
57	62	0.0661921
1	45	0.0661699
14	40	0.0660107
40	79	0.0659982
53	56	0.0659603
56	80	0.0659575
19	68	0.065882
10	41	0.0657784
31	47	0.0657643
62	76	0.065639
3	21	0.0654941
44	58	0.0653917
17	47	0.0652862
13	36	0.065262
58	67	0.0651369
62	78	0.0651247
48	50	0.0650009
11	83	0.0649769
30	33	0.0649735
24	64	0.0649187
12	57	0.0648763
11	41	0.0648344
34	67	0.0646127
7	25	0.0644515
2	72	0.0644258
81	84	0.0642183
10	79	0.0641672
2	88	0.0638507
27	69	0.0636503
41	83	0.0633979
3	43	0.0633713
9	85	0.0633072
46	50	0.0632215
33	43	0.0627755
11	79	0.0624928
23	45	0.0624198
20	71	0.0623056
24	26	0.062098
7	79	0.0618171
32	55	0.0617955
70	79	0.0613663
1	86	0.0613421
33	69	0.0613079
9	17	0.0612393
53	75	0.0612282
13	73	0.0610865
26	70	0.0610044
50	77	0.0609076
5	43	0.0606774
4	68	0.060586
13	84	0.0605159
33	76	0.0603014
9	11	0.0598703
4	85	0.059614
29	53	0.0594152
27	53	0.0592925
40	83	0.0592882
49	60	0.0591855
6	75	0.0590321
17	45	0.0589063
24	67	0.0589054
4	45	0.0588471
29	69	0.0587836
7	44	0.0587147
78	82	0.0586199
20	76	0.0585526
19	71	0.0582272
33	45	0.0581865
52	82	0.0581495
16	18	0.0580626
37	48	0.0580361
66	85	0.0579762
25	33	0.0579149
14	17	0.0578832
26	51	0.0578645
48	74	0.057857
18	81	0.0578284
56	75	0.0577839
30	34	0.0577648
16	66	0.0576056
34	69	0.057539
3	38	0.0575384
17	48	0.0574997
11	54	0.05724
13	71	0.057205
7	60	0.0568945
56	90	0.0567698
22	76	0.0566434
51	72	0.0566159
4	7	0.0565672
59	87	0.056483
34	49	0.0563395
48	73	0.0563171
2	89	0.0563122
43	70	0.0562744
12	86	0.0562702
57	69	0.0558167
3	31	0.0556044
3	18	0.0553373
3	63	0.0552381
10	63	0.0551211
2	44	0.0550924
30	82	0.0550916
6	9	0.054992
11	38	0.0549833
21	45	0.054925
1	36	0.0548816
1	88	0.0545728
71	77	0.0544599
4	24	0.0543858
31	62	0.0542656
18	70	0.0541254
5	50	0.0539794
25	38	0.0538181
77	79	0.0538181
67	73	0.0535462
47	78	0.0534319
44	61	0.0533683
19	42	0.0533425
3	25	0.0530606
44	49	0.0526702
34	86	0.0526614
39	42	0.0526491
13	38	0.0526213
12	22	0.0526003
36	46	0.0525992
76	80	0.0525236
3	35	0.0523921
57	81	0.052137
10	12	0.0520209
25	48	0.0520192
23	40	0.0519587
26	27	0.0518978
40	85	0.0518404
37	57	0.0517392
36	52	0.0516874
52	72	0.0516275
72	84	0.0515906
62	67	0.0513828
22	25	0.0513079
31	43	0.0512574
52	81	0.0511976
13	48	0.0511932
5	17	0.0505495
72	76	0.0505182
77	83	0.0505137
2	3	0.0505112
3	40	0.0504954
91	92	0.0504656
1	18	0.0503712
14	30	0.0502987
58	65	0.0502637
34	73	0.0499942
26	50	0.0498811
61	85	0.0497533
17	42	0.0496979
5	56	0.0490637
5	67	0.0489883
58	80	0.0482033
25	43	0.048181
14	20	0.0480058
26	66	0.0479044
49	70	0.047807
50	84	0.0474935
46	51	0.0474457
13	43	0.0474452
40	53	0.0474119
29	87	0.0473825
63	72	0.047329
4	33	0.0470886
71	86	0.0470027
33	82	0.0468902
6	10	0.046797
16	80	0.0467871
20	36	0.0467364
43	91	0.0465322
29	68	0.0463077
42	52	0.0459382
4	51	0.045736
52	54	0.0456126
36	49	0.0455665
3	49	0.045425
48	57	0.0450424
15	55	0.0450286
25	80	0.0450129
31	53	0.0449615
6	83	0.0447871
65	75	0.0445966
8	18	0.044462
1	23	0.044354
42	73	0.0442779
45	59	0.0442407
8	41	0.0441814
31	71	0.0441664
23	24	0.0439456
25	86	0.0438866
42	86	0.0436566
60	82	0.0435943
7	39	0.0435771
18	67	0.0434621
2	90	0.0434516
3	36	0.043357
41	59	0.04328
54	75	0.0431167
73	76	0.0430577
8	79	0.0430413
25	70	0.0429295
36	48	0.0427727
1	89	0.0427099
50	76	0.0427013
32	43	0.0422815
17	72	0.0421645
47	62	0.0421511
34	46	0.0421398
75	84	0.0420207
68	84	0.0419522
44	78	0.0418348
58	70	0.0416981
21	39	0.0416715
14	34	0.0416469
35	43	0.0415941
35	52	0.0415238
11	36	0.0414292
32	76	0.0413986
47	65	0.0412219
11	37	0.0411593
41	46	0.041143
17	25	0.0411124
8	65	0.0411036
39	51	0.0410656
36	82	0.0410596
23	28	0.0410591
7	68	0.0409504
4	75	0.0407909
51	54	0.0407861
56	58	0.0406059
26	46	0.0403475
39	47	0.0403194
14	19	0.0402917
22	34	0.0399921
41	71	0.0396754
56	91	0.0396746
9	70	0.0396687
31	73	0.0396491
40	59	0.0396271
39	48	0.039513
41	81	0.0392728
33	46	0.0392562
2	91	0.0390846
46	91	0.0390352
45	65	0.039003
3	70	0.0385203
3	8	0.0385133
34	37	0.0384261
11	51	0.038378
18	73	0.0383303
25	69	0.0382575
66	78	0.0382154
10	36	0.0381872
1	76	0.0381567
81	85	0.0381195
8	49	0.0379686
45	48	0.037777
35	66	0.0377123
37	82	0.0376071
15	88	0.0374199
18	55	0.0371923
8	35	0.0370817
6	28	0.0368661
2	50	0.0368489
24	54	0.0367044
24	70	0.0366057
29	78	0.0365661
58	87	0.0364806
60	76	0.0364344
19	84	0.0362834
4	40	0.0362265
10	52	0.0361343
7	43	0.036091
51	70	0.0360506
37	49	0.035935
20	65	0.0358584
25	34	0.0358289
1	22	0.0358028
29	50	0.0357555
34	35	0.035705
71	83	0.0355118
37	80	0.0355083
71	79	0.035467
20	33	0.0352278
16	40	0.0349477
53	73	0.0348271
53	64	0.0347933
56	89	0.0347198
30	51	0.0346588
1	70	0.0346469
67	70	0.034589
54	71	0.0341056
11	13	0.0341024
4	54	0.0340248
3	22	0.0339885
33	61	0.0339816
5	20	0.0338204
24	92	0.0336581
2	40	0.03363
23	62	0.0336039
14	29	0.0334667
4	15	0.0332337
45	46	0.0331979
30	49	0.0331059
24	76	0.0331023
60	72	0.03306
3	26	0.0325257
13	58	0.0323869
38	59	0.0322196
68	75	0.0321299
26	75	0.031925
36	78	0.0318099
11	72	0.0317838
6	30	0.0315899
15	30	0.0314687
36	80	0.0312718
12	48	0.0309087
59	78	0.0308903
39	79	0.0308786
27	38	0.0308618
13	87	0.0306586
45	54	0.0305738
38	61	0.0303763
6	65	0.0301538
32	80	0.0300822
79	91	0.0299747
22	41	0.0297903
81	91	0.0297518
62	89	0.0296696
7	73	0.0296435
1	42	0.0296224
32	51	0.029538
14	31	0.0294757
11	52	0.0294216
41	52	0.029397
48	64	0.0293562
60	81	0.0293554
44	47	0.0292289
16	70	0.0291858
60	73	0.0291268
26	90	0.0291045
10	23	0.0289052
32	37	0.0288182
55	60	0.0287959
19	21	0.0287398
55	78	0.0286559
2	8	0.0284133
6	14	0.0283999
22	74	0.028368
8	83	0.0281653
4	6	0.0281387
3	68	0.028038
2	87	0.0279912
21	64	0.0277864
10	31	0.02775
39	83	0.0277456
11	89	0.0277442
25	89	0.0277229
33	74	0.0277097
78	92	0.0275223
21	66	0.0274409
13	80	0.0273331
20	48	0.027168
31	33	0.0271427
73	75	0.0270284
53	80	0.0270218
3	16	0.027015
2	20	0.0269977
35	78	0.026983
79	92	0.0269768
38	77	0.0269096
43	90	0.026875
74	81	0.0264922
8	24	0.0263788
40	42	0.0263731
66	70	0.0263525
23	55	0.0262984
37	54	0.0262779
26	32	0.0262284
53	79	0.0262074
70	76	0.0260085
3	45	0.025884
27	73	0.0257672
37	51	0.0256253
26	92	0.0255985
8	30	0.0254336
1	46	0.0253582
37	91	0.0253318
1	92	0.0252613
15	89	0.0251906
11	90	0.0251723
7	67	0.0251123
5	66	0.0250447
58	73	0.0250301
25	39	0.0250058
17	55	0.0249246
11	67	0.0248816
23	90	0.0248244
3	33	0.0247683
35	80	0.0247546
26	87	0.0246903
1	90	0.0240428
23	88	0.0239453
11	63	0.0238891
57	61	0.023631
2	92	0.0235878
9	88	0.0232795
8	36	0.0231772
21	50	0.0231349
32	40	0.0230866
79	89	0.0227775
11	88	0.022605
11	47	0.022388
74	82	0.0222253
59	73	0.0219183
34	92	0.0219111
17	52	0.0218143
83	89	0.0217113
3	84	0.0216911
70	83	0.0216776
8	91	0.0215934
39	74	0.0215642
1	12	0.0215556
28	43	0.0215255
7	12	0.0214382
81	92	0.0212448
8	89	0.0211786
46	89	0.0210688
1	11	0.0210573
28	38	0.0210135
4	60	0.0209993
23	64	0.0209796
43	80	0.0209428
19	73	0.0209205
29	42	0.0208202
31	37	0.0207925
84	87	0.0207813
20	49	0.0207678
7	23	0.0206999
70	88	0.020666
40	75	0.0205137
8	88	0.0205049
36	43	0.0202993
59	89	0.0201989
11	91	0.0200986
4	59	0.0200635
7	14	0.0199859
15	46	0.0198582
33	56	0.0197219
40	92	0.0196818
4	17	0.019648
5	68	0.0195998
15	76	0.0195942
11	92	0.0195552
21	76	0.0194051
10	33	0.0193986
40	91	0.0193117
68	80	0.0192741
17	81	0.0191052
16	89	0.019068
24	90	0.0190521
26	88	0.0188749
8	66	0.0188004
5	12	0.0187762
10	25	0.0187305
14	62	0.018548
1	66	0.018477
79	88	0.0184711
8	54	0.0184642
7	87	0.0184578
1	44	0.0184363
59	92	0.0184087
3	74	0.0183912
74	78	0.0183848
55	74	0.0182673
25	82	0.0182125
59	63	0.0181818
8	92	0.0181039
39	89	0.0180087
70	89	0.0180061
76	86	0.0179806
40	62	0.0179713
4	11	0.0178463
26	73	0.0178258
26	65	0.0177905
35	92	0.0176248
31	56	0.0175618
34	91	0.0175449
10	82	0.0173123
74	83	0.0172988
7	51	0.0172852
8	90	0.0172635
23	91	0.0171349
7	62	0.0170738
27	41	0.01704
4	70	0.0169928
81	90	0.0169463
20	67	0.0169197
36	51	0.0167534
52	83	0.0167359
52	75	0.0167267
68	74	0.0166432
18	83	0.0166183
11	59	0.0165658
39	88	0.0164834
74	75	0.0164549
51	73	0.0164459
25	47	0.0164046
16	21	0.0163982
27	49	0.0162308
59	91	0.0162119
41	60	0.015933
13	45	0.0158952
30	44	0.0158447
34	90	0.0157959
40	88	0.0156875
16	38	0.0156784
11	75	0.0155208
40	78	0.015456
15	90	0.0153941
17	85	0.0153367
12	70	0.0152617
12	67	0.0151363
49	57	0.0151114
22	24	0.0151037
4	58	0.0150537
12	47	0.0149872
4	69	0.0149028
81	89	0.0148356
21	65	0.0146843
70	92	0.0146444
10	28	0.014574
82	92	0.0145497
60	83	0.0145493
31	81	0.0144893
20	40	0.014393
33	83	0.0142547
25	65	0.0142273
9	10	0.0141853
46	62	0.0140933
49	75	0.0140859
17	62	0.0140501
54	78	0.01387
25	53	0.013848
65	72	0.0138327
12	18	0.0136045
57	86	0.013522
52	57	0.0134304
70	90	0.0134106
40	90	0.0133578
2	43	0.013331
83	91	0.013266
7	74	0.0131754
74	76	0.0131693
83	88	0.0131554
52	91	0.0131552
9	12	0.0130531
69	71	0.0128879
60	75	0.0127985
7	28	0.0127887
24	48	0.0127772
59	90	0.0127433
18	51	0.0127356
19	38	0.0124458
34	89	0.0123983
5	28	0.012257
51	90	0.012128
75	89	0.0121044
24	55	0.0120563
64	66	0.0120106
56	69	0.012002
67	87	0.0119657
59	88	0.0119643
23	33	0.0119277
68	90	0.0118833
55	86	0.0118269
13	32	0.011798
12	43	0.0117977
15	26	0.011794
27	77	0.0116922
81	88	0.0116395
1	91	0.0116194
35	39	0.0116152
82	91	0.0115834
79	90	0.0114591
66	88	0.0113603
12	63	0.0113294
28	82	0.0112919
25	88	0.0112172
48	92	0.0111781
44	81	0.0111396
35	62	0.0110324
24	34	0.0110144
20	55	0.0109814
83	92	0.0109794
40	89	0.0108457
75	91	0.0107775
17	37	0.0106557
50	61	0.0104684
33	80	0.010424
72	73	0.0104134
50	88	0.0103736
82	89	0.0103312
19	88	0.0103106
3	75	0.0103047
49	52	0.0102712
47	70	0.0102599
60	78	0.0102027
19	23	0.0101792
59	80	0.0101601
11	85	0.010086
12	37	0.00999494
40	46	0.00981735
36	42	0.00967535
78	91	0.00960649
23	92	0.00946941
82	88	0.00941277
30	87	0.00940761
22	71	0.0093958
54	77	0.00938016
29	58	0.00916032
39	92	0.00915766
87	91	0.00915112
35	91	0.0091296
80	90	0.00911622
10	15	0.00909386
5	78	0.00907983
5	79	0.00907277
17	79	0.00906236
63	75	0.00893597
21	80	0.00882538
47	52	0.00877609
72	81	0.008728
14	28	0.00869768
37	90	0.00865307
78	85	0.00864677
10	92	0.00860848
31	55	0.00853767
69	91	0.00841942
8	37	0.00836151
83	90	0.00832133
50	92	0.00821534
17	33	0.00815031
36	66	0.00785448
36	89	0.00781854
41	75	0.00775253
39	43	0.0077221
42	89	0.00770941
24	56	0.00769205
39	70	0.00744602
13	90	0.00743806
43	68	0.00733128
3	34	0.00728626
41	91	0.00724613
25	75	0.00723758
55	73	0.00715193
8	46	0.00709841
23	75	0.00708675
39	77	0.00707985
41	43	0.00703729
41	89	0.00703387
30	79	0.00698662
53	91	0.00688239
7	81	0.0066497
12	42	0.00661644
9	71	0.00654468
23	74	0.00650398
15	92	0.00640642
19	60	0.00640346
82	90	0.00638636
27	51	0.00636158
12	90	0.00622387
50	68	0.00608348
68	89	0.0060805
12	85	0.00601353
40	43	0.00599361
3	60	0.00592694
53	67	0.00588449
22	89	0.0058411
34	88	0.00580796
35	81	0.00577074
23	89	0.00569383
37	85	0.00569016
26	89	0.00563228
75	92	0.00548728
8	87	0.00547919
24	40	0.00546549
69	92	0.00542242
55	66	0.00535667
18	52	0.00526757
59	74	0.00524944
76	78	0.00524325
41	69	0.00516723
28	89	0.00515869
42	59	0.00510126
54	92	0.00509653
1	48	0.0050456
8	13	0.00502883
43	75	0.00502397
27	76	0.00498203
16	91	0.00494416
41	92	0.004915
13	31	0.00481916
17	20	0.00470601
54	91	0.00467281
67	92	0.00450226
10	88	0.00446229
3	85	0.00444569
25	49	0.00438527
29	59	0.0042842
37	38	0.00423334
82	85	0.00422067
7	55	0.00413022
54	62	0.00409734
29	73	0.00400715
72	83	0.00390761
39	91	0.00386702
6	13	0.00385728
6	79	0.00381404
48	91	0.00379283
11	78	0.00371826
52	53	0.00363139
43	92	0.00361634
57	79	0.00360344
17	65	0.00351307
22	70	0.0035006
21	30	0.00347746
9	50	0.00347458
54	89	0.00341911
41	90	0.00340663
57	74	0.00337914
19	56	0.00323985
65	90	0.00304047
53	90	0.00294127
16	76	0.00276544
48	65	0.00271161
17	78	0.00269919
30	40	0.00264069
46	90	0.00263672
41	47	0.00247336
42	88	0.00246967
49	71	0.00246158
36	86	0.00244275
7	92	0.00241961
6	35	0.00241956
21	77	0.00239221
12	91	0.00238513
53	89	0.00231505
68	92	0.0023049
10	90	0.00224603
73	85	0.00216383
43	64	0.00211963
35	83	0.00204613
56	61	0.00204554
55	91	0.00203737
18	65	0.00196846
25	28	0.00194672
7	29	0.00182674
26	91	0.00177917
22	92	0.00171584
9	84	0.00169311
70	91	0.00168088
10	66	0.00165157
14	21	0.00163473
19	45	0.00160232
14	27	0.00158851
7	65	0.00154308
41	88	0.00153991
29	89	0.00152727
14	80	0.00149919
10	91	0.00149716
10	89	0.00149238
73	90	0.00140744
11	55	0.00128645
22	88	0.00126563
55	88	0.00122515
75	88	0.00122409
17	36	0.00109881
29	52	0.000886028
30	88	0.000868079
8	75	0.000859198
43	85	0.000726725
23	54	0.000603301
16	87	0.000603232
8	63	0.000599999
61	90	0.000535804
69	89	0.000506996
43	88	0.000497129
10	55	0.000458061
15	91	0.000435361
68	73	0.000293366
26	31	0.000277718
46	54	0.000267048
65	89	0.000263329
36	92	0.000259572
52	85	0.000211671
29	47	0.000157213
5	77	0.000112557
22	46	4.16905e-05
67	91	2.91696e-05
7	90	-6.16403e-05
24	51	-0.000138235
27	47	-0.000163254
39	90	-0.000173627
54	88	-0.00029055
8	59	-0.000421405
20	91	-0.000606605
11	81	-0.000685074
19	54	-0.000744786
51	71	-0.000763683
11	42	-0.0007747
11	87	-0.000781166
7	58	-0.000813672
13	44	-0.000836003
78	90	-0.000859044
8	29	-0.000928326
18	79	-0.00097709
8	78	-0.00098851
25	90	-0.0010129
17	70	-0.00101301
24	52	-0.00101407
47	86	-0.00103143
16	69	-0.00108063
20	86	-0.00114138
49	84	-0.00116552
3	91	-0.0011724
12	13	-0.00118773
2	79	-0.00120359
19	50	-0.00130564
32	57	-0.00131931
67	89	-0.00133145
58	62	-0.00133153
75	90	-0.00150942
37	88	-0.00158839
35	55	-0.00161667
24	91	-0.00171045
53	88	-0.00178842
49	67	-0.00192313
28	91	-0.00205934
37	84	-0.00207767
57	92	-0.002096
41	44	-0.00211591
9	33	-0.00211882
8	61	-0.00213394
5	40	-0.00216076
38	39	-0.00220739
48	55	-0.00228934
28	88	-0.00228987
58	89	-0.00236592
46	88	-0.00237886
43	87	-0.0024382
7	47	-0.00252883
9	82	-0.0026005
43	89	-0.00260272
24	80	-0.00271623
6	29	-0.00275751
63	77	-0.00275973
11	14	-0.00285334
36	39	-0.0028745
33	89	-0.00294312
28	86	-0.00301569
21	75	-0.00318392
44	91	-0.00319328
24	88	-0.00319892
4	43	-0.00320339
52	89	-0.00320348
35	67	-0.00320996
55	68	-0.00324553
7	89	-0.0033244
45	83	-0.00334336
55	89	-0.0034221
2	74	-0.00345397
17	90	-0.00349738
15	29	-0.00358145
42	66	-0.00358289
26	49	-0.00365429
61	83	-0.00365919
53	65	-0.00366786
71	74	-0.00369863
39	63	-0.0037151
3	59	-0.00372052
61	79	-0.00373221
54	90	-0.00380062
21	92	-0.00381171
44	85	-0.00382182
41	86	-0.00385058
6	81	-0.00387656
18	43	-0.00392352
56	72	-0.00396322
55	92	-0.00399397
19	92	-0.00401993
57	88	-0.00404211
15	75	-0.00416928
42	90	-0.00419306
66	89	-0.00419467
4	66	-0.00420186
78	89	-0.00424918
33	60	-0.00425145
44	70	-0.00432189
36	91	-0.00432588
14	90	-0.00436998
14	91	-0.00437203
44	87	-0.00441963
35	60	-0.00453337
14	88	-0.00459565
14	51	-0.0046441
30	55	-0.00476584
43	77	-0.00476911
14	89	-0.0048418
80	92	-0.00486922
7	91	-0.00488353
2	39	-0.00502426
16	62	-0.00505633
29	91	-0.00511141
30	73	-0.00513096
8	52	-0.00517915
79	84	-0.00518254
17	44	-0.00527781
45	49	-0.00536695
12	92	-0.00538093
38	89	-0.00545604
45	81	-0.00546294
47	92	-0.00546775
9	92	-0.00549549
56	82	-0.00557257
1	40	-0.0056288
53	83	-0.00563714
77	92	-0.00567513
17	58	-0.00570924
10	74	-0.00572984
13	51	-0.00580869
38	91	-0.00583611
13	86	-0.00593632
39	85	-0.00603132
21	53	-0.00604654
49	51	-0.00606806
40	81	-0.00610963
10	20	-0.00617269
18	89	-0.00617372
13	15	-0.00617538
41	68	-0.00617574
15	56	-0.00626749
37	39	-0.00627725
29	88	-0.00636346
4	90	-0.00640989
13	91	-0.00642056
62	91	-0.00651153
50	69	-0.00651207
13	54	-0.00653128
16	59	-0.00659974
24	79	-0.00664412
11	58	-0.00680572
8	62	-0.00691536
8	20	-0.00695816
22	91	-0.00697326
80	88	-0.00697687
12	89	-0.0069992
20	24	-0.00702332
54	61	-0.00707646
77	88	-0.00714063
16	48	-0.0071488
10	19	-0.00715934
21	63	-0.00718878
37	69	-0.00727863
8	67	-0.00729452
38	69	-0.00735143
35	90	-0.00747805
35	89	-0.00750001
18	92	-0.00751238
66	91	-0.00757485
52	70	-0.00758366
77	91	-0.0077403
36	88	-0.0077444
11	82	-0.00779687
16	77	-0.0078312
17	87	-0.0078647
7	40	-0.00792823
50	89	-0.00794053
2	25	-0.00800462
60	90	-0.00805573
11	62	-0.0080603
36	79	-0.00806252
33	44	-0.0080869
10	14	-0.00812872
4	80	-0.0081494
32	81	-0.00817346
49	74	-0.00821071
71	78	-0.0082908
85	88	-0.00833291
40	52	-0.00835423
27	68	-0.00836104
45	90	-0.00836197
32	91	-0.00837388
7	9	-0.00858983
26	43	-0.00873241
40	48	-0.00887554
61	89	-0.00890291
30	53	-0.00892567
64	92	-0.00893131
3	92	-0.00893224
50	86	-0.00899272
38	51	-0.00904954
21	23	-0.00915773
12	88	-0.00930613
37	89	-0.00938544
36	90	-0.00944183
33	90	-0.00946842
43	78	-0.00950392
59	72	-0.00960188
53	86	-0.0096491
80	91	-0.00969676
16	36	-0.00969985
33	57	-0.00988611
6	38	-0.00992653
13	92	-0.00998169
68	91	-0.0100703
66	77	-0.0100898
49	81	-0.0101243
50	83	-0.0101913
1	61	-0.0102139
5	74	-0.0102195
64	90	-0.0102922
5	62	-0.0103242
27	90	-0.0104178
67	88	-0.010439
34	56	-0.0104754
22	87	-0.0104861
21	88	-0.0105069
5	63	-0.0105542
24	69	-0.0105845
85	87	-0.0105862
9	61	-0.0106508
5	48	-0.0107154
46	75	-0.0107733
67	90	-0.0107834
10	22	-0.010805
47	90	-0.0109786
11	61	-0.0110483
20	92	-0.0110511
11	49	-0.0110608
49	92	-0.0110851
20	89	-0.0112235
1	73	-0.0112325
14	92	-0.0112654
41	82	-0.0113109
78	88	-0.0114161
84	88	-0.0114638
47	88	-0.0115077
16	45	-0.0115294
7	19	-0.0115501
30	92	-0.0116069
84	92	-0.0116761
48	88	-0.0117877
11	69	-0.0117945
57	91	-0.0118167
8	25	-0.0118457
46	63	-0.0119378
30	67	-0.0119632
60	92	-0.0119735
28	92	-0.0119819
15	50	-0.0120035
66	90	-0.0120364
40	55	-0.0120702
25	78	-0.0120766
20	47	-0.0121435
36	44	-0.0121722
6	87	-0.0121792
14	48	-0.0121803
32	86	-0.012218
77	84	-0.0122231
32	70	-0.0122539
54	86	-0.012284
6	88	-0.0122915
76	88	-0.0123261
69	88	-0.0123372
67	86	-0.0123946
73	89	-0.0124884
77	89	-0.0125129
33	88	-0.012617
6	27	-0.0126285
31	90	-0.0127674
28	90	-0.0127787
35	86	-0.0128353
39	69	-0.012857
23	34	-0.0128672
17	43	-0.0129584
11	56	-0.0130044
24	28	-0.0130056
56	85	-0.0130454
18	27	-0.0130515
66	92	-0.0130693
23	39	-0.0131007
80	89	-0.0131155
77	90	-0.0131287
19	90	-0.0131303
70	78	-0.0131446
51	67	-0.0131454
74	88	-0.0131551
5	73	-0.0131668
8	58	-0.0131934
61	70	-0.0132981
44	76	-0.0132987
27	87	-0.0135807
42	92	-0.0136379
32	87	-0.0136903
55	90	-0.0137154
48	90	-0.0137512
65	92	-0.0138087
17	92	-0.0138771
40	77	-0.0139217
82	87	-0.0139268
38	90	-0.0139301
17	74	-0.013949
46	92	-0.0139529
27	29	-0.0140716
25	92	-0.0140992
48	79	-0.0140999
30	43	-0.0141439
27	52	-0.0141513
54	60	-0.0141885
12	28	-0.0142328
51	53	-0.0142482
33	50	-0.0143254
60	71	-0.0143431
37	66	-0.0143711
76	92	-0.014422
64	89	-0.0144901
3	88	-0.0145433
37	92	-0.0145505
15	39	-0.0145685
13	89	-0.0146656
7	88	-0.014771
19	91	-0.0147738
25	63	-0.0147751
53	92	-0.0148148
51	55	-0.0148941
45	72	-0.0150147
15	16	-0.015062
39	73	-0.0151959
14	60	-0.015237
7	21	-0.0153106
69	90	-0.0154034
68	88	-0.0154368
29	90	-0.0154375
52	88	-0.0154732
21	55	-0.0154946
12	27	-0.0155443
16	90	-0.015561
35	38	-0.015683
44	66	-0.0157901
25	76	-0.0158065
1	34	-0.0158073
21	84	-0.0158201
57	89	-0.0158611
70	80	-0.0158701
21	69	-0.0158938
86	89	-0.0158961
25	36	-0.0160037
20	90	-0.0160436
65	86	-0.0162219
11	68	-0.0163278
14	84	-0.016391
60	88	-0.0164091
5	41	-0.0164275
44	82	-0.0164539
79	86	-0.0164818
73	91	-0.0165336
25	77	-0.0166347
80	84	-0.016653
63	92	-0.0166805
51	83	-0.0167295
76	90	-0.0168716
41	49	-0.016912
8	14	-0.0169661
13	17	-0.016982
45	88	-0.0169994
11	35	-0.0171802
22	44	-0.0172438
18	91	-0.0172659
23	29	-0.0173375
5	14	-0.017433
73	92	-0.0174378
5	69	-0.0176715
13	66	-0.0177984
62	88	-0.0179021
27	36	-0.0179058
42	43	-0.0180016
32	34	-0.0180509
33	91	-0.0181382
27	28	-0.0182259
27	88	-0.0183163
67	68	-0.0184662
5	8	-0.0185462
18	33	-0.0185496
43	83	-0.0186797
63	69	-0.0187253
5	29	-0.0187704
17	18	-0.0188099
86	91	-0.0189437
15	57	-0.0189652
57	90	-0.0189748
76	89	-0.0190242
21	91	-0.0190269
11	60	-0.0190732
31	42	-0.0191594
40	71	-0.0191875
73	88	-0.0192178
17	89	-0.0192855
10	59	-0.0192977
64	88	-0.0193497
30	91	-0.0194536
51	87	-0.0194996
5	89	-0.0195037
27	40	-0.0195257
8	16	-0.0197245
29	92	-0.0198863
64	76	-0.0200423
10	45	-0.0201202
53	71	-0.0202188
6	18	-0.0202422
25	91	-0.0202659
9	26	-0.0203909
31	91	-0.0204419
38	88	-0.0205544
11	84	-0.0206159
19	89	-0.0207178
37	78	-0.0208312
4	91	-0.0208492
13	88	-0.0209169
1	33	-0.0209397
74	90	-0.0209591
50	81	-0.0211899
38	92	-0.021238
8	68	-0.02125
16	92	-0.0213482
31	70	-0.0213666
48	89	-0.0213906
14	50	-0.0214702
43	50	-0.0215467
14	76	-0.0215659
7	42	-0.0215673
73	79	-0.021608
26	38	-0.0216123
87	92	-0.0216367
39	41	-0.0216594
21	90	-0.0216679
73	83	-0.0216954
6	92	-0.0217306
47	91	-0.021782
62	90	-0.0218107
63	90	-0.02183
2	7	-0.0218523
50	74	-0.0219153
2	14	-0.0219218
55	85	-0.0219436
39	60	-0.021944
71	85	-0.0219635
58	79	-0.0220202
35	72	-0.0220891
87	90	-0.0221175
8	19	-0.0222235
5	44	-0.022296
3	90	-0.0223752
30	38	-0.0223763
11	77	-0.0224149
44	83	-0.0224631
13	35	-0.022493
22	55	-0.0224995
72	90	-0.0225348
86	88	-0.0225556
8	55	-0.0226059
8	82	-0.0226124
51	88	-0.0226194
55	62	-0.0226291
10	44	-0.0227633
42	82	-0.022815
13	85	-0.0228608
62	82	-0.022906
4	89	-0.0230368
13	39	-0.0230553
34	80	-0.0231126
9	87	-0.0231229
15	51	-0.0231945
1	30	-0.0231985
71	90	-0.0232286
18	57	-0.0232566
7	17	-0.0234822
65	91	-0.023517
26	41	-0.0235253
71	89	-0.0235263
55	67	-0.0235698
26	40	-0.0236027
19	24	-0.0236101
1	13	-0.0237393
34	74	-0.0237987
20	39	-0.0238136
28	71	-0.0238203
11	44	-0.0240175
85	90	-0.0240883
29	57	-0.0241386
44	71	-0.0241389
49	80	-0.0241431
6	52	-0.0241705
63	88	-0.0242172
30	83	-0.0243638
13	46	-0.024406
6	78	-0.0244642
26	48	-0.0245052
65	88	-0.024523
47	67	-0.0245949
6	73	-0.0246287
49	91	-0.0246511
58	91	-0.0247118
29	51	-0.0247419
36	76	-0.0247523
52	79	-0.0248019
5	83	-0.0248841
12	15	-0.0249012
2	38	-0.0249463
50	60	-0.024955
20	38	-0.0249619
1	37	-0.0249929
10	49	-0.0251086
36	83	-0.0255269
58	68	-0.0256427
4	82	-0.0258695
26	54	-0.0258898
69	84	-0.0258899
5	32	-0.0260078
33	79	-0.0260167
3	89	-0.0260333
44	92	-0.0262141
10	37	-0.0265328
51	92	-0.0265516
17	88	-0.0266308
8	81	-0.0266781
44	57	-0.026711
26	74	-0.0267258
3	57	-0.0268057
52	92	-0.026841
20	46	-0.0269622
76	91	-0.0270472
26	29	-0.027081
17	91	-0.0270925
57	73	-0.0271921
33	39	-0.0273828
15	67	-0.0273935
53	84	-0.0274478
85	89	-0.0274822
46	81	-0.0276278
32	89	-0.0277516
16	60	-0.0278358
14	52	-0.0278422
9	89	-0.0278511
17	46	-0.027858
11	32	-0.0278717
2	36	-0.027888
51	75	-0.0278939
87	88	-0.0279923
15	81	-0.0280806
43	55	-0.0282776
60	91	-0.0283079
33	92	-0.028323
40	47	-0.0283728
27	30	-0.0283752
44	54	-0.0284061
47	89	-0.0285078
85	92	-0.0285661
71	91	-0.0285854
12	68	-0.0286403
6	64	-0.028882
18	78	-0.028897
24	61	-0.0289206
31	40	-0.028961
42	91	-0.0289893
6	89	-0.0290165
32	39	-0.0290465
86	92	-0.0291589
19	75	-0.0294037
42	64	-0.0294539
11	66	-0.0294805
73	84	-0.0295041
22	90	-0.0295813
50	91	-0.029661
30	90	-0.0296975
36	41	-0.0297143
60	89	-0.0298356
16	57	-0.0299611
45	92	-0.0300155
74	89	-0.0301878
42	63	-0.0302132
2	29	-0.0302201
72	75	-0.0303528
1	67	-0.0303831
28	84	-0.0303844
21	89	-0.0304135
23	76	-0.0304478
2	42	-0.0305513
80	86	-0.0305881
54	80	-0.0307442
11	18	-0.0308612
8	56	-0.0308656
3	30	-0.0309257
41	48	-0.030942
6	90	-0.031059
86	90	-0.0311555
24	78	-0.0311724
15	87	-0.0314025
11	25	-0.0314099
13	78	-0.0314798
9	55	-0.0314876
36	60	-0.031571
54	65	-0.0316165
16	22	-0.0316331
41	61	-0.0316444
22	56	-0.0316916
43	62	-0.0317137
53	77	-0.0318252
84	89	-0.0318484
42	79	-0.0319422
1	20	-0.0320074
6	91	-0.0320277
6	47	-0.0320286
9	66	-0.0321629
23	80	-0.0321798
32	56	-0.0322157
69	78	-0.0322163
22	53	-0.0322854
24	53	-0.0323329
25	71	-0.0323387
3	55	-0.0324656
14	22	-0.0324783
87	89	-0.0324939
57	80	-0.0325002
15	70	-0.0325393
5	25	-0.0325944
32	36	-0.0325971
75	80	-0.0326408
45	52	-0.0328021
72	88	-0.0328397
25	40	-0.0330071
27	91	-0.0330726
9	90	-0.0331072
6	61	-0.0331272
36	69	-0.0332561
15	22	-0.0332685
36	59	-0.0333395
18	90	-0.033402
31	89	-0.0335125
11	71	-0.0336311
69	76	-0.0336374
47	82	-0.0336549
5	92	-0.0336731
20	88	-0.0337255
43	54	-0.0338221
60	87	-0.0338339
29	39	-0.0338556
5	88	-0.0339414
83	85	-0.0339481
49	53	-0.0339919
22	39	-0.0340969
29	31	-0.0341136
35	57	-0.0341423
7	78	-0.0341962
25	52	-0.0343452
61	91	-0.0343571
46	57	-0.0343924
11	30	-0.0343954
6	22	-0.0344299
30	89	-0.0344831
37	68	-0.0345051
33	85	-0.0346547
1	59	-0.0346871
37	64	-0.0346954
39	57	-0.0347201
1	24	-0.0347239
37	65	-0.0347557
21	78	-0.0351101
5	91	-0.0351659
31	79	-0.0351874
81	86	-0.035207
74	92	-0.0352854
4	38	-0.035309
50	59	-0.0353413
35	88	-0.0354714
18	53	-0.0355165
64	71	-0.03553
74	91	-0.0355638
64	80	-0.0355674
62	92	-0.0355899
69	80	-0.0357405
58	88	-0.0358241
72	91	-0.0358508
28	51	-0.0359714
17	26	-0.0360775
14	39	-0.0363108
11	43	-0.0364353
77	78	-0.0364729
38	82	-0.0364992
55	70	-0.0366394
7	37	-0.0367026
29	82	-0.0367321
84	91	-0.0367816
27	65	-0.0368832
19	76	-0.0370232
18	40	-0.0371227
31	92	-0.0371754
6	23	-0.0372053
71	88	-0.0372099
21	41	-0.0372152
3	76	-0.0372697
20	50	-0.0372734
3	81	-0.0373158
52	77	-0.0373169
44	89	-0.0373574
25	67	-0.0373686
41	63	-0.03742
17	67	-0.0374214
7	36	-0.037432
44	90	-0.0374463
40	84	-0.0374658
8	22	-0.0375824
66	84	-0.037593
59	71	-0.0376592
61	88	-0.0376864
16	88	-0.0376986
4	48	-0.0377054
51	91	-0.0378385
34	81	-0.03784
4	14	-0.0379191
45	89	-0.038101
2	54	-0.0381044
10	54	-0.0381203
22	80	-0.0382377
4	37	-0.0382975
30	48	-0.0382977
3	86	-0.0383107
24	89	-0.0383466
27	46	-0.0383817
5	90	-0.0385245
3	69	-0.038539
60	61	-0.0385498
32	50	-0.0385953
18	88	-0.038621
21	67	-0.0386575
35	82	-0.0386893
12	84	-0.0387575
12	76	-0.0387808
24	66	-0.0388299
11	29	-0.0388606
29	54	-0.038968
12	40	-0.0390572
21	83	-0.0391617
84	90	-0.0391762
52	90	-0.0392107
2	49	-0.0393728
47	77	-0.0394103
5	58	-0.0394394
32	52	-0.0395047
24	59	-0.0395381
17	50	-0.0395724
14	59	-0.0395769
29	85	-0.0395975
58	92	-0.0396782
56	71	-0.0396784
35	40	-0.0396883
9	13	-0.0397077
9	27	-0.0397159
4	44	-0.0397785
1	55	-0.0398041
2	53	-0.039836
22	31	-0.0398549
58	90	-0.0398661
48	59	-0.0399597
11	74	-0.0399616
18	32	-0.0399728
24	39	-0.0399769
3	10	-0.0399772
5	55	-0.040007
45	91	-0.0400833
80	85	-0.0402905
35	59	-0.0403602
71	92	-0.0403956
13	26	-0.0404582
1	84	-0.0404858
18	38	-0.0404943
41	70	-0.0405017
63	82	-0.0406387
1	32	-0.0406455
1	77	-0.0407546
3	7	-0.040814
47	72	-0.0408503
85	91	-0.0408733
26	45	-0.040881
21	48	-0.0409059
55	69	-0.0409224
31	69	-0.0410845
11	16	-0.0411627
4	29	-0.0412435
36	74	-0.0412977
8	84	-0.0413196
5	64	-0.0413919
10	16	-0.0414343
5	71	-0.0414928
8	77	-0.0415404
22	33	-0.0415946
1	79	-0.0417191
31	88	-0.0418315
24	41	-0.041906
4	92	-0.0422345
42	61	-0.0423315
32	84	-0.0423725
64	91	-0.0424095
6	11	-0.0424203
48	51	-0.0424783
5	11	-0.0425271
9	91	-0.0425286
34	44	-0.042556
35	41	-0.0426606
14	42	-0.0427282
18	22	-0.0428325
3	41	-0.0429556
39	86	-0.0429883
12	14	-0.0430551
32	92	-0.0430635
33	55	-0.0430912
12	26	-0.0432694
5	80	-0.0434816
76	84	-0.0434882
39	54	-0.0435094
2	17	-0.0435288
11	53	-0.0436603
48	82	-0.0437762
4	39	-0.0437842
44	86	-0.0438918
15	64	-0.0438948
14	83	-0.0439112
1	80	-0.0439212
19	32	-0.0439219
18	80	-0.0439514
8	72	-0.0440144
69	75	-0.0440513
42	75	-0.0441321
23	81	-0.0441543
27	92	-0.0441609
2	27	-0.0441614
37	83	-0.0441689
16	39	-0.0442942
70	87	-0.0443369
36	73	-0.0443686
11	80	-0.0443734
10	35	-0.0444741
82	84	-0.0445176
14	15	-0.0445384
6	66	-0.0445419
17	39	-0.0446056
76	79	-0.0447797
28	83	-0.0449091
25	51	-0.0452854
10	80	-0.0453108
13	68	-0.0453214
2	9	-0.0453247
45	60	-0.0455019
49	61	-0.0455522
10	62	-0.0455731
35	48	-0.0455858
4	72	-0.0457071
72	92	-0.0458647
26	60	-0.0459013
12	17	-0.0459323
25	54	-0.0459597
49	89	-0.0459903
6	82	-0.0460433
4	88	-0.0460462
40	63	-0.0461492
36	62	-0.0463473
48	83	-0.0463685
5	54	-0.0464533
11	57	-0.0464644
10	26	-0.0464775
20	82	-0.0465157
65	71	-0.0466913
34	71	-0.0467443
44	88	-0.0470223
23	83	-0.0470238
4	13	-0.0470248
45	67	-0.0470362
33	68	-0.0470526
76	83	-0.047284
42	78	-0.0473878
39	78	-0.0474105
31	87	-0.0474223
9	76	-0.0474346
26	79	-0.0475461
20	81	-0.0475639
8	42	-0.0475828
33	62	-0.0476259
28	39	-0.0476466
70	85	-0.0477039
60	86	-0.0478693
19	53	-0.0478735
14	55	-0.0479876
52	86	-0.0480039
50	90	-0.0481355
9	40	-0.0481433
11	17	-0.0481514
62	70	-0.0483045
57	65	-0.0485033
1	74	-0.0487041
15	47	-0.0487488
28	74	-0.0489726
12	65	-0.0490355
15	74	-0.0490835
25	73	-0.0492294
8	57	-0.0493104
13	83	-0.0493309
25	32	-0.0494049
3	23	-0.0495154
41	77	-0.0495218
5	75	-0.0495589
37	71	-0.0496106
40	51	-0.049725
32	88	-0.0498213
51	69	-0.0498894
14	73	-0.0499404
15	80	-0.0499699
42	77	-0.0500505
46	83	-0.0500976
30	81	-0.0501082
18	34	-0.050451
38	86	-0.0504594
21	51	-0.0505156
46	77	-0.0505343
8	64	-0.0505366
6	76	-0.0507007
22	28	-0.0507342
53	78	-0.051039
67	77	-0.0510749
41	65	-0.0514545
55	61	-0.0514569
2	77	-0.0516807
34	59	-0.0521222
39	58	-0.0522242
5	35	-0.0522845
66	82	-0.0523225
32	90	-0.0523427
22	58	-0.052343
69	83	-0.0523861
58	63	-0.0524266
39	82	-0.052594
8	71	-0.0526286
49	88	-0.0526588
22	27	-0.0526667
29	81	-0.0528216
39	55	-0.0529649
30	46	-0.0530935
19	86	-0.0531696
15	40	-0.0532918
12	77	-0.0533247
36	54	-0.0533454
24	83	-0.053433
1	39	-0.0534861
61	92	-0.0535258
7	76	-0.0536734
39	64	-0.053691
10	13	-0.05385
54	69	-0.0539241
54	68	-0.0539345
9	54	-0.0539714
10	75	-0.053992
40	60	-0.0539989
18	77	-0.0540058
36	81	-0.0541595
58	83	-0.0542504
11	33	-0.0542751
60	85	-0.054321
59	85	-0.0544754
25	41	-0.0547579
44	48	-0.0549745
6	62	-0.0549768
54	70	-0.0551323
41	80	-0.0557169
4	61	-0.0557211
35	42	-0.0557682
6	63	-0.0558307
40	68	-0.0558741
22	73	-0.055948
32	75	-0.056138
1	81	-0.0562557
2	82	-0.056359
53	82	-0.0565011
70	74	-0.0565317
26	86	-0.0565469
21	81	-0.0566312
14	61	-0.0566643
26	82	-0.0567875
48	60	-0.0568796
1	29	-0.0568863
5	36	-0.056892
51	77	-0.0569171
34	42	-0.0569738
10	57	-0.0569798
9	80	-0.0569952
47	64	-0.0569973
1	49	-0.0570034
53	55	-0.0570446
45	82	-0.0571307
5	52	-0.0572467
59	86	-0.0573268
16	20	-0.057327
49	90	-0.0573556
53	72	-0.0575557
54	57	-0.057685
38	41	-0.0577842
8	73	-0.0578343
6	77	-0.0579021
67	76	-0.0579475
6	42	-0.0579816
42	83	-0.0580255
60	80	-0.0580675
49	64	-0.0582681
21	49	-0.0584098
6	40	-0.0585271
36	75	-0.058607
33	47	-0.0589745
42	50	-0.0590137
11	48	-0.0590422
27	57	-0.0590766
30	74	-0.0590946
53	69	-0.0591203
31	83	-0.0592375
51	89	-0.0592449
8	47	-0.0592794
23	56	-0.0595251
5	81	-0.0595322
14	46	-0.0595379
65	84	-0.0595462
9	83	-0.059548
36	58	-0.059587
5	31	-0.0596094
15	42	-0.0596737
9	29	-0.059675
46	85	-0.0598852
34	82	-0.0599709
63	89	-0.0601064
47	54	-0.0601747
38	87	-0.0602215
38	71	-0.0602669
39	65	-0.0603514
12	79	-0.0603598
2	75	-0.06056
6	68	-0.0605789
8	53	-0.0606602
68	81	-0.0607332
73	78	-0.0607779
2	73	-0.0608167
5	82	-0.0608364
10	86	-0.0608896
8	27	-0.0609289
51	76	-0.0609336
38	84	-0.0609992
43	60	-0.0610561
53	60	-0.0611042
12	30	-0.0611447
64	79	-0.0611586
12	50	-0.0611589
11	46	-0.0611758
30	36	-0.0613293
19	49	-0.0615447
3	79	-0.0615501
3	78	-0.0615543
43	45	-0.0617675
8	34	-0.0618914
63	76	-0.0619618
13	28	-0.0621783
4	50	-0.0622617
11	34	-0.0622947
52	58	-0.0624555
31	75	-0.0624747
3	67	-0.0624891
25	66	-0.0625197
8	48	-0.062532
12	60	-0.0626235
21	43	-0.0627073
63	78	-0.0634573
70	75	-0.0634801
13	81	-0.0634963
3	19	-0.0635111
15	84	-0.0635134
13	69	-0.0635234
63	85	-0.0635702
11	73	-0.063655
52	76	-0.0637267
1	9	-0.0637414
14	65	-0.0637506
33	70	-0.0638107
2	45	-0.0638638
16	81	-0.0638644
36	56	-0.063868
4	65	-0.0639792
33	87	-0.0639821
59	66	-0.0639939
12	31	-0.064049
11	26	-0.0641019
55	63	-0.064135
25	68	-0.0641417
14	81	-0.0642185
6	39	-0.0642824
43	73	-0.0643263
15	37	-0.0643314
50	72	-0.0643408
16	65	-0.0643533
62	75	-0.0645042
42	60	-0.0645418
33	73	-0.0645746
4	55	-0.0645942
27	86	-0.0646336
69	85	-0.0647525
39	84	-0.0648138
2	63	-0.0648847
10	27	-0.0648893
13	64	-0.0649031
45	70	-0.0650529
40	67	-0.0651227
7	63	-0.0651641
45	56	-0.0652307
14	75	-0.0653065
23	60	-0.0655015
43	44	-0.0655126
56	76	-0.0655377
15	60	-0.0656439
3	77	-0.0658467
20	31	-0.0659396
26	76	-0.0660145
17	82	-0.0660517
24	81	-0.0661343
7	20	-0.0662072
78	87	-0.0663652
28	37	-0.0664337
23	43	-0.0664812
56	84	-0.0665747
20	69	-0.0666791
23	87	-0.0666791
18	29	-0.0666804
20	60	-0.0666974
60	77	-0.0667322
32	83	-0.0668684
63	91	-0.0668701
16	73	-0.0668712
67	85	-0.0668932
24	33	-0.0669722
63	71	-0.0670541
6	54	-0.0670732
17	54	-0.0670965
40	57	-0.0671264
3	65	-0.0671333
2	58	-0.0671435
59	65	-0.0671751
7	57	-0.0672337
8	51	-0.0673091
38	54	-0.0673375
43	59	-0.067381
27	89	-0.0674005
34	55	-0.0675118
23	78	-0.0675716
7	59	-0.0676954
49	59	-0.0676956
11	19	-0.0677838
31	66	-0.0678161
33	40	-0.0678192
32	59	-0.0679468
14	41	-0.0680262
27	39	-0.0680587
16	43	-0.0680915
23	36	-0.0683046
22	32	-0.0683252
3	64	-0.0683836
44	79	-0.0684041
8	26	-0.068407
28	40	-0.0684437
15	82	-0.0684792
26	59	-0.0686682
6	32	-0.0688055
21	60	-0.0688169
2	59	-0.068916
72	85	-0.0690342
19	41	-0.0691979
45	64	-0.0692148
30	76	-0.0692275
6	80	-0.0692667
38	52	-0.0692812
27	45	-0.0693655
23	59	-0.0694189
47	79	-0.0694501
7	80	-0.0696134
17	53	-0.0696692
2	81	-0.0697207
9	75	-0.0697287
35	36	-0.06973
34	52	-0.0697397
10	34	-0.0697423
19	59	-0.0698132
77	80	-0.0699058
47	85	-0.0699382
42	76	-0.0699893
1	10	-0.0699908
22	81	-0.0700265
47	87	-0.0701332
57	67	-0.0702644
32	74	-0.0703638
10	32	-0.0703773
58	60	-0.0704429
53	85	-0.0705616
8	80	-0.0705661
31	64	-0.0706024
37	60	-0.0706057
3	83	-0.0706619
62	83	-0.070685
68	83	-0.0708024
4	83	-0.0709949
6	36	-0.0711682
36	64	-0.0713036
29	43	-0.07147
18	72	-0.0714745
6	25	-0.0715803
71	81	-0.0716025
19	37	-0.0716255
21	82	-0.0716452
63	83	-0.0717773
9	78	-0.0717925
21	56	-0.0717989
33	58	-0.0720131
25	37	-0.0721008
29	84	-0.0721012
12	62	-0.0721872
15	85	-0.0722028
47	83	-0.0722461
28	52	-0.072305
26	80	-0.072319
42	80	-0.0723649
43	51	-0.0724484
25	58	-0.0724505
15	36	-0.0724854
66	79	-0.0725498
3	82	-0.0726256
61	82	-0.0727001
8	60	-0.0727535
8	31	-0.0727958
25	60	-0.072802
8	43	-0.072859
5	59	-0.0729288
9	74	-0.072943
4	81	-0.0731976
17	24	-0.0732083
22	75	-0.073341
1	82	-0.0734302
28	81	-0.0734388
46	59	-0.0735409
57	84	-0.0735584
10	50	-0.0737011
53	61	-0.0737018
38	73	-0.0738978
30	72	-0.0739733
46	52	-0.0741144
8	32	-0.0743016
22	60	-0.0744356
14	57	-0.074467
66	83	-0.0745843
45	85	-0.0746328
33	86	-0.0747684
32	38	-0.074805
25	81	-0.0748482
3	56	-0.0750213
11	24	-0.0750356
51	74	-0.0750592
18	66	-0.0751138
31	63	-0.075199
8	69	-0.0752475
25	85	-0.0752955
40	61	-0.0754414
51	65	-0.0756077
45	80	-0.0756607
46	74	-0.0758696
12	16	-0.0759018
6	12	-0.07592
49	86	-0.0760232
47	56	-0.0761308
9	81	-0.0762257
19	83	-0.0762334
24	36	-0.0762776
17	23	-0.076387
20	51	-0.0763974
46	56	-0.0767776
65	79	-0.0767908
21	72	-0.0768718
6	37	-0.0769244
37	86	-0.0769527
20	43	-0.0769857
12	53	-0.0770083
3	80	-0.0770786
10	65	-0.0771326
52	65	-0.0771414
36	55	-0.0772013
29	83	-0.0772272
15	71	-0.0773492
12	59	-0.0773806
34	39	-0.0774603
37	46	-0.0774879
15	79	-0.0775204
14	35	-0.0775625
23	68	-0.077669
5	39	-0.077733
54	58	-0.0777562
17	75	-0.07777
28	76	-0.0778809
55	71	-0.0779378
79	85	-0.0780418
2	66	-0.0780459
9	59	-0.0780811
3	42	-0.0781817
20	62	-0.0783516
5	22	-0.0784729
20	83	-0.0785213
12	87	-0.0786279
26	62	-0.0786781
40	58	-0.078683
26	36	-0.078902
28	61	-0.0789043
3	46	-0.0790345
6	41	-0.079036
21	79	-0.0790451
13	22	-0.079062
66	81	-0.0790875
13	55	-0.0791878
45	79	-0.0792346
40	74	-0.0792566
74	85	-0.0793052
12	82	-0.0793949
32	48	-0.0794785
31	48	-0.079592
27	56	-0.0798639
7	48	-0.0799257
23	86	-0.0799853
14	54	-0.0800134
10	84	-0.0800736
73	86	-0.0800999
7	75	-0.0801851
56	86	-0.0804211
13	53	-0.0804479
34	65	-0.0804599
17	51	-0.0805466
72	89	-0.0805801
68	79	-0.080606
8	44	-0.080662
67	83	-0.0806801
5	49	-0.0807244
6	26	-0.0808022
23	73	-0.0808475
43	49	-0.0809591
24	74	-0.0810066
12	75	-0.0811672
32	82	-0.0812339
8	74	-0.0813025
61	75	-0.0813952
16	68	-0.0814266
14	69	-0.0814794
22	36	-0.0815344
12	83	-0.0816264
58	74	-0.0817165
71	80	-0.0820684
29	80	-0.0821587
8	33	-0.082205
47	84	-0.0822509
15	69	-0.0822937
18	71	-0.0823736
50	53	-0.0823908
54	76	-0.0824727
40	76	-0.08248
17	40	-0.082535
4	57	-0.0826454
64	84	-0.0826663
73	77	-0.0827655
10	87	-0.0828143
22	45	-0.0828446
48	85	-0.0828646
63	86	-0.0829026
31	82	-0.0829281
38	81	-0.083091
38	78	-0.0831986
25	79	-0.0832852
27	79	-0.0833121
35	74	-0.0834285
21	47	-0.0836088
40	70	-0.0836179
42	85	-0.0838011
36	53	-0.0840338
44	73	-0.0840649
57	70	-0.0841008
11	76	-0.08425
16	67	-0.0842574
22	37	-0.0844009
32	79	-0.0845547
10	69	-0.0846123
62	77	-0.084678
63	79	-0.0847367
13	75	-0.0848007
35	56	-0.0848086
19	39	-0.0848357
36	57	-0.0848757
40	69	-0.0849616
36	63	-0.0851829
21	44	-0.0852836
50	82	-0.0853023
7	30	-0.0853971
37	55	-0.0854515
39	76	-0.0855216
41	62	-0.0855717
22	54	-0.0855815
14	56	-0.0856131
64	81	-0.0856259
49	56	-0.0856323
3	72	-0.0857468
18	20	-0.0859558
2	60	-0.0861895
63	84	-0.0862944
32	35	-0.086418
51	86	-0.0864924
46	53	-0.0865847
26	83	-0.0866243
67	79	-0.0867469
80	87	-0.0869024
5	24	-0.086933
12	56	-0.087194
20	66	-0.087196
2	10	-0.0872415
11	64	-0.0873293
41	76	-0.0874547
42	62	-0.0875535
67	74	-0.0875552
43	58	-0.0875614
27	70	-0.0875955
20	34	-0.0877697
59	68	-0.0877805
13	30	-0.0878798
16	63	-0.0879073
30	80	-0.0882933
6	50	-0.0883372
27	33	-0.0883407
58	86	-0.0883881
10	76	-0.0884524
36	72	-0.0884543
29	77	-0.0884708
48	70	-0.0886592
1	50	-0.0886896
4	79	-0.0887486
11	45	-0.0888457
18	35	-0.0888702
30	77	-0.0889129
31	38	-0.0889535
18	58	-0.0890019
34	77	-0.0892732
1	75	-0.0893241
7	32	-0.0894171
43	81	-0.0894685
23	31	-0.0898826
40	49	-0.0898832
3	4	-0.090002
7	52	-0.0901422
19	58	-0.0901536
50	64	-0.0901617
72	80	-0.090257
43	82	-0.0902599
40	65	-0.090263
13	24	-0.0902767
18	28	-0.090413
19	79	-0.0904277
10	77	-0.0904611
52	56	-0.090521
8	15	-0.0905706
23	85	-0.0905799
33	77	-0.0906485
28	80	-0.0907141
60	70	-0.0908
12	69	-0.0910434
8	23	-0.0912486
40	66	-0.0912576
6	48	-0.0912811
9	79	-0.0913007
45	76	-0.0913089
50	79	-0.091369
54	72	-0.0913762
62	79	-0.0914965
60	64	-0.0915663
26	47	-0.0916157
45	55	-0.0916348
66	76	-0.0918534
36	77	-0.0918795
45	77	-0.0920129
2	26	-0.0920799
37	45	-0.0920977
38	75	-0.0921992
14	74	-0.092216
65	77	-0.0923107
47	53	-0.0925259
34	72	-0.092538
3	20	-0.0927779
23	58	-0.0928061
37	81	-0.0929663
21	86	-0.0929933
11	50	-0.0930334
40	73	-0.0930821
59	84	-0.0931104
72	82	-0.0932067
55	65	-0.0935134
1	57	-0.0935141
36	71	-0.0937514
32	44	-0.0937613
46	65	-0.0937819
39	87	-0.0938442
59	61	-0.0938663
26	34	-0.0940095
50	70	-0.0940446
37	52	-0.0940551
19	55	-0.0941863
14	64	-0.0942581
14	32	-0.0942942
15	86	-0.0944241
30	57	-0.0944322
43	76	-0.0944827
46	79	-0.0947653
32	66	-0.0948418
51	81	-0.0948635
39	46	-0.0948888
24	45	-0.0949595
37	75	-0.0951524
20	54	-0.095289
62	81	-0.0953017
76	87	-0.0953361
11	70	-0.0953871
4	47	-0.0954224
73	82	-0.0955517
39	68	-0.0956064
68	82	-0.0957183
18	50	-0.0959433
50	54	-0.0960084
34	79	-0.0960298
69	77	-0.0962426
69	81	-0.0963136
51	59	-0.0963569
41	51	-0.096365
59	62	-0.0963734
6	20	-0.0964117
43	63	-0.096753
81	87	-0.0967783
5	19	-0.0968164
2	41	-0.0968268
12	20	-0.0969437
8	76	-0.0970049
50	63	-0.0970574
23	35	-0.0972059
11	21	-0.0973848
22	51	-0.0974849
19	81	-0.0977069
21	59	-0.0977095
68	86	-0.0977675
22	40	-0.0978076
11	23	-0.0980974
29	49	-0.09861
31	80	-0.0988332
43	79	-0.0988983
5	34	-0.0991977
7	56	-0.0994482
17	27	-0.0996714
40	72	-0.0996923
34	83	-0.0998901
36	68	-0.0999885
8	21	-0.100034
49	83	-0.100099
26	37	-0.100243
75	85	-0.100243
18	31	-0.100451
29	30	-0.100543
6	24	-0.100573
14	68	-0.10066
29	45	-0.100809
19	65	-0.100865
24	75	-0.101046
9	44	-0.101056
14	58	-0.10109
39	72	-0.101146
6	44	-0.101147
33	65	-0.101223
31	52	-0.10126
55	72	-0.101511
12	34	-0.101625
26	53	-0.101625
6	72	-0.101654
59	69	-0.101801
38	43	-0.10182
21	32	-0.101842
12	61	-0.102025
10	29	-0.10219
19	82	-0.102282
25	83	-0.102354
51	79	-0.102405
2	84	-0.102441
56	63	-0.102518
46	55	-0.102583
23	32	-0.102698
31	39	-0.102789
50	66	-0.102912
62	84	-0.102942
29	40	-0.102948
20	26	-0.10302
2	71	-0.10304
13	18	-0.10309
29	65	-0.103148
32	62	-0.103215
14	47	-0.103261
12	81	-0.10328
19	74	-0.103322
5	70	-0.10336
13	57	-0.103368
16	41	-0.103488
41	84	-0.103501
69	82	-0.103676
23	63	-0.103723
5	60	-0.103787
12	36	-0.103861
37	44	-0.103999
78	86	-0.104058
9	20	-0.104125
19	22	-0.104143
29	41	-0.104155
1	58	-0.104282
2	55	-0.104346
83	86	-0.104505
14	77	-0.104591
15	54	-0.104677
34	61	-0.104806
39	62	-0.104961
41	57	-0.105054
67	80	-0.105104
65	66	-0.105127
40	44	-0.105194
31	65	-0.10522
10	21	-0.105409
17	59	-0.105553
37	42	-0.105686
19	46	-0.1059
48	75	-0.105969
70	84	-0.106009
12	23	-0.106028
6	59	-0.106065
25	50	-0.106119
22	68	-0.106161
14	23	-0.106219
57	68	-0.1063
27	83	-0.106349
44	52	-0.106478
29	36	-0.106491
29	38	-0.106553
2	52	-0.106657
7	53	-0.106701
1	83	-0.106736
45	61	-0.106832
30	37	-0.106861
31	86	-0.10691
64	83	-0.106966
13	50	-0.107078
3	71	-0.107205
6	43	-0.107265
48	72	-0.107428
17	41	-0.107449
14	24	-0.107538
59	64	-0.107655
39	49	-0.107761
32	85	-0.1078
22	86	-0.108026
28	54	-0.108042
9	73	-0.108083
30	41	-0.10813
31	45	-0.108221
33	48	-0.108382
27	75	-0.108412
18	60	-0.108453
28	77	-0.10852
46	82	-0.108654
12	38	-0.108659
44	53	-0.108703
47	75	-0.108894
22	79	-0.108925
62	86	-0.108973
43	65	-0.108983
1	51	-0.108994
28	45	-0.109128
68	85	-0.109802
51	64	-0.109976
18	82	-0.110076
34	41	-0.11015
50	58	-0.110302
66	80	-0.110477
54	87	-0.110502
20	79	-0.110572
12	71	-0.110592
35	85	-0.110777
54	73	-0.110857
26	39	-0.110918
58	85	-0.110967
58	64	-0.111096
23	82	-0.111181
7	41	-0.111223
13	52	-0.111404
8	28	-0.111515
10	71	-0.111536
28	57	-0.111791
28	75	-0.111862
13	19	-0.111951
70	73	-0.112002
15	28	-0.112151
64	82	-0.112395
21	40	-0.113023
5	13	-0.113182
7	18	-0.113496
45	69	-0.113594
52	66	-0.113871
69	79	-0.113883
4	53	-0.113902
24	42	-0.114011
8	50	-0.11408
58	72	-0.114284
18	23	-0.114536
32	54	-0.114801
52	68	-0.114909
66	74	-0.11502
15	23	-0.115033
28	35	-0.115033
36	65	-0.115043
16	23	-0.115088
16	33	-0.115124
24	31	-0.115213
37	62	-0.115224
18	41	-0.115701
45	66	-0.115918
44	74	-0.116068
20	77	-0.116112
19	57	-0.116373
66	86	-0.116478
32	69	-0.116634
3	39	-0.117081
38	65	-0.117306
2	19	-0.117488
50	87	-0.117574
8	17	-0.117703
41	58	-0.11771
17	80	-0.117846
46	76	-0.117899
13	65	-0.118038
25	55	-0.118168
16	84	-0.118215
17	83	-0.118259
49	69	-0.118286
42	72	-0.118629
18	62	-0.11885
30	39	-0.118909
10	73	-0.118945
3	9	-0.119493
41	72	-0.119535
24	82	-0.119538
53	63	-0.119844
15	41	-0.119996
11	28	-0.120054
26	63	-0.120096
70	81	-0.120432
65	82	-0.120526
53	62	-0.120544
75	86	-0.12055
5	38	-0.120569
33	66	-0.120666
23	30	-0.120782
23	37	-0.120875
3	58	-0.121137
74	87	-0.121167
6	56	-0.12118
68	76	-0.121288
36	84	-0.121525
13	42	-0.121722
18	46	-0.121784
52	87	-0.12179
5	30	-0.121813
10	64	-0.121818
34	75	-0.121898
43	46	-0.122113
10	58	-0.122348
4	62	-0.122418
9	68	-0.122476
6	45	-0.122611
7	49	-0.122694
7	86	-0.122724
48	81	-0.122735
33	78	-0.122767
29	61	-0.122884
37	53	-0.122907
7	54	-0.12296
25	87	-0.123162
31	76	-0.123275
44	55	-0.123368
5	53	-0.12341
23	44	-0.123631
7	16	-0.123706
47	59	-0.12384
25	30	-0.123876
16	49	-0.123999
66	75	-0.124031
34	40	-0.124298
10	68	-0.124349
45	84	-0.124398
30	50	-0.124533
51	84	-0.124554
50	71	-0.124608
28	44	-0.124694
20	37	-0.124864
21	87	-0.124892
4	36	-0.124988
39	71	-0.125009
9	69	-0.125077
58	84	-0.125127
19	77	-0.125135
48	84	-0.125409
15	73	-0.125553
48	76	-0.12562
21	74	-0.125625
38	76	-0.12568
18	68	-0.125827
70	82	-0.125879
2	78	-0.126056
14	67	-0.126122
2	68	-0.126202
28	79	-0.12628
22	82	-0.126366
37	47	-0.126599
18	87	-0.126646
48	78	-0.126705
28	55	-0.12679
33	54	-0.126948
20	53	-0.127116
14	26	-0.127212
2	69	-0.127218
67	81	-0.127385
5	65	-0.127512
17	60	-0.127795
25	59	-0.12791
42	65	-0.127928
28	60	-0.128024
2	61	-0.128322
34	38	-0.128407
38	68	-0.128557
2	33	-0.128584
57	87	-0.128823
4	78	-0.128974
18	42	-0.128998
14	18	-0.129083
26	81	-0.129103
56	67	-0.129139
28	70	-0.129185
64	73	-0.129334
26	33	-0.129396
5	16	-0.12946
1	14	-0.129518
30	71	-0.129524
9	62	-0.129695
26	42	-0.129829
51	60	-0.130665
65	85	-0.130779
72	79	-0.130816
67	82	-0.13083
28	73	-0.130877
2	35	-0.130978
38	58	-0.131018
4	26	-0.131198
50	75	-0.13132
1	68	-0.131346
12	24	-0.131787
21	38	-0.131949
65	83	-0.131954
11	15	-0.132154
10	46	-0.132208
61	81	-0.132226
49	62	-0.132297
10	51	-0.1323
53	70	-0.132349
41	73	-0.132443
17	63	-0.132616
4	71	-0.132904
20	41	-0.132942
18	36	-0.132978
8	70	-0.133052
33	59	-0.133054
16	58	-0.13329
36	47	-0.133331
22	83	-0.133517
10	70	-0.13352
48	77	-0.133544
27	82	-0.133612
23	53	-0.133816
7	13	-0.133998
32	73	-0.134222
7	70	-0.134358
20	42	-0.134365
63	81	-0.134383
14	53	-0.134415
38	85	-0.134751
3	15	-0.135189
35	70	-0.135244
24	85	-0.135265
11	20	-0.135294
54	84	-0.135511
12	19	-0.135603
65	80	-0.136067
12	45	-0.13607
15	45	-0.13647
5	76	-0.136661
15	77	-0.136665
16	24	-0.137084
22	48	-0.137097
33	52	-0.137738
18	37	-0.138313
51	62	-0.138877
32	72	-0.138903
1	64	-0.138993
31	54	-0.139043
10	67	-0.139179
76	85	-0.139189
24	77	-0.139207
21	85	-0.139222
64	77	-0.139242
9	49	-0.139348
32	65	-0.139374
19	61	-0.13943
16	44	-0.139554
19	40	-0.139634
9	64	-0.139736
13	62	-0.139867
39	50	-0.140086
46	80	-0.140123
48	63	-0.140213
32	41	-0.140406
56	70	-0.140524
8	45	-0.140526
16	30	-0.140579
79	87	-0.140669
22	59	-0.140814
49	66	-0.141254
47	57	-0.141305
20	44	-0.141405
39	45	-0.14148
3	12	-0.141534
13	25	-0.141824
52	62	-0.141871
59	70	-0.141873
29	79	-0.142047
21	73	-0.142112
28	62	-0.142217
40	50	-0.142268
44	67	-0.142423
43	56	-0.142555
17	64	-0.142615
27	59	-0.142833
2	16	-0.142989
32	42	-0.143007
49	82	-0.14308
71	75	-0.143372
30	45	-0.143423
4	22	-0.143437
27	63	-0.143514
11	31	-0.1436
12	72	-0.143608
57	64	-0.143916
27	81	-0.14406
2	83	-0.144202
70	86	-0.144202
21	37	-0.144367
27	78	-0.144381
16	75	-0.144468
11	22	-0.144753
2	22	-0.144847
22	30	-0.144951
4	52	-0.145059
50	80	-0.145112
67	75	-0.145155
20	80	-0.145161
16	26	-0.14518
6	34	-0.145474
28	58	-0.145539
46	66	-0.145837
53	74	-0.146058
30	69	-0.146267
31	41	-0.146748
23	84	-0.146983
36	67	-0.14704
6	15	-0.147182
30	42	-0.147445
5	26	-0.14763
25	57	-0.147835
13	49	-0.147901
18	39	-0.147948
34	54	-0.147982
4	10	-0.148016
6	57	-0.148166
20	72	-0.148255
22	78	-0.148261
49	79	-0.148634
12	33	-0.148748
57	60	-0.148952
25	56	-0.149562
43	53	-0.149636
28	41	-0.149637
28	53	-0.149672
2	76	-0.149832
40	45	-0.149995
3	24	-0.150291
49	85	-0.150563
29	60	-0.150949
41	87	-0.151068
32	47	-0.151076
18	76	-0.15119
16	55	-0.151262
65	73	-0.151289
38	53	-0.151479
55	64	-0.151614
16	19	-0.151696
50	55	-0.151764
11	27	-0.151929
5	37	-0.152235
72	77	-0.152578
44	72	-0.152649
49	54	-0.152792
9	65	-0.152888
27	80	-0.15299
4	23	-0.153124
9	51	-0.153438
13	56	-0.153963
9	22	-0.153985
23	71	-0.154538
14	63	-0.154602
47	80	-0.154695
36	70	-0.1548
6	19	-0.155019
28	46	-0.155334
20	57	-0.15544
6	53	-0.155796
3	29	-0.155822
34	85	-0.155858
37	56	-0.155959
27	55	-0.156099
67	78	-0.156392
24	50	-0.156409
19	36	-0.156769
5	21	-0.157056
68	77	-0.157241
19	78	-0.157681
28	63	-0.157839
13	23	-0.157861
17	29	-0.157929
85	86	-0.158064
46	58	-0.15823
13	47	-0.158399
13	67	-0.158494
2	62	-0.158621
10	72	-0.158716
35	71	-0.158806
19	63	-0.158887
7	26	-0.159238
17	61	-0.159281
7	66	-0.159686
14	78	-0.159759
7	77	-0.159903
2	21	-0.160149
47	81	-0.160594
4	56	-0.16079
52	71	-0.160897
34	63	-0.161023
46	84	-0.161038
31	59	-0.161381
43	69	-0.161615
19	35	-0.1617
20	73	-0.161896
29	75	-0.161929
33	75	-0.162243
4	77	-0.162483
17	68	-0.16288
17	28	-0.163146
30	47	-0.163418
4	34	-0.163551
1	47	-0.163962
58	71	-0.164051
1	17	-0.164196
13	21	-0.164333
30	54	-0.164479
78	84	-0.16472
13	60	-0.164782
27	43	-0.164966
37	70	-0.165039
69	73	-0.165248
5	42	-0.165421
62	68	-0.165561
9	52	-0.165563
22	52	-0.165634
19	30	-0.165736
45	74	-0.165784
10	61	-0.166328
62	80	-0.166456
4	20	-0.166658
30	64	-0.166696
28	34	-0.166846
3	52	-0.166888
14	25	-0.167139
44	56	-0.167156
35	68	-0.167291
3	53	-0.167382
42	46	-0.167826
20	63	-0.167863
38	67	-0.167907
34	66	-0.168
5	23	-0.168064
53	76	-0.16821
9	37	-0.168562
10	17	-0.168664
28	42	-0.169031
10	30	-0.169075
14	70	-0.169205
50	85	-0.16946
23	57	-0.169813
83	87	-0.170185
19	47	-0.170365
42	44	-0.170523
35	45	-0.170563
32	46	-0.170974
42	49	-0.171026
54	63	-0.171117
45	57	-0.171218
18	54	-0.171325
18	44	-0.171426
5	33	-0.17154
7	31	-0.172164
56	74	-0.172241
63	74	-0.172493
1	15	-0.173168
29	46	-0.173242
26	35	-0.173508
38	48	-0.173678
3	51	-0.174269
16	78	-0.174364
65	81	-0.174367
45	75	-0.174441
18	74	-0.174469
12	29	-0.174488
29	44	-0.175065
60	63	-0.175089
46	86	-0.175107
34	76	-0.175268
28	49	-0.175286
48	58	-0.175344
56	87	-0.175404
4	73	-0.175511
45	68	-0.175539
37	67	-0.175575
5	27	-0.175822
7	64	-0.176124
72	87	-0.176158
34	57	-0.176207
9	56	-0.176224
29	74	-0.176529
43	57	-0.176552
45	58	-0.17674
9	77	-0.177
4	63	-0.177087
34	68	-0.177447
48	80	-0.177996
35	76	-0.178084
31	84	-0.178132
1	71	-0.178151
42	84	-0.178431
17	69	-0.178442
23	42	-0.178727
25	44	-0.178896
14	72	-0.179044
17	76	-0.179051
42	70	-0.17921
68	87	-0.179515
9	72	-0.179724
43	48	-0.179798
16	35	-0.179958
15	61	-0.180158
59	67	-0.180192
41	45	-0.180224
1	16	-0.180392
20	59	-0.180603
25	31	-0.181473
33	53	-0.181812
33	41	-0.181898
24	30	-0.182128
58	69	-0.182131
16	25	-0.182226
7	35	-0.182252
20	52	-0.182777
2	46	-0.18284
16	50	-0.183073
13	20	-0.18414
38	80	-0.184279
17	86	-0.184516
38	56	-0.185151
19	25	-0.185214
6	49	-0.18599
22	66	-0.18612
24	73	-0.186941
29	71	-0.187162
61	78	-0.187613
61	77	-0.187978
42	51	-0.188114
12	25	-0.188123
2	64	-0.189083
28	59	-0.189232
3	54	-0.18966
30	56	-0.190659
24	84	-0.190671
29	62	-0.190721
42	47	-0.190905
1	38	-0.191011
35	47	-0.191239
1	60	-0.191368
22	84	-0.191672
3	37	-0.191863
13	70	-0.192984
35	46	-0.193161
3	13	-0.193882
29	55	-0.194297
34	47	-0.194565
4	67	-0.194591
13	29	-0.195063
51	52	-0.195315
7	69	-0.195369
17	84	-0.196497
7	61	-0.196506
27	84	-0.196683
26	44	-0.197762
15	72	-0.197969
4	76	-0.198982
26	84	-0.199184
26	55	-0.19923
33	42	-0.199818
19	80	-0.200133
21	31	-0.200606
9	67	-0.200609
24	60	-0.200861
17	73	-0.201705
69	72	-0.201866
49	72	-0.202056
15	21	-0.20221
24	71	-0.202823
20	78	-0.203064
44	60	-0.203257
18	25	-0.203449
20	74	-0.203491
52	69	-0.203855
22	42	-0.204035
70	77	-0.204052
24	57	-0.204241
15	68	-0.204267
36	61	-0.205556
30	58	-0.205841
27	85	-0.206147
47	73	-0.206429
26	57	-0.207071
15	18	-0.20852
15	53	-0.208527
33	71	-0.208625
32	45	-0.208684
47	49	-0.208779
18	69	-0.209947
33	38	-0.210266
51	58	-0.210519
43	61	-0.210635
16	54	-0.210655
21	57	-0.210809
45	78	-0.211297
57	63	-0.211373
29	37	-0.211496
47	55	-0.211562
38	64	-0.211609
35	50	-0.211613
50	56	-0.211717
20	58	-0.211743
19	52	-0.212209
20	45	-0.212592
28	65	-0.213493
16	74	-0.214192
38	44	-0.214468
19	62	-0.214836
9	43	-0.214882
30	65	-0.21506
28	69	-0.215367
16	47	-0.215546
64	85	-0.215629
20	75	-0.216493
19	51	-0.216604
17	38	-0.217344
58	61	-0.217385
60	69	-0.217745
66	87	-0.217882
5	61	-0.218803
23	77	-0.219289
20	61	-0.221058
28	85	-0.221707
19	87	-0.222336
23	61	-0.222564
26	85	-0.222913
22	62	-0.223441
4	21	-0.224276
53	68	-0.224281
28	66	-0.224519
50	78	-0.225431
19	85	-0.225719
35	49	-0.226123
17	21	-0.226436
5	87	-0.226856
35	51	-0.226883
26	77	-0.227283
53	66	-0.22773
12	64	-0.228193
6	69	-0.229717
24	37	-0.230028
25	35	-0.23025
43	71	-0.231511
9	23	-0.231843
65	74	-0.232347
30	68	-0.233343
48	52	-0.233377
41	50	-0.23469
9	57	-0.234937
34	51	-0.235482
27	62	-0.236087
49	58	-0.236455
32	68	-0.236515
60	68	-0.236576
42	74	-0.238328
27	60	-0.238366
4	42	-0.238391
26	52	-0.238574
15	62	-0.238802
18	64	-0.239105
2	70	-0.23969
6	70	-0.240628
31	67	-0.241049
44	46	-0.243644
28	87	-0.243802
57	66	-0.244521
27	44	-0.244706
18	56	-0.24478
27	58	-0.245425
67	84	-0.245508
9	24	-0.2458
31	74	-0.246144
25	45	-0.246332
38	46	-0.246718
34	78	-0.248001
7	34	-0.248952
37	50	-0.249152
1	65	-0.249315
21	24	-0.249389
44	64	-0.249449
63	66	-0.249964
7	22	-0.250034
43	72	-0.25098
34	48	-0.251225
27	31	-0.252551
27	61	-0.253012
50	67	-0.253263
46	78	-0.253822
16	64	-0.255984
48	66	-0.256229
17	56	-0.256748
26	58	-0.257589
22	85	-0.258499
34	84	-0.258773
61	86	-0.260081
6	51	-0.261286
33	67	-0.261801
16	29	-0.262095
12	46	-0.263399
38	66	-0.26525
30	62	-0.268183
47	71	-0.270114
43	67	-0.270962
27	74	-0.271152
9	58	-0.274107
15	48	-0.274901
4	46	-0.275378
52	61	-0.275959
31	78	-0.276893
32	71	-0.280085
51	78	-0.280288
9	28	-0.2803
19	48	-0.282539
69	86	-0.283304
29	48	-0.283916
9	21	-0.284293
56	62	-0.285176
1	31	-0.285455
29	56	-0.288137
31	68	-0.298994
27	72	-0.299572
42	68	-0.299877
29	32	-0.299953
4	19	-0.303234
23	52	-0.308131
35	63	-0.31035
64	74	-0.311694
6	67	-0.316901
21	46	-0.318903
16	51	-0.322881
1	27	-0.323108
20	56	-0.327648
15	63	-0.332297
47	76	-0.336575
64	78	-0.340482
48	61	-0.344478
19	44	-0.345256
57	72	-0.350612
35	61	-0.357583
1	63	-0.366016