#==========================================================================
# The first and second rows contain site pairs (i, j) such that j > i
# The third row contains coevolutionary scores obtained 
# using Boltzmann learning algorithm.
# Note that in this data sites are counted/labelled starting from 1
#==========================================================================
2	15	2.56574
10	35	2.47446
7	38	2.46046
8	37	2.29377
9	36	2.24935
4	13	1.87753
3	14	1.69686
11	34	1.50169
6	39	1.38053
1	16	1.03582
13	32	0.892967
4	32	0.890542
1	17	0.853841
44	47	0.818534
28	45	0.787456
28	43	0.705841
16	17	0.697389
28	29	0.696914
45	47	0.686874
15	18	0.664674
36	37	0.655691
9	37	0.635283
31	43	0.618448
22	26	0.611616
26	27	0.606449
8	9	0.600647
8	36	0.586202
17	22	0.579646
43	45	0.570495
2	18	0.565182
23	25	0.525869
28	44	0.523329
6	36	0.514694
17	27	0.508218
45	46	0.50707
24	44	0.481342
24	46	0.473278
4	35	0.471608
24	26	0.47112
37	38	0.469565
24	25	0.457646
32	46	0.450268
10	13	0.445999
6	9	0.430995
15	17	0.425659
6	26	0.420652
11	14	0.418296
25	46	0.416966
14	34	0.410956
13	35	0.406852
4	10	0.403073
3	34	0.402421
18	27	0.389312
7	37	0.383841
1	28	0.382211
16	46	0.379129
1	18	0.377638
46	47	0.37533
13	42	0.368012
3	11	0.36604
11	39	0.364301
30	45	0.354688
6	47	0.337143
7	8	0.333629
3	26	0.328045
16	36	0.32313
25	28	0.314924
6	32	0.31392
38	42	0.313769
27	43	0.312044
17	25	0.307636
32	44	0.306709
8	38	0.305808
14	28	0.302841
22	45	0.30198
40	42	0.299364
16	42	0.295492
2	17	0.284876
23	26	0.284645
22	43	0.284385
26	29	0.281822
40	41	0.277065
26	34	0.274438
8	41	0.270921
28	34	0.270888
21	25	0.269885
8	28	0.269247
30	47	0.263884
16	32	0.259485
16	39	0.252744
37	44	0.252666
7	41	0.250948
21	23	0.25011
19	33	0.246281
29	37	0.244853
28	37	0.241923
19	20	0.24156
5	20	0.238097
32	39	0.237486
20	33	0.235925
25	41	0.235062
8	29	0.230771
17	28	0.229565
29	47	0.228644
34	44	0.227798
22	23	0.22537
6	43	0.223483
18	26	0.222204
5	33	0.221857
41	42	0.218642
18	44	0.217864
8	47	0.216722
6	31	0.215694
27	46	0.215531
34	46	0.214616
17	26	0.21203
31	39	0.211073
1	25	0.209444
12	20	0.209068
25	26	0.208451
18	46	0.207673
18	29	0.207349
3	45	0.205578
15	22	0.204621
2	30	0.20391
4	25	0.200811
11	27	0.200766
5	19	0.199258
20	31	0.197417
14	18	0.196855
3	41	0.196836
26	45	0.196466
1	45	0.196188
1	41	0.194146
11	25	0.192954
22	39	0.188434
12	33	0.188185
2	46	0.187728
9	39	0.187697
1	15	0.186598
2	43	0.186405
12	14	0.186205
5	12	0.186105
25	32	0.185504
3	46	0.184639
12	19	0.183995
19	31	0.182817
3	12	0.182442
13	14	0.180488
3	28	0.179797
11	17	0.179138
22	32	0.179028
5	30	0.178687
43	44	0.176673
5	31	0.173883
4	14	0.173454
37	47	0.17085
7	42	0.169687
31	33	0.169094
35	39	0.167289
27	30	0.167115
30	33	0.166551
36	43	0.166215
6	44	0.164709
19	30	0.164425
1	47	0.163377
41	45	0.162083
18	41	0.161591
10	32	0.159989
26	44	0.159871
27	36	0.158954
32	35	0.158766
27	45	0.157894
7	39	0.155807
13	25	0.15493
9	21	0.154847
34	43	0.153602
14	22	0.153398
7	29	0.153238
20	30	0.150101
9	31	0.149939
7	46	0.147624
27	34	0.147054
23	24	0.147002
39	45	0.146188
31	47	0.145182
28	35	0.144955
40	43	0.144705
18	21	0.144084
8	25	0.141994
10	28	0.141941
26	46	0.141705
18	43	0.141617
8	16	0.139794
20	23	0.139034
19	40	0.135941
35	43	0.133986
31	36	0.133435
29	33	0.131305
27	47	0.130853
9	17	0.130366
14	26	0.129997
7	43	0.128476
9	38	0.128342
21	45	0.128059
10	39	0.128044
6	30	0.127027
31	32	0.125583
20	29	0.125575
5	23	0.124936
20	42	0.124096
25	37	0.123835
16	44	0.123348
5	40	0.122846
39	43	0.120876
19	23	0.119403
11	23	0.119074
7	26	0.11792
28	31	0.117671
23	33	0.116922
20	21	0.116838
1	21	0.116764
5	29	0.115535
1	2	0.115514
24	36	0.115479
17	34	0.115419
14	37	0.114544
38	39	0.114141
3	15	0.111725
4	21	0.110708
14	44	0.110633
5	21	0.109718
11	46	0.109671
16	25	0.109664
15	30	0.10958
22	41	0.109407
10	43	0.10873
12	30	0.107411
12	31	0.104664
23	45	0.104311
29	44	0.103997
19	21	0.103735
12	44	0.103525
29	38	0.103292
10	40	0.102335
9	43	0.101762
33	40	0.101575
11	47	0.101431
14	46	0.101388
24	34	0.101257
31	44	0.100375
19	29	0.100348
7	27	0.100178
1	29	0.100058
6	24	0.0999364
11	28	0.0994048
3	21	0.0991661
12	40	0.0991573
20	40	0.0989261
14	41	0.0986167
16	38	0.0984281
17	41	0.0978645
21	33	0.0963022
16	18	0.0951248
33	34	0.0944026
21	47	0.09311
16	26	0.0929396
2	14	0.0922049
15	43	0.0918928
13	21	0.0916286
21	36	0.0914979
27	40	0.0909421
17	44	0.0907933
32	40	0.090097
3	37	0.0900134
39	46	0.0893521
2	22	0.0884643
15	46	0.0884254
14	21	0.0883834
23	47	0.0882152
15	21	0.0882038
4	23	0.0879899
3	30	0.087936
32	33	0.0873081
18	35	0.0859876
6	38	0.0859214
38	47	0.0836224
33	42	0.0827156
17	38	0.0826246
5	34	0.0825016
4	7	0.0824575
3	13	0.0824563
3	8	0.0822967
35	40	0.0818386
2	32	0.0818138
20	34	0.0813997
17	18	0.0805943
2	3	0.0803072
28	47	0.0789903
12	32	0.0776382
26	28	0.0760534
25	40	0.0744481
5	42	0.0724061
39	40	0.0717433
33	41	0.0716815
20	32	0.0715444
19	32	0.0706797
3	44	0.0706354
8	44	0.0705092
21	32	0.0698749
1	46	0.0698473
21	22	0.0696613
11	19	0.0693332
5	32	0.0687627
5	11	0.0686256
11	33	0.0681563
14	15	0.0676215
18	23	0.0675679
5	41	0.0675656
31	40	0.0672616
39	44	0.0671269
3	18	0.0662728
19	42	0.0662476
19	41	0.0661552
6	16	0.0661187
24	29	0.0646052
8	42	0.0639251
18	30	0.0639218
27	44	0.0635736
11	20	0.0633719
12	45	0.0631362
38	41	0.0612234
24	30	0.0607244
6	7	0.0600795
9	15	0.0592477
2	9	0.0589242
7	21	0.0583617
19	24	0.0569723
22	31	0.0562445
36	39	0.0561773
6	27	0.0561755
2	29	0.0558956
19	34	0.0555626
22	38	0.0554761
22	44	0.0550655
24	32	0.054694
36	47	0.0536336
1	4	0.053047
34	39	0.0525207
24	38	0.0520159
6	20	0.0511623
38	40	0.0509995
2	45	0.0508363
26	40	0.0507867
8	22	0.0506537
22	36	0.0501455
30	46	0.0501233
3	22	0.0499106
24	35	0.0491811
9	16	0.0478942
6	10	0.0470262
12	24	0.0469725
12	23	0.0468075
30	31	0.0465814
6	11	0.0456841
4	45	0.045593
12	42	0.0455726
10	24	0.0454801
10	44	0.0452502
10	18	0.0450592
1	23	0.044965
21	26	0.0433245
12	21	0.0421226
2	25	0.0413445
24	41	0.0410686
24	33	0.0410304
13	23	0.0403996
13	28	0.0403666
8	40	0.0398047
35	44	0.0394735
20	41	0.03882
3	4	0.0385337
30	40	0.0383699
15	23	0.0383099
9	30	0.0375639
2	21	0.0365093
20	24	0.0349584
1	36	0.0348401
3	16	0.0347916
15	32	0.0336238
8	21	0.0335241
22	46	0.0334643
4	29	0.0330249
18	42	0.0328017
38	43	0.0323184
39	47	0.031579
6	33	0.0314839
35	37	0.0296573
22	42	0.0294258
17	36	0.0293781
8	31	0.0284372
18	32	0.0275278
8	12	0.0274231
23	31	0.027189
7	12	0.0269962
17	29	0.0265454
4	28	0.026328
23	30	0.0256282
42	43	0.0254812
15	45	0.02463
23	40	0.0239641
24	37	0.0237562
3	23	0.023646
18	20	0.0230444
14	30	0.0229167
16	33	0.0225761
2	39	0.0223016
16	20	0.0219101
19	35	0.0215561
7	19	0.0210893
10	37	0.0208763
11	24	0.0207169
1	26	0.020623
27	38	0.0203695
31	42	0.0201708
13	29	0.0191551
15	29	0.0189152
18	33	0.0189038
4	27	0.0179356
9	47	0.0176078
10	19	0.0170158
2	23	0.0169701
35	45	0.0166769
2	27	0.0164563
33	35	0.0160965
12	15	0.0160704
22	29	0.015827
10	20	0.0153448
12	41	0.0153428
1	6	0.0150947
5	24	0.0148661
5	13	0.0147504
5	6	0.0147067
5	7	0.0146103
14	25	0.0143811
5	35	0.0141093
1	27	0.0138926
32	42	0.0135862
15	25	0.0132205
5	16	0.01321
5	10	0.0131778
10	33	0.012876
7	17	0.0128735
30	42	0.0124551
31	46	0.0123448
9	10	0.0117646
14	23	0.0110117
4	17	0.0109408
9	24	0.0104347
7	13	0.00863673
6	19	0.00847446
17	47	0.00847046
6	35	0.00845935
2	24	0.00832925
10	36	0.00715615
35	36	0.00702741
16	22	0.00640718
21	31	0.00625284
7	9	0.00548138
10	47	0.00546329
24	31	0.00501844
17	42	0.00483564
11	26	0.00453129
17	30	0.00400699
16	27	0.00358118
30	34	0.00287239
41	43	0.00280139
7	40	0.00181896
4	5	0.000920868
12	28	0.000838109
22	35	0.000723714
13	27	-3.798e-06
26	42	-0.000180132
7	20	-0.000732701
29	45	-0.00142927
39	42	-0.00149638
18	45	-0.00174139
26	41	-0.00184563
12	34	-0.00201313
20	35	-0.00205827
16	24	-0.0024118
18	19	-0.00261431
2	34	-0.00292712
35	47	-0.00309696
27	28	-0.00388186
12	37	-0.00466984
12	26	-0.00470024
25	45	-0.00483858
38	45	-0.00497923
10	22	-0.00509609
21	40	-0.00521665
7	33	-0.0055321
13	20	-0.00562836
15	39	-0.00565985
18	38	-0.00643313
22	30	-0.00667696
14	45	-0.00883839
4	20	-0.00887353
16	19	-0.00914369
8	11	-0.00915398
10	12	-0.00954311
9	13	-0.0095494
31	38	-0.0111
33	43	-0.0113989
31	41	-0.0115803
11	12	-0.0118418
5	18	-0.0123284
15	24	-0.0133901
4	19	-0.0135431
21	24	-0.0136089
32	34	-0.0143414
10	27	-0.0169383
13	36	-0.0182806
8	34	-0.0185192
13	19	-0.0202701
20	43	-0.0204323
17	20	-0.0207625
7	22	-0.021281
26	31	-0.0217561
26	43	-0.0220633
8	35	-0.0221958
22	27	-0.0224533
28	40	-0.0225798
27	31	-0.0231016
30	41	-0.023563
4	33	-0.0235755
23	32	-0.0239312
5	17	-0.0243177
12	29	-0.0250788
15	16	-0.0250833
11	40	-0.0251791
5	43	-0.025534
27	35	-0.0265031
40	44	-0.0266094
21	37	-0.0270915
35	42	-0.028059
21	38	-0.0283358
7	36	-0.0284435
19	43	-0.0289368
34	40	-0.0293077
21	30	-0.0306091
33	38	-0.0306668
4	9	-0.0315789
31	37	-0.031626
17	33	-0.031974
23	46	-0.0320379
22	33	-0.0329128
12	35	-0.0330149
20	22	-0.0335687
4	18	-0.0337975
16	29	-0.0343426
32	41	-0.0345785
23	39	-0.0346182
29	40	-0.0347704
19	22	-0.0350388
23	42	-0.0355223
5	39	-0.0359876
15	36	-0.0373971
11	30	-0.0377227
18	40	-0.0377261
34	47	-0.0383062
1	39	-0.0383937
8	10	-0.0389825
3	42	-0.0402527
17	19	-0.0406515
6	40	-0.0406653
13	33	-0.0408537
5	14	-0.041415
32	43	-0.0415765
29	31	-0.0428164
31	34	-0.0428271
12	22	-0.0446483
37	42	-0.0446856
7	47	-0.0449298
5	38	-0.0450306
4	36	-0.0452406
28	30	-0.0452756
4	37	-0.0453799
25	42	-0.046403
10	42	-0.0466249
42	44	-0.0476237
19	38	-0.0483219
13	45	-0.0486084
29	32	-0.0489102
8	30	-0.0497931
19	39	-0.0501927
2	12	-0.0502379
8	23	-0.0503279
27	32	-0.0504146
9	40	-0.0507861
2	47	-0.0512625
1	33	-0.0520738
23	41	-0.0523027
1	5	-0.0534326
14	33	-0.0543538
1	3	-0.0543965
23	27	-0.0544205
9	35	-0.054891
33	39	-0.0559956
2	40	-0.056672
1	22	-0.0568558
11	31	-0.0574872
41	44	-0.0582453
16	37	-0.058374
20	38	-0.0585547
12	36	-0.0586819
12	38	-0.0591111
24	40	-0.0592312
30	36	-0.0594674
3	47	-0.0594875
5	27	-0.0598835
14	19	-0.0606354
22	37	-0.0609885
27	33	-0.0612317
36	45	-0.061344
44	46	-0.0616421
13	17	-0.0616703
18	28	-0.0617034
10	21	-0.0624589
20	27	-0.0629265
1	10	-0.063056
15	40	-0.0630768
10	46	-0.0633861
15	47	-0.0635331
19	27	-0.0638984
3	20	-0.0644551
29	30	-0.0647186
11	38	-0.0650384
1	13	-0.0651224
8	24	-0.0655047
4	42	-0.0661951
1	14	-0.0670008
1	20	-0.0671082
13	18	-0.0675699
25	36	-0.0695513
6	12	-0.0696076
16	47	-0.0697758
9	20	-0.0698234
5	15	-0.0702516
15	19	-0.0704931
4	38	-0.0711169
12	47	-0.0711331
14	29	-0.0712971
1	19	-0.0717367
4	41	-0.0739505
12	18	-0.0740258
3	19	-0.0743259
27	42	-0.0749165
3	33	-0.0750586
20	39	-0.0755635
25	30	-0.0763224
11	42	-0.076562
13	37	-0.0769166
26	39	-0.0769383
23	34	-0.0784425
5	22	-0.0788824
7	45	-0.0789667
40	46	-0.0792527
4	46	-0.0793447
14	42	-0.0794294
1	35	-0.0804736
9	33	-0.0805561
19	44	-0.0806318
13	41	-0.0809509
37	41	-0.0810636
2	42	-0.0814116
21	42	-0.0814519
15	42	-0.0816316
38	46	-0.0818295
39	41	-0.0820943
30	44	-0.082496
11	41	-0.0830898
3	5	-0.0833201
21	35	-0.0836677
34	42	-0.0843087
34	45	-0.0848647
11	22	-0.0857071
9	44	-0.0867952
21	41	-0.0871507
27	29	-0.0871593
14	20	-0.0873812
5	9	-0.0879851
9	19	-0.0880753
13	47	-0.0883555
25	44	-0.0886132
12	25	-0.0888609
7	31	-0.0899009
28	42	-0.0906001
3	29	-0.0908894
26	37	-0.0909727
6	46	-0.0909788
30	37	-0.0912037
29	36	-0.0914817
11	44	-0.0918939
35	41	-0.0924669
28	39	-0.093653
13	46	-0.0940741
3	36	-0.0940932
4	47	-0.0951172
36	42	-0.0954559
7	34	-0.0955605
6	42	-0.095612
7	16	-0.0956748
24	27	-0.0973817
10	29	-0.0985755
15	33	-0.0992138
33	44	-0.100043
13	30	-0.10024
6	17	-0.100592
10	45	-0.100836
15	20	-0.100869
20	44	-0.101133
15	27	-0.101304
36	40	-0.101472
31	45	-0.101946
12	27	-0.102501
9	11	-0.10322
2	36	-0.103263
9	34	-0.10352
16	41	-0.103543
34	41	-0.104009
40	47	-0.104378
17	43	-0.104571
6	25	-0.104778
9	25	-0.105302
17	23	-0.105315
2	19	-0.105866
13	38	-0.10634
10	41	-0.106854
7	24	-0.107049
9	14	-0.107858
7	11	-0.108163
21	28	-0.109041
10	34	-0.109167
4	30	-0.109535
25	38	-0.109952
9	12	-0.110444
5	44	-0.111744
2	10	-0.111803
21	46	-0.11198
1	42	-0.112183
37	40	-0.112317
29	42	-0.113476
5	37	-0.116406
11	18	-0.117097
33	46	-0.117312
30	32	-0.117619
40	45	-0.117633
25	27	-0.118205
14	35	-0.118841
4	12	-0.118956
2	16	-0.119349
29	35	-0.119359
34	37	-0.119914
2	11	-0.120168
24	42	-0.120632
9	27	-0.121156
34	38	-0.121547
19	25	-0.121761
23	29	-0.121916
20	46	-0.122237
15	44	-0.123054
11	32	-0.123192
2	5	-0.123353
8	26	-0.124846
11	21	-0.124909
1	24	-0.125603
37	43	-0.125888
43	46	-0.126714
21	29	-0.126754
25	47	-0.127337
3	32	-0.127362
37	46	-0.127519
42	47	-0.12781
10	23	-0.128072
6	23	-0.128457
2	41	-0.129184
12	13	-0.129729
13	26	-0.130614
21	44	-0.130697
5	25	-0.130719
34	35	-0.131041
26	30	-0.131086
2	20	-0.132109
22	40	-0.132201
21	34	-0.132374
25	33	-0.132843
6	29	-0.134147
15	41	-0.134255
4	40	-0.134264
27	41	-0.134506
11	35	-0.134785
6	22	-0.135937
19	36	-0.136098
25	39	-0.136385
12	16	-0.136477
33	37	-0.136588
28	41	-0.136689
26	38	-0.137041
24	43	-0.137239
20	25	-0.137393
29	41	-0.137685
3	9	-0.137712
13	24	-0.138029
1	38	-0.138059
8	14	-0.138423
36	38	-0.138542
1	37	-0.138626
18	25	-0.138782
13	40	-0.138863
35	46	-0.139046
12	43	-0.139443
16	40	-0.139823
7	30	-0.139926
10	15	-0.140044
1	30	-0.140728
11	45	-0.14074
6	41	-0.140748
18	31	-0.141043
15	35	-0.14128
5	36	-0.141644
16	30	-0.142153
7	25	-0.142724
12	39	-0.143406
14	16	-0.143579
2	33	-0.14388
6	34	-0.144081
36	44	-0.144237
21	27	-0.144827
17	21	-0.145331
17	40	-0.146212
10	38	-0.146533
1	40	-0.146879
19	46	-0.14803
14	36	-0.148492
1	43	-0.149042
3	40	-0.149633
11	43	-0.149852
4	15	-0.149881
19	45	-0.149996
2	4	-0.150011
16	31	-0.150196
14	27	-0.150414
23	43	-0.15063
34	36	-0.151086
41	46	-0.151102
1	8	-0.151257
30	39	-0.152085
42	45	-0.152102
8	33	-0.152159
5	46	-0.152396
25	43	-0.152551
18	39	-0.152943
23	35	-0.153377
7	23	-0.153392
36	41	-0.154027
2	35	-0.154394
4	22	-0.155073
3	24	-0.15536
29	46	-0.155801
19	47	-0.156392
4	26	-0.156672
15	26	-0.157449
20	37	-0.157814
41	47	-0.158221
17	31	-0.159215
26	33	-0.159341
20	36	-0.159745
14	40	-0.16105
19	26	-0.161124
19	28	-0.161261
9	23	-0.16134
12	17	-0.162007
19	37	-0.162165
25	29	-0.162365
23	37	-0.162411
24	47	-0.162872
5	8	-0.162933
14	24	-0.162951
33	45	-0.16377
8	19	-0.163968
5	28	-0.164706
4	31	-0.165046
20	45	-0.165233
12	46	-0.165423
10	31	-0.165921
1	12	-0.166549
20	47	-0.1672
14	47	-0.167658
35	38	-0.168504
5	47	-0.168685
5	26	-0.169083
10	11	-0.170507
5	45	-0.171404
22	24	-0.17199
9	22	-0.172313
22	47	-0.173169
31	35	-0.173261
11	36	-0.173342
13	31	-0.176374
13	16	-0.17771
7	35	-0.177829
10	14	-0.178619
24	45	-0.178661
9	42	-0.178898
27	39	-0.179276
20	26	-0.179335
8	13	-0.179473
23	38	-0.180321
30	35	-0.180504
28	33	-0.180714
7	10	-0.180715
10	30	-0.180888
3	27	-0.181079
16	35	-0.181101
23	28	-0.181388
33	36	-0.181528
18	47	-0.181574
8	20	-0.18189
1	7	-0.18199
25	31	-0.184723
11	37	-0.186066
22	28	-0.186068
25	34	-0.186544
11	29	-0.187343
4	16	-0.189446
2	28	-0.1899
33	47	-0.191416
4	43	-0.192622
4	24	-0.193295
10	16	-0.193844
20	28	-0.193942
37	39	-0.195331
3	38	-0.195511
9	26	-0.196597
29	34	-0.196701
3	25	-0.197242
6	15	-0.198068
1	9	-0.201055
1	44	-0.201095
13	43	-0.201645
26	47	-0.201826
28	32	-0.201912
16	23	-0.203131
22	25	-0.203782
7	14	-0.204408
29	39	-0.205442
17	24	-0.20678
17	39	-0.207133
1	31	-0.207239
14	39	-0.209617
9	45	-0.209657
16	45	-0.209836
16	28	-0.209848
30	38	-0.210315
11	16	-0.21078
2	26	-0.210945
16	21	-0.210986
11	15	-0.211106
16	34	-0.212263
8	43	-0.212318
6	18	-0.212336
42	46	-0.214261
30	43	-0.214654
6	21	-0.214897
18	22	-0.214948
6	45	-0.215737
15	31	-0.216209
9	29	-0.217536
13	22	-0.217735
9	41	-0.218439
2	13	-0.218783
2	44	-0.219819
28	46	-0.220201
15	38	-0.220233
17	32	-0.222476
17	46	-0.223458
3	31	-0.223946
21	39	-0.225971
13	15	-0.229542
4	39	-0.230848
8	17	-0.231405
18	34	-0.23211
32	47	-0.232428
7	18	-0.232876
9	46	-0.234356
24	39	-0.234923
2	38	-0.235617
8	46	-0.235871
6	37	-0.237533
43	47	-0.237682
44	45	-0.237906
13	39	-0.238601
2	31	-0.239025
18	24	-0.240888
32	37	-0.241746
14	31	-0.244846
14	38	-0.247438
13	44	-0.249447
32	45	-0.249864
28	36	-0.25315
2	6	-0.254313
6	13	-0.256753
17	37	-0.25734
3	39	-0.258417
4	8	-0.258904
13	34	-0.260385
8	39	-0.2617
1	34	-0.261983
6	14	-0.263119
14	32	-0.264332
23	44	-0.265355
1	11	-0.26795
25	35	-0.268458
15	28	-0.270248
23	36	-0.274319
3	35	-0.275275
10	25	-0.276438
8	32	-0.278047
29	43	-0.278999
21	43	-0.280539
3	10	-0.280817
24	28	-0.281965
4	6	-0.282232
4	34	-0.284636
38	44	-0.285536
8	45	-0.286748
15	34	-0.286879
26	32	-0.290533
8	15	-0.291094
14	17	-0.291978
17	45	-0.293558
3	43	-0.295443
8	27	-0.295487
3	7	-0.296764
3	6	-0.299489
14	43	-0.301983
2	8	-0.302858
2	37	-0.312626
10	17	-0.314772
37	45	-0.314867
36	46	-0.316044
11	13	-0.31657
16	43	-0.320878
6	28	-0.322278
4	11	-0.325221
6	8	-0.33257
2	7	-0.340592
26	36	-0.341157
7	28	-0.342636
9	32	-0.34594
7	15	-0.357909
7	44	-0.360035
28	38	-0.364802
18	37	-0.366071
18	36	-0.371804
7	32	-0.375833
9	18	-0.382072
15	37	-0.389844
1	32	-0.390374
3	17	-0.396225
22	34	-0.396756
9	28	-0.398027
17	35	-0.403011
4	44	-0.409375
32	38	-0.409376
27	37	-0.418308
8	18	-0.428178
32	36	-0.459957
26	35	-0.476592
10	26	-0.561508