#==========================================================================
# The first and second rows contain site pairs (i, j) such that j > i
# The third row contains coevolutionary scores obtained 
# using Boltzmann learning algorithm.
# Note that in this data sites are counted/labelled starting from 1
#==========================================================================
40	45	2.10047
19	31	1.54916
31	36	1.53895
8	40	1.47792
19	36	1.47669
40	41	1.34593
8	41	1.30914
19	41	0.714796
31	41	0.703016
8	19	0.665649
8	31	0.624385
36	41	0.533799
19	40	0.529723
36	45	0.479928
19	45	0.46963
31	45	0.464475
31	40	0.44949
15	60	0.410862
36	40	0.377236
30	59	0.361133
4	15	0.358617
15	20	0.354344
15	30	0.353198
15	62	0.352965
1	60	0.338826
4	59	0.332457
8	36	0.32467
4	60	0.320986
1	3	0.320408
3	4	0.319881
15	59	0.313027
30	62	0.312855
3	60	0.307322
1	15	0.305193
20	30	0.304845
59	60	0.303468
30	60	0.303208
3	59	0.30208
1	20	0.301913
1	4	0.29778
3	20	0.295306
20	60	0.292488
20	59	0.291426
57	60	0.290979
4	20	0.289208
1	62	0.288956
58	60	0.288906
20	62	0.287668
3	30	0.283242
1	30	0.283222
5	60	0.283191
4	30	0.282666
60	62	0.282443
17	60	0.281819
20	33	0.276634
5	59	0.275367
3	15	0.26969
15	17	0.268416
58	62	0.267469
30	47	0.266157
3	5	0.264925
1	57	0.264169
20	58	0.263859
3	62	0.261903
15	33	0.261707
59	62	0.261021
15	57	0.260789
17	58	0.259603
4	62	0.257447
5	20	0.256219
3	57	0.254651
1	58	0.254424
33	60	0.252863
30	33	0.252391
30	58	0.251472
17	30	0.25079
5	62	0.24984
3	58	0.249294
1	17	0.247759
1	59	0.247682
33	59	0.247044
30	57	0.24623
3	47	0.246202
47	58	0.245825
5	30	0.244904
20	57	0.243133
4	33	0.239753
33	62	0.238517
4	5	0.238011
33	58	0.237858
4	47	0.237582
57	59	0.237305
47	60	0.236239
4	57	0.236111
33	57	0.233355
5	17	0.233139
5	15	0.232067
57	62	0.229084
17	62	0.227365
15	58	0.227229
17	33	0.227132
17	59	0.224999
47	62	0.224952
5	58	0.223387
4	17	0.223357
57	58	0.222854
58	59	0.221221
1	33	0.22039
5	47	0.219682
15	47	0.218987
33	47	0.21803
5	57	0.216265
17	57	0.215059
47	59	0.211773
4	58	0.209674
3	17	0.2096
3	33	0.209538
20	47	0.208268
1	5	0.206952
5	33	0.202245
17	20	0.200044
47	57	0.192377
17	47	0.183788
1	47	0.176255
41	45	0.13494
29	38	0.0656768
10	38	0.0636878
22	61	0.0635011
27	29	0.0634822
9	56	0.0629259
44	61	0.0606985
10	26	0.0606847
26	29	0.059664
35	61	0.059513
10	61	0.0591642
10	25	0.0591361
14	21	0.0591047
21	26	0.0590098
46	56	0.0588169
44	52	0.058314
21	28	0.0582318
35	55	0.0581846
38	46	0.0578889
28	61	0.0574471
18	22	0.0571275
2	35	0.0565671
9	13	0.0563754
50	56	0.056323
7	14	0.0562344
9	14	0.0560913
24	29	0.0560877
18	42	0.0560027
11	48	0.0558596
12	22	0.0558506
7	28	0.0557053
7	13	0.0554798
13	21	0.0554352
9	28	0.0553292
28	55	0.0552018
21	25	0.0551279
44	56	0.0550643
2	42	0.0549064
9	51	0.0548903
42	56	0.054797
10	12	0.0547952
9	25	0.0547552
18	44	0.0545628
18	35	0.0543859
44	54	0.054384
37	56	0.0542847
7	25	0.0542657
7	18	0.0542515
2	52	0.0541842
25	55	0.0541778
51	55	0.054053
44	50	0.053987
13	46	0.053794
35	53	0.0535786
2	38	0.0535539
6	7	0.0535014
11	55	0.0534915
13	54	0.0534192
46	61	0.0533425
13	39	0.053334
7	56	0.053311
22	38	0.0533043
25	52	0.0532477
22	50	0.0531578
29	42	0.0530836
48	55	0.0530828
11	51	0.0530339
27	49	0.0530185
12	21	0.0530131
7	55	0.0529575
7	48	0.0529539
26	55	0.0528859
2	48	0.0528774
12	29	0.0527517
48	61	0.0527173
24	61	0.0526855
16	27	0.0526803
21	38	0.0526058
27	37	0.0525886
35	54	0.0525799
2	26	0.0525744
2	50	0.0524028
2	28	0.0524002
14	46	0.0522355
12	13	0.0521841
39	44	0.0521789
51	52	0.0520926
6	39	0.0520418
24	52	0.0520164
11	25	0.0519481
10	27	0.0519347
39	48	0.0519296
10	37	0.0518259
27	43	0.0517332
12	35	0.0517241
11	46	0.0516228
29	53	0.0515671
42	55	0.051537
23	34	0.0515033
21	23	0.0514712
26	46	0.051457
23	43	0.0514476
27	34	0.0512978
37	61	0.0511506
38	49	0.0510754
48	54	0.0510545
14	39	0.0510507
6	54	0.0510461
26	53	0.0510085
28	46	0.051008
11	53	0.0509668
18	21	0.0509444
10	43	0.0508793
54	55	0.0508158
24	56	0.0506903
27	28	0.0506734
11	32	0.0505515
27	35	0.0505378
18	28	0.0505214
46	51	0.0504817
23	61	0.0504813
28	53	0.0503567
32	61	0.0503443
34	56	0.0502996
21	49	0.0502727
26	56	0.0502709
22	37	0.0502566
28	39	0.0501682
42	46	0.0500912
55	56	0.0500877
39	55	0.0500506
7	49	0.0499889
23	51	0.0499797
13	16	0.0498986
25	46	0.0498539
14	50	0.0498385
43	56	0.0498201
35	39	0.049812
25	53	0.0498117
25	39	0.0496995
28	54	0.0496905
25	27	0.0496753
18	27	0.049657
18	23	0.0496501
28	50	0.0495991
22	26	0.0495676
28	38	0.0495368
42	53	0.0494875
22	43	0.049442
46	54	0.0494118
12	14	0.0493791
42	49	0.0493519
32	52	0.0493313
27	51	0.0493258
29	43	0.0493021
13	50	0.04928
34	38	0.0492725
52	55	0.0492483
25	54	0.0492369
38	48	0.0492336
18	54	0.0491785
22	34	0.0491623
48	56	0.0491108
37	42	0.0491062
2	37	0.0490537
2	12	0.0490432
23	48	0.0490333
6	46	0.0490227
37	52	0.0490005
35	50	0.0489922
7	43	0.0489881
29	34	0.048901
10	14	0.04889
27	48	0.0488868
51	53	0.0488602
46	48	0.048774
25	38	0.04869
21	43	0.0486837
6	29	0.0486546
36	58	0.0486514
25	50	0.0486412
12	28	0.0486118
11	43	0.0485981
16	44	0.0485689
7	23	0.0485147
18	24	0.0485146
39	56	0.0484904
10	42	0.0484533
24	39	0.048451
2	25	0.0484114
22	55	0.0483901
37	54	0.0483697
52	56	0.0482935
32	55	0.0482921
18	26	0.0482378
38	53	0.0482378
21	27	0.0482343
53	54	0.048233
48	53	0.0481948
9	32	0.0481774
2	11	0.0481674
42	43	0.0481386
39	46	0.0481124
22	39	0.0481103
10	44	0.048107
24	54	0.0480818
28	29	0.0480809
16	55	0.048078
6	16	0.0480698
22	25	0.0480571
18	48	0.0480365
16	48	0.048002
18	51	0.047965
2	23	0.0479611
24	50	0.0479157
6	10	0.0479139
44	49	0.0478666
14	16	0.047843
10	24	0.0478147
18	50	0.0477437
22	52	0.0476987
9	49	0.0476908
13	29	0.0476507
22	42	0.0476495
7	24	0.0476359
10	48	0.0476007
26	37	0.0475496
49	55	0.0475489
50	51	0.0475359
54	56	0.0475271
38	52	0.0475028
25	29	0.047487
23	39	0.0474808
18	46	0.0474468
46	52	0.0473955
16	28	0.0473471
10	34	0.0473289
22	54	0.0473267
12	55	0.0473255
7	53	0.0473126
23	25	0.0472707
9	44	0.0472557
38	56	0.0472173
29	54	0.0471993
28	44	0.0471893
13	42	0.0471818
11	24	0.0471654
50	55	0.0471181
14	37	0.047107
26	44	0.0471003
14	44	0.0470899
10	13	0.047048
25	42	0.0470035
29	51	0.0469316
10	28	0.0468852
11	22	0.0468467
16	35	0.0468445
39	53	0.0468073
6	22	0.0468059
6	37	0.0467983
29	61	0.0467942
16	25	0.0467775
28	37	0.0467569
7	34	0.0466537
14	29	0.0466517
11	34	0.0466378
10	51	0.0465987
23	56	0.0465957
12	51	0.0465696
16	61	0.0465671
12	24	0.0465551
27	39	0.0465153
13	44	0.0465111
23	46	0.0465084
10	54	0.0464955
37	48	0.0464855
37	50	0.046473
21	35	0.0464603
22	48	0.0464469
9	35	0.0464389
34	44	0.0464253
13	37	0.0463732
9	22	0.0463698
27	52	0.0463654
23	38	0.0463496
2	29	0.0463405
23	54	0.0463047
18	39	0.0462819
13	61	0.0462793
9	29	0.0462567
13	26	0.0462217
13	43	0.0462091
23	37	0.0461257
13	34	0.0460939
38	51	0.046092
12	46	0.0460822
27	56	0.0460518
29	44	0.0460372
7	61	0.0460264
42	44	0.0459994
27	46	0.0459873
52	53	0.0459668
6	21	0.0459499
10	18	0.0459479
27	54	0.0459384
13	24	0.045937
9	16	0.0459067
25	56	0.0458851
2	7	0.0458841
25	44	0.0458806
23	53	0.0458641
49	61	0.045815
2	6	0.0458134
46	50	0.0457808
21	34	0.0457684
25	37	0.0457297
12	56	0.0456974
29	50	0.0456882
7	22	0.0456556
53	56	0.0456046
7	29	0.0455984
10	56	0.045595
32	38	0.0455924
37	46	0.0455614
29	39	0.0455321
11	27	0.0454837
35	43	0.045448
11	29	0.0454308
2	49	0.0453401
29	48	0.0453252
11	21	0.04532
26	35	0.0453159
37	53	0.0452439
16	26	0.0452019
29	55	0.0451146
25	35	0.0450971
11	16	0.0450642
32	50	0.0450298
24	38	0.045009
16	56	0.0449955
21	48	0.0449933
6	49	0.0449907
10	39	0.0449796
7	27	0.0449226
6	9	0.0448933
21	42	0.0448749
10	55	0.0448567
29	35	0.0448394
12	27	0.0448294
2	43	0.0448191
34	35	0.0447843
6	61	0.0447808
12	25	0.0447686
12	53	0.0447339
10	11	0.0447168
32	46	0.0447127
11	42	0.0446483
21	54	0.0446223
16	46	0.0446029
6	24	0.0445906
6	11	0.0445236
13	55	0.0444892
43	61	0.0444675
13	25	0.0444504
21	52	0.0444336
6	26	0.0443736
24	37	0.0443687
38	54	0.044335
24	49	0.0443224
24	35	0.0442736
12	37	0.0441952
16	22	0.0441877
49	54	0.0441859
10	50	0.0441822
11	61	0.0441589
22	46	0.0441288
34	55	0.0441105
34	61	0.0440671
48	49	0.0440427
44	51	0.0440375
37	51	0.044035
26	49	0.0439554
35	42	0.0439315
9	48	0.0439226
7	44	0.0439018
6	43	0.0439004
6	18	0.0438905
26	48	0.0438343
24	48	0.043822
16	23	0.0437919
12	32	0.0437666
25	61	0.0437288
6	34	0.0437066
11	54	0.0436815
26	34	0.043629
46	49	0.0436235
35	46	0.043603
9	26	0.0435734
18	29	0.0435245
14	24	0.043473
27	32	0.0434717
34	48	0.0434316
2	44	0.0434109
21	55	0.0434101
18	32	0.0434036
22	53	0.0433896
38	50	0.043383
11	14	0.0433611
26	43	0.043354
7	26	0.0433424
16	52	0.0433308
10	35	0.0433305
24	34	0.0433236
12	38	0.0432817
32	53	0.0432462
32	37	0.0432427
23	32	0.0432075
21	24	0.0431889
12	44	0.0431732
24	43	0.0431635
37	39	0.0431553
2	54	0.0431438
16	53	0.0431257
29	56	0.0430984
6	55	0.0430965
39	42	0.0430473
11	28	0.0430188
11	26	0.0429908
43	54	0.0429787
2	9	0.042978
14	48	0.0429553
14	34	0.0429085
2	34	0.0428974
14	26	0.0428557
21	50	0.0427866
24	28	0.0427476
24	55	0.0427443
23	50	0.0427068
9	34	0.042706
11	50	0.0427015
32	42	0.0426632
26	61	0.0425998
13	51	0.0425981
26	28	0.0425758
28	43	0.0425226
14	55	0.0425013
42	54	0.0424784
13	23	0.0424727
29	32	0.0424585
13	48	0.0424431
14	43	0.0424174
25	34	0.0424072
54	61	0.0423966
32	35	0.0423947
2	39	0.0422927
39	49	0.0422665
28	48	0.0422539
43	50	0.0422335
43	46	0.0422249
49	53	0.0422185
9	61	0.0421981
44	46	0.0421962
6	28	0.0421849
21	56	0.0420983
26	52	0.0420092
35	48	0.0419943
51	61	0.0419783
35	51	0.0419776
11	18	0.0419543
11	56	0.041934
6	35	0.0419313
2	14	0.041928
12	18	0.0419172
7	52	0.0418873
14	61	0.0418287
48	52	0.0418211
50	53	0.0418065
6	38	0.0417768
9	18	0.0417723
28	52	0.0416829
14	52	0.0416573
6	52	0.0416266
22	29	0.0416071
10	16	0.0415872
10	32	0.0415765
12	42	0.0415727
44	53	0.0415705
13	52	0.0415235
16	50	0.0415168
6	25	0.0415149
7	42	0.0414514
13	32	0.0413996
24	51	0.0413887
16	29	0.0413622
34	52	0.0413618
38	39	0.041344
48	51	0.0412959
7	10	0.0412758
39	43	0.0411409
25	28	0.0411114
49	51	0.0410533
6	51	0.0410449
22	49	0.0410414
21	39	0.0409866
38	61	0.0409838
10	46	0.0409713
9	24	0.0409624
38	44	0.0409186
9	54	0.0408956
43	53	0.0408783
14	54	0.040865
6	23	0.0408113
26	51	0.0406695
12	49	0.0406146
12	48	0.0405668
37	49	0.0405656
14	22	0.0405271
34	54	0.0405116
7	9	0.0405087
18	38	0.0404709
9	39	0.0404597
23	55	0.0404026
14	38	0.0403735
23	35	0.0403427
55	61	0.04029
24	26	0.040266
21	61	0.0402561
21	37	0.0402211
14	51	0.0401996
10	23	0.0401981
7	12	0.0401081
6	56	0.0400748
11	37	0.0400567
32	44	0.040054
43	51	0.0400378
7	37	0.0400352
22	56	0.0400012
6	27	0.0399404
35	56	0.0398097
25	49	0.0396757
7	51	0.0396683
13	53	0.0396183
2	24	0.0396181
10	49	0.0395911
23	29	0.0395834
29	37	0.0395513
16	42	0.0395453
10	53	0.0395334
7	50	0.0395152
52	61	0.0395152
6	32	0.0394031
27	61	0.0393837
24	25	0.0393834
39	61	0.039326
25	26	0.0393231
34	46	0.0392481
16	37	0.0392417
23	28	0.0392326
25	43	0.0392086
34	50	0.0392026
24	46	0.0391746
35	52	0.0391428
22	28	0.0390374
32	48	0.0390208
18	34	0.0390129
13	38	0.038999
32	49	0.0389888
21	53	0.0389235
25	51	0.0389215
2	46	0.038893
14	23	0.0388614
46	55	0.0388603
52	54	0.0388209
12	43	0.0387876
14	25	0.0386952
34	39	0.0386901
14	27	0.0386131
53	61	0.0385992
12	16	0.0385929
35	38	0.0385903
21	32	0.0385872
26	27	0.0385839
32	34	0.0385827
21	46	0.038533
11	39	0.0385315
16	38	0.0385197
2	22	0.0384886
23	26	0.0384325
50	61	0.0384274
28	32	0.0384252
2	27	0.0384132
6	53	0.0382934
22	35	0.0382601
24	53	0.03825
26	39	0.0382424
2	10	0.038204
49	56	0.0381996
6	12	0.0381451
38	42	0.0381447
32	43	0.0381415
14	32	0.0381335
26	32	0.0380319
14	53	0.0379405
16	43	0.0379309
39	52	0.0378871
14	18	0.0378512
26	54	0.0377633
2	16	0.0376939
29	49	0.0376781
23	42	0.0376732
11	49	0.037605
29	46	0.0375634
26	50	0.0375394
6	44	0.0375243
16	24	0.0375081
38	43	0.0374486
9	12	0.0374205
9	37	0.0373942
48	50	0.0373349
7	32	0.0373255
35	44	0.0372003
11	38	0.037149
22	44	0.0370295
6	50	0.037014
42	51	0.0369731
26	38	0.0369509
16	21	0.0369184
44	55	0.0368393
18	52	0.0367904
34	37	0.0367741
28	56	0.0367571
7	38	0.0367467
22	51	0.036723
9	38	0.036635
7	46	0.0365627
50	54	0.0365359
12	34	0.0364751
43	49	0.0363857
18	25	0.0363847
18	53	0.0363789
28	42	0.0363545
21	44	0.0363476
22	24	0.0363414
21	22	0.0362533
38	55	0.0362435
9	46	0.0361277
35	37	0.0360188
12	26	0.0359877
23	24	0.0358411
39	51	0.0357863
26	42	0.0357619
18	37	0.0356946
9	23	0.0356734
6	42	0.0356052
24	32	0.035544
39	50	0.0355148
42	48	0.0354817
14	42	0.0354728
2	13	0.0354688
9	27	0.0353363
24	27	0.0353356
12	52	0.0353078
51	54	0.0352099
7	11	0.0352019
32	56	0.0351422
12	61	0.0351237
43	52	0.035079
13	49	0.0349158
23	52	0.0348546
34	43	0.0348384
9	11	0.0347445
16	34	0.034734
9	10	0.0346824
12	23	0.0346414
22	23	0.0346223
42	61	0.0345854
7	35	0.0345654
9	53	0.0345501
34	49	0.0345147
56	61	0.034327
11	13	0.0342938
27	55	0.0342841
16	18	0.0341645
2	32	0.0340975
36	47	0.0339096
12	54	0.0338879
32	39	0.0338615
29	52	0.0337425
35	49	0.0337366
46	53	0.033661
6	14	0.0336519
11	44	0.0336298
12	50	0.0335759
9	43	0.0335359
23	27	0.0334939
23	49	0.0334866
6	13	0.0334474
9	21	0.0334382
43	44	0.033422
44	48	0.0333299
43	55	0.0332317
49	52	0.0331829
27	53	0.032969
42	52	0.032907
27	50	0.0328859
32	54	0.0328643
14	35	0.0328136
27	38	0.0325234
2	55	0.0324342
11	35	0.0323501
18	56	0.0322238
13	28	0.0321877
18	49	0.0321767
13	18	0.032166
22	27	0.0320612
22	32	0.0320362
16	51	0.0319373
14	49	0.0318948
7	16	0.0318277
12	39	0.0318018
9	42	0.0317867
11	52	0.0314554
2	61	0.0314422
21	29	0.0313799
43	48	0.0313226
28	35	0.0311269
18	55	0.0310417
13	35	0.0310007
5	36	0.030984
34	42	0.0309058
49	50	0.0308508
16	54	0.0308386
28	49	0.0308218
10	22	0.0306716
7	54	0.0305948
21	51	0.0305847
27	44	0.030283
28	51	0.0302349
16	32	0.0302138
2	18	0.0300669
6	48	0.0300391
34	51	0.0300069
14	28	0.0299853
7	21	0.0297299
18	61	0.0295304
16	49	0.0294628
13	22	0.0294471
24	42	0.0292846
18	43	0.0287845
34	53	0.0285934
9	52	0.0283195
13	27	0.028102
37	55	0.0280546
2	51	0.0279291
16	39	0.0274584
2	53	0.0272472
37	38	0.0270645
27	42	0.0267901
9	50	0.0267086
11	12	0.0266927
37	43	0.0264219
7	39	0.0259369
37	44	0.0257984
25	48	0.0256012
11	23	0.0254489
23	44	0.0254165
50	52	0.02472
14	56	0.0242614
53	55	0.0240873
10	52	0.0238861
9	55	0.0237847
51	56	0.0235067
10	29	0.0231989
25	32	0.0223604
32	51	0.0221867
2	21	0.0221282
24	44	0.0216501
13	14	0.0209702
28	34	0.0206532
2	56	0.0190861
42	50	0.0162045
20	31	0.0160087
17	36	0.0152438
13	56	0.0142273
36	57	0.0136853
39	54	0.0119541
10	21	0.0108919
19	33	0.00920543
40	47	3.28393e-05
3	36	-0.00340518
17	40	-0.00737465
15	36	-0.00879241
19	57	-0.00988726
31	33	-0.0110207
4	36	-0.0119173
45	53	-0.0175021
16	45	-0.0198285
45	55	-0.0201381
2	45	-0.0203413
10	45	-0.0220832
34	45	-0.0224184
36	59	-0.0228135
45	46	-0.0239846
9	45	-0.0256305
45	51	-0.0288517
8	27	-0.0297968
6	45	-0.0297974
27	45	-0.0298864
32	45	-0.0301679
21	45	-0.0313159
40	57	-0.0318386
33	36	-0.0329523
31	62	-0.0330548
8	55	-0.0335888
33	40	-0.0336012
41	49	-0.0336641
22	45	-0.0337133
36	62	-0.0339372
39	45	-0.0341046
45	49	-0.0343623
8	9	-0.0346433
18	45	-0.0349611
8	50	-0.0353444
6	8	-0.036251
30	36	-0.0365218
43	45	-0.0369414
17	31	-0.0372214
8	18	-0.0373939
25	41	-0.0374484
45	50	-0.0379774
42	45	-0.0385084
45	54	-0.0385243
24	45	-0.0385861
32	47	-0.0391416
19	58	-0.0393935
8	56	-0.0394878
2	8	-0.0397563
14	45	-0.0398098
45	56	-0.0409755
12	45	-0.0410211
38	45	-0.0413372
9	59	-0.0420977
28	41	-0.042266
8	12	-0.0424582
14	41	-0.0427847
41	43	-0.0431404
26	45	-0.0433528
5	19	-0.0435641
13	45	-0.0435882
35	41	-0.0438392
8	32	-0.0440629
8	13	-0.0442868
5	31	-0.0442935
19	47	-0.0447277
37	45	-0.0448921
45	52	-0.0449412
41	44	-0.0450037
8	23	-0.0451775
18	41	-0.0454232
4	51	-0.0454555
8	54	-0.0455388
8	16	-0.0456239
8	38	-0.0456908
8	44	-0.0458641
8	24	-0.0458826
8	51	-0.0461502
8	42	-0.0464506
52	62	-0.0466664
7	45	-0.047439
32	41	-0.0474917
36	60	-0.0475696
8	61	-0.0476216
8	22	-0.0476853
39	62	-0.0477624
31	57	-0.0477921
3	52	-0.0479623
1	18	-0.0480634
13	41	-0.0484331
47	53	-0.0484626
8	49	-0.0486495
8	26	-0.0489151
45	58	-0.0491105
8	14	-0.0496401
45	61	-0.0496441
29	45	-0.0497011
54	62	-0.0497487
8	11	-0.0499684
41	42	-0.0500154
4	42	-0.0503232
8	34	-0.050351
37	41	-0.0507465
4	32	-0.0512464
8	37	-0.0515167
41	55	-0.0515711
23	41	-0.0516617
20	21	-0.0516653
8	52	-0.0517649
24	41	-0.0518585
4	37	-0.051934
41	53	-0.052186
8	10	-0.0524375
7	8	-0.0526748
28	45	-0.0526987
8	29	-0.052881
27	30	-0.0531325
25	47	-0.053262
29	62	-0.0533344
20	29	-0.0534077
45	48	-0.0537158
8	25	-0.0539411
8	21	-0.0540376
10	20	-0.0543207
9	20	-0.0544532
41	51	-0.0544899
23	30	-0.0545548
8	43	-0.0546479
1	29	-0.0546886
50	59	-0.0547496
14	47	-0.0547896
3	12	-0.0548888
44	58	-0.0549153
4	16	-0.0552003
20	23	-0.0552131
34	47	-0.0555956
42	59	-0.0557016
3	28	-0.0557449
21	62	-0.0558951
9	15	-0.0559442
1	37	-0.0559521
3	11	-0.0559995
49	62	-0.0561417
8	28	-0.0561739
43	59	-0.0562569
46	59	-0.0563126
31	58	-0.0564692
1	49	-0.0565452
13	47	-0.0566156
20	52	-0.0567411
2	41	-0.0567702
1	46	-0.0569568
47	51	-0.0569944
8	39	-0.0570078
8	48	-0.0571878
23	59	-0.0573328
52	59	-0.0573718
25	45	-0.0574472
44	57	-0.057625
34	41	-0.0578632
23	45	-0.0578657
20	46	-0.0578869
54	59	-0.0580201
8	35	-0.058133
5	50	-0.0581403
33	51	-0.0582912
1	31	-0.0583095
50	62	-0.058332
7	62	-0.0586825
39	59	-0.0587183
47	55	-0.0587486
10	62	-0.0587784
55	59	-0.0588155
4	56	-0.0588795
20	39	-0.058963
33	34	-0.0589779
4	50	-0.0591053
4	6	-0.0591127
3	6	-0.0591774
12	59	-0.059306
44	45	-0.0593731
47	61	-0.0593816
7	30	-0.0594858
5	43	-0.0595111
5	18	-0.0595405
1	28	-0.0595519
1	55	-0.0595707
48	59	-0.0596467
1	48	-0.0598018
16	41	-0.0598879
48	62	-0.059986
1	14	-0.0600117
16	20	-0.0600154
8	46	-0.060187
30	38	-0.0604016
4	7	-0.0605779
41	46	-0.0605884
3	39	-0.0606891
3	42	-0.0607643
56	62	-0.0608137
43	47	-0.0608576
16	62	-0.0608579
22	57	-0.0610135
3	61	-0.0610148
37	62	-0.0613149
3	48	-0.061327
27	59	-0.0615824
3	14	-0.0616576
22	41	-0.0617085
12	62	-0.06172
41	52	-0.0617382
35	62	-0.0617467
38	58	-0.0617668
15	61	-0.0618134
12	20	-0.0618439
21	30	-0.0619347
8	33	-0.0620181
24	59	-0.0620197
3	7	-0.0620534
3	27	-0.062061
32	57	-0.0620644
31	60	-0.0620664
1	23	-0.0622413
21	33	-0.062251
1	9	-0.0622959
14	30	-0.0623081
3	37	-0.0623365
24	47	-0.0625386
1	53	-0.0625884
1	6	-0.0627528
53	58	-0.0628044
30	35	-0.0628972
1	13	-0.0629182
20	50	-0.0629272
26	59	-0.0629336
47	56	-0.0629693
59	61	-0.0629749
28	62	-0.0629751
4	28	-0.0630523
20	37	-0.0630547
5	9	-0.0630644
9	41	-0.0630763
3	35	-0.0631024
11	45	-0.0631337
41	54	-0.0633085
23	60	-0.0633674
20	49	-0.0633933
21	59	-0.0633946
4	21	-0.0634361
9	30	-0.0634456
3	34	-0.0634582
11	30	-0.0634892
15	42	-0.0635973
4	34	-0.0636262
18	47	-0.063628
15	50	-0.0636526
1	43	-0.0637054
3	46	-0.0637408
1	12	-0.0637761
49	59	-0.0638917
4	46	-0.0638985
29	60	-0.0640378
11	17	-0.0640807
15	18	-0.0640929
53	57	-0.0640982
6	41	-0.0642098
1	42	-0.0642589
20	43	-0.0643187
34	59	-0.0643767
29	41	-0.0644154
30	32	-0.0644181
26	47	-0.0645581
6	47	-0.0645867
2	58	-0.06463
13	57	-0.0647649
5	12	-0.0648423
4	18	-0.0648484
54	57	-0.0648559
32	62	-0.0648717
24	30	-0.0648885
35	57	-0.0649413
8	53	-0.0649447
1	35	-0.0649686
20	22	-0.064998
5	52	-0.0650189
33	42	-0.0650312
3	54	-0.0650413
39	47	-0.0650752
28	59	-0.0651567
15	27	-0.0652842
43	62	-0.0653161
11	20	-0.0653574
29	59	-0.0653978
1	34	-0.0655163
32	33	-0.0655585
2	4	-0.0655814
5	38	-0.0655843
22	33	-0.0655934
16	59	-0.0655944
1	61	-0.0656091
7	57	-0.0656938
30	37	-0.065703
30	39	-0.0657047
11	41	-0.0657396
20	28	-0.0657555
5	26	-0.0657891
5	13	-0.0658002
7	20	-0.065809
41	48	-0.0658563
4	26	-0.0658978
2	47	-0.065907
5	10	-0.0659112
41	50	-0.0659388
3	21	-0.0660321
3	50	-0.0661343
1	52	-0.0661517
3	29	-0.0662634
30	54	-0.0662766
48	58	-0.0663178
17	53	-0.0663284
33	53	-0.0664075
20	54	-0.0664308
47	49	-0.0664696
30	61	-0.0664833
5	44	-0.0665386
40	58	-0.0665407
1	36	-0.0665451
47	50	-0.0665802
51	62	-0.0666414
12	47	-0.0666749
25	30	-0.0667119
31	47	-0.0667613
22	30	-0.0667706
11	62	-0.0667728
34	62	-0.0668268
13	33	-0.0668928
14	62	-0.0669613
4	39	-0.066966
11	60	-0.0671762
1	10	-0.0672128
17	26	-0.0672268
20	51	-0.0672666
15	39	-0.0673563
5	34	-0.0674071
27	57	-0.0675358
1	56	-0.0676393
5	42	-0.0677056
3	13	-0.067713
17	42	-0.0677461
4	49	-0.067754
23	62	-0.0677998
17	22	-0.0678369
16	33	-0.0679344
33	44	-0.0679496
17	56	-0.0679623
20	44	-0.067989
16	47	-0.0680311
17	25	-0.0680846
17	32	-0.0681454
5	53	-0.0681704
17	52	-0.0682718
13	58	-0.0682961
35	60	-0.0683056
17	49	-0.0684148
5	24	-0.068502
4	9	-0.068537
6	17	-0.0685489
17	50	-0.0685859
4	54	-0.0685999
2	5	-0.0686324
14	57	-0.0686417
45	57	-0.0686529
21	58	-0.0686724
12	17	-0.0686732
1	24	-0.0687147
33	49	-0.068728
1	11	-0.0691634
3	44	-0.0692212
15	21	-0.0692701
17	18	-0.0692946
4	35	-0.0693343
15	43	-0.0693355
12	30	-0.0693594
4	24	-0.0693748
20	32	-0.0695297
34	57	-0.0695478
35	45	-0.06956
37	59	-0.0695639
13	17	-0.0695712
15	54	-0.0696098
10	41	-0.0696164
17	23	-0.0696237
15	46	-0.0696271
28	60	-0.069726
3	56	-0.0697276
2	33	-0.0698067
1	32	-0.0698327
51	58	-0.0698547
14	59	-0.0698571
17	44	-0.0698597
51	57	-0.069883
5	48	-0.0699156
47	52	-0.0699184
6	30	-0.0699251
45	47	-0.0699697
20	34	-0.0700422
7	15	-0.0700667
1	50	-0.0700865
4	43	-0.0701191
47	54	-0.0701917
2	59	-0.0701921
30	56	-0.0703116
2	20	-0.0703138
3	26	-0.0703509
26	30	-0.0703665
30	52	-0.0703677
9	58	-0.070395
4	38	-0.0703954
4	13	-0.0704083
17	34	-0.0704196
48	60	-0.0704245
6	33	-0.0704262
30	31	-0.0704456
39	57	-0.0704697
41	57	-0.0705733
1	16	-0.0706037
12	15	-0.0706079
28	33	-0.0706226
24	58	-0.0706388
5	55	-0.070699
53	59	-0.0707413
4	14	-0.0707546
33	35	-0.0707621
29	30	-0.0707825
1	25	-0.0707908
14	60	-0.0707966
4	19	-0.0707978
17	24	-0.0708611
4	22	-0.0709032
3	43	-0.0709871
41	61	-0.0710182
4	29	-0.0711097
30	44	-0.0711163
14	17	-0.071154
15	52	-0.071191
2	62	-0.0712097
46	62	-0.0712101
44	47	-0.0713335
3	40	-0.0713904
1	27	-0.0714033
16	30	-0.071433
10	57	-0.0714342
32	58	-0.0714409
5	21	-0.0716109
12	57	-0.0717539
17	48	-0.0717747
27	60	-0.0718163
4	52	-0.0718245
3	10	-0.0718755
22	62	-0.0718994
20	55	-0.0719621
2	57	-0.0719633
12	41	-0.0719651
58	61	-0.0720024
11	57	-0.072018
17	51	-0.0720422
16	57	-0.0721081
32	59	-0.072202
10	17	-0.0722436
24	57	-0.0722519
38	59	-0.0723519
10	30	-0.0724285
30	55	-0.0724524
27	47	-0.072501
39	41	-0.0725089
33	48	-0.0726489
5	39	-0.0726617
56	60	-0.0726931
6	60	-0.0727146
35	47	-0.072715
14	33	-0.0727165
23	57	-0.0727716
33	37	-0.0728137
30	42	-0.0728307
25	59	-0.0728565
18	59	-0.0728607
4	25	-0.072895
38	60	-0.0729613
42	47	-0.073031
3	53	-0.0730596
51	59	-0.0730623
3	23	-0.0731108
1	44	-0.0732054
56	57	-0.0732196
28	47	-0.0732257
3	51	-0.0732462
11	58	-0.0732589
2	17	-0.0733011
33	50	-0.0734579
15	32	-0.0734601
17	19	-0.0735542
25	33	-0.0736718
41	56	-0.0737019
52	58	-0.0737048
6	59	-0.0737343
44	60	-0.073783
18	30	-0.0738475
9	17	-0.0738739
13	62	-0.0738961
5	16	-0.0738989
6	15	-0.0740371
11	15	-0.0741095
20	24	-0.0741749
17	35	-0.0741989
43	58	-0.0742332
61	62	-0.0742875
4	12	-0.0742955
10	59	-0.0745258
33	38	-0.0745637
20	48	-0.0746046
39	60	-0.0746113
11	59	-0.0746891
4	10	-0.0747493
3	24	-0.0747622
1	38	-0.0748067
20	42	-0.0748525
7	41	-0.0748697
54	60	-0.0749859
18	62	-0.0749865
21	60	-0.0750647
13	60	-0.0751147
49	57	-0.0751819
1	39	-0.0752831
13	30	-0.0753016
7	60	-0.0753223
5	51	-0.0753301
15	55	-0.0753609
15	31	-0.0754006
38	41	-0.0754181
20	53	-0.0754293
2	30	-0.0756002
16	58	-0.0756879
26	62	-0.0756965
7	17	-0.0757437
24	33	-0.0757973
2	15	-0.0758005
38	47	-0.0758114
20	26	-0.0758558
20	35	-0.0759662
43	57	-0.0759989
37	47	-0.0760055
5	40	-0.0760954
4	55	-0.0761031
15	53	-0.0761274
3	49	-0.0761483
15	34	-0.0761832
19	60	-0.0762663
22	60	-0.0762779
49	60	-0.0763412
34	58	-0.0764294
1	22	-0.0764343
33	61	-0.0765095
23	33	-0.076573
5	27	-0.0766502
7	47	-0.0767113
27	41	-0.0767561
6	20	-0.0768456
17	61	-0.0769453
4	48	-0.0770871
7	59	-0.0770877
15	26	-0.0771358
42	58	-0.0772041
15	16	-0.077252
30	51	-0.0773178
11	33	-0.0773477
22	58	-0.0773979
12	60	-0.0774244
8	45	-0.0774884
44	59	-0.0774933
30	49	-0.0775303
5	11	-0.0775447
3	55	-0.0775448
5	32	-0.0776024
23	36	-0.0777896
17	41	-0.077897
1	26	-0.0779273
4	53	-0.0781259
22	59	-0.0782065
1	2	-0.078229
1	21	-0.0782683
5	6	-0.0782715
44	62	-0.0782774
42	62	-0.0783991
33	43	-0.0785861
21	41	-0.0785868
2	3	-0.0787201
37	57	-0.0787321
51	60	-0.0787656
38	62	-0.0788591
17	54	-0.0789283
3	9	-0.0789367
18	20	-0.0790217
19	20	-0.0790454
35	58	-0.0791159
15	51	-0.0791268
13	36	-0.079157
17	55	-0.0792353
5	61	-0.0793304
4	23	-0.0795168
33	39	-0.0795477
23	47	-0.0796328
7	33	-0.0796531
46	60	-0.0796766
26	60	-0.079681
25	58	-0.0796822
6	62	-0.0797504
52	60	-0.0797576
4	27	-0.0797765
17	27	-0.0798172
4	61	-0.0799189
26	41	-0.0799221
55	57	-0.0799463
30	53	-0.0799512
26	57	-0.0800266
25	62	-0.0800913
17	38	-0.0802359
27	58	-0.0802704
30	50	-0.0802819
15	38	-0.0802845
30	43	-0.0803875
56	58	-0.080463
14	15	-0.0805097
17	39	-0.0805906
11	36	-0.0805984
20	56	-0.0806254
27	62	-0.0807049
15	56	-0.0807226
10	33	-0.080725
60	61	-0.080793
5	54	-0.0809172
19	35	-0.0809177
9	60	-0.0809507
5	37	-0.0809869
8	17	-0.0809886
18	58	-0.0810038
17	43	-0.0810239
5	49	-0.0810523
3	16	-0.0812445
9	62	-0.0814123
2	60	-0.0814682
50	58	-0.0814691
15	48	-0.0814757
48	57	-0.081484
17	21	-0.0816375
3	25	-0.0819075
3	22	-0.0820929
15	37	-0.0825356
20	25	-0.0825363
28	57	-0.0825831
23	58	-0.0825897
53	62	-0.0826101
15	49	-0.0826583
15	23	-0.0826737
10	60	-0.0827272
20	38	-0.0827556
15	19	-0.0828251
1	7	-0.082932
54	58	-0.0830949
3	32	-0.0831369
17	46	-0.0831931
9	57	-0.0834502
1	54	-0.0834635
26	58	-0.0834913
29	47	-0.0835439
50	60	-0.0835937
11	47	-0.0835943
33	52	-0.0836971
3	18	-0.0837742
41	58	-0.0838231
16	17	-0.0838249
17	29	-0.0839711
28	58	-0.0840082
3	38	-0.0840221
9	33	-0.0840398
5	45	-0.0841151
18	60	-0.0841384
5	56	-0.0841784
47	48	-0.0841801
20	27	-0.0841842
28	30	-0.0842364
14	20	-0.0842809
12	58	-0.0842838
33	56	-0.0843095
5	14	-0.0843489
36	44	-0.0843648
6	58	-0.0843884
56	59	-0.0843994
49	58	-0.084458
5	23	-0.0845326
17	37	-0.0845376
5	41	-0.0845494
55	62	-0.0845716
5	7	-0.0846185
4	11	-0.0847164
32	60	-0.084834
14	58	-0.0848707
52	57	-0.0849334
22	47	-0.0849442
20	61	-0.0851953
27	33	-0.0852877
33	54	-0.0854661
3	31	-0.0854738
15	28	-0.0859865
21	57	-0.0859923
15	24	-0.0860249
26	33	-0.0861384
35	59	-0.0863308
33	46	-0.0863705
43	60	-0.0864771
5	22	-0.0865256
18	33	-0.0865955
30	46	-0.0867202
10	15	-0.0867524
37	60	-0.0868234
29	57	-0.0868573
22	36	-0.0870435
17	45	-0.0872202
24	62	-0.0872333
29	58	-0.0872426
5	46	-0.0872534
19	49	-0.0872654
25	57	-0.0873147
46	58	-0.0873282
16	60	-0.087366
19	37	-0.087398
46	47	-0.0876415
30	48	-0.0876829
33	55	-0.0877998
1	51	-0.0878764
34	60	-0.0879528
19	62	-0.0880474
42	60	-0.0880986
15	25	-0.088209
13	15	-0.0884132
25	60	-0.0885327
21	47	-0.0886357
6	57	-0.0888677
13	20	-0.0889017
5	25	-0.0889463
38	57	-0.0889505
13	59	-0.0889704
24	60	-0.089003
19	25	-0.0892997
46	57	-0.0893765
55	58	-0.0894061
19	43	-0.0894201
53	60	-0.0894283
5	35	-0.0894351
36	53	-0.0895259
12	33	-0.0898027
19	44	-0.089956
9	47	-0.0900183
39	58	-0.0901171
15	29	-0.0903786
5	28	-0.0905363
10	58	-0.090597
42	57	-0.0908295
55	60	-0.0908726
7	58	-0.0909611
31	49	-0.0912154
15	35	-0.0914592
36	49	-0.0918527
17	28	-0.0919289
37	58	-0.0919774
19	48	-0.0922049
19	32	-0.0925886
19	24	-0.0926076
5	8	-0.0927079
16	36	-0.0930241
11	19	-0.0934442
36	38	-0.0936574
50	57	-0.0938094
31	51	-0.0944384
8	57	-0.0945919
27	36	-0.0946039
19	23	-0.0946233
16	31	-0.0946711
1	19	-0.094766
18	57	-0.0948784
14	19	-0.0950636
10	36	-0.0950858
15	22	-0.0951013
23	31	-0.0951194
10	47	-0.0952161
6	19	-0.0952272
19	38	-0.0954983
19	42	-0.0956029
26	31	-0.0959705
40	60	-0.0960399
19	26	-0.0961841
20	36	-0.0964871
31	43	-0.0965594
29	33	-0.0966151
31	34	-0.0968569
7	40	-0.096878
15	44	-0.0976775
2	36	-0.0977483
4	44	-0.0978166
24	31	-0.0979287
32	36	-0.0979728
36	52	-0.0980547
14	36	-0.0981009
29	31	-0.0981179
12	31	-0.0981706
9	19	-0.0983934
5	29	-0.0985019
19	28	-0.0986197
57	61	-0.0987739
4	31	-0.0988146
19	52	-0.0988177
31	39	-0.0989598
31	61	-0.0990026
13	19	-0.0995267
36	37	-0.099643
19	34	-0.0997075
26	36	-0.0998299
18	19	-0.0998401
31	32	-0.0999663
16	19	-0.10012
33	41	-0.100127
27	31	-0.100353
19	50	-0.100504
12	19	-0.100552
36	56	-0.100597
36	42	-0.100613
22	31	-0.100913
32	40	-0.100943
8	47	-0.100991
19	51	-0.101064
31	42	-0.101262
24	36	-0.101677
6	36	-0.10198
28	31	-0.10203
10	31	-0.102089
14	31	-0.102109
34	36	-0.102185
19	29	-0.102323
40	42	-0.102349
31	37	-0.102646
19	22	-0.102705
25	36	-0.102971
1	40	-0.102982
33	45	-0.103128
9	36	-0.103195
9	31	-0.103344
35	36	-0.103361
18	36	-0.103514
31	52	-0.103668
36	55	-0.103691
19	61	-0.103709
31	35	-0.103875
36	50	-0.103953
31	44	-0.104123
21	31	-0.104327
7	31	-0.104348
31	53	-0.104369
19	21	-0.104556
21	36	-0.104713
18	31	-0.104744
31	54	-0.10505
19	27	-0.105116
36	48	-0.105154
7	36	-0.105219
30	34	-0.105346
31	50	-0.105409
31	38	-0.105978
40	51	-0.106047
8	58	-0.106409
36	43	-0.106414
31	55	-0.106513
4	40	-0.106561
11	31	-0.106834
11	40	-0.107099
41	47	-0.107241
9	40	-0.108023
19	56	-0.108291
36	51	-0.108393
6	31	-0.108404
34	40	-0.108415
27	40	-0.108841
31	48	-0.109045
19	39	-0.109103
31	46	-0.109198
16	40	-0.109288
19	54	-0.109434
2	40	-0.109534
38	40	-0.109567
31	56	-0.109697
2	31	-0.109808
19	46	-0.109957
19	53	-0.109987
25	31	-0.110105
39	40	-0.110183
24	40	-0.110327
7	19	-0.111073
10	19	-0.111114
3	19	-0.11123
40	54	-0.111605
13	31	-0.11203
40	50	-0.112328
2	19	-0.112484
36	61	-0.112931
40	44	-0.11294
13	40	-0.113094
21	40	-0.113672
28	36	-0.11405
19	55	-0.114315
36	39	-0.114506
12	36	-0.115588
40	56	-0.117687
40	52	-0.118033
6	40	-0.118347
35	40	-0.118942
40	43	-0.12004
29	36	-0.120059
23	40	-0.120173
22	40	-0.120259
15	40	-0.120353
40	49	-0.121951
28	40	-0.122022
14	40	-0.122307
40	46	-0.122553
18	40	-0.122556
36	54	-0.12335
40	53	-0.123811
25	40	-0.123998
8	62	-0.124597
10	40	-0.125134
37	40	-0.125536
1	45	-0.126441
40	55	-0.127733
12	40	-0.128879
31	59	-0.130206
40	48	-0.130345
36	46	-0.132818
19	30	-0.1331
45	59	-0.133165
40	61	-0.133997
40	59	-0.134289
26	40	-0.135808
29	40	-0.135924
19	59	-0.137869
20	40	-0.143855
30	40	-0.144488
15	45	-0.144613
4	45	-0.145869
45	62	-0.150602
3	8	-0.154134
3	45	-0.155065
40	62	-0.156371
45	60	-0.157242
20	45	-0.157431
30	45	-0.157939
1	41	-0.163788
41	59	-0.166249
8	20	-0.169091
41	60	-0.1721
15	41	-0.173681
4	8	-0.175958
30	41	-0.180751
8	30	-0.182874
1	8	-0.183655
8	59	-0.184208
8	60	-0.191269
41	62	-0.196511
3	41	-0.201694
20	41	-0.211779
8	15	-0.220912
4	41	-0.22842