#==========================================================================
# The first and second rows contain site pairs (i, j) such that j > i
# The third row contains coevolutionary scores obtained 
# using Boltzmann learning algorithm.
# Note that in this data sites are counted/labelled starting from 1
#==========================================================================
9	16	1.93159
13	14	1.81431
8	17	1.78346
6	19	1.53744
7	18	1.4195
12	13	1.21973
11	15	1.17341
10	13	1.10942
3	5	1.03883
6	11	1.03386
11	19	0.975567
3	71	0.933368
11	13	0.922916
1	5	0.912521
4	5	0.894173
11	14	0.856509
12	14	0.821369
10	15	0.735887
1	12	0.724795
1	14	0.721135
13	15	0.667157
5	15	0.63766
2	9	0.624732
11	12	0.613634
2	16	0.612387
14	15	0.608942
13	71	0.590629
3	4	0.576453
5	13	0.576034
10	71	0.52927
5	10	0.522549
3	7	0.504435
14	71	0.503904
2	71	0.48538
15	17	0.483613
15	71	0.476147
2	14	0.475579
3	15	0.461479
3	18	0.459007
8	15	0.423713
2	6	0.420234
4	15	0.40281
9	10	0.397407
6	71	0.394187
10	16	0.373869
3	17	0.338093
3	8	0.335618
1	3	0.33528
1	11	0.332088
2	19	0.315436
1	19	0.314963
10	14	0.305971
5	19	0.297123
1	6	0.293253
8	14	0.272459
2	12	0.267332
10	11	0.262806
3	12	0.259982
4	8	0.256926
16	17	0.25671
3	14	0.25612
19	71	0.246536
3	10	0.246223
8	11	0.245653
3	11	0.243912
11	17	0.238663
9	17	0.233657
8	9	0.229903
8	16	0.227329
1	15	0.223218
10	18	0.215075
4	17	0.205408
3	13	0.201354
4	19	0.19992
11	71	0.19428
7	10	0.192042
1	7	0.187054
6	15	0.185481
2	17	0.178213
12	15	0.174174
4	10	0.168422
1	18	0.167739
1	13	0.163294
14	17	0.15973
17	18	0.155594
2	8	0.155446
5	8	0.152705
7	71	0.149518
15	19	0.149242
18	71	0.14707
5	6	0.145753
5	17	0.136767
1	71	0.135817
4	12	0.133779
10	12	0.133742
7	8	0.13183
8	18	0.130374
4	13	0.124142
1	17	0.123279
9	18	0.119972
7	17	0.119871
13	17	0.11394
16	18	0.112441
8	13	0.106218
7	16	0.103277
7	9	0.0991127
1	2	0.09734
9	14	0.0956701
21	24	0.0800341
1	8	0.0792643
56	68	0.0749799
6	13	0.0729254
2	13	0.0717144
39	61	0.0710817
21	45	0.0674984
2	11	0.0671469
35	57	0.0668014
25	34	0.0660563
48	65	0.0655671
39	53	0.0625935
27	46	0.0619223
41	52	0.0615893
25	27	0.0612298
49	53	0.0610564
20	48	0.0608244
20	58	0.06079
44	45	0.0601478
30	45	0.059746
28	52	0.0596058
47	66	0.0589833
24	68	0.0587934
35	58	0.0578078
21	27	0.0573056
65	70	0.0572088
51	55	0.0555727
28	36	0.0553177
38	50	0.0549923
46	57	0.0541933
43	58	0.054117
33	67	0.0536773
28	45	0.0535411
25	38	0.0530406
43	69	0.0527589
20	21	0.0519133
30	61	0.0518931
26	54	0.0518673
25	36	0.0516103
29	56	0.0514866
24	29	0.0514004
20	40	0.0512124
42	52	0.0509303
39	50	0.0503771
13	19	0.0499961
22	65	0.0498498
65	69	0.0494936
42	47	0.0493759
23	63	0.0493595
22	32	0.0491723
47	70	0.0488327
20	64	0.0488139
52	65	0.048591
35	44	0.0484835
45	62	0.0483606
40	61	0.0483294
54	62	0.0482083
43	67	0.0480983
55	57	0.0480778
49	50	0.0480485
56	60	0.0480471
39	44	0.0475415
24	60	0.0474349
50	51	0.0471781
63	70	0.0471604
29	48	0.0467834
46	58	0.046684
33	56	0.0464768
37	41	0.0464688
20	34	0.0462672
38	59	0.0460327
41	64	0.0459928
23	57	0.0456031
24	61	0.0455241
59	62	0.045319
48	69	0.0451558
24	58	0.0450813
42	46	0.0448513
23	59	0.0447199
30	66	0.0440926
34	36	0.0439844
21	38	0.0439774
22	59	0.0438933
26	39	0.0438509
30	69	0.0437777
30	58	0.0436779
35	65	0.0435631
29	45	0.0434268
37	66	0.0434138
36	63	0.0433969
23	53	0.043032
43	60	0.0430263
29	58	0.0428393
32	48	0.0428327
5	12	0.0426994
37	58	0.0425962
23	48	0.0425742
40	51	0.0424314
47	59	0.0422989
41	69	0.0418176
36	55	0.0416673
28	56	0.041588
28	59	0.0413783
23	32	0.0413464
44	58	0.0412782
42	50	0.0412638
28	46	0.0411693
30	31	0.0411689
22	49	0.0409901
47	56	0.0409367
31	43	0.0409122
50	54	0.0408908
28	51	0.0408205
24	67	0.0405185
31	63	0.0405017
27	62	0.0404672
37	55	0.0400087
12	16	0.0399585
33	59	0.0398869
41	45	0.03948
43	65	0.039334
38	62	0.0392491
30	60	0.039116
32	33	0.039111
27	47	0.039077
20	50	0.0388179
20	28	0.0387659
25	33	0.0387189
27	39	0.0385801
38	39	0.0384976
26	67	0.0384841
55	65	0.0384442
40	43	0.0383494
8	49	0.0382769
42	58	0.0382195
22	25	0.0381087
37	51	0.0380924
38	43	0.0379253
44	55	0.0378366
25	66	0.0377285
38	41	0.037645
32	46	0.0375424
29	32	0.0375236
62	70	0.037488
21	23	0.0371566
48	64	0.0371352
20	67	0.0370533
49	60	0.0370287
54	68	0.0369823
41	50	0.0368251
50	68	0.0367975
14	16	0.0367414
51	56	0.0367318
31	60	0.0366491
37	64	0.0366445
57	62	0.0363895
31	48	0.0362942
36	64	0.0362788
35	62	0.0362142
27	43	0.0361839
31	35	0.0361704
23	35	0.0359137
25	60	0.0359094
45	64	0.0357518
23	47	0.035324
53	67	0.0351762
22	60	0.0351579
23	40	0.0350245
21	65	0.0348574
26	64	0.0348548
30	59	0.034645
32	45	0.0345787
22	51	0.0345046
47	62	0.03439
53	54	0.0342377
49	51	0.0341302
40	54	0.034116
20	62	0.033769
32	61	0.0336647
43	51	0.033636
21	41	0.0336328
36	39	0.0336099
28	33	0.0334352
40	55	0.0333784
30	56	0.0333431
23	25	0.0331215
23	44	0.0331165
36	70	0.0330204
22	66	0.0330182
54	57	0.0329128
60	66	0.0328702
46	67	0.0328573
46	62	0.0328276
20	45	0.0327494
56	65	0.032733
30	40	0.032694
39	65	0.0325087
30	33	0.0324672
22	54	0.0324095
23	67	0.0323716
32	64	0.0323542
30	46	0.0323539
37	60	0.0321858
26	56	0.0321774
37	49	0.0321463
39	68	0.03214
25	62	0.0321132
47	63	0.0321013
37	53	0.032081
48	61	0.0318481
24	34	0.0318013
24	70	0.0315309
23	58	0.0314469
29	60	0.0314075
35	49	0.0313217
25	37	0.0312615
32	70	0.0312534
26	47	0.0311681
46	50	0.0310795
33	49	0.0310729
21	42	0.0310218
30	68	0.0309998
36	69	0.0308689
43	47	0.0308591
34	49	0.0307701
41	66	0.0305503
36	57	0.0304266
20	43	0.0304021
39	69	0.030346
44	66	0.0303099
61	63	0.0303048
48	58	0.0301189
27	57	0.0300916
33	54	0.0299342
21	66	0.0298529
60	70	0.0297903
39	62	0.0297364
46	61	0.0297242
25	26	0.0297235
30	43	0.0297097
41	57	0.0295961
29	36	0.0295434
27	58	0.0295132
27	33	0.0295122
28	70	0.0294957
63	68	0.0294888
47	48	0.0294528
46	59	0.0292117
36	37	0.0291286
45	61	0.0290676
51	61	0.0289548
32	37	0.0287911
26	68	0.028541
21	29	0.0285335
22	47	0.0285199
51	60	0.028513
31	38	0.0284315
28	42	0.028365
30	51	0.028293
42	61	0.0281853
35	56	0.0280134
27	48	0.0278603
20	32	0.0278359
25	63	0.0276123
35	59	0.0276115
24	65	0.0275833
27	40	0.0275814
22	67	0.0275685
59	65	0.0274559
23	66	0.0274092
26	53	0.0273808
67	70	0.0273367
30	54	0.027312
35	42	0.0272536
44	52	0.0271918
44	48	0.0271544
62	68	0.0269895
24	47	0.0269729
28	67	0.0269372
54	55	0.0268877
42	69	0.0268826
40	62	0.0268639
33	39	0.0268011
49	58	0.0267846
47	61	0.0267774
31	32	0.0267746
43	63	0.0267101
26	30	0.0266189
32	42	0.0265736
49	62	0.0263622
32	62	0.0263593
22	53	0.0262231
62	63	0.0261906
38	58	0.026076
18	53	0.0260071
30	57	0.0259228
37	62	0.0258556
35	40	0.0258203
41	63	0.0257798
57	60	0.0257054
36	42	0.0256113
38	64	0.0255941
31	45	0.0255383
23	51	0.0255143
40	60	0.0254002
20	36	0.0252802
47	60	0.0251735
22	56	0.0251632
43	44	0.0251248
24	57	0.0250425
56	66	0.0250358
27	56	0.025027
9	12	0.0250152
55	56	0.0248811
43	61	0.0248638
45	58	0.0247961
7	39	0.0247703
24	50	0.024737
25	31	0.0247264
22	37	0.0245971
9	35	0.0245175
37	70	0.02451
29	64	0.0244225
27	28	0.0243271
38	44	0.0242995
30	63	0.0242872
26	41	0.0241825
50	69	0.0241161
52	70	0.0239921
25	57	0.0239761
24	62	0.0239435
23	41	0.0239296
27	52	0.0239029
65	66	0.0238691
39	57	0.0238636
63	64	0.0238457
29	40	0.0237246
54	65	0.0236583
21	55	0.0236196
67	69	0.0234575
44	50	0.0234326
36	50	0.0233945
22	42	0.0233366
29	35	0.0233357
40	41	0.0233076
35	48	0.0233052
27	68	0.0232527
27	53	0.0232238
53	68	0.0231648
29	68	0.0231578
33	65	0.0230622
44	70	0.0230289
21	50	0.0230046
46	70	0.0229089
22	24	0.0228998
55	62	0.0228783
43	52	0.022778
31	56	0.0227013
39	42	0.0226185
41	59	0.0225962
26	43	0.0225913
59	66	0.0225845
31	53	0.0225643
49	57	0.0225423
36	44	0.0225334
57	70	0.0224154
38	40	0.0223956
39	40	0.0223718
45	49	0.0223463
12	49	0.0223348
25	28	0.0222054
29	33	0.0219626
46	52	0.021962
52	56	0.0219508
22	30	0.0219229
46	56	0.0218766
42	43	0.021798
35	38	0.0217033
35	43	0.0216612
35	41	0.0216457
47	57	0.0214745
25	67	0.0213734
47	50	0.0213717
26	40	0.0213362
26	59	0.021242
22	61	0.0211543
7	69	0.0211144
43	49	0.0210342
50	57	0.021034
37	67	0.0208202
26	36	0.0208009
39	66	0.0207662
54	70	0.0207174
48	67	0.0206716
21	63	0.020615
54	63	0.0206048
50	56	0.0205917
20	51	0.0205694
23	61	0.0205459
33	57	0.0205177
52	62	0.0203943
35	67	0.020352
29	53	0.0202894
24	32	0.020187
23	36	0.0201713
45	69	0.0201532
35	64	0.0201145
66	67	0.0201102
51	62	0.0200824
32	66	0.0200644
27	70	0.0200155
21	70	0.0199711
36	59	0.0199627
27	36	0.0199418
20	66	0.0198487
23	52	0.0198486
41	44	0.0198277
22	55	0.0198191
36	45	0.0198137
34	46	0.0197049
25	64	0.0197045
37	65	0.0196842
20	57	0.0196658
28	57	0.0196617
44	54	0.0196056
21	46	0.0196047
27	34	0.0196036
60	65	0.0196001
33	43	0.0195885
42	68	0.0192691
29	54	0.0192561
25	49	0.019122
20	38	0.0190196
58	61	0.0188741
29	59	0.0187552
33	41	0.0187545
39	46	0.0187537
28	66	0.0186753
30	35	0.0186211
42	60	0.0185194
46	53	0.0184421
22	38	0.0184005
44	59	0.0183842
64	65	0.0183509
25	68	0.0183167
24	44	0.0183072
36	68	0.0182892
64	68	0.0182851
24	26	0.0182848
24	25	0.0182687
24	28	0.0182053
31	36	0.0181956
21	33	0.0181311
44	56	0.01812
44	51	0.0181065
25	30	0.0178443
23	24	0.0178102
65	68	0.0177722
25	51	0.0177249
32	63	0.017698
34	44	0.0176943
21	68	0.0176663
22	46	0.0175705
58	62	0.0175345
36	62	0.0175261
35	53	0.017525
28	38	0.0175127
34	64	0.0174988
29	47	0.0173304
31	57	0.0172342
31	66	0.0172241
29	66	0.0171883
45	66	0.0171688
49	63	0.0171275
31	64	0.0170596
54	69	0.0170518
22	44	0.0169848
50	66	0.0169609
44	69	0.0168888
40	50	0.0168741
42	54	0.0168648
24	55	0.0167194
38	42	0.0166622
31	67	0.0166253
34	66	0.0165353
21	31	0.0165147
32	68	0.0159543
26	55	0.0158722
7	21	0.0158467
4	21	0.0157858
22	63	0.0156594
33	53	0.0155489
27	32	0.0155202
26	32	0.0154948
28	50	0.0154569
51	66	0.0153575
29	42	0.0153146
22	50	0.0153032
56	63	0.0152827
23	43	0.0152725
56	69	0.0151357
34	42	0.0151346
37	63	0.0150542
45	65	0.0150438
23	64	0.014891
20	55	0.0148547
35	68	0.0148379
28	58	0.0148224
39	55	0.014822
38	48	0.0147729
46	63	0.014751
38	68	0.0146555
35	61	0.0146311
43	64	0.0145822
22	69	0.0145651
33	34	0.0145613
16	63	0.0144693
27	29	0.0143739
26	38	0.014333
62	69	0.0143129
36	52	0.014286
34	69	0.0142469
48	63	0.0141893
15	16	0.0141271
22	34	0.0141252
45	60	0.0140849
25	47	0.0140066
61	70	0.0139875
52	55	0.0139866
57	64	0.0139697
33	55	0.0139499
21	25	0.0138972
33	58	0.0138175
63	66	0.0138061
39	64	0.0136461
45	67	0.0135598
21	26	0.0134725
20	42	0.0134247
26	31	0.0133756
41	55	0.0132714
34	61	0.0131157
23	70	0.0131071
23	68	0.0131042
63	67	0.0130481
32	52	0.0128677
36	61	0.0127786
22	40	0.0127132
40	52	0.012709
44	46	0.0126699
51	57	0.0126607
39	63	0.0126481
57	69	0.012618
59	63	0.0126165
48	62	0.0125882
28	29	0.0123476
21	57	0.012338
29	61	0.0123343
45	51	0.0123049
26	61	0.0122959
4	31	0.0122736
34	48	0.0122511
22	27	0.012249
28	53	0.0122008
62	64	0.0121762
48	60	0.0121699
27	49	0.012105
38	54	0.0120713
37	38	0.01199
33	35	0.0119778
53	62	0.0119079
52	61	0.0118295
51	58	0.0118207
40	58	0.0118198
29	37	0.0117718
31	54	0.0117247
52	54	0.0116703
38	70	0.0116252
24	30	0.0115939
42	67	0.0114934
34	65	0.0113925
55	59	0.0113678
47	55	0.0113651
48	59	0.0112871
30	41	0.0112554
36	47	0.0112235
40	63	0.0111669
49	61	0.0111257
50	65	0.0110415
42	48	0.010999
35	46	0.0109952
51	64	0.0109945
25	61	0.0109011
30	48	0.0108846
32	43	0.0108753
25	39	0.0108624
42	55	0.0108443
48	66	0.0108395
40	66	0.0108299
37	45	0.0107955
53	66	0.0107802
31	69	0.0107311
25	42	0.0107284
26	66	0.0107239
37	54	0.0106871
31	41	0.0106758
34	56	0.0106654
29	70	0.0105823
34	60	0.0105066
32	55	0.0104702
25	69	0.0104386
30	70	0.0104272
49	69	0.0103281
43	62	0.0103007
43	55	0.0102664
32	67	0.0102516
47	53	0.0102265
33	62	0.0102197
25	35	0.0101512
20	56	0.0101461
52	53	0.0101093
48	52	0.0100564
41	68	0.0100407
49	68	0.00997479
30	36	0.00996725
50	64	0.00996519
20	61	0.00976821
67	68	0.00975504
28	37	0.00971655
20	54	0.00968681
55	70	0.00963774
20	24	0.00962632
62	67	0.00961091
26	48	0.00960447
58	64	0.00959809
31	34	0.00955474
34	63	0.00951714
24	45	0.00945946
18	51	0.0094331
27	37	0.00940245
60	63	0.0093736
36	41	0.00937261
61	64	0.00935455
43	45	0.00923244
20	47	0.0092319
47	52	0.00918497
20	65	0.0091691
37	61	0.00907465
21	34	0.00904431
53	64	0.00903849
20	22	0.00894131
53	60	0.00889596
33	44	0.00884236
53	69	0.00880827
33	42	0.00878438
26	45	0.00875228
4	51	0.00874406
24	38	0.00868185
47	68	0.00867333
30	52	0.00863052
22	45	0.00859066
52	67	0.00851959
45	46	0.0085066
36	54	0.00845302
38	57	0.00842699
22	36	0.00835736
41	46	0.00824694
28	68	0.00821726
29	52	0.00819301
29	50	0.00812003
38	60	0.00808882
51	69	0.00806899
34	70	0.00806792
41	48	0.00803865
54	66	0.00802127
32	69	0.00801007
30	64	0.00799759
55	61	0.00797727
30	67	0.00793118
22	28	0.00782843
33	52	0.00765765
21	49	0.00763012
48	70	0.00762212
23	33	0.00759846
44	64	0.0075732
48	57	0.00745382
32	49	0.00744586
40	56	0.00742502
23	50	0.00739402
61	68	0.00739318
48	49	0.00738487
32	41	0.00738134
20	59	0.00737066
24	42	0.00734132
24	63	0.00728403
34	40	0.00714872
59	60	0.00708808
24	52	0.00706763
7	40	0.00706527
53	63	0.0070372
52	59	0.00702539
30	49	0.00701548
38	53	0.00701464
34	35	0.00693605
21	47	0.00687829
26	27	0.00675942
40	69	0.00674763
21	59	0.00670699
53	61	0.00669442
26	65	0.00667407
52	64	0.00665913
52	60	0.00665614
41	60	0.00662113
56	61	0.00661198
32	54	0.00653275
34	37	0.00645906
33	37	0.00644561
21	44	0.00640161
34	54	0.00635605
27	69	0.00616273
21	51	0.00611825
20	53	0.00605319
41	62	0.0060329
24	36	0.00598683
27	55	0.00593867
28	43	0.00587699
34	58	0.00581955
33	40	0.00579617
50	60	0.00566718
31	33	0.00564697
37	69	0.00564156
20	41	0.00562671
60	68	0.00558938
36	65	0.00555113
47	51	0.00547377
36	53	0.00546722
30	42	0.00545638
41	56	0.00543908
29	69	0.00535999
31	68	0.00535182
18	64	0.0053436
38	49	0.00527853
26	34	0.00526969
24	41	0.00526624
34	45	0.00521798
50	62	0.00518571
40	68	0.00516711
27	64	0.00503234
25	48	0.00498408
48	54	0.00497918
26	33	0.00492274
7	58	0.00490648
22	70	0.0048972
28	34	0.00482878
50	58	0.0047427
7	53	0.00473091
46	69	0.00472636
58	69	0.00470398
57	67	0.00469629
39	43	0.00459623
20	69	0.00455718
40	59	0.00452475
18	65	0.00448477
31	40	0.00440102
44	57	0.00433002
31	55	0.00421273
23	42	0.00419409
50	67	0.00418535
23	28	0.00415256
25	65	0.00407745
44	61	0.00403446
52	66	0.00394099
23	39	0.00393993
27	60	0.00393211
21	52	0.0038836
33	70	0.00383007
36	48	0.00376328
58	65	0.00370538
55	66	0.00368685
54	64	0.00367598
24	54	0.00366532
20	39	0.00364182
49	66	0.00360407
60	69	0.00353275
22	41	0.00348208
56	62	0.00343175
36	67	0.00337285
39	48	0.00333192
64	66	0.00310439
23	54	0.00308521
31	42	0.00304505
19	49	0.00292285
9	26	0.00281061
40	42	0.00278261
2	7	0.00274735
44	63	0.00271388
46	65	0.00262897
28	35	0.00262272
35	39	0.0026142
25	52	0.00257459
61	67	0.00252972
39	56	0.00249994
64	70	0.00248972
20	68	0.00248746
31	58	0.00238272
28	63	0.00238241
54	56	0.00237373
40	45	0.00235273
68	70	0.00233702
33	60	0.00227036
29	49	0.00226067
27	65	0.00224857
24	46	0.00219813
36	60	0.00214082
26	50	0.00209244
23	65	0.00206258
41	67	0.00205251
32	56	0.00205163
26	46	0.00196808
41	61	0.00194361
28	31	0.00189325
34	43	0.00187436
68	69	0.00186632
35	60	0.00185534
49	59	0.00185294
46	51	0.00181762
48	50	0.00179094
20	25	0.00176982
52	58	0.00176612
20	52	0.00173945
50	70	0.00171911
36	38	0.00162544
30	62	0.00156208
38	52	0.00150094
42	66	0.00149792
54	59	0.0013795
21	56	0.00136606
16	60	0.00131723
26	29	0.00119877
39	58	0.00113136
56	58	0.00112311
20	29	0.00107029
46	64	0.00103707
29	62	0.00102006
31	52	0.000993703
32	53	0.00096889
36	51	0.000945815
21	28	0.000900862
22	57	0.00087214
34	67	0.000775205
25	50	0.000729472
30	38	0.000670616
35	47	0.000632873
21	61	0.000610525
50	52	0.000580625
23	29	0.00046293
26	69	0.000401046
22	26	0.000374841
29	63	0.000340985
24	66	0.000298008
37	44	0.000242069
25	40	0.000221519
40	65	0.000175996
37	46	7.11235e-05
29	31	-1.07964e-05
41	51	-3.27649e-05
49	70	-0.000115389
21	37	-0.000181435
7	70	-0.000200338
60	62	-0.000271699
36	43	-0.000276622
25	54	-0.00031474
35	54	-0.0004061
40	57	-0.000417022
46	47	-0.000483672
39	51	-0.000508743
21	58	-0.000532982
40	46	-0.000543545
4	45	-0.000603826
65	67	-0.000649436
29	44	-0.000669683
25	44	-0.000679965
31	61	-0.000684997
50	59	-0.000753907
66	68	-0.000754985
21	35	-0.000773265
52	63	-0.000785442
56	67	-0.000905246
45	70	-0.00091307
22	31	-0.00108577
18	34	-0.00113897
49	67	-0.00124794
27	35	-0.00131256
33	66	-0.00136396
21	60	-0.00139913
59	70	-0.00148262
35	66	-0.00151467
40	44	-0.00155826
31	46	-0.00156058
46	60	-0.00156785
51	59	-0.00157536
55	63	-0.0015794
20	63	-0.00173273
31	49	-0.00173497
44	49	-0.00174394
34	55	-0.00174491
42	59	-0.00174624
32	51	-0.00199597
21	48	-0.00205122
38	51	-0.00207872
26	58	-0.00223987
34	38	-0.00236244
54	58	-0.00256365
49	56	-0.00260429
30	53	-0.00267766
28	32	-0.0027533
24	33	-0.00278007
18	27	-0.00278628
28	48	-0.00281256
32	60	-0.00285719
33	63	-0.00302567
54	61	-0.00306219
39	70	-0.00307741
43	66	-0.00308266
41	70	-0.0030924
4	46	-0.00320478
44	60	-0.00324817
53	70	-0.00329104
28	41	-0.00334425
31	47	-0.00343814
40	70	-0.0034747
16	35	-0.00349
25	45	-0.0035089
27	61	-0.00352139
53	65	-0.003556
57	66	-0.00358038
36	46	-0.00370783
23	46	-0.00373736
26	70	-0.00379566
32	50	-0.00379855
34	39	-0.00382134
54	67	-0.00388474
31	65	-0.0039417
36	58	-0.00400614
31	44	-0.0040147
36	49	-0.00416086
21	32	-0.00418108
60	64	-0.00419248
35	70	-0.00428884
26	49	-0.00434872
51	63	-0.00435673
4	39	-0.00443802
42	53	-0.00453307
58	70	-0.00455337
35	69	-0.00456832
18	41	-0.00460228
24	49	-0.00464877
19	54	-0.00469243
20	44	-0.00470402
53	71	-0.00473404
29	39	-0.00473842
7	56	-0.00478566
44	65	-0.00486732
27	66	-0.00488464
1	9	-0.00493568
34	51	-0.00499791
22	48	-0.00505235
4	62	-0.00507318
35	55	-0.00508575
9	63	-0.00511052
26	28	-0.00511422
27	44	-0.00516049
59	61	-0.0051966
38	55	-0.00522942
20	31	-0.00525683
40	53	-0.00526041
33	51	-0.00530319
34	62	-0.00530897
56	59	-0.00538644
31	51	-0.00554326
64	67	-0.00561832
26	60	-0.00568851
22	23	-0.00570662
41	43	-0.0057982
53	59	-0.00580881
29	43	-0.00585804
41	53	-0.00586324
30	44	-0.00591887
32	59	-0.00595782
29	55	-0.00599628
45	53	-0.00616644
18	57	-0.00623331
40	67	-0.00625884
21	43	-0.00626047
43	59	-0.00627338
28	54	-0.00632734
12	70	-0.00635358
38	56	-0.00644536
36	40	-0.00646669
20	33	-0.00646969
22	62	-0.00649681
7	55	-0.00650192
33	47	-0.00651877
44	62	-0.00659422
53	57	-0.00662999
34	53	-0.00670231
47	65	-0.00686777
4	26	-0.00689354
53	56	-0.00689872
29	46	-0.0070115
43	54	-0.00703179
21	22	-0.00706156
22	58	-0.00706667
34	52	-0.00711225
43	68	-0.00719898
47	64	-0.00722375
41	58	-0.00729898
26	52	-0.00731982
42	70	-0.00734302
63	69	-0.00749778
60	67	-0.00760436
7	48	-0.00764931
32	34	-0.00773159
44	68	-0.00775182
32	40	-0.00777695
34	68	-0.00790577
33	50	-0.00790714
51	65	-0.00796493
24	31	-0.00799574
61	69	-0.00801829
26	51	-0.00811509
7	47	-0.00816384
4	20	-0.00816937
20	70	-0.00822276
24	64	-0.0082967
62	65	-0.00834589
38	66	-0.00838714
43	56	-0.00839616
32	57	-0.00840965
8	55	-0.00841531
40	49	-0.00856995
32	58	-0.00859893
22	29	-0.00862977
30	32	-0.00863829
7	28	-0.00870256
37	47	-0.00876062
30	55	-0.00878118
51	70	-0.00892817
26	42	-0.00896863
18	62	-0.00901254
27	54	-0.00906501
43	57	-0.00910161
5	14	-0.00911704
55	58	-0.00911729
18	54	-0.00915347
49	55	-0.00921063
23	55	-0.00921496
31	62	-0.00930923
7	57	-0.00933794
28	64	-0.00934118
42	63	-0.00935528
25	32	-0.0093568
18	67	-0.00944027
57	59	-0.00946321
52	69	-0.00949376
42	56	-0.00949684
57	61	-0.00950166
14	19	-0.00956554
55	68	-0.00969534
4	30	-0.00972614
21	69	-0.00973571
23	49	-0.00979367
37	52	-0.00987004
34	59	-0.00990126
27	63	-0.00990354
25	46	-0.0100059
51	67	-0.0100165
38	47	-0.0100782
35	52	-0.0101453
28	62	-0.0101747
57	63	-0.0102056
18	43	-0.0102067
53	58	-0.0102534
33	68	-0.0102567
45	59	-0.0102899
19	64	-0.0103447
27	31	-0.0104014
22	52	-0.010468
57	68	-0.0104768
66	70	-0.0105913
18	42	-0.0106547
6	51	-0.0107515
33	64	-0.010911
45	48	-0.0109257
52	57	-0.0109408
29	65	-0.0109679
43	46	-0.0109694
35	36	-0.0110162
35	37	-0.0111628
45	54	-0.0112726
24	53	-0.0113589
48	53	-0.0115206
37	39	-0.0116073
66	69	-0.0117017
28	60	-0.0117279
23	69	-0.0117628
16	32	-0.0117736
63	65	-0.0117749
37	42	-0.0117802
24	43	-0.011928
28	40	-0.0119853
59	68	-0.0120225
51	52	-0.0120367
42	45	-0.0120643
36	56	-0.0121846
28	30	-0.0121978
53	55	-0.0122457
6	31	-0.0122972
24	39	-0.0123708
22	64	-0.0123879
44	53	-0.012756
26	37	-0.0127699
19	42	-0.0128734
33	61	-0.0129043
34	71	-0.0129591
50	55	-0.0129884
34	57	-0.0130632
59	64	-0.0130668
19	27	-0.0132006
29	38	-0.0132487
45	50	-0.0133264
26	35	-0.013359
45	47	-0.0133755
37	48	-0.0134543
40	47	-0.013465
18	24	-0.0135323
27	41	-0.0135762
32	36	-0.0136402
18	44	-0.013651
30	39	-0.0136848
57	65	-0.0137241
24	27	-0.0137565
12	20	-0.0138047
33	69	-0.0138568
27	51	-0.0138761
58	59	-0.0139065
43	70	-0.0139187
69	70	-0.0139885
37	57	-0.0140529
45	55	-0.014056
37	40	-0.0141127
7	25	-0.0141994
61	62	-0.0142405
41	47	-0.0142731
41	54	-0.0142927
9	69	-0.014351
4	58	-0.0143877
7	65	-0.014405
30	47	-0.0146376
57	58	-0.0146575
36	66	-0.0149398
4	48	-0.0150009
10	68	-0.0151391
31	70	-0.0151547
45	68	-0.0152787
5	58	-0.0153389
47	49	-0.0154363
58	68	-0.0154763
62	66	-0.0155231
26	62	-0.0155454
32	38	-0.0155942
49	52	-0.0157085
7	13	-0.0157095
42	44	-0.0157351
18	49	-0.0158342
28	61	-0.0158781
30	37	-0.0159096
39	41	-0.0159496
48	56	-0.0161051
13	18	-0.0161306
45	52	-0.0163027
7	32	-0.0163115
18	52	-0.0163626
23	37	-0.0164472
7	45	-0.0164792
23	45	-0.0165484
39	45	-0.0166985
35	50	-0.0168161
10	45	-0.0169485
37	68	-0.0169515
31	37	-0.0170288
18	55	-0.0170519
42	62	-0.0170988
7	54	-0.0171706
5	44	-0.0172138
28	55	-0.0172685
24	40	-0.0172824
2	68	-0.0173374
4	67	-0.0173776
58	63	-0.0174647
27	50	-0.0174795
39	67	-0.0175947
27	67	-0.0176367
18	25	-0.0176687
22	68	-0.0177042
50	61	-0.0177233
38	63	-0.0177287
46	55	-0.0178122
29	51	-0.0178686
28	39	-0.0179942
49	64	-0.0180449
5	38	-0.018079
24	69	-0.0181411
7	63	-0.0182059
20	26	-0.0182544
23	60	-0.0182609
32	65	-0.0184295
61	65	-0.0185771
27	59	-0.0186384
47	69	-0.0186928
22	39	-0.0187448
51	54	-0.0187531
7	59	-0.0187819
19	52	-0.018865
38	69	-0.018872
21	62	-0.0189038
52	68	-0.0189284
8	59	-0.0190306
49	54	-0.0190766
18	48	-0.0191139
30	50	-0.0191775
43	50	-0.0191847
12	19	-0.0192728
39	52	-0.0192903
34	47	-0.0193055
45	56	-0.019308
21	30	-0.0193251
18	38	-0.0193298
7	50	-0.0193751
56	57	-0.0193807
17	59	-0.0194384
34	41	-0.0194415
48	68	-0.0194516
42	49	-0.0194756
7	43	-0.0194837
46	66	-0.0194891
42	57	-0.019544
32	44	-0.0195671
27	45	-0.0195833
27	38	-0.0195887
19	59	-0.0198088
41	42	-0.0198859
30	65	-0.0199322
5	67	-0.0200942
50	53	-0.0201416
55	69	-0.0201653
21	36	-0.0201984
49	65	-0.0203618
26	57	-0.0204186
7	29	-0.0204199
18	23	-0.0204379
6	34	-0.0204991
54	60	-0.0205111
10	34	-0.020612
46	49	-0.0206134
39	59	-0.0206207
58	66	-0.0206322
4	33	-0.020709
24	56	-0.0207664
5	39	-0.0208408
16	20	-0.0209699
4	23	-0.0210973
25	29	-0.0210986
24	37	-0.0211029
32	47	-0.0211388
19	34	-0.0211732
25	56	-0.0212239
12	33	-0.0213422
22	33	-0.0214618
5	28	-0.0215492
41	65	-0.0215581
21	64	-0.0215851
3	47	-0.0216015
18	30	-0.0218968
26	44	-0.0219379
39	54	-0.0219772
59	69	-0.0220155
18	61	-0.0221617
7	38	-0.0222115
19	51	-0.0222281
46	48	-0.0224638
29	67	-0.022467
60	61	-0.0224809
55	67	-0.0224919
9	29	-0.0226493
35	63	-0.0226509
58	60	-0.0227447
28	69	-0.022764
47	58	-0.022894
31	39	-0.0229932
23	38	-0.023077
7	23	-0.023115
44	47	-0.0235632
9	52	-0.0237521
23	30	-0.0238025
9	53	-0.0238308
44	67	-0.0238981
21	67	-0.0239218
6	24	-0.0239796
29	34	-0.024021
38	67	-0.0240561
4	6	-0.0240934
18	31	-0.0241441
29	41	-0.0241611
4	71	-0.0242173
9	24	-0.024277
7	61	-0.0242825
10	35	-0.0244203
43	48	-0.0245638
5	60	-0.024751
19	20	-0.0247783
18	70	-0.0248431
23	27	-0.0248438
46	54	-0.0248559
6	38	-0.0248824
18	29	-0.025026
30	34	-0.0250352
39	60	-0.0250506
28	44	-0.0250696
32	35	-0.0251146
9	66	-0.0251303
25	41	-0.0251567
18	60	-0.0252382
24	35	-0.0252842
16	51	-0.0253662
27	30	-0.0255159
42	65	-0.0255808
25	58	-0.0257157
18	56	-0.0257306
20	30	-0.0257314
28	49	-0.025732
7	49	-0.0257545
6	36	-0.025779
24	48	-0.0258285
28	65	-0.0260324
29	57	-0.0261185
56	70	-0.0261516
6	14	-0.026215
21	39	-0.0262416
4	37	-0.0265155
16	56	-0.0265704
64	69	-0.026611
19	55	-0.0266602
23	56	-0.0266609
6	57	-0.0266776
2	18	-0.0266782
7	64	-0.0266828
7	52	-0.0267907
4	61	-0.0268986
16	23	-0.0269093
4	44	-0.0269171
20	49	-0.0270059
25	55	-0.0272335
40	48	-0.0273354
39	49	-0.0274247
33	38	-0.0274433
10	39	-0.0274511
9	38	-0.0274762
38	46	-0.0275999
25	53	-0.0276584
45	57	-0.0277262
61	66	-0.0279156
4	63	-0.0279193
16	61	-0.0280465
4	41	-0.0280471
55	60	-0.0282842
56	64	-0.0284405
16	50	-0.0284415
37	59	-0.028523
8	10	-0.0285698
27	42	-0.028968
2	58	-0.0290449
19	46	-0.0290526
40	64	-0.0292909
7	30	-0.0294061
7	37	-0.0294462
8	57	-0.0294786
47	54	-0.0296051
20	23	-0.0296759
39	47	-0.0296886
23	62	-0.0297238
50	71	-0.0298303
35	51	-0.0298774
5	71	-0.0299449
35	45	-0.0300116
50	63	-0.0300486
18	46	-0.0303999
6	52	-0.0304779
19	37	-0.0305529
42	51	-0.0307031
19	30	-0.0310361
16	40	-0.0312436
7	34	-0.0312471
4	57	-0.0312749
25	70	-0.0313641
9	68	-0.031379
7	42	-0.0315572
6	22	-0.0316028
12	37	-0.0316486
26	63	-0.031711
33	48	-0.031741
21	53	-0.0317664
18	26	-0.0319261
42	64	-0.0320567
29	30	-0.0322098
37	43	-0.0322143
7	41	-0.0322726
4	64	-0.0324152
55	64	-0.0326459
4	54	-0.0326617
33	36	-0.0326701
64	71	-0.032863
6	61	-0.0332575
38	61	-0.0332597
19	28	-0.0333911
4	60	-0.033406
9	15	-0.0334697
48	51	-0.033502
6	48	-0.0336012
6	33	-0.0336745
16	42	-0.0339098
15	47	-0.0339714
4	53	-0.0340803
6	21	-0.0341107
47	67	-0.0341115
20	37	-0.0341188
23	34	-0.0341276
7	67	-0.0342028
16	28	-0.0342456
4	38	-0.0343021
19	47	-0.0343484
4	36	-0.0344535
4	24	-0.0345673
67	71	-0.0346349
9	25	-0.0346624
43	53	-0.0348012
7	33	-0.0348158
18	39	-0.0348827
22	35	-0.0351086
7	46	-0.0354841
23	31	-0.0355778
16	30	-0.0356763
25	43	-0.0356865
3	23	-0.0357559
18	50	-0.0358593
6	12	-0.0359531
5	63	-0.0359796
2	22	-0.036015
31	59	-0.036146
12	61	-0.0361815
4	34	-0.0363839
58	67	-0.0364544
5	64	-0.0366118
7	35	-0.0366243
9	33	-0.03675
18	47	-0.0367707
9	22	-0.0368036
37	71	-0.036822
2	48	-0.0368326
7	26	-0.0368726
18	21	-0.0371227
18	59	-0.03721
12	32	-0.0372686
24	51	-0.0373882
7	24	-0.0374234
4	40	-0.0374641
20	35	-0.0375624
2	26	-0.0376378
51	53	-0.0377681
9	55	-0.0377892
5	55	-0.0380346
9	20	-0.0382095
22	43	-0.0384025
19	68	-0.038403
59	67	-0.0384226
9	28	-0.0385296
21	40	-0.0386259
6	63	-0.0387119
9	43	-0.0388183
31	50	-0.0388334
21	54	-0.0388896
51	68	-0.0390283
8	68	-0.0392744
16	41	-0.0393518
30	71	-0.0393938
2	59	-0.0395849
9	32	-0.039586
7	22	-0.0395982
6	28	-0.0396576
4	52	-0.0396689
17	39	-0.0397286
6	27	-0.0398246
6	65	-0.0398375
9	23	-0.0400609
12	43	-0.0400935
46	68	-0.0401383
16	45	-0.040189
20	27	-0.0402436
45	63	-0.0402459
4	29	-0.040255
9	51	-0.040282
31	71	-0.0403983
10	57	-0.0404622
18	40	-0.0404915
16	65	-0.04052
16	26	-0.0406317
33	71	-0.0407587
17	56	-0.04076
41	49	-0.0407687
19	35	-0.0408393
6	42	-0.0408441
18	33	-0.0408849
7	60	-0.0409882
19	69	-0.0411391
16	29	-0.0411729
9	30	-0.0411945
9	31	-0.0412209
2	60	-0.0413335
18	32	-0.0415715
4	32	-0.0417885
3	19	-0.04187
7	14	-0.0422346
16	33	-0.0422957
19	40	-0.0424191
33	46	-0.0430304
20	46	-0.0430541
18	22	-0.0431274
33	45	-0.0433799
9	46	-0.0434534
2	38	-0.043513
16	27	-0.043606
6	66	-0.0436243
17	26	-0.0436735
37	50	-0.0437512
2	67	-0.043862
17	31	-0.0439188
20	60	-0.0439994
4	59	-0.0440654
10	27	-0.044173
9	45	-0.0441911
5	42	-0.0442129
18	69	-0.0442182
9	47	-0.0442446
18	37	-0.0442528
17	64	-0.0443137
6	59	-0.0443223
9	70	-0.0446004
4	69	-0.0448168
12	26	-0.0448528
8	64	-0.045001
48	55	-0.0452776
10	42	-0.0453184
8	25	-0.0454033
2	28	-0.0454626
18	36	-0.0455868
10	59	-0.0456765
19	67	-0.0458914
21	71	-0.0459932
6	67	-0.0460445
17	46	-0.0460548
2	46	-0.0461629
10	41	-0.0462315
16	47	-0.0463331
4	70	-0.0463433
8	44	-0.0463938
16	54	-0.0464644
7	36	-0.0466106
5	23	-0.046626
37	56	-0.0467435
4	49	-0.0471138
10	47	-0.0472624
6	9	-0.0473558
2	65	-0.0476074
5	26	-0.0478069
10	21	-0.047995
16	37	-0.0480169
34	50	-0.0480374
19	38	-0.0481432
10	23	-0.0481747
19	23	-0.0482156
7	68	-0.0482394
16	67	-0.0483165
2	40	-0.0483621
2	51	-0.0484992
4	27	-0.0485302
19	65	-0.048539
16	69	-0.048571
16	68	-0.0486657
10	49	-0.0488406
10	69	-0.0488917
69	71	-0.0489384
17	55	-0.0490838
19	62	-0.0490909
16	24	-0.0491259
1	58	-0.0491269
32	39	-0.049139
6	32	-0.0491928
17	45	-0.0492287
25	71	-0.049255
19	60	-0.049335
5	52	-0.049458
12	45	-0.0494584
7	31	-0.0494896
3	66	-0.0495839
52	71	-0.0496581
4	55	-0.0496596
6	45	-0.0497035
20	71	-0.0497638
18	63	-0.049768
6	50	-0.0498124
4	65	-0.0499461
18	66	-0.0499495
4	43	-0.0502436
28	47	-0.0503449
16	66	-0.0505215
16	52	-0.0505274
9	67	-0.0505428
6	56	-0.0509466
1	10	-0.0509558
19	31	-0.0509912
2	61	-0.0510191
5	22	-0.0511435
6	60	-0.0513809
12	29	-0.0514374
12	42	-0.0515956
2	21	-0.05175
6	53	-0.0519505
7	62	-0.0520276
18	58	-0.0520816
4	66	-0.0521017
46	71	-0.0522481
6	46	-0.052286
14	25	-0.0523984
9	57	-0.0524852
17	65	-0.0524942
12	52	-0.0526218
19	29	-0.052644
8	26	-0.0526524
7	20	-0.0526808
8	66	-0.0528035
9	27	-0.0529083
38	65	-0.0530607
2	45	-0.0530969
16	31	-0.0531816
8	56	-0.0531998
16	49	-0.0533252
2	41	-0.053351
17	57	-0.0533599
4	25	-0.0538996
19	39	-0.0541393
9	50	-0.0541939
7	27	-0.0542191
12	67	-0.0542233
4	22	-0.0542671
17	67	-0.0542881
16	44	-0.0543341
12	66	-0.0544272
19	50	-0.0544495
6	37	-0.0545401
17	34	-0.0546835
5	46	-0.0547669
24	59	-0.0547675
10	53	-0.0547848
19	66	-0.0550877
2	39	-0.0554277
1	45	-0.0555145
3	37	-0.05555
9	34	-0.0555946
1	67	-0.0556551
2	35	-0.0557195
38	45	-0.0557857
4	56	-0.055832
10	30	-0.055838
26	71	-0.056008
12	68	-0.0561356
7	66	-0.0561869
15	52	-0.0562441
16	62	-0.0563368
11	51	-0.056549
12	34	-0.0568313
4	47	-0.0568728
43	71	-0.0570377
10	67	-0.0570494
12	39	-0.0570822
14	18	-0.0572231
23	26	-0.0572861
25	59	-0.0574263
16	64	-0.0575098
18	20	-0.0577092
10	37	-0.057842
7	44	-0.0578795
19	53	-0.0580063
2	69	-0.0581827
19	61	-0.0582331
9	41	-0.058328
12	47	-0.0587622
18	28	-0.0589604
8	31	-0.0590171
16	22	-0.0590475
54	71	-0.0590505
19	58	-0.059053
2	25	-0.0592001
9	61	-0.0592932
19	41	-0.0594426
15	37	-0.0594857
6	23	-0.0595586
10	56	-0.0596794
3	70	-0.0600589
2	44	-0.0601205
4	42	-0.0602967
19	24	-0.0604727
70	71	-0.0605212
17	33	-0.0607145
19	70	-0.0607883
1	54	-0.0607956
1	40	-0.0608133
16	58	-0.0615902
15	49	-0.0616773
4	68	-0.0617193
6	35	-0.0618286
16	53	-0.0618791
17	62	-0.0619913
65	71	-0.0620974
5	40	-0.0620987
17	21	-0.0620994
5	33	-0.0621698
3	55	-0.0623968
19	26	-0.062434
1	41	-0.0624643
16	48	-0.0626181
1	63	-0.0626396
6	20	-0.0627172
19	32	-0.0627902
9	59	-0.0629102
16	46	-0.0629265
12	38	-0.0629679
12	31	-0.0630005
11	32	-0.0630535
17	32	-0.0631329
8	47	-0.0631529
5	25	-0.0631677
2	43	-0.0631996
6	69	-0.0632372
48	71	-0.063264
12	25	-0.0632652
9	60	-0.0632948
8	28	-0.0634808
16	36	-0.0636583
9	39	-0.0636641
6	64	-0.0639418
17	58	-0.0640409
12	65	-0.0641325
10	61	-0.0641884
8	20	-0.0642147
12	54	-0.0642521
18	35	-0.0642634
2	49	-0.064419
19	56	-0.0644576
16	59	-0.0647137
5	53	-0.0648613
6	29	-0.0649427
1	44	-0.0649723
2	66	-0.0650619
6	39	-0.0653531
5	24	-0.0654074
19	25	-0.0655664
5	68	-0.0658303
11	55	-0.0659013
19	48	-0.0659799
9	54	-0.0660008
7	51	-0.0660773
16	57	-0.0660995
2	70	-0.0661634
29	71	-0.0665475
15	38	-0.0667524
18	45	-0.066785
12	69	-0.0668078
6	40	-0.0668119
2	50	-0.0668926
9	48	-0.0670479
2	31	-0.067066
3	27	-0.06709
8	22	-0.0671642
9	37	-0.067285
59	71	-0.0677531
12	23	-0.0678117
15	35	-0.0678148
12	59	-0.0678169
8	41	-0.0678323
38	71	-0.0678671
5	47	-0.067883
16	34	-0.0679689
55	71	-0.0682448
6	43	-0.0682788
3	58	-0.0684097
2	64	-0.0684231
15	56	-0.0684617
6	58	-0.0684694
8	33	-0.0686622
12	40	-0.0687222
2	23	-0.0687224
17	53	-0.0687653
8	24	-0.0690536
19	22	-0.0691043
17	63	-0.069314
8	70	-0.0695826
8	27	-0.0696185
2	27	-0.0698103
16	38	-0.0699136
5	69	-0.0701578
11	59	-0.0703321
2	54	-0.0703702
6	41	-0.0704272
14	29	-0.0705408
17	50	-0.0706375
1	39	-0.0707191
1	48	-0.0708086
1	43	-0.0708711
17	24	-0.0709314
1	16	-0.0710652
10	60	-0.0711108
5	31	-0.0711533
9	58	-0.0712634
11	43	-0.071276
15	46	-0.0713159
5	36	-0.0713915
16	21	-0.0716401
1	42	-0.0717006
12	24	-0.0717733
8	42	-0.0717776
2	57	-0.0717833
18	68	-0.071873
2	32	-0.0719683
5	29	-0.072089
12	53	-0.0722192
2	53	-0.0722811
6	55	-0.0723848
10	50	-0.0724301
2	33	-0.0725565
8	36	-0.0725762
1	37	-0.0727033
17	54	-0.0727511
12	21	-0.0728301
24	71	-0.0733861
2	56	-0.0733967
12	46	-0.0735439
8	43	-0.0735556
9	42	-0.0736283
10	17	-0.0736637
9	64	-0.0737798
17	41	-0.0737935
15	45	-0.0737983
12	51	-0.0738416
19	21	-0.0739709
17	51	-0.0741516
8	37	-0.0741994
36	71	-0.0746032
5	59	-0.074824
56	71	-0.0749715
17	28	-0.0750226
9	40	-0.0750502
19	63	-0.0751097
16	55	-0.0751197
6	47	-0.0752383
6	54	-0.0756478
3	56	-0.0756691
19	44	-0.0757069
17	29	-0.0760872
23	71	-0.076253
40	71	-0.076285
16	70	-0.0762974
10	40	-0.0763794
9	49	-0.0765157
8	67	-0.076744
4	50	-0.0768787
2	55	-0.0771122
19	45	-0.0771977
3	35	-0.0772145
12	44	-0.0773026
1	31	-0.0774369
11	50	-0.0774453
5	37	-0.0774466
10	63	-0.0776325
5	43	-0.0778735
10	64	-0.0779283
5	27	-0.078059
3	6	-0.0781219
9	44	-0.0783474
19	33	-0.0783476
1	38	-0.0785763
14	66	-0.0785778
1	46	-0.0788111
8	69	-0.0789027
16	39	-0.0789361
9	62	-0.0789514
14	40	-0.0793375
2	29	-0.0793536
5	51	-0.0794918
2	30	-0.0794927
5	41	-0.0796679
17	36	-0.0797215
19	43	-0.07981
17	48	-0.0798326
11	65	-0.0798494
3	33	-0.0799704
2	63	-0.0800224
9	36	-0.080031
5	54	-0.0800613
15	28	-0.0802226
3	41	-0.0803079
15	26	-0.0804794
12	57	-0.0804994
44	71	-0.0805172
27	71	-0.080574
17	68	-0.0806895
3	32	-0.080695
8	46	-0.0807046
2	37	-0.0811085
17	20	-0.0812012
2	36	-0.0812546
5	32	-0.0813271
51	71	-0.081386
14	21	-0.0814643
17	22	-0.0815237
2	47	-0.0818993
12	50	-0.0821114
17	66	-0.0822372
2	24	-0.0823158
2	42	-0.0823245
8	54	-0.0823257
1	57	-0.0825063
2	10	-0.0825197
2	15	-0.0828498
12	41	-0.0829765
1	33	-0.0832368
8	23	-0.0833475
2	34	-0.0834596
6	68	-0.0836236
35	71	-0.0836998
4	14	-0.0836999
1	60	-0.0837777
11	48	-0.0839202
15	50	-0.0840728
9	56	-0.0841258
1	22	-0.0842684
8	60	-0.0843475
15	29	-0.0843886
5	49	-0.0844685
1	25	-0.0847089
1	47	-0.0847349
19	57	-0.0851334
10	55	-0.0852148
17	42	-0.0853061
14	59	-0.0853495
8	30	-0.085416
8	39	-0.0854205
60	71	-0.085502
62	71	-0.0857296
8	35	-0.0859729
10	32	-0.0860131
17	30	-0.0860998
1	53	-0.0861652
10	24	-0.0861882
5	48	-0.0863401
8	12	-0.0863474
17	43	-0.0864997
6	30	-0.0865179
8	50	-0.0865666
3	34	-0.0866548
15	27	-0.0868552
17	27	-0.0869382
10	25	-0.0872072
1	56	-0.0872132
10	51	-0.0873364
5	45	-0.0873493
1	70	-0.0874746
3	30	-0.0875242
10	38	-0.0876117
5	65	-0.0876547
1	68	-0.087754
14	37	-0.0877867
3	45	-0.0879934
8	38	-0.0881347
3	31	-0.0881853
61	71	-0.0884809
11	29	-0.0887741
17	37	-0.0887902
8	48	-0.088817
13	16	-0.08909
10	26	-0.0893267
10	70	-0.0893466
5	30	-0.0896077
15	65	-0.0897518
4	28	-0.0899256
57	71	-0.0900017
17	44	-0.0900748
4	35	-0.0901496
12	28	-0.0901586
11	60	-0.0901925
6	25	-0.0902682
12	63	-0.0903369
17	47	-0.0903918
17	40	-0.090416
11	35	-0.0906714
4	18	-0.0908111
1	55	-0.0909838
17	23	-0.0910317
5	61	-0.0912362
14	62	-0.0917071
5	20	-0.0917271
15	30	-0.0918514
3	49	-0.0918915
6	70	-0.0918929
8	34	-0.092
10	22	-0.0920401
10	44	-0.0920819
1	64	-0.0921051
1	52	-0.0922396
14	35	-0.0922822
2	20	-0.0927398
12	48	-0.0931015
6	49	-0.0935089
15	51	-0.0935968
11	46	-0.0937403
10	29	-0.0939975
6	16	-0.094551
1	28	-0.0945754
8	40	-0.0946064
3	28	-0.0947177
17	38	-0.0947791
1	4	-0.0949217
42	71	-0.0949379
17	60	-0.0950071
15	48	-0.095066
15	55	-0.0951693
39	71	-0.0952659
15	57	-0.0952664
15	64	-0.0953518
11	41	-0.095569
10	20	-0.0963452
2	62	-0.0965933
15	53	-0.096604
12	22	-0.0966109
12	56	-0.096619
17	69	-0.09671
19	36	-0.0968264
8	29	-0.0968982
3	26	-0.0969869
11	68	-0.0970613
6	44	-0.0971675
10	48	-0.0971712
5	66	-0.0972789
11	34	-0.0973042
10	65	-0.0973374
5	34	-0.0975022
13	44	-0.0975539
14	45	-0.0975993
1	32	-0.0977761
17	35	-0.0978039
8	58	-0.0978519
10	62	-0.0978773
12	64	-0.098536
11	27	-0.0985528
11	33	-0.0988389
11	38	-0.0989188
14	33	-0.0991688
1	27	-0.0995978
1	59	-0.0995983
11	61	-0.0996865
66	71	-0.100129
49	71	-0.10016
5	57	-0.100429
17	25	-0.100459
12	62	-0.100598
11	37	-0.100825
3	39	-0.10083
6	62	-0.101009
16	25	-0.101078
11	44	-0.101116
15	54	-0.101228
8	52	-0.10133
15	69	-0.101343
3	48	-0.10139
17	70	-0.101631
14	34	-0.101715
1	65	-0.101783
8	21	-0.101886
17	61	-0.101888
2	3	-0.102082
13	49	-0.102172
68	71	-0.102414
9	65	-0.102646
1	20	-0.102825
15	36	-0.102909
15	22	-0.103074
10	28	-0.103124
17	49	-0.103187
8	63	-0.103309
1	24	-0.10336
14	28	-0.10347
3	40	-0.103897
14	42	-0.104037
5	62	-0.104307
6	26	-0.104345
8	45	-0.104426
1	69	-0.104497
12	55	-0.104738
32	71	-0.104794
13	32	-0.104812
13	21	-0.104944
11	69	-0.105011
1	50	-0.105104
11	39	-0.105108
8	53	-0.105277
15	31	-0.105376
15	34	-0.105411
5	35	-0.105734
3	52	-0.105735
13	69	-0.105781
3	43	-0.106307
15	20	-0.10648
1	66	-0.106949
11	70	-0.107139
3	61	-0.107267
3	50	-0.107275
11	24	-0.107317
63	71	-0.107385
3	59	-0.107489
12	58	-0.108107
13	53	-0.108169
15	39	-0.108388
11	31	-0.108392
3	44	-0.108626
10	54	-0.108997
2	52	-0.109134
11	36	-0.109266
4	11	-0.109363
8	62	-0.110158
8	65	-0.110436
14	20	-0.110439
1	21	-0.110536
47	71	-0.11054
15	66	-0.110701
3	29	-0.110912
10	43	-0.110919
5	21	-0.110994
5	56	-0.111103
8	51	-0.111367
3	54	-0.111628
3	68	-0.11183
3	46	-0.112119
1	51	-0.112176
3	42	-0.112509
15	43	-0.112545
1	36	-0.112774
11	42	-0.112795
14	51	-0.112812
13	54	-0.113014
16	43	-0.11339
10	36	-0.113419
11	62	-0.113646
13	50	-0.113714
1	26	-0.114079
28	71	-0.114095
9	21	-0.114153
15	68	-0.114242
14	58	-0.114335
14	68	-0.114414
15	62	-0.114463
13	70	-0.114502
45	71	-0.114542
6	18	-0.114561
14	64	-0.114571
11	23	-0.114658
14	69	-0.11489
3	51	-0.115195
13	58	-0.115233
11	47	-0.11532
15	21	-0.115578
3	65	-0.116014
12	36	-0.116029
11	22	-0.116032
13	59	-0.116255
41	71	-0.116684
12	17	-0.116712
11	49	-0.116868
12	35	-0.11698
3	60	-0.117075
15	63	-0.117122
3	69	-0.117158
15	23	-0.117305
14	24	-0.117817
14	22	-0.11793
10	52	-0.118198
12	30	-0.118447
3	24	-0.118503
3	38	-0.118747
13	24	-0.119192
17	52	-0.119993
10	58	-0.120212
15	42	-0.1206
8	61	-0.120754
1	30	-0.120806
5	50	-0.120918
8	32	-0.121069
58	71	-0.12163
13	51	-0.121838
14	52	-0.122037
1	61	-0.122458
14	54	-0.122885
1	34	-0.122891
14	70	-0.123024
15	60	-0.123192
1	23	-0.123284
13	34	-0.123491
13	28	-0.123876
11	20	-0.123885
11	66	-0.123961
1	62	-0.123977
10	31	-0.123982
4	7	-0.123998
1	35	-0.124246
15	44	-0.124366
3	63	-0.124608
3	36	-0.124665
14	27	-0.124952
14	36	-0.125284
14	60	-0.125409
11	52	-0.125991
1	29	-0.126464
3	67	-0.126599
13	41	-0.126713
11	28	-0.126955
13	67	-0.127573
11	63	-0.127787
3	53	-0.128062
3	64	-0.12818
9	13	-0.128195
5	70	-0.128487
13	33	-0.128573
22	71	-0.128576
11	45	-0.128612
13	36	-0.12981
14	56	-0.129976
3	62	-0.130781
15	25	-0.131193
11	53	-0.131194
11	57	-0.131739
14	30	-0.132485
11	58	-0.13283
1	49	-0.133363
14	50	-0.134039
11	40	-0.134365
15	59	-0.134408
11	54	-0.134417
13	55	-0.134426
13	52	-0.134458
13	20	-0.134473
2	4	-0.134497
14	65	-0.13465
14	63	-0.135042
13	38	-0.135259
13	61	-0.135474
10	46	-0.135668
16	19	-0.136315
14	55	-0.13674
14	26	-0.137326
13	25	-0.138137
14	38	-0.138338
15	61	-0.13858
13	26	-0.139018
15	32	-0.139508
14	44	-0.139858
13	60	-0.13988
4	16	-0.139955
11	16	-0.140299
3	21	-0.140502
13	46	-0.140712
13	27	-0.141087
10	33	-0.141195
14	61	-0.141404
15	40	-0.141644
15	67	-0.141757
14	53	-0.142452
3	57	-0.142822
14	47	-0.142972
14	49	-0.143099
15	41	-0.143632
11	21	-0.143802
14	39	-0.14382
13	63	-0.143864
13	43	-0.143922
14	67	-0.14439
13	40	-0.144398
12	60	-0.144558
14	31	-0.144675
6	17	-0.144872
11	56	-0.145426
10	66	-0.146238
13	68	-0.146555
11	25	-0.146927
3	22	-0.147535
13	23	-0.147563
9	19	-0.147922
13	45	-0.148614
15	70	-0.148961
13	31	-0.149167
4	9	-0.149301
13	56	-0.149832
15	33	-0.151118
13	22	-0.152745
13	64	-0.153039
13	48	-0.153411
14	41	-0.15506
14	57	-0.155686
14	32	-0.156594
14	23	-0.156885
12	71	-0.158301
11	67	-0.15851
13	35	-0.159266
13	47	-0.159699
14	43	-0.160017
3	25	-0.160238
13	62	-0.161096
3	20	-0.161285
9	71	-0.161886
6	7	-0.163085
13	57	-0.163151
13	30	-0.163518
13	42	-0.165042
13	37	-0.16549
15	24	-0.165908
14	48	-0.165938
12	27	-0.166129
11	64	-0.166908
11	30	-0.1677
5	11	-0.168113
8	71	-0.168217
16	71	-0.168327
11	26	-0.168869
9	11	-0.170916
13	39	-0.173412
15	58	-0.177002
12	18	-0.177948
13	29	-0.178016
13	65	-0.179814
7	12	-0.180336
13	66	-0.184472
14	46	-0.184706
6	8	-0.194445
17	71	-0.197005
5	9	-0.231651
18	19	-0.232129
3	16	-0.233999
10	19	-0.234071
2	5	-0.241926
5	16	-0.244479
7	19	-0.253639
17	19	-0.255734
3	9	-0.256319
8	19	-0.263575
11	18	-0.267469
5	7	-0.276492
5	18	-0.283016
6	10	-0.284746
7	11	-0.311415
7	15	-0.34898
15	18	-0.354606